84190,2007-02-20 00:00:14,121.607100,31.267300, 44, 67,0
84190,2007-02-20 00:00:31,121.608300,31.266800, 38, 22,0
84190,2007-02-20 00:00:46,121.609500,31.267800, 46, 22,0
84190,2007-02-20 00:01:18,121.610300,31.268600, 14,  0,0
84190,2007-02-20 00:01:34,121.609300,31.269500, 34,157,0
84190,2007-02-20 00:01:50,121.609000,31.270500, 40,  0,0
84190,2007-02-20 00:02:06,121.608000,31.271000, 52,135,0
84190,2007-02-20 00:02:22,121.605800,31.271000, 42,135,0
84190,2007-02-20 00:02:38,121.605500,31.272100, 52,  0,0
84190,2007-02-20 00:02:54,121.605500,31.274000, 52,  0,0
84190,2007-02-20 00:03:10,121.605600,31.275300,  6,  0,0
84190,2007-02-20 00:03:30,121.605600,31.276300, 46,  0,0
84190,2007-02-20 00:04:14,121.605600,31.279300, 38,  0,0
84190,2007-02-20 00:04:30,121.605600,31.281800, 64,  0,0
84190,2007-02-20 00:04:46,121.605800,31.283800, 42,  0,0
84190,2007-02-20 00:05:02,121.605800,31.285500, 54,  0,0
84190,2007-02-20 00:05:18,121.605600,31.287500, 48,  0,0
84190,2007-02-20 00:05:34,121.605800,31.289300, 50,  0,0
84190,2007-02-20 00:05:50,121.606300,31.291100, 48,  0,0
84190,2007-02-20 00:06:22,121.605500,31.294500, 32,157,0
84190,2007-02-20 00:06:54,121.608100,31.295600, 44,  0,0
84190,2007-02-20 00:07:10,121.608100,31.296800, 38,  0,0
84190,2007-02-20 00:07:26,121.608100,31.298000, 12,  0,0
84190,2007-02-20 00:08:19,121.607500,31.300800, 56,  0,0
84190,2007-02-20 00:08:35,121.607000,31.302300, 30,135,0
84190,2007-02-20 00:08:51,121.605100,31.301600, 50,112,0
84190,2007-02-20 00:09:07,121.603100,31.301000, 46,135,0
84190,2007-02-20 00:09:23,121.601000,31.301000, 34,135,0
84190,2007-02-20 00:09:48,121.600100,31.301300, 34,  0,0
84190,2007-02-20 00:10:20,121.600100,31.306100, 82,  0,0
84190,2007-02-20 00:10:36,121.600100,31.309100, 76,  0,0
84190,2007-02-20 00:10:52,121.600100,31.312000, 76,  0,0
84190,2007-02-20 00:11:08,121.600100,31.314800, 76,  0,0
84190,2007-02-20 00:11:24,121.600100,31.317300, 50,  0,0
84190,2007-02-20 00:11:41,121.600000,31.318300, 26,  0,0
84190,2007-02-20 00:11:57,121.599600,31.320000, 56,  0,0
84190,2007-02-20 00:12:13,121.598600,31.322100, 64,157,0
84190,2007-02-20 00:12:29,121.597500,31.324300, 66,157,0
84190,2007-02-20 00:12:45,121.596000,31.326800, 66,157,0
84190,2007-02-20 00:13:01,121.594600,31.329000, 72,157,0
84190,2007-02-20 00:13:17,121.593300,31.331500, 68,157,0
84190,2007-02-20 00:13:33,121.592100,31.333500, 56,157,0
84190,2007-02-20 00:13:49,121.590800,31.335600, 74,157,0
84190,2007-02-20 00:14:05,121.589500,31.338100, 64,157,0
84190,2007-02-20 00:14:21,121.588300,31.339300, 30,135,0
84190,2007-02-20 00:14:37,121.586800,31.338600, 48,112,0
84190,2007-02-20 00:15:11,121.584600,31.338800, 44,157,0
84190,2007-02-20 00:15:27,121.583600,31.340300, 36,157,0
84190,2007-02-20 00:15:43,121.582600,31.341600, 42,157,0
84190,2007-02-20 00:15:59,121.582000,31.342600,  8,157,0
84190,2007-02-20 00:16:16,121.581100,31.343300, 38,157,0
84190,2007-02-20 00:16:32,121.579800,31.344300, 44,157,0
84190,2007-02-20 00:16:48,121.578600,31.345300, 46,157,0
84190,2007-02-20 00:17:04,121.578000,31.347000, 42,  0,0
84190,2007-02-20 00:17:21,121.577300,31.347500, 28,112,0
84190,2007-02-20 00:17:37,121.576500,31.346800, 18,157,0
84190,2007-02-20 00:17:55,121.575600,31.347500, 24,157,0
84190,2007-02-20 00:18:33,121.574800,31.348300, 22,157,0
84190,2007-02-20 00:19:13,121.574600,31.348500, 10,157,1
84190,2007-02-20 00:20:13,121.572000,31.346300, 38,112,1
84190,2007-02-20 00:21:14,121.566000,31.342500, 50,112,1
84190,2007-02-20 00:22:15,121.563600,31.339600, 50, 67,1
84190,2007-02-20 00:23:16,121.563600,31.335000, 36,112,1
84190,2007-02-20 00:23:39,121.563500,31.335000,  0,112,0
84190,2007-02-20 00:24:17,121.564300,31.335300, 28, 22,0
84190,2007-02-20 00:24:33,121.565800,31.336000, 36, 22,0
84190,2007-02-20 00:24:59,121.566000,31.336800, 38,157,0
84190,2007-02-20 00:25:15,121.564500,31.338600, 74,157,0
84190,2007-02-20 00:25:31,121.563000,31.340600, 48,157,0
84190,2007-02-20 00:25:47,121.561600,31.342500, 62,157,0
84190,2007-02-20 00:26:03,121.560100,31.344300, 60,157,0
84190,2007-02-20 00:26:19,121.558800,31.346100, 42,157,0
84190,2007-02-20 00:26:35,121.559600,31.346600, 46, 45,0
84190,2007-02-20 00:26:51,121.561600,31.347100, 46, 45,0
84190,2007-02-20 00:27:07,121.563600,31.347800, 50, 45,0
84190,2007-02-20 00:27:23,121.565800,31.348300, 36, 45,0
84190,2007-02-20 00:27:39,121.567300,31.348600, 22, 45,0
84190,2007-02-20 00:27:55,121.568600,31.349000, 20, 45,0
84190,2007-02-20 00:28:23,121.569300,31.348500, 42, 90,0
84190,2007-02-20 00:28:55,121.570300,31.345100, 20, 90,0
84190,2007-02-20 00:29:15,121.570000,31.345000, 16,112,1
84190,2007-02-20 00:30:16,121.571100,31.340800, 26, 67,1
84190,2007-02-20 00:31:17,121.567000,31.335800, 18,112,1
84190,2007-02-20 00:32:18,121.570600,31.330500, 78, 67,1
84190,2007-02-20 00:34:20,121.573600,31.314500, 78, 90,1
84190,2007-02-20 00:35:21,121.573600,31.306500,  0, 90,1
84190,2007-02-20 00:36:04,121.573600,31.306500,  0, 90,0
84190,2007-02-20 00:36:43,121.573000,31.306100, 36,135,0
84190,2007-02-20 00:36:59,121.571000,31.306000, 48,135,0
84190,2007-02-20 00:37:15,121.568800,31.305600, 54,135,0
84190,2007-02-20 00:37:31,121.567000,31.305300,  4,135,0
84190,2007-02-20 00:37:50,121.565800,31.305100, 42,135,0
84190,2007-02-20 00:38:06,121.563800,31.304600, 46,135,0
84190,2007-02-20 00:38:22,121.562800,31.305100, 30,  0,0
84190,2007-02-20 00:38:38,121.562500,31.306500, 44,  0,0
84190,2007-02-20 00:38:54,121.562300,31.308300, 52,  0,0
84190,2007-02-20 00:39:26,121.562300,31.312600, 60,  0,0
84190,2007-02-20 00:39:42,121.561800,31.314800, 56,  0,0
84190,2007-02-20 00:39:58,121.562300,31.317000, 52,  0,0
84190,2007-02-20 00:40:14,121.562000,31.318800, 52,  0,0
84190,2007-02-20 00:40:30,121.562500,31.321000, 58,  0,0
84190,2007-02-20 00:40:46,121.563000,31.323000, 58,  0,0
84190,2007-02-20 00:41:02,121.563500,31.325300, 58,  0,0
84190,2007-02-20 00:41:18,121.564100,31.327300, 54, 22,0
84190,2007-02-20 00:41:34,121.564500,31.329100, 50,  0,0
84190,2007-02-20 00:41:50,121.564500,31.330800, 30,  0,0
84190,2007-02-20 00:42:06,121.564300,31.332100, 30,  0,0
84190,2007-02-20 00:42:22,121.565100,31.333000, 44, 22,0
84190,2007-02-20 00:42:38,121.566300,31.334500, 40, 22,0
84190,2007-02-20 00:43:24,121.567000,31.335300, 22, 22,0
84190,2007-02-20 00:43:40,121.567600,31.336500, 44, 22,0
84190,2007-02-20 00:43:56,121.568800,31.338000, 50, 22,0
84190,2007-02-20 00:44:12,121.570300,31.339000, 42, 22,0
84190,2007-02-20 00:44:44,121.570100,31.341500, 44,157,0
84190,2007-02-20 00:45:00,121.568800,31.342600, 44,157,0
84190,2007-02-20 00:45:32,121.567300,31.345000, 44,157,0
84190,2007-02-20 00:45:48,121.566600,31.346500, 50,157,0
84190,2007-02-20 00:46:04,121.566000,31.348000, 26,  0,0
84190,2007-02-20 00:46:20,121.567000,31.348500, 40, 45,0
84190,2007-02-20 00:46:36,121.568500,31.348800, 22, 45,0
84190,2007-02-20 00:47:07,121.569300,31.348500, 46, 90,0
84190,2007-02-20 00:47:23,121.570000,31.346300, 58, 90,0
84190,2007-02-20 00:47:39,121.570600,31.345300, 22, 45,0
84190,2007-02-20 00:47:58,121.571600,31.345800, 22, 22,0
84190,2007-02-20 00:48:14,121.572800,31.346800, 42, 22,0
84190,2007-02-20 00:48:30,121.573600,31.347100, 26, 67,0
84190,2007-02-20 00:48:46,121.574500,31.346000, 42, 67,0
84190,2007-02-20 00:49:02,121.575300,31.345100, 26, 22,0
84190,2007-02-20 00:49:18,121.576300,31.346300, 30, 22,0
84190,2007-02-20 00:49:38,121.576100,31.347100, 38,157,0
84190,2007-02-20 00:50:01,121.575300,31.347800, 10,157,0
84190,2007-02-20 00:52:30,121.575100,31.348000,  0, 67,0
84190,2007-02-20 00:54:32,121.575100,31.348000,  0, 67,0
84190,2007-02-20 00:55:33,121.575100,31.348000,  0, 67,0
84190,2007-02-20 00:56:34,121.575100,31.348000,  0, 67,0
84190,2007-02-20 00:57:35,121.575100,31.348000,  0, 67,0
84190,2007-02-20 00:58:36,121.575100,31.348000,  0, 67,0
84190,2007-02-20 00:59:37,121.575100,31.348000,  0, 67,0
84190,2007-02-20 01:00:38,121.575100,31.348000,  0, 67,0
84190,2007-02-20 01:01:39,121.575100,31.348000,  0, 67,0
84190,2007-02-20 01:02:40,121.575100,31.348000,  0, 67,0
84190,2007-02-20 01:03:41,121.575100,31.348000,  0, 67,0
84190,2007-02-20 01:04:42,121.575100,31.348000,  0, 67,0
84190,2007-02-20 01:05:43,121.575100,31.348000,  0, 67,0
84190,2007-02-20 01:06:44,121.575100,31.348000,  0, 67,0
84190,2007-02-20 01:07:45,121.575100,31.348000,  6, 67,0
84190,2007-02-20 01:08:16,121.576000,31.347100, 28, 67,0
84190,2007-02-20 01:08:33,121.576300,31.346300, 28,112,0
84190,2007-02-20 01:08:49,121.575300,31.345300, 22,112,0
84190,2007-02-20 01:09:08,121.574600,31.345800, 36,157,0
84190,2007-02-20 01:09:40,121.572500,31.346600, 44,112,0
84190,2007-02-20 01:09:56,121.571000,31.345600, 28,112,0
84190,2007-02-20 01:10:14,121.570100,31.345000, 38,112,0
84190,2007-02-20 01:10:30,121.568600,31.344000, 36,112,0
84190,2007-02-20 01:10:46,121.567300,31.343100, 40,112,0
84190,2007-02-20 01:11:02,121.566000,31.342300, 34,112,0
84190,2007-02-20 01:11:18,121.565000,31.341600, 18,112,0
84190,2007-02-20 01:12:19,121.564600,31.341800,  0,135,0
84190,2007-02-20 01:13:20,121.564600,31.341800,  0,135,0
84190,2007-02-20 01:14:21,121.564600,31.341800,  0,135,0
84190,2007-02-20 01:16:01,121.564600,31.341800,  0,135,0
84190,2007-02-20 01:17:02,121.564600,31.341800,  0,135,0
84190,2007-02-20 01:18:03,121.564600,31.341800,  0,135,0
84190,2007-02-20 01:19:04,121.564800,31.342000,  0, 45,0
84190,2007-02-20 01:20:05,121.564800,31.342000,  0, 45,0
84190,2007-02-20 01:21:06,121.564800,31.342000,  0, 45,0
84190,2007-02-20 01:22:07,121.564800,31.342000,  0, 45,0
84190,2007-02-20 01:23:08,121.564800,31.342000,  0, 45,0
84190,2007-02-20 01:24:09,121.564800,31.341600,  8, 90,0
84190,2007-02-20 01:24:34,121.565600,31.342100, 38, 22,0
84190,2007-02-20 01:24:50,121.567300,31.343000, 50, 22,0
84190,2007-02-20 01:25:06,121.567800,31.344100, 38,157,0
84190,2007-02-20 01:25:22,121.567000,31.345800, 54,  0,0
84190,2007-02-20 01:25:38,121.566100,31.347600, 50,  0,0
84190,2007-02-20 01:26:07,121.565500,31.348300, 26,135,0
84190,2007-02-20 01:26:23,121.563800,31.347800, 38,135,0
84190,2007-02-20 01:26:39,121.562000,31.347300, 50,135,0
84190,2007-02-20 01:26:55,121.559800,31.346800, 54,135,0
84190,2007-02-20 01:27:11,121.558300,31.346800, 28,157,0
84190,2007-02-20 01:27:59,121.555600,31.351800,  4,157,0
84190,2007-02-20 01:28:26,121.555100,31.352600, 46,157,0
84190,2007-02-20 01:28:42,121.554100,31.354100, 40,157,0
84190,2007-02-20 01:28:58,121.553100,31.355000, 44,157,0
84190,2007-02-20 01:29:46,121.550000,31.360600, 70,157,0
84190,2007-02-20 01:30:02,121.548300,31.363100, 66,157,0
84190,2007-02-20 01:30:18,121.547000,31.364600, 10,157,0
84190,2007-02-20 01:30:50,121.546000,31.365100, 44,157,0
84190,2007-02-20 01:31:06,121.543800,31.365800, 50,135,0
84190,2007-02-20 01:31:22,121.541800,31.366500, 30,135,0
84190,2007-02-20 01:32:23,121.541500,31.366600,  0,135,0
84190,2007-02-20 01:33:24,121.541500,31.366600,  0,135,0
84190,2007-02-20 01:34:41,121.539100,31.367300, 48,135,0
84190,2007-02-20 01:34:57,121.537000,31.367600, 48,135,0
84190,2007-02-20 01:35:13,121.534600,31.367600, 54,157,0
84190,2007-02-20 01:35:29,121.533000,31.369000, 60,157,0
84190,2007-02-20 01:35:45,121.531000,31.370600, 70,157,0
84190,2007-02-20 01:36:01,121.528500,31.372500, 78,157,0
84190,2007-02-20 01:36:17,121.525600,31.373800, 70,157,0
84190,2007-02-20 01:36:33,121.523600,31.375300, 54,157,0
84190,2007-02-20 01:36:49,121.522100,31.375000, 50,112,0
84190,2007-02-20 01:37:05,121.519800,31.374100, 60,112,0
84190,2007-02-20 01:37:21,121.517300,31.374100, 60,157,0
84190,2007-02-20 01:37:37,121.515000,31.375300, 68,157,0
84190,2007-02-20 01:37:53,121.512500,31.376500, 68,157,0
84190,2007-02-20 01:38:09,121.510000,31.377500, 64,135,0
84190,2007-02-20 01:38:25,121.507500,31.377000, 62,112,0
84190,2007-02-20 01:38:57,121.504300,31.373100, 58,112,0
84190,2007-02-20 01:39:13,121.504300,31.372100, 34, 90,0
84190,2007-02-20 01:39:29,121.503500,31.370600, 32, 90,0
84190,2007-02-20 01:39:45,121.503000,31.369300, 60, 90,0
84190,2007-02-20 01:40:01,121.503300,31.367100, 54, 90,0
84190,2007-02-20 01:40:17,121.503600,31.365800,  8, 67,0
84190,2007-02-20 01:40:40,121.504600,31.366300, 34, 45,0
84190,2007-02-20 01:41:41,121.505100,31.366100,  0,135,0
84190,2007-02-20 01:42:42,121.505100,31.366100,  0,135,0
84190,2007-02-20 01:43:43,121.505100,31.366100,  0,135,0
84190,2007-02-20 01:44:44,121.505100,31.366100,  0,135,0
84190,2007-02-20 01:45:45,121.505100,31.366100,  0,135,0
84190,2007-02-20 01:46:46,121.505100,31.366100,  0,135,0
84190,2007-02-20 01:47:47,121.505100,31.366100,  0,135,0
84190,2007-02-20 01:48:48,121.505100,31.366100,  0,135,0
84190,2007-02-20 01:49:49,121.505100,31.366100,  0,135,0
84190,2007-02-20 01:51:51,121.505100,31.366100,  0,135,0
84190,2007-02-20 01:53:53,121.505100,31.366100,  0,135,0
84190,2007-02-20 01:54:54,121.505100,31.366100,  0,135,0
84190,2007-02-20 01:55:55,121.505100,31.366100,  0,135,0
84190,2007-02-20 01:56:56,121.505100,31.366100,  0,135,0
84190,2007-02-20 01:57:57,121.505100,31.366100,  0,135,0
84190,2007-02-20 01:58:58,121.505100,31.366100,  0,135,0
84190,2007-02-20 01:59:59,121.505100,31.366100,  0,135,0
84190,2007-02-20 02:01:00,121.505100,31.366100,  0,135,0
84190,2007-02-20 02:02:01,121.505100,31.366100,  0,135,0
84190,2007-02-20 02:03:02,121.505100,31.366100,  0,135,0
84190,2007-02-20 02:04:03,121.505100,31.366100,  0,135,0
84190,2007-02-20 02:06:05,121.505100,31.366300,  0,135,0
84190,2007-02-20 02:07:06,121.505100,31.366300,  0,135,0
84190,2007-02-20 02:08:07,121.505100,31.366300,  0,135,0
84190,2007-02-20 02:09:08,121.505100,31.366300,  0,135,0
84190,2007-02-20 02:10:09,121.505100,31.366300,  0,135,0
84190,2007-02-20 02:11:10,121.505100,31.366300,  0,135,0
84190,2007-02-20 02:12:11,121.505100,31.366300,  0,135,0
84190,2007-02-20 02:13:12,121.505100,31.366300,  0,135,0
84190,2007-02-20 02:14:13,121.505100,31.366300,  0,135,0
84190,2007-02-20 02:15:14,121.505100,31.366300,  0,135,0
84190,2007-02-20 02:16:15,121.505100,31.366300,  0,135,0
84190,2007-02-20 02:17:16,121.505100,31.366300,  0,135,0
84190,2007-02-20 02:18:17,121.505100,31.366300,  0,135,0
84190,2007-02-20 02:20:19,121.505000,31.366300,  0,135,0
84190,2007-02-20 02:21:20,121.505000,31.366300,  0,135,0
84190,2007-02-20 02:22:21,121.505000,31.366300,  0,135,0
84190,2007-02-20 02:23:22,121.505000,31.366300,  0,135,0
84190,2007-02-20 02:24:23,121.505000,31.366300,  0,135,0
84190,2007-02-20 02:25:24,121.505000,31.366300,  0,135,0
84190,2007-02-20 02:26:25,121.505000,31.366300,  0,135,0
84190,2007-02-20 02:27:26,121.505000,31.366300,  0,135,0
84190,2007-02-20 02:28:27,121.505000,31.366300,  0,135,0
84190,2007-02-20 02:29:28,121.505000,31.366300,  0,135,0
84190,2007-02-20 02:30:29,121.505000,31.366300,  0,135,0
84190,2007-02-20 02:31:30,121.505000,31.366300,  0,135,0
84190,2007-02-20 02:32:31,121.505000,31.366300,  0,135,0
84190,2007-02-20 02:33:32,121.505000,31.366300,  0,135,0
84190,2007-02-20 02:34:33,121.505000,31.366300,  0,135,0
84190,2007-02-20 02:35:34,121.505000,31.366300,  0,135,0
84190,2007-02-20 02:36:35,121.505000,31.366300,  0,135,0
84190,2007-02-20 02:37:36,121.505000,31.366300,  0,135,0
84190,2007-02-20 02:38:36,121.505000,31.366300,  0,135,0
84190,2007-02-20 02:39:38,121.505000,31.366300,  0,135,0
84190,2007-02-20 02:40:39,121.505000,31.366300,  0,135,0
84190,2007-02-20 02:41:40,121.505000,31.366300,  0,135,0
84190,2007-02-20 02:42:41,121.505000,31.366300,  0,135,0
84190,2007-02-20 02:43:41,121.505000,31.366300,  0,135,0
84190,2007-02-20 02:44:43,121.505000,31.366300,  0,135,0
84190,2007-02-20 02:45:44,121.505000,31.366300,  0,135,0
84190,2007-02-20 02:47:46,121.505000,31.366300,  0,135,0
84190,2007-02-20 02:48:46,121.505000,31.366300,  0,135,0
84190,2007-02-20 02:49:48,121.505000,31.366300,  0,135,0
84190,2007-02-20 02:50:49,121.505000,31.366300,  0,135,0
84190,2007-02-20 02:51:50,121.505000,31.366300,  0,135,0
84190,2007-02-20 02:52:51,121.505000,31.366300,  0,135,0
84190,2007-02-20 02:53:51,121.505000,31.366300,  0,135,0
84190,2007-02-20 02:54:53,121.505000,31.366300,  0,135,0
84190,2007-02-20 02:55:54,121.505000,31.366300,  0,135,0
84190,2007-02-20 02:56:55,121.505000,31.366300,  0,135,0
84190,2007-02-20 02:57:56,121.505000,31.366300,  0,135,0
84190,2007-02-20 02:58:56,121.505000,31.366300,  0,135,0
84190,2007-02-20 02:59:58,121.505000,31.366300,  0,135,0
84190,2007-02-20 03:00:59,121.505000,31.366300,  0,135,0
84190,2007-02-20 03:02:00,121.505000,31.366300,  0,135,0
84190,2007-02-20 03:04:01,121.505000,31.366300,  0,135,0
84190,2007-02-20 03:05:03,121.505000,31.366300,  0,135,0
84190,2007-02-20 03:06:04,121.505000,31.366300,  0,135,0
84190,2007-02-20 03:07:05,121.505000,31.366300,  0,135,0
84190,2007-02-20 03:08:06,121.505000,31.366300,  0,135,0
84190,2007-02-20 03:09:06,121.505000,31.366300,  0,135,0
84190,2007-02-20 03:10:08,121.505000,31.366300,  0,135,0
84190,2007-02-20 03:11:09,121.505000,31.366300,  0,135,0
84190,2007-02-20 03:12:10,121.505000,31.366300,  0,135,0
84190,2007-02-20 03:13:10,121.505000,31.366300,  0,135,0
84190,2007-02-20 03:14:11,121.505000,31.366300,  0,135,0
84190,2007-02-20 03:15:12,121.505000,31.366300,  0,135,0
84190,2007-02-20 03:17:14,121.505000,31.366300,  0,135,0
84190,2007-02-20 03:18:15,121.505000,31.366300,  0,135,0
84190,2007-02-20 03:19:16,121.505000,31.366300,  0,135,0
84190,2007-02-20 03:20:17,121.505000,31.366300,  0,135,0
84190,2007-02-20 03:21:18,121.505000,31.366300,  0,135,0
84190,2007-02-20 03:22:19,121.505000,31.366300,  0,135,0
84190,2007-02-20 03:23:20,121.505000,31.366300,  0,135,0
84190,2007-02-20 03:24:21,121.505000,31.366300,  0,135,0
84190,2007-02-20 03:26:23,121.505000,31.366300,  0,135,0
84190,2007-02-20 03:27:24,121.505000,31.366300,  0,135,0
84190,2007-02-20 03:28:25,121.505000,31.366300,  0,135,0
84190,2007-02-20 03:29:26,121.505000,31.366300,  0,135,0
84190,2007-02-20 03:30:27,121.505000,31.366300,  0,135,0
84190,2007-02-20 03:31:28,121.505000,31.366300,  0,135,0
84190,2007-02-20 03:32:29,121.505000,31.366300,  0,135,0
84190,2007-02-20 03:33:30,121.505000,31.366300,  0,135,0
84190,2007-02-20 03:34:31,121.505000,31.366300,  0,135,0
84190,2007-02-20 03:36:33,121.505000,31.366300,  0,135,0
84190,2007-02-20 03:37:34,121.505000,31.366300,  0,135,0
84190,2007-02-20 03:38:35,121.505000,31.366300,  0,135,0
84190,2007-02-20 03:39:36,121.505000,31.366300,  0,135,0
84190,2007-02-20 03:40:37,121.505000,31.366300,  0,135,0
84190,2007-02-20 03:41:38,121.505000,31.366300,  0,135,0
84190,2007-02-20 03:42:39,121.505000,31.366300,  0,135,0
84190,2007-02-20 03:43:40,121.505000,31.366300,  0,135,0
84190,2007-02-20 03:44:41,121.505000,31.366300,  0,135,0
84190,2007-02-20 03:45:42,121.505000,31.366300,  0,135,0
84190,2007-02-20 03:46:43,121.505000,31.366300,  0,135,0
84190,2007-02-20 03:47:44,121.505000,31.366300,  0,135,0
84190,2007-02-20 03:48:45,121.505000,31.366300,  0,135,0
84190,2007-02-20 03:49:46,121.505000,31.366300,  0,135,0
84190,2007-02-20 03:50:47,121.505000,31.366300,  0,135,0
84190,2007-02-20 03:51:48,121.505000,31.366300,  0,135,0
84190,2007-02-20 03:52:49,121.505000,31.366300,  0,135,0
84190,2007-02-20 03:53:50,121.505000,31.366300,  0,135,0
84190,2007-02-20 03:54:51,121.505000,31.366300,  0,135,0
84190,2007-02-20 03:55:52,121.505000,31.366300,  0,135,0
84190,2007-02-20 03:56:53,121.505000,31.366300,  0,135,0
84190,2007-02-20 03:57:54,121.505000,31.366300,  0,135,0
84190,2007-02-20 03:59:56,121.505000,31.366300,  0,135,0
84190,2007-02-20 04:00:57,121.505000,31.366300,  0,135,0
84190,2007-02-20 04:01:58,121.505000,31.366300,  0,135,0
84190,2007-02-20 04:02:59,121.505000,31.366300,  0,135,0
84190,2007-02-20 04:04:00,121.505000,31.366300,  0,135,0
84190,2007-02-20 04:05:01,121.505000,31.366300,  0,135,0
84190,2007-02-20 04:06:02,121.505000,31.366300,  0,135,0
84190,2007-02-20 04:07:03,121.505000,31.366300,  0,135,0
84190,2007-02-20 04:08:04,121.505000,31.366300,  0,135,0
84190,2007-02-20 04:09:05,121.505000,31.366300,  0,135,0
84190,2007-02-20 04:10:06,121.505000,31.366300,  0,135,0
84190,2007-02-20 04:11:07,121.505000,31.366300,  0,135,0
84190,2007-02-20 04:12:08,121.505000,31.366300,  0,135,0
84190,2007-02-20 04:13:09,121.505000,31.366300,  0,135,0
84190,2007-02-20 04:14:10,121.505000,31.366300,  0,135,0
84190,2007-02-20 04:15:11,121.505000,31.366300,  0,135,0
84190,2007-02-20 04:16:12,121.505000,31.366300,  0,135,0
84190,2007-02-20 04:17:13,121.505000,31.366300,  0,135,0
84190,2007-02-20 04:19:15,121.505000,31.366300,  0,135,0
84190,2007-02-20 04:20:16,121.505000,31.366300,  0,135,0
84190,2007-02-20 04:21:17,121.505000,31.366300,  0,135,0
84190,2007-02-20 04:23:19,121.505000,31.366300,  0,135,0
84190,2007-02-20 04:24:21,121.505000,31.366300,  0,135,0
84190,2007-02-20 04:25:21,121.505000,31.366300,  0,135,0
84190,2007-02-20 04:26:23,121.505000,31.366300,  0,135,0
84190,2007-02-20 04:27:24,121.505000,31.366300,  0,135,0
84190,2007-02-20 04:28:25,121.505000,31.366300,  0,135,0
84190,2007-02-20 04:29:26,121.505000,31.366300,  0,135,0
84190,2007-02-20 04:30:26,121.505000,31.366300,  0,135,0
84190,2007-02-20 04:31:28,121.505000,31.366300,  0,135,0
84190,2007-02-20 04:32:29,121.505000,31.366300,  0,135,0
84190,2007-02-20 04:33:30,121.505000,31.366300,  0,135,0
84190,2007-02-20 04:34:31,121.505000,31.366300,  0,135,0
84190,2007-02-20 04:36:33,121.505000,31.366300,  0,135,0
84190,2007-02-20 04:38:35,121.505000,31.366300,  0,135,0
84190,2007-02-20 04:39:36,121.505000,31.366300,  0,135,0
84190,2007-02-20 04:40:36,121.505000,31.366300,  0,135,0
84190,2007-02-20 04:41:37,121.505000,31.366300,  0,135,0
84190,2007-02-20 04:42:39,121.505000,31.366300,  0,135,0
84190,2007-02-20 04:43:39,121.505000,31.366300,  0,135,0
84190,2007-02-20 04:44:41,121.505000,31.366300,  0,135,0
84190,2007-02-20 04:45:41,121.505000,31.366300,  0,135,0
84190,2007-02-20 04:46:42,121.505000,31.366300,  0,135,0
84190,2007-02-20 04:48:45,121.505000,31.366300,  0,135,0
84190,2007-02-20 04:49:45,121.505000,31.366300,  0,135,0
84190,2007-02-20 04:51:47,121.505000,31.366300,  0,135,0
84190,2007-02-20 04:52:48,121.505000,31.366300,  0,135,0
84190,2007-02-20 04:53:49,121.505000,31.366300,  0,135,0
84190,2007-02-20 04:54:50,121.505000,31.366300,  0,135,0
84190,2007-02-20 04:57:52,121.505000,31.366300,  0,135,0
84190,2007-02-20 04:58:53,121.505000,31.366300,  0,135,0
84190,2007-02-20 05:01:56,121.505000,31.366300,  0,135,0
84190,2007-02-20 05:02:43,121.505000,31.366300,  0,135,0
84190,2007-02-20 05:03:43,121.505000,31.366300,  0,135,0
84190,2007-02-20 05:04:44,121.505000,31.366300,  0,135,0
84190,2007-02-20 05:05:45,121.505000,31.366300,  0,135,0
84190,2007-02-20 05:06:46,121.505000,31.366300,  0,135,0
84190,2007-02-20 05:07:47,121.505000,31.366300,  0,135,0
84190,2007-02-20 05:08:48,121.505000,31.366300,  0,135,0
84190,2007-02-20 05:09:49,121.505000,31.366300,  0,135,0
84190,2007-02-20 05:10:50,121.505000,31.366300,  0,135,0
84190,2007-02-20 05:11:51,121.505000,31.366300,  0,135,0
84190,2007-02-20 05:13:53,121.505000,31.366300,  0,135,0
84190,2007-02-20 05:14:54,121.505000,31.366300,  0,135,0
84190,2007-02-20 05:15:55,121.505000,31.366300,  0,135,0
84190,2007-02-20 05:16:56,121.505000,31.366300,  0,135,0
84190,2007-02-20 05:17:57,121.505000,31.366300,  0,135,0
84190,2007-02-20 05:18:58,121.505000,31.366300,  0,135,0
84190,2007-02-20 05:19:59,121.505000,31.366300,  0,135,0
84190,2007-02-20 05:21:00,121.505000,31.366300,  0,135,0
84190,2007-02-20 05:22:01,121.505000,31.366300,  0,135,0
84190,2007-02-20 05:24:03,121.505000,31.366300,  0,135,0
84190,2007-02-20 05:25:04,121.505000,31.366300,  0,135,0
84190,2007-02-20 05:26:05,121.505000,31.366300,  0,135,0
84190,2007-02-20 05:27:06,121.505000,31.366300,  0,135,0
84190,2007-02-20 05:28:07,121.505000,31.366300,  0,135,0
84190,2007-02-20 05:29:08,121.505000,31.366300,  0,135,0
84190,2007-02-20 05:30:09,121.505000,31.366300,  0,135,0
84190,2007-02-20 05:31:10,121.505000,31.366300,  0,135,0
84190,2007-02-20 05:32:11,121.505000,31.366300,  0,135,0
84190,2007-02-20 05:33:12,121.505000,31.366300,  0,135,0
84190,2007-02-20 05:34:13,121.505000,31.366300,  0,135,0
84190,2007-02-20 05:35:14,121.505000,31.366300,  0,135,0
84190,2007-02-20 05:36:15,121.505000,31.366300,  0,135,0
84190,2007-02-20 05:37:16,121.505000,31.366300,  0,135,0
84190,2007-02-20 05:38:17,121.505000,31.366300,  0,135,0
84190,2007-02-20 05:39:18,121.505000,31.366300,  0,135,0
84190,2007-02-20 05:40:19,121.505000,31.366300,  0,135,0
84190,2007-02-20 05:41:20,121.505000,31.366300,  0,135,0
84190,2007-02-20 05:42:21,121.505000,31.366300,  0,135,0
84190,2007-02-20 05:43:22,121.505000,31.366300,  0,135,0
84190,2007-02-20 05:44:23,121.505000,31.366300,  0,135,0
84190,2007-02-20 05:46:25,121.505000,31.366300,  0,135,0
84190,2007-02-20 05:47:26,121.505000,31.366300,  0,135,0
84190,2007-02-20 05:48:27,121.505000,31.366300,  0,135,0
84190,2007-02-20 05:49:28,121.505000,31.366300,  0,135,0
84190,2007-02-20 05:50:29,121.505000,31.366300,  0,135,0
84190,2007-02-20 05:52:31,121.505000,31.366300,  0,135,0
84190,2007-02-20 05:53:32,121.505000,31.366300,  0,135,0
84190,2007-02-20 05:54:33,121.505000,31.366300,  0,135,0
84190,2007-02-20 05:55:34,121.505000,31.366300,  0,135,0
84190,2007-02-20 05:57:36,121.505000,31.366300,  0,135,0
84190,2007-02-20 05:58:37,121.505000,31.366300,  0,135,0
84190,2007-02-20 06:00:39,121.505000,31.366300,  0,135,0
84190,2007-02-20 06:01:40,121.505000,31.366300,  0,135,0
84190,2007-02-20 06:02:41,121.505000,31.366300,  0,135,0
84190,2007-02-20 06:03:42,121.505000,31.366300,  0,135,0
84190,2007-02-20 06:05:44,121.505000,31.366300,  0,135,0
84190,2007-02-20 06:06:45,121.505000,31.366300,  0,135,0
84190,2007-02-20 06:07:46,121.505000,31.366300,  0,135,0
84190,2007-02-20 06:08:47,121.505000,31.366300,  0,135,0
84190,2007-02-20 06:09:48,121.505000,31.366300,  0,135,0
84190,2007-02-20 06:10:49,121.505000,31.366300,  0,135,0
84190,2007-02-20 06:11:50,121.505000,31.366300,  0,135,0
84190,2007-02-20 06:13:52,121.505000,31.366300,  0,135,0
84190,2007-02-20 06:16:55,121.505000,31.366300,  0,135,0
84190,2007-02-20 06:17:56,121.505000,31.366300,  0,135,0
84190,2007-02-20 06:18:57,121.505000,31.366300,  0,135,0
84190,2007-02-20 06:19:58,121.505000,31.366300,  0,135,0
84190,2007-02-20 06:20:59,121.505000,31.366300,  0,135,0
84190,2007-02-20 06:23:01,121.505000,31.366300,  0,135,0
84190,2007-02-20 06:24:02,121.505000,31.366300,  0,135,0
84190,2007-02-20 06:25:03,121.505000,31.366300,  0,135,0
84190,2007-02-20 06:27:05,121.505000,31.366300,  0,135,0
84190,2007-02-20 06:28:06,121.505000,31.366300,  0,135,0
84190,2007-02-20 06:29:07,121.505000,31.366300,  0,135,0
84190,2007-02-20 06:31:09,121.505000,31.366300,  0,135,0
84190,2007-02-20 06:32:10,121.505000,31.366300,  0,135,0
84190,2007-02-20 06:33:11,121.505000,31.366300,  0,135,0
84190,2007-02-20 06:34:12,121.505000,31.366300,  0,135,0
84190,2007-02-20 06:35:13,121.505000,31.366300,  0,135,0
84190,2007-02-20 06:36:14,121.505000,31.366300,  0,135,0
84190,2007-02-20 06:37:15,121.505000,31.366300,  0,135,0
84190,2007-02-20 06:38:16,121.505000,31.366300,  0,135,0
84190,2007-02-20 06:39:17,121.505000,31.366300,  0,135,0
84190,2007-02-20 06:40:18,121.505000,31.366300,  0,135,0
84190,2007-02-20 06:41:19,121.505000,31.366300,  0,135,0
84190,2007-02-20 06:43:21,121.505000,31.366300,  0,135,0
84190,2007-02-20 06:45:23,121.505000,31.366300,  0,135,0
84190,2007-02-20 06:46:24,121.505000,31.366300,  0,135,0
84190,2007-02-20 06:47:25,121.505000,31.366300,  0,135,0
84190,2007-02-20 06:48:26,121.505000,31.366300,  0,135,0
84190,2007-02-20 06:49:27,121.505000,31.366300,  0,135,0
84190,2007-02-20 06:50:28,121.505000,31.366300,  0,135,0
84190,2007-02-20 06:52:30,121.505000,31.366300,  0,135,0
84190,2007-02-20 06:53:31,121.505000,31.366300,  0,135,0
84190,2007-02-20 06:54:32,121.505000,31.366300,  0,135,0
84190,2007-02-20 06:55:33,121.505000,31.366300,  0,135,0
84190,2007-02-20 06:56:34,121.505000,31.366300,  0,135,0
84190,2007-02-20 06:57:35,121.505000,31.366300,  0,135,0
84190,2007-02-20 06:58:36,121.505000,31.366300,  0,135,0
84190,2007-02-20 06:59:37,121.505500,31.366500,  0, 22,0
84190,2007-02-20 07:00:38,121.505300,31.366500,  0, 22,0
84190,2007-02-20 07:01:39,121.505300,31.366500,  0, 22,0
84190,2007-02-20 07:02:40,121.505300,31.366500,  0, 22,0
84190,2007-02-20 07:03:41,121.505300,31.366500,  0, 22,0
84190,2007-02-20 07:04:42,121.505300,31.366500,  0, 22,0
84190,2007-02-20 07:05:43,121.505300,31.366500,  0, 22,0
84190,2007-02-20 07:06:44,121.505300,31.366500,  0, 22,0
84190,2007-02-20 07:07:45,121.505300,31.366500,  0, 22,0
84190,2007-02-20 07:08:46,121.505300,31.366500,  0, 22,0
84190,2007-02-20 07:09:47,121.505300,31.366500,  0, 22,0
84190,2007-02-20 07:10:48,121.505300,31.366500,  0, 22,0
84190,2007-02-20 07:11:49,121.505300,31.366500,  0, 22,0
84190,2007-02-20 07:12:50,121.505300,31.366500,  0, 22,0
84190,2007-02-20 07:13:51,121.505300,31.366500,  0, 22,0
84190,2007-02-20 07:14:52,121.505300,31.366500,  0, 22,0
84190,2007-02-20 07:15:53,121.505300,31.366500,  0, 22,0
84190,2007-02-20 07:16:54,121.505300,31.366500,  0, 22,0
84190,2007-02-20 07:17:55,121.505300,31.366500,  0, 22,0
84190,2007-02-20 07:18:56,121.505300,31.366500,  0, 22,0
84190,2007-02-20 07:19:57,121.505300,31.366500,  0, 22,0
84190,2007-02-20 07:20:58,121.505300,31.366500,  0, 22,0
84190,2007-02-20 07:21:59,121.505300,31.366500,  0, 22,0
84190,2007-02-20 07:23:00,121.505300,31.366500,  0, 22,0
84190,2007-02-20 07:24:01,121.505300,31.366500,  0, 22,0
84190,2007-02-20 07:25:02,121.505300,31.366500,  0, 22,0
84190,2007-02-20 07:27:04,121.505300,31.366500,  0, 22,0
84190,2007-02-20 07:28:05,121.505300,31.366500,  0, 22,0
84190,2007-02-20 07:29:06,121.505300,31.366500,  0, 22,0
84190,2007-02-20 07:33:10,121.505100,31.366300,  0, 22,0
84190,2007-02-20 07:34:11,121.505100,31.366300,  0, 22,0
84190,2007-02-20 07:35:12,121.505100,31.366300,  0, 22,0
84190,2007-02-20 07:36:13,121.505100,31.366300,  0, 22,0
84190,2007-02-20 07:37:14,121.505100,31.366300,  0, 22,0
84190,2007-02-20 07:38:15,121.505100,31.366300,  0, 22,0
84190,2007-02-20 07:39:16,121.505100,31.366300,  0, 22,0
84190,2007-02-20 07:40:17,121.505100,31.366300,  0, 22,0
84190,2007-02-20 07:41:18,121.505100,31.366300,  0, 22,0
84190,2007-02-20 07:42:19,121.505100,31.366300,  0, 22,0
84190,2007-02-20 07:43:20,121.505100,31.366300,  0, 22,0
84190,2007-02-20 07:44:21,121.505100,31.366300,  0, 22,0
84190,2007-02-20 07:46:23,121.505100,31.366300,  0, 22,0
84190,2007-02-20 07:47:24,121.505100,31.366300,  0, 22,0
84190,2007-02-20 07:48:25,121.505100,31.366300,  0, 22,0
84190,2007-02-20 07:49:26,121.505100,31.366300,  0, 22,0
84190,2007-02-20 07:50:27,121.505100,31.366300,  0, 22,0
84190,2007-02-20 07:51:28,121.505100,31.366300,  0, 22,0
84190,2007-02-20 07:52:29,121.505100,31.366300,  0, 22,0
84190,2007-02-20 07:53:30,121.505100,31.366300,  0, 22,0
84190,2007-02-20 07:54:30,121.505000,31.366300, 20,135,0
84190,2007-02-20 07:55:32,121.505300,31.362600, 38, 67,0
84190,2007-02-20 07:56:33,121.506500,31.361000,  0, 67,0
84190,2007-02-20 07:57:34,121.506500,31.361000,  0, 67,0
84190,2007-02-20 07:58:35,121.509300,31.359600, 12, 90,0
84190,2007-02-20 07:59:35,121.515300,31.355300, 64, 67,0
84190,2007-02-20 08:00:37,121.524000,31.351500, 52, 67,0
84190,2007-02-20 08:01:38,121.532500,31.347500, 60, 45,0
84190,2007-02-20 08:04:40,121.551100,31.351800, 62, 45,0
84190,2007-02-20 08:05:42,121.555500,31.351600, 36, 67,0
84190,2007-02-20 08:06:43,121.561600,31.347100, 66, 45,0
84190,2007-02-20 08:07:44,121.569100,31.348500, 44, 90,0
84190,2007-02-20 08:10:47,121.574500,31.345300,  0,135,0
84190,2007-02-20 08:11:48,121.574800,31.345300, 12,  0,0
84190,2007-02-20 08:12:49,121.574300,31.348300,  0, 22,0
84190,2007-02-20 08:13:50,121.576300,31.351500, 36, 45,0
84190,2007-02-20 08:14:03,121.577600,31.351800, 38, 45,0
84190,2007-02-20 08:14:45,121.581300,31.351000, 42, 67,0
84190,2007-02-20 08:15:01,121.582100,31.349800, 26,112,0
84190,2007-02-20 08:15:17,121.580800,31.349500, 42,135,0
84190,2007-02-20 08:15:33,121.579100,31.349000, 32,135,0
84190,2007-02-20 08:15:49,121.578000,31.348600, 26,135,0
84190,2007-02-20 08:16:09,121.577600,31.348000, 32, 90,0
84190,2007-02-20 08:16:25,121.577000,31.347000, 36,112,0
84190,2007-02-20 08:16:41,121.576000,31.346000, 38,112,0
84190,2007-02-20 08:16:57,121.575300,31.345100,  0,112,0
84190,2007-02-20 08:17:38,121.575000,31.344100, 28,112,0
84190,2007-02-20 08:17:54,121.573500,31.343500, 42,112,0
84190,2007-02-20 08:18:18,121.572800,31.342600, 28,112,0
84190,2007-02-20 08:18:34,121.571300,31.341000, 58,112,0
84190,2007-02-20 08:18:50,121.570000,31.339000, 60,112,0
84190,2007-02-20 08:19:06,121.568100,31.337500, 52,112,0
84190,2007-02-20 08:19:22,121.567500,31.336100, 42,112,0
84190,2007-02-20 08:19:38,121.566600,31.335800, 38,157,0
84190,2007-02-20 08:19:54,121.565100,31.337800, 78,157,0
84190,2007-02-20 08:20:10,121.563300,31.340100, 66,157,0
84190,2007-02-20 08:20:26,121.562000,31.342000, 54,157,0
84190,2007-02-20 08:20:42,121.560300,31.344000, 70,157,0
84190,2007-02-20 08:20:58,121.558800,31.346000, 52,157,0
84190,2007-02-20 08:21:14,121.559800,31.346800, 54, 45,0
84190,2007-02-20 08:21:30,121.562300,31.347500, 58, 45,0
84190,2007-02-20 08:21:46,121.564600,31.348000, 52, 45,0
84190,2007-02-20 08:22:02,121.565800,31.348300, 14, 45,0
84190,2007-02-20 08:22:18,121.567300,31.348600, 44, 45,0
84190,2007-02-20 08:22:34,121.568600,31.349000, 20, 45,0
84190,2007-02-20 08:22:51,121.569300,31.348300, 38, 90,0
84190,2007-02-20 08:23:24,121.570100,31.345800, 28, 67,0
84190,2007-02-20 08:23:59,121.570800,31.345500, 16, 22,0
84190,2007-02-20 08:25:40,121.571600,31.346000, 16,112,1
84190,2007-02-20 08:26:41,121.567300,31.343300, 52,112,1
84190,2007-02-20 08:27:42,121.561100,31.343000, 74,157,1
84190,2007-02-20 08:28:43,121.556100,31.350800, 70,157,1
84190,2007-02-20 08:29:44,121.547800,31.351100, 54,135,1
84190,2007-02-20 08:30:55,121.545300,31.352300,  0,157,0
84190,2007-02-20 08:31:33,121.544600,31.352800, 18, 67,0
84190,2007-02-20 08:31:49,121.545800,31.351800, 42, 67,0
84190,2007-02-20 08:32:05,121.547600,31.351000, 50, 45,0
84190,2007-02-20 08:32:21,121.549600,31.351300, 40, 22,0
84190,2007-02-20 08:32:37,121.551600,31.351800, 50, 45,0
84190,2007-02-20 08:32:53,121.553800,31.352100, 46, 45,0
84190,2007-02-20 08:33:09,121.555100,31.352600, 38,  0,0
84190,2007-02-20 08:33:25,121.554000,31.354300, 50,157,0
84190,2007-02-20 08:33:41,121.552800,31.355300, 22,157,0
84190,2007-02-20 08:33:57,121.552000,31.356800, 56,  0,0
84190,2007-02-20 08:34:13,121.551500,31.357600, 20, 67,0
84190,2007-02-20 08:34:25,121.551500,31.357500, 18, 67,1
84190,2007-02-20 08:35:25,121.553300,31.352100, 60,135,1
84190,2007-02-20 08:36:26,121.544500,31.352800, 34,135,1
84190,2007-02-20 08:37:27,121.541000,31.346000, 54, 90,1
84190,2007-02-20 08:38:28,121.535000,31.346600, 34,157,1
84190,2007-02-20 08:38:49,121.534000,31.347000,  0,135,0
84190,2007-02-20 08:39:05,121.533500,31.347100, 30,135,0
84190,2007-02-20 08:39:36,121.533300,31.347100, 26, 45,0
84190,2007-02-20 08:39:52,121.534600,31.346600, 32, 45,0
84190,2007-02-20 08:40:08,121.536100,31.346000, 48, 45,0
84190,2007-02-20 08:40:24,121.538300,31.345300, 48, 45,0
84190,2007-02-20 08:40:40,121.540300,31.344800, 38, 45,0
84190,2007-02-20 08:41:12,121.541600,31.347300, 48,  0,0
84190,2007-02-20 08:41:28,121.542300,31.349000, 40,  0,0
84190,2007-02-20 08:41:44,121.542600,31.349800, 30,  0,0
84190,2007-02-20 08:42:00,121.543300,31.351100, 32,  0,0
84190,2007-02-20 08:42:16,121.543800,31.352300, 34, 22,0
84190,2007-02-20 08:42:32,121.544800,31.352600, 22, 67,0
84190,2007-02-20 08:42:48,121.546000,31.351800, 42, 67,0
84190,2007-02-20 08:43:04,121.547300,31.351000, 28, 45,0
84190,2007-02-20 08:43:20,121.548800,31.351100, 42, 45,0
84190,2007-02-20 08:43:52,121.552100,31.352000, 38, 45,0
84190,2007-02-20 08:44:08,121.554100,31.352100, 50, 45,0
84190,2007-02-20 08:45:09,121.555100,31.352500, 30,  0,0
84190,2007-02-20 08:45:25,121.554300,31.354100, 40,157,0
84190,2007-02-20 08:45:41,121.552800,31.355500, 58,157,0
84190,2007-02-20 08:45:57,121.551600,31.357500, 52,  0,0
84190,2007-02-20 08:46:13,121.550800,31.359500, 62,157,0
84190,2007-02-20 08:46:29,121.549500,31.361500, 64,157,0
84190,2007-02-20 08:46:45,121.548500,31.363000, 20,157,0
84190,2007-02-20 08:47:01,121.547500,31.364100, 46,157,0
84190,2007-02-20 08:47:17,121.546300,31.365000, 40,157,0
84190,2007-02-20 08:47:33,121.544300,31.365600, 52,135,0
84190,2007-02-20 08:47:49,121.542100,31.366300, 50,135,0
84190,2007-02-20 08:48:05,121.540100,31.367000, 44,135,0
84190,2007-02-20 08:48:37,121.536500,31.367600, 52,135,0
84190,2007-02-20 08:48:53,121.534500,31.367600, 44,157,0
84190,2007-02-20 08:49:09,121.533300,31.368800, 20,157,0
84190,2007-02-20 08:49:25,121.532300,31.369800, 36,157,0
84190,2007-02-20 08:49:44,121.532500,31.369300, 36, 67,0
84190,2007-02-20 08:50:00,121.533800,31.368100, 48, 67,0
84190,2007-02-20 08:50:16,121.535600,31.367500, 44, 45,0
84190,2007-02-20 08:50:32,121.537800,31.367500, 40, 45,0
84190,2007-02-20 08:51:33,121.538600,31.367300,  0, 67,0
84190,2007-02-20 08:52:34,121.539600,31.367100,  0,157,0
84190,2007-02-20 08:52:47,121.539500,31.367300, 18,135,1
84190,2007-02-20 08:55:19,121.522800,31.375300, 32,112,1
84190,2007-02-20 08:56:20,121.517500,31.374000, 10,157,1
84190,2007-02-20 08:57:21,121.517500,31.374000,  0,135,1
84190,2007-02-20 08:58:22,121.517500,31.374000,  0,135,1
84190,2007-02-20 08:59:23,121.517500,31.374000,  0,135,1
84190,2007-02-20 09:00:24,121.515500,31.375000, 60,157,1
84190,2007-02-20 09:01:24,121.506800,31.376500, 64,112,1
84190,2007-02-20 09:02:19,121.504000,31.372500,  0, 67,0
84190,2007-02-20 09:02:34,121.504000,31.372600,  0,  0,0
84190,2007-02-20 09:03:36,121.504000,31.372600,  0,  0,0
84190,2007-02-20 09:04:36,121.504000,31.372600,  0,  0,0
84190,2007-02-20 09:05:37,121.504000,31.372600,  0,  0,0
84190,2007-02-20 09:06:38,121.504000,31.372600,  0,  0,0
84190,2007-02-20 09:07:39,121.504000,31.372600,  0,  0,0
84190,2007-02-20 09:08:40,121.504000,31.372600,  0,  0,0
84190,2007-02-20 09:09:41,121.504000,31.372600,  0,  0,0
84190,2007-02-20 09:10:42,121.504000,31.372600,  0, 90,0
84190,2007-02-20 09:11:09,121.504600,31.373500, 16, 22,0
84190,2007-02-20 09:11:25,121.505300,31.374300, 42, 22,0
84190,2007-02-20 09:11:57,121.507800,31.377100, 42, 22,0
84190,2007-02-20 09:12:13,121.509600,31.377500, 44, 45,0
84190,2007-02-20 09:12:45,121.512500,31.376500, 38, 67,0
84190,2007-02-20 09:13:03,121.513300,31.376000, 34, 67,0
84190,2007-02-20 09:13:35,121.517000,31.374100, 54, 67,0
84190,2007-02-20 09:13:51,121.519300,31.373800, 50, 45,0
84190,2007-02-20 09:14:07,121.521600,31.374600, 58, 45,0
84190,2007-02-20 09:14:23,121.523000,31.375100,  0, 22,0
84190,2007-02-20 09:15:08,121.524000,31.374800, 38, 67,0
84190,2007-02-20 09:15:24,121.525500,31.373600, 58, 67,0
84190,2007-02-20 09:16:18,121.526600,31.373100, 24, 67,0
84190,2007-02-20 09:16:22,121.527000,31.373000, 38, 45,1
84190,2007-02-20 09:17:22,121.533100,31.368800, 44, 67,1
84190,2007-02-20 09:18:23,121.540600,31.366800, 54, 45,1
84190,2007-02-20 09:19:24,121.549000,31.362000, 72, 67,1
84190,2007-02-20 09:20:25,121.553500,31.354600, 24, 67,1
84190,2007-02-20 09:21:26,121.555000,31.352600,  4, 67,1
84190,2007-02-20 09:22:27,121.559000,31.346500, 40, 45,1
84190,2007-02-20 09:23:28,121.567600,31.348600, 50, 45,1
84190,2007-02-20 09:24:29,121.570000,31.346300,  0, 90,1
84190,2007-02-20 09:24:35,121.570000,31.346300,  0, 90,0
84190,2007-02-20 09:25:45,121.569600,31.344600, 28,112,0
84190,2007-02-20 09:26:01,121.568600,31.344000, 22,112,0
84190,2007-02-20 09:26:43,121.568000,31.343300, 26, 67,0
84190,2007-02-20 09:26:59,121.569500,31.342000, 54, 67,0
84190,2007-02-20 09:27:15,121.571000,31.340800, 26, 67,0
84190,2007-02-20 09:27:47,121.568600,31.338000, 62,112,0
84190,2007-02-20 09:28:03,121.568000,31.337000,  6,112,0
84190,2007-02-20 09:29:04,121.568000,31.337000,  0,112,0
84190,2007-02-20 09:30:05,121.568000,31.337000,  0,112,0
84190,2007-02-20 09:30:21,121.567300,31.336000, 42,112,0
84190,2007-02-20 09:30:37,121.566300,31.336300, 58,157,0
84190,2007-02-20 09:30:53,121.564600,31.338600, 72,157,0
84190,2007-02-20 09:31:09,121.563300,31.340600, 32, 22,0
84190,2007-02-20 09:31:25,121.565000,31.341600, 54, 22,0
84190,2007-02-20 09:32:12,121.566000,31.342300, 20,112,1
84190,2007-02-20 09:33:13,121.563300,31.340500,  0, 22,1
84190,2007-02-20 09:34:14,121.564500,31.338500, 72, 67,1
84190,2007-02-20 09:35:15,121.569800,31.331300, 56, 67,1
84190,2007-02-20 09:36:16,121.573600,31.322300, 76, 90,1
84190,2007-02-20 09:37:17,121.573600,31.312100, 84, 90,1
84190,2007-02-20 09:38:18,121.571800,31.301500, 70,112,1
84190,2007-02-20 09:40:20,121.566800,31.294000,  0,112,1
84190,2007-02-20 09:41:21,121.569600,31.289100, 38, 67,1
84190,2007-02-20 09:42:22,121.572500,31.281100, 76, 90,1
84190,2007-02-20 09:43:23,121.571600,31.274300, 30, 90,1
84190,2007-02-20 09:44:24,121.567100,31.269300, 22,112,1
84190,2007-02-20 09:45:25,121.562800,31.265500,  0,112,1
84190,2007-02-20 09:45:50,121.562800,31.265500,  0,112,0
84190,2007-02-20 09:46:20,121.562100,31.264600,  8, 90,0
84190,2007-02-20 09:46:37,121.563000,31.265300, 48, 22,0
84190,2007-02-20 09:46:53,121.564600,31.266800, 54, 22,0
84190,2007-02-20 09:47:09,121.565600,31.267600,  0, 22,0
84190,2007-02-20 09:47:57,121.565800,31.267800, 32, 22,1
84190,2007-02-20 09:48:57,121.571000,31.262800, 56, 67,1
84190,2007-02-20 09:49:58,121.576500,31.258600, 18, 67,1
84190,2007-02-20 09:50:59,121.572500,31.255300, 16, 90,1
84190,2007-02-20 09:52:00,121.575800,31.251600, 32,112,1
84190,2007-02-20 09:53:01,121.576300,31.252000,  0, 22,1
84190,2007-02-20 09:54:02,121.577600,31.253800, 28, 22,1
84190,2007-02-20 09:54:51,121.577800,31.254000,  0, 22,0
84190,2007-02-20 09:55:19,121.578100,31.254600, 38, 22,0
84190,2007-02-20 09:55:35,121.579500,31.256000, 50, 22,0
84190,2007-02-20 09:55:51,121.580800,31.257100, 28, 22,0
84190,2007-02-20 09:56:07,121.579300,31.258000, 44,135,0
84190,2007-02-20 09:56:53,121.577100,31.258600, 28, 22,0
84190,2007-02-20 09:57:09,121.578600,31.260100, 64, 22,0
84190,2007-02-20 09:57:25,121.580300,31.261800, 44, 22,0
84190,2007-02-20 09:58:03,121.581100,31.262500, 28, 45,0
84190,2007-02-20 09:58:19,121.582600,31.262300, 46, 45,0
84190,2007-02-20 09:58:35,121.584600,31.262100, 38, 45,0
84190,2007-02-20 09:58:51,121.586600,31.262600, 44, 22,0
84190,2007-02-20 09:59:07,121.587800,31.263100, 26, 22,0
84190,2007-02-20 09:59:24,121.588300,31.263300, 14, 22,1
84190,2007-02-20 10:00:25,121.591000,31.264300,  6, 22,1
84190,2007-02-20 10:01:26,121.595500,31.266300, 56, 22,1
84190,2007-02-20 10:02:27,121.598100,31.268000, 46, 22,1
84190,2007-02-20 10:03:28,121.604100,31.267500, 46,  0,1
84190,2007-02-20 10:04:18,121.606000,31.268100,  0, 67,0
84190,2007-02-20 10:04:34,121.606300,31.268300, 30, 22,0
84190,2007-02-20 10:04:50,121.608100,31.269300, 52, 22,0
84190,2007-02-20 10:05:06,121.609000,31.270600, 38,  0,0
84190,2007-02-20 10:05:22,121.607100,31.270800, 60,135,0
84190,2007-02-20 10:05:38,121.605500,31.271100, 20,  0,0
84190,2007-02-20 10:05:54,121.605500,31.272300,  0,  0,0
84190,2007-02-20 10:06:29,121.605500,31.273300, 48,  0,0
84190,2007-02-20 10:06:45,121.605600,31.275000, 36,  0,0
84190,2007-02-20 10:07:07,121.605600,31.276100, 46,  0,0
84190,2007-02-20 10:07:23,121.605600,31.278000, 42,  0,0
84190,2007-02-20 10:07:42,121.605600,31.279100,  8,  0,0
84190,2007-02-20 10:07:58,121.605600,31.280000, 42,  0,0
84190,2007-02-20 10:08:30,121.605600,31.282800, 22, 90,0
84190,2007-02-20 10:09:02,121.602000,31.282500, 52,135,0
84190,2007-02-20 10:09:18,121.600600,31.282300,  0,135,0
84190,2007-02-20 10:09:48,121.599500,31.282300, 46,135,0
84190,2007-02-20 10:10:04,121.596800,31.282100, 60,135,0
84190,2007-02-20 10:10:20,121.594800,31.282300, 16,157,0
84190,2007-02-20 10:10:36,121.594800,31.283600, 34,  0,0
84190,2007-02-20 10:10:52,121.594800,31.284800, 34,  0,0
84190,2007-02-20 10:11:08,121.594800,31.286300, 32,  0,0
84190,2007-02-20 10:11:54,121.594300,31.287000, 18,135,0
84190,2007-02-20 10:12:15,121.593100,31.287000, 20,157,0
84190,2007-02-20 10:12:32,121.592300,31.287600, 24,135,0
84190,2007-02-20 10:12:56,121.591100,31.287600,  6,  0,0
84190,2007-02-20 10:13:57,121.591100,31.287500,  0,112,0
84190,2007-02-20 10:14:18,121.591500,31.287500, 20, 22,1
84190,2007-02-20 10:15:18,121.594600,31.286300, 46, 90,1
84190,2007-02-20 10:16:20,121.596300,31.282000, 56, 45,1
84190,2007-02-20 10:17:20,121.600000,31.281500, 42, 90,1
84190,2007-02-20 10:18:22,121.601500,31.272300, 62, 67,1
84190,2007-02-20 10:19:23,121.603800,31.267100,  0, 90,1
84190,2007-02-20 10:20:24,121.601500,31.261800, 64, 90,1
84190,2007-02-20 10:21:25,121.605300,31.259100, 62, 67,1
84190,2007-02-20 10:22:25,121.610800,31.251000, 70, 90,1
84190,2007-02-20 10:23:27,121.613800,31.243300, 40, 90,1
84190,2007-02-20 10:25:29,121.612800,31.239100,  0, 90,1
84190,2007-02-20 10:26:30,121.613000,31.238300,  0, 90,1
84190,2007-02-20 10:26:34,121.613000,31.238300,  0, 90,0
84190,2007-02-20 10:27:35,121.613100,31.238000, 12, 90,0
84190,2007-02-20 10:28:29,121.613000,31.239000, 10,  0,0
84190,2007-02-20 10:29:22,121.612600,31.239800, 14,157,1
84190,2007-02-20 10:30:23,121.610500,31.242100,  6,157,1
84190,2007-02-20 10:32:25,121.605600,31.247100, 52,135,1
84190,2007-02-20 10:33:25,121.593300,31.245600, 46,157,1
84190,2007-02-20 10:34:26,121.584600,31.254100, 50,157,1
84190,2007-02-20 10:35:27,121.581300,31.257000, 20,157,1
84190,2007-02-20 10:36:28,121.577800,31.254500, 16,112,1
84190,2007-02-20 10:37:29,121.577600,31.254100,  0,112,1
84190,2007-02-20 10:38:30,121.576000,31.255000,  2,135,1
84190,2007-02-20 10:38:45,121.576000,31.255000,  0,135,0
84190,2007-02-20 10:39:35,121.577000,31.254500, 18, 67,0
84190,2007-02-20 10:41:10,121.576100,31.252500, 28,157,1
84190,2007-02-20 10:42:11,121.570600,31.256300, 68,157,1
84190,2007-02-20 10:43:12,121.565000,31.255500, 28,112,1
84190,2007-02-20 10:44:13,121.563800,31.254100,  0,112,1
84190,2007-02-20 10:44:40,121.563800,31.254100,  0,112,0
84190,2007-02-20 10:45:40,121.564100,31.254600,  8,157,0
84190,2007-02-20 10:46:22,121.563800,31.254800, 20,112,1
84190,2007-02-20 10:48:23,121.555500,31.249500, 32,112,1
84190,2007-02-20 10:49:23,121.555500,31.245100, 56,112,1
84190,2007-02-20 10:50:24,121.554100,31.244300,  0,112,1
84190,2007-02-20 10:51:25,121.546300,31.240600, 10,112,1
84190,2007-02-20 10:52:26,121.541800,31.240500, 18, 67,1
84190,2007-02-20 10:53:05,121.542100,31.240000,  0, 67,0
84190,2007-02-20 10:53:47,121.542000,31.240300, 26,157,0
84190,2007-02-20 10:55:36,121.539100,31.238000, 40,112,1
84190,2007-02-20 10:56:37,121.534000,31.236500, 14,135,1
84190,2007-02-20 10:57:38,121.529300,31.234800, 18, 90,1
84190,2007-02-20 10:58:39,121.531500,31.231100,  0, 67,1
84190,2007-02-20 10:59:40,121.532300,31.229100, 60, 90,1
84190,2007-02-20 11:00:41,121.533000,31.228000,  0, 67,1
84190,2007-02-20 11:01:42,121.533300,31.227100, 48, 67,1
84190,2007-02-20 11:02:43,121.532100,31.222300, 78,112,1
84190,2007-02-20 11:03:44,121.529800,31.216800,  0, 90,1
84190,2007-02-20 11:04:45,121.528000,31.212000, 94, 90,1
84190,2007-02-20 11:06:31,121.521600,31.196100,  0, 90,1
84190,2007-02-20 11:07:32,121.519000,31.189600, 62, 90,1
84190,2007-02-20 11:08:33,121.516100,31.182800, 22,112,1
84190,2007-02-20 11:09:34,121.514500,31.184600,  6,157,1
84190,2007-02-20 11:10:35,121.513600,31.187000, 18,157,1
84190,2007-02-20 11:11:36,121.516100,31.188300, 10, 45,1
84190,2007-02-20 11:11:59,121.516300,31.188300,  0, 22,0
84190,2007-02-20 11:12:59,121.516100,31.188100,  0,112,0
84190,2007-02-20 11:13:29,121.515100,31.188500, 12,112,0
84190,2007-02-20 11:13:52,121.515100,31.187500, 18,135,0
84190,2007-02-20 11:14:10,121.513500,31.187000, 38,135,0
84190,2007-02-20 11:14:32,121.513300,31.187600, 34,  0,0
84190,2007-02-20 11:14:48,121.512600,31.189100, 36,157,0
84190,2007-02-20 11:15:13,121.512100,31.190100, 28,157,0
84190,2007-02-20 11:15:46,121.511000,31.192100, 42,157,0
84190,2007-02-20 11:16:02,121.510100,31.193500, 36,157,0
84190,2007-02-20 11:16:18,121.511300,31.194500, 48, 22,0
84190,2007-02-20 11:17:07,121.514100,31.196600, 22, 22,1
84190,2007-02-20 11:18:07,121.515800,31.199600, 56, 22,1
84190,2007-02-20 11:19:26,121.522300,31.201100, 46, 67,1
84190,2007-02-20 11:20:26,121.525500,31.203300, 24, 45,1
84190,2007-02-20 11:21:27,121.528800,31.201600, 56, 45,1
84190,2007-02-20 11:22:28,121.532600,31.203600,  0,  0,1
84190,2007-02-20 11:23:18,121.531800,31.204300, 36,157,0
84190,2007-02-20 11:23:39,121.531300,31.205300, 42,157,0
84190,2007-02-20 11:24:21,121.531800,31.208000, 20,  0,0
84190,2007-02-20 11:24:43,121.532100,31.209000, 14,  0,0
84190,2007-02-20 11:24:59,121.532600,31.210100, 46,  0,0
84190,2007-02-20 11:25:15,121.533300,31.211800, 26,  0,0
84190,2007-02-20 11:25:31,121.534300,31.211800, 42, 45,0
84190,2007-02-20 11:25:47,121.536300,31.211500, 40, 22,0
84190,2007-02-20 11:26:03,121.537000,31.213300, 52,  0,0
84190,2007-02-20 11:26:26,121.537500,31.214300, 26,  0,0
84190,2007-02-20 11:26:42,121.538300,31.216000, 70, 22,0
84190,2007-02-20 11:26:58,121.540100,31.218300, 70, 22,0
84190,2007-02-20 11:27:14,121.542300,31.220000, 62, 22,0
84190,2007-02-20 11:27:30,121.544300,31.221000, 14, 22,0
84190,2007-02-20 11:27:46,121.543600,31.222500, 60,  0,0
84190,2007-02-20 11:28:02,121.542800,31.224000, 18,135,0
84190,2007-02-20 11:28:34,121.540100,31.220800, 72,112,0
84190,2007-02-20 11:28:50,121.538100,31.219100, 58,135,0
84190,2007-02-20 11:29:06,121.536300,31.219800, 18,157,0
84190,2007-02-20 11:29:39,121.536300,31.222000, 32, 22,0
84190,2007-02-20 11:30:39,121.536800,31.222500,  0, 67,0
84190,2007-02-20 11:31:40,121.536800,31.222500,  0, 67,0
84190,2007-02-20 11:32:41,121.536600,31.222500,  6,157,0
84190,2007-02-20 11:33:02,121.536600,31.222600,  0,  0,1
84190,2007-02-20 11:34:02,121.535500,31.223800, 44,157,1
84190,2007-02-20 11:35:03,121.532000,31.225500, 50,157,1
84190,2007-02-20 11:36:04,121.528000,31.227800, 56,157,1
84190,2007-02-20 11:37:05,121.521800,31.231500,  0,135,1
84190,2007-02-20 11:38:06,121.521100,31.231600, 28,135,1
84190,2007-02-20 11:39:07,121.513300,31.234500,  0,135,1
84190,2007-02-20 11:40:08,121.513100,31.234500, 28,135,1
84190,2007-02-20 11:41:09,121.509300,31.235800,  0,135,1
84190,2007-02-20 11:42:10,121.509300,31.235800,  0,135,1
84190,2007-02-20 11:43:11,121.504500,31.237500, 44,135,1
84190,2007-02-20 11:44:12,121.494800,31.241000, 64,157,1
84190,2007-02-20 11:45:13,121.494300,31.241300,  0,157,1
84190,2007-02-20 11:46:14,121.494300,31.241300,  0,157,1
84190,2007-02-20 11:47:15,121.469500,31.228300, 78,112,1
84190,2007-02-20 11:48:16,121.455600,31.225800, 86,135,1
84190,2007-02-20 11:49:17,121.443300,31.223300, 66,135,1
84190,2007-02-20 11:50:16,121.443100,31.222800,  0, 45,0
84190,2007-02-20 11:50:31,121.443500,31.222800, 30, 45,0
84190,2007-02-20 11:50:47,121.445300,31.223500, 44, 22,0
84190,2007-02-20 11:51:03,121.447500,31.224300, 54, 22,0
84190,2007-02-20 11:51:19,121.450100,31.225500, 70, 22,0
84190,2007-02-20 11:51:35,121.452100,31.225600, 24, 45,0
84190,2007-02-20 11:52:31,121.452100,31.225600, 10, 22,0
84190,2007-02-20 11:52:48,121.454000,31.225600, 68, 45,0
84190,2007-02-20 11:53:04,121.457300,31.226000, 70, 45,0
84190,2007-02-20 11:53:20,121.460100,31.225800, 66, 45,0
84190,2007-02-20 11:53:36,121.463500,31.225600, 88, 45,0
84190,2007-02-20 11:54:08,121.468100,31.227500, 30, 45,0
84190,2007-02-20 11:54:24,121.470300,31.228500, 60, 22,0
84190,2007-02-20 11:54:40,121.472300,31.229500, 50, 22,0
84190,2007-02-20 11:56:58,121.474300,31.230600, 34, 22,0
84190,2007-02-20 11:57:14,121.476100,31.231600, 48, 22,0
84190,2007-02-20 11:57:30,121.477500,31.232100, 32, 22,0
84190,2007-02-20 11:57:46,121.480000,31.233000, 58, 45,0
84190,2007-02-20 11:58:02,121.482300,31.232600, 54, 45,0
84190,2007-02-20 11:58:18,121.484000,31.232500,  0, 45,0
84190,2007-02-20 11:59:19,121.484000,31.232500,  0, 45,0
84190,2007-02-20 12:00:02,121.500100,31.238600, 68, 67,0
84190,2007-02-20 12:00:18,121.502000,31.237500, 32, 90,0
84190,2007-02-20 12:00:34,121.502000,31.236500, 18, 90,0
84190,2007-02-20 12:01:00,121.501100,31.236300, 22, 45,0
84190,2007-02-20 12:01:20,121.501500,31.236300, 22, 45,1
84190,2007-02-20 12:03:21,121.506500,31.232600, 58, 67,1
84190,2007-02-20 12:04:22,121.509800,31.226000, 60, 67,1
84190,2007-02-20 12:05:23,121.513300,31.219600, 28, 45,1
84190,2007-02-20 12:06:24,121.514000,31.220000,  0, 22,1
84190,2007-02-20 12:07:16,121.514300,31.217300,  0, 90,0
84190,2007-02-20 12:07:32,121.514300,31.217300,  0, 90,0
84190,2007-02-20 12:07:59,121.514500,31.218300, 54,  0,0
84190,2007-02-20 12:08:15,121.514600,31.220100, 20,  0,0
84190,2007-02-20 12:08:31,121.516300,31.220600, 44, 45,0
84190,2007-02-20 12:08:47,121.518000,31.221000, 20, 45,0
84190,2007-02-20 12:09:19,121.521300,31.221600, 32, 45,0
84190,2007-02-20 12:09:35,121.523000,31.222100, 50, 45,0
84190,2007-02-20 12:09:51,121.524300,31.223100, 38,  0,0
84190,2007-02-20 12:10:07,121.523500,31.225100, 60,157,0
84190,2007-02-20 12:10:23,121.522500,31.227800, 72,  0,0
84190,2007-02-20 12:11:38,121.522600,31.232500, 46, 45,0
84190,2007-02-20 12:11:54,121.524600,31.233100, 62, 22,0
84190,2007-02-20 12:12:10,121.526100,31.234000, 40,157,0
84190,2007-02-20 12:12:26,121.525600,31.235500, 50,157,0
84190,2007-02-20 12:12:42,121.524600,31.237300, 26,157,0
84190,2007-02-20 12:12:58,121.526600,31.238000, 56, 45,0
84190,2007-02-20 12:13:41,121.527800,31.238300, 40, 45,0
84190,2007-02-20 12:13:57,121.530100,31.239000, 60, 45,0
84190,2007-02-20 12:14:13,121.531100,31.239000,  0, 90,0
84190,2007-02-20 12:15:14,121.531100,31.239000,  0, 90,0
84190,2007-02-20 12:16:15,121.531300,31.239300, 24, 45,0
84190,2007-02-20 12:16:49,121.532300,31.239500, 42, 45,0
84190,2007-02-20 12:17:05,121.535000,31.240300, 70, 22,0
84190,2007-02-20 12:17:37,121.537500,31.242500, 54,157,0
84190,2007-02-20 12:17:53,121.537100,31.244000, 36, 22,0
84190,2007-02-20 12:18:09,121.539100,31.244600, 42, 22,0
84190,2007-02-20 12:18:39,121.539500,31.245300, 36,157,0
84190,2007-02-20 12:18:55,121.538500,31.247000, 24,  0,0
84190,2007-02-20 12:19:11,121.540500,31.247800, 56, 22,0
84190,2007-02-20 12:19:27,121.543000,31.249100, 80, 22,0
84190,2007-02-20 12:19:43,121.545600,31.250800, 82, 22,0
84190,2007-02-20 12:19:59,121.547500,31.253000, 62, 22,0
84190,2007-02-20 12:20:15,121.549300,31.255000, 46, 22,0
84190,2007-02-20 12:21:16,121.549500,31.255100,  0, 22,0
84190,2007-02-20 12:21:39,121.550100,31.255800, 54, 22,0
84190,2007-02-20 12:21:55,121.552100,31.257600, 64, 22,0
84190,2007-02-20 12:22:11,121.553000,31.258100, 12, 22,0
84190,2007-02-20 12:22:12,121.553000,31.258100, 14, 22,1
84190,2007-02-20 12:23:12,121.556800,31.260600,  0, 22,1
84190,2007-02-20 12:24:13,121.561500,31.255000, 72, 67,1
84190,2007-02-20 12:25:14,121.565500,31.255500, 34, 22,1
84190,2007-02-20 12:26:15,121.571800,31.255300,  0, 67,1
84190,2007-02-20 12:26:20,121.571800,31.255300,  0, 67,0
84190,2007-02-20 12:27:02,121.569100,31.257500, 48,157,0
84190,2007-02-20 12:27:18,121.568000,31.259100, 54,157,0
84190,2007-02-20 12:27:34,121.566300,31.261300, 68,157,0
84190,2007-02-20 12:27:50,121.566600,31.262500, 52, 22,0
84190,2007-02-20 12:28:06,121.568800,31.263500, 52, 22,0
84190,2007-02-20 12:28:22,121.569800,31.264000,  0,  0,0
84190,2007-02-20 12:28:40,121.569600,31.264800, 48,157,0
84190,2007-02-20 12:28:56,121.568100,31.266600, 54,157,0
84190,2007-02-20 12:29:12,121.566800,31.268100, 42,157,0
84190,2007-02-20 12:30:13,121.566600,31.268500,  0,157,0
84190,2007-02-20 12:30:58,121.567300,31.269100, 50, 22,0
84190,2007-02-20 12:31:14,121.569300,31.270600, 72, 22,0
84190,2007-02-20 12:31:46,121.571800,31.274600, 62,  0,0
84190,2007-02-20 12:32:02,121.572600,31.277100, 70,  0,0
84190,2007-02-20 12:32:18,121.572800,31.279600, 62,  0,0
84190,2007-02-20 12:32:34,121.572600,31.281100, 10,  0,0
84190,2007-02-20 12:33:06,121.571800,31.285000, 64,  0,0
84190,2007-02-20 12:33:22,121.571100,31.286600, 50,157,0
84190,2007-02-20 12:33:38,121.570000,31.288800, 62,157,0
84190,2007-02-20 12:33:54,121.568800,31.290800, 66,157,0
84190,2007-02-20 12:34:10,121.567500,31.292800, 60,157,0
84190,2007-02-20 12:34:53,121.566600,31.293600, 22,157,0
84190,2007-02-20 12:35:09,121.565600,31.295000, 56,157,0
84190,2007-02-20 12:35:25,121.564300,31.296800, 60,157,0
84190,2007-02-20 12:35:57,121.563600,31.301100, 66,  0,0
84190,2007-02-20 12:36:13,121.563500,31.302800, 40,  0,0
84190,2007-02-20 12:36:29,121.563000,31.304800, 44,  0,0
84190,2007-02-20 12:36:45,121.562500,31.306500, 52,  0,0
84190,2007-02-20 12:37:01,121.562300,31.308600, 68,  0,0
84190,2007-02-20 12:37:17,121.562500,31.311300, 70,  0,0
84190,2007-02-20 12:37:33,121.562000,31.314000, 66,  0,0
84190,2007-02-20 12:37:49,121.562100,31.316100, 52,  0,0
84190,2007-02-20 12:38:05,121.562100,31.317600,  0,  0,0
84190,2007-02-20 12:38:46,121.562000,31.318500, 42,  0,0
84190,2007-02-20 12:39:02,121.562300,31.320100, 50,  0,0
84190,2007-02-20 12:39:34,121.563100,31.324300, 62,  0,0
84190,2007-02-20 12:39:50,121.563800,31.326500, 54,  0,0
84190,2007-02-20 12:40:06,121.564600,31.328000, 34,  0,0
84190,2007-02-20 12:41:07,121.564500,31.328300,  0,  0,0
84190,2007-02-20 12:41:48,121.564500,31.328100, 24, 90,1
84190,2007-02-20 12:42:49,121.562100,31.319300, 34, 90,1
84190,2007-02-20 12:43:50,121.562500,31.312100, 68, 90,1
84190,2007-02-20 12:44:51,121.563000,31.305000, 24, 90,1
84190,2007-02-20 12:45:52,121.573300,31.305600, 38, 45,1
84190,2007-02-20 12:46:52,121.564300,31.304600,  0,135,1
84190,2007-02-20 12:47:53,121.564300,31.304600,  0,135,1
84190,2007-02-20 12:48:55,121.537500,31.309500, 88,135,1
84190,2007-02-20 12:49:56,121.523000,31.305600, 84,135,1
84190,2007-02-20 12:50:57,121.509800,31.301800, 84,135,1
84190,2007-02-20 12:51:58,121.496800,31.297600, 76,135,1
84190,2007-02-20 12:52:59,121.485000,31.296100, 64,  0,1
84190,2007-02-20 12:54:00,121.482000,31.304000, 38,  0,1
84190,2007-02-20 12:55:01,121.481000,31.309800,  0,157,1
84190,2007-02-20 12:56:02,121.481300,31.309600,  0, 67,1
84190,2007-02-20 12:57:03,121.475300,31.309600, 78,135,1
84190,2007-02-20 12:58:04,121.470000,31.308800, 64,135,1
84190,2007-02-20 12:59:40,121.461500,31.308000,  0,135,0
84190,2007-02-20 12:59:56,121.462300,31.308000, 38, 45,0
84190,2007-02-20 13:00:56,121.463600,31.308100, 50, 45,0
84190,2007-02-20 13:01:12,121.466300,31.308300, 72, 45,0
84190,2007-02-20 13:01:28,121.469500,31.308600, 76, 45,0
84190,2007-02-20 13:01:44,121.472100,31.309000, 58, 45,0
84190,2007-02-20 13:02:00,121.475000,31.309300, 58, 45,0
84190,2007-02-20 13:02:48,121.480600,31.309600, 16, 90,0
84190,2007-02-20 13:03:03,121.480600,31.308100, 56, 90,0
84190,2007-02-20 13:03:20,121.480600,31.305800, 20, 90,0
84190,2007-02-20 13:04:21,121.480600,31.306000,  0, 90,0
84190,2007-02-20 13:04:57,121.481100,31.303800, 24, 90,0
84190,2007-02-20 13:05:14,121.481500,31.303000, 28, 90,0
84190,2007-02-20 13:05:30,121.482100,31.301800, 48, 90,0
84190,2007-02-20 13:05:46,121.483000,31.299800, 50, 90,0
84190,2007-02-20 13:06:02,121.484000,31.297600, 66, 90,0
84190,2007-02-20 13:06:18,121.484800,31.295500, 60, 90,0
84190,2007-02-20 13:06:34,121.485500,31.294100, 48, 45,0
84190,2007-02-20 13:06:50,121.487800,31.295100, 74, 22,0
84190,2007-02-20 13:07:06,121.491300,31.296100, 78, 45,0
84190,2007-02-20 13:07:22,121.494500,31.296800, 74, 45,0
84190,2007-02-20 13:07:38,121.497500,31.297600, 70, 45,0
84190,2007-02-20 13:07:53,121.500100,31.298300, 70, 45,0
84190,2007-02-20 13:08:39,121.508500,31.301100, 76, 45,0
84190,2007-02-20 13:08:55,121.511800,31.302100, 80, 45,0
84190,2007-02-20 13:09:11,121.515000,31.303100, 74, 45,0
84190,2007-02-20 13:09:43,121.521100,31.305000, 70, 45,0
84190,2007-02-20 13:09:59,121.524000,31.306000, 76, 45,0
84190,2007-02-20 13:10:15,121.527000,31.306800, 76, 45,0
84190,2007-02-20 13:10:31,121.530300,31.307800, 80, 45,0
84190,2007-02-20 13:10:47,121.533600,31.308800, 74, 45,0
84190,2007-02-20 13:11:03,121.536500,31.309100, 64, 45,0
84190,2007-02-20 13:11:19,121.539300,31.308800, 70, 45,0
84190,2007-02-20 13:11:34,121.542100,31.309000, 72, 45,0
84190,2007-02-20 13:11:51,121.545600,31.308500, 74, 45,0
84190,2007-02-20 13:12:07,121.548600,31.307800, 70, 45,0
84190,2007-02-20 13:12:22,121.551300,31.307000, 70, 45,0
84190,2007-02-20 13:13:23,121.551600,31.306800,  0, 45,0
84190,2007-02-20 13:13:43,121.571500,31.305800, 94, 45,0
84190,2007-02-20 13:14:14,121.579800,31.305800, 88, 45,0
84190,2007-02-20 13:14:31,121.583300,31.305800, 78, 45,0
84190,2007-02-20 13:14:47,121.586600,31.305800, 76, 45,0
84190,2007-02-20 13:15:19,121.593500,31.305800, 76, 45,0
84190,2007-02-20 13:15:34,121.596500,31.305600, 74, 45,0
84190,2007-02-20 13:15:51,121.599600,31.305600, 62, 45,0
84190,2007-02-20 13:16:07,121.601500,31.305000, 46, 90,0
84190,2007-02-20 13:16:23,121.600100,31.305600, 60,  0,0
84190,2007-02-20 13:16:54,121.600100,31.311500, 92,  0,0
84190,2007-02-20 13:17:11,121.600000,31.315000, 88,  0,0
84190,2007-02-20 13:17:27,121.600100,31.318000, 42,  0,0
84190,2007-02-20 13:17:46,121.600000,31.319000, 50,  0,0
84190,2007-02-20 13:18:02,121.599000,31.321600, 94,157,0
84190,2007-02-20 13:18:18,121.597000,31.325000,104,157,0
84190,2007-02-20 13:18:34,121.595500,31.327800, 80,157,0
84190,2007-02-20 13:18:49,121.593800,31.330500, 86,157,0
84190,2007-02-20 13:19:06,121.592600,31.332800, 26,157,0
84190,2007-02-20 13:20:07,121.592500,31.333100, 16,157,0
84190,2007-02-20 13:20:23,121.591300,31.334800, 74,157,0
84190,2007-02-20 13:20:39,121.589800,31.337500, 74,157,0
84190,2007-02-20 13:20:54,121.588800,31.339300,  4,157,0
84190,2007-02-20 13:21:22,121.588300,31.340100, 56,157,0
84190,2007-02-20 13:22:13,121.584500,31.345500, 36,112,0
84190,2007-02-20 13:22:29,121.583500,31.344500, 38,112,0
84190,2007-02-20 13:22:44,121.582100,31.343300, 44,112,0
84190,2007-02-20 13:23:01,121.580800,31.343600, 30,157,0
84190,2007-02-20 13:23:42,121.580500,31.343800, 22,157,1
84190,2007-02-20 13:24:43,121.577600,31.348000, 32,  0,1
84190,2007-02-20 13:26:44,121.570800,31.351500, 20,135,1
84190,2007-02-20 13:27:46,121.570600,31.351500,  0,135,1
84190,2007-02-20 13:28:14,121.571000,31.350800, 36, 90,0
84190,2007-02-20 13:28:29,121.571000,31.349800, 20, 67,0
84190,2007-02-20 13:29:02,121.574100,31.350800, 60, 45,0
84190,2007-02-20 13:29:18,121.575300,31.350600, 36, 90,0
84190,2007-02-20 13:29:34,121.575800,31.350000, 26, 45,0
84190,2007-02-20 13:29:51,121.576800,31.349600, 44, 67,0
84190,2007-02-20 13:30:07,121.577500,31.348500,  4, 45,0
84190,2007-02-20 13:30:29,121.578600,31.348800, 16, 45,0
84190,2007-02-20 13:30:44,121.579100,31.348000, 30, 67,0
84190,2007-02-20 13:31:34,121.580500,31.348600,  8, 90,0
84190,2007-02-20 13:32:36,121.580600,31.348500,  0, 90,0
84190,2007-02-20 13:33:37,121.580600,31.348500,  0, 90,0
84190,2007-02-20 13:34:38,121.580500,31.348500,  0, 90,0
84190,2007-02-20 13:35:39,121.580500,31.348500,  0, 90,0
84190,2007-02-20 13:36:39,121.580500,31.348500,  0, 90,0
84190,2007-02-20 13:37:41,121.580500,31.348500,  0, 90,0
84190,2007-02-20 13:38:42,121.580500,31.348500,  0, 90,0
84190,2007-02-20 13:39:43,121.580500,31.348500,  0, 90,0
84190,2007-02-20 13:40:44,121.580500,31.348500,  0, 90,0
84190,2007-02-20 13:41:44,121.580500,31.348500,  0, 90,0
84190,2007-02-20 13:42:46,121.580500,31.348500,  0, 90,0
84190,2007-02-20 13:43:47,121.580500,31.348500,  0, 90,0
84190,2007-02-20 13:44:48,121.580500,31.348500,  0, 90,0
84190,2007-02-20 13:45:49,121.580600,31.348500,  0, 90,0
84190,2007-02-20 13:46:49,121.580600,31.348500,  0, 90,0
84190,2007-02-20 13:47:51,121.580600,31.348500,  0, 90,0
84190,2007-02-20 13:48:52,121.580600,31.348500,  0, 90,0
84190,2007-02-20 13:49:53,121.580600,31.348500,  0, 90,0
84190,2007-02-20 13:50:54,121.580600,31.348500,  0, 90,0
84190,2007-02-20 13:51:54,121.580600,31.348500,  0, 90,0
84190,2007-02-20 13:52:56,121.580600,31.348500,  0, 90,0
84190,2007-02-20 13:53:57,121.580600,31.348500,  0, 90,0
84190,2007-02-20 13:54:58,121.580600,31.348500,  0, 90,0
84190,2007-02-20 13:55:59,121.580600,31.348500,  0, 90,0
84190,2007-02-20 13:56:59,121.580600,31.348500,  0, 90,0
84190,2007-02-20 13:58:01,121.580600,31.348500,  0, 90,0
84190,2007-02-20 13:59:02,121.580600,31.348500,  0, 90,0
84190,2007-02-20 14:00:03,121.580600,31.348500,  0, 90,0
84190,2007-02-20 14:01:04,121.580600,31.348500,  0, 90,0
84190,2007-02-20 14:02:04,121.580600,31.348500,  0, 90,0
84190,2007-02-20 14:04:06,121.580600,31.348500,  0, 90,0
84190,2007-02-20 14:05:07,121.580600,31.348500,  0, 90,0
84190,2007-02-20 14:06:08,121.580600,31.348500,  0, 90,0
84190,2007-02-20 14:07:09,121.580600,31.348500,  0, 90,0
84190,2007-02-20 14:09:11,121.580600,31.348500,  0, 90,0
84190,2007-02-20 14:10:12,121.580600,31.348500,  0, 90,0
84190,2007-02-20 14:11:13,121.580600,31.348500,  0, 90,0
84190,2007-02-20 14:12:14,121.580600,31.348500,  0, 90,0
84190,2007-02-20 14:13:15,121.580600,31.348500,  0, 90,0
84190,2007-02-20 14:14:16,121.580600,31.348500,  0, 90,0
84190,2007-02-20 14:15:17,121.580600,31.348500,  0, 90,0
84190,2007-02-20 14:16:18,121.580500,31.348500,  0, 90,0
84190,2007-02-20 14:17:19,121.580500,31.348500,  0, 90,0
84190,2007-02-20 14:18:20,121.580500,31.348500,  0, 90,0
84190,2007-02-20 14:19:21,121.580500,31.348500,  0, 90,0
84190,2007-02-20 14:20:22,121.580500,31.348800,  0, 90,0
84190,2007-02-20 14:21:23,121.580500,31.348800,  0, 90,0
84190,2007-02-20 14:22:24,121.580500,31.348600,  0, 90,0
84190,2007-02-20 14:23:25,121.580500,31.348600,  0, 90,0
84190,2007-02-20 14:24:26,121.580500,31.348600,  0, 90,0
84190,2007-02-20 14:25:27,121.580500,31.348600,  0, 90,0
84190,2007-02-20 14:26:28,121.580500,31.348600,  0, 90,0
84190,2007-02-20 14:27:29,121.580500,31.348600,  0, 90,0
84190,2007-02-20 14:28:30,121.580500,31.348600,  0, 90,0
84190,2007-02-20 14:29:31,121.580500,31.348600,  0, 90,0
84190,2007-02-20 14:30:32,121.580500,31.348600,  0, 90,0
84190,2007-02-20 14:31:33,121.580500,31.348600,  0, 90,0
84190,2007-02-20 14:31:52,121.578800,31.348300, 34,135,0
84190,2007-02-20 14:32:53,121.580500,31.348600,  0,135,0
84190,2007-02-20 14:33:54,121.580500,31.348600,  0,135,0
84190,2007-02-20 14:34:55,121.580500,31.348600,  0,135,0
84190,2007-02-20 14:35:56,121.580500,31.348600,  0,135,0
84190,2007-02-20 14:37:58,121.580300,31.348500,  0,135,0
84190,2007-02-20 14:40:00,121.580300,31.348500,  0,135,0
84190,2007-02-20 14:41:01,121.580300,31.348500,  0,135,0
84190,2007-02-20 14:42:02,121.580300,31.348500,  0,135,0
84190,2007-02-20 14:43:03,121.580300,31.348500,  0,135,0
84190,2007-02-20 14:44:04,121.580300,31.348500,  0,135,0
84190,2007-02-20 14:45:05,121.580300,31.348500,  0,135,0
84190,2007-02-20 14:46:06,121.580300,31.348500,  0,135,0
84190,2007-02-20 14:47:07,121.580300,31.348500,  0,135,0
84190,2007-02-20 14:48:08,121.580300,31.348500,  0,135,0
84190,2007-02-20 14:49:09,121.580300,31.348500,  0,135,0
84190,2007-02-20 14:50:10,121.580300,31.348500,  0,135,0
84190,2007-02-20 14:51:11,121.580300,31.348500,  0,135,0
84190,2007-02-20 14:53:13,121.580300,31.348500,  0,135,0
84190,2007-02-20 14:54:14,121.580300,31.348500,  0,135,0
84190,2007-02-20 14:55:15,121.580300,31.348500,  0,135,0
84190,2007-02-20 14:56:16,121.580300,31.348500,  0,135,0
84190,2007-02-20 14:57:17,121.580300,31.348500,  0,135,0
84190,2007-02-20 14:58:18,121.580300,31.348500,  0,135,0
84190,2007-02-20 14:59:19,121.580300,31.348500,  0,135,0
84190,2007-02-20 15:00:20,121.580300,31.348500,  0,135,0
84190,2007-02-20 15:01:21,121.580300,31.348500,  0,135,0
84190,2007-02-20 15:02:22,121.580300,31.348500,  0,135,0
84190,2007-02-20 15:03:23,121.580300,31.348500,  0,135,0
84190,2007-02-20 15:06:26,121.580300,31.348500,  0,135,0
84190,2007-02-20 15:07:27,121.580300,31.348500,  0,135,0
84190,2007-02-20 15:08:28,121.580500,31.348500,  0,135,0
84190,2007-02-20 15:10:30,121.580500,31.348500,  0,135,0
84190,2007-02-20 15:11:31,121.580500,31.348500,  0,135,0
84190,2007-02-20 15:12:32,121.580500,31.348500,  0,135,0
84190,2007-02-20 15:13:33,121.580500,31.348500,  0,135,0
84190,2007-02-20 15:15:35,121.580500,31.348500,  0,135,0
84190,2007-02-20 15:16:36,121.580500,31.348500,  0,135,0
84190,2007-02-20 15:17:37,121.580500,31.348500,  0,135,0
84190,2007-02-20 15:18:38,121.580500,31.348500,  0,135,0
84190,2007-02-20 15:19:39,121.580500,31.348500,  0,135,0
84190,2007-02-20 15:20:40,121.580500,31.348500,  0,135,0
84190,2007-02-20 15:21:41,121.580500,31.348500,  0,135,0
84190,2007-02-20 15:22:42,121.580500,31.348500,  0,135,0
84190,2007-02-20 15:23:43,121.580500,31.348500,  0,135,0
84190,2007-02-20 15:24:44,121.580500,31.348500,  0,135,0
84190,2007-02-20 15:26:46,121.580500,31.348500,  0,135,0
84190,2007-02-20 15:27:47,121.580500,31.348500,  0,135,0
84190,2007-02-20 15:28:48,121.580500,31.348500,  0,135,0
84190,2007-02-20 15:29:49,121.580500,31.348500,  0,135,0
84190,2007-02-20 15:30:50,121.580500,31.348500,  0,135,0
84190,2007-02-20 15:31:51,121.580500,31.348500,  0,135,0
84190,2007-02-20 15:32:52,121.580500,31.348500,  0,135,0
84190,2007-02-20 15:33:53,121.580500,31.348500,  0,135,0
84190,2007-02-20 15:34:54,121.580500,31.348500,  0,135,0
84190,2007-02-20 15:35:55,121.580500,31.348500,  0,135,0
84190,2007-02-20 15:36:56,121.580500,31.348500,  0,135,0
84190,2007-02-20 15:37:57,121.580500,31.348500,  0,135,0
84190,2007-02-20 15:38:58,121.580500,31.348500,  0,135,0
84190,2007-02-20 15:39:59,121.580500,31.348500,  0,135,0
84190,2007-02-20 15:41:00,121.580500,31.348500,  0,135,0
84190,2007-02-20 15:42:01,121.580500,31.348500,  0,135,0
84190,2007-02-20 15:43:02,121.580500,31.348500,  0,135,0
84190,2007-02-20 15:44:03,121.580500,31.348500,  0,135,0
84190,2007-02-20 15:45:04,121.580500,31.348500,  0,135,0
84190,2007-02-20 15:46:05,121.580500,31.348500,  0,135,0
84190,2007-02-20 15:47:06,121.580500,31.348500,  0,135,0
84190,2007-02-20 15:48:07,121.580500,31.348500,  0,135,0
84190,2007-02-20 15:49:08,121.580500,31.348500,  0,135,0
84190,2007-02-20 15:50:09,121.580500,31.348500,  0,135,0
84190,2007-02-20 15:51:10,121.580500,31.348500,  0,135,0
84190,2007-02-20 15:52:11,121.580500,31.348500,  0,135,0
84190,2007-02-20 15:53:12,121.580500,31.348500,  0,135,0
84190,2007-02-20 15:54:13,121.580500,31.348500,  0,135,0
84190,2007-02-20 15:55:14,121.580500,31.348500,  0,135,0
84190,2007-02-20 15:56:15,121.580500,31.348500,  0,135,0
84190,2007-02-20 15:57:16,121.580500,31.348500,  0,135,0
84190,2007-02-20 15:58:17,121.580500,31.348500,  0,135,0
84190,2007-02-20 15:59:18,121.580500,31.348500,  0,135,0
84190,2007-02-20 16:00:19,121.580500,31.348500,  0,135,0
84190,2007-02-20 16:01:20,121.580500,31.348500,  0,135,0
84190,2007-02-20 16:02:21,121.580500,31.348500,  0,135,0
84190,2007-02-20 16:04:23,121.580500,31.348500,  0,135,0
84190,2007-02-20 16:05:24,121.580500,31.348500,  0,135,0
84190,2007-02-20 16:06:25,121.580500,31.348500,  0,135,0
84190,2007-02-20 16:07:26,121.580500,31.348500,  0,135,0
84190,2007-02-20 16:08:27,121.580500,31.348500,  0,135,0
84190,2007-02-20 16:09:28,121.580500,31.348500,  0,135,0
84190,2007-02-20 16:10:29,121.580500,31.348500,  0,135,0
84190,2007-02-20 16:11:30,121.580500,31.348500,  0,135,0
84190,2007-02-20 16:12:31,121.580500,31.348500,  0,135,0
84190,2007-02-20 16:13:32,121.580500,31.348500,  0,135,0
84190,2007-02-20 16:15:34,121.580500,31.348500,  0,135,0
84190,2007-02-20 16:16:35,121.580500,31.348500,  0,135,0
84190,2007-02-20 16:17:36,121.580500,31.348500,  0,135,0
84190,2007-02-20 16:18:37,121.580500,31.348500,  0,135,0
84190,2007-02-20 16:19:38,121.580500,31.348500,  0,135,0
84190,2007-02-20 16:20:39,121.580500,31.348500,  0,135,0
84190,2007-02-20 16:21:40,121.580500,31.348500,  0,135,0
84190,2007-02-20 16:22:41,121.580500,31.348500,  0,135,0
84190,2007-02-20 16:23:42,121.580500,31.348500,  0,135,0
84190,2007-02-20 16:24:43,121.580500,31.348500,  0,135,0
84190,2007-02-20 16:25:44,121.580500,31.348500,  0,135,0
84190,2007-02-20 16:26:45,121.580500,31.348500,  0,135,0
84190,2007-02-20 16:27:46,121.580500,31.348500,  0,135,0
84190,2007-02-20 16:28:47,121.580500,31.348500,  0,135,0
84190,2007-02-20 16:29:48,121.580500,31.348500,  0,135,0
84190,2007-02-20 16:30:49,121.580500,31.348500,  0,135,0
84190,2007-02-20 16:31:50,121.580500,31.348500,  0,135,0
84190,2007-02-20 16:32:51,121.580500,31.348500,  0,135,0
84190,2007-02-20 16:33:52,121.580500,31.348500,  0,135,0
84190,2007-02-20 16:34:53,121.580500,31.348500,  0,135,0
84190,2007-02-20 16:35:54,121.580500,31.348500,  0,135,0
84190,2007-02-20 16:36:55,121.580500,31.348500,  0,135,0
84190,2007-02-20 16:37:56,121.580500,31.348500,  0,135,0
84190,2007-02-20 16:38:57,121.580500,31.348500,  0,135,0
84190,2007-02-20 16:39:58,121.580500,31.348500,  0,135,0
84190,2007-02-20 16:40:59,121.580500,31.348500,  0,135,0
84190,2007-02-20 16:42:00,121.580500,31.348500,  0,135,0
84190,2007-02-20 16:43:01,121.580500,31.348500,  0,135,0
84190,2007-02-20 16:44:02,121.580500,31.348500,  0,135,0
84190,2007-02-20 16:45:03,121.580500,31.348500,  0,135,0
84190,2007-02-20 16:46:04,121.580500,31.348500,  0,135,0
84190,2007-02-20 16:47:05,121.580500,31.348500,  0,135,0
84190,2007-02-20 16:49:07,121.580500,31.348500,  0,135,0
84190,2007-02-20 16:50:08,121.580500,31.348500,  0,135,0
84190,2007-02-20 16:52:10,121.580500,31.348500,  0,135,0
84190,2007-02-20 16:53:11,121.580500,31.348500,  0,135,0
84190,2007-02-20 16:54:12,121.580500,31.348500,  0,135,0
84190,2007-02-20 16:55:13,121.580500,31.348500,  0,135,0
84190,2007-02-20 16:56:14,121.580500,31.348500,  0,135,0
84190,2007-02-20 16:57:15,121.580500,31.348500,  0,135,0
84190,2007-02-20 16:58:16,121.580500,31.348500,  0,135,0
84190,2007-02-20 16:59:17,121.580500,31.348500,  0,135,0
84190,2007-02-20 17:00:18,121.580500,31.348500,  0,135,0
84190,2007-02-20 17:01:19,121.580500,31.348500,  0,135,0
84190,2007-02-20 17:02:20,121.580500,31.348500,  0,135,0
84190,2007-02-20 17:03:21,121.580500,31.348500,  0,135,0
84190,2007-02-20 17:04:21,121.580500,31.348500,  0,135,0
84190,2007-02-20 17:05:22,121.580500,31.348500,  0,135,0
84190,2007-02-20 17:06:23,121.580500,31.348500,  0,135,0
84190,2007-02-20 17:07:24,121.580500,31.348500,  0,135,0
84190,2007-02-20 17:08:25,121.580500,31.348500,  0,135,0
84190,2007-02-20 17:09:26,121.580500,31.348500,  0,135,0
84190,2007-02-20 17:10:27,121.580500,31.348500,  0,135,0
84190,2007-02-20 17:11:28,121.580500,31.348500,  0,135,0
84190,2007-02-20 17:12:29,121.580500,31.348500,  0,135,0
84190,2007-02-20 17:13:30,121.580500,31.348500,  0,135,0
84190,2007-02-20 17:14:31,121.580500,31.348500,  0,135,0
84190,2007-02-20 17:15:32,121.580500,31.348500,  0,135,0
84190,2007-02-20 17:17:33,121.580500,31.348100,  0,135,0
84190,2007-02-20 17:18:35,121.580500,31.348100,  0,135,0
84190,2007-02-20 17:19:36,121.580500,31.348100,  0,135,0
84190,2007-02-20 17:20:37,121.580300,31.348100,  0,135,0
84190,2007-02-20 17:21:38,121.580300,31.348100,  0,135,0
84190,2007-02-20 17:22:38,121.580300,31.348100,  0,135,0
84190,2007-02-20 17:24:41,121.580300,31.348100,  0,135,0
84190,2007-02-20 17:25:42,121.580300,31.348100,  0,135,0
84190,2007-02-20 17:26:43,121.580300,31.348100,  0,135,0
84190,2007-02-20 17:27:43,121.580300,31.348100,  0,135,0
84190,2007-02-20 17:28:45,121.580300,31.348100,  0,135,0
84190,2007-02-20 17:29:46,121.580300,31.348100,  0,135,0
84190,2007-02-20 17:30:47,121.580300,31.348100,  0,135,0
84190,2007-02-20 17:31:48,121.580300,31.348100,  0,135,0
84190,2007-02-20 17:32:48,121.580300,31.348100,  0,135,0
84190,2007-02-20 17:34:51,121.580300,31.348100,  0,135,0
84190,2007-02-20 17:35:52,121.580300,31.348100,  0,135,0
84190,2007-02-20 17:36:53,121.580300,31.348100,  0,135,0
84190,2007-02-20 17:37:53,121.580500,31.348100,  0,135,0
84190,2007-02-20 17:38:55,121.580500,31.348100,  0,135,0
84190,2007-02-20 17:39:56,121.580500,31.348100,  0,135,0
84190,2007-02-20 17:40:57,121.580500,31.348100,  0,135,0
84190,2007-02-20 17:41:58,121.580500,31.348100,  0,135,0
84190,2007-02-20 17:42:58,121.580500,31.348100,  0,135,0
84190,2007-02-20 17:45:01,121.580500,31.348300,  0,135,0
84190,2007-02-20 17:46:02,121.580500,31.348300,  0,135,0
84190,2007-02-20 17:47:03,121.580500,31.348300,  0,135,0
84190,2007-02-20 17:48:03,121.580500,31.348300,  0,135,0
84190,2007-02-20 17:49:05,121.580500,31.348300,  0,135,0
84190,2007-02-20 17:50:06,121.580500,31.348300,  0,135,0
84190,2007-02-20 17:51:07,121.580500,31.348300,  0,135,0
84190,2007-02-20 17:52:08,121.580500,31.348300,  0,135,0
84190,2007-02-20 17:53:08,121.580500,31.348300,  0,135,0
84190,2007-02-20 17:55:11,121.580500,31.348300,  0,135,0
84190,2007-02-20 17:57:13,121.580500,31.348300,  0,135,0
84190,2007-02-20 17:58:13,121.580500,31.348300,  0,135,0
84190,2007-02-20 17:59:15,121.580500,31.348300,  0,135,0
84190,2007-02-20 18:00:16,121.580500,31.348300,  0,135,0
84190,2007-02-20 18:01:17,121.580500,31.348300,  0,135,0
84190,2007-02-20 18:02:18,121.580500,31.348300,  0,135,0
84190,2007-02-20 18:05:21,121.580500,31.348300,  0,135,0
84190,2007-02-20 18:06:22,121.580500,31.348300,  0,135,0
84190,2007-02-20 18:07:23,121.580300,31.348500,  0,135,0
84190,2007-02-20 18:08:23,121.580300,31.348500,  0,135,0
84190,2007-02-20 18:10:26,121.580300,31.348500,  0,135,0
84190,2007-02-20 18:11:27,121.580300,31.348500,  0,135,0
84190,2007-02-20 18:12:28,121.580300,31.348500,  0,135,0
84190,2007-02-20 18:13:28,121.580300,31.348500,  0,135,0
84190,2007-02-20 18:14:30,121.580300,31.348500,  0,135,0
84190,2007-02-20 18:15:31,121.580300,31.348500,  0,135,0
84190,2007-02-20 18:16:32,121.580300,31.348500,  0,135,0
84190,2007-02-20 18:17:33,121.580100,31.348500,  0,135,0
84190,2007-02-20 18:18:33,121.580100,31.348500,  0,135,0
84190,2007-02-20 18:19:35,121.580100,31.348500,  0,135,0
84190,2007-02-20 18:20:36,121.580100,31.348500,  0,135,0
84190,2007-02-20 18:21:37,121.580500,31.348500,  0,135,0
84190,2007-02-20 18:23:38,121.580600,31.348500,  0,135,0
84190,2007-02-20 18:24:40,121.580500,31.348500,  0,135,0
84190,2007-02-20 18:25:41,121.580500,31.348500,  0,135,0
84190,2007-02-20 18:26:42,121.580500,31.348500,  0,135,0
84190,2007-02-20 18:28:43,121.580600,31.348500,  0,135,0
84190,2007-02-20 18:29:45,121.580800,31.348500,  0,135,0
84190,2007-02-20 18:30:46,121.580800,31.348500,  0,135,0
84190,2007-02-20 18:31:47,121.580600,31.348500,  0,135,0
84190,2007-02-20 18:32:48,121.580600,31.348500,  0,135,0
84190,2007-02-20 18:34:50,121.581000,31.348300,  0, 45,0
84190,2007-02-20 18:35:51,121.580800,31.348500,  0, 45,0
84190,2007-02-20 18:36:52,121.580800,31.348500,  0, 45,0
84190,2007-02-20 18:37:53,121.580800,31.348500,  0, 45,0
84190,2007-02-20 18:38:53,121.580800,31.348300,  0, 45,0
84190,2007-02-20 18:39:55,121.580800,31.348300,  0, 45,0
84190,2007-02-20 18:40:56,121.580800,31.348300,  0, 45,0
84190,2007-02-20 18:41:57,121.580800,31.348300,  0, 45,0
84190,2007-02-20 18:42:58,121.580800,31.348300,  0, 45,0
84190,2007-02-20 18:43:58,121.580800,31.348300,  0, 45,0
84190,2007-02-20 18:45:00,121.580800,31.348500,  0, 45,0
84190,2007-02-20 18:46:01,121.580600,31.348500,  0, 45,0
84190,2007-02-20 18:47:02,121.580600,31.348500,  0, 45,0
84190,2007-02-20 19:08:23,121.580500,31.348500,  0, 45,0
84190,2007-02-20 19:15:30,121.580500,31.348500,  0, 45,0
84190,2007-02-20 19:42:56,121.580500,31.348500,  0, 45,0
84190,2007-02-20 19:43:57,121.580500,31.348500,  0, 45,0
84190,2007-02-20 19:44:58,121.580500,31.348500,  0, 45,0
84190,2007-02-20 19:47:00,121.580500,31.348500,  0, 45,0
84190,2007-02-20 19:48:01,121.580500,31.348500,  0, 45,0
84190,2007-02-20 19:49:02,121.580500,31.348500,  0, 45,0
84190,2007-02-20 19:50:03,121.580500,31.348500,  0, 45,0
84190,2007-02-20 19:51:04,121.580500,31.348500,  0, 45,0
84190,2007-02-20 19:52:05,121.580500,31.348500,  0, 45,0
84190,2007-02-20 19:53:06,121.580500,31.348500,  0, 45,0
84190,2007-02-20 19:54:07,121.580500,31.348500,  0, 45,0
84190,2007-02-20 19:55:08,121.580500,31.348500,  0, 45,0
84190,2007-02-20 19:56:09,121.580500,31.348500,  0, 45,0
84190,2007-02-20 19:57:10,121.580500,31.348500,  0, 45,0
84190,2007-02-20 19:58:11,121.580500,31.348500,  0, 45,0
84190,2007-02-20 19:59:12,121.580500,31.348500,  0, 45,0
84190,2007-02-20 20:00:13,121.580500,31.348500,  0, 45,0
84190,2007-02-20 20:01:14,121.580500,31.348500,  0, 45,0
84190,2007-02-20 20:02:15,121.580500,31.348500,  0, 45,0
84190,2007-02-20 20:03:16,121.580500,31.348500,  0, 45,0
84190,2007-02-20 20:04:17,121.580500,31.348500,  0, 45,0
84190,2007-02-20 20:05:18,121.580500,31.348500,  0, 45,0
84190,2007-02-20 20:06:19,121.580500,31.348500,  0, 45,0
84190,2007-02-20 20:07:20,121.580500,31.348500,  0, 45,0
84190,2007-02-20 20:08:21,121.580500,31.348500,  0, 45,0
84190,2007-02-20 20:09:22,121.580500,31.348500,  0, 45,0
84190,2007-02-20 20:10:23,121.580500,31.348500,  0, 45,0
84190,2007-02-20 20:11:24,121.580500,31.348500,  0, 45,0
84190,2007-02-20 20:12:25,121.580500,31.348500,  0, 45,0
84190,2007-02-20 20:13:26,121.580500,31.348500,  0, 45,0
84190,2007-02-20 20:14:27,121.580500,31.348500,  0, 45,0
84190,2007-02-20 20:15:28,121.580500,31.348500,  0, 45,0
84190,2007-02-20 20:16:29,121.580500,31.348500,  0, 45,0
84190,2007-02-20 20:17:30,121.580500,31.348500,  0, 45,0
84190,2007-02-20 20:18:31,121.580500,31.348500,  0, 45,0
84190,2007-02-20 20:19:32,121.580500,31.348500,  0, 45,0
84190,2007-02-20 20:20:33,121.580500,31.348500,  0, 45,0
84190,2007-02-20 20:21:34,121.580500,31.348500,  0, 45,0
84190,2007-02-20 20:22:35,121.580500,31.348500,  0, 45,0
84190,2007-02-20 20:24:37,121.580500,31.348500,  0, 45,0
84190,2007-02-20 20:25:38,121.580500,31.348500,  0, 45,0
84190,2007-02-20 20:26:39,121.580500,31.348500,  0, 45,0
84190,2007-02-20 20:27:40,121.580500,31.348500,  0, 45,0
84190,2007-02-20 20:28:41,121.580500,31.348500,  0, 45,0
84190,2007-02-20 20:29:42,121.580500,31.348500,  0, 45,0
84190,2007-02-20 20:30:43,121.580500,31.348500,  0, 45,0
84190,2007-02-20 20:31:44,121.580500,31.348500,  0, 45,0
84190,2007-02-20 20:32:45,121.580500,31.348500,  0, 45,0
84190,2007-02-20 20:33:46,121.580500,31.348500,  0, 45,0
84190,2007-02-20 20:34:47,121.580500,31.348500,  0, 45,0
84190,2007-02-20 20:35:48,121.580500,31.348500,  0, 45,0
84190,2007-02-20 20:36:49,121.580500,31.348500,  0, 45,0
84190,2007-02-20 20:37:50,121.580500,31.348500,  0, 45,0
84190,2007-02-20 20:38:51,121.580500,31.348500,  0, 45,0
84190,2007-02-20 20:40:53,121.580500,31.348500,  0, 45,0
84190,2007-02-20 20:41:54,121.580500,31.348500,  0, 45,0
84190,2007-02-20 20:42:55,121.580500,31.348500,  0, 45,0
84190,2007-02-20 20:43:56,121.580500,31.348500,  0, 45,0
84190,2007-02-20 20:44:57,121.580500,31.348500,  0, 45,0
84190,2007-02-20 20:45:58,121.580500,31.348500,  0, 45,0
84190,2007-02-20 20:48:00,121.580500,31.348500,  0, 45,0
84190,2007-02-20 20:49:01,121.580500,31.348500,  0, 45,0
84190,2007-02-20 20:50:02,121.580500,31.348500,  0, 45,0
84190,2007-02-20 20:51:03,121.580500,31.348500,  0, 45,0
84190,2007-02-20 20:52:04,121.580500,31.348500,  0, 45,0
84190,2007-02-20 20:53:05,121.580600,31.348500,  0, 45,0
84190,2007-02-20 20:54:06,121.580600,31.348500,  0, 45,0
84190,2007-02-20 20:55:07,121.580600,31.348500,  0, 45,0
84190,2007-02-20 20:56:08,121.580600,31.348500,  0, 45,0
84190,2007-02-20 20:57:09,121.580600,31.348500,  0, 45,0
84190,2007-02-20 20:58:10,121.580600,31.348500,  0, 45,0
84190,2007-02-20 20:59:11,121.580600,31.348500,  0, 45,0
84190,2007-02-20 21:00:12,121.580600,31.348500,  0, 45,0
84190,2007-02-20 21:01:13,121.580600,31.348500,  0, 45,0
84190,2007-02-20 21:03:15,121.580600,31.348500,  0, 45,0
84190,2007-02-20 21:04:16,121.580600,31.348500,  0, 45,0
84190,2007-02-20 21:05:17,121.580600,31.348500,  0, 45,0
84190,2007-02-20 21:06:18,121.580600,31.348500,  0, 45,0
84190,2007-02-20 21:07:19,121.580600,31.348500,  0, 45,0
84190,2007-02-20 21:08:20,121.580600,31.348500,  0, 45,0
84190,2007-02-20 21:09:21,121.580600,31.348500,  0, 45,0
84190,2007-02-20 21:10:22,121.580600,31.348500,  0, 45,0
84190,2007-02-20 21:11:23,121.580500,31.348500,  0, 45,0
84190,2007-02-20 21:12:24,121.580500,31.348500,  0, 45,0
84190,2007-02-20 21:13:25,121.580500,31.348500,  0, 45,0
84190,2007-02-20 21:14:26,121.580500,31.348500,  0, 45,0
84190,2007-02-20 21:15:27,121.580500,31.348500,  0, 45,0
84190,2007-02-20 21:16:28,121.580500,31.348500,  0, 45,0
84190,2007-02-20 21:17:29,121.580500,31.348500,  0, 45,0
84190,2007-02-20 21:18:30,121.580500,31.348500,  0, 45,0
84190,2007-02-20 21:19:31,121.580500,31.348500,  0, 45,0
84190,2007-02-20 21:20:32,121.580500,31.348500,  0, 45,0
84190,2007-02-20 21:21:33,121.580500,31.348500,  0, 45,0
84190,2007-02-20 21:22:34,121.580500,31.348500,  0, 45,0
84190,2007-02-20 21:23:35,121.580500,31.348500,  0, 45,0
84190,2007-02-20 21:24:36,121.580500,31.348500,  0, 45,0
84190,2007-02-20 21:25:37,121.580500,31.348500,  0, 45,0
84190,2007-02-20 21:26:38,121.580500,31.348500,  0, 45,0
84190,2007-02-20 21:27:39,121.580500,31.348500,  0, 45,0
84190,2007-02-20 21:28:40,121.580500,31.348500,  0, 45,0
84190,2007-02-20 21:29:41,121.580500,31.348500,  0, 45,0
84190,2007-02-20 21:30:42,121.580500,31.348500,  0, 45,0
84190,2007-02-20 21:31:43,121.580500,31.348500,  0, 45,0
84190,2007-02-20 21:33:45,121.580500,31.348500,  0, 45,0
84190,2007-02-20 21:34:46,121.580500,31.348500,  0, 45,0
84190,2007-02-20 21:35:47,121.580500,31.348500,  0, 45,0
84190,2007-02-20 21:36:48,121.580500,31.348500,  0, 45,0
84190,2007-02-20 21:37:49,121.580500,31.348500,  0, 45,0
84190,2007-02-20 21:38:50,121.580500,31.348500,  0, 45,0
84190,2007-02-20 21:39:51,121.580500,31.348500,  0, 45,0
84190,2007-02-20 21:40:52,121.580500,31.348500,  0, 45,0
84190,2007-02-20 21:41:53,121.580500,31.348500,  0, 45,0
84190,2007-02-20 21:43:55,121.580500,31.348500,  0, 45,0
84190,2007-02-20 21:44:56,121.580500,31.348500,  0, 45,0
84190,2007-02-20 21:46:58,121.580500,31.348500,  0, 45,0
84190,2007-02-20 21:47:59,121.580500,31.348500,  0, 45,0
84190,2007-02-20 21:49:00,121.580500,31.348500,  0, 45,0
84190,2007-02-20 21:50:00,121.580500,31.348500,  0, 45,0
84190,2007-02-20 21:51:01,121.580500,31.348500,  0, 45,0
84190,2007-02-20 21:52:02,121.580500,31.348500,  0, 45,0
84190,2007-02-20 21:53:04,121.580500,31.348500,  0, 45,0
84190,2007-02-20 21:54:04,121.580500,31.348500,  0, 45,0
84190,2007-02-20 21:55:05,121.580500,31.348500,  0, 45,0
84190,2007-02-20 21:56:06,121.580500,31.348500,  0, 45,0
84190,2007-02-20 21:57:07,121.580500,31.348500,  0, 45,0
84190,2007-02-20 21:58:09,121.580500,31.348500,  0, 45,0
84190,2007-02-20 21:59:09,121.580500,31.348500,  0, 45,0
84190,2007-02-20 22:00:10,121.580500,31.348500,  0, 45,0
84190,2007-02-20 22:01:11,121.580500,31.348500,  0, 45,0
84190,2007-02-20 22:02:12,121.580500,31.348500,  0, 45,0
84190,2007-02-20 22:03:14,121.580500,31.348500,  0, 45,0
84190,2007-02-20 22:04:14,121.580500,31.348500,  0, 45,0
84190,2007-02-20 22:05:15,121.580500,31.348500,  0, 45,0
84190,2007-02-20 22:06:16,121.580500,31.348500,  0, 45,0
84190,2007-02-20 22:07:17,121.580500,31.348500,  0, 45,0
84190,2007-02-20 22:08:19,121.580500,31.348500,  0, 45,0
84190,2007-02-20 22:09:19,121.580500,31.348500,  0, 45,0
84190,2007-02-20 22:10:20,121.580500,31.348500,  0, 45,0
84190,2007-02-20 22:11:21,121.580500,31.348500,  0, 45,0
84190,2007-02-20 22:12:22,121.580500,31.348500,  0, 45,0
84190,2007-02-20 22:13:23,121.580500,31.348500,  0, 45,0
84190,2007-02-20 22:14:24,121.580500,31.348500,  0, 45,0
84190,2007-02-20 22:15:25,121.580600,31.348500,  0, 45,0
84190,2007-02-20 22:16:26,121.580600,31.348500,  0, 45,0
84190,2007-02-20 22:17:27,121.580600,31.348500,  0, 45,0
84190,2007-02-20 22:18:28,121.580600,31.348500,  0, 45,0
84190,2007-02-20 22:19:29,121.580600,31.348500,  0, 45,0
84190,2007-02-20 22:20:30,121.580600,31.348500,  0, 45,0
84190,2007-02-20 22:21:31,121.580100,31.348100, 32,112,0
84190,2007-02-20 22:21:51,121.579100,31.347800, 16,  0,0
84190,2007-02-20 22:22:07,121.578600,31.348800, 14,157,0
84190,2007-02-20 22:22:23,121.577500,31.348600, 14,135,0
84190,2007-02-20 22:24:09,121.581300,31.343100, 54, 67,1
84190,2007-02-20 22:25:10,121.581500,31.338800,  0,112,1
84190,2007-02-20 22:26:11,121.576100,31.339800, 82,157,1
84190,2007-02-20 22:27:12,121.569500,31.348300, 68,  0,1
84190,2007-02-20 22:28:13,121.565600,31.348500, 28,157,1
84190,2007-02-20 22:28:52,121.565100,31.350100,  0,  0,0
84190,2007-02-20 22:29:08,121.565100,31.350100,  0, 90,0
84190,2007-02-20 22:29:28,121.565300,31.349100, 44, 90,0
84190,2007-02-20 22:29:45,121.566100,31.347500, 52, 90,0
84190,2007-02-20 22:30:00,121.567000,31.345500, 60, 90,0
84190,2007-02-20 22:30:16,121.567800,31.343500, 32, 67,0
84190,2007-02-20 22:30:33,121.569300,31.342000, 64, 67,0
84190,2007-02-20 22:30:48,121.571300,31.340800, 28, 45,0
84190,2007-02-20 22:31:04,121.572600,31.342300, 60, 22,0
84190,2007-02-20 22:31:21,121.574500,31.344000, 46, 45,0
84190,2007-02-20 22:31:53,121.576000,31.346000, 12, 22,0
84190,2007-02-20 22:32:17,121.576500,31.346800, 30,157,0
84190,2007-02-20 22:32:33,121.575500,31.347600,  8,157,0
84190,2007-02-20 22:33:33,121.575500,31.347800,  0,157,0
84190,2007-02-20 22:34:34,121.575500,31.347800,  0,157,0
84190,2007-02-20 22:35:35,121.575500,31.347800,  0,157,0
84190,2007-02-20 22:36:36,121.575500,31.347800,  0,157,0
84190,2007-02-20 22:37:37,121.575500,31.347800,  0,157,0
84190,2007-02-20 22:38:38,121.575500,31.347800,  0,157,0
84190,2007-02-20 22:39:40,121.575500,31.347800,  0,157,0
84190,2007-02-20 22:40:40,121.575500,31.347800,  0,157,0
84190,2007-02-20 22:41:42,121.575500,31.347800,  0,157,0
84190,2007-02-20 22:42:42,121.575500,31.347800,  0,157,0
84190,2007-02-20 22:43:43,121.575500,31.347800,  0,157,0
84190,2007-02-20 22:44:44,121.575500,31.347800,  0,157,0
84190,2007-02-20 22:45:45,121.575500,31.347800,  0,157,0
84190,2007-02-20 22:47:48,121.575500,31.347800,  0,157,0
84190,2007-02-20 22:48:48,121.575500,31.347800,  0,157,0
84190,2007-02-20 22:49:50,121.575500,31.347800,  0,157,0
84190,2007-02-20 22:50:50,121.575500,31.347800,  0,157,0
84190,2007-02-20 22:51:52,121.575500,31.347800,  0,157,0
84190,2007-02-20 22:52:53,121.575500,31.347800,  0,157,0
84190,2007-02-20 22:53:53,121.575500,31.347800,  0,157,0
84190,2007-02-20 22:54:54,121.575500,31.347800,  0,157,0
84190,2007-02-20 22:55:54,121.575500,31.347800,  0,157,0
84190,2007-02-20 22:56:55,121.575500,31.347800,  0,157,0
84190,2007-02-20 22:57:56,121.575500,31.347800,  0,157,0
84190,2007-02-20 22:58:57,121.575500,31.347800,  0,157,0
84190,2007-02-20 22:59:59,121.575500,31.347800,  0,157,0
84190,2007-02-20 23:01:00,121.575500,31.347800,  0,157,0
84190,2007-02-20 23:02:01,121.575500,31.347800,  0,157,0
84190,2007-02-20 23:03:02,121.575500,31.347800,  0,157,0
84190,2007-02-20 23:04:02,121.575500,31.347800,  0,157,0
84190,2007-02-20 23:06:05,121.575500,31.347800,  0,157,0
84190,2007-02-20 23:07:06,121.575500,31.347800,  0,157,0
84190,2007-02-20 23:08:07,121.575500,31.347800,  0,157,0
84190,2007-02-20 23:09:07,121.575500,31.347800,  0,157,0
84190,2007-02-20 23:09:52,121.574500,31.348500, 18,135,0
84190,2007-02-20 23:10:07,121.573600,31.347600, 28,112,0
84190,2007-02-20 23:10:24,121.574100,31.346100, 56, 67,0
84190,2007-02-20 23:10:40,121.575000,31.345000, 32, 67,0
84190,2007-02-20 23:11:41,121.575100,31.344600,  0, 90,0
84190,2007-02-20 23:12:25,121.572800,31.343000, 26,112,0
84190,2007-02-20 23:12:41,121.571500,31.344000, 66,157,0
84190,2007-02-20 23:12:57,121.570100,31.345000, 34,112,0
84190,2007-02-20 23:13:12,121.568600,31.344000, 40,112,0
84190,2007-02-20 23:13:31,121.567500,31.343300, 42,112,0
84190,2007-02-20 23:13:47,121.565800,31.342100, 44,112,0
84190,2007-02-20 23:14:02,121.564800,31.341600, 10,157,0
84190,2007-02-20 23:15:04,121.564600,31.341800,  0,135,0
84190,2007-02-20 23:16:05,121.564600,31.341800,  0,135,0
84190,2007-02-20 23:17:06,121.564600,31.341800,  0,135,0
84190,2007-02-20 23:18:07,121.564600,31.341800,  0,135,0
84190,2007-02-20 23:19:07,121.564800,31.341800,  0, 45,0
84190,2007-02-20 23:21:10,121.564800,31.341800,  0, 45,0
84190,2007-02-20 23:22:11,121.564800,31.341800,  0, 45,0
84190,2007-02-20 23:23:12,121.564800,31.341800,  0, 45,0
84190,2007-02-20 23:24:12,121.564800,31.341800,  0, 45,0
84190,2007-02-20 23:25:14,121.564800,31.341800,  0, 45,0
84190,2007-02-20 23:26:15,121.564800,31.341800,  0, 45,0
84190,2007-02-20 23:27:16,121.564800,31.341500,  8, 90,0
84190,2007-02-20 23:27:32,121.563800,31.340800, 36,112,0
84190,2007-02-20 23:27:47,121.562800,31.341000, 44,157,0
84190,2007-02-20 23:28:03,121.561500,31.342600, 58,157,0
84190,2007-02-20 23:28:20,121.559600,31.345000, 76,157,0
84190,2007-02-20 23:28:52,121.556600,31.349800, 74,157,0
84190,2007-02-20 23:29:07,121.555500,31.351800, 14,157,0
84190,2007-02-20 23:29:26,121.555100,31.352600, 54,157,0
84190,2007-02-20 23:29:42,121.553800,31.354500, 58,157,0
84190,2007-02-20 23:29:57,121.552000,31.356500, 76,157,0
84190,2007-02-20 23:30:30,121.549000,31.362100, 78,157,0
84190,2007-02-20 23:30:46,121.547500,31.364000, 74,157,0
84190,2007-02-20 23:31:02,121.545500,31.365300, 54,135,0
84190,2007-02-20 23:31:17,121.543300,31.366000, 62,135,0
84190,2007-02-20 23:31:33,121.541500,31.366600, 10,  0,0
84190,2007-02-20 23:33:36,121.541300,31.366600, 16,135,0
84190,2007-02-20 23:33:52,121.539600,31.367100, 28,135,0
84190,2007-02-20 23:34:07,121.539500,31.366100, 50, 67,0
84190,2007-02-20 23:34:23,121.539600,31.365100, 38,112,0
84190,2007-02-20 23:34:40,121.537800,31.364300, 32,112,0
84190,2007-02-20 23:34:57,121.536800,31.364000, 22,112,0
84190,2007-02-20 23:35:12,121.535800,31.363500, 24,112,0
84190,2007-02-20 23:35:28,121.534600,31.362500, 56,112,0
84190,2007-02-20 23:36:01,121.532000,31.359100, 32, 90,0
84190,2007-02-20 23:36:17,121.531600,31.357800, 46, 90,0
84190,2007-02-20 23:36:32,121.531000,31.356000, 56, 90,0
84190,2007-02-20 23:36:48,121.530500,31.354600, 50, 90,0
84190,2007-02-20 23:37:05,121.529800,31.352800, 62, 90,0
84190,2007-02-20 23:37:21,121.529500,31.351500, 10, 90,0
84190,2007-02-20 23:37:36,121.528800,31.350500, 50,112,0
84190,2007-02-20 23:37:52,121.528000,31.349500, 10,135,0
84190,2007-02-20 23:38:25,121.524100,31.351500, 66,157,0
84190,2007-02-20 23:38:40,121.521500,31.352600, 74,157,0
84190,2007-02-20 23:38:57,121.518500,31.354000, 76,157,0
84190,2007-02-20 23:39:12,121.515500,31.355300, 76,157,0
84190,2007-02-20 23:39:28,121.513300,31.356600, 24,  0,0
84190,2007-02-20 23:39:44,121.513600,31.357800, 16, 22,0
84190,2007-02-20 23:40:46,121.514000,31.357800,  0, 45,0
84190,2007-02-20 23:41:47,121.514000,31.357800,  0, 45,0
84190,2007-02-20 23:42:47,121.514000,31.357800,  0, 45,0
84190,2007-02-20 23:43:49,121.514000,31.357800,  0, 45,0
84190,2007-02-20 23:44:50,121.514000,31.357800,  0, 45,0
84190,2007-02-20 23:46:52,121.514000,31.357800,  0, 45,0
84190,2007-02-20 23:47:52,121.514000,31.357800,  0, 45,0
84190,2007-02-20 23:49:55,121.514000,31.357800,  0, 45,0
84190,2007-02-20 23:50:56,121.514000,31.357800,  0, 45,0
84190,2007-02-20 23:51:57,121.514000,31.357800,  0, 45,0
84190,2007-02-20 23:52:57,121.514000,31.357800,  0, 45,0
84190,2007-02-20 23:53:58,121.514000,31.357800,  0, 45,0
84190,2007-02-20 23:55:00,121.514000,31.357800,  0, 45,0
84190,2007-02-20 23:56:01,121.514000,31.357800,  0, 45,0
84190,2007-02-20 23:58:02,121.514000,31.357800,  0, 45,0
84190,2007-02-20 23:59:03,121.514000,31.357800,  0, 45,0
