87615,2007-02-20 00:00:47,121.447300,31.280800,  0, 90,0
87615,2007-02-20 00:01:48,121.447300,31.280800,  0, 90,0
87615,2007-02-20 00:03:50,121.447300,31.280800,  0, 90,0
87615,2007-02-20 00:04:51,121.447300,31.280800,  0, 90,0
87615,2007-02-20 00:05:52,121.447300,31.280800,  0, 90,0
87615,2007-02-20 00:06:53,121.447300,31.280800,  0, 90,0
87615,2007-02-20 00:07:54,121.447300,31.280800,  0, 90,0
87615,2007-02-20 00:08:55,121.447300,31.280800,  0, 90,0
87615,2007-02-20 00:09:56,121.447300,31.280800,  0, 90,0
87615,2007-02-20 00:10:57,121.447300,31.280800,  0, 90,0
87615,2007-02-20 00:14:00,121.447300,31.280800,  0, 90,0
87615,2007-02-20 00:15:01,121.447300,31.280800,  0, 90,0
87615,2007-02-20 00:16:02,121.447300,31.280800,  0, 90,0
87615,2007-02-20 00:17:03,121.447300,31.280800,  0, 90,0
87615,2007-02-20 00:19:05,121.447300,31.280800,  0, 90,0
87615,2007-02-20 00:20:06,121.447300,31.280800,  0, 90,0
87615,2007-02-20 00:21:07,121.447300,31.280800,  0, 90,0
87615,2007-02-20 00:22:08,121.447300,31.280800,  0, 90,0
87615,2007-02-20 00:23:09,121.447300,31.280800,  0, 90,0
87615,2007-02-20 00:24:10,121.447300,31.280800,  0, 90,0
87615,2007-02-20 00:25:11,121.447300,31.280800,  0, 90,0
87615,2007-02-20 00:26:12,121.447300,31.280800,  0, 90,0
87615,2007-02-20 00:27:13,121.447300,31.280800,  0, 90,0
87615,2007-02-20 00:28:14,121.447300,31.280800,  0, 90,0
87615,2007-02-20 00:29:15,121.447300,31.280800,  0, 90,0
87615,2007-02-20 00:30:16,121.447300,31.280800,  0, 90,0
87615,2007-02-20 00:31:17,121.447300,31.280800,  0, 90,0
87615,2007-02-20 00:33:19,121.447300,31.280800,  0, 90,0
87615,2007-02-20 00:34:20,121.447300,31.280800,  0, 90,0
87615,2007-02-20 00:35:21,121.447300,31.280800,  0, 90,0
87615,2007-02-20 00:36:22,121.447300,31.280800,  0, 90,0
87615,2007-02-20 00:37:22,121.447300,31.280800,  0, 90,0
87615,2007-02-20 00:38:24,121.447300,31.280800,  0, 90,0
87615,2007-02-20 00:39:25,121.447300,31.280800,  0, 90,0
87615,2007-02-20 00:40:26,121.447300,31.280800,  0, 90,0
87615,2007-02-20 00:40:58,121.447300,31.280800,  0, 90,0
87615,2007-02-20 00:41:59,121.447300,31.280800,  0, 90,0
87615,2007-02-20 00:43:00,121.447300,31.280800,  0, 90,0
87615,2007-02-20 00:44:01,121.447300,31.280800,  0, 90,0
87615,2007-02-20 00:45:02,121.447300,31.280800,  0, 90,0
87615,2007-02-20 00:46:02,121.447300,31.280800,  0, 90,0
87615,2007-02-20 00:47:04,121.447300,31.280800,  0, 90,0
87615,2007-02-20 00:48:05,121.447300,31.280800,  0, 90,0
87615,2007-02-20 00:49:06,121.447300,31.280800,  0, 90,0
87615,2007-02-20 00:51:07,121.447300,31.280800,  0, 90,0
87615,2007-02-20 00:52:09,121.447300,31.280800,  0, 90,0
87615,2007-02-20 00:53:10,121.447300,31.280800,  0, 90,0
87615,2007-02-20 00:54:11,121.447300,31.280800,  0, 90,0
87615,2007-02-20 00:55:12,121.447300,31.280800,  0, 90,0
87615,2007-02-20 00:56:12,121.447300,31.280800,  0, 90,0
87615,2007-02-20 00:57:14,121.447300,31.280800,  0, 90,0
87615,2007-02-20 00:59:16,121.447300,31.280800,  0, 90,0
87615,2007-02-20 01:00:17,121.447300,31.280800,  0, 90,0
87615,2007-02-20 01:01:17,121.447300,31.280800,  0, 90,0
87615,2007-02-20 01:02:19,121.447300,31.280800,  0, 90,0
87615,2007-02-20 01:03:20,121.447300,31.280800,  0, 90,0
87615,2007-02-20 01:04:21,121.447300,31.280800,  0, 90,0
87615,2007-02-20 01:05:22,121.447300,31.280800,  0, 90,0
87615,2007-02-20 01:06:22,121.447300,31.280800,  0, 90,0
87615,2007-02-20 01:07:24,121.447300,31.280800,  0, 90,0
87615,2007-02-20 01:08:25,121.447300,31.280800,  0, 90,0
87615,2007-02-20 01:09:26,121.447300,31.280800,  0, 90,0
87615,2007-02-20 01:10:27,121.447300,31.280800,  0, 90,0
87615,2007-02-20 01:11:27,121.447300,31.280800,  0, 90,0
87615,2007-02-20 01:12:36,121.447300,31.280800,  0, 90,0
87615,2007-02-20 01:13:37,121.447300,31.280800,  0, 90,0
87615,2007-02-20 01:14:38,121.447300,31.280800,  0, 90,0
87615,2007-02-20 01:15:39,121.447300,31.280800,  0, 90,0
87615,2007-02-20 01:16:40,121.447300,31.280800,  0, 90,0
87615,2007-02-20 01:17:41,121.447300,31.280800,  0, 90,0
87615,2007-02-20 01:18:42,121.447300,31.280800,  0, 90,0
87615,2007-02-20 01:19:43,121.447300,31.280800,  0, 90,0
87615,2007-02-20 01:20:44,121.447300,31.280800,  0, 90,0
87615,2007-02-20 01:21:45,121.447300,31.280800,  0, 90,0
87615,2007-02-20 01:22:46,121.447300,31.280800,  0, 90,0
87615,2007-02-20 01:23:47,121.447300,31.280800,  0, 90,0
87615,2007-02-20 01:24:48,121.447300,31.280800,  0, 90,0
87615,2007-02-20 01:25:49,121.447300,31.280800,  0, 90,0
87615,2007-02-20 01:26:50,121.447300,31.280800,  0, 90,0
87615,2007-02-20 01:28:52,121.447300,31.280800,  0, 90,0
87615,2007-02-20 01:29:53,121.447300,31.280800,  0, 90,0
87615,2007-02-20 01:30:54,121.447300,31.280800,  0, 90,0
87615,2007-02-20 01:31:55,121.447300,31.280800,  0, 90,0
87615,2007-02-20 01:32:56,121.447300,31.280800,  0, 90,0
87615,2007-02-20 01:33:57,121.447300,31.280800,  0, 90,0
87615,2007-02-20 01:34:58,121.447300,31.280800,  0, 90,0
87615,2007-02-20 01:35:59,121.447300,31.280800,  0, 90,0
87615,2007-02-20 01:37:00,121.447300,31.280800,  0, 90,0
87615,2007-02-20 01:38:01,121.447300,31.280800,  0, 90,0
87615,2007-02-20 01:39:02,121.447300,31.280800,  0, 90,0
87615,2007-02-20 01:41:04,121.447300,31.280800,  0, 90,0
87615,2007-02-20 01:42:05,121.447300,31.280800,  0, 90,0
87615,2007-02-20 01:43:06,121.447300,31.280800,  0, 90,0
87615,2007-02-20 01:44:07,121.447300,31.280800,  0, 90,0
87615,2007-02-20 01:45:08,121.447300,31.280800,  0, 90,0
87615,2007-02-20 01:47:10,121.447300,31.280800,  0, 90,0
87615,2007-02-20 01:48:11,121.447300,31.280800,  0, 90,0
87615,2007-02-20 01:49:12,121.447300,31.280800,  0, 90,0
87615,2007-02-20 01:50:13,121.447300,31.280800,  0, 90,0
87615,2007-02-20 01:51:14,121.447300,31.280800,  0, 90,0
87615,2007-02-20 01:52:15,121.447300,31.280800,  0, 90,0
87615,2007-02-20 01:53:16,121.447300,31.280800,  0, 90,0
87615,2007-02-20 01:54:17,121.447300,31.280800,  0, 90,0
87615,2007-02-20 01:55:18,121.447300,31.280800,  0, 90,0
87615,2007-02-20 01:56:19,121.447300,31.280800,  0, 90,0
87615,2007-02-20 01:57:20,121.447300,31.280800,  0, 90,0
87615,2007-02-20 01:58:21,121.447300,31.280800,  0, 90,0
87615,2007-02-20 01:59:22,121.447300,31.280800,  0, 90,0
87615,2007-02-20 02:01:24,121.447300,31.280800,  0, 90,0
87615,2007-02-20 02:02:25,121.447300,31.280800,  0, 90,0
87615,2007-02-20 02:04:27,121.447300,31.280800,  0, 90,0
87615,2007-02-20 02:06:29,121.447300,31.280800,  0, 90,0
87615,2007-02-20 02:07:30,121.447300,31.280800,  0, 90,0
87615,2007-02-20 02:08:31,121.447300,31.280800,  0, 90,0
87615,2007-02-20 02:09:32,121.447300,31.280800,  0, 90,0
87615,2007-02-20 02:10:33,121.447300,31.280800,  0, 90,0
87615,2007-02-20 02:11:34,121.447300,31.280800,  0, 90,0
87615,2007-02-20 02:12:35,121.447300,31.280800,  0, 90,0
87615,2007-02-20 02:13:36,121.447300,31.280800,  0, 90,0
87615,2007-02-20 02:14:37,121.447300,31.280800,  0, 90,0
87615,2007-02-20 02:15:38,121.447300,31.280800,  0, 90,0
87615,2007-02-20 02:16:39,121.447300,31.280800,  0, 90,0
87615,2007-02-20 02:17:40,121.447300,31.280800,  0, 90,0
87615,2007-02-20 02:18:41,121.447300,31.280800,  0, 90,0
87615,2007-02-20 02:19:42,121.447300,31.280800,  0, 90,0
87615,2007-02-20 02:20:43,121.447300,31.280800,  0, 90,0
87615,2007-02-20 02:21:44,121.447300,31.280800,  0, 90,0
87615,2007-02-20 02:22:45,121.447300,31.280800,  0, 90,0
87615,2007-02-20 02:23:46,121.447300,31.280800,  0, 90,0
87615,2007-02-20 02:24:47,121.447300,31.280800,  0, 90,0
87615,2007-02-20 02:25:48,121.447300,31.280800,  0, 90,0
87615,2007-02-20 02:26:49,121.447300,31.280800,  0, 90,0
87615,2007-02-20 02:27:50,121.447300,31.280800,  0, 90,0
87615,2007-02-20 02:28:51,121.447300,31.280800,  0, 90,0
87615,2007-02-20 02:29:52,121.447300,31.280800,  0, 90,0
87615,2007-02-20 02:30:53,121.447300,31.280800,  0, 90,0
87615,2007-02-20 02:31:54,121.447300,31.280800,  0, 90,0
87615,2007-02-20 02:32:55,121.447300,31.280800,  0, 90,0
87615,2007-02-20 02:33:56,121.447300,31.280800,  0, 90,0
87615,2007-02-20 02:34:57,121.447300,31.280800,  0, 90,0
87615,2007-02-20 02:35:58,121.447300,31.280800,  0, 90,0
87615,2007-02-20 02:36:59,121.447300,31.280800,  0, 90,0
87615,2007-02-20 02:38:00,121.447300,31.280800,  0, 90,0
87615,2007-02-20 02:39:01,121.447300,31.280800,  0, 90,0
87615,2007-02-20 02:40:02,121.447300,31.280800,  0, 90,0
87615,2007-02-20 02:41:03,121.447300,31.280800,  0, 90,0
87615,2007-02-20 02:42:04,121.447300,31.280800,  0, 90,0
87615,2007-02-20 02:43:05,121.447300,31.280800,  0, 90,0
87615,2007-02-20 02:45:07,121.447300,31.280800,  0, 90,0
87615,2007-02-20 02:46:08,121.447300,31.280800,  0, 90,0
87615,2007-02-20 02:48:10,121.447300,31.280800,  0, 90,0
87615,2007-02-20 02:49:11,121.447300,31.280800,  0, 90,0
87615,2007-02-20 02:50:12,121.447300,31.280800,  0, 90,0
87615,2007-02-20 02:51:13,121.447300,31.280800,  0, 90,0
87615,2007-02-20 02:52:14,121.447300,31.280800,  0, 90,0
87615,2007-02-20 02:53:15,121.447300,31.280800,  0, 90,0
87615,2007-02-20 02:54:16,121.447300,31.280800,  0, 90,0
87615,2007-02-20 02:55:17,121.447300,31.280800,  0, 90,0
87615,2007-02-20 02:56:18,121.447300,31.280800,  0, 90,0
87615,2007-02-20 02:57:19,121.447300,31.280800,  0, 90,0
87615,2007-02-20 02:58:20,121.447300,31.280800,  0, 90,0
87615,2007-02-20 02:59:21,121.447300,31.280800,  0, 90,0
87615,2007-02-20 03:00:21,121.447300,31.280800,  0, 90,0
87615,2007-02-20 03:01:22,121.447300,31.280800,  0, 90,0
87615,2007-02-20 03:02:23,121.447300,31.280800,  0, 90,0
87615,2007-02-20 03:03:24,121.447300,31.280800,  0, 90,0
87615,2007-02-20 03:04:25,121.447300,31.280800,  0, 90,0
87615,2007-02-20 03:05:26,121.447300,31.280800,  0, 90,0
87615,2007-02-20 03:06:27,121.447300,31.280800,  0, 90,0
87615,2007-02-20 03:08:29,121.447300,31.280800,  0, 90,0
87615,2007-02-20 03:10:31,121.447300,31.280800,  0, 90,0
87615,2007-02-20 03:12:33,121.447300,31.280800,  0, 90,0
87615,2007-02-20 03:13:34,121.447300,31.280800,  0, 90,0
87615,2007-02-20 03:14:35,121.447300,31.280800,  0, 90,0
87615,2007-02-20 03:15:36,121.447300,31.280800,  0, 90,0
87615,2007-02-20 03:16:37,121.447300,31.280800,  0, 90,0
87615,2007-02-20 03:18:39,121.447300,31.280800,  0, 90,0
87615,2007-02-20 03:19:40,121.447300,31.280800,  0, 90,0
87615,2007-02-20 03:20:41,121.447300,31.280800,  0, 90,0
87615,2007-02-20 03:21:42,121.447300,31.280800,  0, 90,0
87615,2007-02-20 03:22:43,121.447300,31.280800,  0, 90,0
87615,2007-02-20 03:23:18,121.447300,31.280800,  0, 90,0
87615,2007-02-20 03:24:18,121.447300,31.280800,  0, 90,0
87615,2007-02-20 03:25:19,121.447300,31.280800,  0, 90,0
87615,2007-02-20 03:26:20,121.447300,31.280800,  0, 90,0
87615,2007-02-20 03:27:21,121.447300,31.280800,  0, 90,0
87615,2007-02-20 03:28:21,121.447300,31.280800,  0, 90,0
87615,2007-02-20 03:29:23,121.447300,31.280800,  0, 90,0
87615,2007-02-20 03:30:24,121.447300,31.280800,  0, 90,0
87615,2007-02-20 03:31:25,121.447300,31.280800,  0, 90,0
87615,2007-02-20 03:32:26,121.447300,31.280800,  0, 90,0
87615,2007-02-20 03:33:26,121.447300,31.280800,  0, 90,0
87615,2007-02-20 03:35:29,121.447300,31.280800,  0, 90,0
87615,2007-02-20 03:36:30,121.447300,31.280800,  0, 90,0
87615,2007-02-20 03:37:31,121.447300,31.280800,  0, 90,0
87615,2007-02-20 03:38:31,121.447300,31.280800,  0, 90,0
87615,2007-02-20 03:39:33,121.447300,31.280800,  0, 90,0
87615,2007-02-20 03:40:34,121.447300,31.280800,  0, 90,0
87615,2007-02-20 03:41:35,121.447300,31.280800,  0, 90,0
87615,2007-02-20 03:42:36,121.447300,31.280800,  0, 90,0
87615,2007-02-20 03:43:36,121.447300,31.280800,  0, 90,0
87615,2007-02-20 03:44:38,121.447300,31.280800,  0, 90,0
87615,2007-02-20 03:46:40,121.447300,31.280800,  0, 90,0
87615,2007-02-20 03:47:41,121.447300,31.280800,  0, 90,0
87615,2007-02-20 03:48:41,121.447300,31.280800,  0, 90,0
87615,2007-02-20 03:49:43,121.447300,31.280800,  0, 90,0
87615,2007-02-20 03:50:44,121.447300,31.280800,  0, 90,0
87615,2007-02-20 03:52:46,121.447300,31.280800,  0, 90,0
87615,2007-02-20 03:53:46,121.447300,31.280800,  0, 90,0
87615,2007-02-20 03:54:48,121.447300,31.280800,  0, 90,0
87615,2007-02-20 03:55:49,121.447300,31.280800,  0, 90,0
87615,2007-02-20 03:56:50,121.447300,31.280800,  0, 90,0
87615,2007-02-20 03:57:51,121.447300,31.280800,  0, 90,0
87615,2007-02-20 03:58:51,121.447300,31.280800,  0, 90,0
87615,2007-02-20 03:59:53,121.447300,31.280800,  0, 90,0
87615,2007-02-20 04:00:54,121.447300,31.280800,  0, 90,0
87615,2007-02-20 04:01:55,121.447300,31.280800,  0, 90,0
87615,2007-02-20 04:02:56,121.447300,31.280800,  0, 90,0
87615,2007-02-20 04:03:56,121.447300,31.280800,  0, 90,0
87615,2007-02-20 04:04:58,121.447300,31.280800,  0, 90,0
87615,2007-02-20 04:05:59,121.447300,31.280800,  0, 90,0
87615,2007-02-20 04:07:00,121.447300,31.280800,  0, 90,0
87615,2007-02-20 04:08:01,121.447300,31.280800,  0, 90,0
87615,2007-02-20 04:09:01,121.447300,31.280800,  0, 90,0
87615,2007-02-20 04:10:03,121.447300,31.280800,  0, 90,0
87615,2007-02-20 04:11:04,121.447300,31.280800,  0, 90,0
87615,2007-02-20 04:12:05,121.447300,31.280800,  0, 90,0
87615,2007-02-20 04:13:06,121.447300,31.280800,  0, 90,0
87615,2007-02-20 04:14:06,121.447300,31.280800,  0, 90,0
87615,2007-02-20 04:15:08,121.447300,31.280800,  0, 90,0
87615,2007-02-20 04:16:09,121.447300,31.280800,  0, 90,0
87615,2007-02-20 04:17:10,121.447300,31.280800,  0, 90,0
87615,2007-02-20 04:19:11,121.447300,31.280800,  0, 90,0
87615,2007-02-20 04:20:13,121.447300,31.280800,  0, 90,0
87615,2007-02-20 04:21:14,121.447300,31.280800,  0, 90,0
87615,2007-02-20 04:22:15,121.447300,31.280800,  0, 90,0
87615,2007-02-20 04:23:16,121.447300,31.280800,  0, 90,0
87615,2007-02-20 04:24:16,121.447300,31.280800,  0, 90,0
87615,2007-02-20 04:25:18,121.447300,31.280800,  0, 90,0
87615,2007-02-20 04:26:19,121.447300,31.280800,  0, 90,0
87615,2007-02-20 04:27:20,121.447300,31.280800,  0, 90,0
87615,2007-02-20 04:29:21,121.447300,31.280800,  0, 90,0
87615,2007-02-20 04:30:23,121.447300,31.280800,  0, 90,0
87615,2007-02-20 04:31:24,121.447300,31.280800,  0, 90,0
87615,2007-02-20 04:32:25,121.447300,31.280800,  0, 90,0
87615,2007-02-20 04:33:26,121.447300,31.280800,  0, 90,0
87615,2007-02-20 04:34:26,121.447300,31.280800,  0, 90,0
87615,2007-02-20 04:35:28,121.447300,31.280800,  0, 90,0
87615,2007-02-20 04:36:29,121.447300,31.280800,  0, 90,0
87615,2007-02-20 04:37:30,121.447300,31.280800,  0, 90,0
87615,2007-02-20 04:38:31,121.447300,31.280800,  0, 90,0
87615,2007-02-20 04:39:31,121.447300,31.280800,  0, 90,0
87615,2007-02-20 04:40:33,121.447300,31.280800,  0, 90,0
87615,2007-02-20 04:41:34,121.447300,31.280800,  0, 90,0
87615,2007-02-20 04:43:36,121.447300,31.280800,  0, 90,0
87615,2007-02-20 04:44:36,121.447300,31.280800,  0, 90,0
87615,2007-02-20 04:45:38,121.447300,31.280800,  0, 90,0
87615,2007-02-20 04:46:39,121.447300,31.280800,  0, 90,0
87615,2007-02-20 04:47:40,121.447300,31.280800,  0, 90,0
87615,2007-02-20 04:48:41,121.447300,31.280800,  0, 90,0
87615,2007-02-20 04:49:41,121.447300,31.280800,  0, 90,0
87615,2007-02-20 04:50:43,121.447300,31.280800,  0, 90,0
87615,2007-02-20 04:51:44,121.447300,31.280800,  0, 90,0
87615,2007-02-20 04:52:45,121.447300,31.280800,  0, 90,0
87615,2007-02-20 04:53:46,121.447300,31.280800,  0, 90,0
87615,2007-02-20 04:54:46,121.447300,31.280800,  0, 90,0
87615,2007-02-20 04:55:48,121.447300,31.280800,  0, 90,0
87615,2007-02-20 04:56:49,121.447300,31.280800,  0, 90,0
87615,2007-02-20 04:57:50,121.447300,31.280800,  0, 90,0
87615,2007-02-20 04:58:51,121.447300,31.280800,  0, 90,0
87615,2007-02-20 04:59:51,121.447300,31.280800,  0, 90,0
87615,2007-02-20 05:00:53,121.447300,31.280800,  0, 90,0
87615,2007-02-20 05:01:54,121.447300,31.280800,  0, 90,0
87615,2007-02-20 05:02:55,121.447300,31.280800,  0, 90,0
87615,2007-02-20 05:03:56,121.447300,31.280800,  0, 90,0
87615,2007-02-20 05:04:57,121.447300,31.280800,  0, 90,0
87615,2007-02-20 05:05:24,121.447300,31.280800,  0, 90,0
87615,2007-02-20 05:06:24,121.447300,31.280800,  0, 90,0
87615,2007-02-20 05:07:25,121.447300,31.280800,  0, 90,0
87615,2007-02-20 05:08:26,121.447300,31.280800,  0, 90,0
87615,2007-02-20 05:10:28,121.447300,31.280800,  0, 90,0
87615,2007-02-20 05:11:29,121.447300,31.280800,  0, 90,0
87615,2007-02-20 05:12:30,121.447300,31.280800,  0, 90,0
87615,2007-02-20 05:13:31,121.447300,31.280800,  0, 90,0
87615,2007-02-20 05:14:32,121.447300,31.280800,  0, 90,0
87615,2007-02-20 05:15:33,121.447300,31.280800,  0, 90,0
87615,2007-02-20 05:16:34,121.447300,31.280800,  0, 90,0
87615,2007-02-20 05:17:35,121.447300,31.280800,  0, 90,0
87615,2007-02-20 05:18:36,121.447300,31.280800,  0, 90,0
87615,2007-02-20 05:19:37,121.447300,31.280800,  0, 90,0
87615,2007-02-20 05:20:38,121.447300,31.280800,  0, 90,0
87615,2007-02-20 05:21:39,121.447300,31.280800,  0, 90,0
87615,2007-02-20 05:22:40,121.447300,31.280800,  0, 90,0
87615,2007-02-20 05:23:41,121.447300,31.280800,  0, 90,0
87615,2007-02-20 05:24:42,121.447300,31.280800,  0, 90,0
87615,2007-02-20 05:25:43,121.447300,31.280800,  0, 90,0
87615,2007-02-20 05:26:44,121.447300,31.280800,  0, 90,0
87615,2007-02-20 05:27:45,121.447300,31.280800,  0, 90,0
87615,2007-02-20 05:29:47,121.447300,31.280800,  0, 90,0
87615,2007-02-20 05:30:48,121.447300,31.280800,  0, 90,0
87615,2007-02-20 05:31:49,121.447300,31.280800,  0, 90,0
87615,2007-02-20 05:33:51,121.447300,31.280800,  0, 90,0
87615,2007-02-20 05:34:52,121.447300,31.280800,  0, 90,0
87615,2007-02-20 05:35:53,121.447300,31.280800,  0, 90,0
87615,2007-02-20 05:37:55,121.447300,31.280800,  0, 90,0
87615,2007-02-20 05:38:56,121.447300,31.280800,  0, 90,0
87615,2007-02-20 05:39:57,121.447300,31.280800,  0, 90,0
87615,2007-02-20 05:40:58,121.447300,31.280800,  0, 90,0
87615,2007-02-20 05:44:01,121.447300,31.280800,  0, 90,0
87615,2007-02-20 05:45:03,121.447300,31.280800,  0, 90,0
87615,2007-02-20 05:46:04,121.447300,31.280800,  0, 90,0
87615,2007-02-20 05:47:05,121.447300,31.280800,  0, 90,0
87615,2007-02-20 05:48:06,121.447300,31.280800,  0, 90,0
87615,2007-02-20 05:49:06,121.447300,31.280800,  0, 90,0
87615,2007-02-20 05:51:09,121.447300,31.280800,  0, 90,0
87615,2007-02-20 05:52:10,121.447300,31.280800,  0, 90,0
87615,2007-02-20 05:53:11,121.447300,31.280800,  0, 90,0
87615,2007-02-20 05:54:11,121.447300,31.280800,  0, 90,0
87615,2007-02-20 05:55:13,121.447300,31.280800,  0, 90,0
87615,2007-02-20 05:56:14,121.447300,31.280800,  0, 90,0
87615,2007-02-20 05:57:15,121.447300,31.280800,  0, 90,0
87615,2007-02-20 05:59:16,121.447300,31.280800,  0, 90,0
87615,2007-02-20 06:00:18,121.447300,31.280800,  0, 90,0
87615,2007-02-20 06:01:19,121.447300,31.280800,  0, 90,0
87615,2007-02-20 06:02:20,121.447300,31.280800,  0, 90,0
87615,2007-02-20 06:03:21,121.447300,31.280800,  0, 90,0
87615,2007-02-20 06:04:21,121.447300,31.280800,  0, 90,0
87615,2007-02-20 06:05:23,121.447300,31.280800,  0, 90,0
87615,2007-02-20 06:06:24,121.447300,31.280800,  0, 90,0
87615,2007-02-20 06:07:25,121.447300,31.280800,  0, 90,0
87615,2007-02-20 06:08:26,121.447300,31.280800,  0, 90,0
87615,2007-02-20 06:09:26,121.447300,31.280800,  0, 90,0
87615,2007-02-20 06:10:28,121.447300,31.280800,  0, 90,0
87615,2007-02-20 06:11:29,121.447300,31.280800,  0, 90,0
87615,2007-02-20 06:13:31,121.447300,31.280800,  0, 90,0
87615,2007-02-20 06:14:31,121.447300,31.280800,  0, 90,0
87615,2007-02-20 06:15:33,121.447300,31.280800,  0, 90,0
87615,2007-02-20 06:16:34,121.447300,31.280800,  0, 90,0
87615,2007-02-20 06:17:35,121.447300,31.280800,  0, 90,0
87615,2007-02-20 06:18:36,121.447300,31.280800,  0, 90,0
87615,2007-02-20 06:19:36,121.447300,31.280800,  0, 90,0
87615,2007-02-20 06:20:38,121.447300,31.280800,  0, 90,0
87615,2007-02-20 06:21:39,121.447300,31.280800,  0, 90,0
87615,2007-02-20 06:22:40,121.447300,31.280800,  0, 90,0
87615,2007-02-20 06:23:41,121.447300,31.280800,  0, 90,0
87615,2007-02-20 06:24:41,121.447300,31.280800,  0, 90,0
87615,2007-02-20 06:25:43,121.447300,31.280800,  0, 90,0
87615,2007-02-20 06:26:44,121.447300,31.280800,  0, 90,0
87615,2007-02-20 06:27:45,121.447300,31.280800,  0, 90,0
87615,2007-02-20 06:28:46,121.447300,31.280800,  0, 90,0
87615,2007-02-20 06:30:48,121.447300,31.280800,  0, 90,0
87615,2007-02-20 06:31:49,121.447300,31.280800,  0, 90,0
87615,2007-02-20 06:32:50,121.447300,31.280800,  0, 90,0
87615,2007-02-20 06:34:51,121.447300,31.280800,  0, 90,0
87615,2007-02-20 06:35:53,121.447300,31.280800,  0, 90,0
87615,2007-02-20 06:36:54,121.447300,31.280800,  0, 90,0
87615,2007-02-20 06:37:55,121.447300,31.280800,  0, 90,0
87615,2007-02-20 06:38:56,121.447300,31.280800,  0, 90,0
87615,2007-02-20 06:39:56,121.447300,31.280800,  0, 90,0
87615,2007-02-20 06:40:58,121.447300,31.280800,  0, 90,0
87615,2007-02-20 06:41:59,121.447300,31.280800,  0, 90,0
87615,2007-02-20 06:43:00,121.447300,31.280800,  0, 90,0
87615,2007-02-20 06:44:01,121.447300,31.280800,  0, 90,0
87615,2007-02-20 06:45:01,121.447300,31.280800,  0, 90,0
87615,2007-02-20 06:46:03,121.447300,31.280800,  0, 90,0
87615,2007-02-20 06:47:04,121.447300,31.280800,  0, 90,0
87615,2007-02-20 06:48:05,121.447300,31.280800,  0, 90,0
87615,2007-02-20 06:50:06,121.447300,31.280800,  0, 90,0
87615,2007-02-20 06:51:08,121.447300,31.280800,  0, 90,0
87615,2007-02-20 06:52:09,121.447300,31.280800,  0, 90,0
87615,2007-02-20 06:53:10,121.447300,31.280800,  0, 90,0
87615,2007-02-20 06:54:11,121.447300,31.280800,  0, 90,0
87615,2007-02-20 06:55:11,121.447300,31.280800,  0, 90,0
87615,2007-02-20 06:56:13,121.447300,31.280800,  0, 90,0
87615,2007-02-20 06:57:14,121.447300,31.280800,  0, 90,0
87615,2007-02-20 06:58:15,121.447300,31.280800,  0, 90,0
87615,2007-02-20 06:59:16,121.447300,31.280800,  0, 90,0
87615,2007-02-20 07:00:16,121.447300,31.280800,  0, 90,0
87615,2007-02-20 07:01:18,121.447300,31.280800,  0, 90,0
87615,2007-02-20 07:02:19,121.447300,31.280800,  0, 90,0
87615,2007-02-20 07:03:20,121.447300,31.280800,  0, 90,0
87615,2007-02-20 07:04:21,121.447300,31.280800,  0, 90,0
87615,2007-02-20 07:05:43,121.447300,31.280800,  0, 90,0
87615,2007-02-20 07:06:44,121.447300,31.280800,  0, 90,0
87615,2007-02-20 07:08:46,121.447300,31.280800,  0, 90,0
87615,2007-02-20 07:09:46,121.447300,31.280800,  0, 90,0
87615,2007-02-20 07:10:48,121.447300,31.280800,  0, 90,0
87615,2007-02-20 07:12:50,121.447300,31.280800,  0, 90,0
87615,2007-02-20 07:13:51,121.447300,31.280800,  0, 90,0
87615,2007-02-20 07:14:51,121.447300,31.280800,  0, 90,0
87615,2007-02-20 07:15:53,121.447300,31.280800,  0, 90,0
87615,2007-02-20 07:16:54,121.447300,31.280800,  0, 90,0
87615,2007-02-20 07:17:55,121.447300,31.280800,  0, 90,0
87615,2007-02-20 07:18:56,121.447300,31.280800,  0, 90,0
87615,2007-02-20 07:20:58,121.447300,31.280800,  0, 90,0
87615,2007-02-20 07:21:59,121.447300,31.280800,  0, 90,0
87615,2007-02-20 07:23:00,121.447300,31.280800,  0, 90,0
87615,2007-02-20 07:24:01,121.447300,31.280800,  0, 90,0
87615,2007-02-20 07:25:01,121.447300,31.280800,  0, 90,0
87615,2007-02-20 07:26:03,121.447300,31.280800,  0, 90,0
87615,2007-02-20 07:27:04,121.447300,31.280800,  0, 90,0
87615,2007-02-20 07:28:05,121.447300,31.280800,  0, 90,0
87615,2007-02-20 07:29:06,121.447300,31.280800,  0, 90,0
87615,2007-02-20 07:30:05,121.447300,31.280800,  0, 90,0
87615,2007-02-20 07:31:07,121.447300,31.280800,  0, 90,0
87615,2007-02-20 07:32:08,121.447300,31.280800,  0, 90,0
87615,2007-02-20 07:33:09,121.447300,31.280800,  0, 90,0
87615,2007-02-20 07:34:10,121.447300,31.280800,  0, 90,0
87615,2007-02-20 07:35:10,121.447300,31.280800,  0, 90,0
87615,2007-02-20 07:36:12,121.447300,31.280800,  0, 90,0
87615,2007-02-20 07:37:13,121.447300,31.280800,  0, 90,0
87615,2007-02-20 07:39:15,121.447300,31.280800,  0, 90,0
87615,2007-02-20 07:40:15,121.447300,31.280800,  0, 90,0
87615,2007-02-20 07:41:17,121.447300,31.280800,  0, 90,0
87615,2007-02-20 07:43:19,121.447300,31.280800,  0, 90,0
87615,2007-02-20 07:44:20,121.447300,31.280800,  0, 90,0
87615,2007-02-20 07:45:20,121.447300,31.280800,  0, 90,0
87615,2007-02-20 07:46:22,121.447300,31.280800,  0, 90,0
87615,2007-02-20 07:47:23,121.447300,31.280800,  0, 90,0
87615,2007-02-20 07:48:24,121.447300,31.280800,  0, 90,0
87615,2007-02-20 07:49:25,121.447300,31.280800,  0, 90,0
87615,2007-02-20 07:50:25,121.447300,31.280800,  0, 90,0
87615,2007-02-20 07:51:27,121.447300,31.280800,  0, 90,0
87615,2007-02-20 07:52:28,121.447300,31.280800,  0, 90,0
87615,2007-02-20 07:53:29,121.447300,31.280800,  0, 90,0
87615,2007-02-20 07:54:30,121.447300,31.280800,  0, 90,0
87615,2007-02-20 07:55:30,121.447300,31.280800,  0, 90,0
87615,2007-02-20 07:56:32,121.447300,31.280800,  0, 90,0
87615,2007-02-20 07:57:33,121.447300,31.280800,  0, 90,0
87615,2007-02-20 07:58:34,121.447300,31.280800,  0, 90,0
87615,2007-02-20 07:59:35,121.447300,31.280800,  0, 90,0
87615,2007-02-20 08:00:35,121.447300,31.280800,  0, 90,0
87615,2007-02-20 08:01:37,121.447300,31.280800,  0, 90,0
87615,2007-02-20 08:02:38,121.447300,31.280800,  0, 90,0
87615,2007-02-20 08:03:39,121.447300,31.280800,  0, 90,0
87615,2007-02-20 08:05:40,121.447300,31.280800,  0, 90,0
87615,2007-02-20 08:06:42,121.447300,31.280800,  0, 90,0
87615,2007-02-20 08:07:43,121.447300,31.280800,  0, 90,0
87615,2007-02-20 08:08:44,121.447300,31.280800,  0, 90,0
87615,2007-02-20 08:09:45,121.447300,31.280800,  0, 90,0
87615,2007-02-20 08:10:45,121.447300,31.280800,  0, 90,0
87615,2007-02-20 08:11:47,121.447300,31.280800,  0, 90,0
87615,2007-02-20 08:12:48,121.447300,31.280800,  0, 90,0
87615,2007-02-20 08:13:49,121.447300,31.280800,  0, 90,0
87615,2007-02-20 08:14:50,121.447300,31.280800,  0, 90,0
87615,2007-02-20 08:15:50,121.447300,31.280800,  0, 90,0
87615,2007-02-20 08:16:52,121.447300,31.280800,  0, 90,0
87615,2007-02-20 08:17:53,121.447300,31.280800,  0, 90,0
87615,2007-02-20 08:18:54,121.447300,31.280800,  0, 90,0
87615,2007-02-20 08:19:55,121.447300,31.280800,  0, 90,0
87615,2007-02-20 08:20:55,121.447300,31.280800,  0, 90,0
87615,2007-02-20 08:21:57,121.447300,31.280800,  0, 90,0
87615,2007-02-20 08:22:58,121.447300,31.280800,  0, 90,0
87615,2007-02-20 08:23:59,121.447300,31.280800,  0, 90,0
87615,2007-02-20 08:25:00,121.447300,31.280800,  0, 90,0
87615,2007-02-20 08:26:00,121.447300,31.280800,  0, 90,0
87615,2007-02-20 08:27:02,121.447300,31.280800,  0, 90,0
87615,2007-02-20 08:28:03,121.447300,31.280800,  0, 90,0
87615,2007-02-20 08:29:04,121.447300,31.280800,  0, 90,0
87615,2007-02-20 08:30:05,121.447300,31.280800,  0, 90,0
87615,2007-02-20 08:31:05,121.447300,31.280800,  0, 90,0
87615,2007-02-20 08:32:07,121.447300,31.280800,  0, 90,0
87615,2007-02-20 08:33:08,121.447300,31.280800,  0, 90,0
87615,2007-02-20 08:34:09,121.447300,31.280800,  0, 90,0
87615,2007-02-20 08:35:10,121.447300,31.280800,  0, 90,0
87615,2007-02-20 08:36:10,121.447300,31.280800,  0, 90,0
87615,2007-02-20 08:38:13,121.447300,31.280800,  0, 90,0
87615,2007-02-20 08:38:50,121.447300,31.280800,  0, 90,1
87615,2007-02-20 08:39:50,121.447300,31.280800,  0, 90,1
87615,2007-02-20 08:40:52,121.447300,31.280800,  0, 90,1
87615,2007-02-20 08:41:53,121.447300,31.280800,  0, 90,1
87615,2007-02-20 08:42:54,121.447300,31.280800,  0, 90,1
87615,2007-02-20 08:44:25,121.447300,31.280800,  0, 90,0
87615,2007-02-20 08:45:25,121.447300,31.280800,  0, 90,0
87615,2007-02-20 08:46:25,121.447300,31.280800,  0, 90,0
87615,2007-02-20 08:47:27,121.447300,31.280800,  0, 90,0
87615,2007-02-20 08:48:28,121.447300,31.280800,  0, 90,0
87615,2007-02-20 08:49:29,121.447300,31.280800,  0, 90,0
87615,2007-02-20 08:50:30,121.447300,31.280800,  0, 90,0
87615,2007-02-20 08:51:30,121.447300,31.280800,  0, 90,0
87615,2007-02-20 08:52:32,121.447300,31.280800,  0, 90,0
87615,2007-02-20 08:53:33,121.447300,31.280800,  0, 90,0
87615,2007-02-20 08:55:29,121.447300,31.280800,  0, 90,1
87615,2007-02-20 08:56:30,121.447300,31.280800,  0, 90,1
87615,2007-02-20 08:57:31,121.447300,31.280800,  0, 90,1
87615,2007-02-20 08:58:32,121.447300,31.280800,  0, 90,1
87615,2007-02-20 08:59:33,121.447300,31.280800,  0, 90,1
87615,2007-02-20 09:00:34,121.447300,31.280800,  0, 90,1
87615,2007-02-20 09:01:35,121.447300,31.280800,  0, 90,1
87615,2007-02-20 09:02:36,121.447300,31.280800,  0, 90,1
87615,2007-02-20 09:03:37,121.447300,31.280800,  0, 90,1
87615,2007-02-20 09:04:38,121.447300,31.280800,  0, 90,1
87615,2007-02-20 09:05:39,121.447300,31.280800,  0, 90,1
87615,2007-02-20 09:06:39,121.447300,31.280800,  0, 90,1
87615,2007-02-20 09:08:42,121.447300,31.280800,  0, 90,1
87615,2007-02-20 09:12:15,121.447300,31.280800,  0, 90,1
87615,2007-02-20 09:15:18,121.447300,31.280800,  0, 90,1
87615,2007-02-20 09:16:19,121.447300,31.280800,  0, 90,1
87615,2007-02-20 09:17:20,121.447300,31.280800,  0, 90,1
87615,2007-02-20 09:18:20,121.447300,31.280800,  0, 90,1
87615,2007-02-20 09:19:22,121.447300,31.280800,  0, 90,1
87615,2007-02-20 09:20:23,121.447300,31.280800,  0, 90,1
87615,2007-02-20 09:21:24,121.447300,31.280800,  0, 90,1
87615,2007-02-20 09:22:24,121.447300,31.280800,  0, 90,1
87615,2007-02-20 09:23:25,121.447300,31.280800,  0, 90,1
87615,2007-02-20 09:25:16,121.447300,31.280800,  0, 90,0
87615,2007-02-20 09:26:17,121.447300,31.280800,  0, 90,0
87615,2007-02-20 09:27:18,121.447300,31.280800,  0, 90,0
87615,2007-02-20 09:28:19,121.447300,31.280800,  0, 90,0
87615,2007-02-20 09:29:19,121.447300,31.280800,  0, 90,0
87615,2007-02-20 09:31:30,121.447300,31.280800,  0, 90,1
87615,2007-02-20 09:32:31,121.447300,31.280800,  0, 90,1
87615,2007-02-20 09:33:32,121.447300,31.280800,  0, 90,1
87615,2007-02-20 09:34:33,121.447300,31.280800,  0, 90,1
87615,2007-02-20 09:35:34,121.447300,31.280800,  0, 90,1
87615,2007-02-20 09:36:35,121.447300,31.280800,  0, 90,1
87615,2007-02-20 09:37:36,121.447300,31.280800,  0, 90,1
87615,2007-02-20 09:38:37,121.447300,31.280800,  0, 90,1
87615,2007-02-20 09:39:38,121.447300,31.280800,  0, 90,1
87615,2007-02-20 09:40:39,121.447300,31.280800,  0, 90,1
87615,2007-02-20 09:41:40,121.447300,31.280800,  0, 90,1
87615,2007-02-20 09:42:41,121.447300,31.280800,  0, 90,1
87615,2007-02-20 09:43:42,121.447300,31.280800,  0, 90,1
87615,2007-02-20 09:44:43,121.447300,31.280800,  0, 90,1
87615,2007-02-20 09:45:44,121.447300,31.280800,  0, 90,1
87615,2007-02-20 09:46:34,121.447300,31.280800,  0, 90,0
87615,2007-02-20 09:47:34,121.447300,31.280800,  0, 90,0
87615,2007-02-20 09:48:35,121.447300,31.280800,  0, 90,0
87615,2007-02-20 09:49:35,121.447300,31.280800,  0, 90,0
87615,2007-02-20 09:50:37,121.447300,31.280800,  0, 90,0
87615,2007-02-20 09:51:38,121.447300,31.280800,  0, 90,0
87615,2007-02-20 09:52:39,121.447300,31.280800,  0, 90,0
87615,2007-02-20 09:53:40,121.447300,31.280800,  0, 90,0
87615,2007-02-20 09:54:39,121.447300,31.280800,  0, 90,0
87615,2007-02-20 09:55:42,121.447300,31.280800,  0, 90,0
87615,2007-02-20 09:56:43,121.447300,31.280800,  0, 90,0
87615,2007-02-20 09:58:45,121.447300,31.280800,  0, 90,0
87615,2007-02-20 09:59:18,121.447300,31.280800,  0, 90,1
87615,2007-02-20 10:00:19,121.447300,31.280800,  0, 90,1
87615,2007-02-20 10:02:20,121.447300,31.280800,  0, 90,1
87615,2007-02-20 10:03:22,121.447300,31.280800,  0, 90,1
87615,2007-02-20 10:05:02,121.447300,31.280800,  0, 90,1
87615,2007-02-20 10:07:04,121.447300,31.280800,  0, 90,1
87615,2007-02-20 10:08:05,121.447300,31.280800,  0, 90,1
87615,2007-02-20 10:09:05,121.447300,31.280800,  0, 90,1
87615,2007-02-20 10:10:07,121.447300,31.280800,  0, 90,1
87615,2007-02-20 10:11:08,121.447300,31.280800,  0, 90,1
87615,2007-02-20 10:12:09,121.447300,31.280800,  0, 90,1
87615,2007-02-20 10:13:10,121.447300,31.280800,  0, 90,1
87615,2007-02-20 10:13:13,121.447300,31.280800,  0, 90,0
87615,2007-02-20 10:14:14,121.447300,31.280800,  0, 90,0
87615,2007-02-20 10:14:34,121.447300,31.280800,  0, 90,1
87615,2007-02-20 10:15:35,121.447300,31.280800,  0, 90,1
87615,2007-02-20 10:16:35,121.447300,31.280800,  0, 90,1
87615,2007-02-20 10:17:37,121.447300,31.280800,  0, 90,1
87615,2007-02-20 10:18:38,121.447300,31.280800,  0, 90,1
87615,2007-02-20 10:19:39,121.447300,31.280800,  0, 90,1
87615,2007-02-20 10:20:35,121.447300,31.280800,  0, 90,0
87615,2007-02-20 10:21:19,121.447300,31.280800,  0, 90,1
87615,2007-02-20 10:23:20,121.447300,31.280800,  0, 90,1
87615,2007-02-20 10:24:21,121.447300,31.280800,  0, 90,1
87615,2007-02-20 10:25:22,121.447300,31.280800,  0, 90,1
87615,2007-02-20 10:26:23,121.447300,31.280800,  0, 90,1
87615,2007-02-20 10:27:24,121.447300,31.280800,  0, 90,1
87615,2007-02-20 10:27:58,121.447300,31.280800,  0, 90,0
87615,2007-02-20 10:28:58,121.447300,31.280800,  0, 90,0
87615,2007-02-20 10:29:59,121.447300,31.280800,  0, 90,0
87615,2007-02-20 10:31:00,121.447300,31.280800,  0, 90,0
87615,2007-02-20 10:32:01,121.447300,31.280800,  0, 90,0
87615,2007-02-20 10:32:58,121.447300,31.280800,  0, 90,1
87615,2007-02-20 10:33:58,121.447300,31.280800,  0, 90,1
87615,2007-02-20 10:34:59,121.447300,31.280800,  0, 90,1
87615,2007-02-20 10:36:00,121.447300,31.280800,  0, 90,1
87615,2007-02-20 10:37:01,121.447300,31.280800,  0, 90,1
87615,2007-02-20 10:38:02,121.447300,31.280800,  0, 90,1
87615,2007-02-20 10:39:03,121.447300,31.280800,  0, 90,1
