84011,2007-02-20 00:00:04,121.462300,31.258500,  0,135,0
84011,2007-02-20 00:01:05,121.462300,31.258500,  0,135,0
84011,2007-02-20 00:02:06,121.463000,31.258600,  0,135,0
84011,2007-02-20 00:03:07,121.463000,31.258600,  0,135,0
84011,2007-02-20 00:04:08,121.463000,31.258600,  0,135,0
84011,2007-02-20 00:05:09,121.463000,31.258600,  0,135,0
84011,2007-02-20 00:06:10,121.463000,31.258600,  0,135,0
84011,2007-02-20 00:07:11,121.463000,31.258600,  0,135,0
84011,2007-02-20 00:08:12,121.463000,31.258600,  0,135,0
84011,2007-02-20 00:09:13,121.463000,31.258600,  0,135,0
84011,2007-02-20 00:10:14,121.462800,31.258500,  0,135,0
84011,2007-02-20 00:11:15,121.462800,31.258500,  0,135,0
84011,2007-02-20 00:12:16,121.463800,31.256800,  0, 67,0
84011,2007-02-20 00:13:17,121.464600,31.253500, 18, 90,0
84011,2007-02-20 00:14:18,121.464600,31.252800, 32, 90,0
84011,2007-02-20 00:15:19,121.466500,31.247100,  2, 90,0
84011,2007-02-20 00:16:19,121.466500,31.247100,  0, 90,0
84011,2007-02-20 00:17:21,121.467500,31.246800, 38, 45,0
84011,2007-02-20 00:18:22,121.471100,31.247300,  0,  0,0
84011,2007-02-20 00:19:23,121.471100,31.247300,  0,  0,0
84011,2007-02-20 00:20:24,121.471100,31.247300,  0,  0,0
84011,2007-02-20 00:21:25,121.471300,31.247500,  6, 67,0
84011,2007-02-20 00:22:26,121.471300,31.247500,  0, 67,0
84011,2007-02-20 00:23:27,121.471300,31.247500,  0, 67,0
84011,2007-02-20 00:24:28,121.471300,31.247500,  0, 67,0
84011,2007-02-20 00:25:29,121.471500,31.247500,  0, 67,0
84011,2007-02-20 00:26:29,121.471500,31.247500,  0, 67,0
84011,2007-02-20 00:27:30,121.471500,31.247500,  8, 90,0
84011,2007-02-20 00:28:32,121.471300,31.247300,  0, 90,0
84011,2007-02-20 00:29:33,121.471300,31.247100,  0, 90,0
84011,2007-02-20 00:30:34,121.471000,31.247100,  6,135,0
84011,2007-02-20 00:31:35,121.466300,31.247500, 40,  0,0
84011,2007-02-20 00:32:36,121.464800,31.251800,  0,  0,0
84011,2007-02-20 00:33:37,121.464300,31.254600,  0,  0,0
84011,2007-02-20 00:34:38,121.464300,31.255000, 26,  0,0
84011,2007-02-20 00:35:39,121.462800,31.259300,  0,  0,0
84011,2007-02-20 00:36:39,121.461800,31.263600, 36,157,0
84011,2007-02-20 00:38:42,121.461800,31.263100,  0,112,0
84011,2007-02-20 00:39:43,121.461300,31.262800,  0, 45,0
84011,2007-02-20 00:40:44,121.461300,31.262800,  0, 45,0
84011,2007-02-20 00:42:46,121.461100,31.263000,  0, 45,0
84011,2007-02-20 00:43:47,121.461100,31.263000,  0, 45,0
84011,2007-02-20 00:44:48,121.461100,31.263000,  0, 45,0
84011,2007-02-20 00:47:51,121.461100,31.263000,  0, 45,0
84011,2007-02-20 00:48:52,121.461100,31.263000,  0, 45,0
84011,2007-02-20 00:49:53,121.461100,31.263000,  0, 45,0
84011,2007-02-20 00:50:54,121.461100,31.263000,  0, 45,0
84011,2007-02-20 00:52:55,121.461100,31.263000,  0, 45,0
84011,2007-02-20 00:53:56,121.461100,31.263000,  0, 45,0
84011,2007-02-20 00:55:58,121.461100,31.263000,  0, 45,0
84011,2007-02-20 00:56:59,121.461100,31.263000,  0, 45,0
84011,2007-02-20 00:58:00,121.461100,31.263000,  0, 45,0
84011,2007-02-20 00:59:01,121.461100,31.263000,  0, 45,0
84011,2007-02-20 01:00:02,121.461100,31.263000,  0, 45,0
84011,2007-02-20 01:01:03,121.461100,31.263000,  0, 45,0
84011,2007-02-20 01:02:04,121.461100,31.263000,  0, 45,0
84011,2007-02-20 01:03:05,121.461100,31.263000,  0, 45,0
84011,2007-02-20 01:04:07,121.461100,31.263000,  0, 45,0
84011,2007-02-20 01:05:07,121.461300,31.262800,  0, 67,0
84011,2007-02-20 01:06:08,121.461300,31.262800,  0, 67,0
84011,2007-02-20 01:07:09,121.461300,31.262800,  0, 67,0
84011,2007-02-20 01:08:10,121.461300,31.262800,  0, 67,0
84011,2007-02-20 01:09:11,121.461300,31.262800,  0, 67,0
84011,2007-02-20 01:10:12,121.461300,31.262800,  0, 67,0
84011,2007-02-20 01:11:13,121.461300,31.262800,  0, 67,0
84011,2007-02-20 01:12:14,121.461300,31.262800,  0, 67,0
84011,2007-02-20 01:13:15,121.461300,31.262800,  0, 67,0
84011,2007-02-20 01:14:16,121.461300,31.262800,  0, 67,0
84011,2007-02-20 01:15:17,121.461300,31.262800,  0, 67,0
84011,2007-02-20 01:16:18,121.461300,31.262800,  0, 67,0
84011,2007-02-20 01:17:19,121.461300,31.262800,  0, 67,0
84011,2007-02-20 01:18:20,121.461300,31.262800,  0, 67,0
84011,2007-02-20 01:19:21,121.461300,31.262800,  0, 67,0
84011,2007-02-20 01:20:22,121.461300,31.262800,  0, 67,0
84011,2007-02-20 01:21:23,121.461300,31.262800,  0, 67,0
84011,2007-02-20 01:22:24,121.461300,31.262800,  0, 67,0
84011,2007-02-20 01:23:25,121.461300,31.262800,  0, 67,0
84011,2007-02-20 01:24:26,121.461300,31.262800,  0, 67,0
84011,2007-02-20 01:25:27,121.461300,31.262800,  0, 67,0
84011,2007-02-20 01:26:28,121.461300,31.262800,  0, 67,0
84011,2007-02-20 01:27:29,121.461300,31.262800,  0, 67,0
84011,2007-02-20 01:28:30,121.461300,31.262800,  0, 67,0
84011,2007-02-20 01:29:31,121.461300,31.262800,  0, 67,0
84011,2007-02-20 01:30:32,121.461300,31.262800,  0, 67,0
84011,2007-02-20 01:31:33,121.461300,31.262800,  0, 67,0
84011,2007-02-20 01:32:34,121.461300,31.262800,  0, 67,0
84011,2007-02-20 01:33:35,121.461300,31.262800,  0, 67,0
84011,2007-02-20 01:35:37,121.461300,31.262800,  0, 67,0
84011,2007-02-20 01:36:38,121.461300,31.262800,  0, 67,0
84011,2007-02-20 01:37:39,121.461300,31.262800,  0, 67,0
84011,2007-02-20 01:38:40,121.461300,31.262800,  0, 67,0
84011,2007-02-20 01:39:41,121.461300,31.262800,  0, 67,0
84011,2007-02-20 01:40:42,121.461300,31.262800,  0, 67,0
84011,2007-02-20 01:41:43,121.461300,31.262800,  0, 67,0
84011,2007-02-20 01:42:44,121.461300,31.262800,  0, 67,0
84011,2007-02-20 01:43:45,121.461300,31.262800,  0, 67,0
84011,2007-02-20 01:46:48,121.461300,31.262800,  0, 67,0
84011,2007-02-20 01:47:49,121.461300,31.262800,  0, 67,0
84011,2007-02-20 01:48:50,121.461300,31.262800,  0, 67,0
84011,2007-02-20 01:49:51,121.461300,31.262800,  0, 67,0
84011,2007-02-20 01:50:52,121.461300,31.262800,  0, 67,0
84011,2007-02-20 01:51:53,121.461300,31.262800,  0, 67,0
84011,2007-02-20 01:52:54,121.461300,31.262800,  0, 67,0
84011,2007-02-20 01:53:55,121.461300,31.262800,  0, 67,0
84011,2007-02-20 01:54:56,121.461300,31.262800,  0, 67,0
84011,2007-02-20 01:55:58,121.461300,31.262800,  0, 67,0
84011,2007-02-20 01:56:59,121.461300,31.262800,  0, 67,0
84011,2007-02-20 01:57:59,121.461300,31.262800,  0, 67,0
84011,2007-02-20 01:59:01,121.461300,31.262800,  0, 67,0
84011,2007-02-20 02:00:02,121.461300,31.262800,  0, 67,0
84011,2007-02-20 02:01:03,121.461300,31.262800,  0, 67,0
84011,2007-02-20 02:02:04,121.461300,31.262800,  0, 67,0
84011,2007-02-20 02:03:04,121.461300,31.262800,  0, 67,0
84011,2007-02-20 02:04:06,121.461300,31.262800,  0, 67,0
84011,2007-02-20 02:05:07,121.461300,31.262800,  0, 67,0
84011,2007-02-20 02:06:08,121.461300,31.262800,  0, 67,0
84011,2007-02-20 02:07:09,121.461300,31.262800,  0, 67,0
84011,2007-02-20 02:08:09,121.461300,31.262800,  0, 67,0
84011,2007-02-20 02:10:12,121.461300,31.262800,  0, 67,0
84011,2007-02-20 02:11:13,121.461300,31.262800,  0, 67,0
84011,2007-02-20 02:12:14,121.461300,31.262800,  0, 67,0
84011,2007-02-20 02:13:14,121.461300,31.262800,  0, 67,0
84011,2007-02-20 02:14:16,121.461300,31.262800,  0, 67,0
84011,2007-02-20 02:15:17,121.461300,31.262800,  0, 67,0
84011,2007-02-20 02:16:18,121.461300,31.262800,  0, 67,0
84011,2007-02-20 02:17:19,121.461300,31.262800,  0, 67,0
84011,2007-02-20 02:19:21,121.461300,31.262800,  0, 67,0
84011,2007-02-20 02:20:22,121.461300,31.262800,  0, 67,0
84011,2007-02-20 02:21:22,121.461300,31.262800,  0, 67,0
84011,2007-02-20 02:22:24,121.461100,31.262800,  0, 67,0
84011,2007-02-20 02:23:24,121.461100,31.262800,  0, 67,0
84011,2007-02-20 02:24:26,121.461100,31.262800,  0, 67,0
84011,2007-02-20 02:25:27,121.461100,31.262800,  0, 67,0
84011,2007-02-20 02:26:28,121.461100,31.262800,  0, 67,0
84011,2007-02-20 02:27:29,121.461100,31.262800,  0, 67,0
84011,2007-02-20 02:28:28,121.461100,31.262800,  0, 67,0
84011,2007-02-20 02:29:30,121.461100,31.262800,  0, 67,0
84011,2007-02-20 02:30:31,121.461100,31.262800,  0, 67,0
84011,2007-02-20 02:31:32,121.461100,31.262800,  0, 67,0
84011,2007-02-20 02:33:33,121.461100,31.262800,  0, 67,0
84011,2007-02-20 02:34:35,121.461100,31.262800,  0, 67,0
84011,2007-02-20 02:37:38,121.461300,31.263000,  0, 67,0
84011,2007-02-20 02:39:40,121.461300,31.263000,  0, 67,0
84011,2007-02-20 02:41:42,121.461300,31.263000,  0, 67,0
84011,2007-02-20 02:42:43,121.461300,31.263000,  0, 67,0
84011,2007-02-20 02:43:43,121.461300,31.263000,  0, 67,0
84011,2007-02-20 02:44:45,121.461300,31.263000,  0, 67,0
84011,2007-02-20 02:45:46,121.461300,31.263000,  0, 67,0
84011,2007-02-20 02:46:47,121.461300,31.263000,  0, 67,0
84011,2007-02-20 02:47:48,121.461300,31.263000,  0, 67,0
84011,2007-02-20 02:48:48,121.461300,31.263000,  0, 67,0
84011,2007-02-20 02:49:50,121.461300,31.263000,  0, 67,0
84011,2007-02-20 02:50:51,121.461300,31.263000,  0, 67,0
84011,2007-02-20 02:51:52,121.461300,31.263000,  0, 67,0
84011,2007-02-20 02:53:53,121.461300,31.263000,  0, 67,0
84011,2007-02-20 02:54:55,121.461000,31.263000,  0, 67,0
84011,2007-02-20 02:55:56,121.461000,31.263000,  0, 67,0
84011,2007-02-20 02:56:57,121.461000,31.263000,  0, 67,0
84011,2007-02-20 02:58:58,121.461000,31.263000,  0, 67,0
84011,2007-02-20 03:00:00,121.461000,31.263000,  0, 67,0
84011,2007-02-20 03:01:01,121.461000,31.263000,  0, 67,0
84011,2007-02-20 03:02:02,121.461000,31.263000,  0, 67,0
84011,2007-02-20 03:03:03,121.461000,31.263000,  0, 67,0
84011,2007-02-20 03:04:03,121.461000,31.263000,  0, 67,0
84011,2007-02-20 03:06:06,121.461000,31.263000,  0, 67,0
84011,2007-02-20 03:07:07,121.461000,31.263000,  0, 67,0
84011,2007-02-20 03:08:08,121.461000,31.263000,  0, 67,0
84011,2007-02-20 03:09:08,121.461000,31.263000,  0, 67,0
84011,2007-02-20 03:10:09,121.461000,31.263000,  0, 67,0
84011,2007-02-20 03:11:10,121.461000,31.263000,  0, 67,0
84011,2007-02-20 03:12:12,121.461000,31.263000,  0, 67,0
84011,2007-02-20 03:13:12,121.461000,31.263000,  0, 67,0
84011,2007-02-20 03:14:13,121.461000,31.263000,  0, 67,0
84011,2007-02-20 03:15:14,121.461000,31.263000,  0, 67,0
84011,2007-02-20 03:16:15,121.461000,31.263000,  0, 67,0
84011,2007-02-20 03:17:16,121.461000,31.263000,  0, 67,0
84011,2007-02-20 03:18:17,121.461000,31.263000,  0, 67,0
84011,2007-02-20 03:19:18,121.461000,31.263000,  0, 67,0
84011,2007-02-20 03:20:19,121.461000,31.263000,  0, 67,0
84011,2007-02-20 03:21:20,121.461000,31.263000,  0, 67,0
84011,2007-02-20 03:22:21,121.461000,31.263000,  0, 67,0
84011,2007-02-20 03:23:22,121.461000,31.263000,  0, 67,0
84011,2007-02-20 03:24:23,121.461000,31.263000,  0, 67,0
84011,2007-02-20 03:25:24,121.461000,31.263000,  0, 67,0
84011,2007-02-20 03:26:25,121.461000,31.263000,  0, 67,0
84011,2007-02-20 03:27:26,121.461000,31.263000,  0, 67,0
84011,2007-02-20 03:28:27,121.461000,31.263000,  0, 67,0
84011,2007-02-20 03:29:28,121.461000,31.263000,  0, 67,0
84011,2007-02-20 03:31:30,121.461000,31.263000,  0, 67,0
84011,2007-02-20 03:32:31,121.461000,31.263000,  0, 67,0
84011,2007-02-20 03:33:32,121.461000,31.262800,  0, 67,0
84011,2007-02-20 03:34:33,121.461000,31.262800,  0, 67,0
84011,2007-02-20 03:35:34,121.461000,31.262800,  0, 67,0
84011,2007-02-20 03:36:35,121.461000,31.262800,  0, 67,0
84011,2007-02-20 03:37:36,121.461000,31.262800,  0, 67,0
84011,2007-02-20 03:38:37,121.461000,31.262800,  0, 67,0
84011,2007-02-20 03:39:38,121.461000,31.262800,  0, 67,0
84011,2007-02-20 03:41:40,121.461000,31.262800,  0, 67,0
84011,2007-02-20 03:42:41,121.461000,31.262800,  0, 67,0
84011,2007-02-20 03:43:42,121.461000,31.262800,  0, 67,0
84011,2007-02-20 03:44:43,121.461000,31.263000,  0, 67,0
84011,2007-02-20 03:45:44,121.461000,31.263000,  0, 67,0
84011,2007-02-20 03:46:45,121.461000,31.263000,  0, 67,0
84011,2007-02-20 03:47:46,121.461000,31.263000,  0, 67,0
84011,2007-02-20 03:48:47,121.461000,31.263000,  0, 67,0
84011,2007-02-20 03:49:48,121.461000,31.263000,  0, 67,0
84011,2007-02-20 03:50:49,121.461000,31.263000,  0, 67,0
84011,2007-02-20 03:51:50,121.461000,31.263000,  0, 67,0
84011,2007-02-20 03:52:51,121.461000,31.263000,  0, 67,0
84011,2007-02-20 03:53:52,121.461000,31.263000,  0, 67,0
84011,2007-02-20 03:54:53,121.461000,31.263000,  0, 67,0
84011,2007-02-20 03:55:54,121.461000,31.263000,  0, 67,0
84011,2007-02-20 03:56:55,121.461000,31.263000,  0, 67,0
84011,2007-02-20 03:57:56,121.461000,31.263000,  0, 67,0
84011,2007-02-20 03:58:57,121.461000,31.263000,  0, 67,0
84011,2007-02-20 03:59:58,121.461000,31.263000,  0, 67,0
84011,2007-02-20 04:03:01,121.461000,31.263000,  0, 67,0
84011,2007-02-20 04:04:02,121.461100,31.262800,  0, 67,0
84011,2007-02-20 04:05:03,121.461100,31.262800,  0, 67,0
84011,2007-02-20 04:07:05,121.461100,31.262800,  0, 67,0
84011,2007-02-20 04:08:06,121.461100,31.262800,  0, 67,0
84011,2007-02-20 04:10:08,121.461100,31.262800,  0, 67,0
84011,2007-02-20 04:11:09,121.461100,31.262800,  0, 67,0
84011,2007-02-20 04:12:10,121.461100,31.262800,  0, 67,0
84011,2007-02-20 04:13:11,121.461100,31.262800,  0, 67,0
84011,2007-02-20 04:14:12,121.461100,31.262800,  0, 67,0
84011,2007-02-20 04:15:13,121.461100,31.262800,  0, 67,0
84011,2007-02-20 04:16:14,121.461100,31.262800,  0, 67,0
84011,2007-02-20 04:17:15,121.461100,31.263000,  0, 67,0
84011,2007-02-20 04:18:16,121.461100,31.263000,  0, 67,0
84011,2007-02-20 04:20:18,121.461100,31.263000,  0, 67,0
84011,2007-02-20 04:21:19,121.461100,31.263000,  0, 67,0
84011,2007-02-20 04:22:20,121.461100,31.263000,  0, 67,0
84011,2007-02-20 04:23:21,121.461100,31.263000,  0, 67,0
84011,2007-02-20 04:24:22,121.461100,31.263000,  0, 67,0
84011,2007-02-20 04:25:23,121.461100,31.263000,  0, 67,0
84011,2007-02-20 04:26:24,121.461100,31.263000,  0, 67,0
84011,2007-02-20 04:27:25,121.461100,31.263000,  0, 67,0
84011,2007-02-20 04:28:26,121.461100,31.263000,  0, 67,0
84011,2007-02-20 04:30:28,121.461100,31.263000,  0, 67,0
84011,2007-02-20 04:31:29,121.461100,31.263000,  0, 67,0
84011,2007-02-20 04:32:30,121.461100,31.263000,  0, 67,0
84011,2007-02-20 04:33:31,121.461100,31.263000,  0, 67,0
84011,2007-02-20 04:34:32,121.461100,31.263000,  0, 67,0
84011,2007-02-20 04:35:33,121.461100,31.263000,  0, 67,0
84011,2007-02-20 04:36:34,121.461100,31.263000,  0, 67,0
84011,2007-02-20 04:37:35,121.461100,31.263000,  0, 67,0
84011,2007-02-20 04:38:36,121.461100,31.263000,  0, 67,0
84011,2007-02-20 04:39:37,121.461100,31.263000,  0, 67,0
84011,2007-02-20 04:40:38,121.461100,31.263000,  0, 67,0
84011,2007-02-20 04:41:39,121.461100,31.263000,  0, 67,0
84011,2007-02-20 04:42:40,121.461100,31.263000,  0, 67,0
84011,2007-02-20 04:43:41,121.461100,31.263000,  0, 67,0
84011,2007-02-20 04:44:42,121.461100,31.263000,  0, 67,0
84011,2007-02-20 04:45:43,121.461100,31.263000,  0, 67,0
84011,2007-02-20 04:46:44,121.461100,31.263000,  0, 67,0
84011,2007-02-20 04:47:45,121.461100,31.263000,  0, 67,0
84011,2007-02-20 04:48:46,121.461100,31.263100,  0, 67,0
84011,2007-02-20 04:49:47,121.461100,31.263100,  0, 67,0
84011,2007-02-20 04:50:48,121.461100,31.263100,  0, 67,0
84011,2007-02-20 04:51:49,121.461100,31.263100,  0, 67,0
84011,2007-02-20 04:52:50,121.461100,31.263100,  0, 67,0
84011,2007-02-20 04:53:51,121.461100,31.263100,  0, 67,0
84011,2007-02-20 04:54:52,121.461100,31.263100,  0, 67,0
84011,2007-02-20 04:55:53,121.461100,31.263100,  0, 67,0
84011,2007-02-20 04:56:54,121.461100,31.263100,  0, 67,0
84011,2007-02-20 04:57:55,121.461100,31.263100,  0, 67,0
84011,2007-02-20 04:58:56,121.461100,31.263100,  0, 67,0
84011,2007-02-20 04:59:57,121.461100,31.263100,  0, 67,0
84011,2007-02-20 05:00:58,121.461100,31.263100,  0, 67,0
84011,2007-02-20 05:01:59,121.461100,31.263100,  0, 67,0
84011,2007-02-20 05:03:00,121.461100,31.263100,  0, 67,0
84011,2007-02-20 05:04:01,121.461100,31.263100,  0, 67,0
84011,2007-02-20 05:05:02,121.461100,31.262800,  0, 67,0
84011,2007-02-20 05:05:40,121.461100,31.262800,  0,  0,0
84011,2007-02-20 05:06:40,121.461100,31.262800,  0,  0,0
84011,2007-02-20 05:07:41,121.461100,31.262800,  0,  0,0
84011,2007-02-20 05:08:42,121.461100,31.262800,  0,  0,0
84011,2007-02-20 05:09:43,121.461100,31.262800,  0,  0,0
84011,2007-02-20 05:10:44,121.461100,31.262800,  0,  0,0
84011,2007-02-20 05:11:45,121.461100,31.262800,  0,  0,0
84011,2007-02-20 05:12:46,121.461100,31.262800,  4, 90,0
84011,2007-02-20 05:13:47,121.461300,31.262600,  0, 90,0
84011,2007-02-20 05:14:48,121.461300,31.262600,  0, 90,0
84011,2007-02-20 05:15:49,121.461300,31.262600,  0, 90,0
84011,2007-02-20 05:16:50,121.461300,31.262600,  0, 90,0
84011,2007-02-20 05:17:51,121.461300,31.262600,  0, 90,0
84011,2007-02-20 05:18:52,121.461300,31.262600,  0, 90,0
84011,2007-02-20 05:19:53,121.461300,31.262600,  0, 90,0
84011,2007-02-20 05:20:54,121.461300,31.262600,  0, 90,0
84011,2007-02-20 05:21:55,121.461300,31.262600,  0, 90,0
84011,2007-02-20 05:22:56,121.461300,31.262600,  0, 90,0
84011,2007-02-20 05:23:57,121.461300,31.262600,  0, 90,0
84011,2007-02-20 05:25:59,121.461300,31.262600,  0, 90,0
84011,2007-02-20 05:27:00,121.461300,31.262600,  0, 90,0
84011,2007-02-20 05:28:01,121.461300,31.262600,  0, 90,0
84011,2007-02-20 05:29:02,121.461300,31.262600,  0, 90,0
84011,2007-02-20 05:30:03,121.461300,31.262600,  0, 90,0
84011,2007-02-20 05:32:05,121.461300,31.262600,  0, 90,0
84011,2007-02-20 05:33:06,121.461300,31.262600,  0, 90,0
84011,2007-02-20 05:35:08,121.461300,31.262600,  0, 90,0
84011,2007-02-20 05:36:09,121.461300,31.262600,  0, 90,0
84011,2007-02-20 05:37:10,121.461300,31.262600,  0, 90,0
84011,2007-02-20 05:38:11,121.461300,31.262600,  0, 90,0
84011,2007-02-20 05:39:12,121.461300,31.262600,  0, 90,0
84011,2007-02-20 05:40:13,121.461100,31.262800,  0, 90,0
84011,2007-02-20 05:41:14,121.461100,31.262800,  0, 90,0
84011,2007-02-20 05:42:15,121.460800,31.263000,  0,135,0
84011,2007-02-20 05:44:17,121.460600,31.263100,  0,135,0
84011,2007-02-20 05:45:18,121.461100,31.263000,  0,135,0
84011,2007-02-20 05:46:19,121.461100,31.262800,  0,135,0
84011,2007-02-20 05:47:20,121.461100,31.262800,  0,135,0
84011,2007-02-20 05:48:21,121.461100,31.263000,  0,135,0
84011,2007-02-20 05:49:22,121.461100,31.263000,  0,135,0
84011,2007-02-20 05:50:23,121.461100,31.263000,  0,135,0
84011,2007-02-20 05:53:26,121.461100,31.262800,  0,135,0
84011,2007-02-20 05:54:27,121.461100,31.262800,  0,135,0
84011,2007-02-20 05:55:28,121.461100,31.262800,  0,135,0
84011,2007-02-20 05:56:29,121.461100,31.262800,  0,135,0
84011,2007-02-20 05:57:30,121.461100,31.262800,  0,135,0
84011,2007-02-20 05:58:31,121.461100,31.262800,  0,135,0
84011,2007-02-20 05:59:32,121.461100,31.262800,  0,135,0
84011,2007-02-20 06:00:33,121.461100,31.262800,  0,135,0
84011,2007-02-20 06:01:34,121.461100,31.262800,  0,135,0
84011,2007-02-20 06:02:35,121.461100,31.262800,  0,135,0
84011,2007-02-20 06:03:36,121.461100,31.262800,  0,135,0
84011,2007-02-20 06:04:37,121.461100,31.262800,  0,135,0
84011,2007-02-20 06:06:39,121.461100,31.262800,  0,135,0
84011,2007-02-20 06:07:39,121.461100,31.262800,  0,135,0
84011,2007-02-20 06:08:41,121.461300,31.262800,  0,135,0
84011,2007-02-20 06:09:42,121.461300,31.262800,  0,135,0
84011,2007-02-20 06:10:43,121.461300,31.262800,  0,135,0
84011,2007-02-20 06:11:44,121.461300,31.262800,  0,135,0
84011,2007-02-20 06:12:45,121.461300,31.262800,  0,135,0
84011,2007-02-20 06:13:46,121.461300,31.262800,  0,135,0
84011,2007-02-20 06:14:47,121.461300,31.262800,  0,135,0
84011,2007-02-20 06:15:48,121.461300,31.262800,  0,135,0
84011,2007-02-20 06:16:49,121.461100,31.262800,  0,135,0
84011,2007-02-20 06:17:50,121.461100,31.262800,  0,135,0
84011,2007-02-20 06:18:51,121.461000,31.263000,  0,135,0
84011,2007-02-20 06:19:52,121.461100,31.263000,  0,135,0
84011,2007-02-20 06:21:54,121.461100,31.263000,  0,135,0
84011,2007-02-20 06:22:55,121.461100,31.263000,  0,135,0
84011,2007-02-20 06:23:56,121.461100,31.263000,  0,135,0
84011,2007-02-20 06:24:57,121.461100,31.263000,  0,135,0
84011,2007-02-20 06:25:58,121.461100,31.263000,  0,135,0
84011,2007-02-20 06:28:00,121.461100,31.263000,  0,135,0
84011,2007-02-20 06:29:01,121.461100,31.263000,  0,135,0
84011,2007-02-20 06:30:02,121.461100,31.263000,  0,135,0
84011,2007-02-20 06:31:03,121.461100,31.263000,  0,135,0
84011,2007-02-20 06:32:04,121.461100,31.263000,  0,135,0
84011,2007-02-20 06:34:06,121.461100,31.263000,  0,135,0
84011,2007-02-20 06:35:07,121.461100,31.263000,  0,135,0
84011,2007-02-20 06:36:08,121.461100,31.263000,  0,135,0
84011,2007-02-20 06:37:09,121.461100,31.263300,  0,135,0
84011,2007-02-20 06:38:10,121.461100,31.263100,  0,135,0
84011,2007-02-20 06:39:10,121.462000,31.261100, 28, 67,0
84011,2007-02-20 06:40:11,121.462300,31.260800,  0, 67,0
84011,2007-02-20 06:41:12,121.462300,31.260800,  0, 67,0
84011,2007-02-20 06:42:14,121.462300,31.260800,  0, 67,0
84011,2007-02-20 06:44:16,121.461000,31.262800,  0, 67,0
84011,2007-02-20 06:45:17,121.461000,31.262800,  0, 67,0
84011,2007-02-20 06:46:17,121.461000,31.262800,  0, 67,0
84011,2007-02-20 06:47:19,121.461000,31.262800,  0, 67,0
84011,2007-02-20 06:48:19,121.461000,31.262800,  0, 67,0
84011,2007-02-20 06:49:20,121.461000,31.262800,  0, 67,0
84011,2007-02-20 06:50:21,121.461100,31.263000,  0, 67,0
84011,2007-02-20 06:51:22,121.461100,31.263000,  0, 67,0
84011,2007-02-20 06:52:24,121.461100,31.263000,  0, 67,0
84011,2007-02-20 06:53:24,121.461100,31.263000,  0, 67,0
84011,2007-02-20 06:54:25,121.461100,31.263000,  0, 67,0
84011,2007-02-20 06:55:26,121.461100,31.263000,  0, 67,0
84011,2007-02-20 06:57:29,121.461100,31.262800,  0, 67,0
84011,2007-02-20 06:58:29,121.461100,31.262800,  0, 67,0
84011,2007-02-20 06:59:30,121.461300,31.263000,  0, 67,0
84011,2007-02-20 07:00:31,121.461300,31.263000,  0, 67,0
84011,2007-02-20 07:01:32,121.461300,31.263000,  0, 67,0
84011,2007-02-20 07:02:34,121.461300,31.263000,  0, 67,0
84011,2007-02-20 07:03:34,121.461300,31.263000,  0, 67,0
84011,2007-02-20 07:05:36,121.461300,31.263000,  0, 67,0
84011,2007-02-20 07:06:37,121.461300,31.263100,  0, 67,0
84011,2007-02-20 07:07:39,121.461300,31.263100,  0, 67,0
84011,2007-02-20 07:08:39,121.461300,31.263100,  0, 67,0
84011,2007-02-20 07:09:40,121.461300,31.263100,  0, 67,0
84011,2007-02-20 07:10:41,121.461300,31.263100,  0, 67,0
84011,2007-02-20 07:11:42,121.461300,31.263100,  0, 67,0
84011,2007-02-20 07:12:44,121.461300,31.263100,  0, 67,0
84011,2007-02-20 07:13:44,121.461300,31.263100,  0, 67,0
84011,2007-02-20 07:14:45,121.461300,31.263100,  0, 67,0
84011,2007-02-20 07:15:46,121.461300,31.263100,  0, 67,0
84011,2007-02-20 07:16:47,121.461100,31.263100,  0, 67,0
84011,2007-02-20 07:17:49,121.461000,31.263000,  0, 67,0
84011,2007-02-20 07:18:49,121.461100,31.263000,  0, 45,0
84011,2007-02-20 07:19:50,121.461100,31.263000,  0, 45,0
84011,2007-02-20 07:20:51,121.461100,31.263000,  0, 45,0
84011,2007-02-20 07:21:52,121.461100,31.263000,  0, 45,0
84011,2007-02-20 07:22:53,121.461100,31.263000,  0, 45,0
84011,2007-02-20 07:23:54,121.461100,31.263000,  0, 45,0
84011,2007-02-20 07:25:56,121.461100,31.263000,  0, 45,0
84011,2007-02-20 07:26:57,121.461100,31.263000,  0, 45,0
84011,2007-02-20 07:28:59,121.461100,31.263000,  0, 45,0
84011,2007-02-20 07:30:00,121.461100,31.263000,  0, 45,0
84011,2007-02-20 07:31:01,121.461100,31.263000,  0, 45,0
84011,2007-02-20 07:32:02,121.461100,31.263000,  0, 45,0
84011,2007-02-20 07:33:03,121.461100,31.263000,  0, 45,0
84011,2007-02-20 07:34:04,121.461100,31.263000,  0, 45,0
84011,2007-02-20 07:35:05,121.461100,31.263000,  0, 45,0
84011,2007-02-20 07:36:06,121.461100,31.263000,  0, 45,0
84011,2007-02-20 07:37:16,121.461100,31.263000,  0, 45,0
84011,2007-02-20 07:38:16,121.461100,31.263000,  0, 45,0
84011,2007-02-20 07:39:17,121.461100,31.262800,  0, 45,0
84011,2007-02-20 07:40:18,121.461100,31.262800,  0, 45,0
84011,2007-02-20 07:41:19,121.461300,31.262600,  0, 45,0
84011,2007-02-20 07:42:20,121.461300,31.262600,  0, 45,0
84011,2007-02-20 07:43:21,121.461300,31.262600,  0, 45,0
84011,2007-02-20 07:44:22,121.461300,31.262800,  0, 45,0
84011,2007-02-20 07:45:23,121.461300,31.262800,  0, 45,0
84011,2007-02-20 07:46:24,121.461300,31.262800,  0, 45,0
84011,2007-02-20 07:47:25,121.461300,31.262800,  0, 45,0
84011,2007-02-20 07:48:26,121.462000,31.263100,  0, 67,0
84011,2007-02-20 07:49:27,121.462000,31.263100,  0, 67,0
84011,2007-02-20 07:50:28,121.463600,31.262600, 42, 67,0
84011,2007-02-20 07:51:29,121.466000,31.261300, 38, 22,0
84011,2007-02-20 07:52:30,121.470300,31.259600, 40, 67,0
84011,2007-02-20 07:53:31,121.469800,31.256000, 34,112,0
84011,2007-02-20 07:54:32,121.466300,31.254000, 36,112,0
84011,2007-02-20 07:55:33,121.465000,31.253100, 12,112,0
84011,2007-02-20 07:56:34,121.459600,31.251600, 22, 45,0
84011,2007-02-20 07:57:18,121.461300,31.250600, 24,112,1
84011,2007-02-20 07:58:18,121.458100,31.250800, 20,  0,1
84011,2007-02-20 07:59:19,121.457800,31.247300, 68, 90,1
84011,2007-02-20 08:00:20,121.462000,31.234000, 98, 90,1
84011,2007-02-20 08:01:21,121.462500,31.229300, 26, 90,1
84011,2007-02-20 08:02:22,121.463100,31.223600, 44,135,1
84011,2007-02-20 08:03:23,121.459000,31.223100,  0,  0,1
84011,2007-02-20 08:04:18,121.458300,31.222800,  0, 67,0
84011,2007-02-20 08:06:19,121.457300,31.231300, 52,157,0
84011,2007-02-20 08:07:20,121.460000,31.234300, 28, 22,0
84011,2007-02-20 08:08:21,121.461100,31.236300,  0, 45,0
84011,2007-02-20 08:10:23,121.465800,31.238000, 50, 22,0
84011,2007-02-20 08:11:24,121.468500,31.239300,  0, 45,0
84011,2007-02-20 08:14:27,121.466600,31.246500, 26, 22,0
84011,2007-02-20 08:15:28,121.467800,31.246800,  0, 45,0
84011,2007-02-20 08:16:29,121.470500,31.247500,  0, 45,0
84011,2007-02-20 08:17:30,121.470500,31.247500,  0, 45,0
84011,2007-02-20 08:18:31,121.469500,31.250300, 32,  0,0
84011,2007-02-20 08:19:32,121.473100,31.251600, 34, 45,0
84011,2007-02-20 08:20:33,121.474100,31.252000,  0, 45,0
84011,2007-02-20 08:21:34,121.471800,31.255600, 44,157,0
84011,2007-02-20 08:22:35,121.469600,31.256000, 20,135,0
84011,2007-02-20 08:23:35,121.469600,31.255800,  0, 90,0
84011,2007-02-20 08:24:36,121.469300,31.255600, 22,112,0
84011,2007-02-20 08:25:37,121.464800,31.253300, 18,112,0
84011,2007-02-20 08:26:38,121.459500,31.252100, 28, 90,0
84011,2007-02-20 08:27:39,121.460300,31.250100, 24,135,0
84011,2007-02-20 08:28:40,121.459500,31.254000, 30,  0,0
84011,2007-02-20 08:29:40,121.460300,31.256500,  0,  0,0
84011,2007-02-20 08:30:42,121.462100,31.254500,  0, 45,0
84011,2007-02-20 08:31:43,121.462300,31.255600, 24,  0,0
84011,2007-02-20 08:32:44,121.459300,31.255300, 30,135,0
84011,2007-02-20 08:33:45,121.455500,31.255500, 12,135,0
84011,2007-02-20 08:34:46,121.452300,31.255800, 38,135,0
84011,2007-02-20 08:35:47,121.448000,31.256800,  6,157,0
84011,2007-02-20 08:36:48,121.446000,31.258600, 42,157,0
84011,2007-02-20 08:37:49,121.450000,31.260500, 30, 45,0
84011,2007-02-20 08:40:51,121.453300,31.260500,  0, 45,0
84011,2007-02-20 08:41:53,121.453300,31.260500,  0, 45,0
84011,2007-02-20 08:42:54,121.457800,31.256000, 34, 45,0
84011,2007-02-20 08:43:55,121.463500,31.256300, 22, 22,0
84011,2007-02-20 08:44:56,121.464600,31.260500, 26, 22,0
84011,2007-02-20 08:45:57,121.466800,31.261600, 20, 22,0
84011,2007-02-20 08:46:58,121.466800,31.263800, 36,157,0
84011,2007-02-20 08:47:59,121.467100,31.267500, 62,157,0
84011,2007-02-20 08:49:00,121.463600,31.265600,  4,135,0
84011,2007-02-20 08:50:01,121.461000,31.267600, 32,112,0
84011,2007-02-20 08:51:02,121.459800,31.267100, 24,112,0
84011,2007-02-20 08:52:03,121.459000,31.266800,  0,112,0
84011,2007-02-20 08:53:04,121.459000,31.266800,  0,112,0
84011,2007-02-20 08:54:05,121.459000,31.266800,  0,112,0
84011,2007-02-20 08:55:06,121.459000,31.266800,  0,112,0
84011,2007-02-20 08:57:08,121.459000,31.266800,  0,112,0
84011,2007-02-20 08:58:09,121.459000,31.266800,  0,112,0
84011,2007-02-20 08:59:10,121.459000,31.266800,  0,112,0
84011,2007-02-20 09:00:11,121.460000,31.263800, 32,112,0
84011,2007-02-20 09:01:12,121.455000,31.266500, 38,  0,0
84011,2007-02-20 09:02:13,121.453300,31.270100, 58,157,0
84011,2007-02-20 09:03:14,121.456100,31.271300, 16, 45,0
84011,2007-02-20 09:04:15,121.459600,31.273300, 30, 22,0
84011,2007-02-20 09:05:16,121.461000,31.274300,  0, 22,0
84011,2007-02-20 09:07:18,121.457100,31.276000, 12,135,0
84011,2007-02-20 09:08:19,121.452000,31.275300, 48,  0,0
84011,2007-02-20 09:09:20,121.449000,31.278000, 36,112,0
84011,2007-02-20 09:10:21,121.447300,31.285300, 68,  0,0
84011,2007-02-20 09:11:22,121.440800,31.285000, 62,135,0
84011,2007-02-20 09:12:23,121.434800,31.284800, 30,157,0
84011,2007-02-20 09:13:24,121.433800,31.289000, 12,157,0
84011,2007-02-20 09:14:25,121.427100,31.289600, 58,  0,0
84011,2007-02-20 09:15:26,121.426800,31.295300,  2,  0,0
84011,2007-02-20 09:16:27,121.423500,31.295300, 14,135,0
84011,2007-02-20 09:17:28,121.419000,31.294500, 28,135,0
84011,2007-02-20 09:18:29,121.415100,31.295600, 16,157,0
84011,2007-02-20 09:20:31,121.415100,31.295800,  0,  0,0
84011,2007-02-20 09:21:32,121.417000,31.294300, 32, 45,0
84011,2007-02-20 09:22:33,121.422000,31.295100, 26, 45,0
84011,2007-02-20 09:23:34,121.427000,31.294500, 54, 90,0
84011,2007-02-20 09:24:35,121.427100,31.289500, 44, 90,0
84011,2007-02-20 09:25:36,121.427300,31.288600,  0, 90,0
84011,2007-02-20 09:26:37,121.433600,31.289000, 40, 45,0
84011,2007-02-20 09:27:38,121.434300,31.286100, 22, 90,0
84011,2007-02-20 09:28:39,121.431500,31.282500, 54,112,0
84011,2007-02-20 09:29:40,121.427600,31.278800,  0,112,0
84011,2007-02-20 09:30:41,121.430300,31.276800, 22, 67,0
84011,2007-02-20 09:31:42,121.431500,31.275800, 50, 67,0
84011,2007-02-20 09:32:43,121.435600,31.273600, 28, 22,0
84011,2007-02-20 09:33:44,121.436000,31.274000,  0, 22,0
84011,2007-02-20 09:35:46,121.436600,31.274600, 34, 22,0
84011,2007-02-20 09:37:48,121.445300,31.275800, 38, 22,0
84011,2007-02-20 09:38:49,121.448800,31.275300,  0, 67,0
84011,2007-02-20 09:39:50,121.449100,31.272600, 20,112,0
84011,2007-02-20 09:40:51,121.445600,31.271000,  4, 90,0
84011,2007-02-20 09:41:52,121.445500,31.270800,  0,135,0
84011,2007-02-20 09:42:53,121.446500,31.268300, 22,112,0
84011,2007-02-20 09:43:54,121.448300,31.264500, 32, 67,0
84011,2007-02-20 09:44:55,121.453000,31.266500, 24, 22,0
84011,2007-02-20 09:45:56,121.453800,31.266800,  0, 45,0
84011,2007-02-20 09:46:57,121.456000,31.263600, 40, 90,0
84011,2007-02-20 09:47:58,121.453800,31.261000, 14,112,0
84011,2007-02-20 09:48:58,121.453800,31.260800,  0,112,0
84011,2007-02-20 09:49:59,121.458100,31.261000, 54, 67,0
84011,2007-02-20 09:51:01,121.454600,31.259600, 46,  0,0
84011,2007-02-20 09:52:02,121.456800,31.262100, 34, 67,0
84011,2007-02-20 09:53:03,121.460000,31.256000, 46, 90,0
84011,2007-02-20 09:54:03,121.457500,31.256100,  0,112,0
84011,2007-02-20 09:55:04,121.457500,31.256100,  0,112,0
84011,2007-02-20 09:56:05,121.457500,31.256100,  0,112,0
84011,2007-02-20 09:57:06,121.457500,31.256100,  0,112,0
84011,2007-02-20 09:58:08,121.457500,31.256100,  0,112,0
84011,2007-02-20 09:58:17,121.457500,31.256100,  0,112,1
84011,2007-02-20 09:59:18,121.457500,31.256100,  0,112,1
84011,2007-02-20 10:00:19,121.463800,31.256600, 30, 90,1
84011,2007-02-20 10:01:20,121.459500,31.255100,  4, 90,1
84011,2007-02-20 10:02:20,121.459600,31.254600,  0, 90,1
84011,2007-02-20 10:03:21,121.456800,31.255600,  0, 90,1
84011,2007-02-20 10:03:26,121.456800,31.255600,  0, 90,0
84011,2007-02-20 10:05:25,121.455600,31.255500, 34,135,1
84011,2007-02-20 10:06:26,121.449100,31.256100, 50,135,1
84011,2007-02-20 10:07:27,121.448100,31.256800,  0,  0,1
84011,2007-02-20 10:08:27,121.447300,31.257100, 22,112,1
84011,2007-02-20 10:09:29,121.447600,31.249600, 20, 67,1
84011,2007-02-20 10:10:25,121.445500,31.248300, 20,135,0
84011,2007-02-20 10:12:25,121.443800,31.248100,  0,135,0
84011,2007-02-20 10:13:26,121.443800,31.248100,  0,135,0
84011,2007-02-20 10:14:28,121.443800,31.248100,  0,135,0
84011,2007-02-20 10:15:29,121.448300,31.244500, 26, 67,0
84011,2007-02-20 10:16:30,121.451300,31.242300, 20, 67,0
84011,2007-02-20 10:17:53,121.449800,31.243800,  0,  0,1
84011,2007-02-20 10:18:53,121.449800,31.243800,  0,  0,1
84011,2007-02-20 10:19:55,121.455500,31.237500,  0,  0,1
84011,2007-02-20 10:20:56,121.456600,31.235000,  0, 67,1
84011,2007-02-20 10:21:57,121.456600,31.235000,  0, 67,1
84011,2007-02-20 10:25:49,121.466500,31.234500, 38, 22,1
84011,2007-02-20 10:26:45,121.469000,31.236300,  0, 45,0
84011,2007-02-20 10:27:46,121.470100,31.236000,  0, 67,0
84011,2007-02-20 10:28:47,121.470600,31.235600,  0, 45,0
84011,2007-02-20 10:29:47,121.466800,31.235100, 10,157,0
84011,2007-02-20 10:30:49,121.466800,31.238600, 34, 22,0
84011,2007-02-20 10:31:50,121.468600,31.239500,  0, 22,0
84011,2007-02-20 10:32:51,121.468500,31.240600, 36,157,1
84011,2007-02-20 10:33:51,121.466600,31.245800,  0,  0,1
84011,2007-02-20 10:34:52,121.465500,31.246600, 52,135,1
84011,2007-02-20 10:35:52,121.457800,31.247500, 36,157,1
84011,2007-02-20 10:36:54,121.452300,31.249300, 22,157,1
84011,2007-02-20 10:37:44,121.450100,31.250100,  0,157,0
84011,2007-02-20 10:38:44,121.450100,31.250100,  0,157,0
84011,2007-02-20 10:39:45,121.450100,31.250100,  0,157,0
84011,2007-02-20 10:40:47,121.448800,31.250100, 12,  0,0
84011,2007-02-20 10:41:47,121.446800,31.251800, 18,  0,0
84011,2007-02-20 10:44:17,121.446800,31.252000,  0,  0,0
84011,2007-02-20 10:45:19,121.446800,31.252000,  0,  0,0
84011,2007-02-20 10:46:20,121.446800,31.252000,  0,  0,0
84011,2007-02-20 10:46:33,121.446800,31.252100, 20,  0,1
84011,2007-02-20 10:47:34,121.447800,31.249100,  0, 67,1
84011,2007-02-20 10:48:35,121.447800,31.249300,  0, 67,1
84011,2007-02-20 10:49:36,121.447800,31.249300,  0, 67,1
84011,2007-02-20 10:50:36,121.447800,31.249300,  0, 67,1
84011,2007-02-20 10:51:37,121.451500,31.247600, 22, 45,1
84011,2007-02-20 10:52:39,121.457000,31.247000, 42, 67,1
84011,2007-02-20 10:53:40,121.460500,31.238300, 88, 67,1
84011,2007-02-20 10:54:41,121.462500,31.230000, 50, 90,1
84011,2007-02-20 10:55:42,121.467100,31.222300, 68, 90,1
84011,2007-02-20 10:56:42,121.466600,31.213600, 62, 67,1
84011,2007-02-20 10:57:44,121.471600,31.201300, 54, 90,1
84011,2007-02-20 10:58:45,121.463300,31.195500, 82,112,1
84011,2007-02-20 10:59:46,121.453500,31.189300, 72,112,1
84011,2007-02-20 11:00:47,121.446800,31.187300,  0, 90,1
84011,2007-02-20 11:01:47,121.444600,31.186600, 56,112,1
84011,2007-02-20 11:02:48,121.440600,31.182100, 18, 90,1
84011,2007-02-20 11:03:49,121.440600,31.182100,  0, 90,1
84011,2007-02-20 11:04:50,121.440600,31.182100,  0, 90,1
84011,2007-02-20 11:05:33,121.434000,31.180600,  0,157,0
84011,2007-02-20 11:06:33,121.432600,31.181500, 40,157,0
84011,2007-02-20 11:07:34,121.431600,31.182000,  0,157,0
84011,2007-02-20 11:08:35,121.434600,31.185100, 48, 45,0
84011,2007-02-20 11:09:36,121.437500,31.186500,  0, 22,0
84011,2007-02-20 11:10:37,121.439600,31.188100, 14, 22,0
84011,2007-02-20 11:11:38,121.444100,31.190500, 34, 22,0
84011,2007-02-20 11:12:39,121.449100,31.192500, 18, 22,0
84011,2007-02-20 11:13:40,121.450000,31.192600,  8, 45,0
84011,2007-02-20 11:13:46,121.450500,31.192600, 40, 45,1
84011,2007-02-20 11:15:28,121.458100,31.197500, 22,157,1
84011,2007-02-20 11:16:28,121.457800,31.200100, 38, 22,1
84011,2007-02-20 11:17:29,121.462600,31.203300, 42, 22,1
84011,2007-02-20 11:18:30,121.466000,31.205300, 52,  0,1
84011,2007-02-20 11:19:31,121.467500,31.210000,  2, 22,1
84011,2007-02-20 11:20:32,121.468600,31.211100, 26,  0,1
84011,2007-02-20 11:21:33,121.466500,31.218500, 70,  0,1
84011,2007-02-20 11:22:34,121.463000,31.228000, 76,157,1
84011,2007-02-20 11:23:35,121.460000,31.239600, 78,157,1
84011,2007-02-20 11:24:36,121.458300,31.247300, 34,157,1
84011,2007-02-20 11:25:37,121.452600,31.249100, 46,  0,1
84011,2007-02-20 11:26:34,121.450000,31.250100,  0,135,0
84011,2007-02-20 11:27:34,121.450000,31.250100,  0,135,0
84011,2007-02-20 11:28:35,121.450800,31.247800, 10,135,0
84011,2007-02-20 11:29:48,121.447100,31.251100, 16,  0,0
84011,2007-02-20 11:30:48,121.446500,31.253000,  0,157,0
84011,2007-02-20 11:30:59,121.446500,31.252600, 28, 90,1
84011,2007-02-20 11:32:17,121.447300,31.249800, 24, 67,1
84011,2007-02-20 11:33:18,121.447500,31.249500,  0, 90,1
84011,2007-02-20 11:34:19,121.448600,31.248000,  0, 67,1
84011,2007-02-20 11:36:21,121.458100,31.243100, 58, 67,1
84011,2007-02-20 11:37:22,121.462100,31.233600, 60, 90,1
84011,2007-02-20 11:38:23,121.465000,31.226100, 60, 45,1
84011,2007-02-20 11:39:24,121.472600,31.229600, 36, 22,1
84011,2007-02-20 11:40:25,121.474300,31.228300,  0,135,1
84011,2007-02-20 11:41:16,121.472100,31.227800,  0,157,0
84011,2007-02-20 11:42:16,121.472000,31.227800,  6,135,0
84011,2007-02-20 11:43:17,121.469800,31.226100, 34,135,0
84011,2007-02-20 11:44:18,121.468600,31.227500,  0,112,0
84011,2007-02-20 11:45:19,121.469000,31.231300, 68, 22,0
84011,2007-02-20 11:46:20,121.471500,31.233000, 38, 22,0
84011,2007-02-20 11:48:36,121.469000,31.239100, 20,  0,0
84011,2007-02-20 11:49:37,121.466600,31.246500, 48,  0,0
84011,2007-02-20 11:53:41,121.468500,31.247000,  0, 45,0
84011,2007-02-20 11:54:42,121.469500,31.247300, 38, 45,0
84011,2007-02-20 11:55:43,121.470600,31.247600,  0, 22,0
84011,2007-02-20 11:56:44,121.470600,31.247600,  4, 45,0
84011,2007-02-20 11:57:45,121.471000,31.251300, 46, 45,0
84011,2007-02-20 11:58:46,121.474000,31.252000,  0, 22,0
84011,2007-02-20 11:59:47,121.473800,31.255000, 42, 22,0
84011,2007-02-20 12:00:48,121.473000,31.259000, 34,157,0
84011,2007-02-20 12:01:49,121.472300,31.261300,  0,  0,0
84011,2007-02-20 12:03:27,121.468100,31.255000, 28,112,1
84011,2007-02-20 12:05:28,121.459600,31.252300, 26,112,1
84011,2007-02-20 12:06:29,121.459300,31.254100, 40,  0,1
84011,2007-02-20 12:08:31,121.457300,31.262300,  0,157,1
84011,2007-02-20 12:09:32,121.454500,31.266500, 40,157,1
84011,2007-02-20 12:10:33,121.450500,31.274100, 82,157,1
84011,2007-02-20 12:11:34,121.447600,31.280600,  0, 22,1
84011,2007-02-20 12:12:35,121.447600,31.280600,  0, 22,1
84011,2007-02-20 12:13:36,121.446800,31.288000, 80,  0,1
84011,2007-02-20 12:14:37,121.444800,31.299800, 18,  0,1
84011,2007-02-20 12:15:38,121.444500,31.304100, 54,  0,1
84011,2007-02-20 12:16:39,121.444100,31.307500,  0,  0,1
84011,2007-02-20 12:17:40,121.442500,31.308100,  4,  0,1
84011,2007-02-20 12:17:50,121.442500,31.308300,  0,  0,0
84011,2007-02-20 12:19:51,121.443800,31.308500, 24, 90,0
84011,2007-02-20 12:20:52,121.443800,31.307600,  0, 90,0
84011,2007-02-20 12:21:53,121.443800,31.305000, 78, 90,0
84011,2007-02-20 12:23:55,121.444800,31.294500,  0,135,0
84011,2007-02-20 12:24:56,121.444800,31.294500,  0,135,0
84011,2007-02-20 12:25:57,121.444800,31.294500,  0,135,0
84011,2007-02-20 12:26:58,121.444800,31.294500,  0,135,0
84011,2007-02-20 12:27:59,121.444600,31.294600,  0,135,0
84011,2007-02-20 12:29:00,121.444600,31.294600,  0,135,0
84011,2007-02-20 12:30:01,121.444600,31.294600,  0,135,0
84011,2007-02-20 12:31:02,121.444600,31.294600,  0,135,0
84011,2007-02-20 12:32:03,121.444600,31.294600,  0,135,0
84011,2007-02-20 12:32:52,121.444500,31.294600, 18,112,1
84011,2007-02-20 12:33:53,121.434300,31.294100,  0,135,1
84011,2007-02-20 12:36:56,121.434300,31.294100,  0,135,1
84011,2007-02-20 12:37:57,121.434300,31.294100,  0,135,1
84011,2007-02-20 12:38:58,121.434300,31.294100,  0,135,1
84011,2007-02-20 12:40:43,121.417300,31.282500, 42, 90,1
84011,2007-02-20 12:41:00,121.417100,31.282000,  0, 67,0
84011,2007-02-20 12:42:01,121.417000,31.281600,  0, 90,0
84011,2007-02-20 12:42:36,121.416600,31.281500, 26,135,1
84011,2007-02-20 12:44:16,121.404000,31.281100, 56,135,1
84011,2007-02-20 12:45:16,121.396600,31.282500,  0,157,1
84011,2007-02-20 12:46:17,121.396000,31.282600, 40,157,1
84011,2007-02-20 12:47:18,121.390000,31.284000, 40,135,1
84011,2007-02-20 12:48:19,121.388500,31.287300, 48,  0,1
84011,2007-02-20 12:49:20,121.389000,31.292000, 36,  0,1
84011,2007-02-20 12:50:03,121.388800,31.293500,  0, 22,0
84011,2007-02-20 12:51:04,121.388800,31.293600,  0,135,0
84011,2007-02-20 12:52:05,121.389000,31.292300, 10, 90,0
84011,2007-02-20 12:53:06,121.388600,31.288600, 30, 90,0
84011,2007-02-20 12:54:07,121.388300,31.284300, 22, 45,0
84011,2007-02-20 12:55:08,121.393000,31.283600, 38, 45,0
84011,2007-02-20 12:56:09,121.395800,31.282800,  0, 67,0
84011,2007-02-20 12:57:10,121.402300,31.281100, 56, 45,0
84011,2007-02-20 12:58:11,121.407500,31.281300, 40, 45,0
84011,2007-02-20 12:59:12,121.410100,31.278100, 38, 90,0
84011,2007-02-20 13:01:14,121.410800,31.269000, 50, 90,0
84011,2007-02-20 13:02:15,121.412100,31.267500, 62, 45,0
84011,2007-02-20 13:04:17,121.421100,31.260800, 22,  0,0
84011,2007-02-20 13:05:18,121.426000,31.261600,  0, 45,0
84011,2007-02-20 13:06:19,121.428000,31.261500, 34, 45,0
84011,2007-02-20 13:07:20,121.433000,31.263300, 32, 22,0
84011,2007-02-20 13:08:21,121.436500,31.260600, 18, 22,0
84011,2007-02-20 13:09:22,121.439100,31.261800, 14, 45,0
84011,2007-02-20 13:10:23,121.441600,31.262800, 24, 22,1
84011,2007-02-20 13:11:23,121.442100,31.263000,  0, 22,1
84011,2007-02-20 13:13:16,121.444300,31.261000,  0, 67,1
84011,2007-02-20 13:13:39,121.444300,31.261000,  0, 67,1
84011,2007-02-20 13:14:39,121.446800,31.257600, 34, 67,1
84011,2007-02-20 13:15:40,121.447000,31.257500,  0, 67,1
84011,2007-02-20 13:16:41,121.448600,31.257600, 38, 45,1
84011,2007-02-20 13:17:42,121.451300,31.258500, 12, 22,1
84011,2007-02-20 13:18:43,121.454500,31.258800,  0, 45,1
84011,2007-02-20 13:19:44,121.457800,31.259600,  6, 45,1
84011,2007-02-20 13:20:45,121.463500,31.259800, 42, 22,1
84011,2007-02-20 13:21:46,121.466800,31.260100, 28, 45,1
84011,2007-02-20 13:22:05,121.468000,31.260800,  0, 22,0
84011,2007-02-20 13:23:05,121.467800,31.262000,  0,157,0
84011,2007-02-20 13:24:06,121.464600,31.260800, 32,157,0
84011,2007-02-20 13:25:07,121.462500,31.263000, 26,135,0
84011,2007-02-20 13:26:08,121.461600,31.264100,  0,  0,0
84011,2007-02-20 13:27:09,121.462000,31.263300,  8,135,0
84011,2007-02-20 13:28:10,121.461600,31.263100,  6,112,0
84011,2007-02-20 13:30:12,121.461300,31.263000,  0, 22,0
84011,2007-02-20 13:31:13,121.461300,31.263000,  0, 22,0
84011,2007-02-20 13:32:14,121.461300,31.263000,  0, 22,0
84011,2007-02-20 13:33:15,121.461300,31.263000,  0, 22,0
84011,2007-02-20 13:34:16,121.461300,31.263000,  0, 22,0
84011,2007-02-20 13:35:17,121.461300,31.262800,  0, 22,0
84011,2007-02-20 13:36:18,121.461300,31.262800,  0, 22,0
84011,2007-02-20 13:37:19,121.461300,31.262800,  0, 22,0
84011,2007-02-20 13:38:20,121.461300,31.262800,  0, 22,0
84011,2007-02-20 13:39:21,121.461300,31.262800,  0, 22,0
84011,2007-02-20 13:40:22,121.461300,31.262800,  0, 22,0
84011,2007-02-20 13:41:23,121.461300,31.262800,  0, 22,0
84011,2007-02-20 13:42:24,121.461300,31.262800,  0, 22,0
84011,2007-02-20 13:43:25,121.461300,31.262800,  0, 22,0
84011,2007-02-20 13:44:26,121.461300,31.262800,  0, 22,0
84011,2007-02-20 13:45:27,121.461300,31.262800,  0, 22,0
84011,2007-02-20 13:46:28,121.461300,31.262800,  0, 22,0
84011,2007-02-20 13:47:29,121.461300,31.262800,  0, 22,0
84011,2007-02-20 13:48:30,121.461300,31.262800,  0, 22,0
84011,2007-02-20 13:49:31,121.461100,31.262800,  0, 22,0
84011,2007-02-20 13:50:32,121.461100,31.262500,  0, 22,0
84011,2007-02-20 13:51:33,121.461100,31.262500,  0, 22,0
84011,2007-02-20 13:52:34,121.461100,31.262500,  0, 22,0
84011,2007-02-20 13:53:35,121.461100,31.262500,  0, 22,0
84011,2007-02-20 13:55:37,121.461100,31.262500,  0, 22,0
84011,2007-02-20 13:56:38,121.461100,31.262500,  0, 22,0
84011,2007-02-20 13:57:39,121.461100,31.262500,  0, 22,0
84011,2007-02-20 13:58:40,121.461100,31.262500,  0, 22,0
84011,2007-02-20 13:59:41,121.461100,31.262500,  0, 22,0
84011,2007-02-20 14:00:42,121.461100,31.262500,  0, 22,0
84011,2007-02-20 14:01:43,121.461100,31.262500,  0, 22,0
84011,2007-02-20 14:02:44,121.461100,31.262500,  0, 22,0
84011,2007-02-20 14:03:45,121.461100,31.262500,  0, 22,0
84011,2007-02-20 14:04:46,121.461100,31.262500,  0, 22,0
84011,2007-02-20 14:06:48,121.461100,31.262500,  0, 22,0
84011,2007-02-20 14:07:49,121.461100,31.262500,  0, 22,0
84011,2007-02-20 14:08:50,121.461100,31.262500,  0, 22,0
84011,2007-02-20 14:10:52,121.461100,31.262500,  0, 22,0
84011,2007-02-20 14:12:54,121.461100,31.263000,  0, 22,0
84011,2007-02-20 14:13:55,121.461100,31.263000,  0, 22,0
84011,2007-02-20 14:14:56,121.461100,31.263000,  0, 22,0
84011,2007-02-20 14:15:57,121.461100,31.263000,  0, 22,0
84011,2007-02-20 14:16:58,121.461100,31.263000,  0, 22,0
84011,2007-02-20 14:17:59,121.461100,31.263000,  0, 22,0
84011,2007-02-20 14:20:01,121.461100,31.262600,  0, 22,0
84011,2007-02-20 14:21:02,121.461100,31.262800,  0, 22,0
84011,2007-02-20 14:22:03,121.461100,31.262800,  0, 22,0
84011,2007-02-20 14:23:04,121.461100,31.262800,  0, 22,0
84011,2007-02-20 14:24:05,121.461100,31.262800,  0, 22,0
84011,2007-02-20 14:25:06,121.461100,31.262800,  0, 22,0
84011,2007-02-20 14:26:07,121.461100,31.262800,  0, 22,0
84011,2007-02-20 14:28:09,121.461100,31.262800,  0, 22,0
84011,2007-02-20 14:29:41,121.461100,31.262800,  0,  0,0
84011,2007-02-20 14:30:42,121.461100,31.262800,  0,  0,0
84011,2007-02-20 14:31:43,121.461100,31.262800,  0,  0,0
84011,2007-02-20 14:32:44,121.461100,31.262800,  0,  0,0
84011,2007-02-20 14:33:45,121.461100,31.262800,  0,  0,0
84011,2007-02-20 14:34:46,121.461100,31.262800,  0,  0,0
84011,2007-02-20 14:37:49,121.461100,31.262800,  0,  0,0
84011,2007-02-20 14:38:50,121.461100,31.262800,  0,  0,0
84011,2007-02-20 14:39:51,121.461100,31.262800,  0,  0,0
84011,2007-02-20 14:40:52,121.461100,31.262800,  0,  0,0
84011,2007-02-20 14:41:53,121.461100,31.262800,  0,  0,0
84011,2007-02-20 14:42:54,121.461100,31.262800,  0,  0,0
84011,2007-02-20 14:43:55,121.461100,31.262800,  0,  0,0
84011,2007-02-20 14:44:56,121.461100,31.262800,  0,  0,0
84011,2007-02-20 14:45:57,121.461100,31.262800,  0,  0,0
84011,2007-02-20 14:46:58,121.461100,31.262800,  0,  0,0
84011,2007-02-20 14:47:59,121.461100,31.262800,  0,  0,0
84011,2007-02-20 14:49:00,121.461100,31.262800,  0,  0,0
84011,2007-02-20 14:50:00,121.461100,31.262800,  0,  0,0
84011,2007-02-20 14:51:01,121.461100,31.262800,  0,  0,0
84011,2007-02-20 14:52:02,121.461100,31.262800,  0,  0,0
84011,2007-02-20 14:53:03,121.461100,31.262800,  0,  0,0
84011,2007-02-20 14:55:05,121.461100,31.262800,  0,  0,0
84011,2007-02-20 14:56:06,121.461100,31.262800,  0,  0,0
84011,2007-02-20 14:57:07,121.461100,31.262800,  0,  0,0
84011,2007-02-20 14:58:08,121.461100,31.262800,  0,  0,0
84011,2007-02-20 14:59:09,121.461100,31.262800,  0,  0,0
84011,2007-02-20 15:00:10,121.461300,31.263000,  0,  0,0
84011,2007-02-20 15:01:11,121.461100,31.263000,  0,  0,0
84011,2007-02-20 15:02:12,121.461100,31.263000,  0,  0,0
84011,2007-02-20 15:04:14,121.461100,31.263000,  0,  0,0
84011,2007-02-20 15:05:15,121.461100,31.263000,  0,  0,0
84011,2007-02-20 15:06:16,121.461100,31.263000,  0,  0,0
84011,2007-02-20 15:07:17,121.461100,31.263000,  0,  0,0
84011,2007-02-20 15:08:18,121.461100,31.263000,  0,  0,0
84011,2007-02-20 15:09:19,121.461100,31.263000,  0,  0,0
84011,2007-02-20 15:10:20,121.461100,31.263000,  0,  0,0
84011,2007-02-20 15:11:21,121.461100,31.263000,  0,  0,0
84011,2007-02-20 15:12:22,121.461800,31.263300,  6, 90,0
84011,2007-02-20 15:13:23,121.462600,31.260000,  8, 90,0
84011,2007-02-20 15:14:24,121.462000,31.255800, 40,112,0
84011,2007-02-20 15:15:25,121.459300,31.255100,  0,112,0
84011,2007-02-20 15:15:54,121.459100,31.255600, 20,157,1
84011,2007-02-20 15:16:55,121.456600,31.258000,  0,157,1
84011,2007-02-20 15:17:56,121.456600,31.258000,  0,157,1
84011,2007-02-20 15:18:57,121.456600,31.258000,  0,157,1
84011,2007-02-20 15:19:57,121.456600,31.258000,  0,157,0
84011,2007-02-20 15:20:57,121.456500,31.262300, 14, 45,0
84011,2007-02-20 15:21:58,121.460300,31.259500,  0, 67,0
84011,2007-02-20 15:22:59,121.460300,31.259500,  0, 67,0
84011,2007-02-20 15:24:00,121.453500,31.255800, 24, 90,0
84011,2007-02-20 15:25:01,121.447800,31.256800, 40,157,0
84011,2007-02-20 15:26:02,121.451000,31.258300,  8, 45,0
84011,2007-02-20 15:27:03,121.451600,31.261000, 26, 45,0
84011,2007-02-20 15:28:04,121.454800,31.261600,  0, 67,0
84011,2007-02-20 15:28:43,121.455500,31.262100, 12, 45,1
84011,2007-02-20 15:29:43,121.456100,31.262300,  0, 45,1
84011,2007-02-20 15:30:44,121.460600,31.264000, 56, 22,1
84011,2007-02-20 15:31:45,121.461300,31.264100,  0, 90,1
84011,2007-02-20 15:32:46,121.463800,31.265300, 18, 22,1
84011,2007-02-20 15:33:47,121.466500,31.267300,  0, 22,1
84011,2007-02-20 15:34:48,121.466500,31.267300,  0, 22,1
84011,2007-02-20 15:35:49,121.469100,31.269800,  0, 22,1
84011,2007-02-20 15:36:50,121.472600,31.274100, 66, 22,1
84011,2007-02-20 15:37:51,121.473800,31.277300,  0,  0,1
84011,2007-02-20 15:38:52,121.473800,31.277300,  0,  0,1
84011,2007-02-20 15:39:53,121.477500,31.276600,  0, 45,1
84011,2007-02-20 15:40:54,121.481000,31.278000, 60, 22,1
84011,2007-02-20 15:41:55,121.486300,31.278300, 34, 45,1
84011,2007-02-20 15:42:56,121.493500,31.278300, 44, 45,1
84011,2007-02-20 15:43:57,121.496000,31.277500,  0, 67,1
84011,2007-02-20 15:44:58,121.496500,31.277000, 18, 90,1
84011,2007-02-20 15:45:59,121.501100,31.273300, 36, 67,1
84011,2007-02-20 15:47:00,121.503300,31.273600,  0, 22,1
84011,2007-02-20 15:48:01,121.505600,31.273100, 10, 45,1
84011,2007-02-20 15:49:02,121.507000,31.273100,  0, 22,1
84011,2007-02-20 15:50:03,121.507600,31.275500, 30,  0,1
84011,2007-02-20 15:51:04,121.511500,31.278300, 30, 45,1
84011,2007-02-20 15:53:06,121.516300,31.279500, 30, 45,1
84011,2007-02-20 15:54:07,121.517600,31.282300, 12,  0,1
84011,2007-02-20 15:55:08,121.518500,31.282600,  0, 45,1
84011,2007-02-20 15:56:09,121.523500,31.284600, 44, 22,1
84011,2007-02-20 15:57:10,121.527500,31.286100, 26, 45,1
84011,2007-02-20 15:58:11,121.530800,31.288000, 22,  0,1
84011,2007-02-20 15:58:50,121.530600,31.289500,  0,  0,0
84011,2007-02-20 15:59:50,121.528600,31.289800, 44,112,0
84011,2007-02-20 16:00:51,121.525500,31.287500, 30,112,0
84011,2007-02-20 16:01:52,121.522500,31.284100, 34,112,0
84011,2007-02-20 16:02:53,121.519100,31.283000, 26,112,0
84011,2007-02-20 16:03:54,121.513300,31.281100, 10,135,0
84011,2007-02-20 16:04:55,121.512300,31.282500,  0,  0,0
84011,2007-02-20 16:05:56,121.508500,31.281100, 40,135,0
84011,2007-02-20 16:06:57,121.504800,31.281600, 42, 22,0
84011,2007-02-20 16:07:58,121.503000,31.283800, 16,135,0
84011,2007-02-20 16:08:59,121.503500,31.287500,  4, 22,0
84011,2007-02-20 16:10:00,121.503600,31.287500,  0, 22,0
84011,2007-02-20 16:11:01,121.496600,31.289500, 70,135,0
84011,2007-02-20 16:12:02,121.494000,31.289600,  6,157,0
84011,2007-02-20 16:12:16,121.493600,31.290000, 14,157,1
84011,2007-02-20 16:13:16,121.493800,31.294100, 68,  0,1
84011,2007-02-20 16:14:17,121.497800,31.297600,  0, 45,1
84011,2007-02-20 16:15:18,121.502500,31.299300, 56, 45,1
84011,2007-02-20 16:16:19,121.504100,31.299800,  0, 22,1
84011,2007-02-20 16:17:20,121.503500,31.301500, 44,157,1
84011,2007-02-20 16:18:21,121.502100,31.303600,  4,157,1
84011,2007-02-20 16:18:34,121.502100,31.303600,  0,157,0
84011,2007-02-20 16:20:36,121.492100,31.304500, 64,135,0
84011,2007-02-20 16:21:37,121.486600,31.300800, 16,135,0
84011,2007-02-20 16:22:38,121.486500,31.302000,  0,  0,0
84011,2007-02-20 16:23:39,121.486500,31.302000,  0,  0,0
84011,2007-02-20 16:24:40,121.485000,31.300300, 48,135,0
84011,2007-02-20 16:25:41,121.483600,31.300000,  0,135,0
84011,2007-02-20 16:26:42,121.483600,31.299800, 20,112,0
84011,2007-02-20 16:27:43,121.477100,31.296800, 38,135,0
84011,2007-02-20 16:28:44,121.474500,31.296300, 54,135,0
84011,2007-02-20 16:29:45,121.466800,31.296300,  8,135,0
84011,2007-02-20 16:30:46,121.466500,31.293500,  6, 90,0
84011,2007-02-20 16:31:47,121.466500,31.293300,  0, 90,0
84011,2007-02-20 16:32:48,121.466100,31.291000, 26, 90,0
84011,2007-02-20 16:33:49,121.465800,31.289800,  0, 22,0
84011,2007-02-20 16:34:50,121.465500,31.287000, 32, 90,0
84011,2007-02-20 16:35:51,121.464500,31.281600,  6,112,0
84011,2007-02-20 16:36:52,121.461000,31.282000,  0,135,0
84011,2007-02-20 16:38:54,121.460500,31.282000,  0,135,0
84011,2007-02-20 16:40:56,121.464300,31.275600, 42, 67,0
84011,2007-02-20 16:41:57,121.465600,31.274100,  0, 67,0
84011,2007-02-20 16:42:58,121.462800,31.272500, 40,157,0
84011,2007-02-20 16:43:59,121.458600,31.276600, 30,112,0
84011,2007-02-20 16:45:00,121.456300,31.275300, 30,112,0
84011,2007-02-20 16:46:01,121.452800,31.274000, 14,112,0
84011,2007-02-20 16:47:02,121.451500,31.273500,  0,112,0
84011,2007-02-20 16:48:03,121.451500,31.273500,  0,112,0
84011,2007-02-20 16:48:45,121.450800,31.273500, 40,157,1
84011,2007-02-20 16:50:47,121.452600,31.281100, 28, 45,1
84011,2007-02-20 16:51:48,121.454300,31.281100, 48, 45,1
84011,2007-02-20 16:52:49,121.460500,31.282000, 30, 45,1
84011,2007-02-20 16:53:50,121.463500,31.281600,  0, 45,1
84011,2007-02-20 16:54:51,121.465800,31.281100, 48, 67,1
84011,2007-02-20 16:55:51,121.470300,31.279600,  0, 67,1
84011,2007-02-20 16:56:53,121.473100,31.278000,  0, 67,1
84011,2007-02-20 16:57:54,121.476300,31.276800, 36, 45,1
84011,2007-02-20 16:58:55,121.478800,31.276800, 40, 45,1
84011,2007-02-20 16:59:56,121.484100,31.278300,  6, 45,1
84011,2007-02-20 17:00:56,121.487800,31.278100, 32, 45,1
84011,2007-02-20 17:01:58,121.491500,31.278100, 24, 45,1
84011,2007-02-20 17:02:59,121.496000,31.277300,  0, 67,1
84011,2007-02-20 17:04:00,121.496000,31.277300,  0, 67,1
84011,2007-02-20 17:05:01,121.497500,31.276100, 32, 67,1
84011,2007-02-20 17:06:28,121.498600,31.275300,  2, 67,0
84011,2007-02-20 17:07:29,121.501800,31.272600,  0, 67,0
84011,2007-02-20 17:08:30,121.501800,31.271300, 40, 90,0
84011,2007-02-20 17:09:31,121.501100,31.270500,  0, 22,0
84011,2007-02-20 17:09:46,121.501300,31.270500, 12, 45,1
84011,2007-02-20 17:10:46,121.502000,31.272500, 32,  0,1
84011,2007-02-20 17:11:46,121.500800,31.276500,  0,  0,1
84011,2007-02-20 17:12:48,121.501500,31.278800, 22,135,1
84011,2007-02-20 17:13:07,121.500600,31.279100,  0,157,0
84011,2007-02-20 17:14:08,121.500500,31.279100,  0,157,0
84011,2007-02-20 17:15:09,121.501600,31.277800, 48,112,0
84011,2007-02-20 17:16:08,121.500800,31.276300, 26, 22,1
84011,2007-02-20 17:17:09,121.504100,31.274300, 14, 45,1
84011,2007-02-20 17:18:10,121.508000,31.274000, 36, 90,1
84011,2007-02-20 17:19:11,121.510600,31.271500, 32, 67,1
84011,2007-02-20 17:20:11,121.511600,31.269800,  0, 90,1
84011,2007-02-20 17:21:13,121.512000,31.269500, 12, 45,1
84011,2007-02-20 17:22:14,121.515100,31.272100, 14, 22,1
84011,2007-02-20 17:23:15,121.523800,31.276600,  4, 45,1
84011,2007-02-20 17:24:15,121.527000,31.274000, 82, 67,1
84011,2007-02-20 17:25:16,121.528500,31.271500,  0, 67,1
84011,2007-02-20 17:26:17,121.528500,31.271500,  0, 67,1
84011,2007-02-20 17:27:18,121.528500,31.271500,  0, 67,1
84011,2007-02-20 17:27:44,121.529600,31.271300,  0, 22,0
84011,2007-02-20 17:28:45,121.532500,31.272800, 24, 22,0
84011,2007-02-20 17:29:46,121.535500,31.273800, 14, 22,0
84011,2007-02-20 17:30:46,121.539100,31.276300, 10, 22,0
84011,2007-02-20 17:31:48,121.536600,31.279600,  0,157,0
84011,2007-02-20 17:32:49,121.534500,31.282600, 60,157,0
84011,2007-02-20 17:33:24,121.533300,31.284300, 38,157,1
84011,2007-02-20 17:34:25,121.532800,31.285000,  0,157,1
84011,2007-02-20 17:35:26,121.528500,31.283100, 44,112,1
84011,2007-02-20 17:36:26,121.527300,31.282500, 44,112,1
84011,2007-02-20 17:37:28,121.519500,31.278500, 44,112,1
84011,2007-02-20 17:38:29,121.514300,31.277000, 40,135,1
84011,2007-02-20 17:39:30,121.511100,31.276100, 12,135,1
84011,2007-02-20 17:40:17,121.508100,31.275600,  0,135,0
84011,2007-02-20 17:41:18,121.505800,31.275000, 32,135,0
84011,2007-02-20 17:42:19,121.502100,31.276000, 38,157,0
84011,2007-02-20 17:43:20,121.497800,31.275800, 22,157,0
84011,2007-02-20 17:44:21,121.497000,31.276300,  0,157,0
84011,2007-02-20 17:45:21,121.496000,31.277500, 30,157,0
84011,2007-02-20 17:46:23,121.491100,31.276100, 34,135,0
84011,2007-02-20 17:47:24,121.490600,31.276100,  0,135,0
84011,2007-02-20 17:48:25,121.490600,31.276100,  0,135,0
84011,2007-02-20 17:50:26,121.487600,31.273600, 40,157,0
84011,2007-02-20 17:51:28,121.485800,31.276800, 32,  0,0
84011,2007-02-20 17:52:29,121.485800,31.278000,  0,  0,0
84011,2007-02-20 17:53:30,121.484000,31.278500, 56,135,0
84011,2007-02-20 17:54:31,121.480500,31.277600, 30,112,0
84011,2007-02-20 17:55:31,121.476100,31.277000,  0,135,0
84011,2007-02-20 17:56:33,121.472800,31.276300, 74, 90,0
84011,2007-02-20 17:57:34,121.471100,31.272800, 28,157,0
84011,2007-02-20 17:58:35,121.468500,31.275100,  0,157,0
84011,2007-02-20 17:59:36,121.465500,31.273500, 50,112,0
84011,2007-02-20 18:00:36,121.461000,31.274000, 20,112,0
84011,2007-02-20 18:01:38,121.457100,31.275300,  0,157,0
84011,2007-02-20 18:02:39,121.456300,31.275300, 20,112,0
84011,2007-02-20 18:03:40,121.452300,31.274500, 12,  0,0
84011,2007-02-20 18:04:41,121.452300,31.274500,  0,157,0
84011,2007-02-20 18:05:20,121.452100,31.274600, 20,  0,1
84011,2007-02-20 18:06:21,121.450600,31.280100, 42,  0,1
84011,2007-02-20 18:07:21,121.447600,31.281100, 18,135,1
84011,2007-02-20 18:08:23,121.441800,31.280800, 36,135,1
84011,2007-02-20 18:09:24,121.439300,31.280300, 18,135,1
84011,2007-02-20 18:10:25,121.432300,31.277300, 36,112,1
84011,2007-02-20 18:11:26,121.427800,31.274800, 42,112,1
84011,2007-02-20 18:13:06,121.425000,31.277000, 34,157,1
84011,2007-02-20 18:14:06,121.419600,31.282100,  0,157,1
84011,2007-02-20 18:15:08,121.418100,31.284500,  0,157,1
84011,2007-02-20 18:16:09,121.416000,31.288300, 62,157,1
84011,2007-02-20 18:17:10,121.416800,31.286800,  0, 67,1
84011,2007-02-20 18:18:11,121.414600,31.286000, 34,135,1
84011,2007-02-20 18:19:11,121.411500,31.285600,  0,135,1
84011,2007-02-20 18:21:14,121.402600,31.285100,  6,135,1
84011,2007-02-20 18:22:15,121.402000,31.285100,  0,135,1
84011,2007-02-20 18:23:16,121.402000,31.285100,  0,135,1
84011,2007-02-20 18:24:16,121.405000,31.285100, 36, 45,1
84011,2007-02-20 18:25:18,121.411600,31.285500,  4, 45,1
84011,2007-02-20 18:26:19,121.415800,31.286100, 46, 45,1
84011,2007-02-20 18:27:20,121.417800,31.285300, 20, 67,1
84011,2007-02-20 18:28:20,121.417600,31.285600,  0,157,1
84011,2007-02-20 18:29:36,121.417300,31.286500,  0,  0,0
84011,2007-02-20 18:30:37,121.417600,31.286500, 14, 45,0
84011,2007-02-20 18:31:39,121.419100,31.285800, 16,135,0
84011,2007-02-20 18:31:41,121.419100,31.285800, 24,135,1
84011,2007-02-20 18:32:41,121.421300,31.290000, 76, 45,1
84011,2007-02-20 18:33:42,121.434300,31.292300, 80, 45,1
84011,2007-02-20 18:34:43,121.445800,31.293300, 58, 45,1
84011,2007-02-20 18:35:44,121.444100,31.301800, 74,  0,1
84011,2007-02-20 18:36:45,121.444100,31.312000, 28,  0,1
84011,2007-02-20 18:37:46,121.444000,31.316500, 32,  0,1
84011,2007-02-20 18:38:47,121.449100,31.317800, 38, 45,1
84011,2007-02-20 18:39:48,121.451100,31.319500, 16,  0,1
84011,2007-02-20 18:39:49,121.451100,31.319600,  4,  0,0
84011,2007-02-20 18:40:49,121.451100,31.319500,  0, 90,0
84011,2007-02-20 18:58:31,121.098800,31.175000, 40, 45,1
84011,2007-02-20 19:00:33,121.081100,31.089500, 98,112,1
84011,2007-02-20 19:01:34,121.073000,31.088600,  0,112,1
84011,2007-02-20 19:02:35,121.415600,31.290000,  0,112,1
84011,2007-02-20 19:03:36,121.415600,31.290000,  0,112,1
84011,2007-02-20 19:04:37,121.415600,31.290000,  0,112,1
84011,2007-02-20 19:05:38,121.415600,31.290000,  0,112,1
84011,2007-02-20 19:06:39,121.415600,31.290000,  0,112,1
84011,2007-02-20 19:07:40,121.415600,31.290000,  0,112,1
84011,2007-02-20 19:09:30,121.393600,31.283300,  0,135,1
84011,2007-02-20 19:10:31,121.216500,31.225300, 60, 45,1
84011,2007-02-20 19:11:32,121.223500,31.228500, 56, 45,1
84011,2007-02-20 19:12:33,121.230100,31.231600, 46, 22,1
84011,2007-02-20 19:13:34,121.237000,31.235000, 40, 22,1
84011,2007-02-20 19:14:35,121.244600,31.237800, 58, 45,1
84011,2007-02-20 19:17:38,121.356100,31.305100, 32, 67,1
84011,2007-02-20 19:18:39,121.376800,31.292000,  0,135,1
84011,2007-02-20 19:19:15,121.278500,31.257500, 52, 45,0
84011,2007-02-20 19:21:09,121.294800,31.281100,  0,  0,1
84011,2007-02-20 19:22:09,121.294800,31.281100,  0,  0,1
84011,2007-02-20 19:24:11,121.294800,31.281100,  0,  0,1
84011,2007-02-20 19:25:12,121.284000,31.274000,  0,  0,1
84011,2007-02-20 19:25:52,121.397300,31.347100,  0,  0,0
84011,2007-02-20 19:26:53,121.341500,31.301300, 22, 22,0
84011,2007-02-20 19:27:54,121.344500,31.303600, 38, 22,0
84011,2007-02-20 19:28:55,121.350800,31.306000, 40, 22,0
84011,2007-02-20 19:29:44,121.356000,31.308500, 58, 22,1
84011,2007-02-20 19:30:44,121.378800,31.321300, 58, 45,1
84011,2007-02-20 19:31:45,121.385500,31.322800, 52, 45,1
84011,2007-02-20 19:32:46,121.393100,31.323500, 48, 45,1
84011,2007-02-20 19:33:47,121.403500,31.324800, 28, 45,1
84011,2007-02-20 19:34:48,121.405500,31.328500, 24, 22,1
84011,2007-02-20 19:35:49,121.407300,31.331000, 50, 22,1
84011,2007-02-20 19:36:50,121.412000,31.336100, 28, 45,1
84011,2007-02-20 19:37:51,121.412600,31.342600, 72,  0,1
84011,2007-02-20 19:38:52,121.409500,31.356000, 82,  0,1
84011,2007-02-20 19:41:55,121.395800,31.372600, 38,157,1
84011,2007-02-20 19:42:56,121.392000,31.383100, 74,  0,1
84011,2007-02-20 19:43:57,121.372800,31.361600, 44, 22,1
84011,2007-02-20 19:44:58,121.375100,31.365600, 50,  0,1
84011,2007-02-20 19:45:27,121.376000,31.368500, 26, 22,0
84011,2007-02-20 19:46:27,121.376000,31.368100,  4, 90,0
84011,2007-02-20 19:47:28,121.377300,31.365300, 22, 90,0
84011,2007-02-20 19:48:29,121.378800,31.366100, 34, 67,0
84011,2007-02-20 19:49:30,121.385500,31.358600, 64, 67,0
84011,2007-02-20 19:50:31,121.388800,31.351500, 12, 67,0
84011,2007-02-20 19:51:32,121.389300,31.349000, 52, 67,0
84011,2007-02-20 19:52:33,121.394600,31.345300,  0, 67,0
84011,2007-02-20 19:53:34,121.394800,31.345000, 30, 67,0
84011,2007-02-20 19:54:35,121.399600,31.338800, 50, 67,0
84011,2007-02-20 19:55:36,121.402000,31.333500, 46, 90,0
84011,2007-02-20 19:56:37,121.402300,31.332000, 20, 22,0
84011,2007-02-20 20:04:12,121.413500,31.292300, 56, 67,1
84011,2007-02-20 20:05:13,121.414800,31.290300,  0, 67,1
84011,2007-02-20 20:06:14,121.414800,31.290300,  6, 67,1
84011,2007-02-20 20:07:15,121.415100,31.289800, 24, 67,1
84011,2007-02-20 20:08:16,121.418300,31.289500,  0, 45,1
84011,2007-02-20 20:09:17,121.427100,31.291000, 86, 45,1
84011,2007-02-20 20:10:18,121.439800,31.293300, 68, 45,1
84011,2007-02-20 20:11:19,121.446500,31.289100, 64, 90,1
84011,2007-02-20 20:12:20,121.447300,31.281600, 36, 90,1
84011,2007-02-20 20:13:21,121.446600,31.281100,  0,112,1
84011,2007-02-20 20:14:22,121.451500,31.281100, 44, 45,1
84011,2007-02-20 20:15:23,121.456500,31.281500,  0, 45,1
84011,2007-02-20 20:16:24,121.459500,31.282000,  0, 22,1
84011,2007-02-20 20:17:25,121.463500,31.281800, 28, 45,1
84011,2007-02-20 20:18:26,121.464300,31.281800,  0, 22,1
84011,2007-02-20 20:19:27,121.467800,31.280500, 56, 45,1
84011,2007-02-20 20:20:28,121.470300,31.279600,  0, 67,1
84011,2007-02-20 20:21:29,121.472000,31.278600,  0, 67,1
84011,2007-02-20 20:22:30,121.473100,31.278100,  4, 67,1
84011,2007-02-20 20:23:31,121.473100,31.278000,  0, 67,1
84011,2007-02-20 20:24:32,121.474000,31.277500, 28, 67,1
84011,2007-02-20 20:25:33,121.475100,31.277100,  0, 45,1
84011,2007-02-20 20:27:35,121.484100,31.278300, 18, 45,1
84011,2007-02-20 20:28:36,121.489000,31.278300, 20, 45,1
84011,2007-02-20 20:29:37,121.491300,31.278300,  6, 45,1
84011,2007-02-20 20:30:38,121.494100,31.278100,  0, 45,1
84011,2007-02-20 20:31:39,121.496600,31.276800, 16, 67,1
84011,2007-02-20 20:32:40,121.499100,31.275000, 26, 67,1
84011,2007-02-20 20:33:41,121.501100,31.273100,  0, 67,1
84011,2007-02-20 20:34:42,121.501800,31.269500, 58, 90,1
84011,2007-02-20 20:35:43,121.502000,31.267100,  0, 90,1
84011,2007-02-20 20:36:44,121.503500,31.264800,  0, 67,1
84011,2007-02-20 20:37:45,121.503500,31.264800,  0, 67,1
84011,2007-02-20 20:38:46,121.506300,31.262300, 60, 67,1
84011,2007-02-20 20:39:47,121.511000,31.256600, 48, 67,1
84011,2007-02-20 20:40:48,121.512100,31.255000,  0, 67,1
84011,2007-02-20 20:41:49,121.512300,31.254800, 12, 67,1
84011,2007-02-20 20:42:50,121.516800,31.254100, 54, 45,1
84011,2007-02-20 20:43:51,121.524800,31.255000, 20,  0,1
84011,2007-02-20 20:44:11,121.524300,31.255800,  0,157,0
84011,2007-02-20 20:45:12,121.523000,31.257000, 22,135,0
84011,2007-02-20 20:46:13,121.522600,31.256800,  0,112,0
84011,2007-02-20 20:47:14,121.522600,31.256800,  0,112,0
84011,2007-02-20 20:48:15,121.522600,31.256800,  0,112,0
84011,2007-02-20 20:49:16,121.519600,31.258600, 26,  0,0
84011,2007-02-20 20:50:17,121.518800,31.260800,  0,  0,0
84011,2007-02-20 20:51:18,121.518800,31.260800,  0,  0,0
84011,2007-02-20 20:51:38,121.518800,31.261100, 26,  0,1
84011,2007-02-20 20:52:38,121.515500,31.264500, 16,135,1
84011,2007-02-20 20:53:39,121.514300,31.266500,  0,157,1
84011,2007-02-20 20:54:40,121.511800,31.269500, 34,  0,1
84011,2007-02-20 20:55:41,121.510600,31.271500, 36,157,1
84011,2007-02-20 20:56:42,121.508000,31.274100, 32,  0,1
84011,2007-02-20 20:57:43,121.507600,31.276000, 38,  0,1
84011,2007-02-20 20:58:44,121.507100,31.278300, 50,157,1
84011,2007-02-20 20:59:45,121.505500,31.282600, 32, 22,1
84011,2007-02-20 21:00:46,121.502800,31.283800, 32,157,1
84011,2007-02-20 21:01:47,121.503500,31.287300,  0, 22,1
84011,2007-02-20 21:02:48,121.498300,31.289800, 62,157,1
84011,2007-02-20 21:03:49,121.495000,31.289600,  4,112,1
84011,2007-02-20 21:04:50,121.493300,31.292600, 22,135,1
84011,2007-02-20 21:05:51,121.487300,31.292800, 50,135,1
84011,2007-02-20 21:06:52,121.482800,31.293600,  6,112,1
84011,2007-02-20 21:07:53,121.479100,31.292600,  0,135,1
84011,2007-02-20 21:08:54,121.476000,31.292000, 34,135,1
84011,2007-02-20 21:09:55,121.472300,31.294000, 18,  0,1
84011,2007-02-20 21:10:56,121.471800,31.296600, 26,  0,1
84011,2007-02-20 21:11:57,121.471800,31.301300, 18,  0,1
84011,2007-02-20 21:12:58,121.469600,31.302600, 22,135,1
84011,2007-02-20 21:13:59,121.469500,31.303600,  0, 45,1
84011,2007-02-20 21:14:59,121.469600,31.303600,  0, 45,1
84011,2007-02-20 21:15:39,121.470100,31.303600,  0, 45,0
84011,2007-02-20 21:16:39,121.470100,31.303600,  0, 45,0
84011,2007-02-20 21:17:40,121.469800,31.303600, 14,135,0
84011,2007-02-20 21:18:41,121.468800,31.303500, 18, 90,0
84011,2007-02-20 21:19:42,121.466500,31.302800,  0,135,0
84011,2007-02-20 21:19:58,121.466500,31.303300, 38,  0,1
84011,2007-02-20 21:20:59,121.471600,31.306100, 62, 45,1
84011,2007-02-20 21:22:00,121.476800,31.309600, 36, 45,1
84011,2007-02-20 21:23:01,121.481100,31.313300, 34, 22,1
84011,2007-02-20 21:24:02,121.484500,31.312300, 14, 22,1
84011,2007-02-20 21:25:11,121.483800,31.313100, 10,  0,0
84011,2007-02-20 21:26:12,121.480500,31.313300, 36,135,0
84011,2007-02-20 21:29:15,121.473100,31.306300, 52,135,0
84011,2007-02-20 21:30:16,121.471600,31.305000, 52, 90,0
84011,2007-02-20 21:31:17,121.471600,31.302000, 38, 90,0
84011,2007-02-20 21:32:18,121.469800,31.299000, 34,135,0
84011,2007-02-20 21:33:19,121.469100,31.299000,  0,135,0
84011,2007-02-20 21:34:20,121.468800,31.299000, 22,135,0
84011,2007-02-20 21:34:23,121.468600,31.299000, 30,135,1
84011,2007-02-20 21:35:24,121.463800,31.298800, 42,135,1
84011,2007-02-20 21:36:25,121.462800,31.303500, 50,  0,1
84011,2007-02-20 21:38:27,121.463300,31.312300,  0,  0,1
84011,2007-02-20 21:39:28,121.459800,31.312500, 40,135,1
84011,2007-02-20 21:40:36,121.455500,31.312500,  2,135,0
84011,2007-02-20 21:42:38,121.451100,31.312500,  0,135,0
84011,2007-02-20 21:43:39,121.450600,31.310300,  0, 90,0
84011,2007-02-20 21:44:40,121.450600,31.307500,  0, 90,0
84011,2007-02-20 21:45:41,121.446300,31.307300, 34,135,0
84011,2007-02-20 21:46:42,121.443600,31.306800, 48, 90,0
84011,2007-02-20 21:47:43,121.444300,31.299300, 52, 90,0
84011,2007-02-20 21:49:45,121.444800,31.294600,  0,135,0
84011,2007-02-20 21:50:46,121.444800,31.294600,  0,135,0
84011,2007-02-20 21:51:47,121.444800,31.294600,  0,135,0
84011,2007-02-20 21:52:48,121.444500,31.294500,  0,135,0
84011,2007-02-20 21:53:19,121.444000,31.294300, 36,135,1
84011,2007-02-20 21:54:20,121.436800,31.292300, 20, 90,1
84011,2007-02-20 21:55:21,121.431300,31.292100, 36,135,1
84011,2007-02-20 21:57:23,121.423600,31.295300, 24,135,1
84011,2007-02-20 21:58:03,121.421000,31.295000,  0,135,0
84011,2007-02-20 21:58:47,121.421600,31.295000, 28, 45,1
84011,2007-02-20 21:59:48,121.423000,31.293000, 44, 90,1
84011,2007-02-20 22:00:49,121.423000,31.290500, 18, 90,1
84011,2007-02-20 22:01:50,121.423300,31.287000, 44, 90,1
84011,2007-02-20 22:02:51,121.423500,31.286300, 18, 90,1
84011,2007-02-20 22:03:52,121.427600,31.278300, 50, 67,1
84011,2007-02-20 22:04:53,121.430600,31.276600,  0, 67,1
84011,2007-02-20 22:05:54,121.434100,31.272800,  0, 67,1
84011,2007-02-20 22:06:55,121.438000,31.271300,  0, 67,1
84011,2007-02-20 22:09:58,121.453800,31.268800, 26, 67,1
84011,2007-02-20 22:10:59,121.455800,31.267500,  8, 22,1
84011,2007-02-20 22:12:00,121.459000,31.266800, 42, 22,1
84011,2007-02-20 22:13:01,121.462800,31.268000,  0, 90,1
84011,2007-02-20 22:14:02,121.461000,31.266000,  0,135,1
84011,2007-02-20 22:15:03,121.461000,31.265100, 32, 67,1
84011,2007-02-20 22:16:20,121.461800,31.263800,  0, 90,0
84011,2007-02-20 22:18:22,121.462600,31.260600, 48, 90,0
84011,2007-02-20 22:19:08,121.463000,31.258500, 14, 90,1
84011,2007-02-20 22:20:08,121.464100,31.255500,  0, 90,1
84011,2007-02-20 22:21:09,121.462500,31.252100, 48,135,1
84011,2007-02-20 22:22:10,121.462000,31.252100,  0,135,1
84011,2007-02-20 22:23:11,121.463500,31.249500, 54, 90,1
84011,2007-02-20 22:24:12,121.466500,31.240600, 78, 90,1
84011,2007-02-20 22:25:13,121.465100,31.230300, 74, 90,1
84011,2007-02-20 22:26:14,121.467300,31.222100, 64, 90,1
84011,2007-02-20 22:27:15,121.466300,31.214100, 46, 67,1
84011,2007-02-20 22:28:16,121.471500,31.204100, 72, 90,1
84011,2007-02-20 22:29:17,121.475500,31.193600, 66, 90,1
84011,2007-02-20 22:30:18,121.479500,31.183100,100, 90,1
84011,2007-02-20 22:31:19,121.473500,31.175300, 58, 90,1
84011,2007-02-20 22:32:20,121.477000,31.164800, 88, 90,1
84011,2007-02-20 22:33:20,121.481300,31.154300, 76, 90,1
84011,2007-02-20 22:34:22,121.485300,31.142800, 86, 90,1
84011,2007-02-20 22:35:23,121.486500,31.133800, 52, 90,1
84011,2007-02-20 22:36:24,121.496300,31.134500, 90, 45,1
84011,2007-02-20 22:37:25,121.510500,31.137000, 92, 45,1
84011,2007-02-20 22:39:27,121.539000,31.142000, 80, 45,1
84011,2007-02-20 22:41:29,121.569800,31.147600, 94, 45,1
84011,2007-02-20 22:42:30,121.583500,31.149100, 72, 45,1
84011,2007-02-20 22:43:31,121.595800,31.151100, 76, 45,1
84011,2007-02-20 22:44:32,121.618000,31.154800,110, 45,1
84011,2007-02-20 22:45:33,121.623800,31.155800, 86, 45,1
84011,2007-02-20 22:46:34,121.637000,31.157000, 78, 45,1
84011,2007-02-20 22:47:35,121.702500,31.157300, 84, 45,1
84011,2007-02-20 22:48:35,121.715800,31.159300, 74, 45,1
84011,2007-02-20 22:49:37,121.728100,31.162600, 70, 45,1
84011,2007-02-20 22:50:38,121.686800,31.164000, 58, 90,1
84011,2007-02-20 22:51:39,121.688000,31.153600, 80, 90,1
84011,2007-02-20 22:52:40,121.689100,31.143300, 68, 90,1
84011,2007-02-20 22:53:40,121.690300,31.133600, 56, 90,1
84011,2007-02-20 22:54:42,121.693600,31.125100, 64, 67,1
84011,2007-02-20 22:55:43,121.696500,31.119300,  0, 67,1
84011,2007-02-20 22:56:44,121.749300,31.113100, 62, 45,1
84011,2007-02-20 22:57:45,121.758000,31.114300, 54, 45,1
84011,2007-02-20 22:58:45,121.767300,31.115500, 62, 45,1
84011,2007-02-20 22:59:47,121.776500,31.115300, 42, 45,1
84011,2007-02-20 23:00:48,121.784000,31.114600, 52, 45,1
84011,2007-02-20 23:01:49,121.793000,31.111100, 70, 45,1
84011,2007-02-20 23:02:50,121.802000,31.109600, 50, 45,1
84011,2007-02-20 23:03:50,121.795100,31.107600, 60, 90,1
84011,2007-02-20 23:04:52,121.794000,31.099000, 70, 90,1
84011,2007-02-20 23:05:53,121.796600,31.088600, 70, 90,1
84011,2007-02-20 23:06:54,121.800500,31.078500, 20, 67,1
84011,2007-02-20 23:07:55,121.810500,31.077600, 74, 45,1
84011,2007-02-20 23:09:57,121.836100,31.077100, 64, 45,1
84011,2007-02-20 23:10:58,121.847000,31.078800, 76, 45,1
84011,2007-02-20 23:11:59,121.807300,31.095600, 46, 45,1
84011,2007-02-20 23:12:18,121.828500,31.104600,  0,112,0
84011,2007-02-20 23:13:19,121.807600,31.095600,  0,112,0
84011,2007-02-20 23:14:20,121.807600,31.095600,  0, 90,0
84011,2007-02-20 23:16:22,121.808500,31.094800, 20,135,0
84011,2007-02-20 23:17:23,121.808000,31.095000,  0,135,0
84011,2007-02-20 23:18:24,121.808000,31.095000,  0,135,0
84011,2007-02-20 23:19:25,121.804100,31.094500, 46,135,0
84011,2007-02-20 23:20:25,121.794300,31.093100, 72,135,0
84011,2007-02-20 23:21:27,121.784500,31.092000, 52,135,0
84011,2007-02-20 23:22:28,121.773800,31.091300, 54,135,0
84011,2007-02-20 23:23:29,121.763800,31.090600, 54,135,0
84011,2007-02-20 23:24:30,121.756100,31.091500, 56,157,0
84011,2007-02-20 23:25:30,121.755300,31.099800, 60,  0,0
84011,2007-02-20 23:26:32,121.753600,31.107000, 58,  0,0
84011,2007-02-20 23:27:33,121.752500,31.113300, 36,  0,0
84011,2007-02-20 23:29:35,121.747500,31.120300, 46,135,0
84011,2007-02-20 23:30:35,121.739500,31.122600, 60,135,0
84011,2007-02-20 23:31:37,121.730500,31.124000, 74,135,0
84011,2007-02-20 23:33:39,121.709300,31.121000, 64,135,0
84011,2007-02-20 23:34:40,121.699100,31.119300, 62,135,0
84011,2007-02-20 23:35:40,121.695300,31.121800, 48,157,0
84011,2007-02-20 23:37:43,121.689800,31.139000, 62,  0,0
84011,2007-02-20 23:38:44,121.688800,31.147300, 58,  0,0
84011,2007-02-20 23:39:45,121.687800,31.156100, 48,  0,0
84011,2007-02-20 23:40:45,121.687300,31.161600,  0,  0,0
84011,2007-02-20 23:41:47,121.686800,31.164500, 36,  0,0
84011,2007-02-20 23:42:48,121.685100,31.167500, 46,112,0
84011,2007-02-20 23:43:49,121.671300,31.162500,104,135,0
84011,2007-02-20 23:44:50,121.655800,31.158300, 80,135,0
84011,2007-02-20 23:45:50,121.642800,31.158100,110,135,0
84011,2007-02-20 23:46:52,121.626300,31.156300, 92,135,0
84011,2007-02-20 23:47:53,121.610000,31.154300,112,135,0
84011,2007-02-20 23:48:54,121.596500,31.151000, 74,135,0
84011,2007-02-20 23:50:55,121.583600,31.166800,106,157,0
84011,2007-02-20 23:51:57,121.578800,31.178300, 60,  0,0
84011,2007-02-20 23:52:58,121.576500,31.187100,  0,157,0
84011,2007-02-20 23:53:59,121.575500,31.191000,102,  0,0
84011,2007-02-20 23:55:00,121.572500,31.202500, 62,  0,0
84011,2007-02-20 23:56:00,121.569800,31.213300, 84,  0,0
84011,2007-02-20 23:57:02,121.567800,31.222000, 94,  0,0
84011,2007-02-20 23:58:03,121.565800,31.230100, 58,  0,0
84011,2007-02-20 23:59:04,121.561600,31.239600, 66,  0,0
