82814,2007-02-20 00:00:30,121.473000,31.235600,  0,  0,0
82814,2007-02-20 00:01:31,121.473000,31.235600,  0,  0,0
82814,2007-02-20 00:02:32,121.473000,31.235600,  0,  0,0
82814,2007-02-20 00:03:33,121.473000,31.235600,  0,  0,0
82814,2007-02-20 00:04:34,121.473000,31.235600,  0,  0,0
82814,2007-02-20 00:05:35,121.473000,31.235600,  0,  0,0
82814,2007-02-20 00:06:36,121.473000,31.235600,  0,  0,0
82814,2007-02-20 00:07:04,121.473000,31.235600,  0,  0,1
82814,2007-02-20 00:08:04,121.473000,31.235600,  0,  0,1
82814,2007-02-20 00:09:05,121.473000,31.235600,  0,  0,1
82814,2007-02-20 00:10:05,121.473000,31.235600,  0,  0,1
82814,2007-02-20 00:11:06,121.473000,31.235600,  0,  0,1
82814,2007-02-20 00:12:07,121.473000,31.235600,  0,  0,1
82814,2007-02-20 00:13:08,121.473000,31.235600,  0,  0,1
82814,2007-02-20 00:14:10,121.473000,31.235600,  0,  0,1
82814,2007-02-20 00:15:11,121.473000,31.235600,  0,  0,1
82814,2007-02-20 00:16:11,121.473000,31.235600,  0,  0,1
82814,2007-02-20 00:17:12,121.473000,31.235600,  0,  0,1
82814,2007-02-20 00:18:13,121.473000,31.235600,  0,  0,1
82814,2007-02-20 00:19:15,121.473000,31.235600,  0,  0,1
82814,2007-02-20 00:20:15,121.473000,31.235600,  0,  0,1
82814,2007-02-20 00:21:16,121.473000,31.235600,  0,  0,1
82814,2007-02-20 00:25:24,121.473000,31.235600,  0,  0,0
82814,2007-02-20 00:26:25,121.473000,31.235600,  0,  0,0
82814,2007-02-20 00:27:25,121.473000,31.235600,  0,  0,0
82814,2007-02-20 00:28:26,121.473000,31.235600,  0,  0,0
82814,2007-02-20 00:29:27,121.473000,31.235600,  0,  0,0
82814,2007-02-20 00:30:28,121.473000,31.235600,  0,  0,0
82814,2007-02-20 00:31:30,121.473000,31.235600,  0,  0,0
82814,2007-02-20 00:32:30,121.473000,31.235600,  0,  0,0
82814,2007-02-20 00:33:31,121.473000,31.235600,  0,  0,0
82814,2007-02-20 00:35:33,121.473000,31.235600,  0,  0,0
82814,2007-02-20 00:36:35,121.473000,31.235600,  0,  0,0
82814,2007-02-20 00:39:15,121.473000,31.235600,  0,  0,0
82814,2007-02-20 00:40:16,121.473000,31.235600,  0,  0,0
82814,2007-02-20 00:41:17,121.473000,31.235600,  0,  0,0
82814,2007-02-20 00:42:18,121.473000,31.235600,  0,  0,0
82814,2007-02-20 00:44:20,121.473000,31.235600,  0,  0,0
82814,2007-02-20 00:45:21,121.473000,31.235600,  0,  0,0
82814,2007-02-20 00:46:22,121.473000,31.235600,  0,  0,0
82814,2007-02-20 00:47:23,121.473000,31.235600,  0,  0,0
82814,2007-02-20 00:48:25,121.473000,31.235600,  0,  0,0
82814,2007-02-20 00:49:25,121.473000,31.235600,  0,  0,0
82814,2007-02-20 00:50:26,121.473000,31.235600,  0,  0,0
82814,2007-02-20 00:51:27,121.473000,31.235600,  0,  0,0
82814,2007-02-20 00:52:28,121.473000,31.235600,  0,  0,0
82814,2007-02-20 00:53:30,121.473000,31.235600,  0,  0,0
82814,2007-02-20 00:54:53,121.473000,31.235600,  0,  0,0
82814,2007-02-20 00:55:53,121.473000,31.235600,  0,  0,0
82814,2007-02-20 00:56:55,121.473000,31.235600,  0,  0,0
82814,2007-02-20 00:58:56,121.473000,31.235600,  0,  0,0
82814,2007-02-20 00:59:57,121.473000,31.235600,  0,  0,0
82814,2007-02-20 01:00:58,121.473000,31.235600,  0,  0,0
82814,2007-02-20 01:01:59,121.473000,31.235600,  0,  0,0
82814,2007-02-20 01:05:02,121.473000,31.235600,  0,  0,0
82814,2007-02-20 01:06:03,121.473000,31.235600,  0,  0,0
82814,2007-02-20 01:07:05,121.473000,31.235600,  0,  0,0
82814,2007-02-20 01:08:05,121.473000,31.235600,  0,  0,0
82814,2007-02-20 01:09:06,121.473000,31.235600,  0,  0,0
82814,2007-02-20 01:10:07,121.473000,31.235600,  0,  0,0
82814,2007-02-20 01:11:08,121.473000,31.235600,  0,  0,0
82814,2007-02-20 01:11:47,121.473000,31.235600,  0,  0,1
82814,2007-02-20 01:12:47,121.473000,31.235600,  0,  0,1
82814,2007-02-20 01:15:50,121.473000,31.235600,  0,  0,1
82814,2007-02-20 01:16:51,121.473000,31.235600,  0,  0,1
82814,2007-02-20 01:17:52,121.473000,31.235600,  0,  0,1
82814,2007-02-20 01:18:23,121.473000,31.235600,  0,  0,0
82814,2007-02-20 01:19:24,121.473000,31.235600,  0,  0,0
82814,2007-02-20 01:19:54,121.473000,31.235600,  0,  0,1
82814,2007-02-20 01:20:54,121.473000,31.235600,  0,  0,1
82814,2007-02-20 01:21:55,121.473000,31.235600,  0,  0,1
82814,2007-02-20 01:22:56,121.473000,31.235600,  0,  0,1
82814,2007-02-20 01:23:57,121.473000,31.235600,  0,  0,1
82814,2007-02-20 01:24:58,121.473000,31.235600,  0,  0,1
82814,2007-02-20 01:26:38,121.473000,31.235600,  0,  0,1
82814,2007-02-20 01:27:39,121.473000,31.235600,  0,  0,1
82814,2007-02-20 01:28:40,121.473000,31.235600,  0,  0,1
82814,2007-02-20 01:29:41,121.473000,31.235600,  0,  0,1
82814,2007-02-20 01:30:42,121.473000,31.235600,  0,  0,1
82814,2007-02-20 01:31:43,121.473000,31.235600,  0,  0,1
82814,2007-02-20 01:32:44,121.473000,31.235600,  0,  0,1
82814,2007-02-20 01:33:33,121.473000,31.235600,  0,  0,0
82814,2007-02-20 01:34:33,121.473000,31.235600,  0,  0,0
82814,2007-02-20 01:35:34,121.473000,31.235600,  0,  0,0
82814,2007-02-20 01:36:35,121.473000,31.235600,  0,  0,0
82814,2007-02-20 01:37:36,121.473000,31.235600,  0,  0,0
82814,2007-02-20 01:39:38,121.473000,31.235600,  0,  0,0
82814,2007-02-20 01:41:40,121.473000,31.235600,  0,  0,0
82814,2007-02-20 01:42:41,121.473000,31.235600,  0,  0,0
82814,2007-02-20 01:43:42,121.473000,31.235600,  0,  0,0
82814,2007-02-20 01:43:56,121.473000,31.235600,  0,  0,1
82814,2007-02-20 01:44:56,121.473000,31.235600,  0,  0,1
82814,2007-02-20 01:45:57,121.473000,31.235600,  0,  0,1
82814,2007-02-20 01:46:58,121.473000,31.235600,  0,  0,1
82814,2007-02-20 01:47:59,121.473000,31.235600,  0,  0,1
82814,2007-02-20 01:49:00,121.473000,31.235600,  0,  0,1
82814,2007-02-20 01:50:01,121.473000,31.235600,  0,  0,1
82814,2007-02-20 01:51:02,121.473000,31.235600,  0,  0,1
82814,2007-02-20 01:52:03,121.473000,31.235600,  0,  0,1
82814,2007-02-20 01:53:04,121.473000,31.235600,  0,  0,1
82814,2007-02-20 01:54:05,121.473000,31.235600,  0,  0,1
82814,2007-02-20 01:55:06,121.473000,31.235600,  0,  0,1
82814,2007-02-20 01:56:07,121.473000,31.235600,  0,  0,1
82814,2007-02-20 01:56:53,121.473000,31.235600,  0,  0,0
82814,2007-02-20 01:57:53,121.473000,31.235600,  0,  0,0
82814,2007-02-20 01:58:54,121.473000,31.235600,  0,  0,0
82814,2007-02-20 01:59:55,121.473000,31.235600,  0,  0,0
82814,2007-02-20 02:00:56,121.473000,31.235600,  0,  0,0
82814,2007-02-20 02:01:57,121.473000,31.235600,  0,  0,0
82814,2007-02-20 02:02:58,121.473000,31.235600,  0,  0,0
82814,2007-02-20 02:03:59,121.473000,31.235600,  0,  0,0
82814,2007-02-20 02:05:00,121.473000,31.235600,  0,  0,0
82814,2007-02-20 02:06:01,121.473000,31.235600,  0,  0,0
82814,2007-02-20 02:07:02,121.473000,31.235600,  0,  0,0
82814,2007-02-20 02:08:03,121.473000,31.235600,  0,  0,0
82814,2007-02-20 02:09:04,121.473000,31.235600,  0,  0,0
82814,2007-02-20 02:10:05,121.473000,31.235600,  0,  0,0
82814,2007-02-20 02:11:06,121.473000,31.235600,  0,  0,0
82814,2007-02-20 02:12:07,121.473000,31.235600,  0,  0,0
82814,2007-02-20 02:13:08,121.473000,31.235600,  0,  0,0
82814,2007-02-20 02:14:09,121.473000,31.235600,  0,  0,0
82814,2007-02-20 02:15:10,121.473000,31.235600,  0,  0,0
82814,2007-02-20 02:16:11,121.473100,31.235500,  0,  0,0
82814,2007-02-20 02:17:12,121.473100,31.235500,  0,  0,0
82814,2007-02-20 02:18:13,121.472800,31.235500,  0,  0,0
82814,2007-02-20 02:19:14,121.473300,31.235500,  0,  0,0
82814,2007-02-20 02:20:15,121.473300,31.235500,  0,  0,0
82814,2007-02-20 02:21:16,121.473300,31.235500,  0,  0,0
82814,2007-02-20 02:22:17,121.473300,31.235500,  0,  0,0
82814,2007-02-20 02:23:18,121.472800,31.235300,  0,  0,0
82814,2007-02-20 02:24:19,121.473000,31.235300,  0,  0,0
82814,2007-02-20 02:25:20,121.473100,31.235300,  0,  0,0
82814,2007-02-20 02:26:21,121.473100,31.235300,  0,  0,0
82814,2007-02-20 02:29:24,121.473100,31.235300,  0,  0,0
82814,2007-02-20 02:30:25,121.473100,31.235300,  0,  0,0
82814,2007-02-20 02:31:26,121.473100,31.235300,  0,  0,0
82814,2007-02-20 02:33:28,121.473100,31.235300,  0,  0,0
82814,2007-02-20 02:34:29,121.473100,31.235300,  0,  0,0
82814,2007-02-20 02:35:30,121.473100,31.235300,  0,  0,0
82814,2007-02-20 02:36:31,121.473100,31.235300,  0,  0,0
82814,2007-02-20 02:37:32,121.473100,31.235300,  0,  0,0
82814,2007-02-20 02:38:33,121.473100,31.235300,  0,  0,0
82814,2007-02-20 02:39:34,121.473100,31.235300,  0,  0,0
82814,2007-02-20 02:40:27,121.473100,31.235300,  0,  0,0
82814,2007-02-20 02:42:28,121.473100,31.235300,  0,  0,0
82814,2007-02-20 02:44:30,121.473100,31.235300,  0,  0,0
82814,2007-02-20 02:46:32,121.473100,31.235300,  0,  0,0
82814,2007-02-20 02:47:33,121.473100,31.235300,  0,  0,0
82814,2007-02-20 02:48:35,121.473100,31.235300,  0,  0,0
82814,2007-02-20 02:49:35,121.473100,31.235300,  0,  0,0
82814,2007-02-20 02:50:36,121.473100,31.235300,  0,  0,0
82814,2007-02-20 02:51:37,121.473100,31.235300,  0,  0,0
82814,2007-02-20 02:53:40,121.473100,31.235300,  0,  0,0
82814,2007-02-20 02:54:40,121.473100,31.235300,  0,  0,0
82814,2007-02-20 02:55:41,121.473100,31.235300,  0,  0,0
82814,2007-02-20 02:56:42,121.473100,31.235300,  0,  0,0
82814,2007-02-20 02:57:43,121.473100,31.235300,  0,  0,0
82814,2007-02-20 02:58:45,121.473100,31.235300,  0,  0,0
82814,2007-02-20 03:00:46,121.473100,31.235300,  0,  0,0
82814,2007-02-20 03:01:47,121.473100,31.235300,  0,  0,0
82814,2007-02-20 03:02:48,121.473100,31.235300,  0,  0,0
82814,2007-02-20 03:03:50,121.473100,31.235300,  0,  0,0
82814,2007-02-20 03:04:50,121.473100,31.235300,  0,  0,0
82814,2007-02-20 03:05:51,121.473100,31.235300,  0,  0,0
82814,2007-02-20 03:06:52,121.473100,31.235300,  0,  0,0
82814,2007-02-20 03:07:53,121.473100,31.235300,  0,  0,0
82814,2007-02-20 03:08:55,121.473100,31.235300,  0,  0,0
82814,2007-02-20 03:09:55,121.473100,31.235300,  0,  0,0
82814,2007-02-20 03:10:56,121.473100,31.235300,  0,  0,0
82814,2007-02-20 03:11:57,121.473100,31.235300,  0,  0,0
82814,2007-02-20 03:12:58,121.473100,31.235300,  0,  0,0
82814,2007-02-20 03:14:00,121.473100,31.235300,  0,  0,0
82814,2007-02-20 03:15:00,121.473100,31.235300,  0,  0,0
82814,2007-02-20 03:16:01,121.473100,31.235300,  0,  0,0
82814,2007-02-20 03:18:02,121.473100,31.235300,  0,  0,0
82814,2007-02-20 03:19:04,121.473100,31.235300,  0,  0,0
82814,2007-02-20 03:20:04,121.473100,31.235300,  0,  0,0
82814,2007-02-20 03:21:05,121.473100,31.235300,  0,  0,0
82814,2007-02-20 03:22:06,121.473100,31.235300,  0,  0,0
82814,2007-02-20 03:23:07,121.473100,31.235300,  0,  0,0
82814,2007-02-20 03:24:09,121.473100,31.235300,  0,  0,0
82814,2007-02-20 03:25:09,121.473100,31.235300,  0,  0,0
82814,2007-02-20 03:27:11,121.473100,31.235300,  0,  0,0
82814,2007-02-20 03:28:12,121.473100,31.235300,  0,  0,0
82814,2007-02-20 03:29:14,121.473100,31.235300,  0,  0,0
82814,2007-02-20 03:30:14,121.473100,31.235300,  0,  0,0
82814,2007-02-20 03:31:15,121.473100,31.235300,  0,  0,0
82814,2007-02-20 03:32:16,121.473100,31.235300,  0,  0,0
82814,2007-02-20 03:33:17,121.473100,31.235300,  0,  0,0
82814,2007-02-20 03:34:19,121.473100,31.235300,  0,  0,0
82814,2007-02-20 03:35:19,121.473100,31.235300,  0,  0,0
82814,2007-02-20 03:36:20,121.473100,31.235300,  0,  0,0
82814,2007-02-20 03:37:21,121.473100,31.235300,  0,  0,0
82814,2007-02-20 03:38:22,121.473100,31.235300,  0,  0,0
82814,2007-02-20 03:39:23,121.473100,31.235300,  0,  0,0
82814,2007-02-20 03:40:24,121.473100,31.235300,  0,  0,0
82814,2007-02-20 03:41:25,121.473100,31.235300,  0,  0,0
82814,2007-02-20 03:42:26,121.473100,31.235300,  0,  0,0
82814,2007-02-20 03:43:27,121.473100,31.235300,  0,  0,0
82814,2007-02-20 03:44:28,121.473100,31.235300,  0,  0,0
82814,2007-02-20 03:45:29,121.473100,31.235300,  0,  0,0
82814,2007-02-20 03:46:30,121.473100,31.235300,  0,  0,0
82814,2007-02-20 03:47:31,121.473100,31.235300,  0,  0,0
82814,2007-02-20 03:48:32,121.473100,31.235300,  0,  0,0
82814,2007-02-20 03:49:33,121.473100,31.235300,  0,  0,0
82814,2007-02-20 03:49:59,121.473100,31.235300,  0,  0,1
82814,2007-02-20 03:50:59,121.473100,31.235300,  0,  0,1
82814,2007-02-20 03:52:00,121.473100,31.235300,  0,  0,1
82814,2007-02-20 03:53:01,121.473100,31.235300,  0,  0,1
82814,2007-02-20 03:54:02,121.473100,31.235300,  0,  0,1
82814,2007-02-20 03:55:04,121.473100,31.235300,  0,  0,1
82814,2007-02-20 03:56:05,121.473100,31.235300,  0,  0,1
82814,2007-02-20 03:57:06,121.473100,31.235300,  0,  0,1
82814,2007-02-20 03:58:07,121.473100,31.235300,  0,  0,1
82814,2007-02-20 03:59:08,121.473100,31.235300,  0,  0,1
82814,2007-02-20 04:00:09,121.473100,31.235300,  0,  0,1
82814,2007-02-20 04:01:10,121.473100,31.235300,  0,  0,1
82814,2007-02-20 04:02:10,121.473100,31.235300,  0,  0,1
82814,2007-02-20 04:03:11,121.473100,31.235300,  0,  0,1
82814,2007-02-20 04:04:12,121.473100,31.235300,  0,  0,1
82814,2007-02-20 04:05:13,121.473100,31.235300,  0,  0,1
82814,2007-02-20 04:06:14,121.473100,31.235300,  0,  0,1
82814,2007-02-20 04:07:15,121.473100,31.235300,  0,  0,1
82814,2007-02-20 04:08:16,121.473100,31.235300,  0,  0,1
82814,2007-02-20 04:09:17,121.473100,31.235300,  0,  0,1
82814,2007-02-20 04:10:18,121.473100,31.235300,  0,  0,1
82814,2007-02-20 04:11:19,121.473100,31.235300,  0,  0,1
82814,2007-02-20 04:12:20,121.473100,31.235300,  0,  0,1
82814,2007-02-20 04:12:37,121.473100,31.235300,  0,  0,0
82814,2007-02-20 04:13:38,121.473100,31.235300,  0,  0,0
82814,2007-02-20 04:14:39,121.473100,31.235300,  0,  0,0
82814,2007-02-20 04:15:41,121.428500,31.348000,  0,  0,0
82814,2007-02-20 04:16:42,121.428500,31.348000,  0,  0,0
82814,2007-02-20 04:17:43,121.428500,31.348000,  0,  0,0
82814,2007-02-20 04:18:09,121.429500,31.348300, 24, 45,0
82814,2007-02-20 04:18:27,121.430300,31.347800, 44, 90,0
82814,2007-02-20 04:18:43,121.431000,31.345800, 54, 90,0
82814,2007-02-20 04:18:59,121.431600,31.344100, 44, 90,0
82814,2007-02-20 04:19:14,121.432300,31.342600, 46, 90,0
82814,2007-02-20 04:19:47,121.434000,31.338300, 58, 67,0
82814,2007-02-20 04:20:18,121.435600,31.335000, 48, 90,0
82814,2007-02-20 04:20:34,121.436100,31.333800,  0, 90,0
82814,2007-02-20 04:21:35,121.436100,31.333800,  0, 90,0
82814,2007-02-20 04:22:36,121.436100,31.333800,  0, 90,0
82814,2007-02-20 04:23:37,121.436100,31.333800,  0, 90,0
82814,2007-02-20 04:24:38,121.436100,31.333800,  0, 90,0
82814,2007-02-20 04:25:39,121.436100,31.333800,  0, 90,0
82814,2007-02-20 04:26:40,121.436100,31.333800,  0, 90,0
82814,2007-02-20 04:27:41,121.436100,31.333800,  0, 90,0
82814,2007-02-20 04:28:43,121.441000,31.329500,  0, 90,0
82814,2007-02-20 04:29:44,121.441000,31.329500,  0, 90,0
82814,2007-02-20 04:30:44,121.441000,31.329500,  0, 90,0
82814,2007-02-20 04:32:47,121.441000,31.329500,  0, 90,0
82814,2007-02-20 04:33:48,121.441000,31.329500,  0, 90,0
82814,2007-02-20 04:34:49,121.441000,31.329500,  0, 90,0
82814,2007-02-20 04:35:49,121.441000,31.329500,  0, 90,0
82814,2007-02-20 04:37:52,121.441000,31.329500,  0, 90,0
82814,2007-02-20 04:38:53,121.441000,31.329500,  0, 90,0
82814,2007-02-20 04:39:54,121.441000,31.329500,  0, 90,0
82814,2007-02-20 04:41:55,121.441000,31.329500,  0, 90,0
82814,2007-02-20 04:42:56,121.441000,31.329500,  0, 90,0
82814,2007-02-20 04:43:57,121.441000,31.329500,  0, 90,0
82814,2007-02-20 04:45:49,121.441000,31.329500,  0,  0,0
82814,2007-02-20 04:46:50,121.441000,31.329500,  0,  0,0
82814,2007-02-20 04:47:51,121.441000,31.329500,  0,  0,0
82814,2007-02-20 04:49:53,121.441000,31.329500,  0,  0,0
82814,2007-02-20 04:50:54,121.441000,31.329500,  0,  0,0
82814,2007-02-20 04:51:55,121.441000,31.329500,  0,  0,0
82814,2007-02-20 04:52:56,121.441000,31.329500,  0,  0,0
82814,2007-02-20 04:53:57,121.441000,31.329500,  0,  0,0
82814,2007-02-20 04:54:58,121.441000,31.329500,  0,  0,0
82814,2007-02-20 04:55:59,121.441000,31.329500,  0,  0,0
82814,2007-02-20 04:57:00,121.441000,31.329500,  0,  0,0
82814,2007-02-20 04:59:02,121.441000,31.329500,  0,  0,0
82814,2007-02-20 05:00:03,121.441000,31.329500,  0,  0,0
82814,2007-02-20 05:01:04,121.441000,31.329500,  0,  0,0
82814,2007-02-20 05:02:05,121.441000,31.329500,  0,  0,0
82814,2007-02-20 05:03:06,121.441000,31.329500,  0,  0,0
82814,2007-02-20 05:04:07,121.438100,31.333000,  0,  0,0
82814,2007-02-20 05:05:08,121.438100,31.333000,  0,  0,0
82814,2007-02-20 05:06:09,121.438100,31.333000,  0,  0,0
82814,2007-02-20 05:07:10,121.438300,31.332800,  0, 67,0
82814,2007-02-20 05:08:11,121.438300,31.332800,  0, 67,0
82814,2007-02-20 05:09:12,121.438300,31.332800,  0, 67,0
82814,2007-02-20 05:10:13,121.438300,31.333000,  0, 67,0
82814,2007-02-20 05:11:14,121.438300,31.333000,  0, 67,0
82814,2007-02-20 05:12:15,121.438300,31.333000,  0, 67,0
82814,2007-02-20 05:14:17,121.438300,31.333000,  0, 67,0
82814,2007-02-20 05:15:18,121.438300,31.333000,  0, 67,0
82814,2007-02-20 05:16:19,121.438300,31.333000,  0, 67,0
82814,2007-02-20 05:17:20,121.438300,31.333000,  0, 67,0
82814,2007-02-20 05:18:21,121.438300,31.333000,  0, 67,0
82814,2007-02-20 05:19:22,121.438300,31.333000,  0, 67,0
82814,2007-02-20 05:20:23,121.438300,31.333000,  0, 67,0
82814,2007-02-20 05:21:24,121.438300,31.333000,  0, 67,0
82814,2007-02-20 05:22:25,121.438300,31.333000,  0, 67,0
82814,2007-02-20 05:23:26,121.438300,31.333000,  0, 67,0
82814,2007-02-20 05:24:27,121.438300,31.333000,  0, 67,0
82814,2007-02-20 05:25:28,121.438300,31.333000,  0, 67,0
82814,2007-02-20 05:26:29,121.438300,31.333000,  0, 67,0
82814,2007-02-20 05:27:30,121.438300,31.333000,  0, 67,0
82814,2007-02-20 05:28:31,121.438300,31.333000,  0, 67,0
82814,2007-02-20 05:29:32,121.438300,31.333000,  0, 67,0
82814,2007-02-20 05:31:34,121.438300,31.333000,  0, 67,0
82814,2007-02-20 05:32:35,121.438300,31.333000,  0, 67,0
82814,2007-02-20 05:33:36,121.438300,31.333000,  0, 67,0
82814,2007-02-20 05:34:37,121.438300,31.333000,  0, 67,0
82814,2007-02-20 05:35:38,121.438300,31.333000,  0, 67,0
82814,2007-02-20 05:36:39,121.438300,31.333000,  0, 67,0
82814,2007-02-20 05:37:40,121.438300,31.333000,  0, 67,0
82814,2007-02-20 05:38:41,121.438300,31.333000,  0, 67,0
82814,2007-02-20 05:39:42,121.438300,31.333000,  0, 67,0
82814,2007-02-20 05:40:43,121.438300,31.333000,  0, 67,0
82814,2007-02-20 05:41:44,121.438300,31.333000,  0, 67,0
82814,2007-02-20 05:42:45,121.438300,31.333000,  0, 67,0
82814,2007-02-20 05:43:46,121.438300,31.333000,  0, 67,0
82814,2007-02-20 05:44:47,121.438300,31.333000,  0, 67,0
82814,2007-02-20 05:45:48,121.438300,31.333000,  0, 67,0
82814,2007-02-20 05:46:49,121.438300,31.333000,  0, 67,0
82814,2007-02-20 05:47:50,121.438300,31.333000,  0, 67,0
82814,2007-02-20 05:48:51,121.438300,31.333000,  0, 67,0
82814,2007-02-20 05:49:52,121.438300,31.333000,  0, 67,0
82814,2007-02-20 05:50:53,121.438300,31.333000,  0, 67,0
82814,2007-02-20 05:51:54,121.438300,31.333000,  0, 67,0
82814,2007-02-20 05:52:55,121.438300,31.333000,  0, 67,0
82814,2007-02-20 05:53:56,121.438300,31.333000,  0, 67,0
82814,2007-02-20 05:54:57,121.438300,31.333000,  0, 67,0
82814,2007-02-20 05:55:58,121.438300,31.333000,  0, 67,0
82814,2007-02-20 05:56:59,121.438300,31.333000,  0, 67,0
82814,2007-02-20 05:58:00,121.438300,31.333000,  0, 67,0
82814,2007-02-20 06:00:02,121.438300,31.333000,  0, 67,0
82814,2007-02-20 06:01:03,121.438300,31.333000,  0, 67,0
82814,2007-02-20 06:02:03,121.438300,31.333000,  0, 67,0
82814,2007-02-20 06:03:05,121.438300,31.333000,  0, 67,0
82814,2007-02-20 06:04:05,121.438300,31.333000,  0, 67,0
82814,2007-02-20 06:05:06,121.438300,31.333000,  0, 67,0
82814,2007-02-20 06:07:08,121.438300,31.333000,  0, 67,0
82814,2007-02-20 06:08:10,121.438300,31.333000,  0, 67,0
82814,2007-02-20 06:09:10,121.438300,31.333000,  0, 67,0
82814,2007-02-20 06:11:12,121.438300,31.333000,  0, 67,0
82814,2007-02-20 06:13:15,121.438300,31.333000,  0, 67,0
82814,2007-02-20 06:14:15,121.438300,31.333000,  0, 67,0
82814,2007-02-20 06:15:16,121.438300,31.333000,  0, 67,0
82814,2007-02-20 06:16:17,121.438300,31.333000,  0, 67,0
82814,2007-02-20 06:17:18,121.438300,31.333000,  0, 67,0
82814,2007-02-20 06:18:20,121.438300,31.333000,  0, 67,0
82814,2007-02-20 06:20:21,121.438300,31.333000,  0, 67,0
82814,2007-02-20 06:21:22,121.438300,31.333000,  0, 67,0
82814,2007-02-20 06:22:23,121.438300,31.333000,  0, 67,0
82814,2007-02-20 06:23:25,121.438300,31.333000,  0, 67,0
82814,2007-02-20 06:24:25,121.438300,31.333000,  0, 67,0
82814,2007-02-20 06:25:26,121.438300,31.333000,  0, 67,0
82814,2007-02-20 06:26:27,121.438300,31.333000,  0, 67,0
82814,2007-02-20 06:27:28,121.438300,31.333000,  0, 67,0
82814,2007-02-20 06:28:30,121.438300,31.333000,  0, 67,0
82814,2007-02-20 06:29:30,121.438300,31.333000,  0, 67,0
82814,2007-02-20 06:30:31,121.438300,31.333000,  0, 67,0
82814,2007-02-20 06:31:32,121.438300,31.333000,  0, 67,0
82814,2007-02-20 06:32:33,121.438300,31.333000,  0, 67,0
82814,2007-02-20 06:33:35,121.438300,31.333000,  0, 67,0
82814,2007-02-20 06:34:36,121.438100,31.333000,  0, 67,0
82814,2007-02-20 06:35:37,121.438100,31.333000,  0, 67,0
82814,2007-02-20 06:37:39,121.438100,31.333000,  0, 67,0
82814,2007-02-20 06:38:40,121.438100,31.333000,  0, 67,0
82814,2007-02-20 06:39:41,121.438100,31.333000,  2, 90,0
82814,2007-02-20 06:40:42,121.438100,31.333000,  0, 90,0
82814,2007-02-20 06:41:43,121.438100,31.333000,  0, 90,0
82814,2007-02-20 06:42:43,121.437500,31.334300, 12,157,0
82814,2007-02-20 06:43:45,121.437300,31.334500,  0,157,0
82814,2007-02-20 06:44:45,121.437300,31.334500,  0,157,0
82814,2007-02-20 06:45:46,121.437300,31.334500,  0,157,0
82814,2007-02-20 06:47:49,121.438100,31.333100,  0,157,0
82814,2007-02-20 06:48:50,121.438100,31.333100,  0,157,0
82814,2007-02-20 06:49:51,121.438100,31.333100,  0,157,0
82814,2007-02-20 06:50:51,121.438100,31.333100,  0,157,0
82814,2007-02-20 06:51:52,121.438100,31.333100,  0,157,0
82814,2007-02-20 06:52:53,121.438100,31.333100,  0,157,0
82814,2007-02-20 06:53:55,121.438100,31.333100,  0,157,0
82814,2007-02-20 06:55:56,121.438100,31.333100,  0,157,0
82814,2007-02-20 06:56:57,121.438100,31.333100,  0,157,0
82814,2007-02-20 06:57:58,121.438100,31.333100,  0,157,0
82814,2007-02-20 06:59:00,121.438100,31.333100,  0,157,0
82814,2007-02-20 07:00:00,121.438100,31.333100,  0,157,0
82814,2007-02-20 07:01:01,121.438100,31.333100,  0,157,0
82814,2007-02-20 07:02:02,121.438100,31.333100,  0,157,0
82814,2007-02-20 07:02:34,121.438100,31.333100,  0,157,1
82814,2007-02-20 07:03:35,121.438100,31.333100,  0,157,1
82814,2007-02-20 07:04:35,121.438100,31.333100,  0,157,1
82814,2007-02-20 07:05:36,121.438100,31.333100,  0,157,1
82814,2007-02-20 07:06:37,121.438100,31.333100,  0,157,1
82814,2007-02-20 07:08:40,121.438100,31.333100,  0,157,1
82814,2007-02-20 07:09:40,121.438100,31.333100,  0,157,1
82814,2007-02-20 07:10:41,121.438100,31.333100,  0,157,1
82814,2007-02-20 07:11:09,121.438100,31.333100,  0,157,0
82814,2007-02-20 07:12:10,121.438100,31.333100,  0,157,0
82814,2007-02-20 07:13:10,121.438100,31.333100,  0,157,0
82814,2007-02-20 07:14:11,121.438100,31.333100,  0,157,0
82814,2007-02-20 07:15:12,121.438100,31.333100,  0,157,0
82814,2007-02-20 07:16:13,121.438100,31.333100,  0,157,0
82814,2007-02-20 07:17:15,121.438100,31.333100,  0,157,0
82814,2007-02-20 07:18:15,121.438100,31.333100,  0,157,0
82814,2007-02-20 07:19:16,121.438100,31.333100,  0,157,0
82814,2007-02-20 07:20:17,121.438100,31.333100,  0,157,0
82814,2007-02-20 07:21:18,121.438100,31.333100,  0,157,0
82814,2007-02-20 07:22:20,121.438100,31.333100,  0,157,0
82814,2007-02-20 07:23:20,121.438100,31.333100,  0,157,0
82814,2007-02-20 07:24:21,121.438100,31.333100,  0,157,0
82814,2007-02-20 07:25:22,121.438100,31.333100,  0,157,0
82814,2007-02-20 07:26:23,121.438100,31.333100,  0,157,0
82814,2007-02-20 07:28:25,121.438100,31.333100,  0,157,0
82814,2007-02-20 07:29:26,121.438100,31.333100,  0,157,0
82814,2007-02-20 07:30:27,121.438100,31.333100,  0,157,0
82814,2007-02-20 07:31:28,121.438100,31.333100,  0,157,0
82814,2007-02-20 07:32:29,121.438100,31.333100,  0,157,0
82814,2007-02-20 07:33:30,121.438100,31.333100,  0,157,0
82814,2007-02-20 07:34:31,121.438100,31.333100,  0,157,0
82814,2007-02-20 07:35:32,121.438100,31.333100,  0,157,0
82814,2007-02-20 07:36:33,121.438100,31.333100,  0,157,0
82814,2007-02-20 07:37:34,121.438100,31.333100,  0,157,0
82814,2007-02-20 07:38:35,121.438100,31.333100,  0,157,0
82814,2007-02-20 07:40:37,121.438100,31.333100,  0,157,0
82814,2007-02-20 07:41:38,121.438100,31.333100,  0,157,0
82814,2007-02-20 07:42:39,121.438100,31.333100,  0,157,0
82814,2007-02-20 07:43:40,121.438100,31.333100,  0,157,0
82814,2007-02-20 07:44:41,121.438100,31.333100,  0,157,0
82814,2007-02-20 07:45:42,121.438100,31.333100,  0,157,0
82814,2007-02-20 07:46:43,121.456300,31.255500,  0,157,0
82814,2007-02-20 07:47:44,121.456300,31.255500,  0,157,0
82814,2007-02-20 07:48:45,121.456300,31.255500,  0,157,0
82814,2007-02-20 07:49:46,121.456300,31.255500,  0,157,0
82814,2007-02-20 07:50:47,121.456300,31.255500,  0,157,0
82814,2007-02-20 07:51:48,121.456300,31.255500,  0,157,0
82814,2007-02-20 07:52:49,121.456300,31.255500,  0,157,0
82814,2007-02-20 07:53:50,121.456300,31.255500,  0,157,0
82814,2007-02-20 07:54:51,121.457500,31.256100, 12, 22,0
82814,2007-02-20 07:55:52,121.459000,31.255500,  6, 45,0
82814,2007-02-20 07:56:53,121.459600,31.255600,  0, 45,0
82814,2007-02-20 07:57:54,121.459600,31.255600,  0, 45,0
82814,2007-02-20 07:58:55,121.459600,31.255600,  0, 45,0
82814,2007-02-20 07:59:56,121.459600,31.255600,  0, 45,0
82814,2007-02-20 08:00:57,121.459600,31.255600,  0, 45,0
82814,2007-02-20 08:01:58,121.459600,31.255600,  0, 45,0
82814,2007-02-20 08:02:59,121.459600,31.255600,  0, 45,0
82814,2007-02-20 08:05:01,121.459600,31.255600,  0, 45,0
82814,2007-02-20 08:06:02,121.459600,31.255600,  0, 45,0
82814,2007-02-20 08:07:03,121.459600,31.255600,  0, 45,0
82814,2007-02-20 08:08:04,121.459600,31.255600,  0, 45,0
82814,2007-02-20 08:09:05,121.459600,31.255600,  0, 45,0
82814,2007-02-20 08:10:06,121.459600,31.255600,  0, 45,0
82814,2007-02-20 08:11:07,121.459600,31.255600,  0, 45,0
82814,2007-02-20 08:12:08,121.459600,31.255600,  0, 45,0
82814,2007-02-20 08:13:09,121.459600,31.255600,  0, 45,0
82814,2007-02-20 08:14:10,121.459600,31.255600,  0, 45,0
82814,2007-02-20 08:15:11,121.459600,31.255600,  0, 45,0
82814,2007-02-20 08:16:12,121.459600,31.255600,  0, 45,0
82814,2007-02-20 08:17:13,121.459600,31.255600,  0, 45,0
82814,2007-02-20 08:18:14,121.459600,31.255600,  0, 45,0
82814,2007-02-20 08:19:15,121.459600,31.255600,  0, 45,0
82814,2007-02-20 08:20:16,121.459600,31.255600,  0, 45,0
82814,2007-02-20 08:21:17,121.459600,31.255600,  0, 45,0
82814,2007-02-20 08:22:18,121.459600,31.255600,  0, 45,0
82814,2007-02-20 08:23:19,121.459600,31.255600,  0, 45,0
82814,2007-02-20 08:24:20,121.459600,31.255600,  0, 45,0
82814,2007-02-20 08:25:21,121.459600,31.255600,  0, 45,0
82814,2007-02-20 08:26:22,121.459600,31.255600,  0, 45,0
82814,2007-02-20 08:27:23,121.459600,31.255600,  0, 45,0
82814,2007-02-20 08:28:24,121.459600,31.255600,  0, 45,0
82814,2007-02-20 08:29:25,121.459600,31.255600,  0, 45,0
82814,2007-02-20 08:30:26,121.459600,31.255600,  0, 45,0
82814,2007-02-20 08:31:27,121.459600,31.255600,  0, 45,0
82814,2007-02-20 08:32:28,121.459600,31.255600,  0, 45,0
82814,2007-02-20 08:33:21,121.459600,31.255600,  0, 45,1
82814,2007-02-20 08:34:22,121.459600,31.255600,  0, 45,1
82814,2007-02-20 08:35:23,121.459600,31.255600,  0, 45,1
82814,2007-02-20 08:36:24,121.459600,31.255600,  0, 45,1
82814,2007-02-20 08:37:25,121.459600,31.255600,  0, 45,1
82814,2007-02-20 08:38:26,121.459600,31.255600,  0, 45,1
82814,2007-02-20 08:39:27,121.459600,31.255600,  0, 45,1
82814,2007-02-20 08:40:28,121.459600,31.255600,  0, 45,1
82814,2007-02-20 08:41:20,121.459600,31.255600,  0, 45,0
82814,2007-02-20 08:42:20,121.459600,31.255600,  0, 45,0
82814,2007-02-20 08:43:21,121.459600,31.255600,  0, 45,0
82814,2007-02-20 08:44:22,121.459600,31.255600,  0, 45,0
82814,2007-02-20 08:45:23,121.459600,31.255600,  0, 45,0
82814,2007-02-20 08:46:24,121.459600,31.255600,  0, 45,0
82814,2007-02-20 08:47:25,121.459600,31.255600,  0, 45,0
82814,2007-02-20 08:48:26,121.459600,31.255600,  0, 45,0
82814,2007-02-20 08:49:27,121.459600,31.255600,  0, 45,0
82814,2007-02-20 08:50:28,121.459600,31.255600,  0, 45,0
82814,2007-02-20 08:51:29,121.459600,31.255600,  0, 45,0
82814,2007-02-20 08:52:30,121.459600,31.255600,  0, 45,0
82814,2007-02-20 08:53:31,121.459600,31.255600,  0, 45,0
82814,2007-02-20 08:54:32,121.459600,31.255600,  0, 45,0
82814,2007-02-20 08:55:33,121.459600,31.255600,  0, 45,0
82814,2007-02-20 08:56:34,121.459600,31.255600,  0, 45,0
82814,2007-02-20 08:57:35,121.459600,31.255600,  0, 45,0
82814,2007-02-20 08:58:36,121.459600,31.255600,  0, 45,0
82814,2007-02-20 08:59:37,121.459600,31.255600,  0, 45,0
82814,2007-02-20 09:00:38,121.459600,31.255600,  0, 45,0
82814,2007-02-20 09:01:39,121.459600,31.255600,  0, 45,0
82814,2007-02-20 09:02:40,121.459600,31.255600,  0, 45,0
82814,2007-02-20 09:03:41,121.459600,31.255600,  0, 45,0
82814,2007-02-20 09:04:42,121.459600,31.255600,  0, 45,0
82814,2007-02-20 09:05:43,121.459600,31.255600,  0, 45,0
82814,2007-02-20 09:06:44,121.459600,31.255600,  0, 45,0
82814,2007-02-20 09:07:45,121.459600,31.255600,  0, 45,0
82814,2007-02-20 09:09:47,121.459600,31.255600,  0, 45,0
82814,2007-02-20 09:10:48,121.459600,31.255600,  0, 45,0
82814,2007-02-20 09:11:49,121.459600,31.255600,  0, 45,0
82814,2007-02-20 09:12:50,121.459600,31.255600,  0, 45,0
82814,2007-02-20 09:13:51,121.459600,31.255600,  0, 45,0
82814,2007-02-20 09:14:52,121.459600,31.255600,  0, 45,0
82814,2007-02-20 09:16:54,121.459600,31.255600,  0, 45,0
82814,2007-02-20 09:17:55,121.459600,31.255600,  0, 45,0
82814,2007-02-20 09:18:56,121.459600,31.255600,  0, 45,0
82814,2007-02-20 09:19:57,121.459600,31.255600,  0, 45,0
82814,2007-02-20 09:20:58,121.459600,31.255600,  0, 45,0
82814,2007-02-20 09:21:59,121.459600,31.255600,  0, 45,0
82814,2007-02-20 09:23:00,121.459600,31.255600,  0, 45,0
82814,2007-02-20 09:24:01,121.459600,31.255600,  0, 45,0
82814,2007-02-20 09:25:02,121.459600,31.255600,  0, 45,0
82814,2007-02-20 09:26:03,121.459600,31.255600,  0, 45,0
82814,2007-02-20 09:27:04,121.459600,31.255600,  0, 45,0
82814,2007-02-20 09:28:05,121.459600,31.255600,  0, 45,0
82814,2007-02-20 09:29:06,121.459600,31.255600,  0, 45,0
82814,2007-02-20 09:30:07,121.459600,31.255600,  0, 45,0
82814,2007-02-20 09:30:39,121.459600,31.255600,  0, 45,0
82814,2007-02-20 09:31:08,121.459600,31.255600,  0, 45,0
82814,2007-02-20 09:32:09,121.459600,31.255600,  0, 45,0
82814,2007-02-20 09:34:11,121.459600,31.255600,  0, 45,0
82814,2007-02-20 09:35:12,121.459600,31.255600,  0, 45,0
82814,2007-02-20 09:36:13,121.459600,31.255600,  0, 45,0
82814,2007-02-20 09:38:15,121.459600,31.255600,  0, 45,0
82814,2007-02-20 09:39:16,121.459600,31.255600,  0, 45,0
82814,2007-02-20 09:40:17,121.459600,31.255600,  0, 45,0
82814,2007-02-20 09:41:18,121.459600,31.255600,  0, 45,0
82814,2007-02-20 09:42:19,121.459600,31.255600,  0, 45,0
82814,2007-02-20 09:43:20,121.459600,31.255600,  0, 45,0
82814,2007-02-20 09:44:21,121.459600,31.255600,  0, 45,0
82814,2007-02-20 09:45:22,121.459600,31.255600,  0, 45,0
82814,2007-02-20 09:46:23,121.459600,31.255600,  0, 45,0
82814,2007-02-20 09:47:24,121.459600,31.255600,  0, 45,0
82814,2007-02-20 09:48:25,121.459600,31.255600,  0, 45,0
82814,2007-02-20 09:49:26,121.459600,31.255600,  0, 45,0
82814,2007-02-20 09:50:27,121.459600,31.255600,  0, 45,0
82814,2007-02-20 09:51:28,121.459600,31.255600,  0, 45,0
82814,2007-02-20 09:52:29,121.459600,31.255600,  0, 45,0
82814,2007-02-20 09:53:30,121.459600,31.255600,  0, 45,0
82814,2007-02-20 09:55:32,121.459600,31.255600,  0, 45,0
82814,2007-02-20 09:56:33,121.459600,31.255600,  0, 45,0
82814,2007-02-20 09:57:34,121.459600,31.255600,  0, 45,0
82814,2007-02-20 09:58:35,121.459600,31.255600,  0, 45,0
82814,2007-02-20 09:58:51,121.459600,31.255600,  0, 45,1
82814,2007-02-20 09:59:51,121.459600,31.255600,  0, 45,1
82814,2007-02-20 10:00:51,121.459600,31.255600,  0, 45,1
82814,2007-02-20 10:01:52,121.459600,31.255600,  0, 45,1
82814,2007-02-20 10:02:53,121.459600,31.255600,  0, 45,1
82814,2007-02-20 10:03:54,121.459600,31.255600,  0, 45,1
82814,2007-02-20 10:04:55,121.459600,31.255600,  0, 45,1
82814,2007-02-20 10:05:56,121.459600,31.255600,  0, 45,1
82814,2007-02-20 10:07:58,121.459600,31.255600,  0, 45,1
82814,2007-02-20 10:08:59,121.459600,31.255600,  0, 45,1
82814,2007-02-20 10:09:52,121.459600,31.255600,  0, 45,0
82814,2007-02-20 10:10:53,121.459600,31.255600,  0, 45,0
82814,2007-02-20 10:12:32,121.459600,31.255600,  0, 45,1
82814,2007-02-20 10:13:33,121.459600,31.255600,  0, 45,1
82814,2007-02-20 10:14:34,121.459600,31.255600,  0, 45,1
82814,2007-02-20 10:15:35,121.459600,31.255600,  0, 45,1
82814,2007-02-20 10:16:36,121.459600,31.255600,  0, 45,1
82814,2007-02-20 10:17:37,121.459600,31.255600,  0, 45,1
82814,2007-02-20 10:18:38,121.459600,31.255600,  0, 45,1
82814,2007-02-20 10:20:09,121.459600,31.255600,  0, 45,0
82814,2007-02-20 10:21:09,121.459600,31.255600,  0, 45,0
82814,2007-02-20 10:22:10,121.459600,31.255600,  0, 45,0
82814,2007-02-20 10:23:11,121.459600,31.255600,  0, 45,0
82814,2007-02-20 10:24:12,121.459600,31.255600,  0, 45,0
82814,2007-02-20 10:26:14,121.459600,31.255600,  0, 45,0
82814,2007-02-20 10:27:15,121.459600,31.255600,  0, 45,0
82814,2007-02-20 10:28:16,121.459600,31.255600,  0, 45,0
82814,2007-02-20 10:28:40,121.459600,31.255600,  0, 45,1
82814,2007-02-20 10:29:40,121.459600,31.255600,  0, 45,1
82814,2007-02-20 10:30:41,121.459600,31.255600,  0, 45,1
82814,2007-02-20 10:31:42,121.459600,31.255600,  0, 45,1
82814,2007-02-20 10:32:43,121.459600,31.255600,  0, 45,1
82814,2007-02-20 10:33:44,121.459600,31.255600,  0, 45,1
82814,2007-02-20 10:34:45,121.459600,31.255600,  0, 45,1
82814,2007-02-20 10:35:46,121.459600,31.255600,  0, 45,1
82814,2007-02-20 10:36:47,121.459600,31.255600,  0, 45,1
82814,2007-02-20 10:37:48,121.459600,31.255600,  0, 45,1
82814,2007-02-20 10:38:49,121.459600,31.255600,  0, 45,1
82814,2007-02-20 10:39:50,121.459600,31.255600,  0, 45,1
82814,2007-02-20 10:40:51,121.459600,31.255600,  0, 45,1
82814,2007-02-20 10:41:52,121.459600,31.255600,  0, 45,1
82814,2007-02-20 10:42:53,121.459600,31.255600,  0, 45,1
82814,2007-02-20 10:43:54,121.459600,31.255600,  0, 45,1
82814,2007-02-20 10:44:55,121.459600,31.255600,  0, 45,1
82814,2007-02-20 10:45:56,121.459600,31.255600,  0, 45,1
82814,2007-02-20 10:46:57,121.459600,31.255600,  0, 45,1
82814,2007-02-20 10:47:58,121.459600,31.255600,  0, 45,1
82814,2007-02-20 10:48:07,121.459600,31.255600,  0, 45,0
82814,2007-02-20 10:49:08,121.459600,31.255600,  0, 45,0
82814,2007-02-20 10:50:09,121.459600,31.255600,  0, 45,0
82814,2007-02-20 10:51:10,121.459600,31.255600,  0, 45,0
82814,2007-02-20 10:52:11,121.459600,31.255600,  0, 45,0
82814,2007-02-20 10:53:12,121.459600,31.255600,  0, 45,0
82814,2007-02-20 10:53:24,121.459600,31.255600,  0, 45,1
82814,2007-02-20 10:55:25,121.459600,31.255600,  0, 45,1
82814,2007-02-20 10:58:28,121.459600,31.255600,  0, 45,1
82814,2007-02-20 10:59:29,121.459600,31.255600,  0, 45,1
82814,2007-02-20 11:00:30,121.459600,31.255600,  0, 45,1
82814,2007-02-20 11:01:31,121.459600,31.255600,  0, 45,1
82814,2007-02-20 11:02:32,121.459600,31.255600,  0, 45,1
82814,2007-02-20 11:03:33,121.459600,31.255600,  0, 45,1
82814,2007-02-20 11:04:34,121.459600,31.255600,  0, 45,1
82814,2007-02-20 11:05:35,121.459600,31.255600,  0, 45,1
82814,2007-02-20 11:06:36,121.459600,31.255600,  0, 45,1
82814,2007-02-20 11:07:37,121.459600,31.255600,  0, 45,1
82814,2007-02-20 11:08:38,121.459600,31.255600,  0, 45,1
82814,2007-02-20 11:09:39,121.459600,31.255600,  0, 45,1
82814,2007-02-20 11:11:41,121.459600,31.255600,  0, 45,1
82814,2007-02-20 11:12:42,121.459600,31.255600,  0, 45,1
82814,2007-02-20 11:13:43,121.459600,31.255600,  0, 45,1
82814,2007-02-20 11:14:10,121.459600,31.255600,  0, 45,0
82814,2007-02-20 11:15:11,121.459600,31.255600,  0, 45,0
82814,2007-02-20 11:16:12,121.459600,31.255600,  0, 45,0
82814,2007-02-20 11:17:13,121.459600,31.255600,  0, 45,0
82814,2007-02-20 11:18:14,121.459600,31.255600,  0, 45,0
82814,2007-02-20 11:20:16,121.459600,31.255600,  0, 45,0
82814,2007-02-20 11:23:27,121.459600,31.255600,  0, 45,0
82814,2007-02-20 11:24:28,121.459600,31.255600,  0, 45,0
82814,2007-02-20 11:25:29,121.459600,31.255600,  0, 45,0
82814,2007-02-20 11:26:30,121.459600,31.255600,  0, 45,0
82814,2007-02-20 11:26:50,121.459600,31.255600,  0, 45,1
82814,2007-02-20 11:27:50,121.459600,31.255600,  0, 45,1
82814,2007-02-20 11:28:51,121.459600,31.255600,  0, 45,1
82814,2007-02-20 11:29:52,121.459600,31.255600,  0, 45,1
82814,2007-02-20 11:30:53,121.459600,31.255600,  0, 45,1
82814,2007-02-20 11:32:15,121.459600,31.255600,  0, 45,0
82814,2007-02-20 11:33:16,121.459600,31.255600,  0, 45,0
82814,2007-02-20 11:34:17,121.459600,31.255600,  0, 45,0
82814,2007-02-20 11:34:41,121.459600,31.255600,  0, 45,1
82814,2007-02-20 11:35:41,121.459600,31.255600,  0, 45,1
82814,2007-02-20 11:36:42,121.459600,31.255600,  0, 45,1
82814,2007-02-20 11:37:43,121.459600,31.255600,  0, 45,1
82814,2007-02-20 11:38:44,121.459600,31.255600,  0, 45,1
82814,2007-02-20 11:39:45,121.459600,31.255600,  0, 45,1
82814,2007-02-20 11:40:46,121.459600,31.255600,  0, 45,1
82814,2007-02-20 11:41:47,121.459600,31.255600,  0, 45,1
82814,2007-02-20 11:42:48,121.459600,31.255600,  0, 45,1
82814,2007-02-20 11:43:49,121.459600,31.255600,  0, 45,1
82814,2007-02-20 11:44:43,121.459600,31.255600,  0, 45,0
82814,2007-02-20 11:45:43,121.459600,31.255600,  0, 45,0
82814,2007-02-20 11:47:45,121.459600,31.255600,  0, 45,0
82814,2007-02-20 11:48:46,121.459600,31.255600,  0, 45,0
82814,2007-02-20 11:49:47,121.459600,31.255600,  0, 45,0
82814,2007-02-20 11:50:48,121.459600,31.255600,  0, 45,0
82814,2007-02-20 11:51:49,121.459600,31.255600,  0, 45,0
82814,2007-02-20 11:52:50,121.459600,31.255600,  0, 45,0
82814,2007-02-20 11:53:51,121.459600,31.255600,  0, 45,0
82814,2007-02-20 11:54:52,121.459600,31.255600,  0, 45,0
82814,2007-02-20 11:55:53,121.459600,31.255600,  0, 45,0
82814,2007-02-20 11:56:54,121.459600,31.255600,  0, 45,0
82814,2007-02-20 11:57:55,121.459600,31.255600,  0, 45,0
82814,2007-02-20 11:58:56,121.459600,31.255600,  0, 45,0
82814,2007-02-20 11:59:57,121.459600,31.255600,  0, 45,0
82814,2007-02-20 12:00:58,121.459600,31.255600,  0, 45,0
82814,2007-02-20 12:01:59,121.459600,31.255600,  0, 45,0
82814,2007-02-20 12:03:25,121.459600,31.255600,  0, 45,1
82814,2007-02-20 12:04:26,121.459600,31.255600,  0, 45,1
82814,2007-02-20 12:05:27,121.459600,31.255600,  0, 45,1
82814,2007-02-20 12:06:28,121.459600,31.255600,  0, 45,1
82814,2007-02-20 12:07:29,121.459600,31.255600,  0, 45,1
82814,2007-02-20 12:08:30,121.459600,31.255600,  0, 45,1
82814,2007-02-20 12:09:31,121.459600,31.255600,  0, 45,1
82814,2007-02-20 12:10:32,121.459600,31.255600,  0, 45,1
82814,2007-02-20 12:11:33,121.459600,31.255600,  0, 45,1
82814,2007-02-20 12:12:34,121.459600,31.255600,  0, 45,1
82814,2007-02-20 12:13:35,121.459600,31.255600,  0, 45,1
82814,2007-02-20 12:14:36,121.459600,31.255600,  0, 45,1
82814,2007-02-20 12:16:16,121.459600,31.255600,  0, 45,1
82814,2007-02-20 12:17:17,121.459600,31.255600,  0, 45,1
82814,2007-02-20 12:18:18,121.459600,31.255600,  0, 45,1
82814,2007-02-20 12:19:19,121.459600,31.255600,  0, 45,1
82814,2007-02-20 12:20:20,121.459600,31.255600,  0, 45,1
82814,2007-02-20 12:20:38,121.459600,31.255600,  0, 45,0
82814,2007-02-20 12:21:39,121.459600,31.255600,  0, 45,0
82814,2007-02-20 12:22:40,121.459600,31.255600,  0, 45,0
82814,2007-02-20 12:24:42,121.459600,31.255600,  0, 45,0
82814,2007-02-20 12:25:43,121.459600,31.255600,  0, 45,0
82814,2007-02-20 12:27:45,121.459600,31.255600,  0, 45,0
82814,2007-02-20 12:28:46,121.459600,31.255600,  0, 45,0
82814,2007-02-20 12:29:47,121.459600,31.255600,  0, 45,0
82814,2007-02-20 12:30:48,121.459600,31.255600,  0, 45,0
82814,2007-02-20 12:31:49,121.459600,31.255600,  0, 45,0
82814,2007-02-20 12:32:46,121.459600,31.255600,  0, 45,1
82814,2007-02-20 12:34:48,121.459600,31.255600,  0, 45,1
82814,2007-02-20 12:35:49,121.459600,31.255600,  0, 45,1
82814,2007-02-20 12:36:50,121.459600,31.255600,  0, 45,1
82814,2007-02-20 12:37:51,121.459600,31.255600,  0, 45,1
82814,2007-02-20 12:38:52,121.459600,31.255600,  0, 45,1
82814,2007-02-20 12:39:53,121.459600,31.255600,  0, 45,1
82814,2007-02-20 12:40:54,121.459600,31.255600,  0, 45,1
82814,2007-02-20 12:41:55,121.459600,31.255600,  0, 45,1
82814,2007-02-20 12:42:56,121.459600,31.255600,  0, 45,1
82814,2007-02-20 12:43:57,121.459600,31.255600,  0, 45,1
82814,2007-02-20 12:44:00,121.459600,31.255600,  0, 45,0
82814,2007-02-20 12:45:01,121.459600,31.255600,  0, 45,0
82814,2007-02-20 12:46:02,121.459600,31.255600,  0, 45,0
82814,2007-02-20 12:47:03,121.459600,31.255600,  0, 45,0
82814,2007-02-20 12:48:04,121.459600,31.255600,  0, 45,0
82814,2007-02-20 12:49:04,121.459600,31.255600,  0, 45,0
82814,2007-02-20 12:50:05,121.459600,31.255600,  0, 45,0
82814,2007-02-20 12:51:06,121.459600,31.255600,  0, 45,0
82814,2007-02-20 12:52:07,121.459600,31.255600,  0, 45,0
82814,2007-02-20 12:53:09,121.459600,31.255600,  0, 45,0
82814,2007-02-20 12:54:09,121.459600,31.255600,  0, 45,0
82814,2007-02-20 12:55:56,121.459600,31.255600,  0, 45,1
82814,2007-02-20 12:56:57,121.459600,31.255600,  0, 45,1
82814,2007-02-20 12:57:59,121.459600,31.255600,  0, 45,1
82814,2007-02-20 12:58:59,121.459600,31.255600,  0, 45,1
82814,2007-02-20 13:00:00,121.459600,31.255600,  0, 45,1
82814,2007-02-20 13:01:01,121.459600,31.255600,  0, 45,1
82814,2007-02-20 13:02:02,121.459600,31.255600,  0, 45,1
82814,2007-02-20 13:03:04,121.459600,31.255600,  0, 45,1
82814,2007-02-20 13:04:04,121.459600,31.255600,  0, 45,1
82814,2007-02-20 13:04:53,121.459600,31.255600,  0, 45,0
82814,2007-02-20 13:05:54,121.459600,31.255600,  0, 45,0
82814,2007-02-20 13:09:14,121.459600,31.255600,  0, 45,0
82814,2007-02-20 13:10:15,121.459600,31.255600,  0, 45,0
82814,2007-02-20 13:11:16,121.459600,31.255600,  0, 45,0
82814,2007-02-20 13:12:17,121.459600,31.255600,  0, 45,0
82814,2007-02-20 13:13:19,121.459600,31.255600,  0, 45,0
82814,2007-02-20 13:14:19,121.459600,31.255600,  0, 45,0
82814,2007-02-20 13:15:20,121.459600,31.255600,  0, 45,0
82814,2007-02-20 13:15:53,121.459600,31.255600,  0, 45,1
82814,2007-02-20 13:16:54,121.459600,31.255600,  0, 45,1
82814,2007-02-20 13:17:54,121.459600,31.255600,  0, 45,1
82814,2007-02-20 13:19:56,121.459600,31.255600,  0, 45,1
82814,2007-02-20 13:21:59,121.459600,31.255600,  0, 45,1
82814,2007-02-20 13:22:59,121.459600,31.255600,  0, 45,1
82814,2007-02-20 13:24:00,121.459600,31.255600,  0, 45,1
82814,2007-02-20 13:25:01,121.459600,31.255600,  0, 45,1
82814,2007-02-20 13:26:02,121.459600,31.255600,  0, 45,1
82814,2007-02-20 13:27:03,121.459600,31.255600,  0, 45,0
82814,2007-02-20 13:28:04,121.459600,31.255600,  0, 45,0
82814,2007-02-20 13:29:04,121.459600,31.255600,  0, 45,0
82814,2007-02-20 13:30:05,121.459600,31.255600,  0, 45,0
82814,2007-02-20 13:31:06,121.459600,31.255600,  0, 45,0
82814,2007-02-20 13:32:07,121.459600,31.255600,  0, 45,0
82814,2007-02-20 13:33:09,121.459600,31.255600,  0, 45,0
82814,2007-02-20 13:34:09,121.459600,31.255600,  0, 45,0
82814,2007-02-20 13:35:10,121.459600,31.255600,  0, 45,0
82814,2007-02-20 13:36:11,121.459600,31.255600,  0, 45,0
82814,2007-02-20 13:37:12,121.459600,31.255600,  0, 45,0
82814,2007-02-20 13:38:14,121.459600,31.255600,  0, 45,0
82814,2007-02-20 13:39:14,121.459600,31.255600,  0, 45,0
82814,2007-02-20 13:40:15,121.459600,31.255600,  0, 45,0
82814,2007-02-20 13:41:16,121.459600,31.255600,  0, 45,0
82814,2007-02-20 13:42:17,121.459600,31.255600,  0, 45,0
82814,2007-02-20 13:43:19,121.459600,31.255600,  0, 45,0
82814,2007-02-20 13:44:19,121.459600,31.255600,  0, 45,0
82814,2007-02-20 13:45:20,121.459600,31.255600,  0, 45,0
82814,2007-02-20 13:46:21,121.459600,31.255600,  0, 45,0
82814,2007-02-20 13:47:22,121.459600,31.255600,  0, 45,0
82814,2007-02-20 13:48:23,121.459600,31.255600,  0, 45,0
82814,2007-02-20 13:49:24,121.459600,31.255600,  0, 45,0
82814,2007-02-20 13:49:55,121.459600,31.255600,  0, 45,1
82814,2007-02-20 13:50:55,121.459600,31.255600,  0, 45,1
82814,2007-02-20 13:51:56,121.459600,31.255600,  0, 45,1
82814,2007-02-20 13:52:57,121.459600,31.255600,  0, 45,1
82814,2007-02-20 13:53:58,121.459600,31.255600,  0, 45,1
82814,2007-02-20 13:54:59,121.459600,31.255600,  0, 45,1
82814,2007-02-20 13:56:00,121.459600,31.255600,  0, 45,1
82814,2007-02-20 13:58:02,121.459600,31.255600,  0, 45,1
82814,2007-02-20 13:58:24,121.459600,31.255600,  0, 45,0
82814,2007-02-20 13:59:24,121.459600,31.255600,  0, 45,0
82814,2007-02-20 14:00:25,121.459600,31.255600,  0, 45,0
82814,2007-02-20 14:01:26,121.459600,31.255600,  0, 45,0
82814,2007-02-20 14:02:27,121.459600,31.255600,  0, 45,0
82814,2007-02-20 14:03:28,121.459600,31.255600,  0, 45,0
82814,2007-02-20 14:05:09,121.459600,31.255600,  0, 45,0
82814,2007-02-20 14:05:44,121.459600,31.255600,  0, 45,1
82814,2007-02-20 14:08:46,121.459600,31.255600,  0, 45,1
82814,2007-02-20 14:09:47,121.459600,31.255600,  0, 45,1
82814,2007-02-20 14:10:48,121.459600,31.255600,  0, 45,1
82814,2007-02-20 14:11:12,121.459600,31.255600,  0, 45,0
82814,2007-02-20 14:12:13,121.459600,31.255600,  0, 45,0
82814,2007-02-20 14:13:14,121.459600,31.255600,  0, 45,0
82814,2007-02-20 14:15:16,121.459600,31.255600,  0, 45,0
82814,2007-02-20 14:16:17,121.459600,31.255600,  0, 45,0
82814,2007-02-20 14:17:18,121.459600,31.255600,  0, 45,0
82814,2007-02-20 14:18:19,121.459600,31.255600,  0, 45,0
82814,2007-02-20 14:19:20,121.459600,31.255600,  0, 45,0
82814,2007-02-20 14:20:21,121.459600,31.255600,  0, 45,0
82814,2007-02-20 14:21:22,121.459600,31.255600,  0, 45,0
82814,2007-02-20 14:22:23,121.459600,31.255600,  0, 45,0
82814,2007-02-20 14:23:24,121.459600,31.255600,  0, 45,0
82814,2007-02-20 14:24:25,121.459600,31.255600,  0, 45,0
82814,2007-02-20 14:25:26,121.459600,31.255600,  0, 45,0
82814,2007-02-20 14:26:27,121.459600,31.255600,  0, 45,0
82814,2007-02-20 14:27:28,121.459600,31.255600,  0, 45,0
82814,2007-02-20 14:28:06,121.459600,31.255600,  0, 45,1
82814,2007-02-20 14:29:06,121.459600,31.255600,  0, 45,1
82814,2007-02-20 14:30:07,121.459600,31.255600,  0, 45,1
82814,2007-02-20 14:32:09,121.459600,31.255600,  0, 45,1
82814,2007-02-20 14:33:10,121.459600,31.255600,  0, 45,1
82814,2007-02-20 14:34:11,121.459600,31.255600,  0, 45,1
82814,2007-02-20 14:35:46,121.459600,31.255600,  0, 45,0
82814,2007-02-20 14:36:47,121.459600,31.255600,  0, 45,0
82814,2007-02-20 14:38:00,121.459600,31.255600,  0, 45,1
82814,2007-02-20 14:39:01,121.459600,31.255600,  0, 45,1
82814,2007-02-20 14:40:02,121.459600,31.255600,  0, 45,1
82814,2007-02-20 14:41:03,121.459600,31.255600,  0, 45,1
82814,2007-02-20 14:42:04,121.459600,31.255600,  0, 45,1
82814,2007-02-20 14:43:05,121.459600,31.255600,  0, 45,1
82814,2007-02-20 14:44:06,121.459600,31.255600,  0, 45,1
82814,2007-02-20 14:45:07,121.459600,31.255600,  0, 45,1
82814,2007-02-20 14:47:09,121.459600,31.255600,  0, 45,1
82814,2007-02-20 14:48:10,121.459600,31.255600,  0, 45,1
82814,2007-02-20 14:49:11,121.459600,31.255600,  0, 45,1
82814,2007-02-20 14:50:12,121.459600,31.255600,  0, 45,1
82814,2007-02-20 14:51:13,121.459600,31.255600,  0, 45,1
82814,2007-02-20 14:52:14,121.459600,31.255600,  0, 45,1
82814,2007-02-20 14:53:15,121.459600,31.255600,  0, 45,1
82814,2007-02-20 14:54:16,121.459600,31.255600,  0, 45,1
82814,2007-02-20 14:55:05,121.459600,31.255600,  0, 45,0
82814,2007-02-20 14:56:06,121.459600,31.255600,  0, 45,0
82814,2007-02-20 14:57:07,121.459600,31.255600,  0, 45,0
82814,2007-02-20 14:58:08,121.459600,31.255600,  0, 45,0
82814,2007-02-20 14:59:09,121.459600,31.255600,  0, 45,0
82814,2007-02-20 14:59:29,121.459600,31.255600,  0, 45,1
82814,2007-02-20 15:00:30,121.459600,31.255600,  0, 45,1
82814,2007-02-20 15:01:31,121.459600,31.255600,  0, 45,1
82814,2007-02-20 15:02:32,121.459600,31.255600,  0, 45,1
82814,2007-02-20 15:03:33,121.459600,31.255600,  0, 45,1
82814,2007-02-20 15:04:34,121.459600,31.255600,  0, 45,1
82814,2007-02-20 15:05:35,121.459600,31.255600,  0, 45,1
82814,2007-02-20 15:06:36,121.459600,31.255600,  0, 45,1
82814,2007-02-20 15:07:37,121.459600,31.255600,  0, 45,1
82814,2007-02-20 15:08:38,121.459600,31.255600,  0, 45,1
82814,2007-02-20 15:09:39,121.459600,31.255600,  0, 45,1
82814,2007-02-20 15:10:40,121.459600,31.255600,  0, 45,1
82814,2007-02-20 15:12:42,121.459600,31.255600,  0, 45,1
82814,2007-02-20 15:13:43,121.459600,31.255600,  0, 45,1
82814,2007-02-20 15:14:44,121.459600,31.255600,  0, 45,1
82814,2007-02-20 15:15:45,121.459600,31.255600,  0, 45,1
82814,2007-02-20 15:16:46,121.459600,31.255600,  0, 45,1
82814,2007-02-20 15:17:47,121.459600,31.255600,  0, 45,1
82814,2007-02-20 15:18:48,121.459600,31.255600,  0, 45,1
82814,2007-02-20 15:19:49,121.459600,31.255600,  0, 45,1
82814,2007-02-20 15:20:50,121.459600,31.255600,  0, 45,1
82814,2007-02-20 15:21:51,121.459600,31.255600,  0, 45,1
82814,2007-02-20 15:23:53,121.459600,31.255600,  0, 45,1
82814,2007-02-20 15:24:54,121.459600,31.255600,  0, 45,1
82814,2007-02-20 15:25:55,121.459600,31.255600,  0, 45,1
82814,2007-02-20 15:27:57,121.459600,31.255600,  0, 45,1
82814,2007-02-20 15:28:58,121.459600,31.255600,  0, 45,1
82814,2007-02-20 15:29:59,121.459600,31.255600,  0, 45,1
82814,2007-02-20 15:31:00,121.459600,31.255600,  0, 45,1
82814,2007-02-20 15:32:01,121.459600,31.255600,  0, 45,1
82814,2007-02-20 15:33:02,121.459600,31.255600,  0, 45,1
82814,2007-02-20 15:34:03,121.459600,31.255600,  0, 45,1
82814,2007-02-20 15:35:04,121.459600,31.255600,  0, 45,1
82814,2007-02-20 15:37:15,121.459600,31.255600,  0, 45,0
82814,2007-02-20 15:40:45,121.459600,31.255600,  0, 45,0
82814,2007-02-20 15:41:46,121.459600,31.255600,  0, 45,0
82814,2007-02-20 15:42:47,121.459600,31.255600,  0, 45,0
82814,2007-02-20 15:43:48,121.459600,31.255600,  0, 45,0
82814,2007-02-20 15:44:39,121.459600,31.255600,  0, 45,1
82814,2007-02-20 15:45:39,121.459600,31.255600,  0, 45,1
82814,2007-02-20 15:47:41,121.449500,31.254500,  0, 45,1
82814,2007-02-20 15:48:42,121.449500,31.254500,  0, 45,1
82814,2007-02-20 15:50:44,121.449500,31.254500,  0, 45,1
82814,2007-02-20 15:51:45,121.449500,31.254500,  0, 45,1
82814,2007-02-20 15:52:46,121.449500,31.254500,  0, 45,1
82814,2007-02-20 15:53:47,121.449500,31.254500,  0, 45,1
82814,2007-02-20 15:57:49,121.449500,31.254500,  0, 45,1
82814,2007-02-20 15:58:50,121.449500,31.254500,  0, 45,1
82814,2007-02-20 15:59:51,121.449500,31.254500,  0, 45,1
82814,2007-02-20 16:00:51,121.449500,31.254500,  0, 45,1
82814,2007-02-20 16:01:52,121.449500,31.254500,  0, 45,1
82814,2007-02-20 16:02:53,121.449500,31.254500,  0, 45,1
82814,2007-02-20 16:03:54,121.449500,31.254500,  0, 45,1
82814,2007-02-20 16:04:55,121.449500,31.254500,  0, 45,1
82814,2007-02-20 16:05:56,121.449500,31.254500,  0, 45,1
82814,2007-02-20 16:06:57,121.449500,31.254500,  0, 45,1
82814,2007-02-20 16:07:58,121.449500,31.254500,  0, 45,1
82814,2007-02-20 16:08:59,121.449500,31.254500,  0, 45,1
82814,2007-02-20 16:09:20,121.449500,31.254500,  0, 45,0
82814,2007-02-20 16:10:21,121.449500,31.254500,  0, 45,0
82814,2007-02-20 16:11:22,121.449500,31.254500,  0, 45,0
82814,2007-02-20 16:12:23,121.449500,31.254500,  0, 45,0
82814,2007-02-20 16:13:24,121.449500,31.254500,  0, 45,0
82814,2007-02-20 16:14:25,121.449500,31.254500,  0, 45,0
82814,2007-02-20 16:15:26,121.449500,31.254500,  0, 45,0
82814,2007-02-20 16:16:27,121.449500,31.254500,  0, 45,0
82814,2007-02-20 16:18:29,121.449500,31.254500,  0, 45,0
82814,2007-02-20 16:19:30,121.449500,31.254500,  0, 45,0
82814,2007-02-20 16:20:31,121.449500,31.254500,  0, 45,0
82814,2007-02-20 16:24:35,121.449500,31.254500,  0, 45,0
82814,2007-02-20 16:27:14,121.449500,31.254500,  0, 45,0
82814,2007-02-20 16:28:15,121.449500,31.254500,  0, 45,0
82814,2007-02-20 16:35:39,121.449500,31.254500,  0, 45,0
82814,2007-02-20 16:36:40,121.449500,31.254500,  0, 45,0
82814,2007-02-20 16:37:41,121.449500,31.254500,  0, 45,0
82814,2007-02-20 16:38:42,121.449500,31.254500,  0, 45,0
82814,2007-02-20 16:38:50,121.449500,31.254500,  0, 45,1
82814,2007-02-20 16:39:51,121.449500,31.254500,  0, 45,1
82814,2007-02-20 16:40:52,121.449500,31.254500,  0, 45,1
82814,2007-02-20 16:41:53,121.449500,31.254500,  0, 45,1
82814,2007-02-20 16:42:54,121.449500,31.254500,  0, 45,1
82814,2007-02-20 16:43:55,121.449500,31.254500,  0, 45,1
82814,2007-02-20 16:43:56,121.449500,31.254500,  0, 45,0
82814,2007-02-20 16:44:56,121.449500,31.254500,  0, 45,0
82814,2007-02-20 16:45:35,121.449500,31.254500,  0, 45,1
82814,2007-02-20 16:46:36,121.449500,31.254500,  0, 45,1
82814,2007-02-20 16:47:37,121.449500,31.254500,  0, 45,1
82814,2007-02-20 16:48:38,121.449500,31.254500,  0, 45,1
82814,2007-02-20 16:49:39,121.449500,31.254500,  0, 45,1
82814,2007-02-20 16:50:40,121.449500,31.254500,  0, 45,1
82814,2007-02-20 16:51:41,121.449500,31.254500,  0, 45,1
82814,2007-02-20 16:52:42,121.449500,31.254500,  0, 45,1
82814,2007-02-20 16:53:30,121.449500,31.254500,  0, 45,0
82814,2007-02-20 16:54:31,121.449500,31.254500,  0, 45,0
82814,2007-02-20 16:55:32,121.449500,31.254500,  0, 45,0
82814,2007-02-20 16:56:33,121.449500,31.254500,  0, 45,0
82814,2007-02-20 16:57:34,121.449500,31.254500,  0, 45,0
82814,2007-02-20 16:58:35,121.449500,31.254500,  0, 45,0
82814,2007-02-20 16:59:36,121.449500,31.254500,  0, 45,0
82814,2007-02-20 17:00:37,121.449500,31.254500,  0, 45,0
82814,2007-02-20 17:02:01,121.449500,31.254500,  0, 45,1
82814,2007-02-20 17:03:02,121.449500,31.254500,  0, 45,1
82814,2007-02-20 17:04:03,121.449500,31.254500,  0, 45,1
82814,2007-02-20 17:05:04,121.449500,31.254500,  0, 45,1
82814,2007-02-20 17:06:05,121.449500,31.254500,  0, 45,1
82814,2007-02-20 17:07:06,121.449500,31.254500,  0, 45,1
82814,2007-02-20 17:08:07,121.442000,31.263800,  0, 45,1
82814,2007-02-20 17:09:08,121.442000,31.263800,  0, 45,1
82814,2007-02-20 17:10:09,121.442000,31.263800,  0, 45,1
82814,2007-02-20 17:11:10,121.442000,31.263800,  0, 45,1
82814,2007-02-20 17:12:11,121.442000,31.263800,  0, 45,1
82814,2007-02-20 17:15:33,121.442000,31.263800,  0, 45,1
82814,2007-02-20 17:16:34,121.442000,31.263800,  0, 45,1
82814,2007-02-20 17:17:35,121.442000,31.263800,  0, 45,1
82814,2007-02-20 17:18:36,121.442000,31.263800,  0, 45,1
82814,2007-02-20 17:19:37,121.442000,31.263800,  0, 45,1
82814,2007-02-20 17:20:38,121.442000,31.263800,  0, 45,1
82814,2007-02-20 17:20:45,121.442000,31.263800,  0, 45,0
82814,2007-02-20 17:21:45,121.442000,31.263800,  0, 45,0
82814,2007-02-20 17:22:46,121.442000,31.263800,  0, 45,0
82814,2007-02-20 17:22:52,121.442000,31.263800,  0, 45,1
82814,2007-02-20 17:23:53,121.442000,31.263800,  0, 45,1
82814,2007-02-20 17:24:54,121.442000,31.263800,  0, 45,1
82814,2007-02-20 17:25:55,121.442000,31.263800,  0, 45,1
82814,2007-02-20 17:26:56,121.442000,31.263800,  0, 45,1
82814,2007-02-20 17:27:57,121.442000,31.263800,  0, 45,1
82814,2007-02-20 17:28:58,121.442000,31.263800,  0, 45,1
82814,2007-02-20 17:29:59,121.442000,31.263800,  0, 45,1
82814,2007-02-20 17:31:00,121.442000,31.263800,  0, 45,1
82814,2007-02-20 17:32:01,121.442000,31.263800,  0, 45,1
82814,2007-02-20 17:33:02,121.442000,31.263800,  0, 45,1
82814,2007-02-20 17:34:03,121.442000,31.263800,  0, 45,1
82814,2007-02-20 17:35:04,121.442000,31.263800,  0, 45,1
82814,2007-02-20 17:36:05,121.442000,31.263800,  0, 45,1
82814,2007-02-20 17:37:06,121.442000,31.263800,  0, 45,1
82814,2007-02-20 17:38:07,121.442000,31.263800,  0, 45,1
82814,2007-02-20 17:39:08,121.442000,31.263800,  0, 45,1
82814,2007-02-20 17:40:09,121.442000,31.263800,  0, 45,1
82814,2007-02-20 17:41:10,121.442000,31.263800,  0, 45,1
82814,2007-02-20 17:42:11,121.442000,31.263800,  0, 45,1
82814,2007-02-20 17:43:12,121.442000,31.263800,  0, 45,1
82814,2007-02-20 17:44:13,121.442000,31.263800,  0, 45,1
82814,2007-02-20 17:45:14,121.442000,31.263800,  0, 45,1
82814,2007-02-20 17:46:15,121.442000,31.263800,  0, 45,1
82814,2007-02-20 17:47:07,121.442000,31.263800,  0, 45,0
82814,2007-02-20 17:48:08,121.442000,31.263800,  0, 45,0
82814,2007-02-20 17:51:11,121.442000,31.263800,  0, 45,0
82814,2007-02-20 17:52:12,121.442000,31.263800,  0, 45,0
82814,2007-02-20 17:53:13,121.442000,31.263800,  0, 45,0
82814,2007-02-20 17:54:14,121.442000,31.263800,  0, 45,0
82814,2007-02-20 17:55:15,121.442000,31.263800,  0, 45,0
82814,2007-02-20 17:56:16,121.442000,31.263800,  0, 45,0
82814,2007-02-20 17:57:17,121.442000,31.263800,  0, 45,0
82814,2007-02-20 17:57:59,121.442000,31.263800,  0, 45,1
82814,2007-02-20 17:59:00,121.442000,31.263800,  0, 45,1
82814,2007-02-20 18:00:01,121.442000,31.263800,  0, 45,1
82814,2007-02-20 18:01:02,121.442000,31.263800,  0, 45,1
82814,2007-02-20 18:02:03,121.442000,31.263800,  0, 45,1
82814,2007-02-20 18:03:04,121.442000,31.263800,  0, 45,1
82814,2007-02-20 18:04:05,121.442000,31.263800,  0, 45,1
82814,2007-02-20 18:05:06,121.442000,31.263800,  0, 45,1
82814,2007-02-20 18:06:07,121.442000,31.263800,  0, 45,1
82814,2007-02-20 18:08:09,121.442000,31.263800,  0, 45,1
82814,2007-02-20 18:09:49,121.442000,31.263800,  0, 45,1
82814,2007-02-20 18:12:44,121.442000,31.263800,  0,  0,1
82814,2007-02-20 18:15:30,121.442000,31.263800,  0,  0,0
82814,2007-02-20 18:16:31,121.442000,31.263800,  0,  0,0
82814,2007-02-20 18:18:24,121.442000,31.263800,  0,  0,0
82814,2007-02-20 18:19:25,121.442000,31.263800,  0,  0,0
82814,2007-02-20 18:20:26,121.442000,31.263800,  0,  0,0
82814,2007-02-20 18:23:07,121.442000,31.263800,  0,  0,0
82814,2007-02-20 18:24:08,121.442000,31.263800,  0,  0,0
82814,2007-02-20 18:25:09,121.442000,31.263800,  0,  0,0
82814,2007-02-20 18:26:10,121.442000,31.263800,  0,  0,0
82814,2007-02-20 18:27:11,121.442000,31.263800,  0,  0,0
82814,2007-02-20 18:28:12,121.442000,31.263800,  0,  0,0
82814,2007-02-20 18:29:13,121.442000,31.263800,  0,  0,0
82814,2007-02-20 18:30:14,121.442000,31.263800,  0,  0,0
82814,2007-02-20 18:32:16,121.442000,31.263800,  0,  0,0
82814,2007-02-20 18:32:50,121.442000,31.263800,  0,  0,1
82814,2007-02-20 18:33:51,121.442000,31.263800,  0,  0,1
82814,2007-02-20 18:34:52,121.442000,31.263800,  0,  0,1
82814,2007-02-20 18:35:53,121.442000,31.263800,  0,  0,1
82814,2007-02-20 18:36:54,121.442000,31.263800,  0,  0,1
82814,2007-02-20 18:38:56,121.442000,31.263800,  0,  0,1
82814,2007-02-20 18:39:57,121.442000,31.263800,  0,  0,1
82814,2007-02-20 18:40:58,121.442000,31.263800,  0,  0,1
82814,2007-02-20 18:42:28,121.442000,31.263800,  0,  0,0
82814,2007-02-20 18:43:29,121.442000,31.263800,  0,  0,0
82814,2007-02-20 18:44:30,121.442000,31.263800,  0,  0,0
82814,2007-02-20 18:46:32,121.442000,31.263800,  0,  0,0
82814,2007-02-20 18:47:33,121.442000,31.263800,  0,  0,0
82814,2007-02-20 19:33:01,121.442000,31.263800,  0,  0,1
82814,2007-02-20 19:34:02,121.442000,31.263800,  0,  0,1
82814,2007-02-20 19:35:03,121.442000,31.263800,  0,  0,1
82814,2007-02-20 19:36:04,121.442000,31.263800,  0,  0,1
82814,2007-02-20 19:37:05,121.442000,31.263800,  0,  0,1
82814,2007-02-20 19:39:07,121.442000,31.263800,  0,  0,1
82814,2007-02-20 19:40:08,121.442000,31.263800,  0,  0,1
82814,2007-02-20 19:40:36,121.442000,31.263800,  0,  0,0
82814,2007-02-20 19:41:37,121.442000,31.263800,  0,  0,0
82814,2007-02-20 19:42:38,121.442000,31.263800,  0,  0,0
82814,2007-02-20 19:43:39,121.442000,31.263800,  0,  0,0
82814,2007-02-20 19:44:40,121.442000,31.263800,  0,  0,0
82814,2007-02-20 19:45:41,121.442000,31.263800,  0,  0,0
82814,2007-02-20 19:46:19,121.442000,31.263800,  0,  0,1
82814,2007-02-20 19:48:21,121.442000,31.263800,  0,  0,1
82814,2007-02-20 19:49:22,121.442000,31.263800,  0,  0,1
82814,2007-02-20 19:50:23,121.442000,31.263800,  0,  0,1
82814,2007-02-20 19:50:41,121.442000,31.263800,  0,  0,0
82814,2007-02-20 19:51:42,121.442000,31.263800,  0,  0,0
82814,2007-02-20 19:52:19,121.442000,31.263800,  0,  0,1
82814,2007-02-20 19:53:20,121.442000,31.263800,  0,  0,1
82814,2007-02-20 19:54:21,121.442000,31.263800,  0,  0,1
82814,2007-02-20 19:55:22,121.442000,31.263800,  0,  0,1
82814,2007-02-20 19:56:23,121.442000,31.263800,  0,  0,1
82814,2007-02-20 19:57:24,121.442000,31.263800,  0,  0,1
82814,2007-02-20 19:58:25,121.442000,31.263800,  0,  0,1
82814,2007-02-20 19:59:26,121.442000,31.263800,  0,  0,1
82814,2007-02-20 20:01:39,121.442000,31.263800,  0,  0,1
82814,2007-02-20 20:02:40,121.442000,31.263800,  0,  0,1
82814,2007-02-20 20:03:41,121.442000,31.263800,  0,  0,1
82814,2007-02-20 20:04:41,121.442000,31.263800,  0,  0,1
82814,2007-02-20 20:05:43,121.442000,31.263800,  0,  0,1
82814,2007-02-20 20:06:43,121.442000,31.263800,  0,  0,1
82814,2007-02-20 20:08:45,121.442000,31.263800,  0,  0,1
82814,2007-02-20 20:09:46,121.442000,31.263800,  0,  0,1
82814,2007-02-20 20:11:48,121.442000,31.263800,  0,  0,1
82814,2007-02-20 20:14:03,121.442000,31.263800,  0,  0,0
82814,2007-02-20 20:15:03,121.442000,31.263800,  0,  0,0
82814,2007-02-20 20:16:04,121.442000,31.263800,  0,  0,0
82814,2007-02-20 20:16:59,121.442000,31.263800,  0,  0,1
82814,2007-02-20 20:17:59,121.442000,31.263800,  0,  0,1
82814,2007-02-20 20:19:00,121.442000,31.263800,  0,  0,1
82814,2007-02-20 20:21:03,121.442000,31.263800,  0,  0,1
82814,2007-02-20 20:22:03,121.442000,31.263800,  0,  0,1
82814,2007-02-20 20:23:04,121.442000,31.263800,  0,  0,1
82814,2007-02-20 20:25:06,121.442000,31.263800,  0,  0,1
82814,2007-02-20 20:25:56,121.442000,31.263800,  0,  0,0
82814,2007-02-20 20:26:58,121.442000,31.263800,  0,  0,0
82814,2007-02-20 20:27:58,121.442000,31.263800,  0,  0,0
82814,2007-02-20 20:28:59,121.442000,31.263800,  0,  0,0
82814,2007-02-20 20:31:01,121.442000,31.263800,  0,  0,0
82814,2007-02-20 20:33:03,121.442000,31.263800,  0,  0,0
82814,2007-02-20 20:34:04,121.442000,31.263800,  0,  0,0
82814,2007-02-20 20:35:05,121.442000,31.263800,  0,  0,0
82814,2007-02-20 20:35:14,121.442000,31.263800,  0,  0,1
82814,2007-02-20 20:36:14,121.442000,31.263800,  0,  0,1
82814,2007-02-20 20:37:15,121.442000,31.263800,  0,  0,1
82814,2007-02-20 20:38:16,121.442000,31.263800,  0,  0,1
82814,2007-02-20 20:39:18,121.442000,31.263800,  0,  0,1
82814,2007-02-20 20:40:18,121.442000,31.263800,  0,  0,1
82814,2007-02-20 20:41:19,121.442000,31.263800,  0,  0,1
82814,2007-02-20 20:43:21,121.442000,31.263800,  0,  0,1
82814,2007-02-20 20:44:23,121.442000,31.263800,  0,  0,1
82814,2007-02-20 20:46:24,121.442000,31.263800,  0,  0,1
82814,2007-02-20 20:48:26,121.442000,31.263800,  0,  0,1
82814,2007-02-20 20:49:28,121.442000,31.263800,  0,  0,1
82814,2007-02-20 20:50:28,121.442000,31.263800,  0,  0,1
82814,2007-02-20 20:51:29,121.442000,31.263800,  0,  0,1
82814,2007-02-20 20:53:31,121.442000,31.263800,  0,  0,1
82814,2007-02-20 20:54:33,121.442000,31.263800,  0,  0,1
82814,2007-02-20 20:55:33,121.442000,31.263800,  0,  0,1
82814,2007-02-20 20:56:34,121.442000,31.263800,  0,  0,1
82814,2007-02-20 20:57:35,121.442000,31.263800,  0,  0,1
82814,2007-02-20 20:58:36,121.442000,31.263800,  0,  0,1
82814,2007-02-20 20:59:37,121.442000,31.263800,  0,  0,1
82814,2007-02-20 21:00:38,121.442000,31.263800,  0,  0,1
82814,2007-02-20 21:01:39,121.442000,31.263800,  0,  0,1
82814,2007-02-20 21:02:40,121.442000,31.263800,  0,  0,1
82814,2007-02-20 21:03:41,121.442000,31.263800,  0,  0,1
82814,2007-02-20 21:04:42,121.442000,31.263800,  0,  0,1
82814,2007-02-20 21:06:44,121.442000,31.263800,  0,  0,1
82814,2007-02-20 21:07:45,121.442000,31.263800,  0,  0,1
82814,2007-02-20 21:08:46,121.442000,31.263800,  0,  0,1
82814,2007-02-20 21:09:47,121.442000,31.263800,  0,  0,1
82814,2007-02-20 21:09:50,121.442000,31.263800,  0,  0,0
82814,2007-02-20 21:10:50,121.442000,31.263800,  0,  0,0
82814,2007-02-20 21:11:51,121.442000,31.263800,  0,  0,0
82814,2007-02-20 21:12:52,121.442000,31.263800,  0,  0,0
82814,2007-02-20 21:13:53,121.442000,31.263800,  0,  0,0
82814,2007-02-20 21:14:54,121.442000,31.263800,  0,  0,0
82814,2007-02-20 21:15:55,121.442000,31.263800,  0,  0,0
82814,2007-02-20 21:16:36,121.442000,31.263800,  0,  0,1
82814,2007-02-20 21:17:36,121.442000,31.263800,  0,  0,1
82814,2007-02-20 21:18:37,121.442000,31.263800,  0,  0,1
82814,2007-02-20 21:19:38,121.442000,31.263800,  0,  0,1
82814,2007-02-20 21:20:39,121.442000,31.263800,  0,  0,1
82814,2007-02-20 21:21:40,121.442000,31.263800,  0,  0,1
82814,2007-02-20 21:22:55,121.442000,31.263800,  0,  0,0
82814,2007-02-20 21:23:56,121.442000,31.263800,  0,  0,0
82814,2007-02-20 21:24:57,121.442000,31.263800,  0,  0,0
82814,2007-02-20 21:25:58,121.442000,31.263800,  0,  0,0
82814,2007-02-20 21:28:00,121.442000,31.263800,  0,  0,0
82814,2007-02-20 21:28:51,121.442000,31.263800,  0,  0,1
82814,2007-02-20 21:30:52,121.442000,31.263800,  0,  0,1
82814,2007-02-20 21:31:53,121.442000,31.263800,  0,  0,1
82814,2007-02-20 21:33:55,121.442000,31.263800,  0,  0,1
82814,2007-02-20 21:34:10,121.442000,31.263800,  0,  0,0
82814,2007-02-20 21:35:10,121.442000,31.263800,  0,  0,0
82814,2007-02-20 21:36:11,121.442000,31.263800,  0,  0,0
82814,2007-02-20 21:37:12,121.442000,31.263800,  0,  0,0
82814,2007-02-20 21:38:13,121.442000,31.263800,  0,  0,0
82814,2007-02-20 21:39:14,121.442000,31.263800,  0,  0,0
82814,2007-02-20 21:40:15,121.442000,31.263800,  0,  0,0
82814,2007-02-20 21:41:16,121.442000,31.263800,  0,  0,0
82814,2007-02-20 21:42:17,121.442000,31.263800,  0,  0,0
82814,2007-02-20 21:43:18,121.442000,31.263800,  0,  0,0
82814,2007-02-20 21:43:41,121.442000,31.263800,  0,  0,1
82814,2007-02-20 21:44:41,121.442000,31.263800,  0,  0,1
82814,2007-02-20 21:45:42,121.442000,31.263800,  0,  0,1
82814,2007-02-20 21:46:43,121.442000,31.263800,  0,  0,1
82814,2007-02-20 21:47:44,121.442000,31.263800,  0,  0,1
82814,2007-02-20 21:48:45,121.442000,31.263800,  0,  0,1
82814,2007-02-20 21:49:46,121.442000,31.263800,  0,  0,1
82814,2007-02-20 21:50:47,121.442000,31.263800,  0,  0,1
82814,2007-02-20 21:51:48,121.442000,31.263800,  0,  0,1
82814,2007-02-20 21:52:49,121.442000,31.263800,  0,  0,1
82814,2007-02-20 21:53:50,121.442000,31.263800,  0,  0,1
82814,2007-02-20 21:54:51,121.442000,31.263800,  0,  0,1
82814,2007-02-20 21:55:52,121.442000,31.263800,  0,  0,1
82814,2007-02-20 21:57:54,121.442000,31.263800,  0,  0,1
82814,2007-02-20 21:58:55,121.442000,31.263800,  0,  0,1
82814,2007-02-20 21:59:55,121.442000,31.263800,  0,  0,1
82814,2007-02-20 22:00:56,121.442000,31.263800,  0,  0,1
82814,2007-02-20 22:01:57,121.442000,31.263800,  0,  0,1
82814,2007-02-20 22:02:58,121.442000,31.263800,  0,  0,1
82814,2007-02-20 22:03:54,121.442000,31.263800,  0,  0,0
82814,2007-02-20 22:04:55,121.442000,31.263800,  0,  0,0
82814,2007-02-20 22:05:52,121.442000,31.263800,  0,  0,1
82814,2007-02-20 22:07:54,121.442000,31.263800,  0,  0,1
82814,2007-02-20 22:08:55,121.442000,31.263800,  0,  0,1
82814,2007-02-20 22:09:33,121.442000,31.263800,  0,  0,0
82814,2007-02-20 22:10:28,121.442000,31.263800,  0,  0,1
82814,2007-02-20 22:11:29,121.442000,31.263800,  0,  0,1
82814,2007-02-20 22:12:30,121.442000,31.263800,  0,  0,1
82814,2007-02-20 22:14:32,121.442000,31.263800,  0,  0,1
82814,2007-02-20 22:15:23,121.442000,31.263800,  0,  0,0
82814,2007-02-20 22:16:23,121.442000,31.263800,  0,  0,0
82814,2007-02-20 22:17:24,121.442000,31.263800,  0,  0,0
82814,2007-02-20 22:18:25,121.442000,31.263800,  0,  0,0
82814,2007-02-20 22:19:26,121.442000,31.263800,  0,  0,0
82814,2007-02-20 22:20:27,121.442000,31.263800,  0,  0,0
82814,2007-02-20 22:21:28,121.442000,31.263800,  0,  0,0
82814,2007-02-20 22:22:16,121.381000,31.117800, 42, 22,0
82814,2007-02-20 22:22:33,121.382800,31.119300, 62, 22,0
82814,2007-02-20 22:22:48,121.384600,31.120800, 56, 22,0
82814,2007-02-20 22:23:05,121.386800,31.123000, 68, 22,0
82814,2007-02-20 22:23:20,121.388300,31.124500, 54, 22,0
82814,2007-02-20 22:23:36,121.390000,31.126000, 64, 22,0
82814,2007-02-20 22:23:53,121.392100,31.128300, 88, 22,0
82814,2007-02-20 22:24:09,121.394600,31.130600, 82, 22,0
82814,2007-02-20 22:24:25,121.397100,31.133000, 86, 22,0
82814,2007-02-20 22:24:56,121.401800,31.137600, 78, 22,0
82814,2007-02-20 22:25:13,121.404300,31.140000, 84, 22,0
82814,2007-02-20 22:25:29,121.406500,31.142100, 64, 22,0
82814,2007-02-20 22:25:45,121.408800,31.144100, 88, 22,0
82814,2007-02-20 22:26:01,121.411600,31.146800, 94, 22,0
82814,2007-02-20 22:26:16,121.414000,31.149000, 76, 22,0
82814,2007-02-20 22:27:04,121.420800,31.155600, 82, 22,0
82814,2007-02-20 22:27:21,121.422300,31.158300, 80, 22,0
82814,2007-02-20 22:27:36,121.425600,31.160100, 78, 22,0
82814,2007-02-20 22:27:53,121.427800,31.162100, 68, 22,0
82814,2007-02-20 22:28:08,121.430000,31.164300, 82, 22,0
82814,2007-02-20 22:28:25,121.429800,31.167300, 82,  0,0
82814,2007-02-20 22:28:56,121.430300,31.173100, 68,  0,0
82814,2007-02-20 22:29:13,121.430600,31.175500, 64,  0,0
82814,2007-02-20 22:29:29,121.431000,31.178100, 68,  0,0
82814,2007-02-20 22:29:44,121.431100,31.180500, 68,  0,0
82814,2007-02-20 22:30:01,121.431500,31.183000, 66,  0,0
82814,2007-02-20 22:30:16,121.431800,31.185100, 62,  0,0
82814,2007-02-20 22:30:33,121.432000,31.187500, 42,  0,0
82814,2007-02-20 22:30:49,121.432300,31.189000, 44,  0,0
82814,2007-02-20 22:31:04,121.432600,31.190600, 54,  0,0
82814,2007-02-20 22:31:20,121.433100,31.192600, 54,  0,0
82814,2007-02-20 22:31:36,121.433600,31.194600, 54,  0,0
82814,2007-02-20 22:31:53,121.434100,31.195500, 18, 22,0
82814,2007-02-20 22:32:26,121.435000,31.195600, 36, 22,0
82814,2007-02-20 22:32:41,121.436500,31.196500, 40, 22,0
82814,2007-02-20 22:32:58,121.437800,31.197100, 40, 45,0
82814,2007-02-20 22:33:14,121.439800,31.198500, 42, 22,0
82814,2007-02-20 22:34:15,121.440000,31.198600,  0, 22,0
82814,2007-02-20 22:34:40,121.441100,31.199100, 52, 22,0
82814,2007-02-20 22:34:56,121.443500,31.200300, 56, 45,0
82814,2007-02-20 22:35:16,121.444300,31.200500, 16, 22,0
82814,2007-02-20 22:35:34,121.445100,31.201100, 38, 22,0
82814,2007-02-20 22:35:50,121.446800,31.201800, 36, 45,0
82814,2007-02-20 22:36:06,121.448100,31.202000, 14, 45,0
82814,2007-02-20 22:36:51,121.449500,31.202500, 48, 45,0
82814,2007-02-20 22:37:06,121.451100,31.203100, 48, 22,0
82814,2007-02-20 22:37:23,121.453300,31.203600, 34, 45,0
82814,2007-02-20 22:38:23,121.454500,31.204000, 40, 45,0
82814,2007-02-20 22:38:39,121.457000,31.204600, 64, 45,0
82814,2007-02-20 22:38:54,121.459300,31.205100, 58, 45,0
82814,2007-02-20 22:39:26,121.463300,31.207000, 46, 45,0
82814,2007-02-20 22:39:43,121.465500,31.207500, 44, 45,0
82814,2007-02-20 22:39:58,121.467300,31.207600, 42, 45,0
82814,2007-02-20 22:40:15,121.469300,31.208000, 52, 45,0
82814,2007-02-20 22:41:05,121.467800,31.212600, 32,157,0
82814,2007-02-20 22:41:21,121.467300,31.214100, 42,  0,0
82814,2007-02-20 22:41:36,121.467100,31.215600, 44,  0,0
82814,2007-02-20 22:41:52,121.466600,31.217300, 44,  0,0
82814,2007-02-20 22:42:09,121.466300,31.219300, 46,  0,0
82814,2007-02-20 22:42:25,121.466500,31.221000, 46,  0,0
82814,2007-02-20 22:42:40,121.466500,31.222600, 46,  0,0
82814,2007-02-20 22:43:41,121.466500,31.222600,  0,  0,0
82814,2007-02-20 22:44:42,121.466500,31.222600,  0,  0,0
82814,2007-02-20 22:45:43,121.466500,31.222600,  0,  0,0
82814,2007-02-20 22:46:44,121.466500,31.222600,  0,  0,0
82814,2007-02-20 22:47:45,121.466500,31.222600,  0,  0,0
82814,2007-02-20 22:48:46,121.466500,31.222600,  0,  0,0
82814,2007-02-20 22:49:47,121.466500,31.222600,  0,  0,0
82814,2007-02-20 22:50:48,121.466500,31.222600,  0,  0,0
82814,2007-02-20 22:51:49,121.466500,31.222600,  0,  0,0
82814,2007-02-20 22:52:50,121.466500,31.222600,  0,  0,0
82814,2007-02-20 22:53:51,121.466500,31.222600,  0,  0,0
82814,2007-02-20 22:54:52,121.466500,31.222600,  0,  0,0
82814,2007-02-20 22:55:53,121.466500,31.222600,  0,  0,0
82814,2007-02-20 22:56:54,121.466500,31.222600,  0,  0,0
82814,2007-02-20 22:57:55,121.466500,31.222600,  0,  0,0
82814,2007-02-20 22:58:56,121.466500,31.222600,  0,  0,0
82814,2007-02-20 22:59:57,121.466500,31.222600,  0,  0,0
82814,2007-02-20 23:00:58,121.466500,31.222600,  0,  0,0
82814,2007-02-20 23:01:59,121.466500,31.222600,  0,  0,0
82814,2007-02-20 23:03:00,121.466500,31.222600,  0,  0,0
82814,2007-02-20 23:04:00,121.466500,31.222600,  0,  0,1
82814,2007-02-20 23:05:01,121.466500,31.222600,  0,  0,1
82814,2007-02-20 23:06:02,121.466500,31.222600,  0,  0,1
82814,2007-02-20 23:09:05,121.466500,31.222600,  0,  0,1
82814,2007-02-20 23:10:06,121.466500,31.222600,  0,  0,1
82814,2007-02-20 23:11:07,121.466500,31.222600,  0,  0,1
82814,2007-02-20 23:12:08,121.466500,31.222600,  0,  0,1
82814,2007-02-20 23:13:48,121.466500,31.222600,  0,  0,1
82814,2007-02-20 23:14:49,121.466500,31.222600,  0,  0,1
82814,2007-02-20 23:15:50,121.466500,31.222600,  0,  0,1
82814,2007-02-20 23:16:51,121.466500,31.222600,  0,  0,1
82814,2007-02-20 23:17:52,121.466500,31.222600,  0,  0,1
82814,2007-02-20 23:18:53,121.466500,31.222600,  0,  0,1
82814,2007-02-20 23:20:55,121.466500,31.222600,  0,  0,1
82814,2007-02-20 23:21:56,121.466500,31.222600,  0,  0,1
82814,2007-02-20 23:22:57,121.466500,31.222600,  0,  0,1
82814,2007-02-20 23:23:54,121.466500,31.222600,  0,  0,0
82814,2007-02-20 23:24:55,121.466500,31.222600,  0,  0,0
82814,2007-02-20 23:29:36,121.426100,31.298300, 22, 67,0
82814,2007-02-20 23:29:52,121.426800,31.296300, 52, 90,0
82814,2007-02-20 23:30:08,121.427100,31.294300, 52, 90,0
82814,2007-02-20 23:30:24,121.427500,31.292500, 52, 90,0
82814,2007-02-20 23:30:40,121.427800,31.290500, 52, 90,0
82814,2007-02-20 23:30:56,121.428100,31.288600, 52, 90,0
82814,2007-02-20 23:31:57,121.428100,31.288500,  0, 90,0
82814,2007-02-20 23:35:39,121.428100,31.288500,  0, 90,0
82814,2007-02-20 23:36:40,121.428100,31.288500,  0, 90,0
82814,2007-02-20 23:37:41,121.428100,31.288500,  0, 90,0
82814,2007-02-20 23:38:42,121.428100,31.288500,  0, 90,0
82814,2007-02-20 23:39:43,121.428100,31.288500,  0, 90,0
82814,2007-02-20 23:40:44,121.428100,31.288500,  0, 90,0
82814,2007-02-20 23:41:45,121.428100,31.288500,  0, 90,0
82814,2007-02-20 23:42:46,121.428100,31.288500,  0, 90,0
82814,2007-02-20 23:43:47,121.428100,31.288500,  0, 90,0
82814,2007-02-20 23:44:48,121.428100,31.288500,  0, 90,0
82814,2007-02-20 23:45:49,121.428100,31.288500,  0, 90,0
82814,2007-02-20 23:46:50,121.428100,31.288500,  0, 90,0
82814,2007-02-20 23:47:51,121.428100,31.288500,  0, 90,0
82814,2007-02-20 23:48:52,121.428100,31.288500,  0, 90,0
82814,2007-02-20 23:49:53,121.428100,31.288500,  0, 90,0
82814,2007-02-20 23:50:54,121.428100,31.288500,  0, 90,0
82814,2007-02-20 23:51:55,121.428100,31.288500,  0, 90,0
82814,2007-02-20 23:52:56,121.428100,31.288500,  0, 90,0
82814,2007-02-20 23:53:57,121.428100,31.288500,  0, 90,0
82814,2007-02-20 23:54:58,121.428100,31.288500,  0, 90,0
82814,2007-02-20 23:55:59,121.428100,31.288500,  0, 90,0
82814,2007-02-20 23:57:00,121.428100,31.288500,  0, 90,0
82814,2007-02-20 23:58:01,121.428100,31.288500,  0, 90,0
82814,2007-02-20 23:58:57,121.428100,31.288500,  0, 90,1
82814,2007-02-20 23:59:58,121.428100,31.288500,  0, 90,1
