84181,2007-02-20 00:03:08,121.515500,31.260800,  0,112,0
84181,2007-02-20 00:04:09,121.515500,31.260800,  0,112,0
84181,2007-02-20 00:05:10,121.515500,31.260800,  0,112,0
84181,2007-02-20 00:07:12,121.515500,31.260800,  0,112,0
84181,2007-02-20 00:08:13,121.515500,31.260800,  0,112,0
84181,2007-02-20 00:09:14,121.515500,31.260800,  0,112,0
84181,2007-02-20 00:10:15,121.515500,31.260800,  0,112,0
84181,2007-02-20 00:11:16,121.515500,31.260800,  0,112,0
84181,2007-02-20 00:12:17,121.515500,31.260800,  0,112,0
84181,2007-02-20 00:13:18,121.515500,31.260800,  0,112,0
84181,2007-02-20 00:14:19,121.515500,31.260800,  0,112,0
84181,2007-02-20 00:16:21,121.515500,31.260800,  0,112,0
84181,2007-02-20 00:17:22,121.515500,31.260800,  0,112,0
84181,2007-02-20 00:18:23,121.515500,31.260800,  0,112,0
84181,2007-02-20 00:19:24,121.515500,31.260800,  0,112,0
84181,2007-02-20 00:20:25,121.515500,31.260800,  0,112,0
84181,2007-02-20 00:21:26,121.515500,31.260800,  0,112,0
84181,2007-02-20 00:22:27,121.515500,31.260800,  0,112,0
84181,2007-02-20 00:23:28,121.515500,31.260800,  0,112,0
84181,2007-02-20 00:25:30,121.515500,31.260800,  0,112,0
84181,2007-02-20 00:26:31,121.515500,31.260800,  0,112,0
84181,2007-02-20 00:27:32,121.515500,31.260800,  0,112,0
84181,2007-02-20 00:28:33,121.515500,31.260800,  0,112,0
84181,2007-02-20 00:29:34,121.515500,31.260800,  0,112,0
84181,2007-02-20 00:30:35,121.515500,31.260800,  0,112,0
84181,2007-02-20 00:31:36,121.515500,31.260800,  0,112,0
84181,2007-02-20 00:32:37,121.515500,31.260800,  0,112,0
84181,2007-02-20 00:33:38,121.515500,31.260800,  0,112,0
84181,2007-02-20 00:34:39,121.515500,31.260800,  0,112,0
84181,2007-02-20 00:35:40,121.515500,31.260800,  0,112,0
84181,2007-02-20 00:36:41,121.515500,31.260800,  0,112,0
84181,2007-02-20 00:37:42,121.515500,31.260800,  0,112,0
84181,2007-02-20 00:38:43,121.515500,31.260800,  0,112,0
84181,2007-02-20 00:39:44,121.515500,31.260800,  0,112,0
84181,2007-02-20 00:40:45,121.515500,31.260800,  0,112,0
84181,2007-02-20 00:41:46,121.515500,31.260800,  0,112,0
84181,2007-02-20 00:42:47,121.515500,31.260800,  0,112,0
84181,2007-02-20 00:43:48,121.515500,31.260800,  0,112,0
84181,2007-02-20 00:44:49,121.515500,31.260800,  0,112,0
84181,2007-02-20 00:45:50,121.515500,31.260800,  0,112,0
84181,2007-02-20 00:46:51,121.515500,31.260800,  0,112,0
84181,2007-02-20 00:47:52,121.515500,31.260800,  0,112,0
84181,2007-02-20 00:48:53,121.515500,31.260800,  0,112,0
84181,2007-02-20 00:49:54,121.515300,31.260800,  0,112,0
84181,2007-02-20 00:51:56,121.515300,31.260800,  0,112,0
84181,2007-02-20 00:52:57,121.515300,31.260800,  0,112,0
84181,2007-02-20 00:53:58,121.515300,31.260800,  0,112,0
84181,2007-02-20 00:54:59,121.515300,31.260800,  0,112,0
84181,2007-02-20 00:56:00,121.515300,31.260800,  0,112,0
84181,2007-02-20 00:57:01,121.515300,31.260800,  0,112,0
84181,2007-02-20 00:59:03,121.515300,31.260800,  0,112,0
84181,2007-02-20 01:00:04,121.515300,31.260800,  0,112,0
84181,2007-02-20 01:01:05,121.515300,31.260800,  0,112,0
84181,2007-02-20 01:02:06,121.515300,31.260800,  0,112,0
84181,2007-02-20 01:03:07,121.515300,31.260800,  0,112,0
84181,2007-02-20 01:04:08,121.515300,31.260800,  0,112,0
84181,2007-02-20 01:05:09,121.515300,31.260800,  0,112,0
84181,2007-02-20 01:06:10,121.515300,31.260800,  0,112,0
84181,2007-02-20 01:07:11,121.515300,31.260800,  0,112,0
84181,2007-02-20 01:08:12,121.515300,31.260800,  0,112,0
84181,2007-02-20 01:09:13,121.515300,31.260800,  0,112,0
84181,2007-02-20 01:10:14,121.515300,31.260800,  0,112,0
84181,2007-02-20 01:11:15,121.515300,31.260800,  0,112,0
84181,2007-02-20 01:12:16,121.515300,31.260800,  0,112,0
84181,2007-02-20 01:13:17,121.515300,31.260800,  0,112,0
84181,2007-02-20 01:14:18,121.515300,31.260800,  0,112,0
84181,2007-02-20 01:15:19,121.515300,31.260800,  0,112,0
84181,2007-02-20 01:16:20,121.515300,31.260800,  0,112,0
84181,2007-02-20 01:17:21,121.515300,31.260800,  0,112,0
84181,2007-02-20 01:18:22,121.515300,31.260800,  0,112,0
84181,2007-02-20 01:19:23,121.515300,31.260800,  0,112,0
84181,2007-02-20 01:20:24,121.515300,31.260800,  0,112,0
84181,2007-02-20 01:21:25,121.515300,31.260800,  0,112,0
84181,2007-02-20 01:22:26,121.515300,31.260800,  0,112,0
84181,2007-02-20 01:23:27,121.515300,31.260800,  0,112,0
84181,2007-02-20 01:24:28,121.515300,31.260800,  0,112,0
84181,2007-02-20 01:25:29,121.515300,31.260800,  0,112,0
84181,2007-02-20 01:26:30,121.515300,31.260800,  0,112,0
84181,2007-02-20 01:27:31,121.515300,31.260800,  0,112,0
84181,2007-02-20 01:29:33,121.515300,31.260800,  0,112,0
84181,2007-02-20 01:30:34,121.515300,31.260800,  0,112,0
84181,2007-02-20 01:31:35,121.515300,31.260800,  0,112,0
84181,2007-02-20 01:32:36,121.515300,31.260800,  0,112,0
84181,2007-02-20 01:33:37,121.515300,31.260800,  0,112,0
84181,2007-02-20 01:34:38,121.515300,31.260800,  0,112,0
84181,2007-02-20 01:35:39,121.515300,31.260800,  0,112,0
84181,2007-02-20 01:37:41,121.515300,31.260800,  0,112,0
84181,2007-02-20 01:38:42,121.515300,31.260800,  0,112,0
84181,2007-02-20 01:39:43,121.515300,31.260800,  0,112,0
84181,2007-02-20 01:40:44,121.515300,31.260800,  0,112,0
84181,2007-02-20 01:41:45,121.515300,31.260800,  0,112,0
84181,2007-02-20 01:43:47,121.515300,31.260800,  0,112,0
84181,2007-02-20 01:44:48,121.515300,31.260800,  0,112,0
84181,2007-02-20 01:45:49,121.515300,31.260800,  0,112,0
84181,2007-02-20 01:46:50,121.515300,31.260800,  0,112,0
84181,2007-02-20 01:47:51,121.515300,31.260800,  0,112,0
84181,2007-02-20 01:48:52,121.515300,31.260800,  0,112,0
84181,2007-02-20 01:50:54,121.515300,31.260800,  0,112,0
84181,2007-02-20 01:51:55,121.515300,31.260800,  0,112,0
84181,2007-02-20 01:52:56,121.515300,31.260800,  0,112,0
84181,2007-02-20 01:54:58,121.515300,31.260800,  0,112,0
84181,2007-02-20 01:55:59,121.515300,31.260800,  0,112,0
84181,2007-02-20 01:57:00,121.515300,31.260800,  0,112,0
84181,2007-02-20 01:58:01,121.515300,31.260800,  0,112,0
84181,2007-02-20 01:59:02,121.515300,31.260800,  0,112,0
84181,2007-02-20 02:00:03,121.515300,31.260800,  0,112,0
84181,2007-02-20 02:02:05,121.515300,31.260800,  0,112,0
84181,2007-02-20 02:03:06,121.515300,31.260800,  0,112,0
84181,2007-02-20 02:04:07,121.515300,31.260800,  0,112,0
84181,2007-02-20 02:05:08,121.515300,31.260800,  0,112,0
84181,2007-02-20 02:06:09,121.515300,31.260800,  0,112,0
84181,2007-02-20 02:07:10,121.515300,31.260800,  0,112,0
84181,2007-02-20 02:08:11,121.515300,31.260800,  0,112,0
84181,2007-02-20 02:09:12,121.515300,31.260800,  0,112,0
84181,2007-02-20 02:10:13,121.515300,31.260800,  0,112,0
84181,2007-02-20 02:11:14,121.515300,31.260800,  0,112,0
84181,2007-02-20 02:12:15,121.515300,31.260800,  0,112,0
84181,2007-02-20 02:13:16,121.515300,31.260800,  0,112,0
84181,2007-02-20 02:14:17,121.515300,31.260800,  0,112,0
84181,2007-02-20 02:15:18,121.515300,31.260800,  0,112,0
84181,2007-02-20 02:16:19,121.515300,31.260800,  0,112,0
84181,2007-02-20 02:17:20,121.515300,31.260800,  0,112,0
84181,2007-02-20 02:18:21,121.515300,31.260800,  0,112,0
84181,2007-02-20 02:19:22,121.515300,31.260800,  0,112,0
84181,2007-02-20 02:20:23,121.515300,31.260800,  0,112,0
84181,2007-02-20 02:21:24,121.515300,31.260800,  0,112,0
84181,2007-02-20 02:22:25,121.515300,31.260800,  0,112,0
84181,2007-02-20 02:23:26,121.515300,31.260800,  0,112,0
84181,2007-02-20 02:24:27,121.515300,31.260800,  0,112,0
84181,2007-02-20 02:25:28,121.515300,31.260800,  0,112,0
84181,2007-02-20 02:26:29,121.515300,31.260800,  0,112,0
84181,2007-02-20 02:27:30,121.515300,31.260800,  0,112,0
84181,2007-02-20 02:28:31,121.515300,31.260800,  0,112,0
84181,2007-02-20 02:29:32,121.515300,31.260800,  0,112,0
84181,2007-02-20 02:30:33,121.515300,31.260800,  0,112,0
84181,2007-02-20 02:31:34,121.515300,31.260800,  0,112,0
84181,2007-02-20 02:32:35,121.515300,31.260800,  0,112,0
84181,2007-02-20 02:33:36,121.515300,31.260800,  0,112,0
84181,2007-02-20 02:34:37,121.515300,31.260800,  0,112,0
84181,2007-02-20 02:36:39,121.515300,31.260800,  0,112,0
84181,2007-02-20 02:38:41,121.515300,31.260800,  0,112,0
84181,2007-02-20 02:39:42,121.515300,31.260800,  0,112,0
84181,2007-02-20 02:40:43,121.515300,31.260800,  0,112,0
84181,2007-02-20 02:41:44,121.515300,31.260800,  0,112,0
84181,2007-02-20 02:42:45,121.515300,31.260800,  0,112,0
84181,2007-02-20 02:43:46,121.515300,31.260800,  0,112,0
84181,2007-02-20 02:44:47,121.515300,31.260800,  0,112,0
84181,2007-02-20 02:45:48,121.515300,31.260800,  0,112,0
84181,2007-02-20 02:46:49,121.515300,31.260800,  0,112,0
84181,2007-02-20 02:47:50,121.515300,31.260800,  0,112,0
84181,2007-02-20 02:48:51,121.515300,31.260800,  0,112,0
84181,2007-02-20 02:49:52,121.515300,31.260800,  0,112,0
84181,2007-02-20 02:50:53,121.515300,31.260800,  0,112,0
84181,2007-02-20 02:51:53,121.515300,31.260800,  0,112,0
84181,2007-02-20 02:52:54,121.515300,31.260800,  0,112,0
84181,2007-02-20 02:53:55,121.515300,31.260800,  0,112,0
84181,2007-02-20 02:55:57,121.515300,31.260800,  0,112,0
84181,2007-02-20 02:56:58,121.515300,31.260800,  0,112,0
84181,2007-02-20 02:57:59,121.515300,31.260800,  0,112,0
84181,2007-02-20 02:59:00,121.515300,31.260800,  0,112,0
84181,2007-02-20 03:01:02,121.515300,31.260800,  0,112,0
84181,2007-02-20 03:02:03,121.515300,31.260800,  0,112,0
84181,2007-02-20 03:03:04,121.515300,31.260800,  0,112,0
84181,2007-02-20 03:04:05,121.515300,31.260800,  0,112,0
84181,2007-02-20 03:05:06,121.515300,31.260800,  0,112,0
84181,2007-02-20 03:06:07,121.515300,31.260800,  0,112,0
84181,2007-02-20 03:07:08,121.515300,31.260800,  0,112,0
84181,2007-02-20 03:09:10,121.515300,31.260800,  0,112,0
84181,2007-02-20 03:10:11,121.515300,31.260800,  0,112,0
84181,2007-02-20 03:11:12,121.515300,31.260800,  0,112,0
84181,2007-02-20 03:12:13,121.515300,31.260800,  0,112,0
84181,2007-02-20 03:13:14,121.515300,31.260800,  0,112,0
84181,2007-02-20 03:14:15,121.515300,31.260800,  0,112,0
84181,2007-02-20 03:15:16,121.515300,31.260800,  0,112,0
84181,2007-02-20 03:17:18,121.515300,31.260800,  0,112,0
84181,2007-02-20 03:18:19,121.515300,31.260800,  0,112,0
84181,2007-02-20 03:19:20,121.515300,31.260800,  0,112,0
84181,2007-02-20 03:20:21,121.515300,31.260800,  0,112,0
84181,2007-02-20 03:21:22,121.515300,31.260800,  0,112,0
84181,2007-02-20 03:22:23,121.515300,31.260800,  0,112,0
84181,2007-02-20 03:23:24,121.515300,31.260800,  0,112,0
84181,2007-02-20 03:24:25,121.515300,31.260800,  0,112,0
84181,2007-02-20 03:25:26,121.515300,31.260800,  0,112,0
84181,2007-02-20 03:26:27,121.515300,31.260800,  0,112,0
84181,2007-02-20 03:27:28,121.515300,31.260800,  0,112,0
84181,2007-02-20 03:28:29,121.515300,31.260800,  0,112,0
84181,2007-02-20 03:29:30,121.515300,31.260800,  0,112,0
84181,2007-02-20 03:30:31,121.515300,31.260800,  0,112,0
84181,2007-02-20 03:31:32,121.515300,31.260800,  0,112,0
84181,2007-02-20 03:32:33,121.515300,31.260800,  0,112,0
84181,2007-02-20 03:33:34,121.515300,31.260800,  0,112,0
84181,2007-02-20 03:34:35,121.515300,31.260800,  0,112,0
84181,2007-02-20 03:35:36,121.515300,31.260800,  0,112,0
84181,2007-02-20 03:36:37,121.515300,31.260800,  0,112,0
84181,2007-02-20 03:38:39,121.515300,31.260800,  0,112,0
84181,2007-02-20 03:39:40,121.515300,31.260800,  0,112,0
84181,2007-02-20 03:40:41,121.515300,31.260800,  0,112,0
84181,2007-02-20 03:41:42,121.515300,31.260800,  0,112,0
84181,2007-02-20 03:42:43,121.515300,31.260800,  0,112,0
84181,2007-02-20 03:43:44,121.515300,31.260800,  0,112,0
84181,2007-02-20 03:44:45,121.515300,31.260800,  0,112,0
84181,2007-02-20 03:45:46,121.515300,31.260800,  0,112,0
84181,2007-02-20 03:46:47,121.515300,31.260800,  0,112,0
84181,2007-02-20 03:47:48,121.515300,31.260800,  0,112,0
84181,2007-02-20 03:48:49,121.515300,31.260800,  0,112,0
84181,2007-02-20 03:49:50,121.515300,31.260800,  0,112,0
84181,2007-02-20 03:50:51,121.515300,31.260800,  0,112,0
84181,2007-02-20 03:51:52,121.515300,31.260800,  0,112,0
84181,2007-02-20 03:52:53,121.515300,31.260800,  0,112,0
84181,2007-02-20 03:53:54,121.515300,31.260800,  0,112,0
84181,2007-02-20 03:54:55,121.515300,31.260800,  0,112,0
84181,2007-02-20 03:55:56,121.515300,31.260800,  0,112,0
84181,2007-02-20 03:58:34,121.515300,31.260800,  0,112,0
84181,2007-02-20 03:59:35,121.515300,31.260800,  0,112,0
84181,2007-02-20 04:00:36,121.515300,31.260800,  0,112,0
84181,2007-02-20 04:01:37,121.515300,31.260800,  0,112,0
84181,2007-02-20 04:02:38,121.515300,31.260800,  0,112,0
84181,2007-02-20 04:03:39,121.515300,31.260800,  0,112,0
84181,2007-02-20 04:04:40,121.515300,31.260800,  0,112,0
84181,2007-02-20 04:05:41,121.515300,31.260800,  0,112,0
84181,2007-02-20 04:06:42,121.515300,31.260800,  0,112,0
84181,2007-02-20 04:07:43,121.515300,31.260800,  0,112,0
84181,2007-02-20 04:08:44,121.515300,31.260800,  0,112,0
84181,2007-02-20 04:09:45,121.515300,31.260800,  0,112,0
84181,2007-02-20 04:10:46,121.515300,31.260800,  0,112,0
84181,2007-02-20 04:12:48,121.515300,31.260800,  0,112,0
84181,2007-02-20 04:13:49,121.515300,31.260800,  0,112,0
84181,2007-02-20 04:14:50,121.515300,31.260800,  0,112,0
84181,2007-02-20 04:15:51,121.515300,31.260800,  0,112,0
84181,2007-02-20 04:16:52,121.515300,31.260800,  0,112,0
84181,2007-02-20 04:17:53,121.515300,31.260800,  0,112,0
84181,2007-02-20 04:18:54,121.515300,31.260800,  0,112,0
84181,2007-02-20 04:19:55,121.515300,31.260800,  0,112,0
84181,2007-02-20 04:20:56,121.515300,31.260800,  0,112,0
84181,2007-02-20 04:21:57,121.515300,31.260800,  0,112,0
84181,2007-02-20 04:22:58,121.515300,31.260800,  0,112,0
84181,2007-02-20 04:23:59,121.515300,31.260800,  0,112,0
84181,2007-02-20 04:25:00,121.515300,31.260800,  0,112,0
84181,2007-02-20 04:26:01,121.515300,31.260800,  0,112,0
84181,2007-02-20 04:27:02,121.515300,31.260800,  0,112,0
84181,2007-02-20 04:28:03,121.515300,31.260800,  0,112,0
84181,2007-02-20 04:29:04,121.515300,31.260800,  0,112,0
84181,2007-02-20 04:30:05,121.515300,31.260800,  0,112,0
84181,2007-02-20 04:31:06,121.515300,31.260800,  0,112,0
84181,2007-02-20 04:32:07,121.515300,31.260800,  0,112,0
84181,2007-02-20 04:33:08,121.515300,31.260800,  0,112,0
84181,2007-02-20 04:34:09,121.515300,31.260800,  0,112,0
84181,2007-02-20 04:35:10,121.515300,31.260800,  0,112,0
84181,2007-02-20 04:37:12,121.515300,31.260800,  0,112,0
84181,2007-02-20 04:38:13,121.515300,31.260800,  0,112,0
84181,2007-02-20 04:39:14,121.515300,31.260800,  0,112,0
84181,2007-02-20 04:40:15,121.515300,31.260800,  0,112,0
84181,2007-02-20 04:42:17,121.515300,31.260800,  0,112,0
84181,2007-02-20 04:43:18,121.515300,31.260800,  0,112,0
84181,2007-02-20 04:44:19,121.515300,31.260800,  0,112,0
84181,2007-02-20 04:45:20,121.515300,31.260800,  0,112,0
84181,2007-02-20 04:46:21,121.515300,31.260800,  0,112,0
84181,2007-02-20 04:47:21,121.515300,31.260800,  0,112,0
84181,2007-02-20 04:48:23,121.515300,31.260800,  0,112,0
84181,2007-02-20 04:49:24,121.515300,31.260800,  0,112,0
84181,2007-02-20 04:50:25,121.515300,31.260800,  0,112,0
84181,2007-02-20 04:51:26,121.515300,31.260800,  0,112,0
84181,2007-02-20 04:52:26,121.515300,31.260800,  0,112,0
84181,2007-02-20 04:54:29,121.515300,31.260800,  0,112,0
84181,2007-02-20 04:55:30,121.515300,31.260800,  0,112,0
84181,2007-02-20 04:56:31,121.515300,31.260800,  0,112,0
84181,2007-02-20 04:57:31,121.515300,31.260800,  0,112,0
84181,2007-02-20 04:58:33,121.515300,31.260800,  0,112,0
84181,2007-02-20 04:59:34,121.515300,31.260800,  0,112,0
84181,2007-02-20 05:00:35,121.515300,31.260800,  0,112,0
84181,2007-02-20 05:01:36,121.515300,31.260800,  0,112,0
84181,2007-02-20 05:02:37,121.515300,31.260800,  0,112,0
84181,2007-02-20 05:03:38,121.515300,31.261000,  0,112,0
84181,2007-02-20 05:04:39,121.515300,31.261000,  0,112,0
84181,2007-02-20 05:05:40,121.515300,31.261000,  0,112,0
84181,2007-02-20 05:06:41,121.515300,31.261000,  0,112,0
84181,2007-02-20 05:07:41,121.515300,31.261000,  0,112,0
84181,2007-02-20 05:08:43,121.515300,31.261000,  0,112,0
84181,2007-02-20 05:09:44,121.515300,31.261000,  0,112,0
84181,2007-02-20 05:11:46,121.515300,31.261000,  0,112,0
84181,2007-02-20 05:12:46,121.515300,31.261000,  0,112,0
84181,2007-02-20 05:13:48,121.515300,31.261000,  0,112,0
84181,2007-02-20 05:14:49,121.515300,31.261000,  0,112,0
84181,2007-02-20 05:15:50,121.515300,31.261000,  0,112,0
84181,2007-02-20 05:16:51,121.515300,31.261000,  0,112,0
84181,2007-02-20 05:17:51,121.515300,31.261000,  0,112,0
84181,2007-02-20 05:19:54,121.515300,31.261000,  0,112,0
84181,2007-02-20 05:20:55,121.515300,31.261000,  0,112,0
84181,2007-02-20 05:21:56,121.515300,31.261000,  0,112,0
84181,2007-02-20 05:22:56,121.515300,31.261000,  0,112,0
84181,2007-02-20 05:23:58,121.515300,31.261000,  0,112,0
84181,2007-02-20 05:24:59,121.515300,31.261000,  0,112,0
84181,2007-02-20 05:26:00,121.515300,31.261000,  0,112,0
84181,2007-02-20 05:27:01,121.515300,31.261000,  0,112,0
84181,2007-02-20 05:28:01,121.515300,31.261000,  0,112,0
84181,2007-02-20 05:29:03,121.515300,31.261000,  0,112,0
84181,2007-02-20 05:30:04,121.515300,31.261000,  0,112,0
84181,2007-02-20 05:31:05,121.515300,31.261000,  0,112,0
84181,2007-02-20 05:33:06,121.515300,31.261000,  0,112,0
84181,2007-02-20 05:34:08,121.515300,31.261000,  0,112,0
84181,2007-02-20 05:35:09,121.515300,31.261000,  0,112,0
84181,2007-02-20 05:36:10,121.515300,31.261000,  0,112,0
84181,2007-02-20 05:37:11,121.515300,31.261000,  0,112,0
84181,2007-02-20 05:38:11,121.515300,31.261000,  0,112,0
84181,2007-02-20 05:39:13,121.515300,31.261000,  0,112,0
84181,2007-02-20 05:42:16,121.515300,31.261000,  0,112,0
84181,2007-02-20 05:43:16,121.515300,31.261000,  0,112,0
84181,2007-02-20 05:44:18,121.515300,31.261000,  0,112,0
84181,2007-02-20 05:45:19,121.515300,31.261000,  0,112,0
84181,2007-02-20 05:46:20,121.515300,31.261000,  0,112,0
84181,2007-02-20 05:47:21,121.515300,31.261000,  0,112,0
84181,2007-02-20 05:48:21,121.515300,31.261000,  0,112,0
84181,2007-02-20 05:49:23,121.515300,31.261000,  0,112,0
84181,2007-02-20 05:51:25,121.515300,31.261000,  0,112,0
84181,2007-02-20 05:53:26,121.515300,31.261000,  0,112,0
84181,2007-02-20 05:54:28,121.515300,31.261000,  0,112,0
84181,2007-02-20 05:55:29,121.515300,31.261000,  0,112,0
84181,2007-02-20 05:56:30,121.515300,31.261000,  0,112,0
84181,2007-02-20 05:57:31,121.515300,31.261000,  0,112,0
84181,2007-02-20 05:58:31,121.515600,31.261000,  0,112,0
84181,2007-02-20 06:00:34,121.515600,31.261000,  0,112,0
84181,2007-02-20 06:01:35,121.515600,31.261000,  0,112,0
84181,2007-02-20 06:02:36,121.515600,31.261000,  0,112,0
84181,2007-02-20 06:03:36,121.515600,31.261000,  0,112,0
84181,2007-02-20 06:05:39,121.515600,31.261000,  0,112,0
84181,2007-02-20 06:06:40,121.515600,31.261000,  0,112,0
84181,2007-02-20 06:07:41,121.515600,31.261000,  0,112,0
84181,2007-02-20 06:08:41,121.515600,31.261000,  0,112,0
84181,2007-02-20 06:09:42,121.515600,31.261000,  0,112,0
84181,2007-02-20 06:10:43,121.515600,31.261000,  0,112,0
84181,2007-02-20 06:11:44,121.515600,31.261000,  0,112,0
84181,2007-02-20 06:12:45,121.515600,31.261000,  0,112,0
84181,2007-02-20 06:13:46,121.515600,31.261000,  0,112,0
84181,2007-02-20 06:14:47,121.515600,31.261000,  0,112,0
84181,2007-02-20 06:15:48,121.515600,31.261000,  0,112,0
84181,2007-02-20 06:16:49,121.515600,31.261000,  0,112,0
84181,2007-02-20 06:17:50,121.515600,31.261000,  0,112,0
84181,2007-02-20 06:18:51,121.515600,31.261000,  0,112,0
84181,2007-02-20 06:19:52,121.515600,31.261000,  0,112,0
84181,2007-02-20 06:20:53,121.515600,31.261000,  0,112,0
84181,2007-02-20 06:21:54,121.515600,31.261000,  0, 90,0
84181,2007-02-20 06:22:55,121.515600,31.261000,  0, 90,0
84181,2007-02-20 06:23:56,121.515600,31.261000,  0, 90,0
84181,2007-02-20 06:24:57,121.515600,31.261000,  0, 90,0
84181,2007-02-20 06:25:58,121.515600,31.261000,  0, 90,0
84181,2007-02-20 06:26:59,121.515600,31.261000,  0, 90,0
84181,2007-02-20 06:28:00,121.515600,31.261000,  0, 90,0
84181,2007-02-20 06:29:01,121.515600,31.261000,  0, 90,0
84181,2007-02-20 06:30:02,121.515600,31.261000,  0, 90,0
84181,2007-02-20 06:31:03,121.515600,31.261000,  0, 90,0
84181,2007-02-20 06:32:04,121.515600,31.261000,  0, 90,0
84181,2007-02-20 06:33:05,121.515600,31.261000,  0, 90,0
84181,2007-02-20 06:34:06,121.515600,31.261000,  0, 90,0
84181,2007-02-20 06:35:07,121.515600,31.261000,  0, 90,0
84181,2007-02-20 06:37:09,121.515600,31.261000,  0, 90,0
84181,2007-02-20 06:38:10,121.515600,31.261000,  0, 90,0
84181,2007-02-20 06:39:11,121.515600,31.261000,  0, 90,0
84181,2007-02-20 06:40:12,121.515600,31.261000,  0, 90,0
84181,2007-02-20 06:41:13,121.515600,31.261000,  0, 90,0
84181,2007-02-20 06:43:15,121.515600,31.261000,  0, 90,0
84181,2007-02-20 06:44:16,121.515600,31.261000,  0, 90,0
84181,2007-02-20 06:45:17,121.515600,31.261000,  0, 90,0
84181,2007-02-20 06:46:18,121.515600,31.261000,  0, 90,0
84181,2007-02-20 06:47:19,121.515600,31.261000,  0, 90,0
84181,2007-02-20 06:48:20,121.515600,31.261000,  0, 90,0
84181,2007-02-20 06:49:21,121.515600,31.261000,  0, 90,0
84181,2007-02-20 06:50:22,121.515600,31.261000,  0, 90,0
84181,2007-02-20 06:51:23,121.515600,31.261000,  0, 90,0
84181,2007-02-20 06:52:24,121.515600,31.261000,  0, 90,0
84181,2007-02-20 06:53:25,121.515600,31.261000,  0, 90,0
84181,2007-02-20 06:54:26,121.515600,31.261000,  0, 90,0
84181,2007-02-20 06:55:27,121.515600,31.261000,  0, 90,0
84181,2007-02-20 06:56:28,121.515600,31.261000,  0, 90,0
84181,2007-02-20 06:57:29,121.515600,31.261000,  0, 90,0
84181,2007-02-20 06:58:30,121.515600,31.261000,  0, 90,0
84181,2007-02-20 06:59:31,121.515600,31.261000,  0, 90,0
84181,2007-02-20 07:00:32,121.515600,31.261000,  0, 90,0
84181,2007-02-20 07:01:33,121.515600,31.261000,  0, 90,0
84181,2007-02-20 07:02:34,121.515600,31.261000,  0, 90,0
84181,2007-02-20 07:03:35,121.515600,31.261000,  0, 90,0
84181,2007-02-20 07:04:36,121.515600,31.261000,  0, 90,0
84181,2007-02-20 07:05:37,121.515600,31.261000,  0, 90,0
84181,2007-02-20 07:06:38,121.515600,31.261000,  0, 90,0
84181,2007-02-20 07:07:39,121.515600,31.261000,  0, 90,0
84181,2007-02-20 07:08:40,121.515600,31.261000,  0, 90,0
84181,2007-02-20 07:09:41,121.515600,31.261000,  0, 90,0
84181,2007-02-20 07:11:43,121.515600,31.261000,  0, 90,0
84181,2007-02-20 07:13:45,121.515600,31.261000,  0, 90,0
84181,2007-02-20 07:14:46,121.515600,31.261000,  0, 90,0
84181,2007-02-20 07:15:47,121.515600,31.261000,  0, 90,0
84181,2007-02-20 07:16:48,121.515600,31.261000,  0, 90,0
84181,2007-02-20 07:17:49,121.515600,31.261000,  0, 90,0
84181,2007-02-20 07:18:50,121.515600,31.261000,  0, 90,0
84181,2007-02-20 07:19:51,121.515600,31.261000,  0, 90,0
84181,2007-02-20 07:20:52,121.515600,31.261000,  0, 90,0
84181,2007-02-20 07:21:53,121.515600,31.261000,  0, 90,0
84181,2007-02-20 07:22:54,121.515600,31.261000,  0, 90,0
84181,2007-02-20 07:23:55,121.515600,31.261000,  0, 90,0
84181,2007-02-20 07:24:56,121.515600,31.261000,  0, 90,0
84181,2007-02-20 07:25:57,121.515600,31.261000,  0, 90,0
84181,2007-02-20 07:26:58,121.515600,31.261000,  0, 90,0
84181,2007-02-20 07:27:59,121.515600,31.261000,  0, 90,0
84181,2007-02-20 07:29:00,121.515600,31.261000,  0, 90,0
84181,2007-02-20 07:30:01,121.515600,31.261000,  0, 90,0
84181,2007-02-20 07:31:02,121.515600,31.261000,  0, 90,0
84181,2007-02-20 07:32:03,121.515600,31.261000,  0, 90,0
84181,2007-02-20 07:33:04,121.515600,31.261000,  0, 90,0
84181,2007-02-20 07:34:05,121.515600,31.261000,  0, 90,0
84181,2007-02-20 07:35:06,121.515600,31.261000,  0, 90,0
84181,2007-02-20 07:36:07,121.515600,31.261000,  0, 90,0
84181,2007-02-20 07:37:08,121.515600,31.261000,  0, 90,0
84181,2007-02-20 07:38:09,121.515600,31.261000,  0, 90,0
84181,2007-02-20 07:39:10,121.515600,31.261000,  0, 90,0
84181,2007-02-20 07:40:11,121.515600,31.261000,  0, 90,0
84181,2007-02-20 07:41:12,121.515600,31.261000,  0, 90,0
84181,2007-02-20 07:42:13,121.515600,31.261000,  0, 90,0
84181,2007-02-20 07:43:14,121.515600,31.261000,  0, 90,0
84181,2007-02-20 07:44:15,121.515600,31.261000,  0, 90,0
84181,2007-02-20 07:45:16,121.515600,31.261000,  0, 90,0
84181,2007-02-20 07:46:17,121.515600,31.261000,  0, 90,0
84181,2007-02-20 07:47:18,121.515600,31.261000,  0, 90,0
84181,2007-02-20 07:48:19,121.515600,31.260800,  0, 90,0
84181,2007-02-20 07:49:20,121.515600,31.260800,  0, 90,0
84181,2007-02-20 07:51:22,121.515500,31.260800,  0, 90,0
84181,2007-02-20 07:52:23,121.515500,31.260800,  0, 90,0
84181,2007-02-20 07:53:24,121.515500,31.260800,  0, 90,0
84181,2007-02-20 07:54:25,121.515500,31.260800,  0, 90,0
84181,2007-02-20 07:55:26,121.515500,31.260800,  0, 90,0
84181,2007-02-20 07:56:27,121.515500,31.260800,  0, 90,0
84181,2007-02-20 07:57:28,121.515500,31.260800,  0, 90,0
84181,2007-02-20 07:59:30,121.515500,31.260800,  0, 90,0
84181,2007-02-20 08:00:31,121.515500,31.260800,  0, 90,0
84181,2007-02-20 08:01:32,121.515500,31.260800,  0, 90,0
84181,2007-02-20 08:03:34,121.515500,31.260800,  0, 90,0
84181,2007-02-20 08:04:35,121.515500,31.260800,  0, 90,0
84181,2007-02-20 08:05:36,121.515500,31.260800,  0, 90,0
84181,2007-02-20 08:06:37,121.515500,31.260800,  0, 90,0
84181,2007-02-20 08:07:38,121.515500,31.260800,  0, 90,0
84181,2007-02-20 08:08:39,121.515500,31.260800,  0, 90,0
84181,2007-02-20 08:09:40,121.515500,31.260800,  0, 90,0
84181,2007-02-20 08:10:41,121.515500,31.260800,  0, 90,0
84181,2007-02-20 08:11:42,121.515500,31.260800,  0, 90,0
84181,2007-02-20 08:13:44,121.515500,31.260800,  0, 90,0
84181,2007-02-20 08:14:44,121.515500,31.260800,  0, 90,0
84181,2007-02-20 08:15:45,121.515500,31.260800,  0, 90,0
84181,2007-02-20 08:16:46,121.515500,31.260800,  0, 90,0
84181,2007-02-20 08:17:47,121.515500,31.260800,  0, 90,0
84181,2007-02-20 08:18:48,121.515500,31.260800,  0, 90,0
84181,2007-02-20 08:19:49,121.515500,31.260800,  0, 90,0
84181,2007-02-20 08:20:50,121.515500,31.260800,  0, 90,0
84181,2007-02-20 08:21:51,121.515500,31.260800,  0, 90,0
84181,2007-02-20 08:22:52,121.515500,31.260800,  0, 90,0
84181,2007-02-20 08:23:53,121.515500,31.260800,  0, 90,0
84181,2007-02-20 08:24:54,121.515500,31.260800,  0, 90,0
84181,2007-02-20 08:25:55,121.515500,31.260800,  0, 90,0
84181,2007-02-20 08:26:56,121.515500,31.260800,  0, 90,0
84181,2007-02-20 08:27:57,121.515500,31.260800,  0, 90,0
84181,2007-02-20 08:28:58,121.515500,31.260800,  0, 90,0
84181,2007-02-20 08:29:59,121.515500,31.260800,  0, 90,0
84181,2007-02-20 08:31:00,121.515600,31.260800,  0, 90,0
84181,2007-02-20 08:32:01,121.515600,31.260800,  0, 90,0
84181,2007-02-20 08:33:02,121.515600,31.260800,  0, 90,0
84181,2007-02-20 08:34:03,121.515600,31.260800,  0, 90,0
84181,2007-02-20 08:35:04,121.515600,31.260800,  0, 90,0
84181,2007-02-20 08:37:06,121.515600,31.260800,  0, 90,0
84181,2007-02-20 08:38:07,121.515600,31.260800,  0, 90,0
84181,2007-02-20 08:40:09,121.515600,31.260800,  0, 90,0
84181,2007-02-20 08:41:10,121.515600,31.260800,  0, 90,0
84181,2007-02-20 08:42:11,121.515600,31.260800,  0, 90,0
84181,2007-02-20 08:43:12,121.515600,31.260800,  0, 90,0
84181,2007-02-20 08:44:13,121.515600,31.260800,  0, 90,0
84181,2007-02-20 08:45:14,121.515600,31.260800,  0, 90,0
84181,2007-02-20 08:46:15,121.515600,31.260800,  0, 90,0
84181,2007-02-20 08:47:16,121.515600,31.261000,  0, 90,0
84181,2007-02-20 08:48:17,121.515600,31.261000,  0, 90,0
84181,2007-02-20 08:49:18,121.515600,31.260800,  0, 90,0
84181,2007-02-20 08:50:19,121.515600,31.260800,  0, 90,0
84181,2007-02-20 08:52:21,121.515600,31.261000,  0, 90,0
84181,2007-02-20 08:54:23,121.515600,31.261000,  0, 90,0
84181,2007-02-20 08:55:24,121.515600,31.261000,  0, 90,0
84181,2007-02-20 08:56:25,121.515600,31.261000,  0, 90,0
84181,2007-02-20 08:57:26,121.515600,31.261000,  0, 90,0
84181,2007-02-20 08:58:27,121.515600,31.261000,  0, 90,0
84181,2007-02-20 08:59:28,121.515600,31.261000,  0, 90,0
84181,2007-02-20 09:00:29,121.515600,31.261000,  0, 90,0
84181,2007-02-20 09:01:30,121.515600,31.261000,  0, 90,0
84181,2007-02-20 09:02:31,121.515600,31.261000,  0, 90,0
84181,2007-02-20 09:03:32,121.515600,31.261000,  0, 90,0
84181,2007-02-20 09:05:34,121.515600,31.261000,  0, 90,0
84181,2007-02-20 09:06:35,121.515600,31.261000,  0, 90,0
84181,2007-02-20 09:07:36,121.515600,31.261000,  0, 90,0
84181,2007-02-20 09:09:38,121.515600,31.261000,  0, 90,0
84181,2007-02-20 09:10:39,121.515600,31.261000,  0, 90,0
84181,2007-02-20 09:12:41,121.515600,31.261000,  0, 90,0
84181,2007-02-20 09:13:42,121.515600,31.261000,  0, 90,0
84181,2007-02-20 09:16:45,121.515600,31.261000,  0, 90,0
84181,2007-02-20 09:17:46,121.515600,31.261000,  0, 90,0
84181,2007-02-20 09:18:47,121.515600,31.261000,  0, 90,0
84181,2007-02-20 09:19:48,121.515600,31.261000,  0, 90,0
84181,2007-02-20 09:20:43,121.514800,31.261800, 14,157,0
84181,2007-02-20 09:21:26,121.514100,31.262600, 38,157,0
84181,2007-02-20 09:21:42,121.513100,31.263600, 22,135,0
84181,2007-02-20 09:21:58,121.512100,31.263000, 12,112,0
84181,2007-02-20 09:22:14,121.511100,31.262300, 48,112,0
84181,2007-02-20 09:22:30,121.510300,31.261500,  0,112,0
84181,2007-02-20 09:22:55,121.509500,31.260800, 28,112,0
84181,2007-02-20 09:23:34,121.508600,31.260100, 30,135,0
84181,2007-02-20 09:23:50,121.507100,31.261600, 66,157,0
84181,2007-02-20 09:25:07,121.505300,31.263500, 28,157,0
84181,2007-02-20 09:25:25,121.504500,31.264100, 14,157,0
84181,2007-02-20 09:25:41,121.503600,31.265000, 48,157,0
84181,2007-02-20 09:25:57,121.502500,31.267100, 72,157,0
84181,2007-02-20 09:26:13,121.502000,31.269800, 58,  0,0
84181,2007-02-20 09:26:45,121.501300,31.273100, 44,157,0
84181,2007-02-20 09:27:01,121.500000,31.274300, 44,157,0
84181,2007-02-20 09:27:17,121.498500,31.275500, 42,157,0
84181,2007-02-20 09:27:33,121.497000,31.276600, 48,157,0
84181,2007-02-20 09:27:49,121.496100,31.277500, 32,157,0
84181,2007-02-20 09:28:42,121.495100,31.278000, 24,157,0
84181,2007-02-20 09:28:58,121.493600,31.278300, 40,135,0
84181,2007-02-20 09:29:14,121.491800,31.278300, 46,135,0
84181,2007-02-20 09:29:30,121.489600,31.278300, 44,135,0
84181,2007-02-20 09:30:47,121.487300,31.278500, 10,135,0
84181,2007-02-20 09:31:03,121.486100,31.278500, 26,135,0
84181,2007-02-20 09:31:25,121.485000,31.278500, 26,135,0
84181,2007-02-20 09:31:41,121.482800,31.278500, 56,135,0
84181,2007-02-20 09:31:57,121.481300,31.278100,  6,112,0
84181,2007-02-20 09:32:56,121.480300,31.277600, 44,112,0
84181,2007-02-20 09:33:12,121.478600,31.277000, 54,135,0
84181,2007-02-20 09:33:28,121.476300,31.277000, 56,135,0
84181,2007-02-20 09:33:44,121.474300,31.277500, 26,135,0
84181,2007-02-20 09:34:45,121.474100,31.277500,  0,157,0
84181,2007-02-20 09:35:31,121.473300,31.277100, 46, 90,0
84181,2007-02-20 09:35:47,121.472600,31.274800, 70, 90,0
84181,2007-02-20 09:36:03,121.472100,31.272800, 22, 90,0
84181,2007-02-20 09:36:31,121.471100,31.272300, 40,112,0
84181,2007-02-20 09:36:47,121.470100,31.271100, 46,112,0
84181,2007-02-20 09:37:03,121.468800,31.270000, 50,112,0
84181,2007-02-20 09:37:19,121.466800,31.268300, 68,112,0
84181,2007-02-20 09:37:35,121.466100,31.267500, 44,112,0
84181,2007-02-20 09:37:51,121.465000,31.266500, 38,112,0
84181,2007-02-20 09:38:07,121.464000,31.265300, 38,112,0
84181,2007-02-20 09:38:23,121.463800,31.265000, 52,112,0
84181,2007-02-20 09:38:39,121.462800,31.265100, 36,112,0
84181,2007-02-20 09:38:55,121.461600,31.264600, 18,112,0
84181,2007-02-20 09:39:56,121.461600,31.265000,  0,112,0
84181,2007-02-20 09:40:57,121.461300,31.265000, 20,135,0
84181,2007-02-20 09:41:29,121.457000,31.264600, 34,135,0
84181,2007-02-20 09:42:54,121.452500,31.261300, 44,112,0
84181,2007-02-20 09:43:10,121.450600,31.260800, 44,112,0
84181,2007-02-20 09:43:26,121.448800,31.260100, 44,112,0
84181,2007-02-20 09:43:42,121.447000,31.259500, 44,112,0
84181,2007-02-20 09:43:58,121.445100,31.258800,  0,112,0
84181,2007-02-20 09:44:59,121.449600,31.260300, 16,112,0
84181,2007-02-20 09:46:00,121.449500,31.260100,  0, 22,0
84181,2007-02-20 09:47:01,121.449500,31.260100,  0, 22,0
84181,2007-02-20 09:48:02,121.449500,31.260100,  0, 22,0
84181,2007-02-20 09:49:03,121.449500,31.260100,  0, 22,0
84181,2007-02-20 09:50:04,121.449500,31.260100,  0, 22,0
84181,2007-02-20 09:51:05,121.449500,31.260100,  0, 22,0
84181,2007-02-20 09:52:06,121.449500,31.260100,  0, 22,0
84181,2007-02-20 09:53:07,121.449500,31.260100,  0, 22,0
84181,2007-02-20 09:55:09,121.449500,31.260100,  0, 22,0
84181,2007-02-20 09:56:10,121.449500,31.260100,  0, 22,0
84181,2007-02-20 09:57:11,121.449500,31.260100,  0, 22,0
84181,2007-02-20 09:58:12,121.449500,31.260100,  0, 22,0
84181,2007-02-20 09:59:13,121.449500,31.260100,  0, 22,0
84181,2007-02-20 10:00:14,121.449500,31.260100,  0, 22,0
84181,2007-02-20 10:01:15,121.449500,31.260100,  0, 22,0
84181,2007-02-20 10:02:16,121.449500,31.260100,  0, 22,0
84181,2007-02-20 10:03:17,121.449500,31.260100,  0, 22,0
84181,2007-02-20 10:04:18,121.449500,31.260100,  0, 22,0
84181,2007-02-20 10:05:19,121.449500,31.260100,  0, 22,0
84181,2007-02-20 10:06:20,121.449500,31.260100,  0, 22,0
84181,2007-02-20 10:07:21,121.449600,31.260100,  0, 22,0
84181,2007-02-20 10:08:22,121.449600,31.260300,  0, 22,0
84181,2007-02-20 10:09:23,121.449600,31.260300,  0, 22,0
84181,2007-02-20 10:10:24,121.449600,31.260300,  0, 22,0
84181,2007-02-20 10:11:25,121.449600,31.260300,  0, 22,0
84181,2007-02-20 10:12:26,121.449600,31.260300,  0, 22,0
84181,2007-02-20 10:13:27,121.449600,31.260300,  0, 22,0
84181,2007-02-20 10:14:28,121.449600,31.260300,  0, 22,0
84181,2007-02-20 10:15:29,121.449600,31.260300,  0, 22,0
84181,2007-02-20 10:16:30,121.449800,31.260300,  4, 22,0
84181,2007-02-20 10:17:21,121.450300,31.261000, 20,  0,0
84181,2007-02-20 10:17:37,121.451500,31.261600, 46, 45,0
84181,2007-02-20 10:17:52,121.454000,31.261600, 50, 45,0
84181,2007-02-20 10:18:08,121.456100,31.262000, 50, 45,1
84181,2007-02-20 10:19:09,121.459600,31.259500, 52, 67,1
84181,2007-02-20 10:20:10,121.463600,31.255600,  0, 67,1
84181,2007-02-20 10:21:11,121.463600,31.255600,  0, 67,1
84181,2007-02-20 10:22:12,121.458500,31.242600, 58, 90,1
84181,2007-02-20 10:23:13,121.462100,31.233600, 58, 90,1
84181,2007-02-20 10:24:14,121.464100,31.226500, 60, 67,1
84181,2007-02-20 10:25:15,121.466100,31.218000, 62, 90,1
84181,2007-02-20 10:26:16,121.469000,31.208800, 76, 90,1
84181,2007-02-20 10:27:17,121.472100,31.200000, 48, 90,1
84181,2007-02-20 10:28:18,121.479100,31.201100, 56, 22,1
84181,2007-02-20 10:29:19,121.481000,31.201600,  0, 67,1
84181,2007-02-20 10:30:15,121.480600,31.204800, 16,  0,0
84181,2007-02-20 10:30:31,121.480500,31.204800,  0,157,0
84181,2007-02-20 10:31:02,121.480100,31.205600, 38,  0,0
84181,2007-02-20 10:31:18,121.479600,31.207000, 42,  0,0
84181,2007-02-20 10:31:34,121.480100,31.208100, 24, 22,0
84181,2007-02-20 10:31:50,121.479800,31.209300, 30,  0,0
84181,2007-02-20 10:32:06,121.479100,31.210300, 36,157,0
84181,2007-02-20 10:33:16,121.478300,31.213100, 52, 45,0
84181,2007-02-20 10:33:32,121.480600,31.213500, 42, 45,0
84181,2007-02-20 10:34:33,121.481600,31.213600, 10, 45,0
84181,2007-02-20 10:34:52,121.482800,31.213800, 44, 45,0
84181,2007-02-20 10:35:08,121.485000,31.214000, 26, 45,0
84181,2007-02-20 10:36:09,121.485000,31.214100,  0, 45,0
84181,2007-02-20 10:36:42,121.486100,31.214100, 36, 45,0
84181,2007-02-20 10:36:58,121.487500,31.214300,  0, 45,0
84181,2007-02-20 10:37:10,121.487500,31.214300, 12, 45,1
84181,2007-02-20 10:38:11,121.488300,31.214500,  0, 45,1
84181,2007-02-20 10:39:12,121.492500,31.214800, 32, 67,1
84181,2007-02-20 10:40:13,121.494800,31.213600,  0, 67,1
84181,2007-02-20 10:41:13,121.496300,31.212000, 24, 67,1
84181,2007-02-20 10:43:16,121.501000,31.214100, 34, 22,1
84181,2007-02-20 10:44:17,121.500600,31.221100, 72,  0,1
84181,2007-02-20 10:45:18,121.498500,31.224600, 50,157,1
84181,2007-02-20 10:46:19,121.491500,31.231300, 58,157,1
84181,2007-02-20 10:48:21,121.485500,31.244100, 54,157,1
84181,2007-02-20 10:49:22,121.485100,31.249500,  0,  0,1
84181,2007-02-20 10:50:23,121.484100,31.253500,  0,  0,1
84181,2007-02-20 10:53:26,121.484500,31.262000,  0,  0,1
84181,2007-02-20 10:54:27,121.484800,31.262800, 22,  0,1
84181,2007-02-20 10:55:28,121.486600,31.267000, 18,  0,1
84181,2007-02-20 10:56:29,121.489500,31.270100, 40, 22,1
84181,2007-02-20 10:57:30,121.488100,31.273100, 20,  0,1
84181,2007-02-20 10:58:19,121.488600,31.274300,  0, 22,0
84181,2007-02-20 10:58:34,121.488600,31.274300,  0, 22,0
84181,2007-02-20 10:59:00,121.489100,31.275500, 44,  0,0
84181,2007-02-20 10:59:18,121.489000,31.276300, 16,135,0
84181,2007-02-20 11:00:00,121.488800,31.276300,  4,135,1
84181,2007-02-20 11:02:02,121.487100,31.268100, 58,112,1
84181,2007-02-20 11:03:03,121.484800,31.262800, 34,112,1
84181,2007-02-20 11:04:04,121.482100,31.256100,  0, 90,1
84181,2007-02-20 11:05:05,121.481000,31.254100, 36,135,1
84181,2007-02-20 11:06:06,121.480300,31.253600,  0, 90,1
84181,2007-02-20 11:07:07,121.479600,31.253500, 32,112,1
84181,2007-02-20 11:09:09,121.474600,31.252100,  0,157,1
84181,2007-02-20 11:10:10,121.466500,31.249000, 46,112,1
84181,2007-02-20 11:11:11,121.465600,31.248300, 42,112,1
84181,2007-02-20 11:12:12,121.459600,31.246600, 64,135,1
84181,2007-02-20 11:13:13,121.453100,31.248000, 24,135,1
84181,2007-02-20 11:14:14,121.452600,31.249000,  0,  0,1
84181,2007-02-20 11:15:15,121.451000,31.249800, 10,157,1
84181,2007-02-20 11:15:44,121.450100,31.250100,  0,157,0
84181,2007-02-20 11:16:44,121.450100,31.250100,  0,157,0
84181,2007-02-20 11:17:41,121.451500,31.249300, 28, 22,0
84181,2007-02-20 11:18:28,121.452600,31.248800,  0, 90,1
84181,2007-02-20 11:19:29,121.452600,31.248100,  0, 90,1
84181,2007-02-20 11:20:30,121.450500,31.247800, 44,135,1
84181,2007-02-20 11:21:30,121.448100,31.249000,  0,  0,1
84181,2007-02-20 11:22:32,121.447300,31.256800, 20,  0,1
84181,2007-02-20 11:24:34,121.445300,31.259600,  0,157,1
84181,2007-02-20 11:25:35,121.445300,31.259600,  0,157,1
84181,2007-02-20 11:26:27,121.444800,31.260600, 10,157,0
84181,2007-02-20 11:26:43,121.444800,31.260600,  0,157,0
84181,2007-02-20 11:28:23,121.446000,31.262800, 24, 67,0
84181,2007-02-20 11:28:39,121.447000,31.261600, 20, 22,0
84181,2007-02-20 11:29:01,121.448000,31.262300, 18, 22,0
84181,2007-02-20 11:29:17,121.449300,31.262600, 16, 45,0
84181,2007-02-20 11:30:00,121.449800,31.261800, 12, 90,0
84181,2007-02-20 11:30:16,121.450300,31.260800, 26, 67,0
84181,2007-02-20 11:30:31,121.451800,31.261100, 38, 45,0
84181,2007-02-20 11:30:48,121.453300,31.261300, 24, 45,0
84181,2007-02-20 11:31:46,121.454000,31.261800,  0,  0,1
84181,2007-02-20 11:33:48,121.456300,31.262300,  4,  0,1
84181,2007-02-20 11:34:48,121.454300,31.268300, 66,  0,1
84181,2007-02-20 11:35:50,121.451100,31.273100,  0,157,1
84181,2007-02-20 11:36:51,121.451100,31.273300, 22,157,1
84181,2007-02-20 11:37:52,121.447600,31.280800,  0,  0,1
84181,2007-02-20 11:38:53,121.447600,31.280800,  0,  0,1
84181,2007-02-20 11:39:54,121.447100,31.286300, 62,  0,1
84181,2007-02-20 11:40:55,121.445000,31.297600, 94,  0,1
84181,2007-02-20 11:42:57,121.444100,31.312100,  0,  0,1
84181,2007-02-20 11:43:57,121.443800,31.312100,  0,  0,1
84181,2007-02-20 11:44:59,121.442500,31.312500, 28,135,1
84181,2007-02-20 11:45:59,121.436500,31.312300, 40,135,1
84181,2007-02-20 11:49:40,121.429600,31.328500, 30,  0,1
84181,2007-02-20 11:50:41,121.427300,31.329000,  0,135,1
84181,2007-02-20 11:50:45,121.427300,31.329000,  0,135,0
84181,2007-02-20 11:51:45,121.427100,31.328800,  2, 22,0
84181,2007-02-20 11:52:02,121.428300,31.329000, 28, 45,0
84181,2007-02-20 11:52:53,121.429100,31.328500,  4, 45,0
84181,2007-02-20 11:52:57,121.429300,31.328500, 16, 45,1
84181,2007-02-20 11:53:58,121.435000,31.331800, 64, 22,1
84181,2007-02-20 11:54:58,121.434500,31.338600, 54,  0,1
84181,2007-02-20 11:55:59,121.430300,31.349100, 72,  0,1
84181,2007-02-20 11:57:00,121.433600,31.358100, 74, 22,1
84181,2007-02-20 11:58:01,121.447800,31.363100, 80, 45,1
84181,2007-02-20 11:59:02,121.461500,31.367100, 70, 45,1
84181,2007-02-20 12:00:42,121.484000,31.373100, 44, 22,1
84181,2007-02-20 12:01:43,121.487500,31.377500, 60,  0,1
84181,2007-02-20 12:02:44,121.483600,31.384000,  0,157,1
84181,2007-02-20 12:03:45,121.483600,31.384000,  0,157,1
84181,2007-02-20 12:04:46,121.483500,31.384500, 40,157,1
84181,2007-02-20 12:05:47,121.485100,31.390500, 56, 22,1
84181,2007-02-20 12:06:48,121.487000,31.391500, 16,  0,1
84181,2007-02-20 12:07:49,121.483000,31.396800, 20,157,1
84181,2007-02-20 12:08:50,121.484300,31.401300, 30, 45,1
84181,2007-02-20 12:09:26,121.484500,31.401300,  0, 22,0
84181,2007-02-20 12:10:17,121.485500,31.401600, 50, 45,0
84181,2007-02-20 12:10:33,121.488000,31.402300, 58, 45,0
84181,2007-02-20 12:10:49,121.490500,31.403000, 64, 45,0
84181,2007-02-20 12:11:05,121.493300,31.403800, 60, 45,0
84181,2007-02-20 12:11:21,121.494500,31.404100, 12, 45,0
84181,2007-02-20 12:11:37,121.496500,31.404500, 62, 45,0
84181,2007-02-20 12:11:53,121.498600,31.405000, 32, 45,0
84181,2007-02-20 12:12:09,121.498300,31.405600, 32,157,0
84181,2007-02-20 12:12:51,121.497600,31.406100, 22, 67,0
84181,2007-02-20 12:13:07,121.498600,31.405300, 28, 67,0
84181,2007-02-20 12:13:24,121.497800,31.404800, 28,135,0
84181,2007-02-20 12:13:40,121.496300,31.404500, 46,135,0
84181,2007-02-20 12:13:56,121.494500,31.404100, 36,135,0
84181,2007-02-20 12:14:28,121.491000,31.403100, 42,135,0
84181,2007-02-20 12:14:44,121.489000,31.402600, 60,135,0
84181,2007-02-20 12:15:00,121.486800,31.402000, 46,135,0
84181,2007-02-20 12:15:16,121.485000,31.401500, 40,135,0
84181,2007-02-20 12:15:32,121.482600,31.400800, 44,135,0
84181,2007-02-20 12:15:48,121.480800,31.400300, 20,135,0
84181,2007-02-20 12:16:22,121.481000,31.399300, 48, 67,0
84181,2007-02-20 12:16:38,121.482500,31.397500, 56, 67,0
84181,2007-02-20 12:17:03,121.483100,31.396600, 46, 67,0
84181,2007-02-20 12:17:19,121.484300,31.394800, 70, 67,0
84181,2007-02-20 12:17:51,121.486800,31.391500, 24, 67,0
84181,2007-02-20 12:18:07,121.487800,31.390300, 40, 67,0
84181,2007-02-20 12:18:23,121.488600,31.389000, 46, 67,0
84181,2007-02-20 12:18:39,121.489800,31.387100, 36, 67,0
84181,2007-02-20 12:19:11,121.486300,31.385500, 58,112,0
84181,2007-02-20 12:20:28,121.483800,31.384500,  0,112,0
84181,2007-02-20 12:21:29,121.483500,31.384100, 24, 90,0
84181,2007-02-20 12:21:45,121.484300,31.382500, 50, 67,0
84181,2007-02-20 12:22:01,121.485500,31.380800, 50, 67,0
84181,2007-02-20 12:22:33,121.487100,31.379100, 30, 67,0
84181,2007-02-20 12:22:49,121.488000,31.377800, 48, 90,0
84181,2007-02-20 12:23:05,121.487600,31.375100, 28, 90,0
84181,2007-02-20 12:23:25,121.487500,31.374600, 12, 90,0
84181,2007-02-20 12:24:10,121.488000,31.374600, 44, 90,0
84181,2007-02-20 12:24:42,121.490000,31.370000,102, 67,0
84181,2007-02-20 12:24:58,121.491600,31.366600, 92, 90,0
84181,2007-02-20 12:25:14,121.492800,31.363800, 74, 90,0
84181,2007-02-20 12:25:30,121.493100,31.362500,  0, 90,0
84181,2007-02-20 12:26:01,121.493600,31.361600, 60, 90,0
84181,2007-02-20 12:26:17,121.494600,31.358800, 76, 90,0
84181,2007-02-20 12:26:33,121.496100,31.356000, 78, 90,0
84181,2007-02-20 12:26:49,121.497100,31.353800, 50, 90,0
84181,2007-02-20 12:27:05,121.497600,31.352300, 34, 90,0
84181,2007-02-20 12:28:06,121.497800,31.351600,  0, 90,0
84181,2007-02-20 12:29:07,121.497800,31.351600,  0, 90,0
84181,2007-02-20 12:29:24,121.498800,31.351500, 58, 45,0
84181,2007-02-20 12:29:40,121.501800,31.351500, 66, 45,0
84181,2007-02-20 12:29:56,121.505100,31.350600, 94, 67,0
84181,2007-02-20 12:30:12,121.508300,31.349100, 60, 67,0
84181,2007-02-20 12:30:28,121.510100,31.348500, 70, 67,0
84181,2007-02-20 12:30:44,121.513300,31.347000, 80, 67,0
84181,2007-02-20 12:31:16,121.519000,31.344500, 72, 67,0
84181,2007-02-20 12:31:32,121.521800,31.343300, 76, 67,0
84181,2007-02-20 12:31:48,121.523600,31.342500, 14, 67,0
84181,2007-02-20 12:32:04,121.524600,31.341600, 46, 90,0
84181,2007-02-20 12:32:20,121.524800,31.339500, 68, 90,0
84181,2007-02-20 12:32:52,121.524600,31.336500, 60, 90,0
84181,2007-02-20 12:33:08,121.524300,31.334300, 60, 90,0
84181,2007-02-20 12:33:24,121.523300,31.332300, 60,112,0
84181,2007-02-20 12:33:40,121.522500,31.331000,  4,112,0
84181,2007-02-20 12:34:03,121.521800,31.330100, 54,112,0
84181,2007-02-20 12:34:19,121.521000,31.329100,  0, 67,0
84181,2007-02-20 12:35:20,121.521000,31.329100,  0, 67,0
84181,2007-02-20 12:36:37,121.521500,31.326300, 52, 90,0
84181,2007-02-20 12:36:53,121.521600,31.324600,  0, 90,0
84181,2007-02-20 12:37:36,121.521600,31.324000, 12, 90,1
84181,2007-02-20 12:39:37,121.515300,31.316300, 38,112,1
84181,2007-02-20 12:40:30,121.510800,31.315000, 20, 90,0
84181,2007-02-20 12:40:45,121.510600,31.314800,  0,112,0
84181,2007-02-20 12:41:02,121.510800,31.313800, 38, 90,0
84181,2007-02-20 12:41:18,121.510800,31.312500, 50, 90,0
84181,2007-02-20 12:41:34,121.510800,31.310500, 50, 90,0
84181,2007-02-20 12:41:50,121.509600,31.310000, 40,135,0
84181,2007-02-20 12:42:07,121.508500,31.310000, 42,135,0
84181,2007-02-20 12:42:23,121.507100,31.310000,  0,135,0
84181,2007-02-20 12:42:55,121.506800,31.309300, 44, 67,0
84181,2007-02-20 12:43:11,121.508000,31.307600, 72, 67,0
84181,2007-02-20 12:43:27,121.509100,31.305500, 52, 67,0
84181,2007-02-20 12:43:59,121.511000,31.302800, 58, 67,0
84181,2007-02-20 12:44:15,121.510800,31.301500, 34, 67,0
84181,2007-02-20 12:44:48,121.512100,31.299600, 28, 90,0
84181,2007-02-20 12:45:04,121.513000,31.298300, 56, 90,0
84181,2007-02-20 12:45:20,121.513500,31.296800,  0, 90,0
84181,2007-02-20 12:46:07,121.514000,31.295800, 44, 90,0
84181,2007-02-20 12:46:23,121.514500,31.294600, 18, 90,0
84181,2007-02-20 12:46:44,121.514800,31.293800, 20, 90,0
84181,2007-02-20 12:47:00,121.515500,31.292300, 48, 90,0
84181,2007-02-20 12:47:16,121.516100,31.291000, 32, 67,0
84181,2007-02-20 12:47:32,121.516600,31.289500, 60, 90,0
84181,2007-02-20 12:49:56,121.517600,31.287500, 38, 90,0
84181,2007-02-20 12:50:12,121.518300,31.286000, 40, 90,0
84181,2007-02-20 12:50:28,121.519000,31.284500, 40, 90,0
84181,2007-02-20 12:50:39,121.519300,31.283500, 40, 90,1
84181,2007-02-20 12:52:41,121.524300,31.276500, 48, 67,1
84181,2007-02-20 12:53:42,121.531000,31.268300, 98, 67,1
84181,2007-02-20 12:54:43,121.539600,31.258500, 76, 67,1
84181,2007-02-20 12:55:44,121.548300,31.251800, 68, 67,1
84181,2007-02-20 12:56:45,121.550300,31.255000, 34,157,1
84181,2007-02-20 12:57:46,121.549800,31.255300, 26,135,1
84181,2007-02-20 12:58:47,121.546500,31.252100, 38,112,1
84181,2007-02-20 12:59:48,121.536800,31.246500, 66,112,1
84181,2007-02-20 13:00:49,121.536100,31.245000, 38, 67,1
84181,2007-02-20 13:01:37,121.537600,31.242000, 16, 67,0
84181,2007-02-20 13:01:52,121.537800,31.241800,  0, 90,0
84181,2007-02-20 13:02:53,121.537600,31.242100, 38,157,0
84181,2007-02-20 13:03:09,121.537000,31.243600, 30,157,0
84181,2007-02-20 13:03:33,121.537600,31.244100, 18, 22,0
84181,2007-02-20 13:04:01,121.538600,31.244600, 20, 22,0
84181,2007-02-20 13:04:22,121.539600,31.245100, 32,157,0
84181,2007-02-20 13:04:38,121.538600,31.246500, 36,157,0
84181,2007-02-20 13:04:54,121.539100,31.247300, 46, 22,0
84181,2007-02-20 13:05:23,121.540000,31.247800, 20, 22,1
84181,2007-02-20 13:06:23,121.540500,31.247800,  0,157,1
84181,2007-02-20 13:07:24,121.538600,31.247300, 10,112,1
84181,2007-02-20 13:08:25,121.530800,31.244600, 76,135,1
84181,2007-02-20 13:09:26,121.520100,31.242800, 66,135,1
84181,2007-02-20 13:10:27,121.515100,31.244600, 20,157,1
84181,2007-02-20 13:11:11,121.514600,31.244600,  0,135,0
84181,2007-02-20 13:12:03,121.514500,31.244300, 38, 90,0
84181,2007-02-20 13:12:37,121.515100,31.243300, 32, 90,0
84181,2007-02-20 13:13:38,121.515100,31.242600,  8, 90,0
84181,2007-02-20 13:13:54,121.516600,31.242500, 54, 45,0
84181,2007-02-20 13:14:26,121.521300,31.242600, 64, 45,0
84181,2007-02-20 13:14:42,121.523600,31.242600, 52, 45,0
84181,2007-02-20 13:14:58,121.525100,31.242600, 28, 67,0
84181,2007-02-20 13:15:14,121.525800,31.241300,  2, 67,0
84181,2007-02-20 13:15:36,121.525600,31.241600,  6,157,1
84181,2007-02-20 13:16:37,121.525100,31.242600,  0,157,1
84181,2007-02-20 13:17:38,121.523600,31.242800, 60,135,1
84181,2007-02-20 13:18:39,121.516100,31.242500, 28,135,1
84181,2007-02-20 13:19:40,121.509800,31.241100, 66,135,1
84181,2007-02-20 13:20:42,121.505100,31.241300,  0,157,1
84181,2007-02-20 13:21:43,121.502800,31.243000, 56,112,1
84181,2007-02-20 13:22:44,121.497300,31.240100, 30,157,1
84181,2007-02-20 13:23:10,121.496300,31.240500,  0,157,0
84181,2007-02-20 13:23:46,121.496300,31.240800,  6, 22,0
84181,2007-02-20 13:24:03,121.497000,31.241600, 36, 22,0
84181,2007-02-20 13:24:28,121.497800,31.242300, 20, 22,0
84181,2007-02-20 13:24:45,121.498800,31.242300, 42, 67,0
84181,2007-02-20 13:25:00,121.499800,31.241300,  8, 90,0
84181,2007-02-20 13:25:28,121.500600,31.241300, 46, 22,0
84181,2007-02-20 13:25:59,121.503800,31.243300, 32, 45,0
84181,2007-02-20 13:26:15,121.505000,31.241800, 54, 67,0
84181,2007-02-20 13:26:32,121.505800,31.240300, 16, 90,0
84181,2007-02-20 13:27:33,121.505800,31.240100,  2, 67,0
84181,2007-02-20 13:27:51,121.506800,31.240000, 42, 45,0
84181,2007-02-20 13:28:08,121.508600,31.240800, 46, 45,0
84181,2007-02-20 13:28:23,121.511000,31.241300, 54, 45,0
84181,2007-02-20 13:28:40,121.513500,31.242000, 58, 45,0
84181,2007-02-20 13:28:55,121.516000,31.242500, 54, 45,0
84181,2007-02-20 13:29:12,121.517500,31.242500, 34, 45,0
84181,2007-02-20 13:29:28,121.519100,31.242600, 28, 45,0
84181,2007-02-20 13:30:14,121.522500,31.242600, 52, 45,0
84181,2007-02-20 13:30:38,121.524100,31.242600, 14, 45,1
84181,2007-02-20 13:31:39,121.529800,31.244300, 22, 45,1
84181,2007-02-20 13:32:40,121.538100,31.247000,  0, 45,1
84181,2007-02-20 13:33:40,121.542100,31.248600, 74, 22,1
84181,2007-02-20 13:34:41,121.550500,31.256100, 52, 22,1
84181,2007-02-20 13:35:42,121.554300,31.259100, 74, 22,1
84181,2007-02-20 13:36:43,121.561600,31.264100, 36, 22,1
84181,2007-02-20 13:37:47,121.565300,31.267300,  0, 22,0
84181,2007-02-20 13:38:48,121.565600,31.267800,  0, 22,0
84181,2007-02-20 13:39:25,121.566500,31.268500, 28, 22,0
84181,2007-02-20 13:39:41,121.567500,31.269300, 40, 22,0
84181,2007-02-20 13:39:57,121.569000,31.270600, 60, 22,0
84181,2007-02-20 13:40:13,121.570800,31.272000, 46, 22,0
84181,2007-02-20 13:40:52,121.571500,31.272800, 12,  0,0
84181,2007-02-20 13:41:12,121.572300,31.273500, 30, 22,0
84181,2007-02-20 13:42:00,121.574600,31.274800, 24, 22,0
84181,2007-02-20 13:42:16,121.576000,31.275500, 30, 22,0
84181,2007-02-20 13:42:33,121.577000,31.276000, 24, 22,0
84181,2007-02-20 13:42:49,121.577800,31.275300, 56, 67,0
84181,2007-02-20 13:43:05,121.579300,31.274100, 32, 22,0
84181,2007-02-20 13:43:21,121.580600,31.275100, 16, 22,0
84181,2007-02-20 13:44:02,121.579800,31.276000,  6,135,0
84181,2007-02-20 13:45:03,121.579800,31.276100,  0,  0,0
84181,2007-02-20 13:46:04,121.579800,31.276100,  0,  0,0
84181,2007-02-20 13:47:05,121.579800,31.276100,  0,  0,0
84181,2007-02-20 13:48:06,121.579800,31.276100,  0,  0,0
84181,2007-02-20 13:50:07,121.579800,31.276100,  0,  0,0
84181,2007-02-20 13:51:08,121.579800,31.276100,  0,  0,0
84181,2007-02-20 13:54:11,121.579600,31.276000,  0,  0,0
84181,2007-02-20 13:55:12,121.579600,31.276000,  0,  0,0
84181,2007-02-20 13:56:13,121.579600,31.276000,  0,  0,0
84181,2007-02-20 13:57:14,121.579600,31.276000,  0,  0,0
84181,2007-02-20 13:58:15,121.579600,31.276000,  0,  0,0
84181,2007-02-20 13:59:16,121.579600,31.276000,  0,  0,0
84181,2007-02-20 14:00:17,121.579600,31.276000,  0,  0,0
84181,2007-02-20 14:01:18,121.579600,31.276000,  0,  0,0
84181,2007-02-20 14:02:19,121.579600,31.276000,  0,  0,0
84181,2007-02-20 14:03:20,121.579600,31.276000,  0,  0,0
84181,2007-02-20 14:04:21,121.579600,31.276000,  0,  0,0
84181,2007-02-20 14:05:22,121.579600,31.276000,  0,  0,0
84181,2007-02-20 14:06:23,121.579600,31.276000,  0,  0,0
84181,2007-02-20 14:07:24,121.579600,31.276000,  0,  0,0
84181,2007-02-20 14:08:25,121.579600,31.276000,  0,  0,0
84181,2007-02-20 14:09:26,121.579600,31.276000,  0,  0,0
84181,2007-02-20 14:10:27,121.579600,31.276000,  0,  0,0
84181,2007-02-20 14:11:28,121.579600,31.276000,  0,  0,0
84181,2007-02-20 14:12:29,121.579600,31.276000,  0,  0,0
84181,2007-02-20 14:13:30,121.579600,31.276000,  0,  0,0
84181,2007-02-20 14:14:31,121.579500,31.276500,  0, 22,0
84181,2007-02-20 14:15:10,121.580300,31.275600, 26, 67,0
84181,2007-02-20 14:15:34,121.580000,31.274800, 38,112,0
84181,2007-02-20 14:15:50,121.579000,31.274100, 22,157,0
84181,2007-02-20 14:16:38,121.576300,31.277000, 42,157,0
84181,2007-02-20 14:16:54,121.574800,31.277800, 48,135,0
84181,2007-02-20 14:17:10,121.572800,31.278300, 26,157,0
84181,2007-02-20 14:18:11,121.572600,31.278100, 26,112,0
84181,2007-02-20 14:18:27,121.572100,31.276100, 70, 90,0
84181,2007-02-20 14:18:43,121.571600,31.273600, 60, 90,0
84181,2007-02-20 14:18:59,121.570300,31.271600, 66,112,0
84181,2007-02-20 14:19:15,121.568100,31.270000, 60,112,0
84181,2007-02-20 14:19:31,121.566300,31.268500, 58,112,0
84181,2007-02-20 14:19:47,121.565100,31.267600,  0,112,0
84181,2007-02-20 14:19:56,121.565100,31.267600, 12,112,1
84181,2007-02-20 14:20:56,121.562100,31.264600, 18,112,1
84181,2007-02-20 14:21:57,121.566500,31.261100, 60, 67,1
84181,2007-02-20 14:22:58,121.573100,31.254600, 46, 67,1
84181,2007-02-20 14:24:31,121.576800,31.252000,  0, 67,0
84181,2007-02-20 14:25:31,121.576800,31.252100,  0,157,0
84181,2007-02-20 14:26:02,121.576000,31.252600, 44,157,0
84181,2007-02-20 14:26:18,121.574100,31.254000, 60,157,0
84181,2007-02-20 14:26:34,121.572100,31.255500, 70,157,0
84181,2007-02-20 14:26:50,121.569800,31.257000, 60,157,0
84181,2007-02-20 14:27:06,121.568300,31.258600, 70,157,0
84181,2007-02-20 14:27:22,121.566600,31.261000, 62,157,0
84181,2007-02-20 14:27:38,121.565300,31.262000, 46,112,0
84181,2007-02-20 14:27:54,121.563600,31.261000, 48,112,0
84181,2007-02-20 14:28:10,121.562100,31.260600, 38,157,0
84181,2007-02-20 14:28:26,121.561100,31.262300, 52,157,0
84181,2007-02-20 14:28:42,121.559800,31.262800, 56,112,0
84181,2007-02-20 14:28:58,121.558300,31.261800,  0,112,0
84181,2007-02-20 14:29:14,121.558300,31.261800, 10,112,1
84181,2007-02-20 14:30:14,121.551500,31.257500,  0, 90,1
84181,2007-02-20 14:31:15,121.551300,31.257300, 24,112,1
84181,2007-02-20 14:32:16,121.544600,31.250300, 66,112,1
84181,2007-02-20 14:33:17,121.538500,31.247100,  0,135,1
84181,2007-02-20 14:34:18,121.535800,31.246100, 50,112,1
84181,2007-02-20 14:35:19,121.527100,31.243600, 44,135,1
84181,2007-02-20 14:36:20,121.517000,31.242600, 68,135,1
84181,2007-02-20 14:37:21,121.511000,31.241500,  0,112,1
84181,2007-02-20 14:38:22,121.506800,31.240300, 42,135,1
84181,2007-02-20 14:39:23,121.506300,31.240300,  0,112,1
84181,2007-02-20 14:40:24,121.504600,31.239300, 10,112,1
84181,2007-02-20 14:41:25,121.499100,31.239300, 40,157,1
84181,2007-02-20 14:42:26,121.494500,31.241100,  0,157,1
84181,2007-02-20 14:43:27,121.494500,31.241100,  0,157,1
84181,2007-02-20 14:44:28,121.478300,31.233600, 48,135,1
84181,2007-02-20 14:46:30,121.466000,31.224600, 52, 67,1
84181,2007-02-20 14:48:59,121.471500,31.202000, 44, 90,1
84181,2007-02-20 14:50:00,121.465100,31.196600, 96,112,1
84181,2007-02-20 14:51:01,121.454500,31.190100, 68,112,1
84181,2007-02-20 14:52:02,121.446300,31.187100, 22, 90,1
84181,2007-02-20 14:53:03,121.446300,31.187300,  0, 90,1
84181,2007-02-20 14:54:04,121.445300,31.186800, 42,112,1
84181,2007-02-20 14:55:05,121.440500,31.182300, 20,112,1
84181,2007-02-20 14:56:06,121.442500,31.177000, 44, 67,1
84181,2007-02-20 14:57:07,121.444000,31.174800,  0,112,1
84181,2007-02-20 14:59:09,121.446800,31.173800, 24, 67,1
84181,2007-02-20 15:00:10,121.448500,31.172300,  0, 67,1
84181,2007-02-20 15:01:11,121.451300,31.172000, 10, 45,1
84181,2007-02-20 15:02:12,121.451800,31.172100,  0, 45,1
84181,2007-02-20 15:03:13,121.453500,31.172500, 18,  0,1
84181,2007-02-20 15:04:14,121.453000,31.175000,  0, 22,1
84181,2007-02-20 15:04:22,121.453000,31.175000,  0, 22,0
84181,2007-02-20 15:05:23,121.453000,31.175000,  0, 22,0
84181,2007-02-20 15:06:24,121.453000,31.175000, 10, 90,0
84181,2007-02-20 15:07:53,121.453100,31.173100,  0, 90,0
84181,2007-02-20 15:08:54,121.453100,31.173100,  0, 90,0
84181,2007-02-20 15:09:33,121.453100,31.172300, 28,135,0
84181,2007-02-20 15:09:49,121.451800,31.172100, 24,135,0
84181,2007-02-20 15:10:05,121.451500,31.172100,  4,135,1
84181,2007-02-20 15:11:06,121.449000,31.172000,  0,157,1
84181,2007-02-20 15:12:07,121.447800,31.175000, 10,  0,1
84181,2007-02-20 15:13:08,121.448000,31.176600, 48,  0,1
84181,2007-02-20 15:14:09,121.447500,31.182100,  0,  0,1
84181,2007-02-20 15:15:10,121.446500,31.186500, 16,157,1
84181,2007-02-20 15:16:11,121.452000,31.188800, 42, 22,1
84181,2007-02-20 15:17:12,121.457600,31.191600,  0, 22,1
84181,2007-02-20 15:18:13,121.460100,31.193500,  0, 67,1
84181,2007-02-20 15:19:14,121.459100,31.195800,  0,157,1
84181,2007-02-20 15:20:15,121.457300,31.199000, 16,  0,1
84181,2007-02-20 15:21:16,121.456600,31.202800, 28,  0,1
84181,2007-02-20 15:21:25,121.456500,31.203000,  0,  0,0
84181,2007-02-20 15:21:46,121.456500,31.203800, 44,  0,0
84181,2007-02-20 15:22:18,121.455800,31.207000, 44,  0,0
84181,2007-02-20 15:22:34,121.456100,31.207800, 40, 22,0
84181,2007-02-20 15:22:50,121.458000,31.208500, 50, 22,0
84181,2007-02-20 15:23:06,121.459600,31.209100, 40, 22,0
84181,2007-02-20 15:23:22,121.461100,31.209800, 36, 22,0
84181,2007-02-20 15:23:58,121.462000,31.210600, 36,  0,0
84181,2007-02-20 15:24:14,121.461600,31.211800, 20,  0,0
84181,2007-02-20 15:24:30,121.461300,31.213000, 22,  0,0
84181,2007-02-20 15:25:35,121.460600,31.215600, 24,  0,0
84181,2007-02-20 15:26:20,121.460300,31.216800, 16,  0,0
84181,2007-02-20 15:26:38,121.460000,31.217800, 44,  0,0
84181,2007-02-20 15:26:54,121.459600,31.219500, 50,  0,0
84181,2007-02-20 15:27:10,121.459100,31.221000, 34,  0,0
84181,2007-02-20 15:27:26,121.458800,31.222500, 44,  0,0
84181,2007-02-20 15:27:42,121.458500,31.224500, 54,  0,0
84181,2007-02-20 15:28:43,121.458600,31.225300,  0,  0,0
84181,2007-02-20 15:29:01,121.458600,31.226300, 50,  0,0
84181,2007-02-20 15:29:17,121.458500,31.228300, 50,  0,0
84181,2007-02-20 15:29:33,121.459500,31.228800, 56, 45,0
84181,2007-02-20 15:29:49,121.461500,31.229300, 16, 45,0
84181,2007-02-20 15:30:14,121.462600,31.229500, 28, 45,0
84181,2007-02-20 15:32:01,121.465100,31.233000,  0, 45,0
84181,2007-02-20 15:33:02,121.466000,31.233100, 42, 22,0
84181,2007-02-20 15:33:18,121.466600,31.234500, 28, 22,0
84181,2007-02-20 15:33:34,121.467600,31.235100, 46, 45,0
84181,2007-02-20 15:33:50,121.469500,31.235500, 24, 45,0
84181,2007-02-20 15:34:51,121.469800,31.235500,  0, 45,0
84181,2007-02-20 15:36:18,121.471100,31.234100,  0, 67,1
84181,2007-02-20 15:37:19,121.467100,31.230100,  0,112,1
84181,2007-02-20 15:38:20,121.467000,31.230100, 14,112,1
84181,2007-02-20 15:39:21,121.465100,31.229500,  8,135,1
84181,2007-02-20 15:40:22,121.462300,31.231600, 42,  0,1
84181,2007-02-20 15:41:23,121.462800,31.234800,  0, 45,1
84181,2007-02-20 15:41:45,121.462800,31.234800,  6, 45,0
84181,2007-02-20 15:42:20,121.464600,31.234600, 38, 67,0
84181,2007-02-20 15:42:57,121.466100,31.233500, 36,  0,0
84181,2007-02-20 15:43:29,121.468800,31.235300, 42, 45,0
84181,2007-02-20 15:44:30,121.469600,31.235500,  0, 45,0
84181,2007-02-20 15:46:05,121.474300,31.236500, 36, 22,0
84181,2007-02-20 15:46:21,121.475500,31.236800,  8, 22,0
84181,2007-02-20 15:47:22,121.477000,31.237100, 38, 45,0
84181,2007-02-20 15:47:38,121.478100,31.237600, 28, 45,0
84181,2007-02-20 15:47:54,121.479800,31.238100, 42, 45,0
84181,2007-02-20 15:48:50,121.480300,31.239000, 16,  0,0
84181,2007-02-20 15:49:19,121.481000,31.239600,  6, 45,0
84181,2007-02-20 15:50:06,121.482300,31.240000,  8, 22,0
84181,2007-02-20 15:50:26,121.483500,31.240300, 38, 45,0
84181,2007-02-20 15:50:42,121.484800,31.240600,  8, 45,0
84181,2007-02-20 15:51:24,121.485600,31.241300, 16,  0,0
84181,2007-02-20 15:51:53,121.485800,31.242300, 34,  0,0
84181,2007-02-20 15:52:09,121.485800,31.243500, 34,  0,0
84181,2007-02-20 15:52:54,121.485600,31.243800, 10,157,1
84181,2007-02-20 15:53:54,121.485500,31.243500, 24, 90,1
84181,2007-02-20 15:54:55,121.485800,31.237800, 40, 90,1
84181,2007-02-20 15:55:56,121.482800,31.237000,  6,135,1
84181,2007-02-20 15:56:57,121.480000,31.236300, 26,135,1
84181,2007-02-20 15:57:58,121.475000,31.234500, 20, 67,1
84181,2007-02-20 15:58:59,121.476100,31.233000,  0, 45,1
84181,2007-02-20 16:00:00,121.476600,31.232500, 24, 67,1
84181,2007-02-20 16:01:01,121.478300,31.232500, 38, 22,1
84181,2007-02-20 16:03:03,121.483600,31.232000,  0, 45,1
84181,2007-02-20 16:04:04,121.498800,31.239100, 52, 67,1
84181,2007-02-20 16:05:05,121.502000,31.236500, 28, 90,1
84181,2007-02-20 16:06:06,121.497100,31.236300, 20,135,1
84181,2007-02-20 16:07:07,121.496100,31.239300, 10,  0,1
84181,2007-02-20 16:08:04,121.496500,31.241000,  0, 22,0
84181,2007-02-20 16:08:19,121.496500,31.241000,  0, 22,0
84181,2007-02-20 16:08:56,121.497100,31.241600, 22, 22,0
84181,2007-02-20 16:09:12,121.498100,31.242500, 28, 22,0
84181,2007-02-20 16:09:29,121.499100,31.242000, 32, 67,0
84181,2007-02-20 16:10:15,121.499800,31.241300, 20, 67,0
84181,2007-02-20 16:10:31,121.501000,31.241600, 40, 22,0
84181,2007-02-20 16:10:47,121.502600,31.242600, 64, 22,0
84181,2007-02-20 16:12:28,121.513800,31.242000, 60, 45,0
84181,2007-02-20 16:12:44,121.515100,31.242300,  0, 45,0
84181,2007-02-20 16:13:08,121.515300,31.242100, 10, 67,1
84181,2007-02-20 16:14:08,121.517500,31.237600,  4, 67,1
84181,2007-02-20 16:15:09,121.520000,31.232500,  0, 67,1
84181,2007-02-20 16:16:09,121.518000,31.231300,  0,135,0
84181,2007-02-20 16:16:25,121.518000,31.231300,  0,135,0
84181,2007-02-20 16:17:24,121.517000,31.231000, 54,135,0
84181,2007-02-20 16:17:40,121.514600,31.230000, 28,112,0
84181,2007-02-20 16:18:00,121.513600,31.229500, 20,112,0
84181,2007-02-20 16:18:54,121.512600,31.229100, 20,135,0
84181,2007-02-20 16:19:12,121.511800,31.230100, 22,  0,0
84181,2007-02-20 16:19:28,121.511000,31.231500, 56,157,0
84181,2007-02-20 16:19:44,121.510300,31.233300, 44,  0,0
84181,2007-02-20 16:20:00,121.509800,31.234300, 18,157,0
84181,2007-02-20 16:21:01,121.509300,31.235100,  0,157,0
84181,2007-02-20 16:21:30,121.508600,31.236000, 48,157,0
84181,2007-02-20 16:21:46,121.507300,31.238100, 60,157,0
84181,2007-02-20 16:22:02,121.506300,31.239800, 26,  0,0
84181,2007-02-20 16:22:18,121.507500,31.240300, 22, 22,0
84181,2007-02-20 16:22:53,121.508600,31.240500, 30, 45,0
84181,2007-02-20 16:23:09,121.510500,31.241000, 48, 45,0
84181,2007-02-20 16:23:25,121.512300,31.241600, 46, 45,0
84181,2007-02-20 16:23:41,121.514500,31.242100, 56, 45,0
84181,2007-02-20 16:23:57,121.516300,31.242500, 42, 45,0
84181,2007-02-20 16:24:13,121.517500,31.242500, 12, 45,0
84181,2007-02-20 16:24:43,121.518800,31.242500, 42, 45,0
84181,2007-02-20 16:25:15,121.524300,31.242600, 52, 45,0
84181,2007-02-20 16:25:31,121.525500,31.242000, 56, 67,0
84181,2007-02-20 16:25:47,121.526000,31.240600, 20,112,0
84181,2007-02-20 16:26:03,121.524100,31.239800, 36,112,0
84181,2007-02-20 16:26:40,121.523100,31.239500, 42,112,0
84181,2007-02-20 16:26:56,121.520800,31.238600, 60,112,0
84181,2007-02-20 16:27:12,121.518500,31.237800, 34,135,0
84181,2007-02-20 16:28:13,121.518100,31.237600,  0,112,0
84181,2007-02-20 16:29:02,121.517300,31.238300, 46,157,0
84181,2007-02-20 16:29:18,121.516100,31.240500, 72,157,0
84181,2007-02-20 16:29:34,121.514800,31.243000, 72,157,0
84181,2007-02-20 16:30:35,121.514600,31.243300,  0,157,0
84181,2007-02-20 16:31:22,121.511100,31.256800, 74,157,0
84181,2007-02-20 16:31:38,121.510000,31.258500,  8,157,0
84181,2007-02-20 16:32:19,121.509300,31.259300, 54,157,0
84181,2007-02-20 16:33:07,121.509800,31.261000, 28, 22,0
84181,2007-02-20 16:33:23,121.511000,31.262100, 42, 22,0
84181,2007-02-20 16:33:58,121.512000,31.262500, 34, 67,0
84181,2007-02-20 16:34:14,121.512800,31.261100, 32, 67,0
84181,2007-02-20 16:34:33,121.513500,31.260300, 50, 67,0
84181,2007-02-20 16:34:49,121.514500,31.259100, 20, 45,0
84181,2007-02-20 16:35:05,121.516000,31.259800, 38, 22,0
84181,2007-02-20 16:35:34,121.516600,31.260100,  8, 22,1
84181,2007-02-20 16:36:34,121.514100,31.259500, 36,157,1
84181,2007-02-20 16:37:35,121.511800,31.262600,  0,157,1
84181,2007-02-20 16:38:36,121.509300,31.260600, 18,112,1
84181,2007-02-20 16:39:37,121.509100,31.260500,  0,112,1
84181,2007-02-20 16:40:38,121.509100,31.259300, 28, 67,1
84181,2007-02-20 16:41:39,121.513600,31.253100,  0, 67,1
84181,2007-02-20 16:42:40,121.513600,31.253100,  0, 67,1
84181,2007-02-20 16:43:41,121.517000,31.238500, 50, 90,1
84181,2007-02-20 16:44:42,121.512500,31.235300, 24, 90,1
84181,2007-02-20 16:45:43,121.509300,31.235800,  0,135,1
84181,2007-02-20 16:46:44,121.509300,31.235800,  0,135,1
84181,2007-02-20 16:47:45,121.509300,31.235800,  0,135,1
84181,2007-02-20 16:48:46,121.505800,31.234000, 10,112,1
84181,2007-02-20 16:49:47,121.504000,31.235100, 50,135,1
84181,2007-02-20 16:50:48,121.499500,31.232500, 28,112,1
84181,2007-02-20 16:51:25,121.499100,31.232300,  0,135,0
84181,2007-02-20 16:52:26,121.499300,31.232100, 18, 45,0
84181,2007-02-20 16:52:45,121.500100,31.232800, 42,  0,0
84181,2007-02-20 16:53:01,121.499800,31.234500, 20, 22,0
84181,2007-02-20 16:53:17,121.501800,31.234500, 66, 45,0
84181,2007-02-20 16:53:33,121.504300,31.235100, 28, 45,0
84181,2007-02-20 16:53:51,121.504800,31.235800, 46,  0,0
84181,2007-02-20 16:54:22,121.505000,31.236800, 20, 45,0
84181,2007-02-20 16:55:39,121.508100,31.236100,  0, 45,0
84181,2007-02-20 16:56:40,121.508500,31.236300, 24,  0,0
84181,2007-02-20 16:56:56,121.507300,31.238100, 66,157,0
84181,2007-02-20 16:57:12,121.506500,31.240000, 28, 22,0
84181,2007-02-20 16:57:28,121.508100,31.240600, 26, 45,0
84181,2007-02-20 16:57:45,121.509300,31.241000, 56, 45,0
84181,2007-02-20 16:58:17,121.514100,31.242300, 26, 45,0
84181,2007-02-20 16:58:36,121.515300,31.242300, 50, 45,0
84181,2007-02-20 16:58:52,121.517500,31.242500, 40, 45,0
84181,2007-02-20 16:59:54,121.520100,31.240600, 44, 90,0
84181,2007-02-20 17:00:09,121.520800,31.239100, 40, 90,0
84181,2007-02-20 17:00:26,121.519600,31.238300, 48,112,0
84181,2007-02-20 17:00:42,121.518500,31.237800,  8,135,0
84181,2007-02-20 17:01:43,121.518300,31.237800,  0,112,0
84181,2007-02-20 17:02:32,121.515300,31.242100, 72,157,0
84181,2007-02-20 17:02:48,121.514800,31.243500,  0,157,0
84181,2007-02-20 17:03:50,121.514800,31.243500,  0,157,0
84181,2007-02-20 17:04:21,121.511100,31.257000, 66,157,0
84181,2007-02-20 17:04:37,121.509300,31.259300, 72,157,0
84181,2007-02-20 17:04:53,121.509000,31.260300, 20, 22,0
84181,2007-02-20 17:05:09,121.510100,31.261100, 44, 22,0
84181,2007-02-20 17:05:24,121.511300,31.262300, 38, 22,0
84181,2007-02-20 17:05:41,121.512800,31.263300, 44, 22,0
84181,2007-02-20 17:05:57,121.513800,31.263000, 42, 67,0
84181,2007-02-20 17:06:13,121.514600,31.262100, 20, 67,0
84181,2007-02-20 17:06:58,121.516600,31.262800, 10, 22,1
84181,2007-02-20 17:07:59,121.517300,31.263300,  8, 22,1
84181,2007-02-20 17:10:01,121.519100,31.266500,  0, 45,1
84181,2007-02-20 17:11:02,121.522300,31.268000,  0, 22,1
84181,2007-02-20 17:12:03,121.525100,31.269300, 12, 22,1
84181,2007-02-20 17:13:04,121.530100,31.271800, 24, 22,1
84181,2007-02-20 17:14:04,121.530800,31.272100,  0, 22,1
84181,2007-02-20 17:14:52,121.531300,31.272500,  0,  0,0
84181,2007-02-20 17:15:53,121.531300,31.272500,  0,  0,0
84181,2007-02-20 17:17:54,121.532100,31.272600, 20, 22,0
84181,2007-02-20 17:18:39,121.533500,31.273000, 28, 45,0
84181,2007-02-20 17:18:54,121.534500,31.273500, 32, 22,0
84181,2007-02-20 17:19:11,121.536100,31.274100, 44, 22,0
84181,2007-02-20 17:19:27,121.537300,31.275000,  0, 22,0
84181,2007-02-20 17:19:37,121.537300,31.275100,  8, 22,1
84181,2007-02-20 17:20:38,121.539000,31.276300, 12, 22,1
84181,2007-02-20 17:21:39,121.535300,31.281600, 24,157,1
84181,2007-02-20 17:22:39,121.534300,31.283000, 34,157,1
84181,2007-02-20 17:23:41,121.531300,31.287100,  0,157,1
84181,2007-02-20 17:25:31,121.532000,31.291100,  0, 22,0
84181,2007-02-20 17:25:46,121.532300,31.291300, 26, 22,0
84181,2007-02-20 17:26:18,121.534300,31.289000, 48, 67,0
84181,2007-02-20 17:26:34,121.533800,31.288100, 46,112,0
84181,2007-02-20 17:26:49,121.532100,31.287500, 38,135,0
84181,2007-02-20 17:27:27,121.531500,31.286800, 42, 67,0
84181,2007-02-20 17:27:43,121.532300,31.285600,  0, 67,0
84181,2007-02-20 17:28:11,121.532300,31.285600,  0, 67,1
84181,2007-02-20 17:30:13,121.530300,31.278500, 72,135,1
84181,2007-02-20 17:32:14,121.519500,31.274500, 62,112,1
84181,2007-02-20 17:33:16,121.510600,31.268300, 68,112,1
84181,2007-02-20 17:35:18,121.500500,31.262600,  0,112,1
84181,2007-02-20 17:36:19,121.500500,31.262600, 10,112,1
84181,2007-02-20 17:37:19,121.493500,31.257600, 58,112,1
84181,2007-02-20 17:38:21,121.491100,31.255800, 56,112,1
84181,2007-02-20 17:39:22,121.489300,31.255500,  0,135,1
84181,2007-02-20 17:40:23,121.484100,31.254000, 30,112,1
84181,2007-02-20 17:41:14,121.482300,31.252500,  6, 67,0
84181,2007-02-20 17:41:31,121.482300,31.252300,  0, 90,0
84181,2007-02-20 17:42:32,121.482500,31.251800,  0, 67,0
84181,2007-02-20 17:42:59,121.483100,31.251500, 38, 45,0
84181,2007-02-20 17:43:14,121.484600,31.251500, 14, 45,0
84181,2007-02-20 17:43:38,121.485300,31.252300, 30, 45,0
84181,2007-02-20 17:44:09,121.485000,31.254100, 26, 22,0
84181,2007-02-20 17:44:26,121.486000,31.254800,  0, 22,0
84181,2007-02-20 17:44:31,121.486000,31.254800,  4, 22,1
84181,2007-02-20 17:45:02,121.487100,31.255000,  0, 67,0
84181,2007-02-20 17:45:18,121.487100,31.254300, 46, 90,0
84181,2007-02-20 17:45:34,121.487100,31.253300, 22, 22,0
84181,2007-02-20 17:46:13,121.487800,31.255300,  6, 22,1
84181,2007-02-20 17:48:14,121.495800,31.261100, 28,157,1
84181,2007-02-20 17:49:16,121.493300,31.263100, 16,157,1
84181,2007-02-20 17:50:17,121.488000,31.265300, 32,157,1
84181,2007-02-20 17:51:18,121.488100,31.268800, 28, 22,1
84181,2007-02-20 17:52:19,121.489300,31.270100,  0, 22,1
84181,2007-02-20 17:53:19,121.488000,31.273000,  8,157,1
84181,2007-02-20 17:54:08,121.486800,31.274800,  0,157,0
84181,2007-02-20 17:54:24,121.486800,31.274800,  0,157,0
84181,2007-02-20 17:54:53,121.486300,31.275800, 44,157,0
84181,2007-02-20 17:55:09,121.486600,31.276300, 32, 45,0
84181,2007-02-20 17:55:24,121.488300,31.276100, 26, 45,0
84181,2007-02-20 17:55:57,121.491600,31.276100, 26, 45,0
84181,2007-02-20 17:56:12,121.492000,31.277300, 40,  0,0
84181,2007-02-20 17:56:28,121.492500,31.278100, 32, 45,0
84181,2007-02-20 17:56:44,121.494300,31.278100, 12, 45,0
84181,2007-02-20 17:57:45,121.494300,31.277800,  0, 90,0
84181,2007-02-20 17:58:46,121.494300,31.277800,  0, 90,0
84181,2007-02-20 17:59:47,121.494300,31.277800,  0, 90,0
84181,2007-02-20 18:00:48,121.494300,31.277800,  0, 90,0
84181,2007-02-20 18:01:49,121.494300,31.277800,  0, 90,0
84181,2007-02-20 18:02:50,121.494300,31.277800,  0, 90,0
84181,2007-02-20 18:03:51,121.494300,31.277800,  0, 90,0
84181,2007-02-20 18:04:52,121.494300,31.277800,  0, 90,0
84181,2007-02-20 18:05:53,121.494300,31.277800,  0, 90,0
84181,2007-02-20 18:06:54,121.494300,31.277800,  0, 90,0
84181,2007-02-20 18:07:52,121.494100,31.276800, 30, 90,0
84181,2007-02-20 18:08:53,121.494100,31.275800,  0, 45,0
84181,2007-02-20 18:09:54,121.495100,31.275500,  0, 67,0
84181,2007-02-20 18:10:24,121.496100,31.276000, 18, 22,0
84181,2007-02-20 18:10:52,121.497100,31.276300, 24, 67,0
84181,2007-02-20 18:11:08,121.498100,31.275600, 38, 67,0
84181,2007-02-20 18:11:54,121.499000,31.274800, 20, 67,0
84181,2007-02-20 18:12:10,121.500300,31.274000, 46, 67,0
84181,2007-02-20 18:12:26,121.501300,31.273000, 44, 67,0
84181,2007-02-20 18:12:43,121.502300,31.272600, 32, 22,0
84181,2007-02-20 18:12:59,121.503500,31.273600, 30, 22,0
84181,2007-02-20 18:13:15,121.504500,31.274500, 32, 22,0
84181,2007-02-20 18:13:31,121.505500,31.274800, 22, 45,0
84181,2007-02-20 18:13:48,121.506600,31.275100, 24, 22,0
84181,2007-02-20 18:14:16,121.507800,31.275500, 30, 45,0
84181,2007-02-20 18:14:32,121.509300,31.275800, 36, 45,0
84181,2007-02-20 18:14:48,121.511300,31.276300, 36, 45,0
84181,2007-02-20 18:15:10,121.512600,31.276600, 20, 45,0
84181,2007-02-20 18:15:34,121.514000,31.277000, 10, 22,0
84181,2007-02-20 18:15:56,121.513800,31.278000, 30,  0,0
84181,2007-02-20 18:16:15,121.513500,31.279000, 22,  0,0
84181,2007-02-20 18:16:31,121.513100,31.280100, 42,  0,0
84181,2007-02-20 18:16:47,121.513500,31.281100, 36, 22,0
84181,2007-02-20 18:17:53,121.517300,31.282300, 12, 45,1
84181,2007-02-20 18:18:53,121.520600,31.277000, 54, 67,1
84181,2007-02-20 18:19:54,121.523500,31.276500, 38, 22,1
84181,2007-02-20 18:20:55,121.528300,31.277800, 16, 22,1
84181,2007-02-20 18:21:56,121.536800,31.279500, 44, 67,1
84181,2007-02-20 18:22:57,121.541300,31.273500, 36, 67,1
84181,2007-02-20 18:23:50,121.542500,31.272800,  0, 22,0
84181,2007-02-20 18:24:05,121.543000,31.273000, 38, 22,0
84181,2007-02-20 18:24:21,121.544800,31.273600, 32, 22,0
84181,2007-02-20 18:25:22,121.545500,31.273800,  0, 90,0
84181,2007-02-20 18:26:23,121.545500,31.273800,  0, 90,0
84181,2007-02-20 18:27:24,121.545500,31.273800,  0, 90,0
84181,2007-02-20 18:27:50,121.545600,31.273300,  0, 90,1
84181,2007-02-20 18:28:50,121.548800,31.276500, 46,157,1
84181,2007-02-20 18:30:42,121.553600,31.280500, 18, 22,0
84181,2007-02-20 18:30:58,121.553800,31.281500, 36,  0,0
84181,2007-02-20 18:31:30,121.553000,31.285000, 46,  0,0
84181,2007-02-20 18:31:46,121.552300,31.287000, 46,  0,0
84181,2007-02-20 18:32:17,121.552300,31.287500,  8,  0,1
84181,2007-02-20 18:33:17,121.548600,31.290800, 42,157,1
84181,2007-02-20 18:34:18,121.545500,31.293800, 40,157,1
84181,2007-02-20 18:35:19,121.547100,31.296500, 12,157,1
84181,2007-02-20 18:36:20,121.547000,31.296600,  4, 45,1
84181,2007-02-20 18:37:21,121.546800,31.296500,  0, 67,1
84181,2007-02-20 18:38:22,121.547000,31.296600,  0, 67,1
84181,2007-02-20 18:39:23,121.547000,31.296600,  0, 67,1
84181,2007-02-20 18:40:24,121.547000,31.296600,  0, 67,1
84181,2007-02-20 18:41:25,121.547000,31.296600,  0, 67,1
84181,2007-02-20 18:42:26,121.547000,31.296600,  0, 67,1
84181,2007-02-20 18:43:27,121.547000,31.296600,  0, 67,1
84181,2007-02-20 18:44:28,121.547000,31.296600,  0, 67,1
84181,2007-02-20 18:45:29,121.547000,31.296600,  0, 67,1
84181,2007-02-20 18:46:30,121.547000,31.296600,  0, 67,1
84181,2007-02-20 18:47:31,121.547000,31.296600,  0, 67,1
84181,2007-02-20 18:55:39,121.539300,31.276500,  0,112,1
84181,2007-02-20 18:59:29,121.528000,31.270600, 48,112,0
84181,2007-02-20 19:15:28,121.488800,31.231300,  0,135,0
84181,2007-02-20 19:42:12,121.418600,31.245600, 48,112,1
84181,2007-02-20 19:43:13,121.412100,31.245500, 62,157,1
84181,2007-02-20 19:44:13,121.408800,31.247100,  0,135,1
84181,2007-02-20 19:45:15,121.405100,31.247500, 10,135,1
84181,2007-02-20 19:45:49,121.405100,31.247300,  0,112,0
84181,2007-02-20 19:46:50,121.404600,31.247100,  0,135,0
84181,2007-02-20 19:47:51,121.404500,31.247300,  0,135,0
84181,2007-02-20 19:48:36,121.407300,31.247100, 18, 45,0
84181,2007-02-20 19:49:37,121.407500,31.247100,  0, 90,0
84181,2007-02-20 19:50:00,121.408600,31.247000, 36, 45,0
84181,2007-02-20 19:50:16,121.410500,31.246100, 50, 67,0
84181,2007-02-20 19:50:32,121.412500,31.245000, 52, 67,0
84181,2007-02-20 19:50:48,121.413600,31.244100,  0, 67,0
84181,2007-02-20 19:51:23,121.414500,31.243500, 24, 67,0
84181,2007-02-20 19:51:41,121.415800,31.243600, 36, 22,0
84181,2007-02-20 19:51:57,121.418500,31.245300, 60, 22,0
84181,2007-02-20 19:52:13,121.420600,31.246300, 56, 22,0
84181,2007-02-20 19:52:28,121.422600,31.247300, 60, 22,0
84181,2007-02-20 19:52:45,121.424800,31.248300, 18, 22,0
84181,2007-02-20 19:53:18,121.425000,31.248500, 12, 22,1
84181,2007-02-20 19:55:21,121.435600,31.249100, 40, 67,1
84181,2007-02-20 19:57:10,121.441100,31.243100, 38, 67,1
84181,2007-02-20 19:58:11,121.444000,31.240500, 50, 67,1
84181,2007-02-20 19:59:12,121.446600,31.237300,  0, 67,1
84181,2007-02-20 20:01:13,121.452300,31.232800, 16, 22,1
84181,2007-02-20 20:02:15,121.456300,31.234500,  6, 22,1
84181,2007-02-20 20:03:43,121.459000,31.235500,  0, 22,1
84181,2007-02-20 20:04:43,121.462100,31.233000, 46, 90,1
84181,2007-02-20 20:05:45,121.463500,31.226800, 64, 67,1
84181,2007-02-20 20:06:46,121.472100,31.229300, 56, 22,1
84181,2007-02-20 20:07:47,121.474800,31.230800, 18, 22,1
84181,2007-02-20 20:08:36,121.475000,31.231000,  0, 45,0
84181,2007-02-20 20:09:37,121.475500,31.230500,  6, 67,0
84181,2007-02-20 20:10:19,121.475600,31.230100,  8, 67,1
84181,2007-02-20 20:11:20,121.475600,31.229000,  0,  0,1
84181,2007-02-20 20:12:21,121.475500,31.228800, 10,112,1
84181,2007-02-20 20:13:22,121.476000,31.226800,  0, 90,1
84181,2007-02-20 20:15:23,121.477100,31.222500, 24, 90,1
84181,2007-02-20 20:16:24,121.480800,31.216100, 36, 67,1
84181,2007-02-20 20:18:27,121.489800,31.214500, 66, 45,1
84181,2007-02-20 20:19:28,121.491100,31.214800,  0, 45,1
84181,2007-02-20 20:20:28,121.493800,31.213300, 58, 67,1
84181,2007-02-20 20:21:29,121.498100,31.210800, 60,157,1
84181,2007-02-20 20:22:31,121.502800,31.206600, 78, 45,1
84181,2007-02-20 20:23:31,121.513500,31.203300, 68, 45,1
84181,2007-02-20 20:24:32,121.522800,31.200500, 40, 90,1
84181,2007-02-20 20:25:33,121.521600,31.196000,  0, 90,1
84181,2007-02-20 20:26:34,121.520000,31.191300, 58, 90,1
84181,2007-02-20 20:27:35,121.516800,31.183600, 56, 90,1
84181,2007-02-20 20:28:36,121.519800,31.182100, 58, 22,1
84181,2007-02-20 20:29:37,121.529800,31.184800, 56, 45,1
84181,2007-02-20 20:30:38,121.537600,31.186500, 18, 45,1
84181,2007-02-20 20:30:46,121.537800,31.186500,  0, 45,0
84181,2007-02-20 20:31:46,121.537800,31.186500,  0, 45,0
84181,2007-02-20 20:32:48,121.538100,31.186100,  0,  0,0
84181,2007-02-20 20:33:21,121.537100,31.186500, 18,135,0
84181,2007-02-20 20:33:43,121.536500,31.187100, 28,  0,0
84181,2007-02-20 20:34:37,121.536500,31.187300, 12,  0,1
84181,2007-02-20 20:36:38,121.534000,31.198500, 90,  0,1
84181,2007-02-20 20:37:39,121.534000,31.205000, 28,  0,1
84181,2007-02-20 20:38:40,121.536100,31.211100,  0,  0,1
84181,2007-02-20 20:39:41,121.537300,31.214300,  4,  0,1
84181,2007-02-20 20:40:43,121.534800,31.215100,  0,135,1
84181,2007-02-20 20:41:43,121.529300,31.216500, 46,135,1
84181,2007-02-20 20:42:44,121.525000,31.216600,  0,135,1
84181,2007-02-20 20:43:45,121.520000,31.216600, 54,135,1
84181,2007-02-20 20:44:46,121.519600,31.219100,  4, 45,1
84181,2007-02-20 20:44:54,121.519600,31.219100,  0, 45,0
84181,2007-02-20 20:45:54,121.519600,31.219100,  4,135,0
84181,2007-02-20 20:46:32,121.518500,31.218600,  8, 90,1
84181,2007-02-20 20:47:32,121.521800,31.216500, 50, 45,1
84181,2007-02-20 20:48:33,121.525100,31.216500, 36, 45,1
84181,2007-02-20 20:49:34,121.529600,31.216500,  0, 45,1
84181,2007-02-20 20:50:35,121.527000,31.209100, 90, 90,1
84181,2007-02-20 20:51:36,121.523000,31.199000, 62, 90,1
84181,2007-02-20 20:52:37,121.520600,31.193100, 62, 90,1
84181,2007-02-20 20:53:38,121.519500,31.190300,  0, 90,1
84181,2007-02-20 20:54:39,121.523600,31.189300, 42, 45,1
84181,2007-02-20 20:55:40,121.529600,31.189100, 40, 90,1
84181,2007-02-20 20:56:41,121.529500,31.184800,  6,  0,1
84181,2007-02-20 20:57:42,121.528100,31.186000,  8,135,1
84181,2007-02-20 20:57:57,121.527800,31.186000,  0,135,0
84181,2007-02-20 20:58:57,121.527800,31.186000,  0,135,0
84181,2007-02-20 20:59:44,121.529000,31.186100,  8, 67,0
84181,2007-02-20 21:00:10,121.529300,31.185300, 22, 90,0
84181,2007-02-20 21:01:11,121.529300,31.184600,  0,135,0
84181,2007-02-20 21:02:07,121.526100,31.183600, 50,135,0
84181,2007-02-20 21:02:23,121.524800,31.183500,  0,135,0
84181,2007-02-20 21:02:44,121.524800,31.183500,  6,135,1
84181,2007-02-20 21:03:45,121.518100,31.181600, 56,135,1
84181,2007-02-20 21:04:46,121.518500,31.187300, 72,  0,1
84181,2007-02-20 21:05:47,121.521500,31.194800, 28,  0,1
84181,2007-02-20 21:06:48,121.521600,31.195500, 22,  0,1
84181,2007-02-20 21:07:49,121.525000,31.203600, 66,  0,1
84181,2007-02-20 21:08:50,121.527100,31.208800, 12,  0,1
84181,2007-02-20 21:09:51,121.527500,31.209300,  0,  0,1
84181,2007-02-20 21:10:52,121.530100,31.216300, 68,  0,1
84181,2007-02-20 21:11:53,121.534600,31.224800, 66, 22,1
84181,2007-02-20 21:12:54,121.543300,31.229000,  0, 45,1
84181,2007-02-20 21:13:55,121.548000,31.230500, 56, 45,1
84181,2007-02-20 21:14:56,121.552300,31.233000,  0, 22,1
84181,2007-02-20 21:15:57,121.558100,31.235800, 64, 22,1
84181,2007-02-20 21:16:58,121.560600,31.241500, 28,157,1
84181,2007-02-20 21:17:59,121.553100,31.249100, 90,157,1
84181,2007-02-20 21:19:00,121.543100,31.255600, 66,157,1
84181,2007-02-20 21:20:01,121.534600,31.263000, 60,157,1
84181,2007-02-20 21:21:02,121.528500,31.271800, 64,157,1
84181,2007-02-20 21:22:03,121.521100,31.279800, 50,157,1
84181,2007-02-20 21:23:04,121.515600,31.288000, 76,135,1
84181,2007-02-20 21:24:05,121.502800,31.288500, 84,157,1
84181,2007-02-20 21:25:06,121.490500,31.287600, 86,135,1
84181,2007-02-20 21:26:07,121.480500,31.287800, 36,135,1
84181,2007-02-20 21:27:08,121.482500,31.292100, 38, 22,1
84181,2007-02-20 21:29:10,121.480800,31.312000, 88,  0,1
84181,2007-02-20 21:30:11,121.480800,31.324000, 90,  0,1
84181,2007-02-20 21:31:12,121.487300,31.333600, 80, 22,1
84181,2007-02-20 21:33:14,121.496500,31.355600, 80,  0,1
84181,2007-02-20 21:34:15,121.491600,31.366800, 74,  0,1
84181,2007-02-20 21:35:16,121.487000,31.378500,100,  0,1
84181,2007-02-20 21:36:17,121.480000,31.389600, 74,157,1
84181,2007-02-20 21:38:19,121.473600,31.405000, 58, 45,1
84181,2007-02-20 21:39:20,121.477300,31.406300,  0, 45,1
84181,2007-02-20 21:40:21,121.481600,31.407800, 52, 22,1
84181,2007-02-20 21:41:22,121.482000,31.411000,  6,157,1
84181,2007-02-20 21:42:23,121.481100,31.412300,  0,135,1
84181,2007-02-20 21:42:24,121.481100,31.412300,  0,135,0
84181,2007-02-20 21:43:22,121.481600,31.411500, 26, 67,0
84181,2007-02-20 21:43:42,121.480800,31.410800, 36,135,0
84181,2007-02-20 21:43:58,121.479500,31.410300, 20,112,0
84181,2007-02-20 21:44:14,121.478100,31.410000, 32,112,0
84181,2007-02-20 21:45:15,121.477600,31.409600,  0,112,0
84181,2007-02-20 21:47:17,121.477600,31.409600,  0,112,0
84181,2007-02-20 21:48:18,121.477600,31.409600,  0,112,0
84181,2007-02-20 21:49:19,121.476600,31.409300,  6,112,0
84181,2007-02-20 21:49:53,121.476600,31.408500, 30, 90,0
84181,2007-02-20 21:50:09,121.477100,31.407500, 34, 67,0
84181,2007-02-20 21:50:25,121.477600,31.406300, 32, 67,0
84181,2007-02-20 21:50:41,121.478100,31.405100, 28, 90,0
84181,2007-02-20 21:51:21,121.478600,31.404100, 28, 67,0
84181,2007-02-20 21:51:37,121.479300,31.402600, 48, 90,0
84181,2007-02-20 21:51:53,121.480000,31.401100, 38, 67,0
84181,2007-02-20 21:52:49,121.480500,31.400100, 30, 67,0
84181,2007-02-20 21:53:05,121.481300,31.399000, 36, 67,0
84181,2007-02-20 21:53:40,121.482800,31.397100, 26, 67,0
84181,2007-02-20 21:53:56,121.483500,31.396000, 30, 67,0
84181,2007-02-20 21:54:12,121.484300,31.395000, 40, 67,0
84181,2007-02-20 21:54:28,121.485300,31.393600, 40, 67,0
84181,2007-02-20 21:54:44,121.486300,31.392100, 36, 67,0
84181,2007-02-20 21:55:29,121.486800,31.391300, 20,112,0
84181,2007-02-20 21:55:45,121.485300,31.390500, 46,112,0
84181,2007-02-20 21:56:01,121.484000,31.390000,  8,112,0
84181,2007-02-20 21:56:38,121.484000,31.389800, 12, 45,1
84181,2007-02-20 21:57:38,121.489500,31.387800, 56, 67,1
84181,2007-02-20 21:59:40,121.489800,31.380000, 20, 67,1
84181,2007-02-20 22:00:41,121.491000,31.378100, 32, 67,1
84181,2007-02-20 22:03:10,121.487800,31.375100, 10,112,1
84181,2007-02-20 22:04:11,121.488500,31.372600, 38, 90,1
84181,2007-02-20 22:05:12,121.492300,31.365000, 56, 90,1
84181,2007-02-20 22:07:14,121.496600,31.354600, 36, 90,1
84181,2007-02-20 22:08:15,121.497600,31.351600,  0, 90,1
84181,2007-02-20 22:09:16,121.496600,31.348800, 24,157,1
84181,2007-02-20 22:10:17,121.493100,31.349600, 26,157,1
84181,2007-02-20 22:11:03,121.492600,31.349800,  0,135,0
84181,2007-02-20 22:12:47,121.493300,31.349300, 18, 67,0
84181,2007-02-20 22:13:30,121.495100,31.349500, 32, 45,0
84181,2007-02-20 22:13:46,121.496100,31.349100, 24, 67,0
84181,2007-02-20 22:14:13,121.496800,31.348600,  6, 67,1
84181,2007-02-20 22:15:13,121.497100,31.354100, 76,157,1
84181,2007-02-20 22:16:14,121.492800,31.364300, 52,  0,1
84181,2007-02-20 22:18:16,121.484600,31.382500, 64,157,1
84181,2007-02-20 22:19:17,121.480100,31.382300,  0,112,1
84181,2007-02-20 22:20:18,121.472000,31.380100, 58,135,1
84181,2007-02-20 22:21:19,121.469600,31.379300,  0,112,1
84181,2007-02-20 22:22:20,121.465300,31.377600, 78,112,1
84181,2007-02-20 22:26:53,121.455300,31.371600, 10,112,1
84181,2007-02-20 22:27:54,121.455100,31.371600,  0, 45,1
84181,2007-02-20 22:28:55,121.455100,31.371600,  0,135,1
84181,2007-02-20 22:29:56,121.455100,31.371600,  0, 45,1
84181,2007-02-20 22:31:58,121.455100,31.371600,  0, 45,1
84181,2007-02-20 22:32:59,121.455100,31.371600,  0, 45,1
84181,2007-02-20 22:34:00,121.455100,31.371600,  0, 45,1
84181,2007-02-20 22:36:02,121.454800,31.372000, 12,157,1
84181,2007-02-20 22:37:03,121.454600,31.372100,  0, 67,1
84181,2007-02-20 22:38:04,121.454600,31.372100,  0, 67,1
84181,2007-02-20 22:39:05,121.455600,31.372600, 18,  0,1
84181,2007-02-20 22:40:45,121.458300,31.375000,  0, 22,1
84181,2007-02-20 22:41:45,121.460600,31.375800, 74, 45,1
84181,2007-02-20 22:42:46,121.469100,31.379100,  0, 22,1
84181,2007-02-20 22:44:48,121.483100,31.384000,  8, 22,1
84181,2007-02-20 22:45:49,121.483300,31.384000,  0, 45,1
84181,2007-02-20 22:46:50,121.485000,31.381500, 74, 67,1
84181,2007-02-20 22:47:51,121.490100,31.370000, 78, 67,1
84181,2007-02-20 22:48:52,121.493300,31.362500,  0, 90,1
84181,2007-02-20 22:49:53,121.495300,31.357600, 88, 90,1
84181,2007-02-20 22:50:54,121.497300,31.353300, 72, 90,1
84181,2007-02-20 22:51:55,121.496100,31.348600, 28,112,1
84181,2007-02-20 22:52:56,121.495000,31.347500,  0, 67,1
84181,2007-02-20 22:53:00,121.495000,31.347500,  0, 67,0
84181,2007-02-20 22:54:01,121.495100,31.347300,  0, 45,0
84181,2007-02-20 22:54:37,121.494800,31.348300, 18, 45,0
84181,2007-02-20 22:54:53,121.496100,31.348600, 18, 22,0
84181,2007-02-20 22:55:54,121.496800,31.348600,  0, 67,0
84181,2007-02-20 22:56:55,121.497000,31.348600,  0, 67,0
84181,2007-02-20 22:57:56,121.497000,31.348600,  0, 67,0
84181,2007-02-20 22:58:57,121.497000,31.348600,  0, 67,0
84181,2007-02-20 22:59:58,121.497000,31.348600,  0, 67,0
84181,2007-02-20 23:00:59,121.497000,31.348600,  0, 67,0
84181,2007-02-20 23:02:00,121.497000,31.348600,  0, 67,0
84181,2007-02-20 23:02:38,121.495600,31.346100, 32,112,0
84181,2007-02-20 23:03:28,121.495000,31.345100, 50,112,0
84181,2007-02-20 23:03:44,121.493800,31.343000, 64,112,0
84181,2007-02-20 23:04:00,121.493000,31.341800, 20,112,0
84181,2007-02-20 23:04:16,121.492500,31.340800, 52, 90,0
84181,2007-02-20 23:04:32,121.490800,31.338500, 88,112,0
84181,2007-02-20 23:05:04,121.487300,31.334000, 56,112,0
84181,2007-02-20 23:05:20,121.486600,31.333000, 12,112,0
84181,2007-02-20 23:05:36,121.485800,31.331800, 64,112,0
84181,2007-02-20 23:05:52,121.484100,31.329600, 66,112,0
84181,2007-02-20 23:06:08,121.482800,31.328000, 34,112,0
84181,2007-02-20 23:06:45,121.482100,31.327000, 56,112,0
84181,2007-02-20 23:07:01,121.480600,31.324600, 54, 90,0
84181,2007-02-20 23:07:17,121.480500,31.322800, 46, 90,0
84181,2007-02-20 23:07:33,121.480600,31.320800, 44, 90,0
84181,2007-02-20 23:07:49,121.480600,31.319300, 62, 90,0
84181,2007-02-20 23:08:05,121.480600,31.317000, 56, 90,0
84181,2007-02-20 23:08:21,121.480600,31.315600, 38, 90,0
84181,2007-02-20 23:08:37,121.480600,31.314100, 38, 90,0
84181,2007-02-20 23:08:53,121.480600,31.313100,  0, 90,0
84181,2007-02-20 23:09:54,121.480600,31.313100,  0, 90,0
84181,2007-02-20 23:11:11,121.484300,31.313300, 50, 45,0
84181,2007-02-20 23:11:43,121.485600,31.311100, 40, 90,0
84181,2007-02-20 23:12:34,121.486600,31.309800, 52, 45,0
84181,2007-02-20 23:12:52,121.488300,31.309800,  0, 45,0
84181,2007-02-20 23:13:16,121.489500,31.309800, 56, 45,0
84181,2007-02-20 23:13:32,121.491500,31.309600, 26, 67,0
84181,2007-02-20 23:13:49,121.491800,31.308800,  6, 90,0
84181,2007-02-20 23:14:38,121.492000,31.308600,  4, 90,1
84181,2007-02-20 23:15:38,121.494600,31.303600, 52, 45,1
84181,2007-02-20 23:16:39,121.501600,31.304100, 24, 22,1
84181,2007-02-20 23:17:22,121.501300,31.305000,  0,157,0
84181,2007-02-20 23:17:52,121.501100,31.305100,  8,112,0
84181,2007-02-20 23:18:13,121.501600,31.304300, 26, 67,0
84181,2007-02-20 23:18:58,121.503100,31.303000, 40, 45,0
84181,2007-02-20 23:19:46,121.509000,31.304800, 14, 45,0
84181,2007-02-20 23:20:50,121.510800,31.304600,  4, 45,0
84181,2007-02-20 23:21:51,121.511300,31.304000,  0, 67,0
84181,2007-02-20 23:22:06,121.511300,31.304000,  4, 45,1
84181,2007-02-20 23:23:06,121.513500,31.303600,  6, 22,1
84181,2007-02-20 23:24:07,121.515100,31.303800,  0, 90,1
84181,2007-02-20 23:25:08,121.515100,31.303600,  0, 90,1
84181,2007-02-20 23:26:09,121.522300,31.305100, 74, 45,1
84181,2007-02-20 23:27:10,121.527500,31.305300, 22, 90,1
84181,2007-02-20 23:28:11,121.527600,31.300100, 36, 90,1
84181,2007-02-20 23:29:12,121.530300,31.293300, 58, 90,1
84181,2007-02-20 23:30:13,121.532000,31.287300, 44, 45,1
84181,2007-02-20 23:31:14,121.536500,31.290300, 46, 22,1
84181,2007-02-20 23:32:15,121.538100,31.289300,  0, 67,1
84181,2007-02-20 23:32:55,121.538600,31.288800, 18, 67,0
84181,2007-02-20 23:33:26,121.536300,31.287100, 32,112,0
84181,2007-02-20 23:34:59,121.533000,31.285300, 14,112,0
84181,2007-02-20 23:35:15,121.531100,31.284500, 74,112,0
84181,2007-02-20 23:35:31,121.528500,31.283100, 58,112,0
84181,2007-02-20 23:35:47,121.526100,31.282000, 62,112,0
84181,2007-02-20 23:36:03,121.524500,31.281000, 38,112,0
84181,2007-02-20 23:36:30,121.522800,31.280300,  0,112,0
84181,2007-02-20 23:37:20,121.522800,31.280300,  0,112,0
84181,2007-02-20 23:37:58,121.522800,31.280300, 10,112,1
84181,2007-02-20 23:38:59,121.523800,31.277100,  0, 67,1
84181,2007-02-20 23:40:00,121.521600,31.279300, 64,157,1
84181,2007-02-20 23:41:01,121.514600,31.287800, 64,135,1
84181,2007-02-20 23:42:02,121.501800,31.288800, 80,135,1
84181,2007-02-20 23:43:03,121.490100,31.287600, 86,135,1
84181,2007-02-20 23:44:04,121.480800,31.287800, 44,135,1
84181,2007-02-20 23:45:05,121.482600,31.292500, 62, 22,1
84181,2007-02-20 23:46:06,121.482500,31.301800, 98,  0,1
84181,2007-02-20 23:47:07,121.480800,31.313500, 80,  0,1
84181,2007-02-20 23:48:08,121.481500,31.326000, 82, 22,1
84181,2007-02-20 23:49:09,121.488800,31.335500, 78, 22,1
84181,2007-02-20 23:50:10,121.495300,31.345300, 82, 22,1
84181,2007-02-20 23:51:11,121.496600,31.355100, 80,  0,1
84181,2007-02-20 23:52:12,121.492500,31.365000, 74,  0,1
84181,2007-02-20 23:53:13,121.488600,31.373500, 18,157,1
84181,2007-02-20 23:54:14,121.487300,31.371300, 40,112,1
84181,2007-02-20 23:54:58,121.486800,31.372800,  0, 22,0
84181,2007-02-20 23:55:14,121.486800,31.372800,  0, 22,0
84181,2007-02-20 23:56:15,121.486800,31.372800,  0, 22,0
84181,2007-02-20 23:56:35,121.487800,31.373300, 14, 22,0
84181,2007-02-20 23:57:36,121.488000,31.373500,  0, 22,0
84181,2007-02-20 23:58:37,121.488000,31.373500,  0, 22,0
84181,2007-02-20 23:59:00,121.488600,31.372800, 46, 90,0
84181,2007-02-20 23:59:16,121.489800,31.370500, 76, 67,0
84181,2007-02-20 23:59:32,121.491100,31.368000, 70, 90,0
84181,2007-02-20 23:59:48,121.492100,31.365500, 66, 90,0
