87069,2007-02-20 01:53:16,121.369100,31.236300, 36,157,1
87069,2007-02-20 01:54:17,121.367300,31.238600,  0, 90,0
87069,2007-02-20 01:54:32,121.367300,31.238600,  0, 90,0
87069,2007-02-20 01:55:33,121.367300,31.238300, 30, 90,0
87069,2007-02-20 01:55:49,121.367000,31.237100, 34, 67,0
87069,2007-02-20 01:56:21,121.370800,31.235500, 58, 67,0
87069,2007-02-20 01:56:37,121.372100,31.235000,  0, 45,0
87069,2007-02-20 01:57:20,121.373100,31.234600, 44, 45,0
87069,2007-02-20 01:57:36,121.374800,31.234300, 24, 45,0
87069,2007-02-20 01:58:37,121.375000,31.234300,  0, 45,0
87069,2007-02-20 01:58:56,121.376100,31.234100, 42, 45,0
87069,2007-02-20 01:59:28,121.379800,31.233600, 52, 45,0
87069,2007-02-20 02:00:00,121.385800,31.233100, 72, 45,0
87069,2007-02-20 02:00:16,121.388600,31.233500, 64, 45,0
87069,2007-02-20 02:00:32,121.390800,31.233500, 36, 45,0
87069,2007-02-20 02:01:11,121.391800,31.233600, 36, 45,0
87069,2007-02-20 02:01:27,121.394000,31.233600, 52, 45,0
87069,2007-02-20 02:01:43,121.396300,31.233800, 56, 45,0
87069,2007-02-20 02:01:59,121.398600,31.233800, 36, 45,0
87069,2007-02-20 02:02:18,121.399600,31.233600, 34, 45,0
87069,2007-02-20 02:02:34,121.401600,31.233500, 46, 45,0
87069,2007-02-20 02:02:50,121.403600,31.233100, 46, 45,0
87069,2007-02-20 02:03:06,121.405300,31.232800,  6, 45,0
87069,2007-02-20 02:04:07,121.405300,31.232800,  0, 45,0
87069,2007-02-20 02:05:08,121.405300,31.232800, 10, 45,0
87069,2007-02-20 02:05:24,121.406600,31.232600, 42, 45,0
87069,2007-02-20 02:05:39,121.408500,31.232800, 40, 45,0
87069,2007-02-20 02:06:11,121.412100,31.234100, 46, 22,0
87069,2007-02-20 02:06:27,121.414000,31.235100, 56, 22,0
87069,2007-02-20 02:06:43,121.415500,31.236600, 42, 22,0
87069,2007-02-20 02:06:59,121.416300,31.236300, 18, 67,0
87069,2007-02-20 02:07:15,121.416800,31.235100, 52, 67,0
87069,2007-02-20 02:07:31,121.417300,31.234100,  0, 90,0
87069,2007-02-20 02:07:49,121.417800,31.233300, 48, 67,0
87069,2007-02-20 02:08:05,121.418600,31.231500, 58, 67,0
87069,2007-02-20 02:08:21,121.419600,31.229600, 58, 67,0
87069,2007-02-20 02:08:37,121.420600,31.227600, 38, 67,0
87069,2007-02-20 02:08:53,121.422000,31.226500, 46, 67,0
87069,2007-02-20 02:09:19,121.423000,31.225800, 30, 67,0
87069,2007-02-20 02:09:35,121.424100,31.224800, 10, 67,0
87069,2007-02-20 02:10:13,121.425000,31.224100, 44, 67,0
87069,2007-02-20 02:10:29,121.425800,31.222500, 54, 90,0
87069,2007-02-20 02:11:01,121.427100,31.218600, 50, 90,0
87069,2007-02-20 02:11:35,121.427600,31.217600, 26, 90,0
87069,2007-02-20 02:11:51,121.428100,31.216500, 28, 67,0
87069,2007-02-20 02:12:13,121.429000,31.216000, 26, 22,0
87069,2007-02-20 02:12:29,121.430800,31.217500, 50, 22,0
87069,2007-02-20 02:12:45,121.432600,31.218800, 54, 22,0
87069,2007-02-20 02:13:01,121.434600,31.220100, 60, 22,0
87069,2007-02-20 02:13:17,121.436800,31.221100, 58, 45,0
87069,2007-02-20 02:13:33,121.439300,31.222100, 62, 22,0
87069,2007-02-20 02:13:49,121.442000,31.222800, 68, 45,0
87069,2007-02-20 02:14:05,121.444600,31.223500, 64, 22,0
87069,2007-02-20 02:14:21,121.447100,31.224500, 62, 22,0
87069,2007-02-20 02:14:37,121.449800,31.225500, 70, 45,0
87069,2007-02-20 02:15:09,121.455100,31.225600, 64, 45,0
87069,2007-02-20 02:15:25,121.457800,31.225600, 54, 45,0
87069,2007-02-20 02:15:41,121.460300,31.225600, 66, 45,0
87069,2007-02-20 02:15:57,121.463100,31.225600, 64, 45,0
87069,2007-02-20 02:16:29,121.468000,31.227300, 32, 45,0
87069,2007-02-20 02:16:45,121.469600,31.228100, 50, 22,0
87069,2007-02-20 02:17:01,121.471800,31.229100, 58, 22,0
87069,2007-02-20 02:17:17,121.473600,31.230300, 34, 22,0
87069,2007-02-20 02:18:18,121.473600,31.231000,  0,157,0
87069,2007-02-20 02:19:19,121.473600,31.231000,  0,157,0
87069,2007-02-20 02:20:20,121.473600,31.231000,  0,157,0
87069,2007-02-20 02:22:22,121.473600,31.231000,  0,157,0
87069,2007-02-20 02:24:24,121.473600,31.231000,  0,157,0
87069,2007-02-20 02:27:27,121.473600,31.231000,  0,157,0
87069,2007-02-20 02:28:28,121.473600,31.231000,  0,157,0
87069,2007-02-20 02:29:48,121.473600,31.231000,  0,157,0
87069,2007-02-20 02:30:48,121.473600,31.231000,  0,157,0
87069,2007-02-20 02:31:50,121.473500,31.231000,  0,157,0
87069,2007-02-20 02:32:51,121.473500,31.231300,  0,  0,0
87069,2007-02-20 02:33:52,121.473500,31.231100,  4,112,0
87069,2007-02-20 02:34:53,121.473500,31.231100,  0,112,0
87069,2007-02-20 02:35:53,121.473500,31.231100,  0,112,0
87069,2007-02-20 02:36:55,121.473500,31.231100,  0, 45,0
87069,2007-02-20 02:39:58,121.473500,31.231100,  0, 45,0
87069,2007-02-20 02:40:58,121.473500,31.231100,  0, 45,0
87069,2007-02-20 02:42:00,121.473500,31.231100,  0, 45,0
87069,2007-02-20 02:44:02,121.473500,31.231100,  0, 45,0
87069,2007-02-20 02:46:03,121.473500,31.231100,  0, 45,0
87069,2007-02-20 02:47:05,121.473500,31.231100,  0, 45,0
87069,2007-02-20 02:48:06,121.473500,31.231100,  0, 45,0
87069,2007-02-20 02:49:07,121.473500,31.231100,  0, 45,0
87069,2007-02-20 02:50:08,121.473500,31.231100,  0, 45,0
87069,2007-02-20 02:51:08,121.473500,31.231100,  0, 45,0
87069,2007-02-20 02:52:10,121.473500,31.231100,  0, 45,0
87069,2007-02-20 02:53:11,121.473500,31.231100,  0, 45,0
87069,2007-02-20 05:47:06,121.442000,31.255300,  0,  0,0
87069,2007-02-20 05:48:06,121.442000,31.255600,  0, 22,0
87069,2007-02-20 05:49:07,121.442000,31.255600,  0, 22,0
87069,2007-02-20 05:50:08,121.442000,31.255600,  0, 22,0
87069,2007-02-20 05:51:09,121.442000,31.255600,  0, 22,0
87069,2007-02-20 05:53:11,121.442000,31.255600,  0, 22,0
87069,2007-02-20 05:54:12,121.442000,31.255600,  0, 22,0
87069,2007-02-20 05:55:13,121.442000,31.255600,  0, 22,0
87069,2007-02-20 05:56:14,121.442000,31.255600,  0, 22,0
87069,2007-02-20 05:57:15,121.442000,31.255500,  0, 22,0
87069,2007-02-20 05:58:16,121.442000,31.255500,  0, 22,0
87069,2007-02-20 05:59:17,121.442000,31.255500,  0, 22,0
87069,2007-02-20 06:00:18,121.442000,31.255500,  0, 22,0
87069,2007-02-20 06:01:19,121.442000,31.255500,  0, 22,0
87069,2007-02-20 06:02:20,121.442000,31.255500,  0, 22,0
87069,2007-02-20 06:03:21,121.442000,31.255500,  0, 22,0
87069,2007-02-20 06:04:23,121.442000,31.255500,  0, 22,0
87069,2007-02-20 06:05:23,121.442000,31.255500,  0, 22,0
87069,2007-02-20 06:06:24,121.442000,31.255800,  0, 22,0
87069,2007-02-20 06:07:25,121.442000,31.255800,  0, 22,0
87069,2007-02-20 06:08:26,121.442000,31.255500,  0, 22,0
87069,2007-02-20 06:09:27,121.442000,31.255500,  0, 22,0
87069,2007-02-20 06:10:28,121.442000,31.255500,  0, 22,0
87069,2007-02-20 06:13:31,121.442000,31.255500,  0, 22,0
87069,2007-02-20 06:14:32,121.442000,31.255500,  0, 22,0
87069,2007-02-20 06:16:34,121.442000,31.255500,  0, 22,0
87069,2007-02-20 06:17:35,121.442000,31.255500,  0, 22,0
87069,2007-02-20 06:18:36,121.442000,31.255500,  0, 22,0
87069,2007-02-20 06:19:37,121.442000,31.255500,  0, 22,0
87069,2007-02-20 06:20:38,121.442000,31.255500,  0, 22,0
87069,2007-02-20 06:21:39,121.442000,31.255500,  0, 22,0
87069,2007-02-20 06:21:55,121.440800,31.255800, 46,135,0
87069,2007-02-20 06:22:11,121.438600,31.256500, 52,135,0
87069,2007-02-20 06:22:27,121.436600,31.256500, 22,135,0
87069,2007-02-20 06:22:43,121.435500,31.257500, 46,135,0
87069,2007-02-20 06:22:59,121.433600,31.256800, 46,112,0
87069,2007-02-20 06:23:15,121.431800,31.256000, 36,112,0
87069,2007-02-20 06:23:31,121.430300,31.254600, 60,112,0
87069,2007-02-20 06:23:47,121.428800,31.252600, 62,112,0
87069,2007-02-20 06:24:03,121.427800,31.252800, 44,157,0
87069,2007-02-20 06:24:19,121.426800,31.254800, 60,  0,0
87069,2007-02-20 06:24:35,121.426000,31.257000, 76,  0,0
87069,2007-02-20 06:24:51,121.426100,31.260100, 82,  0,0
87069,2007-02-20 06:25:07,121.426300,31.263100, 70,  0,0
87069,2007-02-20 06:25:37,121.426500,31.264100, 28,  0,0
87069,2007-02-20 06:26:09,121.425600,31.267300,  0,  0,0
87069,2007-02-20 06:26:57,121.425500,31.268300, 54,  0,0
87069,2007-02-20 06:27:13,121.425800,31.270600, 42,  0,0
87069,2007-02-20 06:28:07,121.426500,31.273500, 62,  0,0
87069,2007-02-20 06:29:08,121.427000,31.274100,  4, 22,0
87069,2007-02-20 06:29:38,121.426500,31.275000, 48,157,0
87069,2007-02-20 06:29:54,121.425100,31.276600, 50,157,0
87069,2007-02-20 06:30:10,121.423600,31.278100, 56,157,0
87069,2007-02-20 06:30:26,121.421800,31.280000, 64,157,0
87069,2007-02-20 06:30:42,121.420000,31.281600, 42,157,0
87069,2007-02-20 06:31:33,121.419500,31.282500, 36,157,0
87069,2007-02-20 06:31:49,121.418500,31.284000, 44,157,0
87069,2007-02-20 06:32:47,121.418000,31.285000, 42,157,0
87069,2007-02-20 06:33:03,121.416800,31.286800, 58,157,0
87069,2007-02-20 06:33:19,121.415500,31.289100, 82,157,0
87069,2007-02-20 06:33:51,121.412100,31.294600, 82,157,0
87069,2007-02-20 06:34:08,121.411100,31.296500, 26,157,0
87069,2007-02-20 06:34:32,121.410600,31.297300, 38,157,0
87069,2007-02-20 06:34:54,121.409500,31.299600, 60,  0,0
87069,2007-02-20 06:35:10,121.409000,31.302300, 80,  0,0
87069,2007-02-20 06:35:26,121.409000,31.305300, 82,  0,0
87069,2007-02-20 06:35:42,121.408300,31.308100, 68,  0,0
87069,2007-02-20 06:35:58,121.407100,31.310000, 32,157,0
87069,2007-02-20 06:36:14,121.405100,31.309800, 62,135,0
87069,2007-02-20 06:36:30,121.402500,31.309600, 58,135,0
87069,2007-02-20 06:36:46,121.399600,31.309500, 70,135,0
87069,2007-02-20 06:37:02,121.397500,31.309300, 52,135,0
87069,2007-02-20 06:37:34,121.393300,31.308500, 40, 90,0
87069,2007-02-20 06:38:35,121.393100,31.308000,  0, 90,0
87069,2007-02-20 06:39:36,121.393100,31.308000,  0, 90,0
87069,2007-02-20 06:40:37,121.393100,31.308000,  0, 90,0
87069,2007-02-20 06:41:38,121.393100,31.308000,  0, 90,0
87069,2007-02-20 06:42:39,121.393000,31.307600, 24, 90,0
87069,2007-02-20 06:42:55,121.392600,31.306500, 26, 90,0
87069,2007-02-20 06:43:14,121.392300,31.305600, 30, 90,0
87069,2007-02-20 06:43:30,121.392000,31.304300, 40, 90,0
87069,2007-02-20 06:43:46,121.391500,31.303000, 34, 90,0
87069,2007-02-20 06:44:02,121.391000,31.301500, 42, 90,0
87069,2007-02-20 06:44:18,121.389500,31.301300, 50,135,0
87069,2007-02-20 06:44:34,121.387300,31.301500, 54,135,0
87069,2007-02-20 06:44:50,121.384800,31.301600, 58,135,0
87069,2007-02-20 06:45:06,121.382300,31.301800, 60,135,0
87069,2007-02-20 06:45:22,121.379500,31.302000, 66,135,0
87069,2007-02-20 06:45:38,121.377000,31.301500, 54,135,0
87069,2007-02-20 06:45:54,121.375100,31.301000, 38,135,0
87069,2007-02-20 06:46:10,121.373000,31.300500, 54,135,0
87069,2007-02-20 06:46:26,121.370600,31.300000, 56,135,0
87069,2007-02-20 06:46:42,121.368300,31.299300, 58,135,0
87069,2007-02-20 06:46:58,121.365600,31.298600, 60,135,0
87069,2007-02-20 06:47:14,121.363500,31.298100, 34,135,0
87069,2007-02-20 06:48:15,121.363000,31.298100,  0,135,0
87069,2007-02-20 06:49:16,121.363100,31.298000, 14, 45,0
87069,2007-02-20 06:49:33,121.364300,31.298300, 30, 45,0
87069,2007-02-20 06:49:49,121.365800,31.298600, 38, 45,0
87069,2007-02-20 06:50:05,121.367600,31.299100, 48, 45,0
87069,2007-02-20 06:50:21,121.369800,31.299600, 46, 45,0
87069,2007-02-20 06:50:37,121.371800,31.300100, 52, 45,0
87069,2007-02-20 06:50:53,121.374000,31.300600, 48, 45,0
87069,2007-02-20 06:51:09,121.376100,31.301100, 48, 45,0
87069,2007-02-20 06:51:25,121.378100,31.301600, 46, 45,0
87069,2007-02-20 06:51:41,121.380100,31.301800, 44, 45,0
87069,2007-02-20 06:51:57,121.382000,31.301800, 44, 45,0
87069,2007-02-20 06:52:13,121.384100,31.301600, 50, 45,0
87069,2007-02-20 06:52:29,121.386100,31.301500, 54, 45,0
87069,2007-02-20 06:52:45,121.388500,31.301300, 52, 45,0
87069,2007-02-20 06:53:01,121.390600,31.301100, 18, 45,0
87069,2007-02-20 06:53:19,121.391100,31.302000, 36, 22,0
87069,2007-02-20 06:53:36,121.391800,31.303500, 24, 22,0
87069,2007-02-20 06:56:05,121.393500,31.308600, 16,  0,0
87069,2007-02-20 06:56:24,121.394300,31.309000, 28, 45,0
87069,2007-02-20 06:56:40,121.395600,31.309100, 30, 45,0
87069,2007-02-20 06:56:56,121.397000,31.309100, 34, 45,0
87069,2007-02-20 06:57:12,121.398600,31.309300, 40, 45,0
87069,2007-02-20 06:57:28,121.400500,31.309500, 38, 45,0
87069,2007-02-20 06:57:44,121.402000,31.309600, 36, 45,0
87069,2007-02-20 06:58:00,121.403500,31.309600, 36, 45,0
87069,2007-02-20 06:58:16,121.404800,31.309800, 16, 45,0
87069,2007-02-20 06:58:39,121.406000,31.310000, 32, 45,0
87069,2007-02-20 06:58:56,121.407100,31.310000, 22, 67,0
87069,2007-02-20 06:59:12,121.408000,31.308800, 42, 67,0
87069,2007-02-20 06:59:28,121.408500,31.307100, 46, 90,0
87069,2007-02-20 06:59:44,121.408800,31.305300, 52, 90,0
87069,2007-02-20 07:00:00,121.409000,31.303300, 52, 90,0
87069,2007-02-20 07:00:16,121.409000,31.301300, 52, 90,0
87069,2007-02-20 07:00:32,121.409500,31.299300, 54, 90,0
87069,2007-02-20 07:00:48,121.410500,31.297300, 56, 67,0
87069,2007-02-20 07:01:04,121.411500,31.295500, 56, 67,0
87069,2007-02-20 07:01:20,121.412600,31.293500, 54, 67,0
87069,2007-02-20 07:01:36,121.413800,31.291600, 52, 67,0
87069,2007-02-20 07:01:52,121.414800,31.289800, 46, 67,0
87069,2007-02-20 07:02:08,121.416500,31.289500, 42, 45,0
87069,2007-02-20 07:02:24,121.418100,31.289500, 34, 45,0
87069,2007-02-20 07:02:40,121.419600,31.289500, 52, 45,0
87069,2007-02-20 07:02:56,121.421800,31.290000, 50, 45,0
87069,2007-02-20 07:03:12,121.424100,31.290500, 62, 45,0
87069,2007-02-20 07:03:44,121.430000,31.291500, 78, 45,0
87069,2007-02-20 07:04:00,121.433100,31.292000, 66, 45,0
87069,2007-02-20 07:04:16,121.435800,31.292500, 58, 45,0
87069,2007-02-20 07:04:32,121.438100,31.293000, 56, 45,0
87069,2007-02-20 07:06:16,121.454100,31.296300, 56, 45,0
87069,2007-02-20 07:06:33,121.456800,31.296100, 52, 45,0
87069,2007-02-20 07:06:48,121.459000,31.295500, 58, 67,0
87069,2007-02-20 07:07:04,121.461500,31.294500, 60, 67,0
87069,2007-02-20 07:07:20,121.462100,31.293100, 40, 90,0
87069,2007-02-20 07:07:36,121.461800,31.292300, 12,157,0
87069,2007-02-20 07:08:13,121.460800,31.292800, 10,157,0
87069,2007-02-20 07:09:15,121.461600,31.292500,  0, 67,0
87069,2007-02-20 07:10:16,121.461600,31.292500,  0, 67,0
87069,2007-02-20 07:11:17,121.461600,31.292500,  0, 67,0
87069,2007-02-20 07:12:18,121.461600,31.292500,  0, 67,0
87069,2007-02-20 07:13:18,121.461600,31.292500,  0, 67,0
87069,2007-02-20 07:14:20,121.461600,31.292500,  0, 67,0
87069,2007-02-20 07:15:21,121.461600,31.292500,  0, 67,0
87069,2007-02-20 07:16:22,121.461600,31.292500,  0, 67,0
87069,2007-02-20 07:17:23,121.461600,31.292500,  0, 67,0
87069,2007-02-20 11:06:26,121.461600,31.292500,  0,  0,0
87069,2007-02-20 11:06:47,121.461600,31.292500,  0,  0,1
87069,2007-02-20 11:08:53,121.527500,31.306100,  0,  0,0
87069,2007-02-20 11:09:30,121.527100,31.307100, 16,135,0
87069,2007-02-20 11:09:46,121.525600,31.306600, 46,135,0
87069,2007-02-20 11:10:02,121.523300,31.306000, 64,135,0
87069,2007-02-20 11:10:18,121.520500,31.305000, 66,135,0
87069,2007-02-20 11:10:34,121.518000,31.304300, 60,135,0
87069,2007-02-20 11:10:50,121.515800,31.303600, 42,135,0
87069,2007-02-20 11:11:06,121.515100,31.304100, 32,  0,0
87069,2007-02-20 11:11:22,121.515000,31.305600, 16,  0,0
87069,2007-02-20 11:11:46,121.515000,31.306800, 30,  0,0
87069,2007-02-20 11:12:02,121.514800,31.308000, 34,  0,0
87069,2007-02-20 11:12:18,121.514800,31.309300, 32,  0,0
87069,2007-02-20 11:12:34,121.514100,31.310000, 42,135,0
87069,2007-02-20 11:12:50,121.512000,31.310000, 52,135,0
87069,2007-02-20 11:13:06,121.509800,31.310000, 52,135,0
87069,2007-02-20 11:14:04,121.506600,31.310000, 40,135,0
87069,2007-02-20 11:14:20,121.504500,31.310000, 52,135,0
87069,2007-02-20 11:14:36,121.502100,31.310000, 44,135,0
87069,2007-02-20 11:14:52,121.500100,31.310000, 46,135,0
87069,2007-02-20 11:15:08,121.498800,31.310000,  0,135,0
87069,2007-02-20 11:16:09,121.498800,31.310000,  0,135,0
87069,2007-02-20 11:16:27,121.497800,31.310000, 44,135,0
87069,2007-02-20 11:16:43,121.496000,31.310000, 22,135,0
87069,2007-02-20 11:17:22,121.494600,31.310000, 40,135,0
87069,2007-02-20 11:17:38,121.492500,31.310000, 50,135,0
87069,2007-02-20 11:17:54,121.490300,31.310000, 52,135,0
87069,2007-02-20 11:18:10,121.487600,31.310000, 68,135,0
87069,2007-02-20 11:18:42,121.482600,31.310000, 46,135,0
87069,2007-02-20 11:19:43,121.482000,31.310000,  0,135,0
87069,2007-02-20 11:20:28,121.480800,31.310000, 32,135,0
87069,2007-02-20 11:20:44,121.479100,31.310000, 38,135,0
87069,2007-02-20 11:21:45,121.478800,31.309800,  0,135,0
87069,2007-02-20 11:22:46,121.478800,31.309800,  0,135,0
87069,2007-02-20 11:23:42,121.478500,31.309800, 16, 45,1
87069,2007-02-20 11:24:42,121.480300,31.309600,  0, 67,1
87069,2007-02-20 11:26:44,121.482500,31.301100, 62, 67,1
87069,2007-02-20 11:27:46,121.486000,31.293000, 66, 90,1
87069,2007-02-20 11:28:46,121.486300,31.288300,  0, 90,1
87069,2007-02-20 11:29:47,121.486300,31.288100,  0, 90,1
87069,2007-02-20 11:30:48,121.486100,31.285600, 32, 90,1
87069,2007-02-20 11:32:50,121.485800,31.278800,  0, 90,1
87069,2007-02-20 11:33:51,121.487600,31.273500, 54, 67,1
87069,2007-02-20 11:34:52,121.489500,31.270500,  0, 90,1
87069,2007-02-20 11:36:54,121.487000,31.268000, 48,112,1
87069,2007-02-20 11:37:55,121.485100,31.263600, 22, 90,1
87069,2007-02-20 11:38:56,121.484800,31.263000,  0, 90,1
87069,2007-02-20 11:39:57,121.484300,31.262100, 38, 90,1
87069,2007-02-20 11:40:58,121.482600,31.255300, 32, 67,1
87069,2007-02-20 11:41:59,121.483600,31.254300, 12, 67,1
87069,2007-02-20 11:43:00,121.485100,31.248500, 52, 90,1
87069,2007-02-20 11:44:01,121.485500,31.241500, 10, 90,1
87069,2007-02-20 11:44:04,121.485500,31.241500,  0, 90,0
87069,2007-02-20 11:44:11,121.485500,31.241500,  0, 90,1
87069,2007-02-20 11:44:13,121.485500,31.241500,  0, 90,0
87069,2007-02-20 11:45:13,121.485300,31.240800,  0, 90,0
87069,2007-02-20 11:45:41,121.483800,31.240500, 38,135,0
87069,2007-02-20 11:46:24,121.482100,31.239800, 30,112,0
87069,2007-02-20 11:46:40,121.480800,31.239500, 24,112,0
87069,2007-02-20 11:46:57,121.480000,31.240000, 20,157,0
87069,2007-02-20 11:47:18,121.479500,31.241100, 34,157,0
87069,2007-02-20 11:47:34,121.479000,31.242500, 30,  0,0
87069,2007-02-20 11:47:50,121.478500,31.243800, 36,  0,0
87069,2007-02-20 11:48:22,121.477500,31.246600,  4,  0,0
87069,2007-02-20 11:48:50,121.477300,31.247600, 26,  0,0
87069,2007-02-20 11:49:10,121.477000,31.248600, 26,  0,0
87069,2007-02-20 11:49:50,121.476500,31.249600, 28,135,0
87069,2007-02-20 11:50:23,121.474100,31.248800, 44,135,0
87069,2007-02-20 11:50:39,121.472300,31.248300, 46,135,0
87069,2007-02-20 11:50:55,121.470100,31.247600, 56,135,0
87069,2007-02-20 11:51:11,121.467600,31.247100, 52,135,0
87069,2007-02-20 11:52:12,121.466800,31.247000,  0,135,0
87069,2007-02-20 11:53:13,121.466800,31.247000,  0,135,0
87069,2007-02-20 11:53:36,121.465600,31.246600, 44,135,0
87069,2007-02-20 11:53:52,121.463600,31.246300, 50,135,0
87069,2007-02-20 11:54:09,121.461100,31.246000, 56,135,0
87069,2007-02-20 11:54:24,121.458600,31.246800, 54,157,0
87069,2007-02-20 11:54:40,121.458300,31.248500, 46,  0,0
87069,2007-02-20 11:54:56,121.458600,31.250600, 62,  0,0
87069,2007-02-20 11:55:13,121.459100,31.253100, 60,  0,0
87069,2007-02-20 11:55:44,121.459000,31.257300, 66,  0,0
87069,2007-02-20 11:56:00,121.458800,31.259800, 64,  0,0
87069,2007-02-20 11:56:16,121.457500,31.262000, 66,157,0
87069,2007-02-20 11:56:32,121.455800,31.263800, 60,157,0
87069,2007-02-20 11:56:49,121.455000,31.265800, 56,  0,0
87069,2007-02-20 11:57:04,121.454100,31.268000, 62,  0,0
87069,2007-02-20 11:57:20,121.453100,31.270100, 66,157,0
87069,2007-02-20 11:57:36,121.451600,31.272300, 66,157,0
87069,2007-02-20 11:57:52,121.450100,31.274500, 72,157,0
87069,2007-02-20 11:58:08,121.448500,31.277100, 84,157,0
87069,2007-02-20 11:58:24,121.447600,31.280000, 70,  0,0
87069,2007-02-20 11:58:40,121.447500,31.282600, 72,  0,0
87069,2007-02-20 11:58:56,121.447300,31.285100, 62,  0,0
87069,2007-02-20 11:59:29,121.446600,31.289500, 56,  0,0
87069,2007-02-20 12:00:00,121.445800,31.293800, 54,  0,0
87069,2007-02-20 12:00:16,121.446800,31.295300, 48,  0,0
87069,2007-02-20 12:00:32,121.445000,31.296100, 52,135,0
87069,2007-02-20 12:00:48,121.443300,31.294600, 54,112,0
87069,2007-02-20 12:01:04,121.441000,31.293800, 62,135,0
87069,2007-02-20 12:03:06,121.427000,31.294100,  6,157,0
87069,2007-02-20 12:03:21,121.426800,31.294000, 16, 90,1
87069,2007-02-20 12:04:22,121.427000,31.290800, 34, 90,1
87069,2007-02-20 12:05:23,121.425600,31.286300, 34,135,1
87069,2007-02-20 12:06:24,121.423800,31.286100,  0,135,1
87069,2007-02-20 12:07:24,121.424500,31.283100, 48, 67,1
87069,2007-02-20 12:08:26,121.429500,31.277300, 44, 67,1
87069,2007-02-20 12:09:27,121.433100,31.274000, 50, 67,1
87069,2007-02-20 12:09:56,121.434100,31.272500,  0,112,0
87069,2007-02-20 12:10:12,121.434000,31.272500,  0,112,0
87069,2007-02-20 12:11:08,121.433100,31.271800,  0,112,1
87069,2007-02-20 12:12:09,121.426600,31.274600, 42,157,1
87069,2007-02-20 12:16:21,121.417100,31.287000, 44,157,1
87069,2007-02-20 12:17:22,121.415600,31.289600,  0,  0,1
87069,2007-02-20 12:18:23,121.415600,31.289600, 12,157,1
87069,2007-02-20 12:19:24,121.415300,31.289800,  0,135,1
87069,2007-02-20 12:23:26,121.405300,31.286500, 20, 45,0
87069,2007-02-20 12:24:06,121.406600,31.287600, 44,  0,0
87069,2007-02-20 12:24:22,121.406800,31.289100, 36, 22,0
87069,2007-02-20 12:24:48,121.410100,31.289300, 42, 45,0
87069,2007-02-20 12:24:54,121.410600,31.289300, 30, 45,0
87069,2007-02-20 12:25:24,121.411600,31.289600, 34, 45,0
87069,2007-02-20 12:25:41,121.413800,31.289800, 62, 45,0
87069,2007-02-20 12:25:57,121.414800,31.290600, 52,157,0
87069,2007-02-20 12:26:13,121.413600,31.292600, 56,157,0
87069,2007-02-20 12:26:29,121.412500,31.294300, 54,157,0
87069,2007-02-20 12:26:44,121.411500,31.296000, 42,157,0
87069,2007-02-20 12:27:33,121.410800,31.297000, 20,157,0
87069,2007-02-20 12:27:49,121.410100,31.298100, 40,157,0
87069,2007-02-20 12:28:04,121.409500,31.299500, 50,  0,0
87069,2007-02-20 12:28:21,121.409000,31.302000, 68,  0,0
87069,2007-02-20 12:28:37,121.409000,31.304500, 66,  0,0
87069,2007-02-20 12:28:53,121.408800,31.306800, 64,  0,0
87069,2007-02-20 12:29:09,121.408000,31.308800, 44,157,0
87069,2007-02-20 12:29:24,121.407500,31.309800, 12,157,0
87069,2007-02-20 12:30:26,121.407500,31.309800,  0,157,0
87069,2007-02-20 12:31:04,121.406500,31.310000, 36,135,0
87069,2007-02-20 12:31:46,121.405300,31.310000, 22,135,0
87069,2007-02-20 12:32:02,121.404000,31.309800, 34,135,0
87069,2007-02-20 12:32:18,121.402100,31.309600, 44,135,0
87069,2007-02-20 12:32:34,121.400000,31.309500, 48,135,0
87069,2007-02-20 12:33:06,121.396000,31.309100, 46,135,0
87069,2007-02-20 12:33:22,121.394100,31.309000, 32,135,0
87069,2007-02-20 12:33:59,121.393300,31.308500, 34, 90,0
87069,2007-02-20 12:34:24,121.393800,31.307800, 18, 45,0
87069,2007-02-20 12:35:24,121.394000,31.307600,  0, 67,0
87069,2007-02-20 12:36:26,121.394000,31.307600,  0, 67,0
87069,2007-02-20 12:37:27,121.394000,31.307600,  0, 67,0
87069,2007-02-20 12:38:28,121.394000,31.307600,  0, 67,0
87069,2007-02-20 12:39:29,121.394000,31.307600,  0, 67,0
87069,2007-02-20 12:40:30,121.394000,31.307600,  0, 67,0
87069,2007-02-20 12:41:31,121.394000,31.307600,  0, 67,0
87069,2007-02-20 12:42:32,121.394000,31.307600,  0, 67,0
87069,2007-02-20 12:43:33,121.394000,31.307600,  0, 67,0
87069,2007-02-20 12:44:34,121.394000,31.307600,  0, 67,0
87069,2007-02-20 12:45:35,121.394000,31.307600,  0, 67,0
87069,2007-02-20 12:46:36,121.394000,31.307600,  0, 67,0
87069,2007-02-20 12:47:37,121.394000,31.307600,  0, 67,0
87069,2007-02-20 12:48:38,121.394000,31.307600,  0, 67,0
87069,2007-02-20 12:49:39,121.393300,31.308000,  0,135,0
87069,2007-02-20 12:50:19,121.394800,31.309000, 32, 45,0
87069,2007-02-20 12:50:35,121.396800,31.309100, 46, 45,0
87069,2007-02-20 12:50:51,121.398500,31.309300, 24, 45,0
87069,2007-02-20 12:51:07,121.399600,31.309500, 30, 45,0
87069,2007-02-20 12:51:39,121.402300,31.309600, 26, 45,0
87069,2007-02-20 12:51:55,121.403500,31.309600, 30, 45,0
87069,2007-02-20 12:52:11,121.404800,31.309800, 18, 45,0
87069,2007-02-20 12:52:45,121.406000,31.310000, 30, 45,0
87069,2007-02-20 12:53:27,121.407300,31.310000, 26, 67,0
87069,2007-02-20 12:53:43,121.408000,31.308600, 38, 67,0
87069,2007-02-20 12:53:59,121.408600,31.307100, 46, 90,0
87069,2007-02-20 12:54:15,121.409000,31.305500, 46, 90,0
87069,2007-02-20 12:54:47,121.409000,31.301800, 46, 90,0
87069,2007-02-20 12:55:03,121.409300,31.300000, 48, 90,0
87069,2007-02-20 12:55:19,121.410000,31.298300, 46, 67,0
87069,2007-02-20 12:55:34,121.410500,31.297300, 18, 67,0
87069,2007-02-20 12:55:51,121.411000,31.296500, 38, 67,0
87069,2007-02-20 12:56:07,121.411600,31.295100, 36, 67,0
87069,2007-02-20 12:56:23,121.412500,31.293800, 44, 67,0
87069,2007-02-20 12:56:39,121.413300,31.292300, 38, 67,0
87069,2007-02-20 12:57:04,121.413800,31.291500, 24, 67,0
87069,2007-02-20 12:57:20,121.414500,31.290500, 34, 67,0
87069,2007-02-20 12:57:36,121.413600,31.289600, 38,135,0
87069,2007-02-20 12:57:52,121.412500,31.289500, 20,135,0
87069,2007-02-20 12:58:19,121.411500,31.289100, 30, 90,0
87069,2007-02-20 12:58:35,121.411600,31.287800, 38, 90,0
87069,2007-02-20 12:58:51,121.411800,31.286600, 14, 90,0
87069,2007-02-20 13:01:42,121.410300,31.278600, 44, 90,1
87069,2007-02-20 13:02:43,121.410000,31.274600, 32, 90,1
87069,2007-02-20 13:03:44,121.410600,31.270100, 40, 90,1
87069,2007-02-20 13:04:45,121.411000,31.267600, 24, 67,1
87069,2007-02-20 13:05:46,121.417300,31.266500,  0, 45,1
87069,2007-02-20 13:07:48,121.417300,31.266500,  0, 45,1
87069,2007-02-20 13:08:49,121.419100,31.264600, 34, 90,1
87069,2007-02-20 13:09:50,121.422600,31.261800, 32, 45,1
87069,2007-02-20 13:09:54,121.423000,31.261600, 16, 67,0
87069,2007-02-20 13:10:55,121.423800,31.261600, 24, 67,0
87069,2007-02-20 13:11:12,121.424500,31.261600, 16, 45,1
87069,2007-02-20 13:12:13,121.429800,31.261600, 54, 45,1
87069,2007-02-20 13:13:14,121.434500,31.264100, 42, 22,1
87069,2007-02-20 13:14:14,121.437100,31.265800, 16, 22,1
87069,2007-02-20 13:15:16,121.441300,31.264800, 36, 67,1
87069,2007-02-20 13:16:17,121.445500,31.259800, 30, 45,1
87069,2007-02-20 13:19:19,121.457800,31.247800, 58, 90,1
87069,2007-02-20 13:20:21,121.459800,31.239300, 62, 90,1
87069,2007-02-20 13:21:22,121.462500,31.230600, 62, 90,1
87069,2007-02-20 13:22:23,121.467500,31.227100, 58, 22,1
87069,2007-02-20 13:23:24,121.472600,31.229600,  0, 22,1
87069,2007-02-20 13:24:24,121.476100,31.231600, 44, 22,1
87069,2007-02-20 13:25:12,121.479000,31.231600, 22, 22,0
87069,2007-02-20 13:25:27,121.479300,31.231800, 16, 22,0
87069,2007-02-20 13:26:28,121.478800,31.232500,  0,157,0
87069,2007-02-20 13:27:29,121.478800,31.232500,  0,157,0
87069,2007-02-20 13:28:01,121.479800,31.233000, 26, 45,0
87069,2007-02-20 13:28:17,121.481000,31.232800, 24, 45,0
87069,2007-02-20 13:28:34,121.482100,31.232600,  6, 67,0
87069,2007-02-20 13:29:33,121.480500,31.231300, 28,112,0
87069,2007-02-20 13:30:06,121.479500,31.230600, 26,112,0
87069,2007-02-20 13:30:22,121.478500,31.230100, 28,112,0
87069,2007-02-20 13:30:38,121.477300,31.229500, 26,112,0
87069,2007-02-20 13:30:58,121.476300,31.229000, 28,112,0
87069,2007-02-20 13:31:14,121.475300,31.228500, 20,135,0
87069,2007-02-20 13:31:29,121.474500,31.229300, 34,157,0
87069,2007-02-20 13:32:31,121.474000,31.230100,  0,157,0
87069,2007-02-20 13:33:32,121.474000,31.230300,  0,157,0
87069,2007-02-20 13:34:09,121.473300,31.231100, 42,157,0
87069,2007-02-20 13:34:29,121.472600,31.232100, 22,157,0
87069,2007-02-20 13:35:29,121.472100,31.233000,  0,157,0
87069,2007-02-20 13:36:31,121.472000,31.233100, 22,157,0
87069,2007-02-20 13:36:47,121.471300,31.234100, 38,157,0
87069,2007-02-20 13:37:08,121.470800,31.235000, 10,157,0
87069,2007-02-20 13:38:09,121.470600,31.235100,  0,157,0
87069,2007-02-20 13:38:47,121.469500,31.235500, 28,135,0
87069,2007-02-20 13:39:03,121.468100,31.235300, 24,135,0
87069,2007-02-20 13:40:04,121.467600,31.235300,  0,135,0
87069,2007-02-20 13:41:04,121.467600,31.235300,  6,112,0
87069,2007-02-20 13:41:24,121.466600,31.234800, 40,112,0
87069,2007-02-20 13:41:39,121.465800,31.233600,  0,112,0
87069,2007-02-20 13:42:04,121.465100,31.233000, 30,112,0
87069,2007-02-20 13:42:22,121.464100,31.232600,  8,135,0
87069,2007-02-20 13:42:54,121.462600,31.232800, 28,135,0
87069,2007-02-20 13:43:17,121.461600,31.233300, 18,157,0
87069,2007-02-20 13:44:18,121.461000,31.233600,  0,157,0
87069,2007-02-20 13:45:17,121.458300,31.239800, 40,112,0
87069,2007-02-20 13:45:33,121.457000,31.239100,  6,112,0
87069,2007-02-20 13:46:04,121.456100,31.238300, 26,112,0
87069,2007-02-20 13:46:22,121.455100,31.237800, 22,157,0
87069,2007-02-20 13:46:38,121.454500,31.239300, 42,  0,0
87069,2007-02-20 13:46:54,121.453800,31.241000, 50,157,0
87069,2007-02-20 13:47:09,121.453100,31.242600, 40,  0,0
87069,2007-02-20 13:47:34,121.452500,31.243600, 28,157,0
87069,2007-02-20 13:47:49,121.451600,31.244500, 30,157,0
87069,2007-02-20 13:48:14,121.450800,31.245300, 20,157,0
87069,2007-02-20 13:49:32,121.449300,31.247300,  0,157,0
87069,2007-02-20 13:50:33,121.449100,31.247500,  0,157,0
87069,2007-02-20 13:51:21,121.448000,31.247600, 42,135,0
87069,2007-02-20 13:51:44,121.446800,31.247500, 24,135,0
87069,2007-02-20 13:52:01,121.445000,31.247100, 52,135,0
87069,2007-02-20 13:52:17,121.442300,31.246800, 68,135,0
87069,2007-02-20 13:52:33,121.440100,31.246300, 12,135,0
87069,2007-02-20 13:52:56,121.440000,31.247300, 14,  0,0
87069,2007-02-20 13:53:24,121.439800,31.248300, 18,  0,0
87069,2007-02-20 13:53:47,121.439600,31.249300, 30,  0,0
87069,2007-02-20 13:54:03,121.439300,31.250500, 20,  0,0
87069,2007-02-20 13:54:19,121.439100,31.251500, 30,  0,0
87069,2007-02-20 13:54:34,121.439000,31.252800, 38,  0,0
87069,2007-02-20 13:54:51,121.438300,31.254000, 44,157,0
87069,2007-02-20 13:55:07,121.437500,31.255100, 24,157,0
87069,2007-02-20 13:55:24,121.436600,31.256000, 24,  0,0
87069,2007-02-20 13:55:40,121.436500,31.257000, 36,  0,0
87069,2007-02-20 13:55:56,121.435100,31.257300, 28,112,0
87069,2007-02-20 13:56:12,121.434000,31.256800, 30,112,0
87069,2007-02-20 13:56:28,121.432600,31.256300, 34,135,0
87069,2007-02-20 13:56:44,121.431500,31.255600, 36,112,0
87069,2007-02-20 13:57:00,121.430600,31.255000,  0,112,0
87069,2007-02-20 13:57:31,121.430500,31.255000,  8,112,1
87069,2007-02-20 13:58:32,121.428500,31.252500,  0,112,1
87069,2007-02-20 13:59:33,121.426800,31.254800,  0,  0,1
87069,2007-02-20 14:00:34,121.425500,31.254800, 18,112,1
87069,2007-02-20 14:01:34,121.425100,31.254600,  0, 90,1
87069,2007-02-20 14:02:36,121.423100,31.253500, 28,112,1
87069,2007-02-20 14:03:37,121.420300,31.252100,  0,112,1
87069,2007-02-20 14:04:38,121.418500,31.253100, 46,157,1
87069,2007-02-20 14:05:39,121.417300,31.257100, 16,  0,1
87069,2007-02-20 14:06:39,121.413300,31.255300, 46,112,1
87069,2007-02-20 14:07:39,121.409100,31.255100,  0,112,0
87069,2007-02-20 14:07:54,121.409100,31.255100,  0,112,0
87069,2007-02-20 14:08:56,121.409500,31.254300, 14,112,0
87069,2007-02-20 14:09:14,121.408500,31.254000, 26,135,0
87069,2007-02-20 14:09:47,121.405800,31.253500, 34,135,0
87069,2007-02-20 14:10:03,121.404300,31.253000, 32,135,0
87069,2007-02-20 14:10:19,121.403100,31.252800, 24,135,0
87069,2007-02-20 14:10:34,121.402600,31.253100, 34,  0,0
87069,2007-02-20 14:10:51,121.402300,31.254600, 40,157,0
87069,2007-02-20 14:11:07,121.401500,31.255800, 36,  0,0
87069,2007-02-20 14:11:23,121.401100,31.257100, 38,  0,0
87069,2007-02-20 14:11:39,121.400800,31.258500, 32,  0,0
87069,2007-02-20 14:11:54,121.400500,31.259600, 24,  0,0
87069,2007-02-20 14:12:19,121.401000,31.259800, 12, 45,1
87069,2007-02-20 14:13:19,121.405000,31.263100, 46,  0,1
87069,2007-02-20 14:14:21,121.405500,31.267300,  0,  0,1
87069,2007-02-20 14:15:22,121.405800,31.270300,  0,  0,1
87069,2007-02-20 14:17:24,121.406300,31.275600, 50,  0,1
87069,2007-02-20 14:18:24,121.406600,31.279100, 40,  0,1
87069,2007-02-20 14:19:26,121.410300,31.281300, 22, 45,1
87069,2007-02-20 14:20:27,121.415600,31.281300, 26, 45,1
87069,2007-02-20 14:23:32,121.410500,31.279100, 38,  0,0
87069,2007-02-20 14:23:48,121.411000,31.280600, 34,  0,0
87069,2007-02-20 14:24:32,121.410500,31.281500, 32,135,0
87069,2007-02-20 14:24:48,121.409100,31.281300, 32,135,0
87069,2007-02-20 14:25:04,121.407600,31.281300, 28,135,0
87069,2007-02-20 14:25:51,121.406600,31.280100, 28, 90,0
87069,2007-02-20 14:26:07,121.406600,31.278800, 34, 90,0
87069,2007-02-20 14:27:02,121.406500,31.277800, 26, 90,0
87069,2007-02-20 14:27:18,121.406300,31.276300, 44, 90,0
87069,2007-02-20 14:27:34,121.406100,31.275100,  6, 90,0
87069,2007-02-20 14:28:04,121.406100,31.274300, 42, 90,0
87069,2007-02-20 14:28:21,121.405800,31.272100, 50, 90,0
87069,2007-02-20 14:28:37,121.405600,31.271000,  6, 90,0
87069,2007-02-20 14:29:38,121.405600,31.271000,  0, 90,0
87069,2007-02-20 14:30:03,121.405600,31.270000, 40, 90,0
87069,2007-02-20 14:30:19,121.405500,31.268500, 34, 90,0
87069,2007-02-20 14:31:19,121.405300,31.268000,  0, 90,0
87069,2007-02-20 14:32:40,121.404800,31.264100, 40, 90,0
87069,2007-02-20 14:32:56,121.404600,31.262500, 44, 90,0
87069,2007-02-20 14:33:28,121.401800,31.260300, 40,112,0
87069,2007-02-20 14:33:44,121.400600,31.260100,  6,135,0
87069,2007-02-20 14:34:44,121.400600,31.260100, 10,135,0
87069,2007-02-20 14:35:03,121.399500,31.260000, 28,135,0
87069,2007-02-20 14:35:19,121.398100,31.259600, 40,135,0
87069,2007-02-20 14:35:34,121.396600,31.259300, 38,135,0
87069,2007-02-20 14:36:08,121.395300,31.259000, 28,135,0
87069,2007-02-20 14:36:37,121.394100,31.258600, 12,135,0
87069,2007-02-20 14:36:41,121.394000,31.258600, 18,135,1
87069,2007-02-20 14:37:41,121.392800,31.258100, 20,112,1
87069,2007-02-20 14:38:42,121.392800,31.252800,  0, 90,1
87069,2007-02-20 14:40:44,121.398600,31.252600, 16, 45,1
87069,2007-02-20 14:41:44,121.401000,31.252600, 18, 45,1
87069,2007-02-20 14:42:46,121.402000,31.252600,  0, 45,1
87069,2007-02-20 14:44:48,121.407100,31.253600, 34, 45,1
87069,2007-02-20 14:45:49,121.410800,31.254600, 50, 45,1
87069,2007-02-20 14:46:49,121.416300,31.256800, 34, 22,1
87069,2007-02-20 14:47:51,121.417800,31.254800, 16, 22,1
87069,2007-02-20 14:48:27,121.419100,31.255600,  0, 22,0
87069,2007-02-20 14:48:42,121.419100,31.255600,  0, 22,0
87069,2007-02-20 14:49:43,121.419800,31.256000, 22, 22,0
87069,2007-02-20 14:49:59,121.420800,31.256600, 28, 22,0
87069,2007-02-20 14:50:16,121.421800,31.257300, 30, 22,0
87069,2007-02-20 14:50:32,121.423000,31.257800, 28, 22,0
87069,2007-02-20 14:50:54,121.423800,31.257600, 30, 90,0
87069,2007-02-20 14:51:09,121.424000,31.256300, 36, 90,0
87069,2007-02-20 14:51:26,121.424500,31.255100, 18, 67,0
87069,2007-02-20 14:51:46,121.425300,31.254600, 22, 22,0
87069,2007-02-20 14:52:04,121.426300,31.255100, 10, 22,0
87069,2007-02-20 14:53:06,121.426300,31.255100,  0, 22,0
87069,2007-02-20 14:53:58,121.426500,31.256100, 42,  0,0
87069,2007-02-20 14:54:14,121.426000,31.258000, 52,  0,0
87069,2007-02-20 14:54:29,121.426100,31.259800, 50,  0,0
87069,2007-02-20 14:54:46,121.426300,31.261800, 46,  0,0
87069,2007-02-20 14:55:02,121.426300,31.263500, 36,  0,0
87069,2007-02-20 14:55:34,121.426000,31.266100, 46,  0,0
87069,2007-02-20 14:55:57,121.425600,31.267100,  4,  0,0
87069,2007-02-20 14:56:58,121.425600,31.267100,  0,  0,0
87069,2007-02-20 14:57:54,121.424800,31.267300, 32,135,0
87069,2007-02-20 14:58:11,121.423500,31.267100, 14,135,0
87069,2007-02-20 14:58:29,121.422500,31.267000, 30,135,0
87069,2007-02-20 14:59:04,121.419800,31.266500, 24,135,0
87069,2007-02-20 15:00:01,121.418600,31.266300, 24,135,0
87069,2007-02-20 15:00:22,121.417500,31.266600,  6,135,0
87069,2007-02-20 15:00:38,121.416300,31.266800, 42,135,0
87069,2007-02-20 15:00:54,121.414500,31.267100, 46,135,0
87069,2007-02-20 15:01:09,121.412500,31.267500, 48,135,0
87069,2007-02-20 15:01:26,121.411100,31.267600, 18,135,0
87069,2007-02-20 15:01:42,121.410800,31.268800, 42,  0,0
87069,2007-02-20 15:01:58,121.410600,31.270300, 36,  0,0
87069,2007-02-20 15:02:14,121.410500,31.271600, 30,  0,0
87069,2007-02-20 15:02:48,121.410300,31.272300,  8, 90,1
87069,2007-02-20 15:03:49,121.410800,31.267000, 40, 90,1
87069,2007-02-20 15:04:49,121.406100,31.267500, 22,157,1
87069,2007-02-20 15:05:51,121.405800,31.267600,  0,157,1
87069,2007-02-20 15:06:52,121.405000,31.264000, 40, 90,1
87069,2007-02-20 15:07:53,121.400600,31.260000,  4,135,1
87069,2007-02-20 15:09:54,121.402500,31.253000, 14, 90,1
87069,2007-02-20 15:10:56,121.403800,31.248300, 46, 90,1
87069,2007-02-20 15:11:57,121.404000,31.247600,  0, 67,1
87069,2007-02-20 15:12:58,121.404300,31.246600, 44, 90,1
87069,2007-02-20 15:13:59,121.407500,31.243300, 36, 67,1
87069,2007-02-20 15:15:00,121.409100,31.241800, 24, 67,1
87069,2007-02-20 15:16:01,121.412000,31.240100, 12, 67,1
87069,2007-02-20 15:17:02,121.415300,31.237800, 32, 67,1
87069,2007-02-20 15:18:03,121.415600,31.237300,  0, 90,1
87069,2007-02-20 15:19:04,121.412500,31.234500,  4,112,1
87069,2007-02-20 15:20:05,121.409100,31.233100,  0,135,1
87069,2007-02-20 15:21:06,121.408800,31.233000, 22,135,1
87069,2007-02-20 15:22:07,121.407500,31.228600, 16, 90,1
87069,2007-02-20 15:23:08,121.409600,31.222600, 64, 67,1
87069,2007-02-20 15:23:43,121.410800,31.221300,  0, 22,0
87069,2007-02-20 15:23:59,121.410800,31.221300,  0, 22,0
87069,2007-02-20 15:24:38,121.412000,31.221500, 26, 45,0
87069,2007-02-20 15:24:54,121.413500,31.222100, 50, 22,0
87069,2007-02-20 15:25:10,121.413100,31.221000, 24, 90,0
87069,2007-02-20 15:25:29,121.412300,31.220000, 36,135,0
87069,2007-02-20 15:25:59,121.411100,31.220300, 26,157,0
87069,2007-02-20 15:27:00,121.411300,31.221100,  0, 22,0
87069,2007-02-20 15:28:48,121.411300,31.221100,  0, 22,1
87069,2007-02-20 15:29:49,121.412800,31.220800, 26, 22,1
87069,2007-02-20 15:30:50,121.409300,31.223600, 56,157,1
87069,2007-02-20 15:31:51,121.407500,31.230300, 26,  0,1
87069,2007-02-20 15:32:01,121.407600,31.230500,  0,  0,0
87069,2007-02-20 15:32:28,121.407600,31.231100, 32,  0,0
87069,2007-02-20 15:32:44,121.408100,31.232300, 36,  0,0
87069,2007-02-20 15:33:00,121.409100,31.233000, 32, 45,0
87069,2007-02-20 15:33:16,121.410500,31.233600, 38, 22,0
87069,2007-02-20 15:33:32,121.412100,31.234100, 42, 22,0
87069,2007-02-20 15:33:48,121.414000,31.235300, 50, 22,0
87069,2007-02-20 15:34:04,121.415100,31.236300, 36, 22,0
87069,2007-02-20 15:34:20,121.415800,31.237300, 16,  0,0
87069,2007-02-20 15:34:36,121.414800,31.238500, 34,157,0
87069,2007-02-20 15:34:52,121.413600,31.239300, 32,157,0
87069,2007-02-20 15:35:08,121.412500,31.240000, 32,157,0
87069,2007-02-20 15:35:59,121.412000,31.240100,  0,157,1
87069,2007-02-20 15:37:00,121.409000,31.242100, 26,157,1
87069,2007-02-20 15:38:43,121.406000,31.244100, 10,157,1
87069,2007-02-20 15:40:45,121.404100,31.247000,  0,  0,1
87069,2007-02-20 15:41:46,121.404100,31.247100,  0,  0,1
87069,2007-02-20 15:42:41,121.401100,31.247000, 14,135,0
87069,2007-02-20 15:42:57,121.401100,31.247000,  0,135,0
87069,2007-02-20 15:43:48,121.400100,31.246600, 46,135,0
87069,2007-02-20 15:44:05,121.397800,31.246500, 42,135,0
87069,2007-02-20 15:44:21,121.395800,31.246500, 38,135,0
87069,2007-02-20 15:44:37,121.394500,31.246500, 12,135,0
87069,2007-02-20 15:45:38,121.394500,31.246500,  0,135,0
87069,2007-02-20 15:46:21,121.393300,31.246600, 36,135,0
87069,2007-02-20 15:46:37,121.392100,31.246800, 20,  0,0
87069,2007-02-20 15:46:53,121.392300,31.248300, 40,  0,0
87069,2007-02-20 15:47:12,121.392500,31.249100, 16,  0,1
87069,2007-02-20 15:48:12,121.393000,31.254800, 54,  0,1
87069,2007-02-20 15:49:13,121.393000,31.258000,  0,  0,1
87069,2007-02-20 15:50:13,121.392300,31.262000, 34, 45,1
87069,2007-02-20 15:51:15,121.399500,31.262100, 46, 90,1
87069,2007-02-20 15:52:16,121.400100,31.260100,  0, 90,1
87069,2007-02-20 15:53:17,121.403300,31.260600, 56, 22,1
87069,2007-02-20 15:54:18,121.405300,31.266600, 52,  0,1
87069,2007-02-20 15:55:18,121.405600,31.270000, 26,  0,1
87069,2007-02-20 15:56:20,121.406000,31.272600, 56,  0,1
87069,2007-02-20 15:57:21,121.409500,31.274500,  0, 45,1
87069,2007-02-20 15:58:22,121.412600,31.274100, 32, 45,1
87069,2007-02-20 15:58:58,121.413800,31.273100,  0, 67,0
87069,2007-02-20 15:59:13,121.413800,31.273100,  0, 67,0
87069,2007-02-20 15:59:51,121.414800,31.272500, 24, 45,0
87069,2007-02-20 16:00:11,121.415100,31.271800, 30, 90,0
87069,2007-02-20 16:00:27,121.415000,31.270600, 30, 90,0
87069,2007-02-20 16:00:43,121.414600,31.269500, 36, 90,0
87069,2007-02-20 16:01:15,121.413800,31.267100, 22,135,0
87069,2007-02-20 16:01:31,121.412000,31.267500, 50,135,0
87069,2007-02-20 16:01:47,121.411000,31.268100, 36,  0,0
87069,2007-02-20 16:02:03,121.410600,31.269800, 40,  0,0
87069,2007-02-20 16:02:18,121.410500,31.271100, 38,  0,0
87069,2007-02-20 16:02:35,121.410300,31.272600, 28,  0,0
87069,2007-02-20 16:03:08,121.410300,31.272800, 16,  0,1
87069,2007-02-20 16:04:08,121.409800,31.276300, 40,  0,1
87069,2007-02-20 16:06:11,121.416500,31.281500,  0, 45,1
87069,2007-02-20 16:07:12,121.417000,31.281500, 20,  0,1
87069,2007-02-20 16:10:43,121.421600,31.290000, 54, 45,1
87069,2007-02-20 16:11:44,121.422800,31.290000, 18, 22,1
87069,2007-02-20 16:12:45,121.427000,31.293600, 38,  0,1
87069,2007-02-20 16:13:46,121.425600,31.299300, 18,157,1
87069,2007-02-20 16:15:48,121.427000,31.305500,  0, 45,1
87069,2007-02-20 16:17:50,121.436500,31.306800,  0, 45,1
87069,2007-02-20 16:18:51,121.436500,31.306800,  0, 45,1
87069,2007-02-20 16:19:52,121.436500,31.310100, 32,  0,1
87069,2007-02-20 16:20:53,121.436100,31.316600, 44,  0,1
87069,2007-02-20 16:21:53,121.436000,31.323100,  0,  0,1
87069,2007-02-20 16:22:03,121.436000,31.323100,  0,  0,0
87069,2007-02-20 16:22:48,121.436000,31.324100, 34,  0,0
87069,2007-02-20 16:23:17,121.435600,31.325100, 14,  0,0
87069,2007-02-20 16:24:10,121.435800,31.324800, 22, 90,0
87069,2007-02-20 16:24:27,121.436000,31.323800, 36, 90,0
87069,2007-02-20 16:24:43,121.436000,31.322500, 30, 90,0
87069,2007-02-20 16:24:58,121.436000,31.321100, 32, 90,0
87069,2007-02-20 16:25:16,121.436000,31.320100, 32, 90,0
87069,2007-02-20 16:25:39,121.436000,31.318500, 30, 90,0
87069,2007-02-20 16:25:48,121.436000,31.317800, 32, 90,0
87069,2007-02-20 16:26:03,121.436100,31.316600, 30, 90,0
87069,2007-02-20 16:26:20,121.436100,31.315500, 24, 90,0
87069,2007-02-20 16:26:38,121.436300,31.314600, 26, 90,0
87069,2007-02-20 16:27:28,121.436500,31.312300, 26, 90,0
87069,2007-02-20 16:27:45,121.436500,31.311100, 30, 90,0
87069,2007-02-20 16:28:01,121.436500,31.310000, 22, 90,0
87069,2007-02-20 16:28:18,121.436600,31.309100, 24, 90,0
87069,2007-02-20 16:28:35,121.436600,31.308000, 22, 90,0
87069,2007-02-20 16:28:52,121.436600,31.307000, 18, 90,0
87069,2007-02-20 16:29:08,121.435500,31.306800, 34,135,0
87069,2007-02-20 16:29:23,121.434000,31.306500, 30,135,0
87069,2007-02-20 16:29:57,121.432800,31.306300, 32,135,0
87069,2007-02-20 16:30:13,121.431100,31.306000, 38,135,0
87069,2007-02-20 16:30:28,121.429800,31.305800, 22,135,0
87069,2007-02-20 16:30:45,121.428100,31.305600, 46,135,0
87069,2007-02-20 16:31:01,121.426000,31.305300, 40,135,0
87069,2007-02-20 16:31:56,121.424800,31.305100, 24,135,0
87069,2007-02-20 16:32:12,121.423000,31.305000, 52,135,0
87069,2007-02-20 16:32:28,121.420600,31.304800, 54,135,0
87069,2007-02-20 16:32:43,121.418500,31.304800, 52,135,0
87069,2007-02-20 16:33:00,121.416000,31.304600, 54,135,0
87069,2007-02-20 16:33:37,121.413600,31.304000, 30, 90,0
87069,2007-02-20 16:33:53,121.414000,31.302600, 32, 90,0
87069,2007-02-20 16:34:08,121.414600,31.301800, 26, 45,0
87069,2007-02-20 16:34:25,121.415800,31.301300, 28, 67,0
87069,2007-02-20 16:34:41,121.416800,31.300600, 34, 67,0
87069,2007-02-20 16:34:57,121.417600,31.299600, 30, 67,0
87069,2007-02-20 16:35:13,121.418300,31.298600, 32, 90,0
87069,2007-02-20 16:35:28,121.418600,31.297300, 34, 90,0
87069,2007-02-20 16:35:53,121.419000,31.296300, 30, 90,0
87069,2007-02-20 16:36:08,121.419100,31.295000, 34, 90,0
87069,2007-02-20 16:36:41,121.419000,31.292300, 42, 90,0
87069,2007-02-20 16:36:57,121.418800,31.291000, 32, 90,0
87069,2007-02-20 16:37:40,121.418600,31.290000, 16, 90,0
87069,2007-02-20 16:37:56,121.418600,31.288800, 40, 90,0
87069,2007-02-20 16:38:12,121.418300,31.287500, 38, 90,0
87069,2007-02-20 16:38:28,121.418000,31.286000, 34, 90,0
87069,2007-02-20 16:44:16,121.406800,31.281300, 58,135,1
87069,2007-02-20 16:45:17,121.401600,31.278300, 38, 90,1
87069,2007-02-20 16:46:18,121.400600,31.275000,  0, 90,1
87069,2007-02-20 16:47:19,121.400500,31.271600, 30, 90,1
87069,2007-02-20 16:48:20,121.400500,31.269600, 34, 90,1
87069,2007-02-20 16:48:53,121.401300,31.269300,  0, 45,0
87069,2007-02-20 16:49:19,121.401500,31.269300,  6, 45,0
87069,2007-02-20 16:49:45,121.402500,31.269100, 12, 67,0
87069,2007-02-20 16:50:02,121.402500,31.268100, 28, 90,0
87069,2007-02-20 16:50:28,121.402500,31.268000, 14,135,1
87069,2007-02-20 16:54:35,121.391000,31.271000, 34,135,1
87069,2007-02-20 16:55:36,121.389000,31.270800,  0,135,1
87069,2007-02-20 16:56:37,121.388100,31.270300, 24, 90,1
87069,2007-02-20 16:57:38,121.387600,31.261500, 72, 90,1
87069,2007-02-20 16:58:38,121.386500,31.253600,  0, 90,1
87069,2007-02-20 16:59:40,121.384100,31.253800, 40,135,1
87069,2007-02-20 17:00:41,121.381000,31.254800,  0,135,1
87069,2007-02-20 17:01:31,121.377600,31.255100, 22,112,0
87069,2007-02-20 17:01:47,121.377500,31.254800,  0, 90,0
87069,2007-02-20 17:02:48,121.378000,31.255100, 18, 45,0
87069,2007-02-20 17:03:03,121.379100,31.255100, 32, 45,0
87069,2007-02-20 17:04:05,121.381500,31.254600, 32, 45,0
87069,2007-02-20 17:04:37,121.383600,31.254000, 28, 45,0
87069,2007-02-20 17:04:53,121.385300,31.253500, 38, 45,0
87069,2007-02-20 17:05:08,121.387000,31.253100, 30, 45,0
87069,2007-02-20 17:05:25,121.388100,31.252800, 22, 45,0
87069,2007-02-20 17:05:41,121.389500,31.252500, 26, 45,0
87069,2007-02-20 17:05:57,121.390600,31.252500, 30, 45,0
87069,2007-02-20 17:06:37,121.391800,31.252500, 12, 45,0
87069,2007-02-20 17:06:53,121.392800,31.253000, 44,  0,0
87069,2007-02-20 17:07:08,121.392800,31.254300, 28,  0,0
87069,2007-02-20 17:07:25,121.393000,31.255800, 40,  0,0
87069,2007-02-20 17:07:41,121.393000,31.257300, 32,  0,0
87069,2007-02-20 17:08:03,121.392800,31.258300, 24,  0,0
87069,2007-02-20 17:08:20,121.392500,31.259600, 34,  0,0
87069,2007-02-20 17:08:36,121.392100,31.260800, 30,  0,0
87069,2007-02-20 17:08:52,121.392000,31.262000, 28, 22,0
87069,2007-02-20 17:09:08,121.393300,31.262100, 34, 45,0
87069,2007-02-20 17:09:23,121.394800,31.262600, 40, 22,0
87069,2007-02-20 17:09:40,121.396800,31.263300, 48, 45,0
87069,2007-02-20 17:09:56,121.398800,31.263500, 40, 67,0
87069,2007-02-20 17:10:12,121.399600,31.262000, 32, 90,0
87069,2007-02-20 17:10:28,121.400000,31.261000, 22, 90,0
87069,2007-02-20 17:11:28,121.400000,31.260500, 12, 90,0
87069,2007-02-20 17:11:52,121.400800,31.260000, 24, 45,0
87069,2007-02-20 17:12:08,121.402600,31.260300, 44, 22,0
87069,2007-02-20 17:12:23,121.404100,31.261100, 36, 22,0
87069,2007-02-20 17:12:40,121.404800,31.262500, 42,  0,0
87069,2007-02-20 17:12:56,121.405000,31.263800, 32,  0,0
87069,2007-02-20 17:13:12,121.405100,31.265100, 38,  0,0
87069,2007-02-20 17:13:28,121.405300,31.266600, 36,  0,0
87069,2007-02-20 17:14:41,121.405500,31.268800, 14,  0,0
87069,2007-02-20 17:14:57,121.405800,31.270000, 46,  0,0
87069,2007-02-20 17:15:13,121.405800,31.271600, 28,  0,0
87069,2007-02-20 17:15:28,121.406000,31.272600, 40,  0,0
87069,2007-02-20 17:15:45,121.406100,31.274300, 26,  0,0
87069,2007-02-20 17:16:18,121.406300,31.275100, 36,  0,0
87069,2007-02-20 17:16:35,121.406300,31.276800, 42,  0,0
87069,2007-02-20 17:16:51,121.406500,31.277800,  0,  0,0
87069,2007-02-20 17:17:40,121.406600,31.278800, 32,  0,0
87069,2007-02-20 17:17:56,121.406600,31.280000, 28,  0,0
87069,2007-02-20 17:18:17,121.406600,31.281100, 18, 22,0
87069,2007-02-20 17:18:33,121.407800,31.281300, 32, 45,0
87069,2007-02-20 17:18:48,121.409300,31.281300, 38, 45,0
87069,2007-02-20 17:19:05,121.411000,31.281100, 24, 67,0
87069,2007-02-20 17:19:21,121.410600,31.279800, 44, 90,0
87069,2007-02-20 17:19:37,121.410100,31.278300, 34, 90,0
87069,2007-02-20 17:20:18,121.409800,31.277600, 16,135,1
87069,2007-02-20 17:23:06,121.400500,31.276300,  0,  0,0
87069,2007-02-20 17:24:06,121.401000,31.275800,  0, 67,0
87069,2007-02-20 17:24:33,121.401000,31.275600, 14, 90,1
87069,2007-02-20 17:25:33,121.400600,31.273300, 54, 90,1
87069,2007-02-20 17:26:33,121.404300,31.270600, 42, 45,1
87069,2007-02-20 17:27:35,121.405500,31.270600,  0, 45,1
87069,2007-02-20 17:28:36,121.407100,31.269600, 46, 67,1
87069,2007-02-20 17:29:37,121.412800,31.267300, 44, 45,1
87069,2007-02-20 17:30:38,121.414500,31.267000, 44, 45,1
87069,2007-02-20 17:31:38,121.417100,31.266500,  0, 45,1
87069,2007-02-20 17:32:40,121.417100,31.266600,  0, 45,1
87069,2007-02-20 17:33:41,121.420500,31.266600, 30, 45,1
87069,2007-02-20 17:34:42,121.425100,31.267300,  4, 45,1
87069,2007-02-20 17:35:43,121.425100,31.267300,  0, 45,1
87069,2007-02-20 17:36:43,121.429500,31.268100, 34, 45,1
87069,2007-02-20 17:37:45,121.435100,31.269300, 34, 45,1
87069,2007-02-20 17:38:46,121.439300,31.267500,  0, 67,1
87069,2007-02-20 17:39:47,121.439500,31.267100, 32, 67,1
87069,2007-02-20 17:40:48,121.444000,31.261300, 50, 67,1
87069,2007-02-20 17:41:48,121.444500,31.260500,  0, 67,1
87069,2007-02-20 17:42:50,121.446500,31.258000, 32, 67,1
87069,2007-02-20 17:43:26,121.447000,31.257300,  0, 67,0
87069,2007-02-20 17:44:27,121.447100,31.257300,  2, 67,0
87069,2007-02-20 17:45:28,121.447000,31.257500, 16,157,0
87069,2007-02-20 17:46:28,121.445300,31.259600,  0,157,1
87069,2007-02-20 17:47:30,121.445000,31.260000, 20,135,1
87069,2007-02-20 17:49:32,121.424600,31.248800, 88,112,1
87069,2007-02-20 17:51:33,121.407500,31.236300, 64,112,1
87069,2007-02-20 17:52:35,121.406300,31.226600, 78, 90,1
87069,2007-02-20 17:53:36,121.406500,31.217000, 76, 90,1
87069,2007-02-20 17:54:37,121.406600,31.207600, 58,112,1
87069,2007-02-20 17:55:38,121.396300,31.202300, 80,135,1
87069,2007-02-20 17:56:38,121.386500,31.198100, 60,112,1
87069,2007-02-20 17:57:40,121.383800,31.196600, 18,112,1
87069,2007-02-20 17:58:41,121.375500,31.192500, 76,112,1
87069,2007-02-20 17:59:42,121.371800,31.191300,  0,135,1
87069,2007-02-20 18:00:36,121.367800,31.190000,  0,135,0
87069,2007-02-20 18:00:51,121.367800,31.190000,  0,135,0
87069,2007-02-20 18:01:35,121.366600,31.189600, 34,135,0
87069,2007-02-20 18:01:51,121.365300,31.189100, 30,112,0
87069,2007-02-20 18:02:07,121.364100,31.188800, 18,112,0
87069,2007-02-20 18:02:38,121.363800,31.188300, 16, 90,0
87069,2007-02-20 18:03:08,121.363800,31.188100, 32, 90,0
87069,2007-02-20 18:03:33,121.364300,31.187100, 28, 90,0
87069,2007-02-20 18:03:48,121.364500,31.185600, 52, 90,0
87069,2007-02-20 18:04:05,121.364800,31.184000, 28, 90,0
87069,2007-02-20 18:04:21,121.365000,31.183000, 36, 90,0
87069,2007-02-20 18:04:53,121.365500,31.180500, 34, 90,0
87069,2007-02-20 18:05:08,121.365600,31.179500, 32, 90,0
87069,2007-02-20 18:05:26,121.365100,31.178800, 30,135,0
87069,2007-02-20 18:05:42,121.363300,31.178500, 32,112,0
87069,2007-02-20 18:05:58,121.363300,31.177500, 26, 90,0
87069,2007-02-20 18:06:13,121.363500,31.176300, 32, 90,0
87069,2007-02-20 18:06:30,121.363800,31.175300, 24, 90,0
87069,2007-02-20 18:06:57,121.363600,31.174300, 12, 90,0
87069,2007-02-20 18:07:18,121.363100,31.173300, 22, 90,0
87069,2007-02-20 18:08:57,121.364000,31.173000, 38, 45,0
87069,2007-02-20 18:09:13,121.365800,31.173600, 48, 22,0
87069,2007-02-20 18:09:28,121.367600,31.174500, 52, 22,0
87069,2007-02-20 18:09:45,121.369800,31.175500, 46, 22,0
87069,2007-02-20 18:10:01,121.371300,31.176000, 38, 22,0
87069,2007-02-20 18:10:17,121.373100,31.176600, 44, 45,0
87069,2007-02-20 18:10:33,121.375100,31.177100, 48, 45,0
87069,2007-02-20 18:10:48,121.377000,31.177600, 42, 45,0
87069,2007-02-20 18:11:05,121.379000,31.178100, 50, 45,0
87069,2007-02-20 18:11:53,121.384500,31.179600, 42, 22,0
87069,2007-02-20 18:12:08,121.386000,31.180500, 44, 22,0
87069,2007-02-20 18:12:45,121.388500,31.181600, 32, 22,0
87069,2007-02-20 18:13:26,121.389500,31.182100, 22, 22,0
87069,2007-02-20 18:13:42,121.391000,31.182800, 38, 22,0
87069,2007-02-20 18:13:58,121.392600,31.183500, 44, 22,0
87069,2007-02-20 18:14:13,121.394300,31.184300, 48, 22,0
87069,2007-02-20 18:14:30,121.396000,31.185000, 30, 22,0
87069,2007-02-20 18:15:06,121.397000,31.185500, 36, 22,0
87069,2007-02-20 18:15:38,121.401100,31.186600, 52, 45,0
87069,2007-02-20 18:15:53,121.403000,31.187000, 44, 45,0
87069,2007-02-20 18:16:10,121.405000,31.187300,  0, 45,0
87069,2007-02-20 18:16:30,121.405300,31.187500, 18, 45,1
87069,2007-02-20 18:17:30,121.408300,31.188500,  0, 45,1
87069,2007-02-20 18:18:31,121.409500,31.188800, 38, 45,1
87069,2007-02-20 18:19:32,121.416100,31.190600,  0, 45,1
87069,2007-02-20 18:20:33,121.416100,31.190600,  0, 45,1
87069,2007-02-20 18:21:33,121.418800,31.192000, 44, 22,1
87069,2007-02-20 18:22:35,121.419600,31.192300,  0, 22,1
87069,2007-02-20 18:23:36,121.421600,31.193800,  0, 22,1
87069,2007-02-20 18:24:37,121.423300,31.195300, 24, 22,1
87069,2007-02-20 18:25:38,121.429800,31.194600, 56, 22,1
87069,2007-02-20 18:26:39,121.433000,31.195500,  0, 45,1
87069,2007-02-20 18:27:40,121.435300,31.196000,  0, 22,1
87069,2007-02-20 18:28:41,121.435800,31.196100, 16, 67,1
87069,2007-02-20 18:29:42,121.437500,31.192500, 10, 90,1
87069,2007-02-20 18:30:33,121.437500,31.191300,  0, 67,0
87069,2007-02-20 18:30:49,121.437500,31.191300,  0, 67,0
87069,2007-02-20 18:31:22,121.437300,31.190100, 38, 90,0
87069,2007-02-20 18:31:39,121.437600,31.189300, 22, 67,0
87069,2007-02-20 18:31:59,121.438000,31.188300, 22, 90,0
87069,2007-02-20 18:32:16,121.438300,31.187100, 26, 67,0
87069,2007-02-20 18:32:32,121.437500,31.186500, 32,112,0
87069,2007-02-20 18:32:48,121.436300,31.185600, 36,112,0
87069,2007-02-20 18:33:03,121.434600,31.185100, 44,135,0
87069,2007-02-20 18:33:20,121.432500,31.184500, 46,112,0
87069,2007-02-20 18:34:17,121.432100,31.184500, 24,112,1
87069,2007-02-20 18:37:47,121.427300,31.194100,  0,135,1
87069,2007-02-20 18:38:48,121.427300,31.194100,  0,135,1
87069,2007-02-20 18:39:49,121.418500,31.197100, 44,135,1
87069,2007-02-20 18:40:50,121.418000,31.197100,  0,135,1
87069,2007-02-20 18:42:52,121.407800,31.198100, 44,135,1
87069,2007-02-20 18:43:53,121.404500,31.197300, 30,135,1
87069,2007-02-20 18:44:54,121.399100,31.198500, 44,135,1
87069,2007-02-20 18:46:45,121.392600,31.196800,  6,135,0
87069,2007-02-20 18:47:00,121.392600,31.197000,  0,112,0
87069,2007-02-20 18:47:58,121.390500,31.196500, 20,135,0
87069,2007-02-20 18:48:13,121.389300,31.196100, 24,135,0
87069,2007-02-20 18:48:31,121.389100,31.197100, 20, 45,0
87069,2007-02-20 18:48:51,121.390300,31.197300, 16, 22,0
87069,2007-02-20 18:49:17,121.391600,31.197600, 18, 45,0
87069,2007-02-20 18:49:44,121.392800,31.198000,  8, 45,0
87069,2007-02-20 18:50:13,121.393300,31.198600, 30,  0,0
87069,2007-02-20 18:50:58,121.393500,31.199600, 24,  0,0
87069,2007-02-20 18:52:32,121.394100,31.202600, 48,  0,0
87069,2007-02-20 18:53:04,121.395100,31.206100, 46,  0,0
87069,2007-02-20 18:53:20,121.395500,31.207600, 30, 22,0
87069,2007-02-20 18:53:36,121.397000,31.207800, 36, 45,0
87069,2007-02-20 18:54:25,121.398300,31.207600, 24, 45,0
87069,2007-02-20 18:54:41,121.399800,31.207300, 40, 45,0
87069,2007-02-20 18:54:57,121.401500,31.207000, 26, 22,0
87069,2007-02-20 18:55:14,121.401800,31.208000, 16,  0,0
87069,2007-02-20 18:55:40,121.402100,31.209000, 24,  0,0
87069,2007-02-20 18:55:57,121.402300,31.210000, 24,  0,0
87069,2007-02-20 18:56:19,121.402000,31.210800, 24,135,0
87069,2007-02-20 18:56:35,121.400800,31.211000, 30,135,0
87069,2007-02-20 18:56:51,121.399500,31.211300, 40,135,0
87069,2007-02-20 18:57:07,121.397500,31.211600, 40,135,0
87069,2007-02-20 18:57:23,121.395800,31.211600, 42,135,0
87069,2007-02-20 18:57:39,121.394100,31.211600, 34,135,0
87069,2007-02-20 18:58:20,121.392300,31.211500, 12,135,1
87069,2007-02-20 18:59:21,121.385300,31.212000, 54,135,1
87069,2007-02-20 19:00:22,121.379000,31.212500, 42,135,1
87069,2007-02-20 19:01:23,121.373500,31.212600, 40,135,1
87069,2007-02-20 19:02:24,121.371800,31.215800,  0,  0,1
87069,2007-02-20 19:03:25,121.371800,31.220100, 48,  0,1
87069,2007-02-20 19:05:27,121.375300,31.233600,  0, 22,1
87069,2007-02-20 19:06:28,121.375300,31.233600,  0, 22,1
87069,2007-02-20 19:07:29,121.375500,31.234000,  0,  0,1
87069,2007-02-20 19:08:30,121.375100,31.234300, 36,135,1
87069,2007-02-20 19:09:31,121.370600,31.237600, 50, 22,1
87069,2007-02-20 19:10:32,121.368600,31.240500, 52,157,1
87069,2007-02-20 19:11:33,121.364000,31.242800,  4,157,1
87069,2007-02-20 19:12:34,121.357100,31.246000, 26,  0,1
87069,2007-02-20 19:12:53,121.357600,31.246800,  0, 22,0
87069,2007-02-20 19:14:54,121.357600,31.246800,  4, 22,0
87069,2007-02-20 19:15:00,121.357800,31.246800, 12, 22,1
87069,2007-02-20 19:16:01,121.360300,31.251100, 38, 22,1
87069,2007-02-20 19:17:02,121.364000,31.254000, 16, 45,1
87069,2007-02-20 19:18:03,121.370600,31.252100, 48, 45,1
87069,2007-02-20 21:17:51,121.413500,31.170600, 48,  0,0
87069,2007-02-20 21:18:06,121.413100,31.171800, 18,  0,0
87069,2007-02-20 21:19:07,121.413000,31.172000,  0,  0,0
87069,2007-02-20 21:19:50,121.412100,31.174500, 48,  0,0
87069,2007-02-20 21:20:06,121.411600,31.176100, 38,  0,0
87069,2007-02-20 22:25:44,121.375500,31.209300, 18, 45,1
87069,2007-02-20 22:26:45,121.371800,31.215000, 50,  0,1
87069,2007-02-20 22:27:46,121.371800,31.218500, 40,  0,1
87069,2007-02-20 22:28:47,121.372100,31.226600, 62,  0,1
87069,2007-02-20 22:29:48,121.376300,31.234800, 68, 22,1
87069,2007-02-20 22:30:49,121.382000,31.245000, 84, 22,1
87069,2007-02-20 22:31:50,121.387300,31.255300, 58,  0,1
87069,2007-02-20 22:32:51,121.388100,31.261000,  0,  0,1
87069,2007-02-20 22:33:52,121.388100,31.261000,  0,  0,1
87069,2007-02-20 22:34:53,121.388100,31.261300, 16,  0,1
87069,2007-02-20 22:35:54,121.388500,31.270100, 42,  0,1
87069,2007-02-20 22:37:45,121.397300,31.270800, 44, 45,1
87069,2007-02-20 22:38:45,121.404600,31.270600, 12, 45,1
87069,2007-02-20 22:39:46,121.410300,31.267600, 34, 45,1
87069,2007-02-20 22:40:47,121.417100,31.266500,  0, 45,1
87069,2007-02-20 22:41:48,121.418800,31.266300, 20, 45,1
87069,2007-02-20 22:42:49,121.422500,31.265500, 38, 45,1
87069,2007-02-20 22:43:07,121.423100,31.265600,  0, 45,0
87069,2007-02-20 22:44:07,121.423100,31.265600,  0, 45,0
87069,2007-02-20 22:44:44,121.423100,31.266500, 16,  0,0
87069,2007-02-20 22:45:45,121.423100,31.266600,  0,  0,0
87069,2007-02-20 22:46:03,121.422100,31.266800, 34,135,0
87069,2007-02-20 22:46:35,121.418600,31.266300, 28,135,0
87069,2007-02-20 22:47:36,121.418300,31.266500,  0,135,0
87069,2007-02-20 22:48:28,121.417100,31.266600, 38,135,0
87069,2007-02-20 22:48:44,121.415300,31.267000, 38,135,0
87069,2007-02-20 22:49:00,121.413600,31.267300, 44,135,0
87069,2007-02-20 22:49:16,121.411600,31.267500, 42,135,0
87069,2007-02-20 22:49:32,121.410800,31.268300, 34,  0,0
87069,2007-02-20 22:51:27,121.410000,31.277600, 52,  0,1
87069,2007-02-20 22:52:28,121.412000,31.284300, 64,  0,1
87069,2007-02-20 22:53:29,121.411500,31.289100, 34,  0,1
87069,2007-02-20 22:54:30,121.414500,31.289500,  0, 67,1
87069,2007-02-20 22:55:31,121.414600,31.289500,  0, 67,1
87069,2007-02-20 22:56:32,121.414600,31.289500,  0, 67,1
87069,2007-02-20 22:58:34,121.433600,31.292100, 80, 45,1
87069,2007-02-20 22:59:35,121.444500,31.293300, 66, 67,1
87069,2007-02-20 23:00:36,121.444500,31.300100, 54,  0,1
87069,2007-02-20 23:01:37,121.444100,31.309000, 62,  0,1
87069,2007-02-20 23:02:38,121.447300,31.312500, 12, 45,1
87069,2007-02-20 23:04:32,121.450300,31.312500, 18, 45,0
87069,2007-02-20 23:04:48,121.450500,31.311500, 32, 90,0
87069,2007-02-20 23:05:04,121.450500,31.310300, 38, 90,0
87069,2007-02-20 23:05:20,121.450600,31.308800, 38, 90,0
87069,2007-02-20 23:05:36,121.450600,31.307500, 30, 90,0
87069,2007-02-20 23:05:52,121.449500,31.307100, 28,135,0
87069,2007-02-20 23:06:35,121.447000,31.307300, 26,135,0
87069,2007-02-20 23:06:52,121.445600,31.307500, 26,135,0
87069,2007-02-20 23:08:08,121.443500,31.307600, 32,135,0
87069,2007-02-20 23:08:40,121.440600,31.307300, 30,135,0
87069,2007-02-20 23:08:56,121.439500,31.307100, 36,135,0
87069,2007-02-20 23:09:12,121.437600,31.307000, 42,135,0
87069,2007-02-20 23:09:28,121.436000,31.306800, 38,135,0
87069,2007-02-20 23:09:44,121.434300,31.306600, 38,135,0
87069,2007-02-20 23:10:01,121.432600,31.306300, 36,135,0
87069,2007-02-20 23:10:16,121.431100,31.306000, 34,135,0
87069,2007-02-20 23:10:32,121.429800,31.305800, 34,135,0
87069,2007-02-20 23:10:48,121.428100,31.305500, 38,135,0
87069,2007-02-20 23:11:21,121.427000,31.305500, 30,135,0
87069,2007-02-20 23:11:37,121.425500,31.305300, 30,135,0
87069,2007-02-20 23:11:53,121.424100,31.305100, 34,135,0
87069,2007-02-20 23:12:09,121.422600,31.305000, 36,135,0
87069,2007-02-20 23:12:25,121.421100,31.305000, 32,135,0
87069,2007-02-20 23:12:41,121.419600,31.304800, 34,135,0
87069,2007-02-20 23:12:57,121.418100,31.304800, 34,135,0
87069,2007-02-20 23:13:13,121.416600,31.304600, 34,135,0
87069,2007-02-20 23:13:29,121.415000,31.304600, 34,135,0
87069,2007-02-20 23:14:13,121.413800,31.304500, 18,135,0
87069,2007-02-20 23:14:45,121.414100,31.302100, 44, 90,0
87069,2007-02-20 23:15:01,121.415500,31.301500, 34, 67,0
87069,2007-02-20 23:15:17,121.416500,31.300800, 32, 67,0
87069,2007-02-20 23:15:33,121.417500,31.300000, 30, 67,0
87069,2007-02-20 23:15:49,121.418100,31.299100, 28, 90,0
87069,2007-02-20 23:16:05,121.418500,31.298000, 30, 90,0
87069,2007-02-20 23:16:21,121.418800,31.297000, 28, 90,0
87069,2007-02-20 23:16:37,121.419100,31.295800, 28, 90,0
87069,2007-02-20 23:16:53,121.419100,31.294800, 26, 90,0
87069,2007-02-20 23:17:09,121.419100,31.293600, 30, 90,0
87069,2007-02-20 23:17:25,121.419000,31.292500, 30, 90,0
87069,2007-02-20 23:17:41,121.418800,31.291300, 34, 90,0
87069,2007-02-20 23:17:57,121.418600,31.290300, 16, 90,0
87069,2007-02-20 23:18:58,121.418600,31.289800, 22, 90,0
87069,2007-02-20 23:19:52,121.418500,31.288800, 20, 90,0
87069,2007-02-20 23:20:10,121.418300,31.287800, 30, 90,0
87069,2007-02-20 23:20:57,121.418100,31.287300, 12, 90,1
87069,2007-02-20 23:21:57,121.420100,31.289800, 56, 45,1
87069,2007-02-20 23:22:58,121.433000,31.292000, 88, 45,1
87069,2007-02-20 23:23:59,121.445600,31.294300, 82, 45,1
87069,2007-02-20 23:25:00,121.458500,31.295600, 46, 67,1
87069,2007-02-20 23:27:02,121.466100,31.293100, 10, 45,1
87069,2007-02-20 23:29:04,121.466500,31.299000, 32,  0,1
87069,2007-02-20 23:30:06,121.466500,31.304600, 58,  0,1
87069,2007-02-20 23:32:07,121.476600,31.306800,  6,  0,1
87069,2007-02-20 23:32:14,121.476600,31.306800,  0,  0,0
87069,2007-02-20 23:33:02,121.475800,31.306500, 28,135,0
87069,2007-02-20 23:33:20,121.474500,31.306500, 26,135,0
87069,2007-02-20 23:33:36,121.473300,31.306500, 28,135,0
87069,2007-02-20 23:33:53,121.472100,31.306300, 20,135,0
87069,2007-02-20 23:35:00,121.469800,31.306300, 18,135,0
87069,2007-02-20 23:35:17,121.468600,31.306300, 28,135,0
87069,2007-02-20 23:35:35,121.467300,31.306300, 20,135,0
87069,2007-02-20 23:36:07,121.466300,31.306000, 24, 90,0
87069,2007-02-20 23:36:26,121.466500,31.304800, 28, 90,0
87069,2007-02-20 23:36:42,121.466500,31.303800, 22, 90,0
87069,2007-02-20 23:37:00,121.466500,31.302800, 24, 90,0
87069,2007-02-20 23:37:16,121.466500,31.301600, 42, 90,0
87069,2007-02-20 23:37:32,121.466500,31.300000, 40, 90,0
87069,2007-02-20 23:37:47,121.466300,31.299000, 22,112,0
87069,2007-02-20 23:38:03,121.465000,31.299000, 30,135,0
87069,2007-02-20 23:38:20,121.463300,31.299000, 38,135,0
87069,2007-02-20 23:39:21,121.462800,31.299000, 12,135,0
87069,2007-02-20 23:39:37,121.462500,31.298100, 28, 90,0
87069,2007-02-20 23:39:53,121.462500,31.297000, 32, 90,0
87069,2007-02-20 23:40:10,121.462500,31.296000, 22, 90,0
87069,2007-02-20 23:40:32,121.462500,31.294800,  6, 90,0
87069,2007-02-20 23:41:13,121.462300,31.293800, 32, 90,0
87069,2007-02-20 23:41:30,121.462000,31.292600, 34, 90,0
87069,2007-02-20 23:41:46,121.461800,31.291300, 36, 90,0
87069,2007-02-20 23:42:17,121.461300,31.288600, 36, 90,0
87069,2007-02-20 23:42:34,121.461000,31.287100, 40, 90,0
87069,2007-02-20 23:42:50,121.460800,31.285800, 38, 90,0
87069,2007-02-20 23:43:06,121.460500,31.284300, 36, 90,0
87069,2007-02-20 23:44:21,121.460100,31.282000, 24,135,0
87069,2007-02-20 23:44:37,121.458600,31.281800, 38,135,0
87069,2007-02-20 23:44:52,121.457100,31.281600, 16,135,0
87069,2007-02-20 23:45:32,121.456000,31.281500, 34,135,0
87069,2007-02-20 23:45:47,121.454300,31.281300, 34,135,0
87069,2007-02-20 23:46:22,121.453100,31.281300, 14,135,0
87069,2007-02-20 23:46:37,121.451800,31.281300, 40,135,0
87069,2007-02-20 23:47:10,121.448000,31.281100, 10,135,0
87069,2007-02-20 23:48:11,121.447800,31.281100,  0,135,0
87069,2007-02-20 23:49:12,121.447800,31.281100,  0,135,0
87069,2007-02-20 23:49:47,121.444000,31.281000, 72,135,0
87069,2007-02-20 23:50:03,121.440800,31.280600, 76,135,0
87069,2007-02-20 23:50:57,121.438100,31.280100, 38,135,0
87069,2007-02-20 23:51:14,121.436300,31.279500, 46,112,0
87069,2007-02-20 23:51:30,121.435000,31.278600, 24,112,0
87069,2007-02-20 23:51:46,121.434000,31.278100, 40,112,0
87069,2007-02-20 23:52:02,121.432100,31.277100, 42,112,0
87069,2007-02-20 23:52:17,121.430600,31.276500, 40,112,0
87069,2007-02-20 23:52:33,121.429100,31.275600, 40,112,0
87069,2007-02-20 23:52:50,121.427600,31.274800, 34,112,0
87069,2007-02-20 23:53:50,121.427000,31.274100, 24,112,0
87069,2007-02-20 23:54:06,121.426300,31.273000, 34, 90,0
87069,2007-02-20 23:54:22,121.426100,31.271800, 26, 90,0
87069,2007-02-20 23:54:41,121.425800,31.270800, 28, 90,0
87069,2007-02-20 23:54:57,121.425500,31.269600, 34, 90,0
87069,2007-02-20 23:55:12,121.425300,31.268600, 28, 90,0
87069,2007-02-20 23:55:30,121.425500,31.267600, 18, 90,0
87069,2007-02-20 23:55:46,121.425800,31.266500, 38, 90,0
87069,2007-02-20 23:56:21,121.426100,31.264100, 22, 90,0
87069,2007-02-20 23:56:37,121.426300,31.263000, 36, 90,0
87069,2007-02-20 23:56:52,121.426100,31.261600, 38, 90,0
87069,2007-02-20 23:57:08,121.426100,31.260100, 40, 90,0
87069,2007-02-20 23:57:25,121.426000,31.258600, 38, 90,0
87069,2007-02-20 23:57:41,121.426000,31.257000, 40, 90,0
87069,2007-02-20 23:57:57,121.426300,31.256000, 18, 90,0
87069,2007-02-20 23:58:57,121.426500,31.255500,  0, 90,0
87069,2007-02-20 23:59:34,121.426800,31.254600, 38, 90,0
87069,2007-02-20 23:59:50,121.427500,31.253100, 48, 67,0
