86351,2007-02-20 00:00:09,121.740000,30.964600, 46, 67,0
86351,2007-02-20 00:00:42,121.742300,30.963600, 46, 67,0
86351,2007-02-20 00:00:57,121.744100,30.962600, 52, 67,0
86351,2007-02-20 00:01:14,121.746100,30.961800, 50, 67,0
86351,2007-02-20 00:01:46,121.750500,30.960100, 62, 67,0
86351,2007-02-20 00:02:02,121.752800,30.959000, 60, 67,0
86351,2007-02-20 00:02:17,121.754800,30.957800, 54, 67,0
86351,2007-02-20 00:02:34,121.756600,30.956600, 46, 67,0
86351,2007-02-20 00:02:50,121.758500,30.955600, 54, 67,0
86351,2007-02-20 00:03:06,121.760500,30.954300, 60, 67,0
86351,2007-02-20 00:03:22,121.762600,30.953000, 62, 67,0
86351,2007-02-20 00:03:37,121.764800,30.951600, 68, 67,0
86351,2007-02-20 00:04:10,121.769800,30.948500, 70, 67,0
86351,2007-02-20 00:04:26,121.772300,30.947000, 66, 67,0
86351,2007-02-20 00:04:42,121.775000,30.945800, 70, 67,0
86351,2007-02-20 00:04:57,121.777600,30.944600, 74, 67,0
86351,2007-02-20 00:06:02,121.788300,30.938100, 74, 67,0
86351,2007-02-20 00:06:17,121.790600,30.936600, 78, 67,0
86351,2007-02-20 00:06:34,121.793500,30.934600, 76, 67,0
86351,2007-02-20 00:06:50,121.796000,30.933100, 62, 67,0
86351,2007-02-20 00:07:06,121.797100,30.932300,  8, 67,0
86351,2007-02-20 00:07:24,121.798100,30.931800, 48, 67,0
86351,2007-02-20 00:07:40,121.800000,30.930300, 62, 67,0
86351,2007-02-20 00:07:56,121.801800,30.928300, 70, 67,0
86351,2007-02-20 00:08:12,121.803500,30.926000, 72, 67,0
86351,2007-02-20 00:08:27,121.805000,30.924100, 62, 67,0
86351,2007-02-20 00:08:44,121.806600,30.921800, 68, 67,0
86351,2007-02-20 00:09:00,121.808100,30.919600, 68, 67,0
86351,2007-02-20 00:09:16,121.809800,30.917500, 72, 67,0
86351,2007-02-20 00:09:32,121.811500,30.915000, 76, 67,0
86351,2007-02-20 00:09:47,121.813100,30.912800, 74, 67,0
86351,2007-02-20 00:10:04,121.815300,30.910600, 72, 67,0
86351,2007-02-20 00:10:20,121.817100,30.909100, 54, 67,0
86351,2007-02-20 00:10:36,121.819000,30.907500, 66, 67,0
86351,2007-02-20 00:10:52,121.821000,30.905500, 76, 67,0
86351,2007-02-20 00:11:07,121.822800,30.903500, 50, 67,0
86351,2007-02-20 00:11:36,121.823000,30.902800, 16,112,0
86351,2007-02-20 00:12:12,121.821300,30.901100, 36,112,0
86351,2007-02-20 00:12:27,121.820500,30.900600, 14,157,0
86351,2007-02-20 00:12:51,121.820100,30.901500, 20,  0,0
86351,2007-02-20 00:13:52,121.820000,30.901800,  0,135,0
86351,2007-02-20 00:15:54,121.819500,30.901100,  0,112,0
86351,2007-02-20 00:16:55,121.819800,30.901500,  0, 22,0
86351,2007-02-20 00:17:56,121.819800,30.901600,  0, 22,0
86351,2007-02-20 00:18:57,121.819600,30.901500,  0, 22,0
86351,2007-02-20 00:19:57,121.819600,30.901500,  0, 22,0
86351,2007-02-20 00:20:59,121.819600,30.901500,  0, 22,0
86351,2007-02-20 00:22:00,121.819600,30.901500,  0, 22,0
86351,2007-02-20 00:23:01,121.819600,30.901500,  0, 22,0
86351,2007-02-20 00:24:02,121.819800,30.901600,  0, 22,0
86351,2007-02-20 00:25:02,121.819800,30.901600,  0, 22,0
86351,2007-02-20 00:26:04,121.819800,30.901600,  0, 22,0
86351,2007-02-20 00:27:05,121.819800,30.901600,  0, 22,0
86351,2007-02-20 00:28:06,121.819800,30.901600,  0, 22,0
86351,2007-02-20 00:29:07,121.819800,30.901600,  0, 22,0
86351,2007-02-20 00:31:08,121.819800,30.901600,  0, 22,0
86351,2007-02-20 00:32:09,121.819800,30.901600,  0, 22,0
86351,2007-02-20 00:33:10,121.819800,30.901600,  0, 22,0
86351,2007-02-20 00:34:11,121.819800,30.901600,  0, 22,0
86351,2007-02-20 00:35:11,121.819800,30.901600,  0, 22,0
86351,2007-02-20 00:36:13,121.819500,30.901500,  0, 22,0
86351,2007-02-20 00:37:14,121.819500,30.901500,  0, 22,0
86351,2007-02-20 00:38:15,121.819100,30.901300,  0, 22,0
86351,2007-02-20 00:39:16,121.819100,30.901300,  0, 22,0
86351,2007-02-20 00:40:16,121.819100,30.901300,  0, 22,0
86351,2007-02-20 00:41:18,121.819100,30.901300,  0, 22,0
86351,2007-02-20 00:41:45,121.819100,30.901300,  0, 22,0
86351,2007-02-20 00:42:45,121.819100,30.901300,  0, 22,0
86351,2007-02-20 00:43:46,121.819100,30.901300,  0, 22,0
86351,2007-02-20 00:44:46,121.819100,30.901300,  0, 22,0
86351,2007-02-20 00:45:48,121.819100,30.901300,  0, 22,0
86351,2007-02-20 00:47:50,121.819100,30.901300,  0, 22,0
86351,2007-02-20 00:48:51,121.819100,30.901300,  0, 22,0
86351,2007-02-20 00:49:51,121.819100,30.901300,  0, 22,0
86351,2007-02-20 00:51:54,121.819100,30.901300,  0, 22,0
86351,2007-02-20 00:52:55,121.819100,30.901300,  0, 22,0
86351,2007-02-20 00:53:56,121.819100,30.901300,  0, 22,0
86351,2007-02-20 00:55:58,121.819100,30.901300,  0, 22,0
86351,2007-02-20 00:56:59,121.819100,30.901300,  0, 22,0
86351,2007-02-20 00:58:00,121.819100,30.901300,  0, 22,0
86351,2007-02-20 00:59:01,121.819100,30.901300,  0, 22,0
86351,2007-02-20 01:00:01,121.819100,30.901300,  0, 22,0
86351,2007-02-20 01:01:03,121.819100,30.901300,  0, 22,0
86351,2007-02-20 01:02:04,121.819100,30.901300,  0, 22,0
86351,2007-02-20 01:04:06,121.819100,30.901300,  0, 22,0
86351,2007-02-20 01:05:06,121.819100,30.901300,  0, 22,0
86351,2007-02-20 01:06:08,121.819100,30.901300,  0, 22,0
86351,2007-02-20 01:07:09,121.819100,30.901300,  0, 22,0
86351,2007-02-20 01:09:11,121.819100,30.901300,  0, 22,0
86351,2007-02-20 01:10:11,121.819100,30.901300,  0, 22,0
86351,2007-02-20 01:11:13,121.819100,30.901300,  0, 22,0
86351,2007-02-20 01:12:14,121.819100,30.901300,  0, 22,0
86351,2007-02-20 01:13:15,121.819100,30.901300,  0, 22,0
86351,2007-02-20 01:14:16,121.819000,30.901600,  0, 22,0
86351,2007-02-20 01:15:16,121.819000,30.901800,  0, 22,0
86351,2007-02-20 01:16:18,121.819000,30.902000,  0, 22,0
86351,2007-02-20 01:17:19,121.819000,30.902000,  0, 22,0
86351,2007-02-20 01:18:20,121.819000,30.902000,  0, 22,0
86351,2007-02-20 01:20:21,121.819000,30.901800,  0, 22,0
86351,2007-02-20 01:21:23,121.819100,30.901800,  0, 22,0
86351,2007-02-20 01:22:24,121.819100,30.901800,  0, 22,0
86351,2007-02-20 01:23:25,121.819100,30.901800,  0, 22,0
86351,2007-02-20 01:24:26,121.819100,30.901800,  0, 22,0
86351,2007-02-20 01:25:26,121.819100,30.901800,  0, 22,0
86351,2007-02-20 01:26:28,121.819100,30.901800,  0, 22,0
86351,2007-02-20 01:27:29,121.819100,30.901800,  0, 22,0
86351,2007-02-20 01:28:30,121.819100,30.901800,  0, 22,0
86351,2007-02-20 01:29:31,121.819100,30.901800,  0, 22,0
86351,2007-02-20 01:31:33,121.819100,30.901800,  0, 22,0
86351,2007-02-20 01:32:34,121.819100,30.901800,  0, 22,0
86351,2007-02-20 01:33:35,121.819100,30.901800,  0, 22,0
86351,2007-02-20 01:34:36,121.819100,30.901800,  0, 22,0
86351,2007-02-20 01:35:36,121.819100,30.901800,  0, 22,0
86351,2007-02-20 01:36:38,121.819300,30.901800,  0, 22,0
86351,2007-02-20 01:37:39,121.819300,30.901800,  0, 22,0
86351,2007-02-20 01:38:40,121.819300,30.901800,  0, 22,0
86351,2007-02-20 01:39:41,121.819300,30.901800,  0, 22,0
86351,2007-02-20 01:40:41,121.819300,30.901800,  0, 22,0
86351,2007-02-20 01:41:43,121.819300,30.901800,  0, 22,0
86351,2007-02-20 01:45:55,121.819300,30.902000,  0, 22,0
86351,2007-02-20 01:46:56,121.819300,30.902000,  0, 22,0
86351,2007-02-20 01:47:56,121.819300,30.902000,  0, 22,0
86351,2007-02-20 01:48:58,121.819300,30.902000,  0, 22,0
86351,2007-02-20 01:49:59,121.819300,30.902000,  0, 22,0
86351,2007-02-20 01:51:00,121.819300,30.902000,  0, 22,0
86351,2007-02-20 01:52:01,121.819300,30.902000,  0, 22,0
86351,2007-02-20 01:53:01,121.819300,30.902000,  0, 22,0
86351,2007-02-20 01:54:03,121.819300,30.902000,  0, 22,0
86351,2007-02-20 01:55:04,121.819300,30.902100,  0, 22,0
86351,2007-02-20 01:56:05,121.819300,30.902100,  0, 22,0
86351,2007-02-20 01:57:06,121.819300,30.902100,  0, 22,0
86351,2007-02-20 01:58:06,121.819300,30.902100,  0, 22,0
86351,2007-02-20 02:00:09,121.819300,30.902100,  0, 22,0
86351,2007-02-20 02:01:10,121.819300,30.902100,  0, 22,0
86351,2007-02-20 02:02:11,121.819300,30.902100,  0, 22,0
86351,2007-02-20 02:03:11,121.819300,30.902100,  0, 22,0
86351,2007-02-20 02:04:13,121.819300,30.902100,  0, 22,0
86351,2007-02-20 02:05:14,121.819300,30.902000,  0, 22,0
86351,2007-02-20 02:06:15,121.819300,30.902000,  0, 22,0
86351,2007-02-20 02:07:16,121.819300,30.902000,  0, 22,0
86351,2007-02-20 02:09:18,121.819300,30.902000,  0, 22,0
86351,2007-02-20 02:10:19,121.819300,30.902000,  0, 22,0
86351,2007-02-20 02:11:20,121.819300,30.902000,  0, 22,0
86351,2007-02-20 02:12:21,121.819300,30.902000,  0, 22,0
86351,2007-02-20 02:13:21,121.819300,30.902000,  0, 22,0
86351,2007-02-20 02:14:23,121.819300,30.902000,  0, 22,0
86351,2007-02-20 02:15:24,121.819300,30.902000,  0, 22,0
86351,2007-02-20 02:17:26,121.819300,30.902000,  0, 22,0
86351,2007-02-20 02:18:26,121.820000,30.900500,  0, 90,0
86351,2007-02-20 02:19:28,121.820000,30.900500,  0, 90,0
86351,2007-02-20 02:20:29,121.820000,30.900500,  0, 90,0
86351,2007-02-20 02:21:30,121.819600,30.900100,  0, 90,0
86351,2007-02-20 02:22:31,121.819800,30.899800,  0, 90,0
86351,2007-02-20 02:23:31,121.820000,30.900500,  0, 90,0
86351,2007-02-20 02:24:33,121.820100,30.901800,  0, 90,0
86351,2007-02-20 02:25:34,121.820100,30.901800,  0, 90,0
86351,2007-02-20 02:26:35,121.820100,30.901800,  0, 90,0
86351,2007-02-20 02:27:36,121.820100,30.901800,  0, 90,0
86351,2007-02-20 02:28:36,121.820100,30.901800,  0, 90,0
86351,2007-02-20 02:29:38,121.820100,30.901800,  0, 90,0
86351,2007-02-20 02:30:39,121.820100,30.901800,  0, 90,0
86351,2007-02-20 02:31:40,121.820100,30.901800,  0, 90,0
86351,2007-02-20 02:32:41,121.820100,30.901800,  0, 90,0
86351,2007-02-20 02:33:41,121.820100,30.901800,  0, 90,0
86351,2007-02-20 02:34:43,121.820100,30.901800,  0, 90,0
86351,2007-02-20 02:35:44,121.820100,30.901800,  0, 90,0
86351,2007-02-20 02:36:45,121.820100,30.901800,  0, 90,0
86351,2007-02-20 02:37:46,121.820100,30.901800,  0, 90,0
86351,2007-02-20 02:38:46,121.820100,30.901800,  0, 90,0
86351,2007-02-20 02:39:48,121.820100,30.901800,  0, 90,0
86351,2007-02-20 02:40:49,121.820100,30.901800,  0, 90,0
86351,2007-02-20 02:41:50,121.820100,30.901800,  0, 90,0
86351,2007-02-20 02:42:51,121.820100,30.901800,  0, 90,0
86351,2007-02-20 02:43:51,121.820100,30.901800,  0, 90,0
86351,2007-02-20 02:44:53,121.820100,30.901800,  0, 90,0
86351,2007-02-20 02:46:55,121.820100,30.901800,  0, 90,0
86351,2007-02-20 02:48:56,121.820100,30.901800,  0, 90,0
86351,2007-02-20 02:49:58,121.820100,30.901800,  0, 90,0
86351,2007-02-20 02:50:59,121.820100,30.901800,  0, 90,0
86351,2007-02-20 02:51:59,121.819800,30.901300,  0, 90,0
86351,2007-02-20 02:53:00,121.820000,30.902000,  0, 90,0
86351,2007-02-20 02:54:01,121.820000,30.902000,  0, 22,0
86351,2007-02-20 02:55:02,121.820000,30.901800,  0, 22,0
86351,2007-02-20 02:56:03,121.820000,30.901800,  0, 22,0
86351,2007-02-20 02:57:04,121.820000,30.901800,  0, 22,0
86351,2007-02-20 02:58:05,121.820000,30.901800,  0, 22,0
86351,2007-02-20 02:59:06,121.820000,30.901800,  0, 22,0
86351,2007-02-20 03:00:07,121.820000,30.901800,  0, 22,0
86351,2007-02-20 03:01:08,121.820000,30.901800,  0, 22,0
86351,2007-02-20 03:02:09,121.820000,30.901800,  0, 22,0
86351,2007-02-20 03:03:10,121.820000,30.901800,  0, 22,0
86351,2007-02-20 03:04:11,121.820000,30.902000,  0, 22,0
86351,2007-02-20 03:05:12,121.820000,30.902000,  0, 22,0
86351,2007-02-20 03:06:13,121.820000,30.902000,  0, 22,0
86351,2007-02-20 03:07:14,121.820000,30.902000,  0, 22,0
86351,2007-02-20 03:08:15,121.820000,30.902000,  0, 22,0
86351,2007-02-20 03:09:16,121.820000,30.902000,  0, 22,0
86351,2007-02-20 03:10:17,121.820000,30.902000,  0, 22,0
86351,2007-02-20 03:10:44,121.820000,30.902000,  0, 22,0
86351,2007-02-20 03:11:45,121.820000,30.901800,  0, 22,0
86351,2007-02-20 03:12:46,121.820000,30.901800,  0, 22,0
86351,2007-02-20 03:13:46,121.820000,30.901800,  0, 22,0
86351,2007-02-20 03:14:48,121.820000,30.901800,  0, 22,0
86351,2007-02-20 03:15:49,121.820000,30.901800,  0, 22,0
86351,2007-02-20 03:16:50,121.820000,30.901800,  0, 22,0
86351,2007-02-20 03:17:51,121.820000,30.901800,  0, 22,0
86351,2007-02-20 03:18:51,121.820000,30.901800,  0, 22,0
86351,2007-02-20 03:19:53,121.820000,30.901800,  0, 22,0
86351,2007-02-20 03:20:54,121.820000,30.902000,  0, 22,0
86351,2007-02-20 03:21:55,121.820000,30.902000,  0, 22,0
86351,2007-02-20 03:22:56,121.820000,30.902000,  0, 22,0
86351,2007-02-20 03:23:19,121.821000,30.903000, 20, 22,0
86351,2007-02-20 03:23:39,121.821600,30.903800, 22, 22,0
86351,2007-02-20 03:23:56,121.822100,30.904600, 24, 22,0
86351,2007-02-20 03:24:56,121.822500,30.905000,  0, 22,0
86351,2007-02-20 03:25:58,121.822500,30.905000,  0, 22,0
86351,2007-02-20 03:26:59,121.822500,30.905000,  0, 22,0
86351,2007-02-20 03:28:00,121.822500,30.905000,  0, 22,0
86351,2007-02-20 03:30:01,121.822500,30.905000,  0, 22,0
86351,2007-02-20 03:31:03,121.822500,30.905000,  0, 22,0
86351,2007-02-20 03:33:05,121.822500,30.905000,  0, 22,0
86351,2007-02-20 03:34:06,121.820100,30.901800,  0, 22,0
86351,2007-02-20 03:35:06,121.820100,30.901800,  0, 22,0
86351,2007-02-20 03:36:08,121.820100,30.901800,  0, 22,0
86351,2007-02-20 03:37:09,121.820100,30.901800,  0, 22,0
86351,2007-02-20 03:38:10,121.820100,30.901800,  0, 22,0
86351,2007-02-20 03:39:11,121.820100,30.901800,  0, 22,0
86351,2007-02-20 03:40:11,121.820000,30.901800,  0, 22,0
86351,2007-02-20 03:41:13,121.820000,30.901800,  0, 22,0
86351,2007-02-20 03:42:14,121.820000,30.901800,  0, 22,0
86351,2007-02-20 03:43:15,121.820000,30.901800,  0, 22,0
86351,2007-02-20 03:45:14,121.820000,30.901800,  0, 22,0
86351,2007-02-20 03:46:15,121.820000,30.901800,  0, 22,0
86351,2007-02-20 03:47:16,121.820000,30.901800,  0, 22,0
86351,2007-02-20 03:48:16,121.820000,30.901800,  0, 22,0
86351,2007-02-20 03:49:18,121.820000,30.901800,  0, 22,0
86351,2007-02-20 03:50:19,121.820000,30.901800,  0, 22,0
86351,2007-02-20 03:51:20,121.820000,30.901800,  0, 22,0
86351,2007-02-20 03:52:21,121.820000,30.901800,  0, 22,0
86351,2007-02-20 03:53:21,121.820000,30.901800,  0, 22,0
86351,2007-02-20 03:54:23,121.820000,30.901800,  0, 22,0
86351,2007-02-20 03:55:24,121.820000,30.901800,  0, 22,0
86351,2007-02-20 03:56:25,121.820000,30.901800,  0, 22,0
86351,2007-02-20 03:57:26,121.820000,30.901800,  0, 22,0
86351,2007-02-20 03:58:26,121.820000,30.901800,  0, 22,0
86351,2007-02-20 03:59:28,121.820000,30.901800,  0, 22,0
86351,2007-02-20 04:00:29,121.820000,30.901800,  0, 22,0
86351,2007-02-20 04:01:30,121.820000,30.901800,  0, 22,0
86351,2007-02-20 04:02:31,121.820000,30.901800,  0, 22,0
86351,2007-02-20 04:03:31,121.820000,30.901800,  0, 22,0
86351,2007-02-20 04:05:34,121.820000,30.901800,  0, 22,0
86351,2007-02-20 04:06:35,121.820000,30.901800,  0, 22,0
86351,2007-02-20 04:07:36,121.820000,30.901800,  0, 22,0
86351,2007-02-20 04:08:36,121.820000,30.901800,  0, 22,0
86351,2007-02-20 04:09:38,121.820000,30.901800,  0, 22,0
86351,2007-02-20 04:10:39,121.820000,30.901800,  0, 22,0
86351,2007-02-20 04:11:40,121.820000,30.901800,  0, 22,0
86351,2007-02-20 04:12:41,121.820000,30.901800,  0, 22,0
86351,2007-02-20 04:13:41,121.820000,30.901800,  0, 22,0
86351,2007-02-20 04:14:43,121.820000,30.901800,  0, 22,0
86351,2007-02-20 04:15:44,121.820000,30.901800,  0, 22,0
86351,2007-02-20 04:16:45,121.820000,30.901800,  0, 22,0
86351,2007-02-20 04:19:48,121.820100,30.901600,  0, 22,0
86351,2007-02-20 04:20:49,121.820000,30.901600,  0, 22,0
86351,2007-02-20 04:21:50,121.820000,30.901800,  0, 22,0
86351,2007-02-20 04:22:51,121.820000,30.901600,  0, 22,0
86351,2007-02-20 04:23:51,121.820000,30.901800,  0, 22,0
86351,2007-02-20 04:25:54,121.820000,30.901800,  0, 22,0
86351,2007-02-20 04:26:55,121.820000,30.901800,  0, 22,0
86351,2007-02-20 04:27:56,121.819800,30.901600,  0, 22,0
86351,2007-02-20 04:28:56,121.819800,30.901600,  0, 22,0
86351,2007-02-20 04:30:59,121.819800,30.901600,  0, 22,0
86351,2007-02-20 04:32:00,121.819800,30.901600,  0, 22,0
86351,2007-02-20 04:33:01,121.819800,30.901600,  0, 22,0
86351,2007-02-20 04:34:01,121.819800,30.901600,  0, 22,0
86351,2007-02-20 04:35:03,121.819800,30.901600,  0, 22,0
86351,2007-02-20 04:36:04,121.819800,30.901600,  0, 22,0
86351,2007-02-20 04:37:05,121.819800,30.901600,  0, 22,0
86351,2007-02-20 04:38:06,121.819800,30.901600,  0, 22,0
86351,2007-02-20 04:39:06,121.819800,30.901600,  0, 22,0
86351,2007-02-20 04:40:08,121.819800,30.901600,  0, 22,0
86351,2007-02-20 04:41:09,121.819800,30.901600,  0, 22,0
86351,2007-02-20 04:43:11,121.819800,30.901600,  0, 22,0
86351,2007-02-20 04:44:11,121.819800,30.901600,  0, 22,0
86351,2007-02-20 04:45:13,121.819800,30.901600,  0, 22,0
86351,2007-02-20 04:47:15,121.820000,30.901500,  0,157,0
86351,2007-02-20 04:48:16,121.820000,30.901500,  0,157,0
86351,2007-02-20 04:49:16,121.820000,30.901500,  0,157,0
86351,2007-02-20 04:50:18,121.820000,30.901500,  0,157,0
86351,2007-02-20 04:51:19,121.820000,30.901500,  0,157,0
86351,2007-02-20 04:52:19,121.820000,30.901500,  0,157,0
86351,2007-02-20 04:53:20,121.820000,30.901600,  0,157,0
86351,2007-02-20 04:54:21,121.820000,30.901600,  0,157,0
86351,2007-02-20 04:55:23,121.820000,30.901600,  0,157,0
86351,2007-02-20 04:56:23,121.820000,30.901600,  0,157,0
86351,2007-02-20 04:57:25,121.820000,30.901600,  0,157,0
86351,2007-02-20 04:58:26,121.820000,30.901600,  0,157,0
86351,2007-02-20 04:59:26,121.820000,30.901600,  0,157,0
86351,2007-02-20 05:00:27,121.820000,30.901600,  0,157,0
86351,2007-02-20 05:02:28,121.820000,30.901600,  0,157,0
86351,2007-02-20 05:03:29,121.820000,30.901600,  0,157,0
86351,2007-02-20 05:04:30,121.820000,30.901600,  0,157,0
86351,2007-02-20 05:05:31,121.820000,30.901600,  0,157,0
86351,2007-02-20 05:06:32,121.820000,30.901600,  0,157,0
86351,2007-02-20 05:07:33,121.820000,30.901600,  0,157,0
86351,2007-02-20 05:08:34,121.820000,30.901600,  0,157,0
86351,2007-02-20 05:09:35,121.820000,30.901600,  0,157,0
86351,2007-02-20 05:10:36,121.820000,30.901600,  0,157,0
86351,2007-02-20 05:11:37,121.820000,30.901600,  0,157,0
86351,2007-02-20 05:12:38,121.820000,30.901600,  0,157,0
86351,2007-02-20 05:13:39,121.820000,30.901600,  0,157,0
86351,2007-02-20 05:14:40,121.820000,30.901600,  0,157,0
86351,2007-02-20 05:15:41,121.820000,30.901600,  0,157,0
86351,2007-02-20 05:16:42,121.820000,30.901600,  0,157,0
86351,2007-02-20 05:17:43,121.820000,30.901600,  0,157,0
86351,2007-02-20 05:18:44,121.820000,30.901600,  0,157,0
86351,2007-02-20 05:19:45,121.820000,30.901600,  0,157,0
86351,2007-02-20 05:20:46,121.820000,30.901600,  0,157,0
86351,2007-02-20 05:21:47,121.820000,30.901600,  0,157,0
86351,2007-02-20 05:22:48,121.820000,30.901600,  0,157,0
86351,2007-02-20 05:23:49,121.820000,30.901600,  0,157,0
86351,2007-02-20 05:24:50,121.820000,30.901600,  0,157,0
86351,2007-02-20 05:25:51,121.820000,30.901600,  0,157,0
86351,2007-02-20 05:26:52,121.820000,30.901600,  0,157,0
86351,2007-02-20 05:27:53,121.820000,30.901600,  0,157,0
86351,2007-02-20 05:28:54,121.820000,30.901600,  0,157,0
86351,2007-02-20 05:29:55,121.820000,30.901600,  0,157,0
86351,2007-02-20 05:30:56,121.820000,30.901600,  0,157,0
86351,2007-02-20 05:31:57,121.820000,30.901600,  0,157,0
86351,2007-02-20 05:32:58,121.820000,30.901500,  0,157,0
86351,2007-02-20 05:33:59,121.819800,30.901600,  0,157,0
86351,2007-02-20 05:35:00,121.819800,30.901800,  0,157,0
86351,2007-02-20 05:36:01,121.819800,30.902000,  0,157,0
86351,2007-02-20 05:37:02,121.820000,30.902000,  0,157,0
86351,2007-02-20 05:38:03,121.820000,30.901800,  0,157,0
86351,2007-02-20 05:39:04,121.820000,30.901500,  0,157,0
86351,2007-02-20 05:40:05,121.819800,30.901600,  0,157,0
86351,2007-02-20 05:41:06,121.819800,30.901600,  0,157,0
86351,2007-02-20 05:42:07,121.819800,30.901600,  0,157,0
86351,2007-02-20 05:43:08,121.819800,30.901600,  0,157,0
86351,2007-02-20 05:44:09,121.819800,30.901600,  0,157,0
86351,2007-02-20 05:45:10,121.819800,30.901600,  0,157,0
86351,2007-02-20 05:46:11,121.819800,30.901600,  0,157,0
86351,2007-02-20 05:47:12,121.819800,30.901600,  0,157,0
86351,2007-02-20 05:50:15,121.819800,30.901600,  0,157,0
86351,2007-02-20 05:51:16,121.819800,30.901600,  0,157,0
86351,2007-02-20 05:52:17,121.819800,30.901600,  0,157,0
86351,2007-02-20 05:53:18,121.819800,30.901600,  0,157,0
86351,2007-02-20 05:54:19,121.819800,30.901600,  0,157,0
86351,2007-02-20 05:55:20,121.819800,30.901600,  0,157,0
86351,2007-02-20 05:56:21,121.819800,30.901600,  0,157,0
86351,2007-02-20 05:57:22,121.819800,30.901600,  0,157,0
86351,2007-02-20 05:58:23,121.819800,30.901600,  0,157,0
86351,2007-02-20 05:59:24,121.819800,30.901600,  0,157,0
86351,2007-02-20 06:00:25,121.819800,30.901600,  0,157,0
86351,2007-02-20 06:01:26,121.819800,30.901600,  0,157,0
86351,2007-02-20 06:02:27,121.819800,30.901600,  0,157,0
86351,2007-02-20 06:03:28,121.819800,30.901600,  0,157,0
86351,2007-02-20 06:04:29,121.819800,30.901600,  0,157,0
86351,2007-02-20 06:05:30,121.819800,30.901600,  0,157,0
86351,2007-02-20 06:06:31,121.819800,30.901600,  0,157,0
86351,2007-02-20 06:07:32,121.819800,30.901600,  0,157,0
86351,2007-02-20 06:08:33,121.819800,30.901600,  0,157,0
86351,2007-02-20 06:09:34,121.819800,30.901600,  0,157,0
86351,2007-02-20 06:10:35,121.819800,30.901600,  0,157,0
86351,2007-02-20 06:11:36,121.819800,30.901600,  0,157,0
86351,2007-02-20 06:12:37,121.819800,30.901600,  0,157,0
86351,2007-02-20 06:13:38,121.819800,30.901600,  0,157,0
86351,2007-02-20 06:14:39,121.819800,30.901600,  0,157,0
86351,2007-02-20 06:15:40,121.819800,30.901600,  0,157,0
86351,2007-02-20 06:16:41,121.819800,30.901600,  0,157,0
86351,2007-02-20 06:17:42,121.819800,30.901600,  0,157,0
86351,2007-02-20 06:18:43,121.819800,30.901600,  0,157,0
86351,2007-02-20 06:19:44,121.819800,30.901600,  0,157,0
86351,2007-02-20 06:20:45,121.819800,30.901600,  0,157,0
86351,2007-02-20 06:21:46,121.819800,30.901600,  0,157,0
86351,2007-02-20 06:23:48,121.819800,30.901600,  0,157,0
86351,2007-02-20 06:24:49,121.819800,30.901600,  0,157,0
86351,2007-02-20 06:25:50,121.819800,30.901600,  0,157,0
86351,2007-02-20 06:26:51,121.819800,30.901600,  0,157,0
86351,2007-02-20 06:27:52,121.819800,30.901600,  0,157,0
86351,2007-02-20 06:28:53,121.819800,30.901600,  0,157,0
86351,2007-02-20 06:29:54,121.819800,30.901600,  0,157,0
86351,2007-02-20 06:30:55,121.819800,30.901600,  0,157,0
86351,2007-02-20 06:31:56,121.819800,30.901600,  0,157,0
86351,2007-02-20 06:32:57,121.819800,30.901600,  0,157,0
86351,2007-02-20 06:33:58,121.819800,30.901600,  0,157,0
86351,2007-02-20 06:34:59,121.819800,30.901600,  0,157,0
86351,2007-02-20 06:36:00,121.819800,30.901600,  0,157,0
86351,2007-02-20 06:37:01,121.819800,30.901600,  0,157,0
86351,2007-02-20 06:39:03,121.819800,30.901600,  0,157,0
86351,2007-02-20 06:40:04,121.819800,30.901600,  0,157,0
86351,2007-02-20 06:43:07,121.820000,30.901500,  0,157,0
86351,2007-02-20 06:44:08,121.819800,30.901600,  0,157,0
86351,2007-02-20 06:45:09,121.819800,30.901600,  0,157,0
86351,2007-02-20 06:46:10,121.819800,30.901800,  0,157,0
86351,2007-02-20 06:47:11,121.819800,30.901800,  0,157,0
86351,2007-02-20 06:48:12,121.819800,30.901800,  0,157,0
86351,2007-02-20 06:50:14,121.819800,30.901800,  0,157,0
86351,2007-02-20 06:51:15,121.819800,30.901800,  0,157,0
86351,2007-02-20 06:52:16,121.819800,30.901800,  0,157,0
86351,2007-02-20 06:53:17,121.819800,30.901800,  0,157,0
86351,2007-02-20 06:54:18,121.819800,30.901800,  0,157,0
86351,2007-02-20 06:55:19,121.819800,30.901800,  0,157,0
86351,2007-02-20 06:56:20,121.819800,30.901800,  0,157,0
86351,2007-02-20 06:57:21,121.819800,30.901800,  0,157,0
86351,2007-02-20 06:58:22,121.819800,30.901800,  0,157,0
86351,2007-02-20 06:59:23,121.819800,30.901800,  0,157,0
86351,2007-02-20 07:01:25,121.819800,30.901800,  0,157,0
86351,2007-02-20 07:02:26,121.819800,30.901800,  0,157,0
86351,2007-02-20 07:03:27,121.819800,30.901800,  0,157,0
86351,2007-02-20 07:04:28,121.819800,30.901800,  0,157,0
86351,2007-02-20 07:06:30,121.819800,30.901800,  0,157,0
86351,2007-02-20 07:07:31,121.819800,30.901800,  0,157,0
86351,2007-02-20 07:08:32,121.819800,30.901800,  0,157,0
86351,2007-02-20 07:09:33,121.819800,30.901800,  0,157,0
86351,2007-02-20 07:10:34,121.819800,30.901800,  0,157,0
86351,2007-02-20 07:11:35,121.819800,30.901800,  0,157,0
86351,2007-02-20 07:12:36,121.819800,30.901800,  0,157,0
86351,2007-02-20 07:13:37,121.819800,30.901800,  0,157,0
86351,2007-02-20 07:14:38,121.819800,30.901800,  0,157,0
86351,2007-02-20 07:15:39,121.819800,30.902000,  0,157,0
86351,2007-02-20 07:16:40,121.819800,30.901800,  0,157,0
86351,2007-02-20 07:17:41,121.819600,30.901800,  0,157,0
86351,2007-02-20 07:18:42,121.819800,30.901800,  0,157,0
86351,2007-02-20 07:19:43,121.819800,30.901800,  0,157,0
86351,2007-02-20 07:20:44,121.820000,30.901600,  0,157,0
86351,2007-02-20 07:21:45,121.820000,30.901600,  0,157,0
86351,2007-02-20 07:22:46,121.820000,30.901600,  0,157,0
86351,2007-02-20 07:23:47,121.820000,30.901600,  0,157,0
86351,2007-02-20 07:24:48,121.820000,30.901500,  0,157,0
86351,2007-02-20 07:25:49,121.820000,30.901500,  0,157,0
86351,2007-02-20 07:26:50,121.820000,30.901500,  0,157,0
86351,2007-02-20 07:27:51,121.820000,30.901300,  0, 90,0
86351,2007-02-20 07:28:52,121.820000,30.901300,  0, 90,0
86351,2007-02-20 07:29:53,121.820000,30.901300,  0, 90,0
86351,2007-02-20 07:30:54,121.820100,30.901500,  0, 90,0
86351,2007-02-20 07:31:55,121.820100,30.901300,  0, 90,0
86351,2007-02-20 07:32:55,121.820100,30.901300,  0, 90,0
86351,2007-02-20 07:34:58,121.820100,30.901300,  0, 90,0
86351,2007-02-20 07:35:59,121.820100,30.901300,  0, 90,0
86351,2007-02-20 07:37:00,121.820100,30.901600,  0, 90,0
86351,2007-02-20 07:38:00,121.820100,30.901600,  0, 90,0
86351,2007-02-20 07:39:02,121.820100,30.901600,  0, 90,0
86351,2007-02-20 07:42:05,121.820100,30.901600,  0, 90,0
86351,2007-02-20 07:43:05,121.820100,30.901600,  0, 90,0
86351,2007-02-20 07:44:07,121.820100,30.901600,  0, 90,0
86351,2007-02-20 07:45:08,121.820100,30.901600,  0, 90,0
86351,2007-02-20 07:46:09,121.820100,30.901600,  0, 90,0
86351,2007-02-20 07:47:10,121.820100,30.901600,  0, 90,0
86351,2007-02-20 07:48:10,121.820100,30.901600,  0, 90,0
86351,2007-02-20 07:49:12,121.820100,30.901600,  0, 90,0
86351,2007-02-20 07:50:13,121.820800,30.900800,  6, 67,0
86351,2007-02-20 07:51:07,121.822500,30.899000, 12,157,0
86351,2007-02-20 07:51:23,121.819500,30.902300, 32,157,0
86351,2007-02-20 07:52:47,121.820600,30.901100,  8, 67,0
86351,2007-02-20 07:53:39,121.819800,30.901800, 16,157,0
86351,2007-02-20 07:54:40,121.819600,30.902000,  0,157,0
86351,2007-02-20 07:55:40,121.819800,30.901800,  0,157,0
86351,2007-02-20 07:56:42,121.819800,30.901800,  0,157,0
86351,2007-02-20 07:57:43,121.819800,30.901800,  0,157,0
86351,2007-02-20 07:58:44,121.819800,30.901800,  0,157,0
86351,2007-02-20 07:59:45,121.819800,30.901800,  0,157,0
86351,2007-02-20 08:00:45,121.819800,30.901800,  0,157,0
86351,2007-02-20 08:01:47,121.819800,30.901800,  0,157,0
86351,2007-02-20 08:02:48,121.819800,30.901800,  0,157,0
86351,2007-02-20 08:04:50,121.819600,30.902000,  0,157,0
86351,2007-02-20 08:06:52,121.819600,30.902000,  0,157,0
86351,2007-02-20 08:07:53,121.819800,30.901800,  0,157,0
86351,2007-02-20 08:08:54,121.819800,30.901800,  0,157,0
86351,2007-02-20 08:09:55,121.819800,30.901800,  0,157,0
86351,2007-02-20 08:10:55,121.819800,30.901800,  0,157,0
86351,2007-02-20 08:12:58,121.820100,30.901600, 18, 67,0
86351,2007-02-20 08:13:30,121.820500,30.900500, 12, 45,0
86351,2007-02-20 08:13:47,121.821800,30.901600, 60, 22,0
86351,2007-02-20 08:14:08,121.822600,30.902300, 26, 22,0
86351,2007-02-20 08:14:50,121.823300,30.903100, 16,157,0
86351,2007-02-20 08:15:09,121.822500,30.904000, 28,157,0
86351,2007-02-20 08:15:25,121.821100,30.905100, 56,157,0
86351,2007-02-20 08:15:40,121.819500,30.906800, 62,157,0
86351,2007-02-20 08:15:57,121.817600,30.908600, 44,157,0
86351,2007-02-20 08:16:57,121.816800,30.909500, 60,157,0
86351,2007-02-20 08:17:13,121.814300,30.911800,100,157,0
86351,2007-02-20 08:17:29,121.811500,30.915100,118,157,0
86351,2007-02-20 08:17:45,121.809000,30.918800, 98,157,0
86351,2007-02-20 08:18:17,121.806800,30.921500, 40, 67,0
86351,2007-02-20 08:19:18,121.807300,30.920600, 36, 67,0
86351,2007-02-20 08:19:34,121.809000,30.918600, 80, 67,0
86351,2007-02-20 08:20:05,121.813000,30.913100, 94, 67,0
86351,2007-02-20 08:20:22,121.816000,30.910100,106, 67,0
86351,2007-02-20 08:20:38,121.819000,30.907100,100, 67,0
86351,2007-02-20 08:20:54,121.821600,30.904600, 84, 67,0
86351,2007-02-20 08:21:10,121.823500,30.902800, 24, 67,0
86351,2007-02-20 08:21:29,121.822500,30.902100, 20,112,0
86351,2007-02-20 08:21:45,121.821600,30.901500, 38,112,0
86351,2007-02-20 08:22:02,121.820500,30.900500,  0,112,0
86351,2007-02-20 08:22:20,121.821500,30.901100, 52, 22,0
86351,2007-02-20 08:22:35,121.822500,30.902300, 24, 22,0
86351,2007-02-20 08:23:37,121.823300,30.903000, 18, 22,0
86351,2007-02-20 08:23:57,121.824100,30.903800, 26, 22,0
86351,2007-02-20 08:24:58,121.823800,30.903500,  0,112,0
86351,2007-02-20 08:27:00,121.823100,30.903300, 40,157,0
86351,2007-02-20 08:27:15,121.821500,30.905000, 74,157,0
86351,2007-02-20 08:27:32,121.819100,30.907100, 84,157,0
86351,2007-02-20 08:27:48,121.816500,30.909800, 96,157,0
86351,2007-02-20 08:28:04,121.814300,30.911800, 70,157,0
86351,2007-02-20 08:28:20,121.812500,30.914000, 80,157,0
86351,2007-02-20 08:28:35,121.810600,30.916300, 88,157,0
86351,2007-02-20 08:28:52,121.808500,30.919300, 88,157,0
86351,2007-02-20 08:29:08,121.807300,30.921000,  0,157,0
86351,2007-02-20 08:30:09,121.807500,30.921000,  0,157,0
86351,2007-02-20 08:30:25,121.806500,30.922100, 52,157,0
86351,2007-02-20 08:30:40,121.805100,30.924000, 70,157,0
86351,2007-02-20 08:30:57,121.803500,30.926300, 62,157,0
86351,2007-02-20 08:31:13,121.802000,30.928500, 64,157,0
86351,2007-02-20 08:31:45,121.798100,30.932000, 60,157,0
86351,2007-02-20 08:32:00,121.797300,30.932000, 22, 90,0
86351,2007-02-20 08:32:17,121.797000,30.930300, 50, 90,0
86351,2007-02-20 08:32:33,121.796800,30.928300, 58, 90,0
86351,2007-02-20 08:32:49,121.796500,30.926100, 58, 90,0
86351,2007-02-20 08:33:05,121.796100,30.923800, 72, 90,0
86351,2007-02-20 08:33:20,121.796000,30.921300, 66, 90,0
86351,2007-02-20 08:33:37,121.795600,30.918800, 54, 90,0
86351,2007-02-20 08:33:53,121.795000,30.916600, 66, 90,0
86351,2007-02-20 08:34:25,121.793600,30.912300, 56, 90,0
86351,2007-02-20 08:34:57,121.793100,30.909500,  6, 90,0
86351,2007-02-20 08:35:23,121.793000,30.908500, 32, 90,0
86351,2007-02-20 08:35:39,121.792600,30.907000, 46, 90,0
86351,2007-02-20 08:35:55,121.792500,30.905500, 32, 90,0
86351,2007-02-20 08:36:10,121.792600,30.904100, 36, 90,0
86351,2007-02-20 08:36:27,121.793000,30.902600, 46, 90,0
86351,2007-02-20 08:36:43,121.792800,30.901000, 54, 90,0
86351,2007-02-20 08:37:15,121.793000,30.896100, 70, 90,0
86351,2007-02-20 08:37:30,121.792300,30.894300, 60, 90,0
86351,2007-02-20 08:37:47,121.791600,30.892300, 46, 90,0
86351,2007-02-20 08:38:03,121.790800,30.890100, 62, 90,0
86351,2007-02-20 08:38:19,121.791100,30.887800, 70, 90,0
86351,2007-02-20 08:38:35,121.791600,30.885600, 54, 90,0
86351,2007-02-20 08:38:50,121.792100,30.883500, 62, 90,0
86351,2007-02-20 08:39:07,121.792800,30.881100, 60, 90,0
86351,2007-02-20 08:39:23,121.793500,30.879100, 52, 90,0
86351,2007-02-20 08:39:39,121.793500,30.878300,  6,112,0
86351,2007-02-20 08:40:40,121.793000,30.878300,  0,135,0
86351,2007-02-20 08:41:40,121.793000,30.878300,  0,135,0
86351,2007-02-20 08:42:42,121.793000,30.878300,  0,  0,0
86351,2007-02-20 08:43:43,121.793500,30.878300,  0,  0,0
86351,2007-02-20 08:44:22,121.793300,30.879500, 48,  0,0
86351,2007-02-20 08:44:38,121.792600,30.881500, 62,  0,0
86351,2007-02-20 08:45:10,121.791300,30.886300, 62,  0,0
86351,2007-02-20 08:45:25,121.790800,30.888600, 68,  0,0
86351,2007-02-20 08:45:42,121.791000,30.891100, 60,  0,0
86351,2007-02-20 08:45:58,121.791600,30.892800, 54,  0,0
86351,2007-02-20 08:46:14,121.792300,30.894800, 50,  0,0
86351,2007-02-20 08:46:30,121.792800,30.896600, 52,  0,0
86351,2007-02-20 08:46:45,121.792800,30.898300, 48,  0,0
86351,2007-02-20 08:47:02,121.792600,30.900300, 44,  0,0
86351,2007-02-20 08:47:18,121.792800,30.901800, 30,  0,0
86351,2007-02-20 08:47:34,121.792800,30.903100, 36,  0,0
86351,2007-02-20 08:47:59,121.792800,30.904000, 22,157,0
86351,2007-02-20 08:48:30,121.792500,30.906500, 36,  0,0
86351,2007-02-20 08:48:47,121.792600,30.907500, 26,  0,0
86351,2007-02-20 08:49:10,121.792800,30.908500, 12,  0,0
86351,2007-02-20 08:49:33,121.793100,30.909500, 26,  0,0
86351,2007-02-20 08:49:49,121.793500,30.911500, 78,  0,0
86351,2007-02-20 08:50:05,121.794000,30.914500, 86,  0,0
86351,2007-02-20 08:50:20,121.794600,30.916100, 36, 22,0
86351,2007-02-20 08:50:37,121.795600,30.918600, 66,  0,0
86351,2007-02-20 08:50:53,121.795800,30.921300, 70,  0,0
86351,2007-02-20 08:51:09,121.796100,30.923600, 70,  0,0
86351,2007-02-20 08:51:25,121.796600,30.926500, 68,  0,0
86351,2007-02-20 08:51:40,121.796800,30.928800, 64,  0,0
86351,2007-02-20 08:51:57,121.797100,30.931000, 48,  0,0
86351,2007-02-20 08:52:37,121.797300,30.932000,  6,  0,0
86351,2007-02-20 08:52:55,121.796800,30.932800, 50,157,0
86351,2007-02-20 08:53:10,121.794500,30.934300, 88,157,0
86351,2007-02-20 08:53:27,121.791600,30.936100, 70,157,0
86351,2007-02-20 08:53:43,121.789100,30.937600, 66,157,0
86351,2007-02-20 08:53:59,121.787000,30.939000, 62,157,0
86351,2007-02-20 08:54:15,121.786800,30.940000, 42, 22,0
86351,2007-02-20 08:54:30,121.787600,30.941100, 26, 22,0
86351,2007-02-20 08:54:47,121.788800,30.940800,  8, 90,0
86351,2007-02-20 08:55:48,121.788500,30.940600,  0,112,0
86351,2007-02-20 08:56:49,121.788500,30.940600,  0,112,0
86351,2007-02-20 08:57:50,121.788500,30.940600,  0,112,0
86351,2007-02-20 08:58:50,121.788500,30.940600,  0,112,0
86351,2007-02-20 08:59:52,121.788500,30.940600,  0,112,0
86351,2007-02-20 09:00:53,121.788500,30.940600,  0,112,0
86351,2007-02-20 09:01:54,121.788500,30.940600,  0,112,0
86351,2007-02-20 09:02:55,121.788500,30.940600,  0,112,0
86351,2007-02-20 09:03:55,121.788500,30.940600,  0,112,0
86351,2007-02-20 09:04:57,121.788500,30.940600,  0,112,0
86351,2007-02-20 09:05:58,121.788500,30.940600,  0,112,0
86351,2007-02-20 09:08:00,121.789000,30.940600,  0,112,0
86351,2007-02-20 09:09:00,121.788500,30.940600,  0,112,0
86351,2007-02-20 09:10:02,121.788500,30.940600,  0,112,0
86351,2007-02-20 09:11:03,121.788500,30.940600,  0,112,0
86351,2007-02-20 09:12:04,121.788500,30.940600,  0,112,0
86351,2007-02-20 09:13:05,121.788500,30.940600,  0,112,0
86351,2007-02-20 09:14:05,121.788500,30.940600,  0,112,0
86351,2007-02-20 09:16:07,121.788600,30.940600,  0,112,0
86351,2007-02-20 09:17:09,121.788600,30.940600,  0,112,0
86351,2007-02-20 09:18:09,121.788600,30.940600,  0,112,0
86351,2007-02-20 09:19:10,121.788600,30.940600,  0,112,0
86351,2007-02-20 09:20:11,121.788600,30.940600,  0,112,0
86351,2007-02-20 09:22:13,121.788600,30.940600,  0,112,0
86351,2007-02-20 09:23:14,121.788600,30.940600,  0,112,0
86351,2007-02-20 09:24:15,121.788600,30.940600,  0,112,0
86351,2007-02-20 09:25:16,121.788500,30.940600,  0,112,0
86351,2007-02-20 09:26:17,121.788500,30.940600,  0,112,0
86351,2007-02-20 09:27:18,121.788500,30.940600,  0,112,0
86351,2007-02-20 09:28:19,121.788500,30.940600,  0,112,0
86351,2007-02-20 09:29:20,121.788500,30.940600,  0,112,0
86351,2007-02-20 09:30:21,121.788500,30.940600,  0,112,0
86351,2007-02-20 09:31:22,121.788500,30.940600,  0,112,0
86351,2007-02-20 09:33:23,121.788500,30.940600,  0,112,0
86351,2007-02-20 09:34:24,121.788500,30.940600,  0,112,0
86351,2007-02-20 09:35:25,121.788500,30.940600,  0,112,0
86351,2007-02-20 09:36:26,121.788500,30.940600,  0,112,0
86351,2007-02-20 09:37:27,121.788600,30.940600,  0, 22,0
86351,2007-02-20 09:38:28,121.788600,30.940600,  0, 22,0
86351,2007-02-20 09:39:29,121.788500,30.940600,  0, 22,0
86351,2007-02-20 09:40:30,121.788500,30.940600,  0, 22,0
86351,2007-02-20 09:41:31,121.788500,30.940600,  0, 22,0
86351,2007-02-20 09:42:32,121.788500,30.940600,  0, 22,0
86351,2007-02-20 09:43:33,121.788500,30.940600,  0, 22,0
86351,2007-02-20 09:44:34,121.788600,30.940800,  0, 22,0
86351,2007-02-20 09:45:35,121.788600,30.940800,  0, 22,0
86351,2007-02-20 09:46:36,121.788600,30.940800,  0, 22,0
86351,2007-02-20 09:47:37,121.788600,30.940800,  0, 22,0
86351,2007-02-20 09:48:38,121.788600,30.940800,  0, 22,0
86351,2007-02-20 09:49:39,121.788600,30.940800,  0, 22,0
86351,2007-02-20 09:50:40,121.788600,30.940800,  0, 22,0
86351,2007-02-20 09:51:41,121.788600,30.940800,  0, 22,0
86351,2007-02-20 09:52:42,121.788600,30.940800,  0, 22,0
86351,2007-02-20 09:53:43,121.788600,30.940800,  0, 22,0
86351,2007-02-20 09:54:44,121.788600,30.940800,  0, 22,0
86351,2007-02-20 09:55:45,121.788600,30.940800,  0, 22,0
86351,2007-02-20 09:56:46,121.788600,30.940800,  0, 22,0
86351,2007-02-20 09:57:47,121.788600,30.940800,  0, 22,0
86351,2007-02-20 09:58:48,121.788600,30.940800,  0, 22,0
86351,2007-02-20 09:59:49,121.788600,30.940800,  0, 22,0
86351,2007-02-20 10:00:50,121.788600,30.940800,  0, 22,0
86351,2007-02-20 10:03:53,121.788600,30.940800,  0, 22,0
86351,2007-02-20 10:04:54,121.788600,30.940800,  0, 22,0
86351,2007-02-20 10:05:55,121.788600,30.940800,  0, 22,0
86351,2007-02-20 10:06:56,121.788600,30.940800,  0, 22,0
86351,2007-02-20 10:07:57,121.788600,30.940800,  0, 22,0
86351,2007-02-20 10:08:58,121.788600,30.940800,  0, 22,0
86351,2007-02-20 10:09:59,121.788600,30.940800,  0, 22,0
86351,2007-02-20 10:11:00,121.788600,30.940800,  0, 22,0
86351,2007-02-20 10:12:01,121.788600,30.940800,  0, 22,0
86351,2007-02-20 10:13:02,121.788600,30.940800,  0, 22,0
86351,2007-02-20 10:14:03,121.788600,30.940800,  0, 22,0
86351,2007-02-20 10:15:04,121.788600,30.940800,  0, 22,0
86351,2007-02-20 10:16:05,121.788600,30.940800,  0, 22,0
86351,2007-02-20 10:16:52,121.788600,30.940800,  0, 22,0
86351,2007-02-20 10:17:53,121.788600,30.940800,  0, 22,0
86351,2007-02-20 10:18:54,121.788600,30.940800,  0, 22,0
86351,2007-02-20 10:19:54,121.788600,30.940800,  0, 22,0
86351,2007-02-20 10:20:56,121.788600,30.940800,  0, 22,0
86351,2007-02-20 10:22:58,121.788600,30.940800,  0, 22,0
86351,2007-02-20 10:23:59,121.788600,30.940800,  0, 22,0
86351,2007-02-20 10:24:59,121.788600,30.940800,  0, 22,0
86351,2007-02-20 10:26:01,121.788600,30.940800,  0, 22,0
86351,2007-02-20 10:27:02,121.788600,30.940800,  0, 22,0
86351,2007-02-20 10:28:03,121.788600,30.940800,  0, 22,0
86351,2007-02-20 10:29:04,121.788600,30.940800,  0, 22,0
86351,2007-02-20 10:30:04,121.788600,30.940600,  0, 22,0
86351,2007-02-20 10:31:06,121.788600,30.940600,  0, 22,0
86351,2007-02-20 10:32:07,121.788600,30.940600,  0, 22,0
86351,2007-02-20 10:33:08,121.788600,30.940600,  0, 22,0
86351,2007-02-20 10:34:09,121.788600,30.940600,  0, 22,0
86351,2007-02-20 10:35:09,121.788600,30.940600,  0, 22,0
86351,2007-02-20 10:36:11,121.788600,30.940600,  0, 22,0
86351,2007-02-20 10:37:12,121.788600,30.940600,  0, 22,0
86351,2007-02-20 10:38:13,121.788600,30.940600,  0, 22,0
86351,2007-02-20 10:39:14,121.788600,30.940600,  0, 22,0
86351,2007-02-20 10:40:14,121.788600,30.940600,  0, 22,0
86351,2007-02-20 10:42:17,121.788600,30.940600,  0, 22,0
86351,2007-02-20 10:43:18,121.788600,30.940600,  0, 22,0
86351,2007-02-20 10:44:19,121.788600,30.940600,  0, 22,0
86351,2007-02-20 10:45:19,121.788600,30.940600,  0, 22,0
86351,2007-02-20 10:47:22,121.788600,30.940600,  0, 22,0
86351,2007-02-20 10:48:23,121.788600,30.940600,  0, 22,0
86351,2007-02-20 10:49:24,121.788600,30.940800,  0, 22,0
86351,2007-02-20 10:51:26,121.788600,30.940800,  0, 22,0
86351,2007-02-20 10:52:27,121.788600,30.940800,  0, 22,0
86351,2007-02-20 10:53:28,121.788600,30.940800,  0, 22,0
86351,2007-02-20 10:54:29,121.788600,30.940800,  0, 22,0
86351,2007-02-20 10:56:31,121.788600,30.940600,  0, 22,0
86351,2007-02-20 10:57:32,121.788600,30.940800,  0, 22,0
86351,2007-02-20 10:58:33,121.788600,30.940800,  0, 22,0
86351,2007-02-20 10:59:34,121.788600,30.940800,  0, 22,0
86351,2007-02-20 11:00:34,121.788600,30.940600,  0, 22,0
86351,2007-02-20 11:01:36,121.788600,30.940800,  0, 22,0
86351,2007-02-20 11:02:37,121.788600,30.940800,  0, 22,0
86351,2007-02-20 11:03:38,121.788500,30.940600,  0, 90,0
86351,2007-02-20 11:04:39,121.788500,30.940600,  0, 90,0
86351,2007-02-20 11:05:39,121.788500,30.940600,  0, 90,0
86351,2007-02-20 11:06:40,121.788500,30.940600,  0, 90,0
86351,2007-02-20 11:07:41,121.788500,30.940600,  0, 90,0
86351,2007-02-20 11:08:42,121.788500,30.940600,  0, 90,0
86351,2007-02-20 11:09:43,121.788500,30.940600,  0, 90,0
86351,2007-02-20 11:10:44,121.788500,30.940600,  0, 90,0
86351,2007-02-20 11:11:45,121.788500,30.940600,  0, 90,0
86351,2007-02-20 11:12:46,121.788500,30.940600,  0, 90,0
86351,2007-02-20 11:13:47,121.788500,30.940600,  0, 90,0
86351,2007-02-20 11:14:48,121.788500,30.940600,  0, 90,0
86351,2007-02-20 11:15:49,121.788500,30.940600,  0, 90,0
86351,2007-02-20 11:16:50,121.788500,30.940600,  0, 90,0
86351,2007-02-20 11:17:51,121.788500,30.940600,  0, 90,0
86351,2007-02-20 11:19:53,121.788500,30.940600,  0, 90,0
86351,2007-02-20 11:22:56,121.788500,30.940600,  0, 90,0
86351,2007-02-20 11:23:57,121.788500,30.940600,  0, 90,0
86351,2007-02-20 11:24:58,121.788500,30.940600,  0, 90,0
86351,2007-02-20 11:25:59,121.788500,30.940600,  0, 90,0
86351,2007-02-20 11:29:02,121.788500,30.940600,  0, 90,0
86351,2007-02-20 11:31:04,121.788500,30.940600,  0, 90,0
86351,2007-02-20 11:32:05,121.788500,30.940600,  0, 90,0
86351,2007-02-20 11:33:06,121.788500,30.940600,  0, 90,0
86351,2007-02-20 11:34:07,121.788500,30.940600,  0, 90,0
86351,2007-02-20 11:35:08,121.788500,30.940600,  0, 90,0
86351,2007-02-20 11:36:09,121.788500,30.940600,  0, 90,0
86351,2007-02-20 11:37:10,121.788500,30.940600,  0, 90,0
86351,2007-02-20 11:38:11,121.788500,30.940600,  0, 90,0
86351,2007-02-20 11:39:12,121.788500,30.940600,  0, 90,0
86351,2007-02-20 11:40:13,121.788500,30.940600,  0, 90,0
86351,2007-02-20 11:41:14,121.788500,30.940600,  0, 90,0
86351,2007-02-20 11:42:15,121.788500,30.940600,  0, 90,0
86351,2007-02-20 11:43:16,121.788500,30.940600,  0, 90,0
86351,2007-02-20 11:44:17,121.788500,30.940600,  0, 90,0
86351,2007-02-20 11:45:18,121.788500,30.940600,  0, 90,0
86351,2007-02-20 11:46:19,121.788500,30.940600,  0, 90,0
86351,2007-02-20 11:47:20,121.788500,30.940600,  0, 90,0
86351,2007-02-20 11:49:22,121.788500,30.940600,  0, 90,0
86351,2007-02-20 11:50:23,121.788500,30.940600,  0, 90,0
86351,2007-02-20 11:51:24,121.788500,30.940600,  0, 90,0
86351,2007-02-20 11:52:17,121.788500,30.940600,  0, 90,0
86351,2007-02-20 11:53:17,121.788500,30.940600,  0, 90,0
86351,2007-02-20 11:54:18,121.788500,30.940600,  0, 90,0
86351,2007-02-20 11:55:19,121.788500,30.940600,  0, 90,0
86351,2007-02-20 11:56:20,121.788500,30.940600,  0, 90,0
86351,2007-02-20 11:57:21,121.788500,30.940600,  0, 90,0
86351,2007-02-20 11:58:22,121.788500,30.940600,  0, 90,0
86351,2007-02-20 11:59:23,121.788500,30.940600,  0, 90,0
86351,2007-02-20 12:00:24,121.788500,30.940600,  0, 90,0
86351,2007-02-20 12:01:25,121.788500,30.940600,  0, 90,0
86351,2007-02-20 12:02:26,121.788500,30.940600,  0, 90,0
86351,2007-02-20 12:04:28,121.788600,30.940800,  0, 90,0
86351,2007-02-20 12:05:29,121.788600,30.940800,  0, 90,0
86351,2007-02-20 12:06:30,121.788600,30.940800,  0, 90,0
86351,2007-02-20 12:07:31,121.788600,30.940800,  0, 90,0
86351,2007-02-20 12:08:32,121.788600,30.940800,  0, 90,0
86351,2007-02-20 12:09:33,121.788600,30.940800,  0, 90,0
86351,2007-02-20 12:10:34,121.788600,30.940800,  0, 90,0
86351,2007-02-20 12:11:35,121.789100,30.940600,  6, 45,0
86351,2007-02-20 12:13:37,121.788800,30.940800,  0,112,0
86351,2007-02-20 12:14:38,121.788800,30.940800,  0,112,0
86351,2007-02-20 12:15:39,121.788600,30.940800,  0,135,0
86351,2007-02-20 12:16:40,121.788600,30.940600,  0, 90,0
86351,2007-02-20 12:17:41,121.788600,30.940600,  0, 90,0
86351,2007-02-20 12:18:42,121.788600,30.940600,  0, 90,0
86351,2007-02-20 12:21:45,121.788600,30.940600,  0, 90,0
86351,2007-02-20 12:22:46,121.788600,30.940600,  0, 90,0
86351,2007-02-20 12:23:47,121.788600,30.940600,  0, 90,0
86351,2007-02-20 12:24:48,121.788600,30.940600,  0, 90,0
86351,2007-02-20 12:25:49,121.788600,30.940600,  0, 90,0
86351,2007-02-20 12:26:50,121.788600,30.940600,  0, 90,0
86351,2007-02-20 12:27:51,121.788600,30.940600,  0, 90,0
86351,2007-02-20 12:28:52,121.788600,30.940600,  0, 90,0
86351,2007-02-20 12:29:53,121.788600,30.940600,  0, 90,0
86351,2007-02-20 12:30:54,121.788600,30.940600,  0, 90,0
86351,2007-02-20 12:31:55,121.788600,30.940600,  0, 90,0
86351,2007-02-20 12:32:56,121.788600,30.940600,  0, 90,0
86351,2007-02-20 12:33:57,121.788600,30.940600,  0, 90,0
86351,2007-02-20 12:34:58,121.788600,30.940600,  0, 90,0
86351,2007-02-20 12:35:59,121.788600,30.940600,  0, 90,0
86351,2007-02-20 12:37:00,121.788600,30.940600,  0, 90,0
86351,2007-02-20 12:38:01,121.788600,30.940600,  0, 90,0
86351,2007-02-20 12:39:02,121.788600,30.940600,  0, 90,0
86351,2007-02-20 12:41:04,121.788600,30.940600,  0, 90,0
86351,2007-02-20 12:42:05,121.788600,30.940600,  0, 90,0
86351,2007-02-20 12:43:06,121.788600,30.940600,  0, 90,0
86351,2007-02-20 12:44:07,121.788600,30.940600,  0, 90,0
86351,2007-02-20 12:45:08,121.788600,30.940600,  0, 90,0
86351,2007-02-20 12:46:09,121.788600,30.940600,  0, 90,0
86351,2007-02-20 12:47:10,121.788600,30.940600,  0, 90,0
86351,2007-02-20 12:48:11,121.788600,30.940600,  0, 90,0
86351,2007-02-20 12:49:12,121.788600,30.940600,  0, 90,0
86351,2007-02-20 12:50:13,121.788600,30.940600,  0, 90,0
86351,2007-02-20 12:51:14,121.788600,30.940600,  0, 90,0
86351,2007-02-20 12:52:15,121.788600,30.940600,  0, 90,0
86351,2007-02-20 12:53:16,121.788600,30.940600,  0, 90,0
86351,2007-02-20 12:54:17,121.788600,30.940600,  0, 90,0
86351,2007-02-20 12:55:18,121.788600,30.940600,  0, 90,0
86351,2007-02-20 12:56:19,121.788600,30.940600,  0, 90,0
86351,2007-02-20 12:57:20,121.788600,30.940600,  0, 90,0
86351,2007-02-20 12:58:21,121.788600,30.940600,  0, 90,0
86351,2007-02-20 12:59:22,121.788600,30.940600,  0, 90,0
86351,2007-02-20 13:00:23,121.788600,30.940600,  0, 90,0
86351,2007-02-20 13:01:24,121.788600,30.940600,  0, 90,0
86351,2007-02-20 13:03:26,121.788600,30.940600,  0, 90,0
86351,2007-02-20 13:04:27,121.788600,30.940600,  0, 90,0
86351,2007-02-20 13:05:28,121.788600,30.940600,  0, 90,0
86351,2007-02-20 13:06:29,121.788600,30.940600,  0, 90,0
86351,2007-02-20 13:07:30,121.788600,30.940600,  0, 90,0
86351,2007-02-20 13:08:31,121.788600,30.940600,  0, 90,0
86351,2007-02-20 13:09:32,121.788600,30.940600,  0, 90,0
86351,2007-02-20 13:10:33,121.788600,30.940600,  0, 90,0
86351,2007-02-20 13:11:34,121.788600,30.940600,  0, 90,0
86351,2007-02-20 13:12:35,121.788600,30.940600,  0, 90,0
86351,2007-02-20 13:13:36,121.788600,30.940600,  0, 90,0
86351,2007-02-20 13:14:37,121.788600,30.940600,  0, 90,0
86351,2007-02-20 13:15:38,121.788600,30.940600,  0, 90,0
86351,2007-02-20 13:16:39,121.788600,30.940600,  0, 90,0
86351,2007-02-20 13:17:40,121.788600,30.940600,  0, 90,0
86351,2007-02-20 13:18:28,121.787600,30.941100, 10,135,0
86351,2007-02-20 13:19:05,121.787100,30.940500, 24,112,0
86351,2007-02-20 13:19:23,121.786600,30.939600, 24,112,0
86351,2007-02-20 13:19:53,121.787100,30.939000, 36, 67,0
86351,2007-02-20 13:20:09,121.788800,30.938000, 50, 67,0
86351,2007-02-20 13:20:25,121.791000,30.936600, 72, 67,0
86351,2007-02-20 13:20:41,121.793500,30.934800, 70, 67,0
86351,2007-02-20 13:20:57,121.795600,30.933500, 56, 67,0
86351,2007-02-20 13:21:13,121.797100,30.932500, 22, 67,0
86351,2007-02-20 13:22:03,121.797300,30.931600, 20, 90,0
86351,2007-02-20 13:22:30,121.797500,30.932100, 18, 45,0
86351,2007-02-20 13:22:46,121.799300,30.931100, 72, 67,0
86351,2007-02-20 13:22:54,121.800500,30.930100, 70, 67,1
86351,2007-02-20 13:24:51,121.810600,30.916500, 64, 67,1
86351,2007-02-20 13:25:52,121.818600,30.907500, 86, 67,1
86351,2007-02-20 13:26:53,121.823300,30.903100,  0, 67,1
86351,2007-02-20 13:28:55,121.825300,30.901800,  0, 22,1
86351,2007-02-20 13:29:56,121.826100,30.902000,  0, 45,1
86351,2007-02-20 13:30:57,121.826100,30.902000,  0, 45,1
86351,2007-02-20 13:31:58,121.826100,30.902000,  0, 45,1
86351,2007-02-20 13:32:59,121.826100,30.902000,  0, 45,1
86351,2007-02-20 13:35:01,121.826100,30.902000,  0, 45,1
86351,2007-02-20 13:36:02,121.826100,30.902000,  0, 45,1
86351,2007-02-20 13:37:03,121.826100,30.902000,  0, 45,1
86351,2007-02-20 13:38:04,121.826100,30.902000,  0, 45,1
86351,2007-02-20 13:39:05,121.826100,30.902000,  0, 45,1
86351,2007-02-20 13:40:06,121.826100,30.902000,  0, 45,1
86351,2007-02-20 13:41:07,121.826100,30.902000,  0, 45,1
86351,2007-02-20 13:42:08,121.826100,30.902000,  0, 45,1
86351,2007-02-20 13:43:09,121.826100,30.902000,  0, 45,1
86351,2007-02-20 13:44:09,121.826100,30.902000,  0, 45,1
86351,2007-02-20 13:45:11,121.826100,30.902000,  0, 45,1
86351,2007-02-20 13:46:12,121.826100,30.902000,  0, 45,1
86351,2007-02-20 13:47:13,121.826100,30.902000,  0, 45,1
86351,2007-02-20 13:48:14,121.826100,30.902000,  0, 45,1
86351,2007-02-20 13:49:14,121.826100,30.902000,  0, 45,1
86351,2007-02-20 13:50:16,121.826100,30.902000,  0, 45,1
86351,2007-02-20 13:51:17,121.826100,30.902000,  0, 45,1
86351,2007-02-20 13:52:18,121.826100,30.902000,  0, 45,1
86351,2007-02-20 13:53:19,121.826100,30.902000,  0, 45,1
86351,2007-02-20 13:54:19,121.826100,30.902000,  0, 45,1
86351,2007-02-20 13:55:21,121.826100,30.902000,  0, 45,1
86351,2007-02-20 13:56:22,121.826100,30.902000,  0, 45,1
86351,2007-02-20 13:57:23,121.826100,30.902000,  0, 45,1
86351,2007-02-20 13:58:24,121.826100,30.902000,  0, 45,1
86351,2007-02-20 13:59:24,121.826100,30.902000,  0, 45,1
86351,2007-02-20 14:00:26,121.826100,30.902000,  0, 45,1
86351,2007-02-20 14:01:27,121.826100,30.902000,  0, 45,1
86351,2007-02-20 14:03:29,121.826100,30.902000,  0, 45,1
86351,2007-02-20 14:04:28,121.826100,30.902000,  0, 45,1
86351,2007-02-20 14:05:30,121.826100,30.902000,  0, 45,1
86351,2007-02-20 14:07:32,121.826100,30.902000,  0, 45,1
86351,2007-02-20 14:08:33,121.826100,30.902000,  0, 45,1
86351,2007-02-20 14:09:33,121.826100,30.902000,  0, 45,1
86351,2007-02-20 14:10:35,121.826100,30.902000,  0, 45,1
86351,2007-02-20 14:11:36,121.826100,30.902000,  0, 45,1
86351,2007-02-20 14:13:38,121.826100,30.902000,  0, 45,1
86351,2007-02-20 14:14:38,121.826100,30.902000,  0, 45,1
86351,2007-02-20 14:15:40,121.826100,30.902000,  0, 45,1
86351,2007-02-20 14:16:41,121.826100,30.902000,  0, 45,1
86351,2007-02-20 14:17:42,121.826100,30.902000,  0, 45,1
86351,2007-02-20 14:18:43,121.826100,30.902000,  0, 45,1
86351,2007-02-20 14:19:43,121.826100,30.902000,  0, 45,1
86351,2007-02-20 14:20:45,121.826100,30.902000,  0, 45,1
86351,2007-02-20 14:21:46,121.826100,30.902000,  0, 45,1
86351,2007-02-20 14:22:47,121.826100,30.902000,  0, 45,1
86351,2007-02-20 14:23:48,121.826100,30.902000,  0, 45,1
86351,2007-02-20 14:24:48,121.826100,30.902000,  0, 45,1
86351,2007-02-20 14:26:51,121.826100,30.902000,  0, 45,1
86351,2007-02-20 14:27:52,121.826100,30.902000,  0, 45,1
86351,2007-02-20 14:28:53,121.826100,30.902000,  0, 45,1
86351,2007-02-20 14:29:53,121.826100,30.902000,  0, 45,1
86351,2007-02-20 14:31:56,121.826100,30.902000,  0, 45,1
86351,2007-02-20 14:32:57,121.826100,30.902000,  0, 45,1
86351,2007-02-20 14:33:58,121.826100,30.902000,  0, 45,1
86351,2007-02-20 14:34:58,121.826100,30.902000,  0, 45,1
86351,2007-02-20 14:36:00,121.826100,30.902000,  0, 45,1
86351,2007-02-20 14:38:02,121.826100,30.902000,  0, 45,1
86351,2007-02-20 14:39:03,121.826100,30.902000,  0, 45,1
86351,2007-02-20 14:41:05,121.826100,30.902000,  0, 45,1
86351,2007-02-20 14:42:06,121.826100,30.902000,  0, 45,1
86351,2007-02-20 14:43:07,121.826100,30.902000,  0, 45,1
86351,2007-02-20 14:44:08,121.826100,30.902000,  0, 45,1
86351,2007-02-20 14:45:08,121.826100,30.902000,  0, 45,1
86351,2007-02-20 14:46:10,121.826100,30.902000,  0, 45,1
86351,2007-02-20 14:47:11,121.826100,30.902000,  0, 45,1
86351,2007-02-20 14:48:12,121.826100,30.902000,  0, 45,1
86351,2007-02-20 14:50:13,121.826100,30.902000,  0, 45,1
86351,2007-02-20 14:51:15,121.826100,30.902000,  0, 45,1
86351,2007-02-20 14:52:16,121.826100,30.902000,  0, 45,1
86351,2007-02-20 14:53:17,121.826100,30.902000,  0, 45,1
86351,2007-02-20 14:54:18,121.826100,30.902000,  0, 45,1
86351,2007-02-20 14:55:18,121.826100,30.902000,  0, 45,1
86351,2007-02-20 14:56:20,121.826100,30.902000,  0, 45,1
86351,2007-02-20 14:57:21,121.826100,30.902000,  0, 45,1
86351,2007-02-20 14:58:22,121.826100,30.902000,  0, 45,1
86351,2007-02-20 14:59:23,121.826100,30.902000,  0, 45,1
86351,2007-02-20 15:00:23,121.826100,30.902000,  0, 45,1
86351,2007-02-20 15:02:26,121.826100,30.902000,  0, 45,1
86351,2007-02-20 15:03:27,121.825300,30.902000,  0, 45,1
86351,2007-02-20 15:04:28,121.825300,30.902000,  0, 45,1
86351,2007-02-20 15:05:28,121.825300,30.902000,  0, 45,1
86351,2007-02-20 15:06:30,121.825300,30.902000,  0, 45,1
86351,2007-02-20 15:08:32,121.825300,30.902000,  0, 45,1
86351,2007-02-20 15:09:33,121.825500,30.902000,  0, 45,1
86351,2007-02-20 15:10:33,121.825500,30.902000,  0, 45,1
86351,2007-02-20 15:12:36,121.825500,30.902000,  0, 45,1
86351,2007-02-20 15:13:37,121.825500,30.902000,  0, 45,1
86351,2007-02-20 15:14:38,121.825300,30.902000,  0, 45,1
86351,2007-02-20 15:16:40,121.824500,30.902100, 52,157,1
86351,2007-02-20 15:17:41,121.813600,30.912600,118,157,1
86351,2007-02-20 15:18:42,121.806500,30.922300,  0, 22,1
86351,2007-02-20 15:20:43,121.787600,30.938800, 62,157,1
86351,2007-02-20 15:21:45,121.788600,30.940600,  0, 90,1
86351,2007-02-20 15:22:46,121.788600,30.940800,  0,  0,1
86351,2007-02-20 15:23:47,121.788600,30.940800,  0,  0,1
86351,2007-02-20 15:24:48,121.788600,30.940800,  0,  0,1
86351,2007-02-20 15:26:50,121.788600,30.940800,  0,  0,1
86351,2007-02-20 15:27:51,121.787000,30.942100, 20,157,1
86351,2007-02-20 15:29:53,121.784300,30.944100,  0,157,1
86351,2007-02-20 15:30:53,121.784300,30.944100,  0,157,1
86351,2007-02-20 15:31:55,121.784300,30.944100,  0,157,1
86351,2007-02-20 15:33:57,121.784300,30.944100,  0,157,1
86351,2007-02-20 15:34:58,121.784300,30.944100,  0,157,1
86351,2007-02-20 15:35:58,121.784300,30.944100,  0,157,1
86351,2007-02-20 15:37:00,121.787500,30.941000,  8,135,1
86351,2007-02-20 15:38:01,121.787000,30.939000, 38, 67,1
86351,2007-02-20 15:39:02,121.797300,30.932300, 64, 67,1
86351,2007-02-20 15:40:03,121.806500,30.922000, 80, 67,1
86351,2007-02-20 15:41:03,121.815100,30.911000, 92, 67,1
86351,2007-02-20 15:42:05,121.823100,30.903300, 18, 67,1
86351,2007-02-20 15:43:06,121.825100,30.901600,  8, 22,1
86351,2007-02-20 15:44:07,121.825100,30.902100,  0,157,1
86351,2007-02-20 15:45:08,121.825100,30.902100,  0,157,1
86351,2007-02-20 15:46:08,121.825100,30.902100,  0,157,1
86351,2007-02-20 15:47:10,121.825100,30.902100,  0,157,1
86351,2007-02-20 15:48:11,121.825100,30.902100,  0,157,1
86351,2007-02-20 15:49:12,121.825500,30.901800,  0,157,1
86351,2007-02-20 15:50:13,121.825500,30.902000,  0,157,1
86351,2007-02-20 15:51:13,121.826000,30.901300,  0,157,1
86351,2007-02-20 15:52:15,121.826000,30.901300,  0,157,1
86351,2007-02-20 15:54:17,121.826300,30.900800,  0,157,1
86351,2007-02-20 15:55:18,121.826300,30.900800,  0,157,1
86351,2007-02-20 15:56:18,121.826300,30.900800,  0,157,1
86351,2007-02-20 15:57:20,121.826300,30.900800,  0,157,1
86351,2007-02-20 15:58:21,121.825600,30.901300,  0,157,1
86351,2007-02-20 15:59:22,121.825500,30.901500,  0,157,1
86351,2007-02-20 16:00:23,121.825600,30.901500,  0,157,1
86351,2007-02-20 16:01:23,121.825600,30.901300,  0,157,1
86351,2007-02-20 16:03:25,121.825500,30.901500,  0,157,1
86351,2007-02-20 16:04:26,121.825500,30.901600,  0,157,1
86351,2007-02-20 16:05:27,121.825300,30.902100,  0,157,1
86351,2007-02-20 16:06:28,121.825300,30.902000,  0,157,1
86351,2007-02-20 16:07:29,121.825300,30.902000,  0,157,1
86351,2007-02-20 16:08:30,121.823500,30.903100,  0,157,1
86351,2007-02-20 16:10:32,121.809600,30.918000,102,157,1
86351,2007-02-20 16:11:33,121.799800,30.930600,104,157,1
86351,2007-02-20 16:12:34,121.796500,30.925300, 80, 90,1
86351,2007-02-20 16:13:35,121.794000,30.914300, 84, 90,1
86351,2007-02-20 16:14:36,121.792800,30.907100, 46, 90,1
86351,2007-02-20 16:15:37,121.792800,30.901300, 50, 90,1
86351,2007-02-20 16:16:38,121.791300,30.891800, 54, 90,1
86351,2007-02-20 16:17:39,121.792500,30.882300, 74, 90,1
86351,2007-02-20 16:18:40,121.790600,30.878300, 30,112,1
86351,2007-02-20 16:19:41,121.784600,30.878600, 22,135,1
86351,2007-02-20 16:21:43,121.777600,30.876000, 10, 45,1
86351,2007-02-20 16:22:44,121.778000,30.876100,  0,  0,1
86351,2007-02-20 16:23:45,121.776800,30.876800, 36,  0,1
86351,2007-02-20 16:24:46,121.781500,30.878600, 54, 45,1
86351,2007-02-20 16:26:48,121.793100,30.879800, 62,  0,1
86351,2007-02-20 16:27:49,121.790800,30.888500, 66,  0,1
86351,2007-02-20 16:28:50,121.793000,30.898000, 66,  0,1
86351,2007-02-20 16:29:51,121.792300,30.905000, 52,  0,1
86351,2007-02-20 16:30:52,121.793600,30.912100, 86,  0,1
86351,2007-02-20 16:32:54,121.796500,30.933100, 66,157,1
86351,2007-02-20 16:33:55,121.793800,30.935100,  0,157,1
86351,2007-02-20 16:34:56,121.793800,30.935100,  0,157,1
86351,2007-02-20 16:35:57,121.793800,30.935100,  0,157,1
86351,2007-02-20 16:36:58,121.793800,30.935100,  0,157,1
86351,2007-02-20 16:37:59,121.793800,30.935100,  0,157,1
86351,2007-02-20 16:39:00,121.793800,30.935100,  0,157,1
86351,2007-02-20 16:40:01,121.793800,30.935100,  0,157,1
86351,2007-02-20 16:41:02,121.793800,30.935100,  0,157,1
86351,2007-02-20 16:42:03,121.793800,30.935100,  0,157,1
86351,2007-02-20 16:43:04,121.793600,30.935100,  0,157,1
86351,2007-02-20 16:44:05,121.793600,30.935100,  0,157,1
86351,2007-02-20 16:45:06,121.793600,30.935100,  0,157,1
86351,2007-02-20 16:46:07,121.793600,30.935100,  0,157,1
86351,2007-02-20 16:47:08,121.793600,30.935100,  0,157,1
86351,2007-02-20 16:48:09,121.793600,30.935300,  0,157,1
86351,2007-02-20 16:50:11,121.793800,30.935100,  0,  0,1
86351,2007-02-20 16:51:12,121.793800,30.935100,  0,  0,1
86351,2007-02-20 16:52:13,121.793800,30.935300,  0,  0,1
86351,2007-02-20 16:53:14,121.793800,30.935300,  0,  0,1
86351,2007-02-20 16:54:15,121.793800,30.935300,  0,  0,1
86351,2007-02-20 16:55:16,121.793800,30.935300,  0,  0,1
86351,2007-02-20 16:56:17,121.793800,30.935300,  0,  0,1
86351,2007-02-20 16:57:18,121.793800,30.935300,  0,  0,1
86351,2007-02-20 16:58:19,121.793800,30.935300,  0,  0,1
86351,2007-02-20 16:59:20,121.793800,30.935300,  0,  0,1
86351,2007-02-20 17:00:21,121.795300,30.933600, 78, 67,1
86351,2007-02-20 17:02:23,121.811100,30.915500, 98, 67,1
86351,2007-02-20 17:03:24,121.822300,30.904000, 82, 67,1
86351,2007-02-20 17:04:25,121.817800,30.898800, 14,157,1
86351,2007-02-20 17:05:26,121.818100,30.899300,  0,  0,1
86351,2007-02-20 17:06:27,121.818100,30.899300,  0,  0,1
86351,2007-02-20 17:07:28,121.818100,30.899300,  0,  0,1
86351,2007-02-20 17:08:29,121.818100,30.899300,  0,  0,1
86351,2007-02-20 17:09:30,121.818100,30.899300,  0,  0,1
86351,2007-02-20 17:10:31,121.818100,30.899300,  0,  0,1
86351,2007-02-20 17:11:32,121.818100,30.899300,  0,  0,1
86351,2007-02-20 17:12:33,121.818000,30.899500,  0,  0,1
86351,2007-02-20 17:13:34,121.818000,30.899500,  0,  0,1
86351,2007-02-20 17:14:35,121.818000,30.899500,  0,  0,1
86351,2007-02-20 17:15:36,121.818000,30.899500,  0,  0,1
86351,2007-02-20 17:16:37,121.818000,30.899500,  0,  0,1
86351,2007-02-20 17:17:38,121.818000,30.899500,  0,  0,1
86351,2007-02-20 17:18:39,121.818000,30.899500,  0,  0,1
86351,2007-02-20 17:19:40,121.818000,30.899500,  0,  0,1
86351,2007-02-20 17:20:41,121.818000,30.899500,  0,  0,1
86351,2007-02-20 17:21:42,121.818000,30.899500,  0,  0,1
86351,2007-02-20 17:22:43,121.818000,30.899500,  0,  0,1
86351,2007-02-20 17:23:44,121.818000,30.899500,  0,  0,1
86351,2007-02-20 17:25:46,121.818000,30.899500,  0,  0,1
86351,2007-02-20 17:26:47,121.818100,30.899500,  0,  0,1
86351,2007-02-20 17:27:48,121.818100,30.899500,  0,  0,1
86351,2007-02-20 17:28:49,121.818100,30.899500,  0,  0,1
86351,2007-02-20 17:29:50,121.818100,30.899500,  0,  0,1
86351,2007-02-20 17:30:51,121.818100,30.899500,  0,  0,1
86351,2007-02-20 17:31:52,121.818100,30.899500,  0,  0,1
86351,2007-02-20 17:32:53,121.818100,30.899500,  0,  0,1
86351,2007-02-20 17:33:54,121.818100,30.899500,  0,  0,1
86351,2007-02-20 17:34:55,121.818100,30.899500,  0,  0,1
86351,2007-02-20 17:35:56,121.818100,30.899500,  0,  0,1
86351,2007-02-20 17:36:57,121.818100,30.899500,  0,  0,1
86351,2007-02-20 17:37:58,121.818100,30.899500,  0,  0,1
86351,2007-02-20 17:38:59,121.818100,30.899500,  0,  0,1
86351,2007-02-20 17:40:00,121.818100,30.899500,  0,  0,1
86351,2007-02-20 17:41:01,121.818100,30.899500,  0,  0,1
86351,2007-02-20 17:42:02,121.818100,30.899500,  0,  0,1
86351,2007-02-20 17:43:03,121.818100,30.899500,  0,  0,1
86351,2007-02-20 17:44:04,121.818100,30.899500,  0,  0,1
86351,2007-02-20 17:45:05,121.818100,30.899500,  0,  0,1
86351,2007-02-20 17:46:06,121.818100,30.899500,  0,  0,1
86351,2007-02-20 17:47:07,121.818100,30.899500,  0,  0,1
86351,2007-02-20 17:48:08,121.818100,30.899500,  0,  0,1
86351,2007-02-20 17:49:09,121.818100,30.899500,  0,  0,1
86351,2007-02-20 17:50:10,121.818100,30.899500,  0,  0,1
86351,2007-02-20 17:51:11,121.818100,30.899500,  0,  0,1
86351,2007-02-20 17:52:12,121.818100,30.899500,  0,  0,1
86351,2007-02-20 17:53:13,121.818100,30.899500,  0,  0,1
86351,2007-02-20 17:54:14,121.818100,30.899500,  0,  0,1
86351,2007-02-20 17:55:15,121.818100,30.899500,  0,  0,1
86351,2007-02-20 17:56:16,121.818100,30.899500,  0,  0,1
86351,2007-02-20 17:57:17,121.818100,30.899500,  0,  0,1
86351,2007-02-20 17:58:18,121.818100,30.899500,  0,  0,1
86351,2007-02-20 17:59:19,121.818100,30.899500,  0,  0,1
86351,2007-02-20 18:00:20,121.818100,30.899500,  0,  0,1
86351,2007-02-20 18:01:21,121.818100,30.899500,  0,  0,1
86351,2007-02-20 18:02:22,121.818100,30.899500,  0,  0,1
86351,2007-02-20 18:03:23,121.818100,30.899500,  0,  0,1
86351,2007-02-20 18:04:23,121.818100,30.899500,  0,  0,1
86351,2007-02-20 18:05:25,121.818100,30.899500,  0,  0,1
86351,2007-02-20 18:06:26,121.818100,30.899500,  0,  0,1
86351,2007-02-20 18:07:27,121.818100,30.899500,  0,  0,1
86351,2007-02-20 18:09:28,121.818100,30.899500,  0,  0,1
86351,2007-02-20 18:11:31,121.818100,30.899500,  0,  0,1
86351,2007-02-20 18:12:32,121.818100,30.899500,  0,  0,1
86351,2007-02-20 18:13:33,121.818100,30.899500,  0,  0,1
86351,2007-02-20 18:14:33,121.818100,30.899500,  0,  0,1
86351,2007-02-20 18:15:35,121.818100,30.899500,  0,  0,1
86351,2007-02-20 18:16:36,121.818100,30.899500,  0,  0,1
86351,2007-02-20 18:17:37,121.818100,30.899500,  0,  0,1
86351,2007-02-20 18:18:38,121.818100,30.899500,  0,  0,1
86351,2007-02-20 18:19:38,121.818100,30.899500,  0,  0,1
86351,2007-02-20 18:20:40,121.818100,30.899500,  0,  0,1
86351,2007-02-20 18:21:41,121.818100,30.899500,  0,  0,1
86351,2007-02-20 18:22:42,121.818100,30.899500,  0,  0,1
86351,2007-02-20 18:23:43,121.818100,30.899500,  0,  0,1
86351,2007-02-20 18:24:43,121.818100,30.899500,  0,  0,1
86351,2007-02-20 18:25:45,121.818100,30.899300,  0,  0,1
86351,2007-02-20 18:26:46,121.818100,30.899300,  0,  0,1
86351,2007-02-20 18:27:47,121.818100,30.899300,  0,  0,1
86351,2007-02-20 18:28:48,121.818300,30.899000,  0,  0,1
86351,2007-02-20 18:29:48,121.818300,30.899000,  0,  0,1
86351,2007-02-20 18:30:50,121.818300,30.899000,  0,  0,1
86351,2007-02-20 18:32:52,121.818300,30.899000,  0,  0,1
86351,2007-02-20 18:33:53,121.818300,30.899000,  0,  0,1
86351,2007-02-20 18:35:55,121.818300,30.899000,  0,  0,1
86351,2007-02-20 18:36:55,121.818300,30.899100,  0,  0,1
86351,2007-02-20 18:37:56,121.818300,30.899100,  0,  0,1
86351,2007-02-20 18:39:57,121.818100,30.899300, 10,135,1
86351,2007-02-20 18:40:59,121.818300,30.899100,  0,135,1
86351,2007-02-20 18:42:00,121.818100,30.899300,  0,135,1
86351,2007-02-20 18:43:01,121.818100,30.899300,  0,135,1
86351,2007-02-20 18:44:02,121.818100,30.899300,  0,135,1
86351,2007-02-20 18:45:02,121.818100,30.899300,  0,135,1
86351,2007-02-20 18:47:05,121.818100,30.899300,  0,135,1
86351,2007-02-20 18:48:06,121.818100,30.899300,  0,135,1
86351,2007-02-20 18:49:07,121.818100,30.899300,  0,135,1
86351,2007-02-20 18:50:07,121.818100,30.899300,  0,135,1
86351,2007-02-20 18:51:09,121.818100,30.899300,  0,135,1
86351,2007-02-20 18:53:11,121.818100,30.899300,  0,135,1
86351,2007-02-20 18:54:12,121.818100,30.899300,  0,135,1
86351,2007-02-20 18:55:12,121.818100,30.899300,  0,135,1
86351,2007-02-20 18:56:14,121.818100,30.899300,  0,135,1
86351,2007-02-20 18:57:15,121.818100,30.899300,  0,135,1
86351,2007-02-20 18:58:16,121.818100,30.899300,  0,135,1
86351,2007-02-20 18:59:17,121.818100,30.899300,  0,135,1
86351,2007-02-20 19:00:17,121.818100,30.899300,  0,135,1
86351,2007-02-20 19:01:19,121.817800,30.899100,  0,135,1
86351,2007-02-20 19:02:20,121.818300,30.899500,  0,135,1
86351,2007-02-20 19:03:21,121.818300,30.899500,  0,135,1
86351,2007-02-20 19:04:22,121.818300,30.899500,  0,135,1
86351,2007-02-20 19:05:22,121.818500,30.899600,  0,135,1
86351,2007-02-20 19:06:24,121.818500,30.899600,  0,135,1
86351,2007-02-20 19:07:25,121.818100,30.899500,  0,112,1
86351,2007-02-20 19:08:26,121.818100,30.899500,  0,112,1
86351,2007-02-20 19:10:27,121.818100,30.899500,  0,112,1
86351,2007-02-20 19:11:29,121.818100,30.899500,  0,112,1
86351,2007-02-20 19:13:31,121.818100,30.899500,  0,112,1
86351,2007-02-20 19:14:32,121.818100,30.899500,  0,112,1
86351,2007-02-20 19:15:32,121.818100,30.899500,  0,112,1
86351,2007-02-20 19:16:34,121.818100,30.899500,  0,112,1
86351,2007-02-20 19:17:11,121.818100,30.899500,  0,112,1
86351,2007-02-20 19:17:19,121.818100,30.899500,  0,112,0
86351,2007-02-20 19:17:33,121.818100,30.899500,  0,112,1
86351,2007-02-20 19:18:34,121.818100,30.899500,  0,112,1
86351,2007-02-20 19:19:35,121.820000,30.900800, 24, 22,1
86351,2007-02-20 19:20:36,121.822600,30.902500,  4, 22,1
86351,2007-02-20 19:21:37,121.822800,30.902500,  0, 22,1
86351,2007-02-20 19:22:37,121.822800,30.902600,  0, 22,1
86351,2007-02-20 19:23:39,121.823100,30.903000,  4,  0,1
86351,2007-02-20 19:24:40,121.819800,30.906300, 82,157,1
86351,2007-02-20 19:25:41,121.817500,30.908600,  0,157,1
86351,2007-02-20 19:26:42,121.817000,30.909100, 32,157,1
86351,2007-02-20 19:27:42,121.816100,30.910100,  0,157,1
86351,2007-02-20 19:28:44,121.816100,30.910100,  0,157,1
86351,2007-02-20 19:30:46,121.816100,30.910100,  0,157,1
86351,2007-02-20 19:31:47,121.816100,30.910100,  0,157,1
86351,2007-02-20 19:32:47,121.816100,30.910100,  0,157,1
86351,2007-02-20 19:33:49,121.816100,30.910100,  0,157,1
86351,2007-02-20 19:34:50,121.816100,30.910100,  0,157,1
86351,2007-02-20 19:35:51,121.815500,30.910600, 12,157,1
86351,2007-02-20 19:36:52,121.810300,30.916800, 62,157,1
86351,2007-02-20 19:37:52,121.803100,30.926800,100,157,1
86351,2007-02-20 19:38:54,121.791100,30.936100, 84,157,1
86351,2007-02-20 19:39:55,121.778100,30.944300, 96,157,1
86351,2007-02-20 19:40:56,121.763300,30.952500,106,157,1
86351,2007-02-20 19:41:57,121.749800,30.960300,110,157,1
86351,2007-02-20 19:42:57,121.737100,30.966000, 80,157,1
86351,2007-02-20 19:43:59,121.730800,30.969000, 68,157,1
86351,2007-02-20 19:45:00,121.722000,30.974100, 86,157,1
86351,2007-02-20 19:47:02,121.710300,30.988000,  0,157,1
86351,2007-02-20 19:48:02,121.709100,30.992100, 74,  0,1
86351,2007-02-20 19:49:04,121.709000,31.002800,102,  0,1
86351,2007-02-20 19:50:05,121.709100,31.017800,110,  0,1
86351,2007-02-20 19:51:06,121.710100,31.028500, 24,  0,1
86351,2007-02-20 19:52:07,121.716500,31.029000, 34,  0,1
86351,2007-02-20 19:53:07,121.716600,31.035800, 32,  0,1
86351,2007-02-20 19:54:09,121.710500,31.036300, 12,157,1
86351,2007-02-20 19:55:10,121.710300,31.039300,  0,157,1
86351,2007-02-20 19:56:11,121.710300,31.039500, 22,  0,1
86351,2007-02-20 19:57:12,121.710100,31.049000, 74,  0,1
86351,2007-02-20 19:58:12,121.710000,31.051500,  0,  0,1
86351,2007-02-20 19:59:14,121.710100,31.053800, 52,  0,1
86351,2007-02-20 20:00:15,121.709800,31.060500,  0,  0,1
86351,2007-02-20 20:01:16,121.709800,31.060500,  0,  0,1
86351,2007-02-20 20:02:17,121.709800,31.060500,  0,  0,1
86351,2007-02-20 20:03:17,121.709800,31.060500,  0,  0,1
86351,2007-02-20 20:04:19,121.709800,31.060500,  0,  0,1
86351,2007-02-20 20:05:20,121.709800,31.060500,  0,  0,1
86351,2007-02-20 20:06:21,121.709800,31.060500,  0,  0,1
86351,2007-02-20 20:07:22,121.709800,31.060500,  0,  0,1
86351,2007-02-20 20:08:22,121.709800,31.060500,  0,  0,1
86351,2007-02-20 20:09:24,121.709800,31.060500,  0,  0,1
86351,2007-02-20 20:11:26,121.673800,31.163500,114,112,1
86351,2007-02-20 20:13:27,121.645000,31.158800, 64,157,1
86351,2007-02-20 20:16:31,121.640500,31.202300,118,  0,1
86351,2007-02-20 20:17:32,121.639500,31.217100, 94,  0,1
86351,2007-02-20 20:18:32,121.639600,31.232100,126,  0,1
86351,2007-02-20 20:19:34,121.639600,31.250000,118,  0,1
86351,2007-02-20 20:20:35,121.640000,31.263500, 74,  0,1
86351,2007-02-20 20:22:37,121.639500,31.266800,  0,157,1
86351,2007-02-20 20:23:37,121.639500,31.266800,  0,157,1
86351,2007-02-20 20:24:39,121.639500,31.266800,  0,157,1
86351,2007-02-20 20:25:40,121.614800,31.265500, 90,135,1
86351,2007-02-20 20:27:41,121.600300,31.268500,  0,135,1
86351,2007-02-20 20:28:42,121.599800,31.268600, 28,135,1
86351,2007-02-20 20:29:43,121.594800,31.271600, 30,157,1
86351,2007-02-20 20:31:46,121.585600,31.272000, 34,135,1
86351,2007-02-20 20:32:46,121.583800,31.277000, 66,  0,1
86351,2007-02-20 20:33:47,121.581800,31.282500, 32,157,1
86351,2007-02-20 20:34:48,121.581800,31.282500,  0,157,1
86351,2007-02-20 20:35:49,121.584600,31.291500,  0,157,1
86351,2007-02-20 20:36:50,121.577800,31.291600, 38,135,1
86351,2007-02-20 20:37:51,121.573300,31.291500, 30,135,1
86351,2007-02-20 20:38:52,121.571800,31.292300,  0, 90,1
86351,2007-02-20 20:39:53,121.570800,31.292500,  8, 22,1
86351,2007-02-20 20:40:54,121.571500,31.293600, 12, 45,1
86351,2007-02-20 20:41:55,121.573600,31.293600, 12, 67,1
86351,2007-02-20 20:42:56,121.581600,31.293600, 50, 45,1
86351,2007-02-20 20:44:58,121.584000,31.285000, 76, 90,1
86351,2007-02-20 20:45:59,121.584000,31.281800, 38, 90,1
86351,2007-02-20 20:48:01,121.583100,31.271800,  0, 90,1
86351,2007-02-20 20:49:02,121.588000,31.271800, 26, 67,1
86351,2007-02-20 20:51:04,121.595100,31.271500, 18, 67,1
86351,2007-02-20 20:52:05,121.598800,31.269000,  0, 67,1
86351,2007-02-20 20:53:06,121.601800,31.267800, 62, 67,1
86351,2007-02-20 20:54:07,121.605300,31.265800, 58, 67,1
86351,2007-02-20 20:55:08,121.611000,31.264100, 48, 45,1
86351,2007-02-20 20:56:09,121.619600,31.266100, 54, 45,1
86351,2007-02-20 20:57:10,121.621300,31.266500, 32, 45,1
86351,2007-02-20 20:59:12,121.639500,31.264300, 64, 90,1
86351,2007-02-20 21:00:13,121.639500,31.251800,108, 90,1
86351,2007-02-20 21:02:15,121.639500,31.222600, 88, 90,1
86351,2007-02-20 21:03:16,121.639500,31.210500, 88, 90,1
86351,2007-02-20 21:04:17,121.640800,31.198100, 88, 90,1
86351,2007-02-20 21:05:18,121.642100,31.185500, 86, 90,1
86351,2007-02-20 21:06:19,121.642600,31.173600, 78, 90,1
86351,2007-02-20 21:07:20,121.643000,31.162500, 80, 90,1
86351,2007-02-20 21:09:22,121.657800,31.158500, 80, 45,1
86351,2007-02-20 21:10:23,121.671000,31.162100, 86, 45,1
86351,2007-02-20 21:13:26,121.688300,31.150800, 70, 90,1
86351,2007-02-20 21:14:27,121.689500,31.141100, 66, 90,1
86351,2007-02-20 21:15:28,121.690800,31.131800, 52, 90,1
86351,2007-02-20 21:17:30,121.699100,31.113100, 62, 90,1
86351,2007-02-20 21:18:31,121.702800,31.103100, 76, 90,1
86351,2007-02-20 21:19:32,121.705100,31.095000,  0, 90,1
86351,2007-02-20 21:20:33,121.705600,31.087300, 68, 90,1
86351,2007-02-20 21:21:34,121.707800,31.077800, 80, 90,1
86351,2007-02-20 21:22:35,121.708500,31.071100,  0,112,1
86351,2007-02-20 21:23:36,121.709100,31.062800, 86, 90,1
86351,2007-02-20 21:24:37,121.709800,31.051600, 24, 90,1
86351,2007-02-20 21:25:38,121.715600,31.051500, 84, 45,1
86351,2007-02-20 21:26:39,121.730000,31.051300, 74, 45,1
86351,2007-02-20 21:27:40,121.737600,31.052100, 48,  0,1
86351,2007-02-20 21:28:41,121.743600,31.056000, 54, 45,1
86351,2007-02-20 21:29:42,121.751500,31.055800, 64, 45,1
86351,2007-02-20 21:31:44,121.759300,31.054800,  0, 45,1
86351,2007-02-20 21:32:45,121.759300,31.054800,  0, 45,1
86351,2007-02-20 21:33:46,121.759300,31.054800,  0, 45,1
86351,2007-02-20 21:34:47,121.759300,31.054800,  0, 45,1
86351,2007-02-20 21:35:48,121.759300,31.054800,  0, 45,1
86351,2007-02-20 21:36:49,121.759300,31.054800,  0, 45,1
86351,2007-02-20 21:37:50,121.759300,31.054800,  0, 45,1
86351,2007-02-20 21:38:51,121.759300,31.054800,  0, 45,1
86351,2007-02-20 21:39:52,121.759300,31.054800,  0, 45,1
86351,2007-02-20 21:40:53,121.759300,31.054800,  0, 45,1
86351,2007-02-20 21:41:54,121.759300,31.054800,  0, 45,1
86351,2007-02-20 21:42:55,121.759300,31.054800,  0, 45,1
86351,2007-02-20 21:43:56,121.759300,31.054800,  0, 45,1
86351,2007-02-20 21:44:57,121.759300,31.054800,  0, 45,1
86351,2007-02-20 21:46:59,121.759300,31.054800,  0, 45,1
86351,2007-02-20 21:49:01,121.759300,31.054800,  0, 45,1
86351,2007-02-20 21:50:02,121.759300,31.054800,  0, 45,1
86351,2007-02-20 21:51:03,121.759300,31.054800,  0, 45,1
86351,2007-02-20 21:52:04,121.759300,31.054800,  0, 45,1
86351,2007-02-20 21:53:05,121.759300,31.054800,  0, 45,1
86351,2007-02-20 21:54:06,121.759300,31.054800,  0, 45,1
86351,2007-02-20 21:56:08,121.759100,31.055800,  4,135,1
86351,2007-02-20 21:57:09,121.758800,31.054800,  0, 90,1
86351,2007-02-20 21:58:10,121.758300,31.051300, 38, 90,1
86351,2007-02-20 21:59:11,121.758800,31.045300, 42, 90,1
86351,2007-02-20 22:00:12,121.759300,31.036100, 82, 90,1
86351,2007-02-20 22:01:13,121.759100,31.025500, 10, 90,1
86351,2007-02-20 22:02:14,121.763000,31.025000, 72, 45,1
86351,2007-02-20 22:03:15,121.771500,31.022100, 52, 90,1
86351,2007-02-20 22:04:16,121.771000,31.014600, 64, 90,1
86351,2007-02-20 22:05:17,121.769000,31.006000, 56, 90,1
86351,2007-02-20 22:06:18,121.768300,30.998600, 48, 90,1
86351,2007-02-20 22:07:19,121.766300,30.991000, 54, 90,1
86351,2007-02-20 22:08:20,121.767000,30.984800, 60, 90,1
86351,2007-02-20 22:09:21,121.764100,30.976800, 62, 90,1
86351,2007-02-20 22:10:22,121.762100,30.968600, 66, 90,1
86351,2007-02-20 22:11:23,121.758600,30.960500, 60,112,1
86351,2007-02-20 22:12:24,121.756800,30.956800,  0, 90,1
86351,2007-02-20 22:13:25,121.764000,30.952100, 84, 67,1
86351,2007-02-20 22:14:26,121.776100,30.945300, 82, 67,1
86351,2007-02-20 22:15:27,121.788100,30.938300, 88, 67,1
86351,2007-02-20 22:16:28,121.797600,30.932100, 48, 67,1
86351,2007-02-20 22:17:29,121.805500,30.923500, 48, 67,1
86351,2007-02-20 22:18:30,121.809500,30.917800, 70, 67,1
86351,2007-02-20 22:19:31,121.816300,30.909800, 18, 67,1
86351,2007-02-20 22:20:32,121.815800,30.906800, 14, 67,1
86351,2007-02-20 22:21:33,121.817600,30.905600, 30, 22,1
86351,2007-02-20 22:22:34,121.821600,30.904600, 42, 67,1
86351,2007-02-20 22:23:35,121.824500,30.904100, 32, 22,1
86351,2007-02-20 22:24:36,121.823800,30.903500,  0,112,1
86351,2007-02-20 22:25:37,121.820600,30.900500, 18,157,1
86351,2007-02-20 22:26:38,121.819800,30.901800,  0,  0,1
86351,2007-02-20 22:27:39,121.819800,30.901800,  0,  0,1
86351,2007-02-20 22:28:40,121.819800,30.901800,  0,  0,1
86351,2007-02-20 22:29:41,121.819800,30.901800,  0,  0,1
86351,2007-02-20 22:31:42,121.819800,30.901800,  0,  0,1
86351,2007-02-20 22:32:44,121.819800,30.901800,  0,  0,1
86351,2007-02-20 22:33:45,121.819800,30.901600,  0,  0,1
86351,2007-02-20 22:34:46,121.819800,30.901600,  0,  0,1
86351,2007-02-20 22:35:47,121.819800,30.901600,  0,  0,1
86351,2007-02-20 22:36:47,121.819800,30.901600,  0,  0,1
86351,2007-02-20 22:37:49,121.819800,30.901600,  0,  0,1
86351,2007-02-20 22:39:51,121.819800,30.901600,  0,  0,1
86351,2007-02-20 22:40:52,121.819800,30.901600,  0,  0,1
86351,2007-02-20 22:41:52,121.819800,30.901600,  0,  0,1
86351,2007-02-20 22:42:54,121.819800,30.901600,  0,  0,1
86351,2007-02-20 22:43:55,121.819800,30.901600,  0,  0,1
86351,2007-02-20 22:44:56,121.819800,30.901600,  0,  0,1
86351,2007-02-20 22:45:57,121.819800,30.901600,  0,  0,1
86351,2007-02-20 22:46:57,121.819800,30.901600,  0,  0,1
86351,2007-02-20 22:47:59,121.819800,30.901600,  0,  0,1
86351,2007-02-20 22:49:00,121.819800,30.901600,  0,  0,1
86351,2007-02-20 22:50:01,121.819800,30.901600,  0,  0,1
86351,2007-02-20 22:51:02,121.819800,30.901600,  0,  0,1
86351,2007-02-20 22:54:05,121.819800,30.901600,  0,  0,1
86351,2007-02-20 22:55:06,121.819800,30.901600,  0,  0,1
86351,2007-02-20 22:56:07,121.819800,30.901600,  0,  0,1
86351,2007-02-20 22:57:07,121.819800,30.901600,  0,  0,1
86351,2007-02-20 22:58:09,121.819800,30.901600,  0,  0,1
86351,2007-02-20 22:59:10,121.819800,30.901600,  0,  0,1
86351,2007-02-20 23:00:11,121.819800,30.901600,  0,  0,1
86351,2007-02-20 23:01:12,121.819800,30.901600,  0,  0,1
86351,2007-02-20 23:02:12,121.819800,30.901600,  0,  0,1
86351,2007-02-20 23:03:14,121.819800,30.901600,  0,  0,1
86351,2007-02-20 23:04:15,121.819800,30.901600,  0,  0,1
86351,2007-02-20 23:05:16,121.819800,30.901600,  0,  0,1
86351,2007-02-20 23:06:17,121.819800,30.901600,  0,  0,1
86351,2007-02-20 23:07:17,121.819800,30.901600,  0,  0,1
86351,2007-02-20 23:08:19,121.819800,30.901600,  0,  0,1
86351,2007-02-20 23:09:19,121.819800,30.901600,  0,  0,1
86351,2007-02-20 23:10:20,121.819800,30.901600,  0,  0,1
86351,2007-02-20 23:11:21,121.819800,30.901600,  0,  0,1
86351,2007-02-20 23:12:21,121.819800,30.901600,  0,  0,1
86351,2007-02-20 23:13:23,121.819800,30.901600,  0,  0,1
86351,2007-02-20 23:14:24,121.819800,30.901600,  0,  0,1
86351,2007-02-20 23:15:25,121.819800,30.901600,  0,  0,1
86351,2007-02-20 23:16:26,121.819800,30.901600,  0,  0,1
86351,2007-02-20 23:17:26,121.819800,30.901600,  0,  0,1
86351,2007-02-20 23:18:28,121.819800,30.901600,  0,  0,1
86351,2007-02-20 23:19:29,121.819800,30.901600,  0,  0,1
86351,2007-02-20 23:20:30,121.819800,30.901600,  0,  0,1
86351,2007-02-20 23:21:31,121.819800,30.901600,  0,  0,1
86351,2007-02-20 23:22:31,121.819800,30.901600,  0,  0,1
86351,2007-02-20 23:24:34,121.819800,30.901600,  0,  0,1
86351,2007-02-20 23:25:35,121.819800,30.901600,  0,  0,1
86351,2007-02-20 23:26:36,121.819800,30.901600,  0,  0,1
86351,2007-02-20 23:27:36,121.819800,30.901800,  0,  0,1
86351,2007-02-20 23:28:38,121.819800,30.901800,  0,  0,1
86351,2007-02-20 23:30:40,121.819800,30.901800,  0,  0,1
86351,2007-02-20 23:31:41,121.819800,30.901800,  0,  0,1
86351,2007-02-20 23:32:41,121.819800,30.901800,  0,  0,1
86351,2007-02-20 23:33:43,121.819800,30.901800,  0,  0,1
86351,2007-02-20 23:34:44,121.819800,30.901800,  0,  0,1
86351,2007-02-20 23:35:45,121.819800,30.901800,  0,  0,1
86351,2007-02-20 23:36:46,121.819800,30.901800,  0,  0,1
86351,2007-02-20 23:37:46,121.819800,30.901800,  0,  0,1
86351,2007-02-20 23:38:48,121.819800,30.901800,  0,  0,1
86351,2007-02-20 23:39:49,121.819800,30.901800,  0,  0,1
86351,2007-02-20 23:40:50,121.819800,30.901800,  0,  0,1
86351,2007-02-20 23:41:51,121.819800,30.901800,  0,  0,1
86351,2007-02-20 23:42:51,121.819800,30.901800,  0,  0,1
86351,2007-02-20 23:43:53,121.819800,30.901800,  0,  0,1
86351,2007-02-20 23:45:45,121.819800,30.901800,  0,  0,1
86351,2007-02-20 23:46:46,121.819800,30.901800,  0,  0,1
86351,2007-02-20 23:47:46,121.819800,30.901800,  0,  0,1
86351,2007-02-20 23:48:48,121.819800,30.901800,  0,  0,1
86351,2007-02-20 23:49:49,121.819800,30.901800,  0,  0,1
86351,2007-02-20 23:50:50,121.819800,30.901800,  0,  0,1
86351,2007-02-20 23:51:51,121.819800,30.901800,  0,  0,1
86351,2007-02-20 23:52:51,121.819800,30.901800,  0,  0,1
86351,2007-02-20 23:53:53,121.819800,30.901800,  0,  0,1
86351,2007-02-20 23:55:55,121.819800,30.901800,  0,  0,1
86351,2007-02-20 23:56:56,121.819800,30.901800,  0,  0,1
86351,2007-02-20 23:57:56,121.819800,30.901800,  0,  0,1
86351,2007-02-20 23:58:58,121.819800,30.901800,  0,  0,1
