54306,2007-02-20 00:00:42,121.536500,31.319300,  0, 67,0
54306,2007-02-20 00:01:43,121.536500,31.319300,  0, 67,0
54306,2007-02-20 00:02:44,121.536500,31.319300,  0, 67,0
54306,2007-02-20 00:03:46,121.536500,31.319300,  0, 67,0
54306,2007-02-20 00:04:46,121.536500,31.319300,  0, 67,0
54306,2007-02-20 00:05:47,121.536500,31.319300,  0, 67,0
54306,2007-02-20 00:06:48,121.536500,31.319300,  0, 67,0
54306,2007-02-20 00:07:49,121.536500,31.319300,  0, 67,0
54306,2007-02-20 00:08:51,121.536500,31.319300,  0, 67,0
54306,2007-02-20 00:09:52,121.536300,31.320100,  0, 67,0
54306,2007-02-20 00:10:53,121.536300,31.320000,  0, 67,0
54306,2007-02-20 00:11:54,121.536300,31.320000,  0, 67,0
54306,2007-02-20 00:12:55,121.536300,31.320000,  0, 67,0
54306,2007-02-20 00:13:55,121.536300,31.320000,  0, 67,0
54306,2007-02-20 00:14:57,121.536300,31.320000,  0, 67,0
54306,2007-02-20 00:15:58,121.536300,31.320000,  0, 67,0
54306,2007-02-20 00:16:59,121.536500,31.320000,  0, 67,0
54306,2007-02-20 00:18:00,121.536500,31.320000,  0, 67,0
54306,2007-02-20 00:19:00,121.536500,31.320000,  0, 67,0
54306,2007-02-20 00:20:02,121.536500,31.320100,  0, 67,0
54306,2007-02-20 00:21:03,121.536100,31.320100,  0, 67,0
54306,2007-02-20 00:22:04,121.536100,31.320100,  0, 67,0
54306,2007-02-20 00:23:05,121.536100,31.320100,  0, 67,0
54306,2007-02-20 00:24:05,121.536100,31.320100,  0, 67,0
54306,2007-02-20 00:25:07,121.536100,31.320100,  0, 67,0
54306,2007-02-20 00:26:08,121.536100,31.320100,  0, 67,0
54306,2007-02-20 00:27:09,121.536300,31.320100,  0, 67,0
54306,2007-02-20 00:28:10,121.536300,31.320100,  0, 67,0
54306,2007-02-20 00:30:12,121.536300,31.320100,  0, 67,0
54306,2007-02-20 00:32:14,121.536300,31.320100,  0, 67,0
54306,2007-02-20 00:33:15,121.536300,31.320100,  0, 67,0
54306,2007-02-20 00:34:15,121.536300,31.320100,  0, 67,0
54306,2007-02-20 00:35:16,121.536300,31.320100,  0, 67,0
54306,2007-02-20 00:36:17,121.536300,31.320100,  0, 67,0
54306,2007-02-20 00:37:18,121.536300,31.320100,  0, 67,0
54306,2007-02-20 00:39:20,121.536300,31.320100,  0, 67,0
54306,2007-02-20 00:40:21,121.536300,31.320100,  0, 67,0
54306,2007-02-20 00:41:22,121.536300,31.320100,  0, 67,0
54306,2007-02-20 00:42:23,121.536300,31.320100,  0, 67,0
54306,2007-02-20 00:43:24,121.536300,31.320100,  0, 67,0
54306,2007-02-20 00:45:26,121.536300,31.320100,  0, 67,0
54306,2007-02-20 00:46:27,121.536300,31.320100,  0, 67,0
54306,2007-02-20 00:47:28,121.536300,31.320100,  0, 67,0
54306,2007-02-20 00:48:29,121.536300,31.320100,  0, 67,0
54306,2007-02-20 00:49:30,121.536300,31.320100,  0, 67,0
54306,2007-02-20 00:50:31,121.536300,31.320100,  0, 67,0
54306,2007-02-20 00:51:32,121.536300,31.320100,  0, 67,0
54306,2007-02-20 00:52:33,121.536300,31.320100,  0, 67,0
54306,2007-02-20 00:53:34,121.536300,31.320100,  0, 67,0
54306,2007-02-20 00:54:35,121.536300,31.320100,  0, 67,0
54306,2007-02-20 00:55:36,121.536300,31.320100,  0, 67,0
54306,2007-02-20 00:56:37,121.536300,31.320100,  0, 67,0
54306,2007-02-20 00:57:38,121.536300,31.320100,  0, 67,0
54306,2007-02-20 00:58:39,121.536300,31.320100,  0, 67,0
54306,2007-02-20 00:59:40,121.536300,31.320100,  0, 67,0
54306,2007-02-20 01:00:41,121.536300,31.320100,  0, 67,0
54306,2007-02-20 01:01:42,121.536300,31.320100,  0, 67,0
54306,2007-02-20 01:02:43,121.536300,31.320100,  0, 67,0
54306,2007-02-20 01:03:44,121.536300,31.320100,  0, 67,0
54306,2007-02-20 01:04:45,121.536300,31.320100,  0, 67,0
54306,2007-02-20 01:05:46,121.536300,31.320100,  0, 67,0
54306,2007-02-20 01:06:48,121.536300,31.320100,  0, 67,0
54306,2007-02-20 01:07:49,121.536300,31.320100,  0, 67,0
54306,2007-02-20 01:08:50,121.536300,31.320100,  0, 67,0
54306,2007-02-20 01:09:50,121.536300,31.320100,  0, 67,0
54306,2007-02-20 01:10:51,121.536300,31.320100,  0, 67,0
54306,2007-02-20 01:12:54,121.536300,31.320100,  0, 67,0
54306,2007-02-20 01:13:55,121.536300,31.320100,  0, 67,0
54306,2007-02-20 01:14:55,121.536300,31.320100,  0, 67,0
54306,2007-02-20 01:15:57,121.536300,31.320100,  0, 67,0
54306,2007-02-20 01:16:57,121.536300,31.320100,  0, 67,0
54306,2007-02-20 01:17:59,121.536300,31.320100,  0, 67,0
54306,2007-02-20 01:18:59,121.536300,31.320100,  0, 67,0
54306,2007-02-20 01:20:00,121.536300,31.320100,  0, 67,0
54306,2007-02-20 01:21:02,121.536300,31.320100,  0, 67,0
54306,2007-02-20 01:22:03,121.536300,31.320100,  0, 67,0
54306,2007-02-20 01:23:04,121.536300,31.320100,  0, 67,0
54306,2007-02-20 01:24:05,121.536300,31.320100,  0, 67,0
54306,2007-02-20 01:25:05,121.536300,31.320100,  0, 67,0
54306,2007-02-20 01:26:07,121.536300,31.320100,  0, 67,0
54306,2007-02-20 01:27:08,121.536300,31.320100,  0, 67,0
54306,2007-02-20 01:28:09,121.536300,31.320100,  0, 67,0
54306,2007-02-20 01:29:09,121.536300,31.320100,  0, 67,0
54306,2007-02-20 01:30:09,121.536300,31.320100,  0, 67,0
54306,2007-02-20 01:31:11,121.536300,31.320100,  0, 67,0
54306,2007-02-20 01:32:12,121.536300,31.320100,  0, 67,0
54306,2007-02-20 01:33:13,121.536300,31.320100,  0, 67,0
54306,2007-02-20 01:34:14,121.536300,31.320100,  0, 67,0
54306,2007-02-20 01:35:14,121.536300,31.320100,  0, 67,0
54306,2007-02-20 01:36:16,121.536300,31.320100,  0, 67,0
54306,2007-02-20 01:37:17,121.536300,31.320100,  0, 67,0
54306,2007-02-20 01:38:18,121.536300,31.320100,  0, 67,0
54306,2007-02-20 01:39:19,121.536300,31.320100,  0, 67,0
54306,2007-02-20 01:41:21,121.536300,31.320100,  0, 67,0
54306,2007-02-20 01:42:22,121.536300,31.320100,  0, 67,0
54306,2007-02-20 01:44:24,121.536300,31.320100,  0, 67,0
54306,2007-02-20 01:45:24,121.536300,31.320100,  0, 67,0
54306,2007-02-20 01:47:27,121.536300,31.320100,  0, 67,0
54306,2007-02-20 01:48:28,121.536300,31.320100,  0, 67,0
54306,2007-02-20 01:49:29,121.536300,31.320100,  0, 67,0
54306,2007-02-20 01:50:29,121.536300,31.320100,  0, 67,0
54306,2007-02-20 01:51:31,121.536300,31.320100,  0, 67,0
54306,2007-02-20 01:52:32,121.536300,31.320100,  0, 67,0
54306,2007-02-20 01:53:33,121.536300,31.320100,  0, 67,0
54306,2007-02-20 01:55:34,121.536300,31.320100,  0, 67,0
54306,2007-02-20 01:56:36,121.536300,31.320100,  0, 67,0
54306,2007-02-20 01:59:39,121.536300,31.320100,  0, 67,0
54306,2007-02-20 02:00:39,121.536300,31.320100,  0, 67,0
54306,2007-02-20 02:02:42,121.536300,31.320100,  0, 67,0
54306,2007-02-20 02:04:44,121.536300,31.320100,  0, 67,0
54306,2007-02-20 02:05:44,121.536300,31.320100,  0, 67,0
54306,2007-02-20 02:06:46,121.536100,31.320100,  0, 67,0
54306,2007-02-20 02:08:48,121.536100,31.320100,  0, 67,0
54306,2007-02-20 02:09:49,121.536100,31.320100,  0, 67,0
54306,2007-02-20 02:10:49,121.536100,31.320100,  0, 67,0
54306,2007-02-20 02:12:52,121.536100,31.320100,  0, 67,0
54306,2007-02-20 02:14:54,121.536100,31.320100,  0, 67,0
54306,2007-02-20 02:15:54,121.536100,31.320100,  0, 67,0
54306,2007-02-20 02:17:57,121.536100,31.320100,  0, 67,0
54306,2007-02-20 02:18:58,121.536100,31.320100,  0, 67,0
54306,2007-02-20 02:19:59,121.536000,31.320000,  0, 90,0
54306,2007-02-20 02:20:59,121.536300,31.320000,  0,  0,0
54306,2007-02-20 02:22:01,121.536500,31.320000,  0,  0,0
54306,2007-02-20 02:23:02,121.536500,31.320000,  0,  0,0
54306,2007-02-20 02:24:03,121.536500,31.320000,  0,  0,0
54306,2007-02-20 02:25:04,121.536500,31.320000,  0,  0,0
54306,2007-02-20 02:26:04,121.536500,31.320000,  0,  0,0
54306,2007-02-20 02:28:07,121.536500,31.320000,  0,  0,0
54306,2007-02-20 02:30:09,121.536500,31.320000,  0,  0,0
54306,2007-02-20 02:31:09,121.536500,31.320000,  0,  0,0
54306,2007-02-20 02:32:11,121.536500,31.320000,  0,  0,0
54306,2007-02-20 02:33:12,121.536500,31.320000,  0,  0,0
54306,2007-02-20 02:34:13,121.536500,31.320000,  0,  0,0
54306,2007-02-20 02:35:14,121.536500,31.320000,  0,  0,0
54306,2007-02-20 02:36:14,121.536500,31.320000,  0,  0,0
54306,2007-02-20 02:37:16,121.536500,31.320000,  0,  0,0
54306,2007-02-20 02:38:17,121.536500,31.320000,  0,  0,0
54306,2007-02-20 02:40:19,121.536300,31.320000,  0,  0,0
54306,2007-02-20 02:42:20,121.536300,31.319800,  0,  0,0
54306,2007-02-20 02:43:22,121.536300,31.319600,  0,  0,0
54306,2007-02-20 02:44:23,121.536300,31.319600,  0,  0,0
54306,2007-02-20 02:45:24,121.536300,31.319600,  0,  0,0
54306,2007-02-20 02:46:24,121.536300,31.319600,  0,  0,0
54306,2007-02-20 02:47:26,121.535100,31.317500,  0, 90,0
54306,2007-02-20 02:48:27,121.535800,31.319000,  2, 90,0
54306,2007-02-20 02:49:28,121.536000,31.319300,  0, 90,0
54306,2007-02-20 02:50:29,121.536000,31.319300,  0, 90,0
54306,2007-02-20 02:51:29,121.536000,31.319300,  0, 90,0
54306,2007-02-20 02:52:30,121.536000,31.319300,  0, 90,0
54306,2007-02-20 02:53:32,121.536000,31.319500,  0, 90,0
54306,2007-02-20 02:54:33,121.536000,31.319500,  0, 90,0
54306,2007-02-20 02:55:34,121.536000,31.319500,  0, 90,0
54306,2007-02-20 02:56:34,121.536000,31.319500,  0, 90,0
54306,2007-02-20 02:57:36,121.536000,31.319500,  0, 90,0
54306,2007-02-20 02:58:37,121.536300,31.320000,  0, 22,0
54306,2007-02-20 02:59:38,121.536300,31.320000,  0, 22,0
54306,2007-02-20 03:00:29,121.536300,31.320000,  0, 22,0
54306,2007-02-20 03:01:29,121.536300,31.320000,  0, 22,0
54306,2007-02-20 03:02:31,121.536300,31.320000,  0, 22,0
54306,2007-02-20 03:03:32,121.536300,31.320000,  0, 22,0
54306,2007-02-20 03:04:33,121.536500,31.320800,  0, 22,0
54306,2007-02-20 03:05:34,121.536500,31.320800,  0, 22,0
54306,2007-02-20 03:06:34,121.536500,31.320800,  0, 22,0
54306,2007-02-20 03:07:19,121.536600,31.321300,  0,  0,0
54306,2007-02-20 03:08:20,121.536600,31.321300,  0,  0,0
54306,2007-02-20 03:09:21,121.536600,31.321300,  0,  0,0
54306,2007-02-20 03:10:22,121.536600,31.321100,  0,  0,0
54306,2007-02-20 03:11:23,121.536600,31.321100,  0,  0,0
54306,2007-02-20 03:12:24,121.536500,31.321000,  0,  0,0
54306,2007-02-20 03:13:25,121.536500,31.321000,  0,  0,0
54306,2007-02-20 03:14:26,121.536500,31.321000,  0,  0,0
54306,2007-02-20 03:15:27,121.536500,31.321000,  0,  0,0
54306,2007-02-20 03:16:28,121.536500,31.320800,  0,  0,0
54306,2007-02-20 03:17:29,121.536500,31.320800,  0,  0,0
54306,2007-02-20 03:18:30,121.536500,31.320800,  0,  0,0
54306,2007-02-20 03:19:31,121.536500,31.320800,  0,  0,0
54306,2007-02-20 03:20:32,121.536500,31.320800,  0,  0,0
54306,2007-02-20 03:21:33,121.536500,31.320800,  0,  0,0
54306,2007-02-20 03:22:34,121.536500,31.320800,  0,  0,0
54306,2007-02-20 03:23:35,121.536500,31.320800,  0,  0,0
54306,2007-02-20 03:24:36,121.536500,31.320800,  0,  0,0
54306,2007-02-20 03:25:37,121.536500,31.320800,  0,  0,0
54306,2007-02-20 03:26:38,121.536500,31.320800,  0,  0,0
54306,2007-02-20 03:27:39,121.536500,31.320800,  0,  0,0
54306,2007-02-20 03:28:40,121.536500,31.320800,  0,  0,0
54306,2007-02-20 03:29:41,121.536500,31.320800,  0,  0,0
54306,2007-02-20 03:30:42,121.536500,31.320800,  0,  0,0
54306,2007-02-20 03:31:43,121.536500,31.320800,  0,  0,0
54306,2007-02-20 03:32:44,121.536500,31.320800,  0,  0,0
54306,2007-02-20 03:33:45,121.536500,31.320800,  0,  0,0
54306,2007-02-20 03:34:46,121.536500,31.320800,  0,  0,0
54306,2007-02-20 03:35:47,121.536500,31.320800,  0,  0,0
54306,2007-02-20 03:36:48,121.536500,31.320800,  0,  0,0
54306,2007-02-20 03:37:49,121.536500,31.320800,  0,  0,0
54306,2007-02-20 03:38:50,121.536500,31.320800,  0,  0,0
54306,2007-02-20 03:39:51,121.536500,31.320800,  0,  0,0
54306,2007-02-20 03:41:53,121.536500,31.320800,  0,  0,0
54306,2007-02-20 03:42:54,121.536500,31.320800,  0,  0,0
54306,2007-02-20 03:43:55,121.536500,31.320800,  0,  0,0
54306,2007-02-20 03:44:56,121.536500,31.320800,  0,  0,0
54306,2007-02-20 03:45:57,121.536500,31.320800,  0,  0,0
54306,2007-02-20 03:46:58,121.536500,31.320800,  0,  0,0
54306,2007-02-20 03:47:59,121.536500,31.320800,  0,  0,0
54306,2007-02-20 03:49:00,121.536500,31.320800,  0,  0,0
54306,2007-02-20 03:50:01,121.536500,31.320800,  0,  0,0
54306,2007-02-20 03:51:02,121.536500,31.320800,  0,  0,0
54306,2007-02-20 03:52:03,121.536500,31.320800,  0,  0,0
54306,2007-02-20 03:53:04,121.536500,31.320800,  0,  0,0
54306,2007-02-20 03:54:05,121.536500,31.320800,  0,  0,0
54306,2007-02-20 03:55:06,121.536500,31.320800,  0,  0,0
54306,2007-02-20 03:56:07,121.536500,31.320800,  0,  0,0
54306,2007-02-20 03:57:08,121.536500,31.320800,  0,  0,0
54306,2007-02-20 03:58:09,121.536500,31.320800,  0,  0,0
54306,2007-02-20 03:59:10,121.536500,31.320800,  0,  0,0
54306,2007-02-20 04:00:11,121.536500,31.320800,  0,  0,0
54306,2007-02-20 04:01:12,121.536500,31.320800,  0,  0,0
54306,2007-02-20 04:02:13,121.536500,31.320800,  0,  0,0
54306,2007-02-20 04:03:14,121.536500,31.320800,  0,  0,0
54306,2007-02-20 04:04:15,121.536500,31.320800,  0,  0,0
54306,2007-02-20 04:06:17,121.536500,31.320800,  0,  0,0
54306,2007-02-20 04:07:18,121.536500,31.320800,  0,  0,0
54306,2007-02-20 04:08:19,121.536500,31.320800,  0,  0,0
54306,2007-02-20 04:09:20,121.536500,31.320800,  0,  0,0
54306,2007-02-20 04:10:21,121.536500,31.320800,  0,  0,0
54306,2007-02-20 04:12:23,121.536500,31.320800,  0,  0,0
54306,2007-02-20 04:13:24,121.536500,31.320800,  0,  0,0
54306,2007-02-20 04:14:25,121.536500,31.320800,  0,  0,0
54306,2007-02-20 04:15:26,121.536500,31.320800,  0,  0,0
54306,2007-02-20 04:16:27,121.536500,31.320800,  0,  0,0
54306,2007-02-20 04:18:29,121.536500,31.320800,  0,  0,0
54306,2007-02-20 04:19:30,121.536500,31.320600,  0,  0,0
54306,2007-02-20 04:20:31,121.536500,31.320600,  0,  0,0
54306,2007-02-20 04:22:33,121.536500,31.320600,  0,  0,0
54306,2007-02-20 04:23:34,121.536500,31.320600,  0,  0,0
54306,2007-02-20 04:25:36,121.536500,31.320600,  0,  0,0
54306,2007-02-20 04:26:37,121.536500,31.320600,  0,  0,0
54306,2007-02-20 04:27:38,121.536500,31.320600,  0,  0,0
54306,2007-02-20 04:28:39,121.536500,31.320600,  0,  0,0
54306,2007-02-20 04:29:40,121.536500,31.320600,  0,  0,0
54306,2007-02-20 04:30:41,121.536500,31.320600,  0,  0,0
54306,2007-02-20 04:31:42,121.536500,31.320600,  0,  0,0
54306,2007-02-20 04:32:43,121.536500,31.320600,  0,  0,0
54306,2007-02-20 04:33:44,121.536500,31.320600,  0,  0,0
54306,2007-02-20 04:34:45,121.536500,31.320600,  0,  0,0
54306,2007-02-20 04:35:46,121.536500,31.320600,  0,  0,0
54306,2007-02-20 04:36:47,121.536500,31.320600,  0,  0,0
54306,2007-02-20 04:37:48,121.536500,31.320600,  0,  0,0
54306,2007-02-20 04:38:49,121.536300,31.320600,  0,  0,0
54306,2007-02-20 04:39:50,121.536300,31.320600,  0,  0,0
54306,2007-02-20 04:40:51,121.536300,31.320600,  0,  0,0
54306,2007-02-20 04:41:52,121.536300,31.320600,  0,  0,0
54306,2007-02-20 04:42:53,121.536300,31.320600,  0,  0,0
54306,2007-02-20 04:43:54,121.536300,31.320600,  0,  0,0
54306,2007-02-20 04:44:55,121.536300,31.320600,  0,  0,0
54306,2007-02-20 04:45:56,121.536300,31.320600,  0,  0,0
54306,2007-02-20 04:47:58,121.536300,31.320600,  0,  0,0
54306,2007-02-20 04:48:59,121.536300,31.320600,  0,  0,0
54306,2007-02-20 04:50:00,121.536300,31.320600,  0,  0,0
54306,2007-02-20 04:51:01,121.536300,31.320600,  0,  0,0
54306,2007-02-20 04:52:02,121.536300,31.320600,  0,  0,0
54306,2007-02-20 04:54:04,121.536300,31.320600,  0,  0,0
54306,2007-02-20 04:55:05,121.536300,31.320600,  0,  0,0
54306,2007-02-20 04:56:06,121.536300,31.320600,  0,  0,0
54306,2007-02-20 04:57:07,121.536300,31.320600,  0,  0,0
54306,2007-02-20 04:58:08,121.536300,31.320600,  0,  0,0
54306,2007-02-20 04:59:09,121.536300,31.320600,  0,  0,0
54306,2007-02-20 05:00:10,121.536300,31.320600,  0,  0,0
54306,2007-02-20 05:01:11,121.536300,31.320600,  0,  0,0
54306,2007-02-20 05:02:12,121.536300,31.320600,  0,  0,0
54306,2007-02-20 05:03:13,121.536300,31.320600,  0,  0,0
54306,2007-02-20 05:04:14,121.536300,31.320600,  0,  0,0
54306,2007-02-20 05:05:15,121.536300,31.320600,  0,  0,0
54306,2007-02-20 05:06:16,121.536300,31.320600,  0,  0,0
54306,2007-02-20 05:07:17,121.536300,31.320600,  0,  0,0
54306,2007-02-20 05:08:18,121.536300,31.320600,  0,  0,0
54306,2007-02-20 05:10:20,121.536300,31.320600,  0,  0,0
54306,2007-02-20 05:12:22,121.536300,31.320600,  0,  0,0
54306,2007-02-20 05:13:23,121.536300,31.320600,  0,  0,0
54306,2007-02-20 05:14:24,121.536300,31.320600,  0,  0,0
54306,2007-02-20 05:15:25,121.536300,31.320600,  0,  0,0
54306,2007-02-20 05:16:26,121.536300,31.320600,  0,  0,0
54306,2007-02-20 05:17:27,121.536300,31.320600,  0,  0,0
54306,2007-02-20 05:18:28,121.536300,31.320600,  0,  0,0
54306,2007-02-20 05:19:29,121.536300,31.320600,  0,  0,0
54306,2007-02-20 05:20:30,121.536300,31.320600,  0,  0,0
54306,2007-02-20 05:21:30,121.536300,31.320600,  0,  0,0
54306,2007-02-20 05:22:31,121.536300,31.320600,  0,  0,0
54306,2007-02-20 05:23:32,121.536300,31.320500,  0,  0,0
54306,2007-02-20 05:24:33,121.536300,31.320500,  0,  0,0
54306,2007-02-20 05:25:34,121.536300,31.320500,  0,  0,0
54306,2007-02-20 05:26:35,121.536300,31.320500,  0,  0,0
54306,2007-02-20 05:27:36,121.536300,31.320500,  0,  0,0
54306,2007-02-20 05:29:23,121.534100,31.319800, 30, 90,0
54306,2007-02-20 05:29:39,121.534100,31.318500, 40, 90,0
54306,2007-02-20 05:29:55,121.534100,31.317000, 30, 90,0
54306,2007-02-20 05:30:11,121.534100,31.316000, 34, 90,0
54306,2007-02-20 05:30:27,121.534100,31.314800, 36, 90,0
54306,2007-02-20 05:30:43,121.534100,31.313300, 36, 90,0
54306,2007-02-20 05:31:45,121.536100,31.313500, 54, 45,0
54306,2007-02-20 05:32:45,121.541300,31.311100, 62, 90,0
54306,2007-02-20 05:33:46,121.540300,31.302000, 66, 90,0
54306,2007-02-20 05:34:48,121.546000,31.292800, 56, 67,0
54306,2007-02-20 05:36:50,121.553500,31.282100, 50, 90,0
54306,2007-02-20 05:37:50,121.551300,31.279600,  0, 22,0
54306,2007-02-20 05:39:52,121.551300,31.279600,  0, 22,0
54306,2007-02-20 05:40:53,121.551300,31.279600,  0, 22,0
54306,2007-02-20 05:41:55,121.551300,31.279600,  0, 22,0
54306,2007-02-20 05:42:55,121.551300,31.279600,  0, 22,0
54306,2007-02-20 05:44:57,121.551300,31.279600,  0, 22,0
54306,2007-02-20 05:45:58,121.551300,31.279600,  0, 22,0
54306,2007-02-20 05:47:00,121.551300,31.279600,  0, 22,0
54306,2007-02-20 05:48:00,121.551300,31.279600,  0, 22,0
54306,2007-02-20 05:49:01,121.551300,31.279600,  0, 22,0
54306,2007-02-20 05:50:03,121.551300,31.279600,  0, 22,0
54306,2007-02-20 05:51:04,121.551300,31.279600,  0, 22,0
54306,2007-02-20 05:52:05,121.551300,31.279600,  0, 22,0
54306,2007-02-20 05:53:06,121.551300,31.279600,  0, 22,0
54306,2007-02-20 05:54:07,121.551300,31.279600,  0, 22,0
54306,2007-02-20 05:55:08,121.551300,31.279600,  0, 22,0
54306,2007-02-20 05:56:09,121.551300,31.279600,  0, 22,0
54306,2007-02-20 05:57:09,121.551300,31.279600,  0, 22,0
54306,2007-02-20 05:58:11,121.551300,31.279600,  0, 22,0
54306,2007-02-20 05:59:12,121.551300,31.279600,  0, 22,0
54306,2007-02-20 06:00:13,121.551300,31.279600,  0, 22,0
54306,2007-02-20 06:01:14,121.550800,31.279600, 12,  0,0
54306,2007-02-20 06:03:16,121.551100,31.280300,  0,  0,0
54306,2007-02-20 06:04:17,121.551100,31.280300,  0,  0,0
54306,2007-02-20 06:05:18,121.551100,31.280300,  0,  0,0
54306,2007-02-20 06:06:19,121.551100,31.280300,  0,  0,0
54306,2007-02-20 06:07:19,121.551100,31.280300,  0,  0,0
54306,2007-02-20 06:08:21,121.551100,31.280300,  0,  0,0
54306,2007-02-20 06:09:22,121.551100,31.280300,  0,  0,0
54306,2007-02-20 06:10:23,121.551100,31.280300,  0,  0,0
54306,2007-02-20 06:13:26,121.551300,31.280100,  0,  0,0
54306,2007-02-20 06:14:27,121.551300,31.280100,  0,  0,0
54306,2007-02-20 06:15:28,121.551300,31.280100,  0,  0,0
54306,2007-02-20 06:16:28,121.551100,31.280500,  0,  0,0
54306,2007-02-20 06:17:29,121.551100,31.280300,  0,  0,0
54306,2007-02-20 06:18:30,121.551100,31.280300,  0,  0,0
54306,2007-02-20 06:19:31,121.551100,31.280300,  0,  0,0
54306,2007-02-20 06:20:32,121.551100,31.280300,  0,  0,0
54306,2007-02-20 06:21:33,121.551100,31.280300,  0,  0,0
54306,2007-02-20 06:23:35,121.551100,31.280300,  0,  0,0
54306,2007-02-20 06:24:36,121.551100,31.280300,  0,  0,0
54306,2007-02-20 06:25:37,121.551100,31.280300,  0,  0,0
54306,2007-02-20 06:26:38,121.551100,31.280300,  0,  0,0
54306,2007-02-20 06:27:39,121.551100,31.280300,  0,  0,0
54306,2007-02-20 06:29:41,121.551100,31.280300,  0,  0,0
54306,2007-02-20 06:30:42,121.551100,31.280300,  0,  0,0
54306,2007-02-20 06:31:43,121.551100,31.280300,  0,  0,0
54306,2007-02-20 06:32:44,121.551100,31.280300,  0,  0,0
54306,2007-02-20 06:33:45,121.551100,31.280300,  0,  0,0
54306,2007-02-20 06:34:46,121.551100,31.280300,  0,  0,0
54306,2007-02-20 06:35:47,121.551100,31.280300,  0,  0,0
54306,2007-02-20 06:36:48,121.551100,31.280300,  0,  0,0
54306,2007-02-20 06:37:48,121.551000,31.280300,  0,  0,0
54306,2007-02-20 06:39:51,121.551000,31.280300,  0,  0,0
54306,2007-02-20 06:40:52,121.551000,31.280300,  0,  0,0
54306,2007-02-20 06:41:53,121.551000,31.280300,  0,  0,0
54306,2007-02-20 06:42:53,121.551000,31.280300,  0,  0,0
54306,2007-02-20 06:43:55,121.551000,31.280300,  0,  0,0
54306,2007-02-20 06:44:56,121.551000,31.280300,  0,  0,0
54306,2007-02-20 06:45:57,121.551000,31.280300,  0,  0,0
54306,2007-02-20 06:46:58,121.551000,31.280300,  0,  0,0
54306,2007-02-20 06:47:58,121.551000,31.280300,  0,  0,0
54306,2007-02-20 06:49:00,121.551000,31.280300,  0,  0,0
54306,2007-02-20 06:50:01,121.551000,31.280300,  0,  0,0
54306,2007-02-20 06:51:02,121.551000,31.280300,  0,  0,0
54306,2007-02-20 06:52:03,121.551000,31.280300,  0,  0,0
54306,2007-02-20 06:53:03,121.551000,31.280300,  0,  0,0
54306,2007-02-20 06:54:05,121.551000,31.280300,  0,  0,0
54306,2007-02-20 06:55:06,121.551000,31.280300,  0,  0,0
54306,2007-02-20 06:56:07,121.551000,31.280300,  0,  0,0
54306,2007-02-20 06:57:08,121.551000,31.280300,  0,  0,0
54306,2007-02-20 06:58:08,121.551000,31.280300,  0,  0,0
54306,2007-02-20 06:59:10,121.551000,31.280300,  0,  0,0
54306,2007-02-20 07:01:12,121.551000,31.280300,  0,  0,0
54306,2007-02-20 07:02:13,121.551000,31.280300,  0,  0,0
54306,2007-02-20 07:03:13,121.551000,31.280300,  0,  0,0
54306,2007-02-20 07:04:15,121.551000,31.280300,  0,  0,0
54306,2007-02-20 07:05:16,121.551000,31.280300,  0,  0,0
54306,2007-02-20 07:06:17,121.551000,31.280300,  0,  0,0
54306,2007-02-20 07:07:18,121.551000,31.280300,  0,  0,0
54306,2007-02-20 07:08:18,121.551000,31.280300,  0,  0,0
54306,2007-02-20 07:09:20,121.551000,31.280300,  0,  0,0
54306,2007-02-20 07:10:21,121.551000,31.280300,  0,  0,0
54306,2007-02-20 07:11:22,121.551000,31.280300,  0,  0,0
54306,2007-02-20 07:12:23,121.551000,31.280300,  0,  0,0
54306,2007-02-20 07:13:23,121.551000,31.280300,  0,  0,0
54306,2007-02-20 07:14:25,121.551000,31.280300,  0,  0,0
54306,2007-02-20 07:15:25,121.551000,31.280300,  0,  0,0
54306,2007-02-20 07:16:27,121.551100,31.280300,  0,  0,0
54306,2007-02-20 07:17:28,121.551000,31.280300,  0,  0,0
54306,2007-02-20 07:18:28,121.551100,31.280300,  0,  0,0
54306,2007-02-20 07:19:30,121.551000,31.280300,  0,  0,0
54306,2007-02-20 07:20:31,121.551100,31.280500,  0,  0,0
54306,2007-02-20 07:21:32,121.551100,31.280500,  0,  0,0
54306,2007-02-20 07:22:33,121.551100,31.280500,  0,  0,0
54306,2007-02-20 07:23:33,121.551100,31.280500,  0,  0,0
54306,2007-02-20 07:24:35,121.551100,31.280500,  0,  0,0
54306,2007-02-20 07:25:36,121.551100,31.280500,  0,  0,0
54306,2007-02-20 07:26:37,121.551100,31.280500,  0,  0,0
54306,2007-02-20 07:27:38,121.551100,31.280500,  0,  0,0
54306,2007-02-20 07:28:38,121.551100,31.280500,  0,  0,0
54306,2007-02-20 07:29:40,121.551100,31.280500,  0,  0,0
54306,2007-02-20 07:30:41,121.551100,31.280500,  0,  0,0
54306,2007-02-20 07:31:42,121.551100,31.280500,  0,  0,0
54306,2007-02-20 07:32:43,121.551100,31.280500,  0,  0,0
54306,2007-02-20 07:33:43,121.551100,31.280500,  0,  0,0
54306,2007-02-20 07:34:45,121.551100,31.280500,  0,  0,0
54306,2007-02-20 07:35:46,121.551100,31.280500,  0,  0,0
54306,2007-02-20 07:36:47,121.551100,31.280500,  0,  0,0
54306,2007-02-20 07:37:48,121.551100,31.280500,  0,  0,0
54306,2007-02-20 07:38:48,121.551100,31.280500,  0,  0,0
54306,2007-02-20 07:39:50,121.551100,31.280500,  0,  0,0
54306,2007-02-20 07:40:51,121.551100,31.280500,  0,  0,0
54306,2007-02-20 07:41:52,121.551100,31.280500,  0,  0,0
54306,2007-02-20 07:42:52,121.551100,31.280500,  0,  0,0
54306,2007-02-20 07:43:53,121.551000,31.280600,  0,  0,0
54306,2007-02-20 07:44:55,121.550800,31.280800,  0,  0,0
54306,2007-02-20 07:45:56,121.551000,31.280600,  0,  0,0
54306,2007-02-20 07:46:57,121.551000,31.280600,  0,  0,0
54306,2007-02-20 07:47:58,121.551000,31.280600,  0,  0,0
54306,2007-02-20 07:48:58,121.551000,31.280500,  0,  0,0
54306,2007-02-20 07:50:00,121.551100,31.280300,  0,  0,0
54306,2007-02-20 07:51:01,121.551100,31.280300,  0,  0,0
54306,2007-02-20 07:52:02,121.551100,31.280300,  0,  0,0
54306,2007-02-20 07:53:03,121.551100,31.280300,  0,  0,0
54306,2007-02-20 07:54:03,121.551100,31.280300,  0,  0,0
54306,2007-02-20 07:55:05,121.551100,31.280300,  0,  0,0
54306,2007-02-20 07:56:06,121.551100,31.280300,  0,  0,0
54306,2007-02-20 07:57:07,121.551100,31.280300,  0,  0,0
54306,2007-02-20 07:58:08,121.551100,31.280300,  0,  0,0
54306,2007-02-20 07:59:08,121.551100,31.280300,  0,  0,0
54306,2007-02-20 08:00:10,121.551100,31.280300,  0,  0,0
54306,2007-02-20 08:01:11,121.551100,31.280300,  0,  0,0
54306,2007-02-20 08:02:12,121.551100,31.280300,  0,  0,0
54306,2007-02-20 08:03:13,121.551100,31.280300,  0,  0,0
54306,2007-02-20 08:04:13,121.551100,31.280300,  0,  0,0
54306,2007-02-20 08:05:14,121.551100,31.280300,  0,  0,0
54306,2007-02-20 08:06:15,121.551100,31.280300,  0,  0,0
54306,2007-02-20 08:07:16,121.551100,31.280300,  0,  0,0
54306,2007-02-20 08:09:18,121.551100,31.280300,  0,  0,0
54306,2007-02-20 08:10:19,121.551100,31.280300,  0,  0,0
54306,2007-02-20 08:11:20,121.551100,31.280300,  0,  0,0
54306,2007-02-20 08:12:21,121.551100,31.280300,  0,  0,0
54306,2007-02-20 08:13:22,121.551100,31.280300,  0,  0,0
54306,2007-02-20 08:14:23,121.551100,31.280300,  0,  0,0
54306,2007-02-20 08:15:24,121.551100,31.280300,  0,  0,0
54306,2007-02-20 08:16:25,121.551100,31.280300,  0,  0,0
54306,2007-02-20 08:17:26,121.551100,31.280300,  0,  0,0
54306,2007-02-20 08:18:27,121.551100,31.280300,  0,  0,0
54306,2007-02-20 08:19:28,121.551100,31.280500,  0,  0,0
54306,2007-02-20 08:20:29,121.551000,31.280500,  0,  0,0
54306,2007-02-20 08:21:30,121.551000,31.280500,  0,  0,0
54306,2007-02-20 08:22:31,121.551000,31.280500,  0,  0,0
54306,2007-02-20 08:23:32,121.551000,31.280500,  0,  0,0
54306,2007-02-20 08:24:33,121.551000,31.280500,  0,  0,0
54306,2007-02-20 08:25:34,121.551000,31.280500,  0,  0,0
54306,2007-02-20 08:26:35,121.551000,31.280500,  0,  0,0
54306,2007-02-20 08:27:36,121.551000,31.280500,  0,  0,0
54306,2007-02-20 08:28:37,121.551100,31.280500,  0,  0,0
54306,2007-02-20 08:29:38,121.551100,31.280500,  0,  0,0
54306,2007-02-20 08:30:39,121.551100,31.280500,  0,  0,0
54306,2007-02-20 08:31:40,121.551100,31.280600,  0,  0,0
54306,2007-02-20 08:32:41,121.551100,31.280600,  0,  0,0
54306,2007-02-20 08:33:42,121.551100,31.280600,  0,  0,0
54306,2007-02-20 08:34:43,121.551100,31.280600,  0,  0,0
54306,2007-02-20 08:35:44,121.551100,31.280600,  0,  0,0
54306,2007-02-20 08:36:45,121.551100,31.280600,  0,  0,0
54306,2007-02-20 08:37:46,121.551100,31.280600,  0,  0,0
54306,2007-02-20 08:38:47,121.551100,31.280600,  0,  0,0
54306,2007-02-20 08:39:48,121.551100,31.280600,  0,  0,0
54306,2007-02-20 08:40:49,121.551000,31.280100,  0,  0,0
54306,2007-02-20 08:41:50,121.551100,31.280100,  0,  0,0
54306,2007-02-20 08:42:51,121.551000,31.280100,  0,  0,0
54306,2007-02-20 08:43:52,121.550800,31.280100,  0,  0,0
54306,2007-02-20 08:44:53,121.550800,31.280300,  0,  0,0
54306,2007-02-20 08:45:54,121.550800,31.280100,  0,  0,0
54306,2007-02-20 08:46:55,121.551000,31.280100,  0,  0,0
54306,2007-02-20 08:47:56,121.550800,31.280100,  0,  0,0
54306,2007-02-20 08:48:57,121.550600,31.280100,  0,  0,0
54306,2007-02-20 08:50:59,121.550800,31.280100,  0,  0,0
54306,2007-02-20 08:52:00,121.551000,31.280500,  0,  0,0
54306,2007-02-20 08:54:02,121.551100,31.280300,  0,  0,0
54306,2007-02-20 08:55:03,121.551100,31.280300,  0,  0,0
54306,2007-02-20 08:56:04,121.551000,31.280300,  0,  0,0
54306,2007-02-20 08:57:05,121.551100,31.280500,  0,  0,0
54306,2007-02-20 08:59:07,121.551100,31.280300,  0,  0,0
54306,2007-02-20 09:00:08,121.551100,31.280100,  0,  0,0
54306,2007-02-20 09:01:09,121.551100,31.280100,  0,  0,0
54306,2007-02-20 09:02:10,121.551100,31.280100,  0,  0,0
54306,2007-02-20 09:03:11,121.551100,31.280100,  0,  0,0
54306,2007-02-20 09:04:12,121.551300,31.280100,  0,  0,0
54306,2007-02-20 09:05:13,121.551300,31.280100,  0,  0,0
54306,2007-02-20 09:06:14,121.551300,31.280100,  0,  0,0
54306,2007-02-20 09:07:15,121.551300,31.280100,  0,  0,0
54306,2007-02-20 09:08:16,121.551100,31.280300,  0,  0,0
54306,2007-02-20 09:09:13,121.551100,31.280300,  0,  0,0
54306,2007-02-20 09:09:18,121.551100,31.280300,  0,  0,0
54306,2007-02-20 09:10:34,121.551300,31.280300,  0,  0,0
54306,2007-02-20 09:12:24,121.551100,31.280300,  0,135,0
54306,2007-02-20 09:13:24,121.550800,31.279800,  4, 90,0
54306,2007-02-20 09:14:25,121.550800,31.279500,  0,135,0
54306,2007-02-20 09:15:22,121.549600,31.279300, 26,135,0
54306,2007-02-20 09:15:41,121.548600,31.278800,  8,112,0
54306,2007-02-20 09:15:59,121.547800,31.278100, 30,112,0
54306,2007-02-20 09:16:18,121.547000,31.278000, 34,157,0
54306,2007-02-20 09:16:34,121.545800,31.278800, 20,157,0
54306,2007-02-20 09:16:50,121.545000,31.279600, 26,157,0
54306,2007-02-20 09:17:47,121.543000,31.281300,  8,157,0
54306,2007-02-20 09:18:18,121.542100,31.282000, 16,157,0
54306,2007-02-20 09:18:55,121.541500,31.282600, 16,157,0
54306,2007-02-20 09:19:11,121.540100,31.282100, 38,112,0
54306,2007-02-20 09:19:27,121.539000,31.281600, 18,157,0
54306,2007-02-20 09:20:28,121.538800,31.281800,  0,112,0
54306,2007-02-20 09:20:31,121.538800,31.281800, 14, 67,1
54306,2007-02-20 09:22:33,121.523300,31.277800, 56,157,1
54306,2007-02-20 09:23:34,121.518100,31.286600, 78,157,1
54306,2007-02-20 09:24:35,121.506000,31.287300, 82,135,1
54306,2007-02-20 09:25:36,121.492600,31.287800, 72,135,1
54306,2007-02-20 09:26:37,121.479000,31.287100, 74,112,1
54306,2007-02-20 09:27:38,121.449100,31.308500, 78,157,1
54306,2007-02-20 09:28:39,121.444600,31.313300,  0,157,1
54306,2007-02-20 09:30:41,121.461300,31.266800,114, 22,1
54306,2007-02-20 09:32:55,121.506100,31.607800,162, 22,0
54306,2007-02-20 09:33:11,121.511300,31.301800,164, 22,0
54306,2007-02-20 09:33:27,121.517000,31.302300,154, 22,0
54306,2007-02-20 09:33:43,121.521100,31.302500, 96, 45,0
54306,2007-02-20 09:33:59,121.517800,31.289600,188, 90,0
54306,2007-02-20 09:34:15,121.446500,31.156300, 84, 90,0
54306,2007-02-20 09:34:31,121.433800,31.131000,  0, 90,0
54306,2007-02-20 09:34:55,121.440500,31.262300, 28,112,0
54306,2007-02-20 09:35:54,121.438500,31.261500, 38,112,0
54306,2007-02-20 09:36:10,121.437000,31.260800, 34,112,0
54306,2007-02-20 09:36:26,121.435800,31.260500, 14,135,0
54306,2007-02-20 09:36:47,121.435300,31.261300, 22,157,0
54306,2007-02-20 09:37:30,121.434600,31.262300, 30,157,0
54306,2007-02-20 09:37:46,121.434000,31.263100, 16,157,0
54306,2007-02-20 09:38:05,121.433100,31.264100, 24,157,0
54306,2007-02-20 09:38:21,121.432500,31.265100, 34,157,0
54306,2007-02-20 09:38:37,121.431800,31.266100, 24,157,0
54306,2007-02-20 09:38:53,121.431300,31.267100, 34,  0,0
54306,2007-02-20 09:39:54,121.431000,31.268100,  4,  0,0
54306,2007-02-20 09:40:15,121.430000,31.268300, 36,135,0
54306,2007-02-20 09:40:31,121.428800,31.268000, 10,135,0
54306,2007-02-20 09:40:51,121.427600,31.267800, 42,135,0
54306,2007-02-20 09:41:07,121.426300,31.267600, 32,135,0
54306,2007-02-20 09:41:23,121.425500,31.268000, 42,  0,0
54306,2007-02-20 09:41:39,121.425600,31.269500, 52,  0,0
54306,2007-02-20 09:41:55,121.426000,31.270600,  4,  0,0
54306,2007-02-20 09:42:46,121.425100,31.271300, 32,135,0
54306,2007-02-20 09:43:02,121.423600,31.271600, 24,135,0
54306,2007-02-20 09:43:18,121.422600,31.272100, 16,157,0
54306,2007-02-20 09:43:52,121.423000,31.271800, 16, 67,0
54306,2007-02-20 09:44:08,121.422600,31.270800, 32,112,0
54306,2007-02-20 09:44:24,121.422000,31.269500, 34, 90,0
54306,2007-02-20 09:44:42,121.422000,31.268500, 38, 90,0
54306,2007-02-20 09:44:58,121.422300,31.267000, 14, 90,0
54306,2007-02-20 09:45:19,121.421300,31.266600, 22, 90,0
54306,2007-02-20 09:45:35,121.421300,31.265600, 26, 90,0
54306,2007-02-20 09:45:56,121.420500,31.265300, 32,135,0
54306,2007-02-20 09:46:12,121.419100,31.265000, 10,112,0
54306,2007-02-20 09:46:28,121.419500,31.264000, 28, 67,0
54306,2007-02-20 09:47:00,121.419500,31.263600, 12, 67,1
54306,2007-02-20 09:48:01,121.424100,31.263800, 18, 45,1
54306,2007-02-20 09:49:02,121.427500,31.264300, 28, 22,1
54306,2007-02-20 09:50:03,121.429100,31.265300, 16,  0,1
54306,2007-02-20 09:51:04,121.429800,31.268100, 18, 45,1
54306,2007-02-20 09:52:05,121.432000,31.270600, 26, 22,1
54306,2007-02-20 09:53:06,121.432100,31.270300,  0, 67,1
54306,2007-02-20 09:54:07,121.435800,31.272100, 32, 67,1
54306,2007-02-20 09:55:08,121.441100,31.273100, 34, 22,1
54306,2007-02-20 09:56:03,121.446100,31.276000,  0, 45,0
54306,2007-02-20 09:56:19,121.446100,31.276000,  0, 45,0
54306,2007-02-20 09:56:59,121.447000,31.276600, 38, 22,0
54306,2007-02-20 09:57:15,121.448100,31.277500, 18, 22,0
54306,2007-02-20 09:57:31,121.449000,31.275100, 52, 67,0
54306,2007-02-20 09:58:03,121.450500,31.273100,  0, 90,0
54306,2007-02-20 09:59:04,121.450300,31.273300,  0, 90,0
54306,2007-02-20 09:59:28,121.449600,31.273000, 30,112,0
54306,2007-02-20 09:59:44,121.448100,31.272300, 44,112,0
54306,2007-02-20 10:00:00,121.446500,31.271600, 44,112,0
54306,2007-02-20 10:00:32,121.444000,31.270300, 44,112,0
54306,2007-02-20 10:00:48,121.442300,31.269300, 46,112,0
54306,2007-02-20 10:01:04,121.440800,31.268500, 44,112,0
54306,2007-02-20 10:02:05,121.440000,31.267800,  0,135,0
54306,2007-02-20 10:02:51,121.439100,31.267300, 38,112,0
54306,2007-02-20 10:03:07,121.438000,31.266600, 20,112,0
54306,2007-02-20 10:03:46,121.437000,31.266000, 26,112,0
54306,2007-02-20 10:04:02,121.435600,31.265100, 48,112,0
54306,2007-02-20 10:04:18,121.434100,31.264100, 40,112,0
54306,2007-02-20 10:05:19,121.433300,31.263800, 22,112,0
54306,2007-02-20 10:05:35,121.432300,31.263100, 32,112,0
54306,2007-02-20 10:05:51,121.431000,31.262300, 44,112,0
54306,2007-02-20 10:06:12,121.430100,31.262300, 22,157,0
54306,2007-02-20 10:06:28,121.429600,31.263500, 38,  0,0
54306,2007-02-20 10:06:44,121.429100,31.265100, 30,  0,0
54306,2007-02-20 10:07:26,121.429100,31.265300, 18,  0,0
54306,2007-02-20 10:07:42,121.428800,31.266300, 30,  0,0
54306,2007-02-20 10:07:58,121.428500,31.267500, 22,  0,0
54306,2007-02-20 10:08:18,121.429500,31.267800, 22, 45,0
54306,2007-02-20 10:08:40,121.429800,31.268000, 16, 45,1
54306,2007-02-20 10:09:41,121.434000,31.268500, 46, 45,1
54306,2007-02-20 10:10:42,121.439300,31.267500,  0, 67,1
54306,2007-02-20 10:11:43,121.442300,31.263300, 36, 90,1
54306,2007-02-20 10:12:44,121.442100,31.260000,  0, 90,1
54306,2007-02-20 10:13:45,121.445000,31.260000,  0, 90,1
54306,2007-02-20 10:15:47,121.448800,31.260100, 54, 45,1
54306,2007-02-20 10:17:49,121.450800,31.260300,  0, 45,1
54306,2007-02-20 10:18:44,121.459800,31.254000,  0, 45,0
54306,2007-02-20 10:19:09,121.461000,31.254100, 40, 45,0
54306,2007-02-20 10:19:25,121.463100,31.254500, 44, 45,0
54306,2007-02-20 10:19:58,121.464000,31.256500, 52,  0,0
54306,2007-02-20 10:20:14,121.463000,31.258500, 58,  0,0
54306,2007-02-20 10:20:30,121.463000,31.259600, 20, 45,0
54306,2007-02-20 10:20:46,121.464300,31.260500, 36, 22,0
54306,2007-02-20 10:21:02,121.465600,31.261000, 38, 22,0
54306,2007-02-20 10:21:18,121.466800,31.261600, 38, 22,0
54306,2007-02-20 10:21:34,121.468300,31.262300, 32, 22,0
54306,2007-02-20 10:21:54,121.469100,31.262800, 28, 22,0
54306,2007-02-20 10:22:11,121.470000,31.263600, 22, 22,0
54306,2007-02-20 10:22:44,121.470500,31.264500, 28,157,0
54306,2007-02-20 10:23:00,121.469100,31.265600, 26,157,0
54306,2007-02-20 10:23:18,121.469800,31.266300, 30, 22,0
54306,2007-02-20 10:23:37,121.470800,31.266000, 28, 67,0
54306,2007-02-20 10:23:55,121.471500,31.265300, 24, 22,0
54306,2007-02-20 10:24:55,121.472100,31.265600, 14, 22,1
54306,2007-02-20 10:26:58,121.471600,31.269300, 34,157,1
54306,2007-02-20 10:27:59,121.468800,31.270600, 30,157,1
54306,2007-02-20 10:29:00,121.466100,31.273500,  0,157,1
54306,2007-02-20 10:30:01,121.463500,31.276800, 48,157,1
54306,2007-02-20 10:31:02,121.463600,31.281600,  0, 22,1
54306,2007-02-20 10:32:03,121.465100,31.285300, 38,  0,1
54306,2007-02-20 10:33:04,121.465800,31.288600,  0,  0,1
54306,2007-02-20 10:34:05,121.466300,31.291600, 32,  0,1
54306,2007-02-20 10:35:06,121.466500,31.292500,  0,  0,1
54306,2007-02-20 10:36:07,121.466600,31.294300, 34,  0,1
54306,2007-02-20 10:37:08,121.466600,31.299000, 44,  0,1
54306,2007-02-20 10:38:09,121.466600,31.302000,  0,  0,1
54306,2007-02-20 10:39:10,121.466500,31.306100,  0,  0,1
54306,2007-02-20 10:41:12,121.461100,31.308100, 38,135,1
54306,2007-02-20 10:42:13,121.455500,31.308300, 36,  0,1
54306,2007-02-20 10:42:35,121.455500,31.309300,  0,  0,0
54306,2007-02-20 10:42:50,121.455500,31.309300,  0,  0,0
54306,2007-02-20 10:43:51,121.455300,31.309500,  0,  0,0
54306,2007-02-20 10:44:05,121.455300,31.309300, 14, 90,1
54306,2007-02-20 10:46:06,121.445800,31.307500, 24,135,1
54306,2007-02-20 10:47:07,121.445000,31.307500,  4,135,1
54306,2007-02-20 10:49:09,121.442500,31.294100, 62,135,1
54306,2007-02-20 10:50:10,121.431100,31.292100, 54,135,1
54306,2007-02-20 10:51:11,121.427500,31.291600,  0,135,1
54306,2007-02-20 10:52:12,121.427100,31.290100, 42, 90,1
54306,2007-02-20 10:53:13,121.427300,31.287500, 24, 90,1
54306,2007-02-20 10:54:14,121.423800,31.286100,  0,135,1
54306,2007-02-20 10:55:15,121.425600,31.281100, 64, 67,1
54306,2007-02-20 10:56:56,121.425600,31.277100,  0,112,1
54306,2007-02-20 10:57:56,121.422800,31.274800, 44,112,1
54306,2007-02-20 10:58:57,121.418300,31.270100, 42, 90,1
54306,2007-02-20 10:59:58,121.418000,31.267300,  0, 90,1
54306,2007-02-20 11:00:59,121.417500,31.263300, 50, 90,1
54306,2007-02-20 11:02:00,121.416300,31.257000,  6,112,1
54306,2007-02-20 11:03:01,121.411100,31.254600, 64,135,1
54306,2007-02-20 11:03:18,121.409600,31.254500,  0,135,0
54306,2007-02-20 11:03:34,121.409600,31.254500,  0,135,0
54306,2007-02-20 11:04:35,121.409600,31.254500,  0,135,0
54306,2007-02-20 11:05:28,121.410600,31.254500, 42, 45,0
54306,2007-02-20 11:05:43,121.412800,31.255000, 46, 45,0
54306,2007-02-20 11:05:59,121.414100,31.255500, 30, 22,0
54306,2007-02-20 11:06:15,121.415100,31.256100, 20, 22,0
54306,2007-02-20 11:07:16,121.416000,31.256800,  0, 22,0
54306,2007-02-20 11:07:40,121.416800,31.256500, 42, 90,0
54306,2007-02-20 11:08:24,121.417300,31.255600, 14, 90,0
54306,2007-02-20 11:08:42,121.417600,31.254600, 14, 45,0
54306,2007-02-20 11:08:59,121.418600,31.255300, 30, 22,0
54306,2007-02-20 11:09:18,121.419500,31.256000, 12,157,0
54306,2007-02-20 11:10:19,121.419300,31.256300,  0, 90,0
54306,2007-02-20 11:10:26,121.419300,31.256300, 16, 67,1
54306,2007-02-20 11:11:26,121.423500,31.258000, 10, 22,1
54306,2007-02-20 11:12:27,121.424500,31.255000,  0, 90,1
54306,2007-02-20 11:13:28,121.424500,31.255000,  0, 90,1
54306,2007-02-20 11:14:29,121.424500,31.254800,  0, 67,1
54306,2007-02-20 11:16:31,121.427800,31.252100,  0, 67,1
54306,2007-02-20 11:17:32,121.429600,31.253300, 66, 22,1
54306,2007-02-20 11:18:33,121.433100,31.258000,  0, 22,1
54306,2007-02-20 11:19:34,121.433100,31.258000,  0, 22,1
54306,2007-02-20 11:20:35,121.433100,31.258000,  0, 22,1
54306,2007-02-20 11:21:36,121.433100,31.258000,  0, 22,1
54306,2007-02-20 11:23:16,121.458800,31.259100, 64, 90,1
54306,2007-02-20 11:25:17,121.458500,31.242100, 52, 90,1
54306,2007-02-20 11:26:18,121.462100,31.232300, 68, 90,1
54306,2007-02-20 11:27:19,121.466800,31.227000, 48, 45,1
54306,2007-02-20 11:28:20,121.473600,31.230100, 18, 45,1
54306,2007-02-20 11:29:21,121.474500,31.228600,  0, 67,1
54306,2007-02-20 11:30:22,121.474500,31.228500,  0, 67,1
54306,2007-02-20 11:31:23,121.475100,31.228300, 20, 22,1
54306,2007-02-20 11:32:24,121.479600,31.231000, 22, 22,1
54306,2007-02-20 11:33:25,121.481800,31.232000,  0,  0,1
54306,2007-02-20 11:34:26,121.482300,31.231600,  4, 90,1
54306,2007-02-20 11:35:27,121.482300,31.231600,  0, 90,1
54306,2007-02-20 11:36:28,121.482800,31.230800, 28, 45,1
54306,2007-02-20 11:37:29,121.484500,31.231100,  0, 45,1
54306,2007-02-20 11:38:30,121.485000,31.231100,  0, 45,1
54306,2007-02-20 11:39:31,121.485600,31.231300,  0, 45,1
54306,2007-02-20 11:40:24,121.485800,31.230500,  0, 90,0
54306,2007-02-20 11:41:13,121.485800,31.230500,  8, 90,0
54306,2007-02-20 11:41:59,121.485100,31.229800, 18,135,0
54306,2007-02-20 11:43:00,121.484500,31.229100,  0, 90,0
54306,2007-02-20 11:44:01,121.484800,31.229000,  6, 67,0
54306,2007-02-20 11:45:02,121.484800,31.228000,  0, 90,0
54306,2007-02-20 11:45:45,121.485100,31.227000, 16, 90,0
54306,2007-02-20 11:46:46,121.484300,31.226500,  0,112,0
54306,2007-02-20 11:47:45,121.484300,31.226500,  2,135,1
54306,2007-02-20 11:49:47,121.489500,31.223800, 40, 45,1
54306,2007-02-20 11:50:48,121.494100,31.222600,  0, 45,1
54306,2007-02-20 11:51:49,121.498500,31.224000,  0, 22,1
54306,2007-02-20 11:52:50,121.498500,31.224100, 26,  0,1
54306,2007-02-20 11:53:51,121.491800,31.231000, 72,157,1
54306,2007-02-20 11:55:53,121.485000,31.247600, 72,  0,1
54306,2007-02-20 11:56:54,121.484600,31.253000,  0,  0,1
54306,2007-02-20 11:57:55,121.481600,31.256500, 30,157,1
54306,2007-02-20 11:58:44,121.478500,31.259500,  0,135,0
54306,2007-02-20 11:59:00,121.478500,31.259500,  0,135,0
54306,2007-02-20 12:00:01,121.478600,31.260500, 26, 22,0
54306,2007-02-20 12:00:24,121.478800,31.261600, 22,  0,0
54306,2007-02-20 12:01:00,121.479300,31.263000,  4,  0,0
54306,2007-02-20 12:01:35,121.479300,31.264300,  4,  0,0
54306,2007-02-20 12:02:36,121.479300,31.264300,  0,  0,0
54306,2007-02-20 12:03:31,121.479300,31.265800, 12,157,0
54306,2007-02-20 12:03:54,121.479600,31.266500, 30, 45,0
54306,2007-02-20 12:04:17,121.480100,31.267100, 22,  0,0
54306,2007-02-20 12:04:33,121.480100,31.268500, 42,  0,0
54306,2007-02-20 12:04:49,121.480500,31.270100, 34,  0,0
54306,2007-02-20 12:05:05,121.480600,31.271600, 46,  0,0
54306,2007-02-20 12:05:21,121.481100,31.273000, 26, 22,0
54306,2007-02-20 12:06:22,121.482100,31.273300,  0, 22,0
54306,2007-02-20 12:07:00,121.483300,31.273100, 42, 45,0
54306,2007-02-20 12:07:16,121.484800,31.272800, 40, 45,0
54306,2007-02-20 12:07:32,121.486300,31.273000, 40, 45,0
54306,2007-02-20 12:07:48,121.487600,31.273100, 30, 45,0
54306,2007-02-20 12:08:04,121.488600,31.271500, 70, 67,0
54306,2007-02-20 12:08:20,121.489600,31.270300, 20, 45,0
54306,2007-02-20 12:08:36,121.491000,31.271500, 46, 22,0
54306,2007-02-20 12:09:12,121.493100,31.272000, 42, 45,0
54306,2007-02-20 12:09:28,121.494800,31.271600, 40, 45,0
54306,2007-02-20 12:09:47,121.496100,31.271300, 20, 45,0
54306,2007-02-20 12:10:05,121.497100,31.271000, 30, 45,0
54306,2007-02-20 12:10:21,121.498300,31.270800, 16, 45,0
54306,2007-02-20 12:10:47,121.499500,31.270500, 28, 45,0
54306,2007-02-20 12:11:04,121.500800,31.270500,  2, 45,0
54306,2007-02-20 12:11:27,121.501800,31.270100, 40, 90,0
54306,2007-02-20 12:11:43,121.501600,31.268100, 58, 90,0
54306,2007-02-20 12:12:22,121.503500,31.267000, 36, 22,0
54306,2007-02-20 12:12:37,121.505100,31.267600, 50, 22,0
54306,2007-02-20 12:12:54,121.507600,31.268600, 30, 22,0
54306,2007-02-20 12:13:06,121.507800,31.268600, 18, 22,1
54306,2007-02-20 12:15:07,121.513000,31.272300, 26, 22,1
54306,2007-02-20 12:16:08,121.510800,31.276000, 28,  0,1
54306,2007-02-20 12:17:09,121.515300,31.277100, 38, 45,1
54306,2007-02-20 12:18:10,121.521300,31.279300,  0, 22,1
54306,2007-02-20 12:19:11,121.521300,31.279300,  0, 22,1
54306,2007-02-20 12:20:12,121.525300,31.281500, 52, 22,1
54306,2007-02-20 12:21:13,121.533800,31.285600, 56, 22,1
54306,2007-02-20 12:22:14,121.538500,31.288300,  0, 22,1
54306,2007-02-20 12:22:41,121.541300,31.289800, 48, 22,0
54306,2007-02-20 12:22:57,121.541500,31.290000,  0, 22,0
54306,2007-02-20 12:23:21,121.540500,31.289500, 48,112,0
54306,2007-02-20 12:23:37,121.539300,31.289000,  0,112,0
54306,2007-02-20 12:24:29,121.539300,31.288000, 28, 90,0
54306,2007-02-20 12:24:45,121.539800,31.286800, 32, 90,0
54306,2007-02-20 12:25:01,121.540300,31.285600, 28, 67,0
54306,2007-02-20 12:25:17,121.541000,31.284000, 48, 90,0
54306,2007-02-20 12:26:17,121.541300,31.283100,  0, 90,0
54306,2007-02-20 12:26:47,121.541800,31.282300, 42, 67,0
54306,2007-02-20 12:27:02,121.542800,31.281300, 36, 67,0
54306,2007-02-20 12:27:19,121.544000,31.280300, 34, 67,0
54306,2007-02-20 12:27:35,121.545600,31.279000, 40, 67,0
54306,2007-02-20 12:27:51,121.546800,31.278000, 34, 67,0
54306,2007-02-20 12:28:07,121.547600,31.277800, 30, 22,0
54306,2007-02-20 12:28:24,121.548600,31.278600, 22, 22,0
54306,2007-02-20 12:29:16,121.551000,31.279600,  8,  0,0
54306,2007-02-20 12:30:17,121.551000,31.279800,  0,  0,0
54306,2007-02-20 12:32:19,121.551000,31.279800,  0,  0,0
54306,2007-02-20 12:33:20,121.551000,31.279800,  0,  0,0
54306,2007-02-20 12:34:21,121.551000,31.279800,  0,  0,0
54306,2007-02-20 12:35:22,121.551000,31.279800,  0,  0,0
54306,2007-02-20 12:36:22,121.551000,31.280000,  0,157,0
54306,2007-02-20 12:37:24,121.550800,31.279800,  0,157,0
54306,2007-02-20 12:38:25,121.550800,31.279800,  0,157,0
54306,2007-02-20 12:39:26,121.550800,31.279800,  0,157,0
54306,2007-02-20 12:40:27,121.550800,31.279800,  0,157,0
54306,2007-02-20 12:41:28,121.551000,31.279800,  0,157,0
54306,2007-02-20 12:42:29,121.551000,31.279800,  0,157,0
54306,2007-02-20 12:43:30,121.551000,31.279800,  0,157,0
54306,2007-02-20 12:44:31,121.551000,31.279800,  0,157,0
54306,2007-02-20 12:46:33,121.550800,31.279600,  0,157,0
54306,2007-02-20 12:47:34,121.550800,31.279600,  0,157,0
54306,2007-02-20 12:48:35,121.550800,31.279600,  0,157,0
54306,2007-02-20 12:49:36,121.550800,31.279600,  0,157,0
54306,2007-02-20 12:50:37,121.550800,31.279800,  0,157,0
54306,2007-02-20 12:51:38,121.550800,31.279800,  0,157,0
54306,2007-02-20 12:52:39,121.550800,31.279800,  0,157,0
54306,2007-02-20 12:53:40,121.550800,31.279800,  0,157,0
54306,2007-02-20 12:54:41,121.550800,31.279800,  0,157,0
54306,2007-02-20 12:55:42,121.550800,31.279800,  0,157,0
54306,2007-02-20 12:56:43,121.550800,31.279800,  0,157,0
54306,2007-02-20 12:57:44,121.551000,31.280000,  0,157,0
54306,2007-02-20 12:58:45,121.551000,31.280000,  0,157,0
54306,2007-02-20 12:59:46,121.551000,31.280000,  0,157,0
54306,2007-02-20 13:00:47,121.551000,31.280000,  0,157,0
54306,2007-02-20 13:01:47,121.551000,31.280000,  0,157,0
54306,2007-02-20 13:02:49,121.551000,31.280000,  0,157,0
54306,2007-02-20 13:03:50,121.551000,31.280000,  0,157,0
54306,2007-02-20 13:04:51,121.551000,31.280000,  0,157,0
54306,2007-02-20 13:06:53,121.551000,31.280000,  0,157,0
54306,2007-02-20 13:07:54,121.551000,31.279800,  0,157,0
54306,2007-02-20 13:08:55,121.551000,31.279800,  0,157,0
54306,2007-02-20 13:10:57,121.551000,31.280100,  0,157,0
54306,2007-02-20 13:11:57,121.551000,31.280100,  0,157,0
54306,2007-02-20 13:12:59,121.551000,31.280100,  0,157,0
54306,2007-02-20 13:14:00,121.551000,31.279800,  0,157,0
54306,2007-02-20 13:15:01,121.551000,31.279800,  0,157,0
54306,2007-02-20 13:16:02,121.551000,31.279800,  0,157,0
54306,2007-02-20 13:17:02,121.551000,31.279800,  0,157,0
54306,2007-02-20 13:19:05,121.550800,31.279600,  0, 22,0
54306,2007-02-20 13:20:06,121.550800,31.279600,  0, 22,0
54306,2007-02-20 13:21:07,121.551000,31.279500,  0, 90,0
54306,2007-02-20 13:22:07,121.551000,31.279500,  0, 90,0
54306,2007-02-20 13:22:45,121.549800,31.279300, 40,135,0
54306,2007-02-20 13:23:01,121.548600,31.278800, 46,112,0
54306,2007-02-20 13:23:17,121.547100,31.277800, 34,157,0
54306,2007-02-20 13:23:32,121.545600,31.279100, 58,157,0
54306,2007-02-20 13:23:49,121.544500,31.280000,  0,157,0
54306,2007-02-20 13:24:07,121.543600,31.279800, 50,112,0
54306,2007-02-20 13:24:24,121.541300,31.278000, 78,112,0
54306,2007-02-20 13:24:40,121.539500,31.276600, 14,112,0
54306,2007-02-20 13:24:56,121.538300,31.275800, 56,112,0
54306,2007-02-20 13:25:12,121.536500,31.274500, 46,112,0
54306,2007-02-20 13:25:27,121.534800,31.273800, 42,112,0
54306,2007-02-20 13:25:44,121.533500,31.273100, 38,135,0
54306,2007-02-20 13:26:07,121.532500,31.273000, 28,112,0
54306,2007-02-20 13:26:46,121.533100,31.271000, 16, 67,0
54306,2007-02-20 13:27:02,121.534000,31.270100, 20, 67,0
54306,2007-02-20 13:27:17,121.535100,31.270600, 48, 22,0
54306,2007-02-20 13:27:34,121.537000,31.272000, 56, 22,0
54306,2007-02-20 13:27:50,121.538000,31.272300, 26, 67,0
54306,2007-02-20 13:28:06,121.539100,31.271300, 28, 67,0
54306,2007-02-20 13:28:24,121.539100,31.270600, 36,112,0
54306,2007-02-20 13:28:40,121.537800,31.269800, 32,112,0
54306,2007-02-20 13:28:56,121.536600,31.269100, 28,112,0
54306,2007-02-20 13:29:26,121.536300,31.268300, 30, 67,0
54306,2007-02-20 13:30:05,121.538000,31.267000, 26, 67,0
54306,2007-02-20 13:30:21,121.539100,31.266100, 30, 67,0
54306,2007-02-20 13:30:37,121.540100,31.265300, 46, 67,0
54306,2007-02-20 13:30:52,121.540600,31.264500, 30,112,0
54306,2007-02-20 13:31:09,121.539500,31.263500, 42,112,0
54306,2007-02-20 13:31:25,121.538100,31.262100, 42,112,0
54306,2007-02-20 13:31:57,121.536000,31.260100, 32,112,0
54306,2007-02-20 13:32:12,121.535000,31.259100, 42,112,0
54306,2007-02-20 13:32:29,121.533500,31.258100, 48,112,0
54306,2007-02-20 13:32:45,121.532300,31.257100, 40,112,0
54306,2007-02-20 13:33:01,121.530800,31.256100, 52,112,0
54306,2007-02-20 13:33:17,121.529000,31.255300, 48,135,0
54306,2007-02-20 13:33:32,121.527300,31.255100, 22,157,0
54306,2007-02-20 13:33:49,121.526500,31.256300, 24,157,0
54306,2007-02-20 13:34:05,121.525600,31.257300, 32,157,0
54306,2007-02-20 13:34:35,121.524600,31.258100, 18,157,1
54306,2007-02-20 13:35:36,121.526100,31.261800, 30, 22,1
54306,2007-02-20 13:37:37,121.532300,31.265100,  0, 22,1
54306,2007-02-20 13:38:39,121.530500,31.269000, 56,157,1
54306,2007-02-20 13:39:40,121.526500,31.275000, 62,157,1
54306,2007-02-20 13:40:41,121.524800,31.276500,  0,  0,1
54306,2007-02-20 13:41:42,121.522100,31.278300, 44,157,1
54306,2007-02-20 13:42:04,121.522000,31.279600,  0,  0,0
54306,2007-02-20 13:43:05,121.522100,31.279600, 20, 22,0
54306,2007-02-20 13:43:21,121.523300,31.280300, 42, 22,0
54306,2007-02-20 13:43:37,121.524600,31.281000, 32, 22,0
54306,2007-02-20 13:43:56,121.525500,31.281600, 34, 22,0
54306,2007-02-20 13:44:12,121.527000,31.282300, 26, 22,0
54306,2007-02-20 13:44:27,121.528000,31.282600,  6, 22,0
54306,2007-02-20 13:45:29,121.527800,31.283300, 32,157,0
54306,2007-02-20 13:45:47,121.527100,31.284100, 34,157,0
54306,2007-02-20 13:46:04,121.526500,31.285500, 28,157,0
54306,2007-02-20 13:46:25,121.526600,31.286000, 18, 45,1
54306,2007-02-20 13:47:26,121.531100,31.287100,  0, 45,1
54306,2007-02-20 13:48:27,121.536000,31.289800, 46, 22,1
54306,2007-02-20 13:49:27,121.540500,31.293500, 26, 22,1
54306,2007-02-20 13:50:25,121.539000,31.297300,  0,157,0
54306,2007-02-20 13:50:41,121.539000,31.297300,  0,157,0
54306,2007-02-20 13:51:15,121.540300,31.294800, 42, 67,0
54306,2007-02-20 13:51:31,121.540600,31.293600, 20, 67,0
54306,2007-02-20 13:51:47,121.542100,31.293000, 42, 67,0
54306,2007-02-20 13:52:02,121.543600,31.292500, 30, 67,0
54306,2007-02-20 13:52:30,121.544000,31.292000, 20, 67,1
54306,2007-02-20 13:53:31,121.538600,31.288600, 50,112,1
54306,2007-02-20 13:56:33,121.525500,31.281800, 38,112,1
54306,2007-02-20 13:57:34,121.520100,31.279000, 44,112,1
54306,2007-02-20 13:58:35,121.514100,31.277300,  0,135,1
54306,2007-02-20 13:59:36,121.514100,31.277300,  0,135,1
54306,2007-02-20 14:00:37,121.510800,31.276500,  0,112,1
54306,2007-02-20 14:01:38,121.507300,31.275600, 28,112,1
54306,2007-02-20 14:02:39,121.502000,31.276300, 44,157,1
54306,2007-02-20 14:04:41,121.497100,31.276600, 24,157,1
54306,2007-02-20 14:05:42,121.495300,31.278000, 14,135,1
54306,2007-02-20 14:06:07,121.493600,31.278500,  0,135,0
54306,2007-02-20 14:06:23,121.493600,31.278500,  0,135,0
54306,2007-02-20 14:06:55,121.492500,31.278300, 40,135,0
54306,2007-02-20 14:07:11,121.490600,31.278300, 30,135,0
54306,2007-02-20 14:07:27,121.488800,31.278500, 32,135,0
54306,2007-02-20 14:07:48,121.488600,31.278500, 20,135,1
54306,2007-02-20 14:08:48,121.486600,31.278500, 28,135,1
54306,2007-02-20 14:09:49,121.481800,31.278300, 12,135,1
54306,2007-02-20 14:11:51,121.478000,31.277000,  0,112,1
54306,2007-02-20 14:12:52,121.477600,31.276600, 14, 90,1
54306,2007-02-20 14:13:18,121.477100,31.275800,  0,157,0
54306,2007-02-20 14:13:58,121.476800,31.276000, 18,135,0
54306,2007-02-20 14:14:14,121.476300,31.276600, 16,  0,0
54306,2007-02-20 14:14:34,121.477500,31.276600, 42, 45,0
54306,2007-02-20 14:14:50,121.478800,31.276800, 38, 45,0
54306,2007-02-20 14:15:06,121.480300,31.277500, 24, 22,0
54306,2007-02-20 14:15:30,121.481100,31.277500, 32, 67,0
54306,2007-02-20 14:15:47,121.481600,31.276600, 32, 90,0
54306,2007-02-20 14:16:03,121.482000,31.275100, 42, 90,0
54306,2007-02-20 14:16:55,121.482100,31.274100, 20, 90,0
54306,2007-02-20 14:17:27,121.483000,31.272100, 26, 90,0
54306,2007-02-20 14:17:43,121.483100,31.271000, 28, 90,0
54306,2007-02-20 14:18:23,121.483500,31.270100,  6,112,1
54306,2007-02-20 14:19:24,121.486000,31.265800, 26, 90,1
54306,2007-02-20 14:20:25,121.484800,31.263600,  0,157,1
54306,2007-02-20 14:21:26,121.484600,31.263800,  4,112,1
54306,2007-02-20 14:22:27,121.482500,31.256800, 74, 90,1
54306,2007-02-20 14:23:28,121.483600,31.254100,  0, 67,1
54306,2007-02-20 14:24:29,121.485000,31.250500, 56, 90,1
54306,2007-02-20 14:25:30,121.485300,31.241100, 70, 90,1
54306,2007-02-20 14:26:31,121.483800,31.237100, 42,135,1
54306,2007-02-20 14:27:32,121.478500,31.236000, 40,135,1
54306,2007-02-20 14:28:33,121.477300,31.235500,  0,135,1
54306,2007-02-20 14:29:34,121.473500,31.234100, 12,135,1
54306,2007-02-20 14:30:35,121.473100,31.234100,  6,112,1
54306,2007-02-20 14:31:36,121.467800,31.230800, 56,112,1
54306,2007-02-20 14:32:37,121.463100,31.229500,  0,135,1
54306,2007-02-20 14:33:38,121.463100,31.229500,  0,135,1
54306,2007-02-20 14:34:39,121.462600,31.229500, 32,135,1
54306,2007-02-20 14:35:24,121.460100,31.229300,  0,135,0
54306,2007-02-20 14:35:39,121.460100,31.229300,  0,135,0
54306,2007-02-20 14:36:08,121.459000,31.229100, 34,135,0
54306,2007-02-20 14:36:33,121.457800,31.230000, 22,157,0
54306,2007-02-20 14:38:35,121.457300,31.231300,  0,157,0
54306,2007-02-20 14:39:33,121.457000,31.232600, 28, 22,0
54306,2007-02-20 14:39:58,121.457100,31.233500, 24,157,0
54306,2007-02-20 14:40:59,121.457100,31.234300,  0, 22,0
54306,2007-02-20 14:41:38,121.456600,31.235300, 38,157,0
54306,2007-02-20 14:42:59,121.452500,31.239000, 32,112,0
54306,2007-02-20 14:43:31,121.449800,31.238500, 50,112,0
54306,2007-02-20 14:43:47,121.448600,31.238000, 16,157,0
54306,2007-02-20 14:44:19,121.446800,31.239600,  0,  0,0
54306,2007-02-20 14:44:41,121.446000,31.240300, 34,157,0
54306,2007-02-20 14:45:08,121.445100,31.241000, 16,157,0
54306,2007-02-20 14:45:24,121.444100,31.242100, 46,157,0
54306,2007-02-20 14:45:40,121.442800,31.243300, 34,157,0
54306,2007-02-20 14:46:17,121.442100,31.243800, 16,112,0
54306,2007-02-20 14:46:37,121.441000,31.243500, 38,157,0
54306,2007-02-20 14:46:53,121.439800,31.244800, 14,  0,0
54306,2007-02-20 14:47:20,121.438800,31.244300, 44,112,0
54306,2007-02-20 14:47:46,121.438300,31.243600, 30, 67,1
54306,2007-02-20 14:48:46,121.441600,31.240500,  0, 67,1
54306,2007-02-20 14:49:47,121.442800,31.239100, 50, 67,1
54306,2007-02-20 14:50:48,121.445100,31.238800, 12, 67,1
54306,2007-02-20 14:51:49,121.446600,31.237500,  0, 67,1
54306,2007-02-20 14:52:50,121.449600,31.237100, 12,  0,1
54306,2007-02-20 14:53:51,121.454000,31.236800, 24, 45,1
54306,2007-02-20 14:54:46,121.454800,31.238100,  8, 67,0
54306,2007-02-20 14:55:02,121.455000,31.238100,  4, 45,0
54306,2007-02-20 14:55:22,121.455100,31.237000, 34,112,0
54306,2007-02-20 14:55:54,121.452600,31.236000, 30,  0,0
54306,2007-02-20 14:56:10,121.452300,31.237500, 32,  0,0
54306,2007-02-20 14:56:45,121.451600,31.238100, 30,157,0
54306,2007-02-20 14:57:01,121.450800,31.239300, 36,157,0
54306,2007-02-20 14:57:17,121.450300,31.240600, 50,157,0
54306,2007-02-20 14:57:33,121.449000,31.240800, 46,112,0
54306,2007-02-20 14:57:49,121.447500,31.240000, 24,135,0
54306,2007-02-20 14:58:24,121.445500,31.240600, 20,157,0
54306,2007-02-20 14:58:40,121.444600,31.241600, 30,157,0
54306,2007-02-20 14:58:56,121.443800,31.242500,  0,  0,0
54306,2007-02-20 14:59:13,121.443800,31.242500, 18,135,1
54306,2007-02-20 15:01:14,121.440000,31.248100,  6,  0,1
54306,2007-02-20 15:02:15,121.439300,31.251800, 44,  0,1
54306,2007-02-20 15:03:16,121.437300,31.255600,  0,  0,1
54306,2007-02-20 15:03:42,121.436800,31.256300,  0, 45,0
54306,2007-02-20 15:03:58,121.436800,31.256300,  0, 45,0
54306,2007-02-20 15:04:27,121.438000,31.256300, 40, 45,0
54306,2007-02-20 15:04:43,121.439800,31.256100, 48, 45,0
54306,2007-02-20 15:04:59,121.441800,31.255300, 56, 67,0
54306,2007-02-20 15:05:15,121.444100,31.254300, 54, 67,0
54306,2007-02-20 15:05:31,121.445800,31.253500, 48, 67,0
54306,2007-02-20 15:05:47,121.446500,31.252800, 10, 90,0
54306,2007-02-20 15:07:21,121.446800,31.250800,  8, 67,1
54306,2007-02-20 15:08:22,121.448500,31.248100,  0, 67,1
54306,2007-02-20 15:09:23,121.450600,31.247600, 24, 45,1
54306,2007-02-20 15:10:24,121.455100,31.247600, 32, 45,1
54306,2007-02-20 15:12:26,121.459000,31.257300, 58,  0,1
54306,2007-02-20 15:13:27,121.462300,31.264600, 68, 22,1
54306,2007-02-20 15:14:28,121.471100,31.271600, 76, 22,1
54306,2007-02-20 15:15:29,121.473600,31.276500,  0,  0,1
54306,2007-02-20 15:16:30,121.474500,31.279000, 32, 22,1
54306,2007-02-20 15:17:31,121.476800,31.279800,  0, 22,1
54306,2007-02-20 15:18:32,121.477600,31.280500, 50, 22,1
54306,2007-02-20 15:19:06,121.478500,31.284300, 26,  0,0
54306,2007-02-20 15:19:22,121.478500,31.284300,  0,  0,0
54306,2007-02-20 15:20:23,121.478500,31.284500, 14,  0,0
54306,2007-02-20 15:20:39,121.478800,31.286000, 44,  0,0
54306,2007-02-20 15:20:55,121.479500,31.287600, 44,  0,0
54306,2007-02-20 15:21:11,121.479500,31.287800, 32, 45,0
54306,2007-02-20 15:21:27,121.482000,31.287500, 60, 45,0
54306,2007-02-20 15:21:43,121.484500,31.287500, 52, 45,0
54306,2007-02-20 15:21:59,121.488000,31.286000, 58, 67,0
54306,2007-02-20 15:23:00,121.486600,31.286500,  0, 67,0
54306,2007-02-20 15:24:01,121.486500,31.286800,  0, 90,0
54306,2007-02-20 15:24:06,121.486500,31.286800, 14, 90,1
54306,2007-02-20 15:25:06,121.486000,31.282300, 44, 90,1
54306,2007-02-20 15:26:07,121.485800,31.277800, 20, 90,1
54306,2007-02-20 15:27:08,121.487500,31.273600, 30, 67,1
54306,2007-02-20 15:28:09,121.485600,31.272800, 14,135,1
54306,2007-02-20 15:29:10,121.483000,31.273300,  4,135,1
54306,2007-02-20 15:30:11,121.483000,31.273300,  0,135,1
54306,2007-02-20 15:31:12,121.480600,31.272300, 28, 90,1
54306,2007-02-20 15:32:13,121.480100,31.268000, 40, 90,1
54306,2007-02-20 15:33:09,121.480100,31.266500,  0, 90,0
54306,2007-02-20 15:34:54,121.480000,31.265500,  0,135,0
54306,2007-02-20 15:35:39,121.479300,31.265000, 18, 90,0
54306,2007-02-20 15:36:35,121.479300,31.264000, 12, 90,0
54306,2007-02-20 15:36:53,121.479100,31.262800, 28, 90,0
54306,2007-02-20 15:37:26,121.478000,31.261500, 36,135,0
54306,2007-02-20 15:37:42,121.476500,31.262100, 26,157,0
54306,2007-02-20 15:37:58,121.475300,31.263000, 16,157,0
54306,2007-02-20 15:38:43,121.474500,31.262500, 44,112,0
54306,2007-02-20 15:38:59,121.473500,31.261000, 44, 90,0
54306,2007-02-20 15:39:15,121.473000,31.259800,  0, 90,0
54306,2007-02-20 15:39:56,121.472600,31.258800, 34, 90,0
54306,2007-02-20 15:40:12,121.472500,31.257600, 20, 90,0
54306,2007-02-20 15:40:32,121.471500,31.257000,  8,112,0
54306,2007-02-20 15:40:59,121.470500,31.256300, 36,112,0
54306,2007-02-20 15:41:31,121.467800,31.255000, 36,112,0
54306,2007-02-20 15:41:47,121.466600,31.254300, 42,112,0
54306,2007-02-20 15:42:03,121.465300,31.253500, 22,112,0
54306,2007-02-20 15:42:19,121.464500,31.252800, 28, 90,0
54306,2007-02-20 15:43:20,121.464800,31.252100,  0, 90,0
54306,2007-02-20 15:43:36,121.466000,31.252300, 44, 45,0
54306,2007-02-20 15:43:52,121.467600,31.253300, 46, 22,0
54306,2007-02-20 15:44:22,121.468800,31.253600, 42, 45,0
54306,2007-02-20 15:44:38,121.470600,31.254000, 32, 45,0
54306,2007-02-20 15:44:54,121.471800,31.254000, 24, 45,0
54306,2007-02-20 15:45:15,121.472800,31.253800, 36, 67,0
54306,2007-02-20 15:45:31,121.473600,31.252800, 10, 67,0
54306,2007-02-20 15:45:50,121.474100,31.252100, 24,112,0
54306,2007-02-20 15:46:06,121.472600,31.251600, 42,135,0
54306,2007-02-20 15:46:23,121.471500,31.251300, 34,135,0
54306,2007-02-20 15:47:03,121.469500,31.250100, 30, 67,0
54306,2007-02-20 15:47:19,121.470000,31.249000, 28, 67,0
54306,2007-02-20 15:47:35,121.470500,31.248000, 30, 90,0
54306,2007-02-20 15:47:56,121.470500,31.247600, 22,112,1
54306,2007-02-20 15:48:56,121.466000,31.246600, 38,135,1
54306,2007-02-20 15:49:57,121.458300,31.247000,  6,135,1
54306,2007-02-20 15:50:58,121.456300,31.247500, 38,135,1
54306,2007-02-20 15:51:59,121.451600,31.248000,  0,135,1
54306,2007-02-20 15:53:00,121.451600,31.248000,  0,135,1
54306,2007-02-20 15:54:01,121.447600,31.247500, 60,135,1
54306,2007-02-20 15:55:02,121.440500,31.246300,  0,135,1
54306,2007-02-20 15:56:03,121.440300,31.246100,  0,112,1
54306,2007-02-20 15:57:04,121.442600,31.243800, 22, 45,1
54306,2007-02-20 15:58:05,121.446600,31.243600,  8,112,1
54306,2007-02-20 15:58:29,121.447000,31.243000,  0, 67,0
54306,2007-02-20 15:59:19,121.446600,31.243300, 10,157,0
54306,2007-02-20 15:59:44,121.446100,31.244100, 42,157,0
54306,2007-02-20 16:00:00,121.444600,31.244500, 36,112,0
54306,2007-02-20 16:00:16,121.443500,31.244000, 32,135,0
54306,2007-02-20 16:00:42,121.442600,31.243500, 30, 67,0
54306,2007-02-20 16:00:58,121.443800,31.242300, 28, 67,0
54306,2007-02-20 16:02:23,121.443600,31.241100,  0,112,0
54306,2007-02-20 16:02:48,121.443800,31.240300, 38, 67,0
54306,2007-02-20 16:03:04,121.444600,31.239500,  0, 67,0
54306,2007-02-20 16:03:47,121.444800,31.239300, 22, 67,1
54306,2007-02-20 16:05:47,121.447000,31.234500,  0, 67,1
54306,2007-02-20 16:06:48,121.448000,31.232600, 42, 90,1
54306,2007-02-20 16:07:49,121.449100,31.230600, 36, 67,1
54306,2007-02-20 16:08:50,121.451600,31.226800,  0, 90,1
54306,2007-02-20 16:09:51,121.452100,31.223500, 14, 90,1
54306,2007-02-20 16:10:52,121.452800,31.222100, 22, 90,1
54306,2007-02-20 16:11:53,121.455100,31.216600, 58, 67,1
54306,2007-02-20 16:12:54,121.456800,31.212300,  0, 90,1
54306,2007-02-20 16:16:05,121.456100,31.205100,  0, 90,1
54306,2007-02-20 16:17:06,121.456500,31.203500, 52, 90,1
54306,2007-02-20 16:18:07,121.456600,31.201300,  0,  0,1
54306,2007-02-20 16:19:26,121.455600,31.200300,  0,112,0
54306,2007-02-20 16:20:50,121.457000,31.200300, 14, 45,0
54306,2007-02-20 16:21:51,121.457100,31.200100,  0, 90,0
54306,2007-02-20 16:22:07,121.458100,31.200100, 40, 45,0
54306,2007-02-20 16:22:23,121.459800,31.200800, 44, 22,0
54306,2007-02-20 16:22:39,121.460800,31.201500, 50, 22,0
54306,2007-02-20 16:22:55,121.462600,31.202800, 46, 22,0
54306,2007-02-20 16:23:11,121.464600,31.203300, 48, 45,0
54306,2007-02-20 16:23:27,121.465800,31.203600, 14, 45,0
54306,2007-02-20 16:24:28,121.466800,31.204000, 40, 45,0
54306,2007-02-20 16:24:44,121.469000,31.204500, 52, 45,0
54306,2007-02-20 16:25:45,121.470000,31.204600,  0, 45,0
54306,2007-02-20 16:27:18,121.474500,31.206500, 40, 22,0
54306,2007-02-20 16:27:34,121.476100,31.207300, 36, 22,0
54306,2007-02-20 16:27:50,121.478000,31.208000, 44, 45,0
54306,2007-02-20 16:28:06,121.479800,31.208600, 16, 45,0
54306,2007-02-20 16:29:07,121.479800,31.208600,  0,135,0
54306,2007-02-20 16:29:18,121.479600,31.208600, 20,112,1
54306,2007-02-20 16:30:18,121.476600,31.207600,  0,112,1
54306,2007-02-20 16:31:19,121.471800,31.205300,  2,112,1
54306,2007-02-20 16:33:21,121.470800,31.205000,  0,135,1
54306,2007-02-20 16:34:22,121.471500,31.201100,  4,112,1
54306,2007-02-20 16:35:23,121.472500,31.199600, 44, 67,1
54306,2007-02-20 16:36:24,121.470100,31.198100,  8,135,1
54306,2007-02-20 16:37:25,121.462000,31.195000, 56,112,1
54306,2007-02-20 16:38:26,121.452000,31.188800, 82,135,1
54306,2007-02-20 16:39:27,121.440000,31.182500, 90,112,1
54306,2007-02-20 16:40:28,121.431500,31.181100, 44,157,1
54306,2007-02-20 16:41:29,121.430800,31.178300, 72, 90,1
54306,2007-02-20 16:42:30,121.429300,31.167000, 72, 90,1
54306,2007-02-20 16:43:31,121.422100,31.157300, 88,112,1
54306,2007-02-20 16:44:32,121.423300,31.155100, 20,  0,1
54306,2007-02-20 16:44:36,121.423300,31.155300, 16,  0,0
54306,2007-02-20 16:45:45,121.425300,31.156000, 32, 22,0
54306,2007-02-20 16:46:01,121.425800,31.157100, 42,157,0
54306,2007-02-20 16:46:49,121.422800,31.156600, 50,112,0
54306,2007-02-20 16:47:05,121.422000,31.155500, 22,112,0
54306,2007-02-20 16:47:21,121.420800,31.155000, 32,112,0
54306,2007-02-20 16:47:37,121.420500,31.153600, 54, 67,0
54306,2007-02-20 16:47:53,121.422500,31.154000, 68, 22,0
54306,2007-02-20 16:48:09,121.423600,31.155600, 38,  0,0
54306,2007-02-20 16:48:41,121.426300,31.155500, 54, 67,0
54306,2007-02-20 16:48:57,121.425100,31.154000, 30,112,0
54306,2007-02-20 16:49:13,121.425600,31.152600, 54, 67,0
54306,2007-02-20 16:51:11,121.427600,31.152100, 46, 22,0
54306,2007-02-20 16:51:27,121.429100,31.153600, 58, 22,0
54306,2007-02-20 16:51:43,121.430000,31.154600,  0, 22,0
54306,2007-02-20 16:53:12,121.431000,31.154300, 30, 67,0
54306,2007-02-20 16:53:31,121.431000,31.154000, 20, 67,1
54306,2007-02-20 16:54:31,121.432500,31.151600,  0, 90,1
54306,2007-02-20 16:55:32,121.433300,31.145800, 62, 90,1
54306,2007-02-20 16:56:33,121.435500,31.140600, 38, 90,1
54306,2007-02-20 16:57:34,121.435000,31.137300, 14,112,1
54306,2007-02-20 16:58:35,121.437000,31.134500,  0, 67,1
54306,2007-02-20 16:59:36,121.438100,31.134600,  0, 45,1
54306,2007-02-20 17:00:37,121.441500,31.135500, 18, 45,1
54306,2007-02-20 17:02:39,121.437800,31.134600, 24,135,1
54306,2007-02-20 17:03:18,121.435300,31.134100,  0,135,0
54306,2007-02-20 17:03:33,121.435300,31.134000,  8,135,0
54306,2007-02-20 17:03:51,121.436300,31.134100, 44, 45,0
54306,2007-02-20 17:04:07,121.437000,31.134600, 26,157,0
54306,2007-02-20 17:04:23,121.436000,31.136000, 42,157,0
54306,2007-02-20 17:04:39,121.435300,31.137000,  6,  0,0
54306,2007-02-20 17:05:24,121.435000,31.138000, 44,  0,0
54306,2007-02-20 17:05:40,121.434100,31.139500, 40,157,0
54306,2007-02-20 17:05:56,121.434800,31.140100, 46, 45,0
54306,2007-02-20 17:06:27,121.435600,31.140600, 22,157,0
54306,2007-02-20 17:06:43,121.435000,31.142000, 44,157,0
54306,2007-02-20 17:06:59,121.434100,31.143500, 32,157,0
54306,2007-02-20 17:08:00,121.433800,31.144300, 30,  0,0
54306,2007-02-20 17:08:16,121.433300,31.145800, 40,  0,0
54306,2007-02-20 17:08:48,121.433500,31.148500, 34,  0,0
54306,2007-02-20 17:09:04,121.433100,31.150100, 48,  0,0
54306,2007-02-20 17:09:49,121.433500,31.152000, 48, 22,0
54306,2007-02-20 17:10:05,121.435600,31.152500, 32, 22,0
54306,2007-02-20 17:10:21,121.435500,31.154100, 52,  0,0
54306,2007-02-20 17:10:37,121.434800,31.156000, 48,  0,0
54306,2007-02-20 17:10:53,121.434500,31.157100,  0,  0,0
54306,2007-02-20 17:11:10,121.435300,31.157600, 28, 22,0
54306,2007-02-20 17:11:26,121.437500,31.158500, 58, 45,0
54306,2007-02-20 17:11:50,121.438600,31.158800, 18, 45,0
54306,2007-02-20 17:11:51,121.438600,31.158800, 20, 45,1
54306,2007-02-20 17:12:51,121.443100,31.160000, 28, 45,1
54306,2007-02-20 17:13:52,121.444300,31.160300, 20, 22,1
54306,2007-02-20 17:14:53,121.440800,31.168500, 64,  0,1
54306,2007-02-20 17:15:54,121.440100,31.175500, 40,  0,1
54306,2007-02-20 17:16:55,121.440100,31.175800,  0,  0,1
54306,2007-02-20 17:17:56,121.437500,31.179300, 56,157,1
54306,2007-02-20 17:18:57,121.432800,31.181300, 22,157,1
54306,2007-02-20 17:19:58,121.431600,31.182000, 30,157,1
54306,2007-02-20 17:20:59,121.426800,31.185000, 46,157,1
54306,2007-02-20 17:22:00,121.428100,31.188800,  0,  0,1
54306,2007-02-20 17:22:33,121.426500,31.189500,  0,157,0
54306,2007-02-20 17:22:49,121.426500,31.189500,  0,157,0
54306,2007-02-20 17:23:17,121.425600,31.189800, 44,157,0
54306,2007-02-20 17:23:33,121.425100,31.190800, 40, 22,0
54306,2007-02-20 17:23:53,121.426000,31.191600, 28, 45,0
54306,2007-02-20 17:24:09,121.427800,31.191300,  8, 67,0
54306,2007-02-20 17:24:48,121.428000,31.191100, 14, 45,1
54306,2007-02-20 17:25:49,121.432100,31.190600, 28, 67,1
54306,2007-02-20 17:28:05,121.430500,31.176500, 86, 90,1
54306,2007-02-20 17:29:06,121.429000,31.164800, 94, 90,1
54306,2007-02-20 17:30:07,121.424800,31.159600,  4,112,1
54306,2007-02-20 17:31:08,121.428600,31.155600, 38, 67,1
54306,2007-02-20 17:32:09,121.429600,31.155100,  0, 45,1
54306,2007-02-20 17:33:10,121.430000,31.155100,  0, 45,1
54306,2007-02-20 17:34:11,121.434600,31.157500, 42, 22,1
54306,2007-02-20 17:35:12,121.442600,31.159800, 66, 45,1
54306,2007-02-20 17:36:13,121.445800,31.158800, 24, 45,1
54306,2007-02-20 17:36:17,121.446000,31.158800,  0, 45,0
54306,2007-02-20 17:36:59,121.447000,31.158600, 30, 90,0
54306,2007-02-20 17:37:15,121.447100,31.156600, 52, 90,0
54306,2007-02-20 17:37:31,121.447300,31.155600,  0, 90,0
54306,2007-02-20 17:38:17,121.448300,31.155300, 46, 45,0
54306,2007-02-20 17:38:33,121.450100,31.155100, 34, 45,0
54306,2007-02-20 17:38:49,121.450600,31.156300, 46,  0,0
54306,2007-02-20 17:39:05,121.450300,31.158100, 46,  0,0
54306,2007-02-20 17:39:21,121.449500,31.159000, 38,135,0
54306,2007-02-20 17:39:37,121.447800,31.158800, 26,135,0
54306,2007-02-20 17:40:09,121.446600,31.158800, 34,135,0
54306,2007-02-20 17:40:41,121.444800,31.160000, 36,157,0
54306,2007-02-20 17:41:42,121.444600,31.160300,  0,157,0
54306,2007-02-20 17:42:01,121.444300,31.161100, 54,157,0
54306,2007-02-20 17:42:17,121.443100,31.163300, 64,157,0
54306,2007-02-20 17:42:33,121.441600,31.166100, 84,157,0
54306,2007-02-20 17:42:49,121.440600,31.169000, 62,  0,0
54306,2007-02-20 17:43:05,121.440300,31.171500, 64,  0,0
54306,2007-02-20 17:43:21,121.440100,31.173800, 64,  0,0
54306,2007-02-20 17:43:37,121.440100,31.175800, 42,  0,0
54306,2007-02-20 17:43:53,121.441300,31.175500, 30, 45,0
54306,2007-02-20 17:44:14,121.442500,31.175300, 36, 45,0
54306,2007-02-20 17:44:53,121.443600,31.175100, 10, 45,0
54306,2007-02-20 17:45:14,121.443500,31.175800, 28,157,0
54306,2007-02-20 17:45:46,121.441500,31.178300, 38,157,0
54306,2007-02-20 17:46:02,121.440600,31.179600, 40,157,0
54306,2007-02-20 17:46:41,121.440300,31.180600, 12,135,0
54306,2007-02-20 17:47:42,121.440000,31.180500,  0, 45,0
54306,2007-02-20 17:48:09,121.440100,31.180600, 24,  0,1
54306,2007-02-20 17:50:11,121.438600,31.181800, 50,112,1
54306,2007-02-20 17:51:12,121.429600,31.181800, 82,157,1
54306,2007-02-20 17:52:13,121.419100,31.187500, 66,157,1
54306,2007-02-20 17:53:14,121.412600,31.189800, 70,135,1
54306,2007-02-20 17:54:15,121.409300,31.188800, 10,112,1
54306,2007-02-20 17:55:55,121.397500,31.185800, 42,112,1
54306,2007-02-20 17:56:56,121.393100,31.183800, 44,112,1
54306,2007-02-20 17:57:57,121.391000,31.183000,  0,112,1
54306,2007-02-20 17:58:58,121.390600,31.182800, 34,112,1
54306,2007-02-20 17:59:59,121.388800,31.182000,  0,112,1
54306,2007-02-20 18:01:00,121.382800,31.179100, 30,135,1
54306,2007-02-20 18:02:01,121.381100,31.178800,  0,135,1
54306,2007-02-20 18:03:02,121.377000,31.177600, 30,135,1
54306,2007-02-20 18:04:03,121.371500,31.176300,  0,112,1
54306,2007-02-20 18:05:04,121.366000,31.174000, 70,112,1
54306,2007-02-20 18:06:05,121.359100,31.171500, 50,112,1
54306,2007-02-20 18:07:06,121.355100,31.169800, 62,112,1
54306,2007-02-20 18:08:05,121.351800,31.168000,  0, 67,0
54306,2007-02-20 18:08:21,121.351800,31.168000,  0, 67,0
54306,2007-02-20 18:09:22,121.351800,31.168100,  0,157,0
54306,2007-02-20 18:09:55,121.351000,31.168600, 36,157,0
54306,2007-02-20 18:10:11,121.350100,31.170000, 32,157,0
54306,2007-02-20 18:10:27,121.349600,31.170800,  6,135,0
54306,2007-02-20 18:10:43,121.349600,31.170600, 20, 67,1
54306,2007-02-20 18:11:43,121.353800,31.169100, 52, 22,1
54306,2007-02-20 18:12:44,121.359100,31.166800, 62, 67,1
54306,2007-02-20 18:13:45,121.363100,31.157000, 74, 90,1
54306,2007-02-20 18:14:46,121.369300,31.145100, 86, 67,1
54306,2007-02-20 18:15:47,121.376300,31.132800,102, 67,1
54306,2007-02-20 18:16:48,121.383800,31.121600, 84, 67,1
54306,2007-02-20 18:17:49,121.397300,31.120300, 90, 45,1
54306,2007-02-20 18:18:50,121.413100,31.121100,102, 45,1
54306,2007-02-20 18:19:51,121.429300,31.123300, 98, 45,1
54306,2007-02-20 18:20:52,121.445000,31.125500, 92, 45,1
54306,2007-02-20 18:22:54,121.471100,31.131600, 82, 45,1
54306,2007-02-20 18:23:55,121.486500,31.133300, 96, 45,1
54306,2007-02-20 18:24:56,121.502100,31.135600, 96, 45,1
54306,2007-02-20 18:25:57,121.517800,31.138100,100, 45,1
54306,2007-02-20 18:26:58,121.533800,31.140800, 98, 45,1
54306,2007-02-20 18:27:59,121.549300,31.144500,104, 45,1
54306,2007-02-20 18:29:00,121.566500,31.147000,114, 45,1
54306,2007-02-20 18:30:01,121.583000,31.148500, 86, 45,1
54306,2007-02-20 18:31:02,121.596500,31.150800, 90, 45,1
54306,2007-02-20 18:32:03,121.611600,31.154300, 96, 45,1
54306,2007-02-20 18:33:04,121.626300,31.156100, 88, 45,1
54306,2007-02-20 18:34:05,121.639100,31.157000, 88, 45,1
54306,2007-02-20 18:35:06,121.654300,31.158000, 92, 45,1
54306,2007-02-20 18:36:07,121.668800,31.161500, 92, 45,1
54306,2007-02-20 18:37:08,121.683800,31.166600, 90, 22,1
54306,2007-02-20 18:38:09,121.698500,31.171800, 90, 45,1
54306,2007-02-20 18:39:10,121.713800,31.177100,102, 45,1
54306,2007-02-20 18:40:11,121.730300,31.183100,106, 45,1
54306,2007-02-20 18:42:13,121.741300,31.178100, 42, 67,1
54306,2007-02-20 18:44:15,121.745300,31.169800, 44, 90,1
54306,2007-02-20 18:46:17,121.749500,31.159000, 38, 67,1
54306,2007-02-20 18:47:18,121.751600,31.156800, 26, 67,1
54306,2007-02-20 19:08:26,121.699800,31.190300,  0,135,0
54306,2007-02-20 19:09:04,121.698600,31.190000, 32,135,0
54306,2007-02-20 19:16:08,121.690800,31.202000, 42,135,0
54306,2007-02-20 19:16:56,121.684500,31.201500,  0,135,0
54306,2007-02-20 19:42:22,121.596800,31.267100,  8,112,0
54306,2007-02-20 19:42:23,121.596800,31.267100, 12,112,1
54306,2007-02-20 19:43:23,121.593600,31.265600, 38,112,1
54306,2007-02-20 19:44:24,121.588300,31.263300, 46,112,1
54306,2007-02-20 19:45:25,121.585100,31.262300,  0,135,1
54306,2007-02-20 19:46:26,121.581100,31.262600,  0,135,1
54306,2007-02-20 19:47:27,121.577500,31.259500, 22,112,1
54306,2007-02-20 19:48:28,121.576500,31.258800, 30,135,1
54306,2007-02-20 19:49:29,121.570500,31.258800, 48,112,1
54306,2007-02-20 19:50:30,121.565000,31.255500, 32,112,1
54306,2007-02-20 19:51:31,121.560300,31.252500, 38,112,1
54306,2007-02-20 19:52:32,121.557000,31.250500, 42,112,1
54306,2007-02-20 19:53:33,121.552600,31.247800, 28,112,1
54306,2007-02-20 19:54:34,121.554000,31.247100,  6, 67,1
54306,2007-02-20 19:54:56,121.554300,31.246800,  0, 22,0
54306,2007-02-20 19:55:57,121.554300,31.246800,  0, 22,0
54306,2007-02-20 19:56:58,121.553800,31.247100,  0,112,0
54306,2007-02-20 19:57:49,121.552600,31.247300, 12,157,0
54306,2007-02-20 19:58:24,121.551500,31.247000, 24,112,0
54306,2007-02-20 19:58:45,121.550500,31.247000, 32,157,0
54306,2007-02-20 19:59:01,121.549300,31.247600, 40,157,0
54306,2007-02-20 19:59:17,121.547800,31.248600, 44,157,0
54306,2007-02-20 19:59:33,121.546500,31.249300, 34,157,0
54306,2007-02-20 19:59:49,121.545500,31.250000, 22,157,0
54306,2007-02-20 20:00:24,121.544300,31.250300, 36,112,0
54306,2007-02-20 20:00:40,121.542600,31.249300, 42,112,0
54306,2007-02-20 20:00:56,121.540800,31.248300, 32,112,0
54306,2007-02-20 20:01:44,121.537600,31.247000, 50,112,0
54306,2007-02-20 20:02:16,121.535000,31.245800, 40,135,0
54306,2007-02-20 20:02:32,121.533100,31.245300, 58,135,0
54306,2007-02-20 20:02:48,121.530600,31.244600, 30,135,0
54306,2007-02-20 20:03:22,121.529600,31.244300, 48,135,0
54306,2007-02-20 20:03:38,121.527100,31.243500, 70,135,0
54306,2007-02-20 20:04:38,121.525300,31.242300, 44, 67,0
54306,2007-02-20 20:05:10,121.524500,31.240000, 50,112,0
54306,2007-02-20 20:05:26,121.522600,31.239300, 48,112,0
54306,2007-02-20 20:05:58,121.518800,31.238000, 46,112,0
54306,2007-02-20 20:06:14,121.516800,31.237100, 52,112,0
54306,2007-02-20 20:06:30,121.515500,31.236600, 26,112,0
54306,2007-02-20 20:06:46,121.514300,31.236300, 22,112,0
54306,2007-02-20 20:07:02,121.513100,31.235800, 38,112,0
54306,2007-02-20 20:07:19,121.512600,31.235100,  6, 90,0
54306,2007-02-20 20:08:02,121.512800,31.234100, 30, 90,0
54306,2007-02-20 20:08:55,121.511100,31.232000,  0,112,0
54306,2007-02-20 20:09:56,121.511000,31.231500, 36, 90,0
54306,2007-02-20 20:10:12,121.511600,31.230000, 30, 90,0
54306,2007-02-20 20:11:03,121.507100,31.227500, 56,112,0
54306,2007-02-20 20:12:04,121.506800,31.227300,  0,112,0
54306,2007-02-20 20:12:58,121.491500,31.223800, 48,135,0
54306,2007-02-20 20:13:30,121.487800,31.224100, 16,157,0
54306,2007-02-20 20:13:47,121.487800,31.225100, 26,  0,0
54306,2007-02-20 20:14:03,121.487600,31.226300, 34,  0,0
54306,2007-02-20 20:14:22,121.487300,31.227100, 18,135,0
54306,2007-02-20 20:15:00,121.486600,31.227100, 12,135,1
54306,2007-02-20 20:16:00,121.484100,31.226300,  0,112,1
54306,2007-02-20 20:17:01,121.484800,31.224600,  0, 67,1
54306,2007-02-20 20:18:02,121.486500,31.221500, 24, 67,1
54306,2007-02-20 20:19:03,121.487600,31.218300, 30, 90,1
54306,2007-02-20 20:20:04,121.488000,31.216600, 32, 90,1
54306,2007-02-20 20:21:05,121.488600,31.214800,  0, 90,1
54306,2007-02-20 20:22:06,121.485300,31.214300,  0,135,1
54306,2007-02-20 20:24:08,121.478000,31.213300,  0,135,1
54306,2007-02-20 20:25:09,121.475000,31.212000, 34,112,1
54306,2007-02-20 20:26:10,121.472000,31.211000,  0,112,1
54306,2007-02-20 20:27:11,121.467000,31.209600, 50,112,1
54306,2007-02-20 20:28:12,121.465300,31.207500,  0,112,1
54306,2007-02-20 20:29:13,121.458300,31.205300, 32,135,1
54306,2007-02-20 20:30:14,121.453600,31.204300, 58,135,1
54306,2007-02-20 20:31:15,121.451500,31.202500, 18, 67,1
54306,2007-02-20 20:32:16,121.452800,31.198300, 24,112,1
54306,2007-02-20 20:33:17,121.451600,31.198000,  0,112,1
54306,2007-02-20 20:34:18,121.448000,31.195800, 24, 67,1
54306,2007-02-20 20:35:04,121.449100,31.194100,  0, 67,0
54306,2007-02-20 20:35:46,121.449500,31.193300, 28, 67,0
54306,2007-02-20 20:36:02,121.450500,31.192600, 26, 22,0
54306,2007-02-20 20:36:18,121.452000,31.193300, 34, 22,0
54306,2007-02-20 20:36:58,121.453100,31.193600, 20, 22,0
54306,2007-02-20 20:37:14,121.454500,31.194100, 40, 22,0
54306,2007-02-20 20:37:30,121.456000,31.194800,  6, 22,0
54306,2007-02-20 20:37:51,121.457000,31.195100, 46, 22,0
54306,2007-02-20 20:38:08,121.458500,31.195800, 22, 22,0
54306,2007-02-20 20:38:24,121.458800,31.196500, 28,157,0
54306,2007-02-20 20:38:41,121.458300,31.197300, 18,157,0
54306,2007-02-20 20:39:40,121.457800,31.198300, 34,157,0
54306,2007-02-20 20:39:56,121.457500,31.199600, 34,  0,0
54306,2007-02-20 20:40:11,121.457100,31.201100, 52,  0,0
54306,2007-02-20 20:40:28,121.456600,31.203000, 44,  0,0
54306,2007-02-20 20:40:44,121.456300,31.204500, 30,  0,0
54306,2007-02-20 20:41:00,121.456000,31.205800, 40,  0,0
54306,2007-02-20 20:41:16,121.455600,31.207300, 30,  0,0
54306,2007-02-20 20:41:31,121.456800,31.208100, 52, 22,0
54306,2007-02-20 20:41:48,121.458800,31.208800, 56, 22,0
54306,2007-02-20 20:42:04,121.461100,31.209800, 50, 22,0
54306,2007-02-20 20:42:46,121.462100,31.210300, 12, 22,0
54306,2007-02-20 20:43:01,121.463100,31.210800, 36, 22,0
54306,2007-02-20 20:43:17,121.464600,31.211500, 38, 22,0
54306,2007-02-20 20:44:19,121.465500,31.211600, 12, 67,0
54306,2007-02-20 20:44:35,121.466100,31.210800, 30, 67,0
54306,2007-02-20 20:44:59,121.466500,31.210300, 22,157,0
54306,2007-02-20 20:45:15,121.466000,31.211100, 18,  0,0
54306,2007-02-20 20:46:16,121.465800,31.211100,  0, 22,0
54306,2007-02-20 20:49:19,121.466000,31.211500,  0,112,0
54306,2007-02-20 20:50:20,121.466000,31.211500,  0,112,0
54306,2007-02-20 20:50:42,121.466000,31.211500,  0,112,1
54306,2007-02-20 20:51:43,121.465600,31.211000,  0,112,1
54306,2007-02-20 20:52:44,121.465800,31.211300,  0, 22,1
54306,2007-02-20 20:53:45,121.465800,31.211300,  0, 22,1
54306,2007-02-20 20:54:46,121.465600,31.211500,  0,157,1
54306,2007-02-20 20:55:46,121.465600,31.211500,  0,157,1
54306,2007-02-20 20:56:48,121.465600,31.211500,  0,157,1
54306,2007-02-20 20:57:49,121.468100,31.212300,  0, 45,1
54306,2007-02-20 20:58:50,121.469500,31.210500, 40, 67,1
54306,2007-02-20 21:00:51,121.473000,31.198600, 36, 45,1
54306,2007-02-20 21:01:53,121.480800,31.201800, 56, 45,1
54306,2007-02-20 21:03:54,121.496500,31.211100, 24, 22,1
54306,2007-02-20 21:06:57,121.499000,31.224000,  0,157,1
54306,2007-02-20 21:07:58,121.498300,31.224800, 46,157,1
54306,2007-02-20 21:08:59,121.491600,31.231100, 20,157,1
54306,2007-02-20 21:11:00,121.486100,31.237500, 22,  0,1
54306,2007-02-20 21:13:03,121.487000,31.247300, 42, 22,1
54306,2007-02-20 21:14:04,121.495600,31.251000, 50, 22,1
54306,2007-02-20 21:16:05,121.503800,31.253800,  0, 45,1
54306,2007-02-20 21:17:07,121.509100,31.253100, 44, 45,1
54306,2007-02-20 21:18:07,121.509800,31.253300,  0, 45,1
54306,2007-02-20 21:19:09,121.513800,31.255500, 50, 22,1
54306,2007-02-20 21:20:10,121.517600,31.257600, 22, 22,1
54306,2007-02-20 21:21:10,121.519800,31.259100, 36, 22,1
54306,2007-02-20 21:22:12,121.525600,31.261600,  4, 22,1
54306,2007-02-20 21:23:13,121.529500,31.263500, 14, 22,1
54306,2007-02-20 21:24:00,121.532800,31.265500,  0, 22,0
54306,2007-02-20 21:24:15,121.532800,31.265500,  0, 22,0
54306,2007-02-20 21:25:17,121.532800,31.265500, 18,157,0
54306,2007-02-20 21:25:33,121.534100,31.266600, 38, 22,0
54306,2007-02-20 21:25:49,121.535500,31.268000, 52, 22,0
54306,2007-02-20 21:26:05,121.536800,31.269100, 52, 22,0
54306,2007-02-20 21:26:20,121.538800,31.270300, 50, 22,0
54306,2007-02-20 21:26:37,121.540300,31.271300, 40, 22,0
54306,2007-02-20 21:26:53,121.542000,31.272300, 46, 22,0
54306,2007-02-20 21:27:09,121.543100,31.273500, 42, 22,0
54306,2007-02-20 21:27:24,121.544100,31.274500, 40, 22,0
54306,2007-02-20 21:27:40,121.545300,31.275800, 38, 22,0
54306,2007-02-20 21:27:56,121.546600,31.277000, 42, 22,0
54306,2007-02-20 21:28:37,121.547600,31.277800, 38, 22,0
54306,2007-02-20 21:28:53,121.548500,31.278600, 16, 22,0
54306,2007-02-20 21:29:16,121.549600,31.279100, 44, 45,0
54306,2007-02-20 21:29:32,121.551000,31.279500,  0, 45,0
54306,2007-02-20 21:30:19,121.549800,31.279300, 16,135,1
54306,2007-02-20 21:31:20,121.545000,31.279600, 46,157,1
54306,2007-02-20 21:32:20,121.542600,31.279000, 42,112,1
54306,2007-02-20 21:34:22,121.532300,31.279000, 58,135,1
54306,2007-02-20 21:35:23,121.527800,31.278000, 52,135,1
54306,2007-02-20 21:36:24,121.522000,31.275800,  0,112,1
54306,2007-02-20 21:37:25,121.519500,31.274500, 46,112,1
54306,2007-02-20 21:38:26,121.512800,31.270500, 52,112,1
54306,2007-02-20 21:39:27,121.512000,31.269600,  0,112,1
54306,2007-02-20 21:40:28,121.511100,31.268800, 50,112,1
54306,2007-02-20 21:40:38,121.510800,31.268500,  0,112,0
54306,2007-02-20 21:41:21,121.510300,31.268000, 44,112,0
54306,2007-02-20 21:41:37,121.508600,31.266500, 70,112,0
54306,2007-02-20 21:41:53,121.506100,31.265300, 44,135,0
54306,2007-02-20 21:42:09,121.505000,31.265000,  0,112,0
54306,2007-02-20 21:43:10,121.505000,31.265000,  0,112,0
54306,2007-02-20 21:43:40,121.503800,31.264600, 40,135,0
54306,2007-02-20 21:43:56,121.502500,31.264100, 14,112,0
54306,2007-02-20 21:44:54,121.502100,31.264000,  8,112,1
54306,2007-02-20 21:45:54,121.497800,31.260600, 18,112,1
54306,2007-02-20 21:46:55,121.497300,31.260300, 32,112,1
54306,2007-02-20 21:47:56,121.493000,31.257500,  0,112,1
54306,2007-02-20 21:48:57,121.491000,31.256000, 46,112,1
54306,2007-02-20 21:50:59,121.486800,31.255100, 40,112,1
54306,2007-02-20 21:52:00,121.484600,31.254100,  0,112,1
54306,2007-02-20 21:54:02,121.477300,31.249800,  0,112,1
54306,2007-02-20 21:55:03,121.475100,31.249100, 40,112,1
54306,2007-02-20 21:56:04,121.466100,31.246600, 66,135,1
54306,2007-02-20 21:58:06,121.460800,31.246300, 48,135,1
54306,2007-02-20 21:59:07,121.457000,31.247300, 54,135,1
54306,2007-02-20 22:00:08,121.452500,31.247800, 34,135,1
54306,2007-02-20 22:01:09,121.445000,31.247300, 52,135,1
54306,2007-02-20 22:02:10,121.440800,31.246300, 10,135,1
54306,2007-02-20 22:03:11,121.437800,31.243800, 10, 90,1
54306,2007-02-20 22:03:22,121.437600,31.243600,  0,112,0
54306,2007-02-20 22:04:22,121.437100,31.243100, 26,112,0
54306,2007-02-20 22:05:05,121.437000,31.242300, 32, 67,0
54306,2007-02-20 22:05:33,121.438000,31.241100, 20, 67,1
54306,2007-02-20 22:06:33,121.440500,31.237500,  0, 67,1
54306,2007-02-20 22:07:34,121.442500,31.235600, 42, 67,1
54306,2007-02-20 22:08:35,121.444800,31.233300,  0, 90,1
54306,2007-02-20 22:09:36,121.446300,31.230800, 30,112,1
54306,2007-02-20 22:10:37,121.443100,31.229100,  0,112,1
54306,2007-02-20 22:11:38,121.442600,31.227800, 16, 67,1
54306,2007-02-20 22:12:39,121.443000,31.226500,  0, 67,1
54306,2007-02-20 22:13:40,121.444500,31.223800,  0, 67,1
54306,2007-02-20 22:14:41,121.445800,31.222000, 44, 67,1
54306,2007-02-20 22:15:05,121.447300,31.222100,  0, 22,0
54306,2007-02-20 22:15:21,121.447300,31.222100,  0, 22,0
54306,2007-02-20 22:16:06,121.448300,31.222500, 28, 45,0
54306,2007-02-20 22:16:22,121.449500,31.222600, 22, 67,0
54306,2007-02-20 22:16:38,121.450000,31.221600, 36, 90,0
54306,2007-02-20 22:17:15,121.450600,31.221100, 34, 22,0
54306,2007-02-20 22:17:31,121.452100,31.221600, 38, 45,0
54306,2007-02-20 22:17:49,121.453000,31.221600, 28, 90,0
54306,2007-02-20 22:18:05,121.453500,31.220500, 30, 90,0
54306,2007-02-20 22:18:21,121.454000,31.219300, 34, 67,0
54306,2007-02-20 22:18:40,121.454500,31.218300, 34, 67,0
54306,2007-02-20 22:18:56,121.455000,31.217100, 32, 67,0
54306,2007-02-20 22:19:12,121.455600,31.216000, 50, 67,0
54306,2007-02-20 22:19:44,121.456600,31.212300, 36, 90,0
54306,2007-02-20 22:20:45,121.456800,31.211800, 42, 90,0
54306,2007-02-20 22:21:01,121.457000,31.209800, 54, 90,0
54306,2007-02-20 22:21:17,121.457300,31.208600,  0, 90,0
54306,2007-02-20 22:22:18,121.457600,31.208500, 28, 45,0
54306,2007-02-20 22:22:34,121.459100,31.209000, 40, 45,0
54306,2007-02-20 22:22:50,121.461000,31.209600, 46, 22,0
54306,2007-02-20 22:23:51,121.461600,31.210100,  0, 22,0
54306,2007-02-20 22:24:11,121.462800,31.210600, 46, 22,0
54306,2007-02-20 22:24:27,121.464600,31.211300, 56, 22,0
54306,2007-02-20 22:24:43,121.466500,31.212100, 44, 22,0
54306,2007-02-20 22:24:59,121.468300,31.212800, 44, 45,0
54306,2007-02-20 22:25:29,121.469300,31.213100, 18, 45,1
54306,2007-02-20 22:26:29,121.468800,31.217300,  0,  0,1
54306,2007-02-20 22:27:30,121.468800,31.217300,  0,  0,1
54306,2007-02-20 22:28:31,121.467300,31.217300,  0,135,1
54306,2007-02-20 22:30:33,121.461600,31.217000, 48,135,1
54306,2007-02-20 22:31:34,121.459600,31.219300,  0,  0,1
54306,2007-02-20 22:32:35,121.458500,31.224500, 18,  0,1
54306,2007-02-20 22:33:36,121.458600,31.225100, 10,  0,1
54306,2007-02-20 22:34:37,121.457300,31.231500,  0,157,1
54306,2007-02-20 22:36:39,121.452100,31.230100,  0,135,1
54306,2007-02-20 22:37:40,121.447500,31.228800, 22,157,1
54306,2007-02-20 22:37:47,121.447100,31.229100, 22,157,0
54306,2007-02-20 22:38:48,121.447100,31.229300,  0,157,0
54306,2007-02-20 22:39:27,121.447600,31.229800, 12,  0,0
54306,2007-02-20 22:39:45,121.447300,31.230100,  6,  0,1
54306,2007-02-20 22:40:45,121.446500,31.231100, 32,157,1
54306,2007-02-20 22:41:46,121.443600,31.234600, 30,157,1
54306,2007-02-20 22:42:47,121.441000,31.237100, 40,157,1
54306,2007-02-20 22:43:48,121.436300,31.238300,  2,135,1
54306,2007-02-20 22:44:49,121.435100,31.238000, 44,135,1
54306,2007-02-20 22:45:50,121.431600,31.237600,  0,112,1
54306,2007-02-20 22:46:51,121.429100,31.237500, 24,  0,1
54306,2007-02-20 22:47:05,121.429000,31.238000,  0,  0,0
54306,2007-02-20 22:48:06,121.429100,31.237800,  0, 67,0
54306,2007-02-20 22:48:41,121.429100,31.237000, 10, 90,0
54306,2007-02-20 22:49:02,121.430100,31.237000, 28, 45,0
54306,2007-02-20 22:49:18,121.431300,31.237300,  0, 22,0
54306,2007-02-20 22:49:45,121.432300,31.237800, 40, 22,0
54306,2007-02-20 22:50:01,121.433500,31.238800, 34, 22,0
54306,2007-02-20 22:50:17,121.435100,31.239600, 14, 45,0
54306,2007-02-20 22:51:00,121.437800,31.241100, 40, 22,0
54306,2007-02-20 22:51:45,121.438500,31.241500,  8, 22,1
54306,2007-02-20 22:52:46,121.441100,31.243000, 10, 22,1
54306,2007-02-20 22:54:48,121.443800,31.242300, 24, 67,1
54306,2007-02-20 22:55:49,121.446500,31.239600,  4, 67,1
54306,2007-02-20 22:56:02,121.446600,31.239500,  0, 67,0
54306,2007-02-20 22:57:03,121.447300,31.239000,  0, 45,0
54306,2007-02-20 22:57:57,121.446500,31.239800, 22,157,0
54306,2007-02-20 22:58:13,121.445600,31.240500, 30,157,0
54306,2007-02-20 22:58:46,121.444800,31.241300, 38,157,0
54306,2007-02-20 22:59:02,121.443800,31.242300, 40,157,0
54306,2007-02-20 22:59:19,121.443000,31.243100, 26,157,0
54306,2007-02-20 22:59:35,121.442000,31.244300, 42,157,0
54306,2007-02-20 23:00:07,121.441100,31.246300, 48, 45,0
54306,2007-02-20 23:00:23,121.443800,31.246800, 66, 45,0
54306,2007-02-20 23:00:39,121.446300,31.247100, 42, 45,0
54306,2007-02-20 23:00:55,121.448800,31.247500, 54, 45,0
54306,2007-02-20 23:01:11,121.451300,31.247600, 48, 45,0
54306,2007-02-20 23:01:27,121.453000,31.247600, 24, 45,0
54306,2007-02-20 23:01:43,121.454300,31.247600, 50, 45,0
54306,2007-02-20 23:01:59,121.456500,31.247100, 44, 67,0
54306,2007-02-20 23:02:31,121.458500,31.247000, 24,  0,0
54306,2007-02-20 23:02:47,121.458300,31.248500, 42,  0,0
54306,2007-02-20 23:03:03,121.458800,31.250100, 50,  0,0
54306,2007-02-20 23:03:19,121.459100,31.251600, 24,  0,0
54306,2007-02-20 23:03:40,121.459300,31.252500, 20,  0,0
54306,2007-02-20 23:04:01,121.459300,31.253600, 24,  0,0
54306,2007-02-20 23:04:17,121.460600,31.254100, 48, 45,0
54306,2007-02-20 23:04:33,121.462600,31.254500, 46, 45,0
54306,2007-02-20 23:04:49,121.463800,31.254800,  0, 45,0
54306,2007-02-20 23:05:32,121.466600,31.256000, 56, 22,0
54306,2007-02-20 23:05:48,121.468600,31.257600, 54, 22,0
54306,2007-02-20 23:06:04,121.470500,31.259300, 56, 22,0
54306,2007-02-20 23:06:20,121.471600,31.260800, 22,157,0
54306,2007-02-20 23:06:36,121.470300,31.261500, 26,157,0
54306,2007-02-20 23:07:13,121.470600,31.262100, 36, 45,0
54306,2007-02-20 23:08:52,121.470000,31.262300,  0, 67,0
54306,2007-02-20 23:09:53,121.469800,31.262300,  0, 67,0
54306,2007-02-20 23:10:54,121.469800,31.262300,  0, 67,0
54306,2007-02-20 23:11:55,121.470100,31.262100,  0, 67,0
54306,2007-02-20 23:12:56,121.470100,31.262100,  0, 67,0
54306,2007-02-20 23:13:57,121.470100,31.262100,  0, 67,0
54306,2007-02-20 23:14:58,121.470100,31.262100,  0, 67,0
54306,2007-02-20 23:15:59,121.470100,31.262100,  0, 67,0
54306,2007-02-20 23:17:00,121.470100,31.262100,  0, 67,0
54306,2007-02-20 23:18:01,121.470100,31.262100,  0, 67,0
54306,2007-02-20 23:19:02,121.470100,31.262100,  0, 67,0
54306,2007-02-20 23:20:03,121.470100,31.262100,  0, 67,0
54306,2007-02-20 23:22:05,121.470100,31.262100,  0, 67,0
54306,2007-02-20 23:23:06,121.470100,31.262100,  0, 67,0
54306,2007-02-20 23:24:07,121.470100,31.262300,  0,  0,0
54306,2007-02-20 23:25:08,121.470500,31.262300,  0, 22,0
54306,2007-02-20 23:26:09,121.470500,31.262300,  0, 22,0
54306,2007-02-20 23:27:10,121.470500,31.262300,  0, 22,0
54306,2007-02-20 23:28:11,121.470500,31.262300,  0, 22,0
54306,2007-02-20 23:29:12,121.470500,31.262300,  0, 22,0
54306,2007-02-20 23:30:13,121.470500,31.262300,  0, 22,0
54306,2007-02-20 23:31:14,121.470500,31.262300,  0, 22,0
54306,2007-02-20 23:32:15,121.470500,31.262300,  0, 22,0
54306,2007-02-20 23:33:16,121.470500,31.262300,  0, 22,0
54306,2007-02-20 23:34:17,121.470500,31.262300,  0, 22,0
54306,2007-02-20 23:35:34,121.470500,31.262300,  0, 22,0
54306,2007-02-20 23:36:34,121.470500,31.262300,  0, 22,0
54306,2007-02-20 23:37:35,121.470500,31.262300,  0, 22,0
54306,2007-02-20 23:38:35,121.470500,31.262300,  0, 22,0
54306,2007-02-20 23:39:37,121.470500,31.262300,  0, 22,0
54306,2007-02-20 23:40:38,121.470500,31.262300,  0, 22,0
54306,2007-02-20 23:41:39,121.470500,31.262300,  0, 22,0
54306,2007-02-20 23:42:40,121.470500,31.262300,  0, 22,0
54306,2007-02-20 23:43:40,121.470500,31.262300,  0, 22,0
54306,2007-02-20 23:44:42,121.470500,31.262300,  0, 22,0
54306,2007-02-20 23:45:43,121.470500,31.262300,  0, 22,0
54306,2007-02-20 23:46:44,121.470500,31.262300,  0, 22,0
54306,2007-02-20 23:47:45,121.470500,31.262300,  0, 22,0
54306,2007-02-20 23:48:45,121.470500,31.262300,  0, 22,0
54306,2007-02-20 23:50:48,121.470500,31.262300,  0, 22,0
54306,2007-02-20 23:51:49,121.470500,31.262600,  0, 22,0
54306,2007-02-20 23:52:49,121.469800,31.263100, 14,157,0
54306,2007-02-20 23:53:50,121.469300,31.263500,  0,157,0
54306,2007-02-20 23:54:51,121.469300,31.263500,  0,157,0
54306,2007-02-20 23:55:52,121.469300,31.263500,  0,157,0
54306,2007-02-20 23:56:54,121.470300,31.262500,  0,157,0
54306,2007-02-20 23:57:55,121.473000,31.262600, 36, 67,0
54306,2007-02-20 23:58:55,121.475000,31.262500, 32, 22,0
54306,2007-02-20 23:59:57,121.477800,31.261500,  0, 67,0
