37749,2007-02-20 00:00:13,121.052100,30.916800,  0, 90,0
37749,2007-02-20 00:02:15,121.052300,30.916800,  0, 67,0
37749,2007-02-20 00:03:16,121.052300,30.916800,  0, 67,0
37749,2007-02-20 00:04:17,121.052300,30.916800,  0, 67,0
37749,2007-02-20 00:05:18,121.052300,30.916800,  0, 67,0
37749,2007-02-20 00:06:19,121.052300,30.916600,  0, 67,0
37749,2007-02-20 00:07:20,121.052300,30.916600,  0, 67,0
37749,2007-02-20 00:08:21,121.052300,30.916600,  0, 67,0
37749,2007-02-20 00:09:22,121.052300,30.916600,  0, 67,0
37749,2007-02-20 00:10:24,121.052300,30.916600,  0, 67,0
37749,2007-02-20 00:11:25,121.052300,30.916600,  0, 67,0
37749,2007-02-20 00:12:25,121.052300,30.916600,  0, 67,0
37749,2007-02-20 00:13:27,121.052300,30.916600,  0, 67,0
37749,2007-02-20 00:14:28,121.052300,30.916600,  0, 67,0
37749,2007-02-20 00:15:28,121.052300,30.916800,  0, 45,0
37749,2007-02-20 00:16:29,121.052300,30.916800,  0, 45,0
37749,2007-02-20 00:17:30,121.052300,30.916800,  0, 45,0
37749,2007-02-20 00:18:31,121.052300,30.916800,  0, 45,0
37749,2007-02-20 00:19:32,121.052300,30.916800,  0, 45,0
37749,2007-02-20 00:20:32,121.052300,30.916800,  0, 45,0
37749,2007-02-20 00:21:33,121.052300,30.916800,  0, 45,0
37749,2007-02-20 00:22:36,121.052300,30.916800,  0,  0,0
37749,2007-02-20 00:24:38,121.052300,30.916800,  0,  0,0
37749,2007-02-20 00:25:38,121.052300,30.916800,  0,  0,0
37749,2007-02-20 00:27:41,121.052300,30.916800,  0, 45,0
37749,2007-02-20 00:29:43,121.052300,30.916800,  0, 45,0
37749,2007-02-20 00:30:43,121.052100,30.916800,  0, 45,0
37749,2007-02-20 00:31:44,121.052100,30.916800,  0, 45,0
37749,2007-02-20 00:32:45,121.052100,30.916800,  0, 45,0
37749,2007-02-20 00:33:46,121.052100,30.916800,  0, 45,0
37749,2007-02-20 00:34:47,121.052100,30.916800,  0, 45,0
37749,2007-02-20 00:35:48,121.052300,30.916800,  0, 67,0
37749,2007-02-20 00:36:49,121.052300,30.916800,  0, 67,0
37749,2007-02-20 00:37:51,121.052100,30.916800,  0, 90,0
37749,2007-02-20 00:38:52,121.052100,30.916800,  0, 90,0
37749,2007-02-20 00:39:52,121.052100,30.916800,  0, 90,0
37749,2007-02-20 00:40:53,121.052100,30.916800,  0, 90,0
37749,2007-02-20 00:41:55,121.052100,30.916800,  0, 90,0
37749,2007-02-20 00:42:56,121.051800,30.916600,  0, 45,0
37749,2007-02-20 00:43:57,121.051800,30.916600,  0, 45,0
37749,2007-02-20 00:45:58,121.052100,30.916600,  0, 22,0
37749,2007-02-20 00:46:59,121.052100,30.916600,  0, 22,0
37749,2007-02-20 00:48:00,121.052100,30.916600,  0, 22,0
37749,2007-02-20 00:49:01,121.052100,30.916600,  0, 22,0
37749,2007-02-20 00:50:03,121.052100,30.916800,  0, 67,0
37749,2007-02-20 00:51:03,121.052100,30.916800,  0, 67,0
37749,2007-02-20 00:52:05,121.051100,30.918300,  0, 67,0
37749,2007-02-20 00:53:06,121.052300,30.916800,  0, 67,0
37749,2007-02-20 00:54:07,121.052300,30.916800,  0, 67,0
37749,2007-02-20 00:55:07,121.052300,30.916800,  0, 67,0
37749,2007-02-20 00:56:09,121.052300,30.916800,  0, 67,0
37749,2007-02-20 00:57:10,121.052300,30.916800,  0, 67,0
37749,2007-02-20 00:58:10,121.052100,30.916800,  0, 67,0
37749,2007-02-20 00:59:11,121.052100,30.917000,  0, 67,0
37749,2007-02-20 01:00:12,121.052100,30.917000,  0, 67,0
37749,2007-02-20 01:01:13,121.052100,30.917000,  0, 67,0
37749,2007-02-20 01:02:14,121.052100,30.917000,  0, 67,0
37749,2007-02-20 01:03:15,121.052100,30.917000,  0, 67,0
37749,2007-02-20 01:04:16,121.052300,30.916600,  0, 67,0
37749,2007-02-20 01:05:17,121.052300,30.916600,  0, 67,0
37749,2007-02-20 01:06:18,121.052300,30.916600,  0, 67,0
37749,2007-02-20 01:08:21,121.052100,30.916800,  0,  0,0
37749,2007-02-20 01:09:21,121.052100,30.916800,  0,  0,0
37749,2007-02-20 01:10:23,121.052100,30.916800,  0,  0,0
37749,2007-02-20 01:12:24,121.052300,30.916800,  0, 45,0
37749,2007-02-20 01:13:25,121.052300,30.916800,  0, 45,0
37749,2007-02-20 01:14:26,121.052300,30.916800,  0, 45,0
37749,2007-02-20 01:15:27,121.052300,30.916800,  0, 67,0
37749,2007-02-20 01:16:28,121.052300,30.916800,  0, 67,0
37749,2007-02-20 01:17:29,121.052300,30.916800,  0, 67,0
37749,2007-02-20 01:18:30,121.052300,30.916800,  0, 67,0
37749,2007-02-20 01:20:33,121.052300,30.916800,  0, 67,0
37749,2007-02-20 01:21:34,121.052300,30.916800,  0, 67,0
37749,2007-02-20 01:22:35,121.052300,30.916800,  0, 67,0
37749,2007-02-20 01:23:35,121.052300,30.916800,  0, 67,0
37749,2007-02-20 01:24:37,121.052300,30.916800,  0, 67,0
37749,2007-02-20 01:25:38,121.052300,30.916800,  0, 67,0
37749,2007-02-20 01:26:38,121.052300,30.916800,  0, 67,0
37749,2007-02-20 01:27:39,121.052300,30.916600,  0, 67,0
37749,2007-02-20 01:28:40,121.052300,30.916600,  0, 67,0
37749,2007-02-20 01:29:41,121.052300,30.916600,  0, 67,0
37749,2007-02-20 01:30:42,121.052000,30.917000,  0, 67,0
37749,2007-02-20 01:32:44,121.052100,30.916800,  0, 67,0
37749,2007-02-20 01:33:46,121.052100,30.916800,  0, 22,0
37749,2007-02-20 01:34:47,121.052100,30.916800,  0, 22,0
37749,2007-02-20 01:35:48,121.052100,30.916800,  0, 22,0
37749,2007-02-20 01:36:49,121.052100,30.916800,  0, 22,0
37749,2007-02-20 01:37:49,121.052100,30.916800,  0, 22,0
37749,2007-02-20 01:38:51,121.052100,30.916800,  0, 22,0
37749,2007-02-20 01:39:52,121.052100,30.916800,  0, 22,0
37749,2007-02-20 01:40:52,121.052100,30.916800,  0, 22,0
37749,2007-02-20 01:41:53,121.052100,30.916600,  0, 22,0
37749,2007-02-20 01:42:54,121.052100,30.916600,  0, 22,0
37749,2007-02-20 01:43:55,121.052100,30.916600,  0, 22,0
37749,2007-02-20 01:44:56,121.052100,30.916600,  0, 22,0
37749,2007-02-20 01:45:57,121.052100,30.916800,  0, 22,0
37749,2007-02-20 01:46:58,121.052100,30.916800,  0, 22,0
37749,2007-02-20 01:47:59,121.052100,30.916800,  0, 22,0
37749,2007-02-20 01:50:01,121.052100,30.916800,  0, 22,0
37749,2007-02-20 01:51:03,121.052100,30.916600,  0, 67,0
37749,2007-02-20 01:52:03,121.052100,30.916600,  0, 67,0
37749,2007-02-20 01:53:05,121.052100,30.916600,  0, 67,0
37749,2007-02-20 01:54:05,121.052100,30.916600,  0, 67,0
37749,2007-02-20 01:55:06,121.052100,30.916800,  0, 90,0
37749,2007-02-20 01:56:07,121.052100,30.916800,  0, 90,0
37749,2007-02-20 01:57:08,121.052100,30.916800,  0, 90,0
37749,2007-02-20 01:59:10,121.052100,30.916800,  0, 90,0
37749,2007-02-20 02:00:11,121.052100,30.916800,  0, 90,0
37749,2007-02-20 02:01:12,121.052100,30.916800,  0, 90,0
37749,2007-02-20 02:02:13,121.052100,30.916800,  0, 90,0
37749,2007-02-20 02:03:14,121.052100,30.916800,  0, 90,0
37749,2007-02-20 02:04:15,121.052100,30.916800,  0, 90,0
37749,2007-02-20 02:05:15,121.052100,30.916800,  0, 90,0
37749,2007-02-20 02:06:17,121.052100,30.916800,  0, 90,0
37749,2007-02-20 02:07:18,121.052100,30.916800,  0, 90,0
37749,2007-02-20 02:08:18,121.052100,30.916800,  0, 90,0
37749,2007-02-20 02:09:19,121.052100,30.916800,  0, 90,0
37749,2007-02-20 02:10:20,121.052100,30.916800,  0, 90,0
37749,2007-02-20 02:11:21,121.052100,30.916800,  0, 90,0
37749,2007-02-20 02:12:22,121.052100,30.916800,  0, 90,0
37749,2007-02-20 02:13:23,121.052100,30.916800,  0, 90,0
37749,2007-02-20 02:14:24,121.052100,30.916800,  0, 90,0
37749,2007-02-20 02:15:25,121.052100,30.916800,  0, 90,0
37749,2007-02-20 02:16:25,121.052100,30.916800,  0, 90,0
37749,2007-02-20 02:17:27,121.052100,30.916800,  0, 90,0
37749,2007-02-20 02:18:28,121.052100,30.916800,  0, 90,0
37749,2007-02-20 02:19:29,121.052100,30.916800,  0, 90,0
37749,2007-02-20 02:20:30,121.052100,30.916800,  0, 90,0
37749,2007-02-20 02:21:30,121.052100,30.916800,  0, 90,0
37749,2007-02-20 02:22:49,121.052100,30.916800,  0, 90,0
37749,2007-02-20 02:23:50,121.052100,30.916800,  0, 90,0
37749,2007-02-20 02:24:52,121.052100,30.916800,  0, 90,0
37749,2007-02-20 02:25:53,121.052100,30.916800,  0, 90,0
37749,2007-02-20 02:26:54,121.052100,30.916800,  0, 90,0
37749,2007-02-20 02:27:55,121.052100,30.916800,  0, 90,0
37749,2007-02-20 02:29:56,121.052100,30.916800,  0, 90,0
37749,2007-02-20 02:30:57,121.052100,30.916800,  0, 90,0
37749,2007-02-20 02:32:59,121.052100,30.916800,  0, 90,0
37749,2007-02-20 02:34:00,121.052100,30.916800,  0, 90,0
37749,2007-02-20 02:35:01,121.052100,30.916800,  0, 90,0
37749,2007-02-20 02:36:02,121.052100,30.916800,  0, 90,0
37749,2007-02-20 02:37:03,121.052100,30.916800,  0, 90,0
37749,2007-02-20 02:40:05,121.052100,30.916800,  0, 90,0
37749,2007-02-20 02:41:07,121.052100,30.916800,  0, 90,0
37749,2007-02-20 02:42:08,121.052100,30.916800,  0, 90,0
37749,2007-02-20 02:44:09,121.052100,30.916800,  0, 90,0
37749,2007-02-20 02:45:10,121.052100,30.916800,  0, 90,0
37749,2007-02-20 02:46:11,121.052100,30.916800,  0, 90,0
37749,2007-02-20 02:47:12,121.052100,30.916800,  0, 90,0
37749,2007-02-20 02:48:13,121.052100,30.916800,  0, 90,0
37749,2007-02-20 02:49:14,121.052100,30.916800,  0, 90,0
37749,2007-02-20 02:50:15,121.052100,30.916800,  0, 90,0
37749,2007-02-20 02:51:15,121.052100,30.916800,  0, 90,0
37749,2007-02-20 02:52:17,121.052100,30.916800,  0, 90,0
37749,2007-02-20 02:53:18,121.052100,30.916800,  0, 90,0
37749,2007-02-20 02:54:19,121.052100,30.916800,  0, 90,0
37749,2007-02-20 02:55:20,121.052100,30.916800,  0, 90,0
37749,2007-02-20 02:56:20,121.052100,30.916800,  0, 90,0
37749,2007-02-20 02:57:21,121.052100,30.916800,  0, 90,0
37749,2007-02-20 02:58:22,121.052100,30.916800,  0, 90,0
37749,2007-02-20 02:59:23,121.052100,30.916800,  0, 90,0
37749,2007-02-20 03:00:24,121.052100,30.916800,  0, 90,0
37749,2007-02-20 03:01:25,121.052100,30.916800,  0, 90,0
37749,2007-02-20 03:03:27,121.052100,30.916800,  0, 90,0
37749,2007-02-20 03:04:28,121.052100,30.916800,  0, 90,0
37749,2007-02-20 03:07:30,121.052100,30.916800,  0, 90,0
37749,2007-02-20 03:08:32,121.052100,30.916800,  0, 90,0
37749,2007-02-20 03:09:32,121.052100,30.916800,  0, 90,0
37749,2007-02-20 03:10:33,121.052100,30.916800,  0, 90,0
37749,2007-02-20 03:13:36,121.052100,30.916800,  0, 90,0
37749,2007-02-20 03:14:37,121.052100,30.916800,  0, 90,0
37749,2007-02-20 03:15:38,121.052100,30.916800,  0, 90,0
37749,2007-02-20 03:16:39,121.052100,30.916800,  0, 90,0
37749,2007-02-20 03:18:40,121.052100,30.916800,  0, 90,0
37749,2007-02-20 03:19:42,121.052100,30.916800,  0, 90,0
37749,2007-02-20 03:20:43,121.052100,30.916800,  0, 90,0
37749,2007-02-20 03:21:44,121.052100,30.916800,  0, 90,0
37749,2007-02-20 03:23:20,121.052100,30.916800,  0, 90,0
37749,2007-02-20 03:25:23,121.052100,30.916800,  0, 90,0
37749,2007-02-20 03:27:25,121.052100,30.916800,  0, 90,0
37749,2007-02-20 03:28:26,121.052100,30.916800,  0, 90,0
37749,2007-02-20 03:29:27,121.052100,30.916800,  0, 90,0
37749,2007-02-20 03:30:28,121.052100,30.916800,  0, 90,0
37749,2007-02-20 03:32:30,121.052100,30.916800,  0, 90,0
37749,2007-02-20 03:33:30,121.052100,30.916800,  0, 90,0
37749,2007-02-20 03:34:32,121.052100,30.916800,  0, 90,0
37749,2007-02-20 03:35:33,121.052100,30.916800,  0, 90,0
37749,2007-02-20 03:36:33,121.052100,30.916800,  0, 90,0
37749,2007-02-20 03:37:34,121.052100,30.916800,  0, 90,0
37749,2007-02-20 03:38:35,121.052100,30.916800,  0, 90,0
37749,2007-02-20 03:40:37,121.052100,30.916800,  0, 90,0
37749,2007-02-20 03:41:38,121.052100,30.916800,  0, 90,0
37749,2007-02-20 03:42:39,121.052100,30.916800,  0, 90,0
37749,2007-02-20 03:43:40,121.052100,30.916800,  0, 90,0
37749,2007-02-20 03:44:40,121.052100,30.916800,  0, 90,0
37749,2007-02-20 03:45:42,121.052100,30.916800,  0, 90,0
37749,2007-02-20 03:46:43,121.052100,30.916800,  0, 90,0
37749,2007-02-20 03:47:44,121.052100,30.916800,  0, 90,0
37749,2007-02-20 03:48:44,121.052100,30.916800,  0, 90,0
37749,2007-02-20 03:49:45,121.052100,30.916800,  0, 90,0
37749,2007-02-20 03:50:46,121.052100,30.916800,  0, 90,0
37749,2007-02-20 03:51:47,121.052100,30.916800,  0, 90,0
37749,2007-02-20 03:52:48,121.052100,30.916800,  0, 90,0
37749,2007-02-20 03:53:49,121.052100,30.916800,  0, 90,0
37749,2007-02-20 03:54:50,121.052100,30.916800,  0, 90,0
37749,2007-02-20 03:55:50,121.052100,30.916800,  0, 90,0
37749,2007-02-20 03:56:52,121.052100,30.916800,  0, 90,0
37749,2007-02-20 03:57:53,121.052100,30.916800,  0, 90,0
37749,2007-02-20 03:58:54,121.052100,30.916800,  0, 90,0
37749,2007-02-20 03:59:55,121.052100,30.916800,  0, 90,0
37749,2007-02-20 04:00:55,121.052100,30.916800,  0, 90,0
37749,2007-02-20 04:01:57,121.052100,30.916800,  0, 90,0
37749,2007-02-20 04:02:57,121.052100,30.916800,  0, 90,0
37749,2007-02-20 04:03:58,121.052100,30.916800,  0, 90,0
37749,2007-02-20 04:04:59,121.052100,30.916800,  0, 90,0
37749,2007-02-20 04:06:00,121.052100,30.916800,  0, 90,0
37749,2007-02-20 04:07:01,121.052100,30.916800,  0, 90,0
37749,2007-02-20 04:08:02,121.052100,30.916800,  0, 90,0
37749,2007-02-20 04:09:03,121.052100,30.916800,  0, 90,0
37749,2007-02-20 04:10:04,121.052100,30.916800,  0, 90,0
37749,2007-02-20 04:11:05,121.052100,30.916800,  0, 90,0
37749,2007-02-20 04:12:05,121.052100,30.916800,  0, 90,0
37749,2007-02-20 04:13:07,121.052100,30.916800,  0, 90,0
37749,2007-02-20 04:14:08,121.052100,30.916800,  0, 90,0
37749,2007-02-20 04:16:09,121.052100,30.916800,  0, 90,0
37749,2007-02-20 04:17:10,121.052100,30.916800,  0, 90,0
37749,2007-02-20 04:18:11,121.052100,30.916800,  0, 90,0
37749,2007-02-20 04:19:12,121.052100,30.916800,  0, 90,0
37749,2007-02-20 04:20:13,121.052100,30.916800,  0, 90,0
37749,2007-02-20 04:21:14,121.052100,30.916800,  0, 90,0
37749,2007-02-20 04:22:15,121.052100,30.916800,  0, 90,0
37749,2007-02-20 04:23:15,121.052100,30.916800,  0, 90,0
37749,2007-02-20 04:24:17,121.052100,30.916800,  0, 90,0
37749,2007-02-20 04:25:18,121.052100,30.916800,  0, 90,0
37749,2007-02-20 04:26:19,121.052100,30.916800,  0, 90,0
37749,2007-02-20 04:27:20,121.052100,30.916800,  0, 90,0
37749,2007-02-20 04:28:20,121.052100,30.916800,  0, 90,0
37749,2007-02-20 04:29:21,121.052100,30.916800,  0, 90,0
37749,2007-02-20 04:30:22,121.052100,30.916800,  0, 90,0
37749,2007-02-20 04:31:23,121.052100,30.916800,  0, 90,0
37749,2007-02-20 04:33:25,121.052100,30.916800,  0, 90,0
37749,2007-02-20 04:34:26,121.052100,30.916800,  0, 90,0
37749,2007-02-20 04:35:27,121.052100,30.916800,  0, 90,0
37749,2007-02-20 04:36:28,121.052100,30.916800,  0, 90,0
37749,2007-02-20 04:37:29,121.052100,30.916800,  0, 90,0
37749,2007-02-20 04:38:30,121.052100,30.916800,  0, 90,0
37749,2007-02-20 04:39:30,121.052100,30.916800,  0, 90,0
37749,2007-02-20 04:40:32,121.052100,30.916800,  0, 90,0
37749,2007-02-20 04:41:32,121.052100,30.916800,  0, 90,0
37749,2007-02-20 04:42:33,121.052100,30.916800,  0, 90,0
37749,2007-02-20 04:43:34,121.052100,30.916800,  0, 90,0
37749,2007-02-20 04:44:35,121.052100,30.916800,  0, 90,0
37749,2007-02-20 04:45:36,121.052100,30.916800,  0, 90,0
37749,2007-02-20 04:46:37,121.052100,30.916800,  0, 90,0
37749,2007-02-20 04:47:38,121.052100,30.916800,  0, 90,0
37749,2007-02-20 04:48:39,121.052100,30.916800,  0, 90,0
37749,2007-02-20 04:49:40,121.052100,30.916800,  0, 90,0
37749,2007-02-20 04:50:40,121.052100,30.916800,  0, 90,0
37749,2007-02-20 04:51:42,121.052100,30.916800,  0, 90,0
37749,2007-02-20 04:52:43,121.052100,30.916800,  0, 90,0
37749,2007-02-20 04:53:44,121.052100,30.916800,  0, 90,0
37749,2007-02-20 04:55:45,121.052100,30.916800,  0, 90,0
37749,2007-02-20 04:56:46,121.052100,30.916800,  0, 90,0
37749,2007-02-20 04:57:47,121.052100,30.916800,  0, 90,0
37749,2007-02-20 04:58:48,121.052100,30.916800,  0, 90,0
37749,2007-02-20 04:59:49,121.052100,30.916800,  0, 90,0
37749,2007-02-20 05:00:50,121.052100,30.916800,  0, 90,0
37749,2007-02-20 05:02:52,121.052100,30.916800,  0, 90,0
37749,2007-02-20 05:03:53,121.052100,30.916800,  0, 90,0
37749,2007-02-20 05:04:54,121.052100,30.916800,  0, 90,0
37749,2007-02-20 05:05:55,121.052100,30.916800,  0, 90,0
37749,2007-02-20 05:06:55,121.052100,30.916800,  0, 90,0
37749,2007-02-20 05:07:56,121.052100,30.916800,  0, 90,0
37749,2007-02-20 05:08:57,121.052100,30.916800,  0, 90,0
37749,2007-02-20 05:09:58,121.052100,30.916800,  0, 90,0
37749,2007-02-20 05:10:59,121.052100,30.916800,  0, 90,0
37749,2007-02-20 05:12:00,121.052100,30.916800,  0, 90,0
37749,2007-02-20 05:13:01,121.052100,30.916800,  0, 90,0
37749,2007-02-20 05:14:02,121.052100,30.916800,  0, 90,0
37749,2007-02-20 05:15:03,121.052100,30.916800,  0, 90,0
37749,2007-02-20 05:16:04,121.052100,30.916800,  0, 90,0
37749,2007-02-20 05:17:05,121.052100,30.916800,  0, 90,0
37749,2007-02-20 05:18:05,121.052100,30.916800,  0, 90,0
37749,2007-02-20 05:19:07,121.052100,30.916800,  0, 90,0
37749,2007-02-20 05:20:08,121.052100,30.916800,  0, 90,0
37749,2007-02-20 05:22:09,121.052100,30.916800,  0, 90,0
37749,2007-02-20 05:23:10,121.052100,30.916800,  0, 90,0
37749,2007-02-20 05:24:11,121.052100,30.916800,  0, 90,0
37749,2007-02-20 05:25:12,121.052100,30.916800,  0, 90,0
37749,2007-02-20 05:26:13,121.052100,30.916800,  0, 90,0
37749,2007-02-20 05:27:14,121.052100,30.916800,  0, 90,0
37749,2007-02-20 05:28:15,121.052100,30.916800,  0, 90,0
37749,2007-02-20 05:29:15,121.052100,30.916800,  0, 90,0
37749,2007-02-20 05:30:17,121.052100,30.916800,  0, 90,0
37749,2007-02-20 05:32:19,121.052100,30.916800,  0, 90,0
37749,2007-02-20 05:33:20,121.052100,30.916800,  0, 90,0
37749,2007-02-20 05:34:20,121.052100,30.916800,  0, 90,0
37749,2007-02-20 05:35:21,121.052100,30.916800,  0, 90,0
37749,2007-02-20 05:36:22,121.052100,30.916800,  0, 90,0
37749,2007-02-20 05:37:23,121.052100,30.916800,  0, 90,0
37749,2007-02-20 05:38:24,121.052100,30.916800,  0, 90,0
37749,2007-02-20 05:39:25,121.052100,30.916800,  0, 90,0
37749,2007-02-20 05:40:25,121.052100,30.916800,  0, 90,0
37749,2007-02-20 05:41:27,121.052100,30.916800,  0, 90,0
37749,2007-02-20 05:42:28,121.052100,30.916800,  0, 90,0
37749,2007-02-20 05:43:44,121.052100,30.916800,  0, 90,0
37749,2007-02-20 05:44:47,121.052100,30.916800,  0, 90,0
37749,2007-02-20 05:45:48,121.052100,30.916800,  0, 90,0
37749,2007-02-20 05:46:49,121.052100,30.916800,  0, 90,0
37749,2007-02-20 05:47:49,121.052100,30.916800,  0, 90,0
37749,2007-02-20 05:49:51,121.052100,30.916800,  0, 90,0
37749,2007-02-20 05:51:53,121.052100,30.916800,  0, 90,0
37749,2007-02-20 05:52:54,121.052100,30.916800,  0, 90,0
37749,2007-02-20 05:53:55,121.052100,30.916800,  0, 90,0
37749,2007-02-20 05:54:55,121.052100,30.916800,  0, 90,0
37749,2007-02-20 05:55:57,121.052100,30.916800,  0, 90,0
37749,2007-02-20 05:56:58,121.052100,30.916800,  0, 90,0
37749,2007-02-20 05:57:59,121.052100,30.916800,  0, 90,0
37749,2007-02-20 05:59:00,121.052100,30.916800,  0, 90,0
37749,2007-02-20 06:00:00,121.052100,30.916800,  0, 90,0
37749,2007-02-20 06:01:02,121.052100,30.916800,  0, 90,0
37749,2007-02-20 06:02:02,121.052100,30.916800,  0, 90,0
37749,2007-02-20 06:03:03,121.052100,30.916800,  0, 90,0
37749,2007-02-20 06:03:47,121.052100,30.916800,  0, 90,0
37749,2007-02-20 06:04:50,121.052100,30.916800,  0, 90,0
37749,2007-02-20 06:05:50,121.052100,30.916800,  0, 90,0
37749,2007-02-20 06:06:52,121.052100,30.916800,  0, 90,0
37749,2007-02-20 06:07:53,121.052100,30.916800,  0, 90,0
37749,2007-02-20 06:08:54,121.052100,30.916800,  0, 90,0
37749,2007-02-20 06:10:55,121.052100,30.916800,  0, 90,0
37749,2007-02-20 06:12:57,121.052100,30.916800,  0, 90,0
37749,2007-02-20 06:13:58,121.052100,30.916800,  0, 90,0
37749,2007-02-20 06:14:59,121.052100,30.916800,  0, 90,0
37749,2007-02-20 06:16:00,121.052100,30.916800,  0, 90,0
37749,2007-02-20 06:17:00,121.052100,30.916800,  0, 90,0
37749,2007-02-20 06:18:02,121.052100,30.916800,  0, 90,0
37749,2007-02-20 06:19:03,121.052100,30.916800,  0, 90,0
37749,2007-02-20 06:20:04,121.052100,30.916800,  0, 90,0
37749,2007-02-20 06:21:05,121.052100,30.916800,  0, 90,0
37749,2007-02-20 06:22:05,121.052100,30.916800,  0, 90,0
37749,2007-02-20 06:23:06,121.052100,30.916800,  0, 90,0
37749,2007-02-20 06:24:07,121.052100,30.916800,  0, 90,0
37749,2007-02-20 06:25:08,121.052100,30.916800,  0, 90,0
37749,2007-02-20 06:26:09,121.052100,30.916800,  0, 90,0
37749,2007-02-20 06:27:10,121.052100,30.916800,  0, 90,0
37749,2007-02-20 06:28:11,121.052100,30.916800,  0, 90,0
37749,2007-02-20 06:29:12,121.052100,30.916800,  0, 90,0
37749,2007-02-20 06:30:12,121.052100,30.916800,  0, 90,0
37749,2007-02-20 06:31:13,121.052100,30.916800,  0, 90,0
37749,2007-02-20 06:32:14,121.052100,30.916800,  0, 90,0
37749,2007-02-20 06:33:14,121.052100,30.916800,  0, 90,0
37749,2007-02-20 06:34:15,121.052100,30.916800,  0, 90,0
37749,2007-02-20 06:35:16,121.052100,30.916800,  0, 90,0
37749,2007-02-20 06:36:17,121.052100,30.916800,  0, 90,0
37749,2007-02-20 06:37:18,121.052100,30.916800,  0, 90,0
37749,2007-02-20 06:38:19,121.052100,30.916800,  0, 90,0
37749,2007-02-20 06:39:20,121.052100,30.916800,  0, 90,0
37749,2007-02-20 06:40:21,121.052100,30.916800,  0, 90,0
37749,2007-02-20 06:41:22,121.052100,30.916800,  0, 90,0
37749,2007-02-20 06:42:23,121.052100,30.916800,  0, 90,0
37749,2007-02-20 06:43:24,121.052100,30.916800,  0, 90,0
37749,2007-02-20 06:44:24,121.052100,30.916800,  0, 90,0
37749,2007-02-20 06:45:26,121.052100,30.916800,  0, 90,0
37749,2007-02-20 06:46:27,121.052100,30.916800,  0, 90,0
37749,2007-02-20 06:47:27,121.052100,30.916800,  0, 90,0
37749,2007-02-20 06:48:28,121.052100,30.916800,  0, 90,0
37749,2007-02-20 06:50:30,121.052100,30.916800,  0, 90,0
37749,2007-02-20 06:51:31,121.052100,30.916800,  0, 90,0
37749,2007-02-20 06:52:32,121.052100,30.916800,  0, 90,0
37749,2007-02-20 06:54:34,121.052100,30.916800,  0, 90,0
37749,2007-02-20 06:55:34,121.052100,30.916800,  0, 90,0
37749,2007-02-20 06:56:36,121.052100,30.916800,  0, 90,0
37749,2007-02-20 06:57:37,121.052100,30.916800,  0, 90,0
37749,2007-02-20 06:58:38,121.052100,30.916800,  0, 90,0
37749,2007-02-20 06:59:39,121.052100,30.916800,  0, 90,0
37749,2007-02-20 07:00:39,121.052100,30.916800,  0, 90,0
37749,2007-02-20 07:01:40,121.052100,30.916800,  0, 90,0
37749,2007-02-20 07:02:41,121.052100,30.916800,  0, 90,0
37749,2007-02-20 07:03:42,121.052100,30.916800,  0, 90,0
37749,2007-02-20 07:04:43,121.052100,30.916800,  0, 90,0
37749,2007-02-20 07:05:44,121.052100,30.916800,  0, 90,0
37749,2007-02-20 07:07:46,121.052100,30.916800,  0, 90,0
37749,2007-02-20 07:09:48,121.052100,30.916800,  0, 90,0
37749,2007-02-20 07:10:49,121.052100,30.916800,  0, 90,0
37749,2007-02-20 07:11:49,121.052100,30.916800,  0, 90,0
37749,2007-02-20 07:12:51,121.052100,30.916800,  0, 90,0
37749,2007-02-20 07:13:51,121.052100,30.916800,  0, 90,0
37749,2007-02-20 07:14:52,121.052100,30.916800,  0, 90,0
37749,2007-02-20 07:15:53,121.052100,30.916800,  0, 90,0
37749,2007-02-20 07:16:54,121.052100,30.916800,  0, 90,0
37749,2007-02-20 07:17:55,121.052100,30.916800,  0, 90,0
37749,2007-02-20 07:18:56,121.052100,30.916800,  0, 90,0
37749,2007-02-20 07:19:57,121.052100,30.916800,  0, 90,0
37749,2007-02-20 07:20:58,121.052100,30.916800,  0, 90,0
37749,2007-02-20 07:21:59,121.052100,30.916800,  0, 90,0
37749,2007-02-20 07:22:59,121.052100,30.916800,  0, 90,0
37749,2007-02-20 07:24:01,121.052100,30.916800,  0, 90,0
37749,2007-02-20 07:25:02,121.052100,30.916800,  0, 90,0
37749,2007-02-20 07:26:03,121.052100,30.916800,  0, 90,0
37749,2007-02-20 07:26:18,121.052100,30.916800,  0, 90,0
37749,2007-02-20 07:27:19,121.052100,30.916800,  0, 90,0
37749,2007-02-20 07:28:20,121.052100,30.916800,  0, 90,0
37749,2007-02-20 07:29:21,121.052100,30.916800,  0, 90,0
37749,2007-02-20 07:30:22,121.052100,30.916800,  0, 90,0
37749,2007-02-20 07:31:19,121.052100,30.916800,  0, 90,0
37749,2007-02-20 07:32:22,121.052100,30.916800,  0, 90,0
37749,2007-02-20 07:35:24,121.052100,30.916800,  0, 90,0
37749,2007-02-20 07:37:27,121.052100,30.916800,  0, 90,0
37749,2007-02-20 07:38:28,121.052100,30.916800,  0, 90,0
37749,2007-02-20 07:39:28,121.052100,30.916800,  0, 90,0
37749,2007-02-20 07:40:29,121.052100,30.916800,  0, 90,0
37749,2007-02-20 07:41:30,121.052100,30.916800,  0, 90,0
37749,2007-02-20 07:42:31,121.052100,30.916800,  0, 90,0
37749,2007-02-20 07:43:32,121.052100,30.916800,  0, 90,0
37749,2007-02-20 07:44:33,121.052100,30.916800,  0, 90,0
37749,2007-02-20 07:45:34,121.052100,30.916800,  0, 90,0
37749,2007-02-20 07:46:35,121.052100,30.916800,  0, 90,0
37749,2007-02-20 07:47:36,121.052100,30.916800,  0, 90,0
37749,2007-02-20 07:48:37,121.052100,30.916800,  0, 90,0
37749,2007-02-20 07:50:39,121.052100,30.916800,  0, 90,0
37749,2007-02-20 07:51:39,121.052100,30.916800,  0, 90,0
37749,2007-02-20 07:55:43,121.052100,30.916800,  0, 90,0
37749,2007-02-20 07:56:44,121.052100,30.916800,  0, 90,0
37749,2007-02-20 07:57:45,121.052100,30.916800,  0, 90,0
37749,2007-02-20 07:58:46,121.052100,30.916800,  0, 90,0
37749,2007-02-20 07:59:47,121.052100,30.916800,  0, 90,0
37749,2007-02-20 08:00:48,121.052100,30.916800,  0, 90,0
37749,2007-02-20 08:01:49,121.052100,30.916800,  0, 90,0
37749,2007-02-20 08:02:49,121.052100,30.916800,  0, 90,0
37749,2007-02-20 08:03:51,121.052100,30.916800,  0, 90,0
37749,2007-02-20 08:04:52,121.052100,30.916800,  0, 90,0
37749,2007-02-20 08:06:54,121.052100,30.916800,  0, 90,0
37749,2007-02-20 08:07:54,121.052100,30.916800,  0, 90,0
37749,2007-02-20 08:08:55,121.052100,30.916800,  0, 90,0
37749,2007-02-20 08:09:56,121.052100,30.916800,  0, 90,0
37749,2007-02-20 08:10:57,121.052100,30.916800,  0, 90,0
37749,2007-02-20 08:11:58,121.052100,30.916800,  0, 90,0
37749,2007-02-20 08:12:59,121.052100,30.916800,  0, 90,0
37749,2007-02-20 08:14:00,121.052100,30.916800,  0, 90,0
37749,2007-02-20 08:15:01,121.052100,30.916800,  0, 90,0
37749,2007-02-20 08:16:02,121.052100,30.916800,  0, 90,0
37749,2007-02-20 08:17:03,121.052100,30.916800,  0, 90,0
37749,2007-02-20 08:20:06,121.052100,30.916800,  0, 90,0
37749,2007-02-20 08:21:07,121.052100,30.916800,  0, 90,0
37749,2007-02-20 08:22:07,121.052100,30.916800,  0, 90,0
37749,2007-02-20 08:23:09,121.052100,30.916800,  0, 90,0
37749,2007-02-20 08:24:09,121.052100,30.916800,  0, 90,0
37749,2007-02-20 08:25:11,121.052100,30.916800,  0, 90,0
37749,2007-02-20 08:26:12,121.052100,30.916800,  0, 90,0
37749,2007-02-20 08:28:14,121.052100,30.916800,  0, 90,0
37749,2007-02-20 08:29:14,121.052100,30.916800,  0, 90,0
37749,2007-02-20 08:30:16,121.052100,30.916800,  0, 90,0
37749,2007-02-20 08:31:17,121.052100,30.916800,  0, 90,0
37749,2007-02-20 08:32:18,121.052100,30.916800,  0, 90,0
37749,2007-02-20 08:33:18,121.052100,30.916800,  0, 90,0
37749,2007-02-20 08:34:19,121.052100,30.916800,  0, 90,0
37749,2007-02-20 08:35:20,121.052100,30.916800,  0, 90,0
37749,2007-02-20 08:36:21,121.052100,30.916800,  0, 90,0
37749,2007-02-20 08:37:22,121.052100,30.916800,  0, 90,0
37749,2007-02-20 08:38:23,121.052100,30.916800,  0, 90,0
37749,2007-02-20 08:39:24,121.052100,30.916800,  0, 90,0
37749,2007-02-20 08:40:25,121.052100,30.916800,  0, 90,0
37749,2007-02-20 08:41:26,121.052100,30.916800,  0, 90,0
37749,2007-02-20 08:42:27,121.052100,30.916800,  0, 90,0
37749,2007-02-20 08:43:28,121.052100,30.916800,  0, 90,0
37749,2007-02-20 08:44:29,121.052100,30.916800,  0, 90,0
37749,2007-02-20 08:45:30,121.052100,30.916800,  0, 90,0
37749,2007-02-20 08:46:31,121.052100,30.916800,  0, 90,0
37749,2007-02-20 08:47:32,121.052100,30.916800,  0, 90,0
37749,2007-02-20 08:48:33,121.052100,30.916800,  0, 90,0
37749,2007-02-20 08:48:54,121.052100,30.916800,  0, 90,1
37749,2007-02-20 08:49:55,121.052100,30.916800,  0, 90,1
37749,2007-02-20 08:51:57,121.052100,30.916800,  0, 90,1
37749,2007-02-20 08:52:58,121.052100,30.916800,  0, 90,1
37749,2007-02-20 08:54:08,121.052100,30.916800,  0, 90,0
37749,2007-02-20 08:55:09,121.052100,30.916800,  0, 90,0
37749,2007-02-20 08:56:10,121.052100,30.916800,  0, 90,0
37749,2007-02-20 08:57:11,121.052100,30.916800,  0, 90,0
37749,2007-02-20 08:58:12,121.052100,30.916800,  0, 90,0
37749,2007-02-20 08:59:13,121.052100,30.916800,  0, 90,0
37749,2007-02-20 09:00:14,121.052100,30.916800,  0, 90,0
37749,2007-02-20 09:01:15,121.052100,30.916800,  0, 90,0
37749,2007-02-20 09:02:16,121.052100,30.916800,  0, 90,0
37749,2007-02-20 09:03:17,121.052100,30.916800,  0, 90,0
37749,2007-02-20 09:05:19,121.052100,30.916800,  0, 90,0
37749,2007-02-20 09:06:20,121.052100,30.916800,  0, 90,0
37749,2007-02-20 09:07:21,121.052100,30.916800,  0, 90,0
37749,2007-02-20 09:08:22,121.052100,30.916800,  0, 90,0
37749,2007-02-20 09:09:23,121.052100,30.916800,  0, 90,0
37749,2007-02-20 09:10:24,121.052100,30.916800,  0, 90,0
37749,2007-02-20 09:11:24,121.052100,30.916800,  0, 90,0
37749,2007-02-20 09:12:26,121.052100,30.916800,  0, 90,0
37749,2007-02-20 09:13:27,121.052100,30.916800,  0, 90,0
37749,2007-02-20 09:14:28,121.052100,30.916800,  0, 90,0
37749,2007-02-20 09:15:29,121.052100,30.916800,  0, 90,0
37749,2007-02-20 09:16:29,121.052100,30.916800,  0, 90,0
37749,2007-02-20 09:17:31,121.052100,30.916800,  0, 90,0
37749,2007-02-20 09:18:31,121.052100,30.916800,  0, 90,0
37749,2007-02-20 09:19:32,121.052100,30.916800,  0, 90,0
37749,2007-02-20 09:20:33,121.052100,30.916800,  0, 90,0
37749,2007-02-20 09:21:34,121.052100,30.916800,  0, 90,0
37749,2007-02-20 09:22:35,121.052100,30.916800,  0, 90,0
37749,2007-02-20 09:23:53,121.052100,30.916800,  0,  0,0
37749,2007-02-20 09:24:55,121.052100,30.916800,  0,  0,0
37749,2007-02-20 09:25:57,121.052100,30.916800,  0,  0,0
37749,2007-02-20 09:26:58,121.052100,30.916800,  0,  0,0
37749,2007-02-20 09:27:59,121.052100,30.916800,  0,  0,0
37749,2007-02-20 09:29:00,121.052100,30.916800,  0,  0,0
37749,2007-02-20 09:30:01,121.052100,30.916800,  0,  0,0
37749,2007-02-20 09:30:16,121.052100,30.916800,  0,  0,1
37749,2007-02-20 09:31:15,121.052100,30.916800,  0,  0,1
37749,2007-02-20 09:32:17,121.052100,30.916800,  0,  0,1
37749,2007-02-20 09:33:18,121.354100,31.103300,  0, 22,1
37749,2007-02-20 09:34:19,121.354100,31.103300,  0, 22,1
37749,2007-02-20 09:35:20,121.354100,31.103100, 12, 67,1
37749,2007-02-20 09:36:21,121.354600,31.103000,  0, 67,1
37749,2007-02-20 09:37:21,121.354600,31.103000,  0, 67,1
37749,2007-02-20 09:38:22,121.354600,31.103000,  0, 67,1
37749,2007-02-20 09:39:23,121.354600,31.103000,  0, 67,1
37749,2007-02-20 09:40:24,121.354600,31.103000,  0, 67,1
37749,2007-02-20 09:41:25,121.354600,31.103000,  0, 67,1
37749,2007-02-20 09:43:26,121.379500,31.113000,  0, 67,0
37749,2007-02-20 09:44:26,121.379500,31.114100,  0, 67,0
37749,2007-02-20 09:45:27,121.379500,31.114100,  0, 67,0
37749,2007-02-20 09:46:28,121.379000,31.111600,  0, 45,0
37749,2007-02-20 09:47:29,121.379000,31.111600,  0, 45,0
37749,2007-02-20 09:48:30,121.379000,31.111600,  0, 45,0
37749,2007-02-20 09:49:09,121.378300,31.110800, 32,112,0
37749,2007-02-20 09:49:31,121.378300,31.110600, 20, 22,0
37749,2007-02-20 09:50:32,121.378500,31.111000,  0, 22,0
37749,2007-02-20 09:51:33,121.378500,31.111000,  0, 22,0
37749,2007-02-20 09:52:34,121.378500,31.111000,  0, 22,0
37749,2007-02-20 09:54:36,121.378500,31.111000,  0, 22,0
37749,2007-02-20 09:55:37,121.378500,31.111000,  0, 22,0
37749,2007-02-20 09:56:38,121.378500,31.111000,  0, 22,0
37749,2007-02-20 09:57:39,121.378500,31.111000,  0, 22,0
37749,2007-02-20 09:58:40,121.378500,31.111000,  0, 22,0
37749,2007-02-20 09:59:41,121.378500,31.111000,  0, 22,0
37749,2007-02-20 10:00:10,121.379300,31.111600, 20, 22,0
37749,2007-02-20 10:01:11,121.379600,31.112300,  0, 22,0
37749,2007-02-20 10:02:12,121.379600,31.112300,  0, 22,0
37749,2007-02-20 10:03:13,121.379600,31.112300,  0, 22,0
37749,2007-02-20 10:04:14,121.380000,31.112600,  0, 22,0
37749,2007-02-20 10:05:15,121.380000,31.112600,  0, 22,0
37749,2007-02-20 10:05:57,121.380000,31.112800,  8, 22,1
37749,2007-02-20 10:06:58,121.380300,31.113600,  0,157,1
37749,2007-02-20 10:07:59,121.378800,31.112600, 48,112,1
37749,2007-02-20 10:09:00,121.375500,31.110000,  0,112,1
37749,2007-02-20 10:10:01,121.375000,31.109600, 36,112,1
37749,2007-02-20 10:11:02,121.373300,31.108600,  0,112,1
37749,2007-02-20 10:12:03,121.373300,31.108600,  0,112,1
37749,2007-02-20 10:13:04,121.373300,31.108600,  0,112,1
37749,2007-02-20 10:14:05,121.373300,31.108600,  0,112,1
37749,2007-02-20 10:14:40,121.373300,31.108600,  0,112,0
37749,2007-02-20 10:15:41,121.373300,31.108600,  0,112,0
37749,2007-02-20 10:16:35,121.366300,31.112100, 46, 22,0
37749,2007-02-20 10:17:04,121.367300,31.112500,  0, 22,1
37749,2007-02-20 10:18:05,121.367300,31.112500,  0, 22,1
37749,2007-02-20 10:19:05,121.367300,31.112500,  0, 22,1
37749,2007-02-20 10:20:07,121.367300,31.112500,  0, 22,1
37749,2007-02-20 10:21:07,121.377300,31.124000, 52, 45,1
37749,2007-02-20 10:21:26,121.377800,31.124600,  0,157,0
37749,2007-02-20 10:21:42,121.377800,31.124600,  0,157,0
37749,2007-02-20 10:22:20,121.377800,31.124100, 34, 90,0
37749,2007-02-20 10:22:36,121.375800,31.123500, 50,135,0
37749,2007-02-20 10:22:52,121.373600,31.123000, 38,112,0
37749,2007-02-20 10:23:24,121.375100,31.119300, 50, 90,0
37749,2007-02-20 10:23:56,121.376100,31.117300, 36, 67,0
37749,2007-02-20 10:24:12,121.377100,31.116000, 36, 67,0
37749,2007-02-20 10:24:40,121.377800,31.115100, 16, 67,0
37749,2007-02-20 10:24:59,121.378300,31.114100, 36, 67,0
37749,2007-02-20 10:25:15,121.379100,31.113300,  6, 67,0
37749,2007-02-20 10:25:58,121.378800,31.112600, 42,112,0
37749,2007-02-20 10:26:14,121.378600,31.111600, 32, 67,0
37749,2007-02-20 10:26:30,121.378300,31.110600, 40,112,0
37749,2007-02-20 10:27:31,121.378100,31.110600,  0, 22,0
37749,2007-02-20 10:28:32,121.378100,31.110600,  0, 22,0
37749,2007-02-20 10:29:33,121.378100,31.110600,  0, 22,0
37749,2007-02-20 10:30:34,121.378100,31.110600,  0, 22,0
37749,2007-02-20 10:31:21,121.379000,31.111300, 22,  0,0
37749,2007-02-20 10:32:22,121.379500,31.112100,  0, 22,0
37749,2007-02-20 10:33:23,121.379500,31.112100, 12, 22,0
37749,2007-02-20 10:34:50,121.379800,31.112600, 10, 22,1
37749,2007-02-20 10:35:50,121.379100,31.114500, 24,157,1
37749,2007-02-20 10:36:51,121.378600,31.114800,  0,157,1
37749,2007-02-20 10:37:53,121.376000,31.118000,  4,  0,1
37749,2007-02-20 10:38:53,121.375300,31.119300, 52,157,1
37749,2007-02-20 10:39:55,121.371600,31.124500, 54,135,1
37749,2007-02-20 10:40:56,121.367000,31.123100,  0,135,1
37749,2007-02-20 10:41:56,121.362300,31.122000, 50,135,1
37749,2007-02-20 10:42:58,121.355500,31.120000, 46,135,1
37749,2007-02-20 10:43:59,121.351100,31.117800, 28,135,1
37749,2007-02-20 10:45:00,121.346500,31.116000, 32,112,1
37749,2007-02-20 10:46:00,121.344600,31.114600,  0,112,1
37749,2007-02-20 10:47:01,121.344600,31.114600,  0,112,1
37749,2007-02-20 10:48:02,121.344600,31.114600,  0,112,1
37749,2007-02-20 10:51:24,121.317000,31.104000, 32,135,1
37749,2007-02-20 10:52:25,121.312100,31.099600, 76,112,1
37749,2007-02-20 10:53:00,121.310000,31.094300, 68, 90,0
37749,2007-02-20 10:53:15,121.310000,31.094000,  0, 90,0
37749,2007-02-20 10:54:16,121.310000,31.094000,  0, 90,0
37749,2007-02-20 10:55:18,121.310000,31.094000,  0, 90,1
37749,2007-02-20 10:56:18,121.310000,31.094000,  0, 90,1
37749,2007-02-20 10:57:19,121.316300,31.075300, 70, 45,1
37749,2007-02-20 10:58:21,121.319300,31.075800,  0, 45,1
37749,2007-02-20 10:58:41,121.325000,31.072300,  0, 45,0
37749,2007-02-20 11:00:17,121.330000,31.074100, 62, 22,0
37749,2007-02-20 11:00:33,121.332500,31.075100, 62, 22,0
37749,2007-02-20 11:00:49,121.334300,31.076000, 20, 22,0
37749,2007-02-20 11:01:07,121.334000,31.077000, 30,157,0
37749,2007-02-20 11:01:23,121.333100,31.078500, 42,  0,0
37749,2007-02-20 11:02:06,121.332800,31.079300, 42,157,0
37749,2007-02-20 11:02:22,121.331800,31.081500, 66,157,0
37749,2007-02-20 11:02:54,121.329100,31.086000, 66,157,0
37749,2007-02-20 11:03:09,121.328100,31.087800, 50,157,0
37749,2007-02-20 11:03:26,121.329300,31.088800, 54, 45,0
37749,2007-02-20 11:03:42,121.332000,31.089600, 70, 45,0
37749,2007-02-20 11:03:58,121.334500,31.090500, 52, 45,0
37749,2007-02-20 11:04:14,121.337100,31.091300, 68, 45,0
37749,2007-02-20 11:04:29,121.339300,31.092000, 42, 45,0
37749,2007-02-20 11:04:46,121.340000,31.092800, 40,157,0
37749,2007-02-20 11:05:02,121.339000,31.094600, 56,157,0
37749,2007-02-20 11:05:18,121.338100,31.096100, 22,157,0
37749,2007-02-20 11:05:34,121.339100,31.096600, 42, 22,0
37749,2007-02-20 11:05:49,121.341500,31.097500, 72, 22,0
37749,2007-02-20 11:06:06,121.344100,31.098500, 48, 22,0
37749,2007-02-20 11:06:22,121.346100,31.099100, 48, 22,0
37749,2007-02-20 11:07:23,121.347100,31.099500,  0, 22,0
37749,2007-02-20 11:08:24,121.347100,31.099500,  0, 22,0
37749,2007-02-20 11:09:24,121.347100,31.099500,  0, 22,0
37749,2007-02-20 11:10:25,121.347100,31.099500,  0, 22,0
37749,2007-02-20 11:10:52,121.347100,31.099500,  0, 22,1
37749,2007-02-20 11:12:54,121.355000,31.102100,  8, 67,1
37749,2007-02-20 11:13:55,121.357500,31.101800, 18, 45,1
37749,2007-02-20 11:14:56,121.358000,31.101800,  0, 45,1
37749,2007-02-20 11:15:57,121.358000,31.101800,  0, 45,1
37749,2007-02-20 11:16:58,121.358000,31.101800,  0, 45,1
37749,2007-02-20 11:17:59,121.358000,31.101800,  0, 45,1
37749,2007-02-20 11:19:00,121.358000,31.101800,  0, 45,1
37749,2007-02-20 11:19:15,121.358000,31.101800,  0, 45,0
37749,2007-02-20 11:20:15,121.378300,31.112600,  0, 45,0
37749,2007-02-20 11:21:16,121.378300,31.112600,  0, 45,0
37749,2007-02-20 11:22:22,121.378300,31.112600,  0, 45,1
37749,2007-02-20 11:23:23,121.378300,31.115000,  0, 45,1
37749,2007-02-20 11:24:23,121.378300,31.114800,  0, 90,1
37749,2007-02-20 11:25:25,121.375100,31.119600, 76,157,1
37749,2007-02-20 11:26:26,121.373500,31.123100, 36,  0,1
37749,2007-02-20 11:27:27,121.370300,31.129800, 44,157,1
37749,2007-02-20 11:28:28,121.364500,31.130800, 12,135,1
37749,2007-02-20 11:29:28,121.364500,31.130800,  0,135,1
37749,2007-02-20 11:30:30,121.362100,31.130000,  0,135,1
37749,2007-02-20 11:31:31,121.357600,31.128100, 76,112,1
37749,2007-02-20 11:32:32,121.350000,31.130600, 70,157,1
37749,2007-02-20 11:33:33,121.345500,31.135300, 48,157,1
37749,2007-02-20 11:34:27,121.343800,31.137300,  0, 90,0
37749,2007-02-20 11:34:43,121.344000,31.137300, 20, 67,0
37749,2007-02-20 11:34:58,121.345000,31.136000, 58, 67,0
37749,2007-02-20 11:35:15,121.346500,31.134000, 60, 67,0
37749,2007-02-20 11:35:38,121.347100,31.133300, 30, 45,0
37749,2007-02-20 11:35:53,121.349000,31.134000, 58, 22,0
37749,2007-02-20 11:36:10,121.351500,31.135100, 64, 22,0
37749,2007-02-20 11:36:26,121.354100,31.136300, 68, 22,0
37749,2007-02-20 11:36:55,121.356300,31.137100, 16, 45,1
37749,2007-02-20 11:37:56,121.361000,31.131800, 70, 67,1
37749,2007-02-20 11:38:57,121.367300,31.131800, 38, 22,1
37749,2007-02-20 11:39:58,121.372000,31.126300, 74, 90,1
37749,2007-02-20 11:40:58,121.373500,31.123100, 42, 90,1
37749,2007-02-20 11:42:00,121.375500,31.118600,  6, 90,1
37749,2007-02-20 11:43:01,121.377800,31.115000,  0, 67,1
37749,2007-02-20 11:44:02,121.377800,31.115000,  0, 67,1
37749,2007-02-20 11:45:00,121.379300,31.113100,  0,112,0
37749,2007-02-20 11:45:16,121.379300,31.113000, 12,112,0
37749,2007-02-20 11:45:32,121.378300,31.112100, 16, 90,0
37749,2007-02-20 11:45:48,121.378800,31.111300, 28,112,0
37749,2007-02-20 11:46:06,121.378000,31.110500, 20,112,0
37749,2007-02-20 11:46:25,121.378600,31.111000, 34, 22,0
37749,2007-02-20 11:46:41,121.379300,31.111800, 26, 22,0
37749,2007-02-20 11:47:42,121.379500,31.112000,  0, 22,0
37749,2007-02-20 11:48:43,121.379600,31.112300,  0, 22,0
37749,2007-02-20 11:49:36,121.379800,31.112500, 12, 22,1
37749,2007-02-20 11:50:36,121.379800,31.113800, 32,157,1
37749,2007-02-20 11:51:37,121.378300,31.115000,  0,135,1
37749,2007-02-20 11:52:38,121.378300,31.115000,  4,135,1
37749,2007-02-20 11:53:38,121.374100,31.121800, 60,157,1
37749,2007-02-20 11:54:40,121.372800,31.125000, 66,157,1
37749,2007-02-20 11:55:41,121.369000,31.132300, 26,157,1
37749,2007-02-20 11:56:42,121.363000,31.130100, 44,135,1
37749,2007-02-20 11:57:43,121.355600,31.127300, 92,112,1
37749,2007-02-20 11:59:45,121.347300,31.128600, 44,112,1
37749,2007-02-20 12:00:46,121.338500,31.124500, 42,157,1
37749,2007-02-20 12:01:47,121.333600,31.133600, 38,157,1
37749,2007-02-20 12:02:48,121.328100,31.132300, 30, 90,1
37749,2007-02-20 12:03:09,121.328600,31.131300,  0, 67,0
37749,2007-02-20 12:03:25,121.328800,31.131300, 14, 67,0
37749,2007-02-20 12:03:43,121.328500,31.131800, 42,157,0
37749,2007-02-20 12:04:07,121.328500,31.132600, 34, 22,0
37749,2007-02-20 12:04:23,121.330100,31.133500, 36, 22,0
37749,2007-02-20 12:04:38,121.331800,31.134300, 60, 22,0
37749,2007-02-20 12:04:55,121.333300,31.134300, 42, 67,0
37749,2007-02-20 12:05:11,121.334000,31.133100, 34, 67,0
37749,2007-02-20 12:05:27,121.334600,31.131600, 44, 67,0
37749,2007-02-20 12:05:43,121.335600,31.129800, 64, 67,0
37749,2007-02-20 12:05:58,121.336800,31.127800, 64, 67,0
37749,2007-02-20 12:06:15,121.338100,31.125300, 62, 67,0
37749,2007-02-20 12:06:31,121.338800,31.124000, 22, 67,0
37749,2007-02-20 12:06:47,121.340600,31.124600, 60, 22,0
37749,2007-02-20 12:07:03,121.343100,31.126000, 68, 22,0
37749,2007-02-20 12:07:18,121.345300,31.127300, 76, 22,0
37749,2007-02-20 12:07:35,121.347800,31.128800, 34, 22,0
37749,2007-02-20 12:07:51,121.348600,31.128100, 54, 67,0
37749,2007-02-20 12:08:23,121.351000,31.125100, 34, 22,0
37749,2007-02-20 12:08:38,121.353000,31.126000, 56, 22,0
37749,2007-02-20 12:08:56,121.354100,31.126500, 24, 22,0
37749,2007-02-20 12:09:12,121.356100,31.127300, 68, 22,0
37749,2007-02-20 12:09:28,121.359100,31.128600, 84, 22,0
37749,2007-02-20 12:09:43,121.361800,31.129800, 62, 22,0
37749,2007-02-20 12:10:00,121.363800,31.130300, 36, 45,0
37749,2007-02-20 12:10:16,121.365500,31.131000, 40, 22,0
37749,2007-02-20 12:10:32,121.366800,31.131600, 32, 22,0
37749,2007-02-20 12:10:48,121.368000,31.132100, 28, 22,0
37749,2007-02-20 12:11:03,121.369000,31.132100, 38, 67,0
37749,2007-02-20 12:11:20,121.370100,31.130000, 64, 67,0
37749,2007-02-20 12:11:36,121.371500,31.127600, 76, 67,0
37749,2007-02-20 12:11:52,121.372500,31.125300, 60, 90,0
37749,2007-02-20 12:12:08,121.373500,31.123000, 60, 90,0
37749,2007-02-20 12:12:23,121.374300,31.121000, 64, 90,0
37749,2007-02-20 12:12:40,121.375300,31.119000, 24, 67,0
37749,2007-02-20 12:13:13,121.375800,31.118000, 40, 67,0
37749,2007-02-20 12:13:30,121.376800,31.116500, 48, 67,0
37749,2007-02-20 12:13:46,121.377600,31.115100, 34, 67,0
37749,2007-02-20 12:14:02,121.378100,31.114300, 44, 67,0
37749,2007-02-20 12:14:18,121.379300,31.113000, 16, 90,0
37749,2007-02-20 12:14:33,121.378500,31.112100, 34, 90,0
37749,2007-02-20 12:14:50,121.378500,31.111000, 40,112,0
37749,2007-02-20 12:15:51,121.378000,31.110500,  0, 22,0
37749,2007-02-20 12:16:52,121.378000,31.110500,  0, 22,0
37749,2007-02-20 12:17:53,121.378000,31.110500,  0, 22,0
37749,2007-02-20 12:18:53,121.378000,31.110500,  0, 22,0
37749,2007-02-20 12:19:55,121.378000,31.110500,  0, 22,0
37749,2007-02-20 12:21:57,121.378000,31.110500,  0, 22,0
37749,2007-02-20 12:22:58,121.378000,31.110500,  0, 22,0
37749,2007-02-20 12:23:58,121.378000,31.110500,  0, 22,0
37749,2007-02-20 12:25:00,121.378000,31.110500,  0, 22,0
37749,2007-02-20 12:26:01,121.378000,31.110500,  0, 22,0
37749,2007-02-20 12:27:02,121.378000,31.110500,  0, 22,0
37749,2007-02-20 12:28:03,121.378000,31.110500,  0, 22,0
37749,2007-02-20 12:29:03,121.378000,31.110500,  0, 22,0
37749,2007-02-20 12:30:05,121.378000,31.110500,  0, 22,0
37749,2007-02-20 12:31:06,121.378000,31.110500,  0, 22,0
37749,2007-02-20 12:32:07,121.378000,31.110500,  0, 22,0
37749,2007-02-20 12:33:08,121.378000,31.110500,  0, 22,0
37749,2007-02-20 12:34:08,121.378000,31.110500,  0, 22,0
37749,2007-02-20 12:35:10,121.378000,31.110500,  0, 22,0
37749,2007-02-20 12:36:11,121.378100,31.110500,  0, 22,0
37749,2007-02-20 12:37:12,121.378100,31.110500,  0, 22,0
37749,2007-02-20 12:38:13,121.378500,31.110800, 12, 22,0
37749,2007-02-20 12:39:13,121.378600,31.111000,  0, 22,0
37749,2007-02-20 12:40:15,121.378600,31.111000,  0, 22,0
37749,2007-02-20 12:42:17,121.378600,31.111000,  0, 22,0
37749,2007-02-20 12:43:18,121.378600,31.111000,  0, 22,0
37749,2007-02-20 12:44:18,121.378600,31.111000,  0, 22,0
37749,2007-02-20 12:45:20,121.378600,31.111000,  0, 22,0
37749,2007-02-20 12:46:21,121.378600,31.111000,  0, 22,0
37749,2007-02-20 12:47:22,121.378600,31.111000,  0, 22,0
37749,2007-02-20 12:48:23,121.378600,31.111000,  0, 22,0
37749,2007-02-20 12:49:23,121.378600,31.111000,  0, 22,0
37749,2007-02-20 12:50:25,121.378600,31.111000,  0, 22,0
37749,2007-02-20 12:51:26,121.378600,31.111000,  0, 22,0
37749,2007-02-20 12:52:27,121.378600,31.111000,  0, 22,0
37749,2007-02-20 12:53:28,121.379000,31.111300,  0,  0,0
37749,2007-02-20 12:54:28,121.379500,31.112000,  0, 22,0
37749,2007-02-20 12:55:30,121.379500,31.112000,  0, 22,0
37749,2007-02-20 12:56:31,121.379500,31.112000,  0, 22,0
37749,2007-02-20 12:57:32,121.379500,31.112000,  0, 22,0
37749,2007-02-20 12:58:33,121.379500,31.112000,  0, 22,0
37749,2007-02-20 12:59:33,121.379500,31.112000,  0, 22,0
37749,2007-02-20 13:00:35,121.379500,31.112000,  0, 22,0
37749,2007-02-20 13:02:37,121.379500,31.112000,  0, 22,0
37749,2007-02-20 13:03:38,121.379500,31.112000,  0, 22,0
37749,2007-02-20 13:04:38,121.379500,31.112000,  0, 22,0
37749,2007-02-20 13:05:40,121.379500,31.112000,  0, 22,0
37749,2007-02-20 13:06:41,121.380000,31.112800,  0, 22,0
37749,2007-02-20 13:07:42,121.380000,31.112800,  0, 22,0
37749,2007-02-20 13:08:00,121.380000,31.112800,  4, 67,1
37749,2007-02-20 13:09:00,121.379100,31.114500, 48,157,1
37749,2007-02-20 13:10:01,121.374000,31.111300, 42,112,1
37749,2007-02-20 13:11:02,121.370500,31.113800, 34,157,1
37749,2007-02-20 13:12:03,121.366300,31.114600,  0,157,1
37749,2007-02-20 13:13:13,121.365500,31.115800,  0,  0,0
37749,2007-02-20 13:15:16,121.365500,31.115800,  0,  0,0
37749,2007-02-20 13:16:17,121.365500,31.115800,  0,  0,0
37749,2007-02-20 13:17:18,121.365500,31.115800,  0,  0,0
37749,2007-02-20 13:17:33,121.365500,31.115800,  0,  0,1
37749,2007-02-20 13:18:33,121.365500,31.115800,  0,  0,1
37749,2007-02-20 13:19:34,121.364300,31.105600, 50, 22,1
37749,2007-02-20 13:20:35,121.366300,31.106600,  0, 22,1
37749,2007-02-20 13:22:37,121.366300,31.106600,  0, 22,1
37749,2007-02-20 13:23:38,121.366300,31.106600,  0, 22,1
37749,2007-02-20 13:24:13,121.379500,31.113100,  0, 22,0
37749,2007-02-20 13:25:13,121.379500,31.113100,  0, 22,0
37749,2007-02-20 13:26:14,121.379500,31.113100,  0, 22,0
37749,2007-02-20 13:27:15,121.379500,31.113100,  0, 22,0
37749,2007-02-20 13:28:16,121.379500,31.113100,  0, 22,0
37749,2007-02-20 13:29:17,121.378500,31.111000,  0, 45,0
37749,2007-02-20 13:31:20,121.378500,31.111000,  0, 45,0
37749,2007-02-20 13:32:21,121.378500,31.111000,  0, 45,0
37749,2007-02-20 13:33:22,121.378500,31.111000,  0, 45,0
37749,2007-02-20 13:34:23,121.378500,31.111100,  0, 45,0
37749,2007-02-20 13:35:23,121.378500,31.111100,  0, 45,0
37749,2007-02-20 13:36:25,121.378500,31.111100,  0, 45,0
37749,2007-02-20 13:37:26,121.378500,31.111100,  0, 45,0
37749,2007-02-20 13:39:27,121.378500,31.111100,  0, 45,0
37749,2007-02-20 13:40:28,121.378500,31.111100,  0, 45,0
37749,2007-02-20 13:41:29,121.379000,31.111500,  0, 45,0
37749,2007-02-20 13:42:30,121.379000,31.111500,  0, 45,0
37749,2007-02-20 13:44:33,121.379000,31.111500,  0, 45,0
37749,2007-02-20 13:45:34,121.379000,31.111500,  0, 45,0
37749,2007-02-20 13:46:35,121.378800,31.111100,  0, 67,0
37749,2007-02-20 13:48:36,121.378800,31.111100,  0, 67,0
37749,2007-02-20 13:49:38,121.378800,31.111100,  0, 67,0
37749,2007-02-20 13:50:39,121.379500,31.112000,  0, 67,0
37749,2007-02-20 13:51:40,121.379500,31.112000,  0, 67,0
37749,2007-02-20 13:52:41,121.379500,31.112000,  0, 67,0
37749,2007-02-20 13:53:42,121.379500,31.112000,  0, 67,0
37749,2007-02-20 13:54:43,121.379500,31.112000,  0, 67,0
37749,2007-02-20 13:55:43,121.380000,31.112800,  6, 22,0
37749,2007-02-20 13:57:45,121.380100,31.113000,  0, 22,0
37749,2007-02-20 13:58:46,121.380100,31.113000,  0, 22,0
37749,2007-02-20 13:59:47,121.380100,31.113000,  0, 22,0
37749,2007-02-20 14:01:21,121.380000,31.113000,  0, 22,1
37749,2007-02-20 14:02:22,121.380000,31.113000,  0, 22,1
37749,2007-02-20 14:04:24,121.380000,31.113000,  0, 22,1
37749,2007-02-20 14:05:26,121.380000,31.113000,  0, 22,1
37749,2007-02-20 14:06:27,121.380000,31.113000,  0, 22,1
37749,2007-02-20 14:07:28,121.380000,31.113000,  0, 22,1
37749,2007-02-20 14:08:29,121.380000,31.113000,  0, 22,1
37749,2007-02-20 14:09:37,121.380000,31.113000,  0, 22,0
37749,2007-02-20 14:10:37,121.380000,31.113000,  0, 22,0
37749,2007-02-20 14:11:38,121.380000,31.113000,  0, 22,0
37749,2007-02-20 14:12:39,121.380000,31.113000,  0, 22,0
37749,2007-02-20 14:12:55,121.367100,31.118300, 34,112,0
37749,2007-02-20 14:13:23,121.367000,31.117800, 32, 67,0
37749,2007-02-20 14:13:39,121.367800,31.116500, 34, 67,0
37749,2007-02-20 14:13:55,121.368800,31.114800, 40, 67,0
37749,2007-02-20 14:14:13,121.369300,31.113800, 34, 67,0
37749,2007-02-20 14:14:32,121.369800,31.112800, 20, 67,0
37749,2007-02-20 14:15:33,121.370100,31.112100,  0, 22,0
37749,2007-02-20 14:15:51,121.370100,31.112300, 16,  0,1
37749,2007-02-20 14:16:51,121.371800,31.113300,  0, 22,1
37749,2007-02-20 14:18:53,121.375600,31.116800,  0, 90,1
37749,2007-02-20 14:19:43,121.378300,31.115100, 10, 45,0
37749,2007-02-20 14:19:58,121.378600,31.115000, 10, 45,0
37749,2007-02-20 14:21:11,121.376600,31.117100, 32,157,1
37749,2007-02-20 14:22:12,121.374100,31.120100,  0,157,1
37749,2007-02-20 14:23:13,121.373600,31.121000, 46,157,1
37749,2007-02-20 14:24:14,121.370300,31.128800, 70,  0,1
37749,2007-02-20 14:25:15,121.365800,31.137300, 56,  0,1
37749,2007-02-20 14:27:17,121.365800,31.140100, 16,  0,1
37749,2007-02-20 14:28:18,121.356300,31.135800, 90,112,1
37749,2007-02-20 14:29:19,121.347300,31.133800, 72,157,1
37749,2007-02-20 14:30:14,121.342300,31.134000,  0, 67,0
37749,2007-02-20 14:30:29,121.342300,31.134000,  0, 67,0
37749,2007-02-20 14:30:53,121.343100,31.134300, 46, 22,0
37749,2007-02-20 14:31:09,121.345000,31.135100, 44, 22,0
37749,2007-02-20 14:31:25,121.346300,31.134600, 52, 67,0
37749,2007-02-20 14:31:41,121.348300,31.132800, 52, 67,0
37749,2007-02-20 14:32:08,121.349100,31.132000, 34, 67,0
37749,2007-02-20 14:32:24,121.351500,31.133100, 74, 22,0
37749,2007-02-20 14:32:56,121.356000,31.135100, 84, 22,0
37749,2007-02-20 14:33:12,121.358300,31.136300, 38, 67,0
37749,2007-02-20 14:33:28,121.359500,31.134100, 78, 67,0
37749,2007-02-20 14:33:44,121.360500,31.132000,  8, 67,0
37749,2007-02-20 14:34:13,121.361000,31.131100, 52, 67,0
37749,2007-02-20 14:34:29,121.362300,31.129000, 76, 67,0
37749,2007-02-20 14:34:45,121.364300,31.126000, 84, 67,0
37749,2007-02-20 14:35:01,121.365000,31.124800,  0, 67,0
37749,2007-02-20 14:35:17,121.364000,31.124300, 48,135,0
37749,2007-02-20 14:35:33,121.363300,31.123800, 36, 67,0
37749,2007-02-20 14:35:49,121.364100,31.122000, 52, 90,0
37749,2007-02-20 14:36:05,121.363300,31.121100, 50,135,0
37749,2007-02-20 14:36:21,121.361100,31.120500, 50,135,0
37749,2007-02-20 14:36:37,121.359800,31.120100, 12,112,0
37749,2007-02-20 14:36:54,121.360100,31.119100, 26,135,0
37749,2007-02-20 14:37:10,121.358500,31.118600, 38,112,0
37749,2007-02-20 14:37:26,121.357300,31.118300,  0,135,0
37749,2007-02-20 14:38:27,121.357300,31.118300,  0,135,0
37749,2007-02-20 14:39:01,121.358100,31.116800, 48, 67,0
37749,2007-02-20 14:39:17,121.358300,31.115100,  4, 67,0
37749,2007-02-20 14:39:18,121.358300,31.115100, 10, 67,1
37749,2007-02-20 14:40:18,121.359000,31.112300, 44, 90,1
37749,2007-02-20 14:41:19,121.360500,31.108600, 38, 67,1
37749,2007-02-20 14:42:20,121.363500,31.104100, 52, 90,1
37749,2007-02-20 14:43:21,121.366000,31.099800,  0, 90,1
37749,2007-02-20 14:44:22,121.366000,31.099800,  0, 90,1
37749,2007-02-20 14:45:24,121.372000,31.088300,  0, 67,1
37749,2007-02-20 14:46:25,121.372000,31.088300,  0, 67,1
37749,2007-02-20 14:47:26,121.372000,31.088300,  0, 67,1
37749,2007-02-20 14:49:28,121.382600,31.074600,  0, 90,1
37749,2007-02-20 14:50:16,121.382600,31.074600,  0, 90,0
37749,2007-02-20 14:51:18,121.382600,31.074600,  0, 90,0
37749,2007-02-20 14:52:19,121.382600,31.074600,  0, 90,0
37749,2007-02-20 14:53:20,121.382600,31.074600,  0, 90,0
37749,2007-02-20 14:54:06,121.388500,31.084800, 52,157,0
37749,2007-02-20 14:54:22,121.387300,31.087100, 82,157,0
37749,2007-02-20 14:54:54,121.384600,31.092000, 42,157,0
37749,2007-02-20 14:55:59,121.384000,31.093100,  0,157,0
37749,2007-02-20 14:56:57,121.384000,31.093100,  0,157,0
37749,2007-02-20 14:57:14,121.384000,31.093100,  0,157,1
37749,2007-02-20 14:58:15,121.384000,31.093100,  0,157,1
37749,2007-02-20 14:59:16,121.384000,31.093100,  0,157,1
37749,2007-02-20 15:00:17,121.377100,31.110300,  0,157,1
37749,2007-02-20 15:01:17,121.377100,31.110300,  0,157,1
37749,2007-02-20 15:02:19,121.388000,31.123800, 56, 22,1
37749,2007-02-20 15:04:21,121.390600,31.126800,  0,  0,1
37749,2007-02-20 15:05:22,121.394300,31.130100,  0, 22,1
37749,2007-02-20 15:06:22,121.397300,31.134100, 12,112,1
37749,2007-02-20 15:06:32,121.397300,31.134300,  0, 90,0
37749,2007-02-20 15:07:27,121.396100,31.132600, 28,112,0
37749,2007-02-20 15:07:44,121.394300,31.130800, 72,112,0
37749,2007-02-20 15:08:00,121.392100,31.128500, 66,112,0
37749,2007-02-20 15:08:16,121.390300,31.126800, 56,112,0
37749,2007-02-20 15:08:32,121.388800,31.125300, 56,112,0
37749,2007-02-20 15:08:47,121.387000,31.123600, 68,112,0
37749,2007-02-20 15:09:04,121.384500,31.121600, 80,112,0
37749,2007-02-20 15:09:20,121.382000,31.119800, 66,112,0
37749,2007-02-20 15:09:36,121.380800,31.118000, 44,112,0
37749,2007-02-20 15:10:12,121.380800,31.117100, 42, 67,0
37749,2007-02-20 15:10:29,121.382000,31.115600, 46,112,0
37749,2007-02-20 15:10:45,121.380600,31.114300, 40,112,0
37749,2007-02-20 15:11:22,121.379800,31.113500, 44,112,0
37749,2007-02-20 15:11:37,121.378500,31.112300, 32,112,0
37749,2007-02-20 15:11:57,121.379000,31.111500, 24, 90,0
37749,2007-02-20 15:12:57,121.378500,31.110800,  0,112,0
37749,2007-02-20 15:13:59,121.378500,31.110800,  0,112,0
37749,2007-02-20 15:15:00,121.378500,31.110800,  0,112,0
37749,2007-02-20 15:16:01,121.378500,31.110800,  0,112,0
37749,2007-02-20 15:17:02,121.378500,31.110800,  0,112,0
37749,2007-02-20 15:18:15,121.378300,31.111000,  0, 22,0
37749,2007-02-20 15:19:15,121.378300,31.111000,  0, 22,0
37749,2007-02-20 15:20:16,121.378300,31.111000,  0, 22,0
37749,2007-02-20 15:22:19,121.378800,31.111100,  0, 22,0
37749,2007-02-20 15:23:20,121.378800,31.111100,  0, 22,0
37749,2007-02-20 15:24:21,121.378800,31.111100,  0, 22,0
37749,2007-02-20 15:25:21,121.378800,31.111100,  0, 22,0
37749,2007-02-20 15:26:23,121.378800,31.111100,  0, 22,0
37749,2007-02-20 15:27:24,121.378800,31.111100,  0, 22,0
37749,2007-02-20 15:28:25,121.378800,31.111100,  0, 22,0
37749,2007-02-20 15:29:26,121.379000,31.111500, 20, 22,0
37749,2007-02-20 15:30:26,121.379500,31.112000,  0, 22,0
37749,2007-02-20 15:31:28,121.379500,31.112000,  0, 22,0
37749,2007-02-20 15:32:04,121.380000,31.112800,  0, 22,1
37749,2007-02-20 15:33:05,121.379800,31.113300, 18,112,1
37749,2007-02-20 15:34:06,121.377300,31.111100, 12,112,1
37749,2007-02-20 15:35:06,121.375300,31.109800,  0,112,1
37749,2007-02-20 15:36:08,121.375300,31.109800,  0,112,1
37749,2007-02-20 15:37:08,121.375300,31.109800,  0,112,1
37749,2007-02-20 15:38:09,121.375300,31.109800,  0,112,1
37749,2007-02-20 15:39:10,121.357300,31.102500, 42,135,1
37749,2007-02-20 15:40:11,121.355300,31.101800,  0,135,1
37749,2007-02-20 15:41:52,121.355300,31.101800,  0,135,0
37749,2007-02-20 15:42:53,121.355300,31.101800,  0,135,0
37749,2007-02-20 15:43:54,121.353100,31.104600, 20,  0,0
37749,2007-02-20 15:44:10,121.353500,31.105800, 30,  0,0
37749,2007-02-20 15:45:11,121.353500,31.105800,  0,  0,0
37749,2007-02-20 15:46:12,121.353500,31.105800,  0,  0,0
37749,2007-02-20 15:47:13,121.353500,31.105800,  0,  0,0
37749,2007-02-20 15:47:23,121.353500,31.105800,  0,  0,1
37749,2007-02-20 15:48:23,121.353500,31.105800,  0,  0,1
37749,2007-02-20 15:49:25,121.364500,31.105600, 38, 22,1
37749,2007-02-20 15:50:27,121.365800,31.106500,  0, 22,1
37749,2007-02-20 15:51:28,121.365800,31.106500,  0, 22,1
37749,2007-02-20 15:52:29,121.376600,31.110600, 24, 22,1
37749,2007-02-20 15:53:30,121.377500,31.111000,  0, 22,1
37749,2007-02-20 15:53:40,121.377500,31.111000,  0, 22,0
37749,2007-02-20 15:54:41,121.377500,31.111000,  0, 22,0
37749,2007-02-20 15:55:42,121.377500,31.111000,  0, 22,0
37749,2007-02-20 15:56:43,121.377600,31.111300, 30, 67,0
37749,2007-02-20 15:57:12,121.378100,31.110600, 26,112,0
37749,2007-02-20 15:58:13,121.377800,31.110300,  0,112,0
37749,2007-02-20 15:59:14,121.377800,31.110300,  0,112,0
37749,2007-02-20 16:00:15,121.377800,31.110300,  0,112,0
37749,2007-02-20 16:01:16,121.377800,31.110300,  0,112,0
37749,2007-02-20 16:03:18,121.377800,31.110300,  0,112,0
37749,2007-02-20 16:04:19,121.377800,31.110300,  0,112,0
37749,2007-02-20 16:05:20,121.377800,31.110300,  0,112,0
37749,2007-02-20 16:06:21,121.377800,31.110300,  0,112,0
37749,2007-02-20 16:07:22,121.377800,31.110300,  0,112,0
37749,2007-02-20 16:08:42,121.378600,31.111000, 30, 22,0
37749,2007-02-20 16:09:43,121.379100,31.111600,  0, 22,0
37749,2007-02-20 16:10:44,121.379100,31.111600,  0, 22,0
37749,2007-02-20 16:11:45,121.379100,31.111600,  0, 22,0
37749,2007-02-20 16:12:46,121.379100,31.111600,  0, 22,0
37749,2007-02-20 16:13:47,121.379100,31.111600,  0, 22,0
37749,2007-02-20 16:14:48,121.379100,31.111600,  0, 22,0
37749,2007-02-20 16:15:49,121.379100,31.111600,  0, 22,0
37749,2007-02-20 16:16:50,121.379100,31.111600,  0, 22,0
37749,2007-02-20 16:17:51,121.379800,31.112300,  0, 22,0
37749,2007-02-20 16:18:52,121.379800,31.112300,  0, 22,0
37749,2007-02-20 16:19:53,121.379800,31.112500,  0, 22,0
37749,2007-02-20 16:20:54,121.380000,31.112600,  0, 22,0
37749,2007-02-20 16:21:28,121.380000,31.112600,  0, 22,1
37749,2007-02-20 16:22:28,121.380500,31.113000,  0, 90,1
37749,2007-02-20 16:23:29,121.376800,31.114000, 60,112,1
37749,2007-02-20 16:24:30,121.372600,31.110500, 14,112,1
37749,2007-02-20 16:25:31,121.370000,31.109000, 28,112,1
37749,2007-02-20 16:26:32,121.364500,31.105800, 42,112,1
37749,2007-02-20 16:28:34,121.362800,31.104800,  0,112,1
37749,2007-02-20 16:29:35,121.352100,31.106500, 22,  0,1
37749,2007-02-20 16:29:36,121.352300,31.106500, 24,  0,0
37749,2007-02-20 16:30:30,121.352500,31.107300,  0,  0,1
37749,2007-02-20 16:31:31,121.352500,31.107300,  0,  0,1
37749,2007-02-20 16:32:32,121.361000,31.113100,  0, 45,1
37749,2007-02-20 16:33:33,121.361000,31.113100,  0, 45,1
37749,2007-02-20 16:34:34,121.361000,31.113100,  0, 45,1
37749,2007-02-20 16:35:34,121.361000,31.113100,  0, 45,1
37749,2007-02-20 16:36:36,121.374300,31.109100, 28, 22,1
37749,2007-02-20 16:37:37,121.375300,31.109800,  0, 22,1
37749,2007-02-20 16:38:07,121.375300,31.109800,  0, 22,0
37749,2007-02-20 16:39:08,121.375300,31.109800,  0, 22,0
37749,2007-02-20 16:40:10,121.378800,31.111600,  0, 22,0
37749,2007-02-20 16:41:02,121.378500,31.110800, 32,112,0
37749,2007-02-20 16:41:22,121.378100,31.110500, 24, 22,0
37749,2007-02-20 16:44:25,121.378600,31.111000,  0, 22,0
37749,2007-02-20 16:45:25,121.378600,31.111000,  0, 22,0
37749,2007-02-20 16:46:27,121.378600,31.111000,  0, 22,0
37749,2007-02-20 16:47:28,121.378600,31.111000,  0, 22,0
37749,2007-02-20 16:47:53,121.379300,31.112000, 30, 22,0
37749,2007-02-20 16:48:54,121.379800,31.112300,  0, 22,0
37749,2007-02-20 16:49:55,121.379800,31.112500,  0, 22,0
37749,2007-02-20 16:50:55,121.379800,31.112500,  0, 22,0
37749,2007-02-20 16:51:57,121.380000,31.112800,  0,  0,0
37749,2007-02-20 16:52:58,121.380000,31.112800,  0,  0,0
37749,2007-02-20 16:53:59,121.380000,31.112800,  0,  0,0
37749,2007-02-20 16:54:44,121.380000,31.112800,  8,  0,1
37749,2007-02-20 16:55:45,121.378500,31.115000,  8,135,1
37749,2007-02-20 16:57:47,121.375600,31.118600, 44,157,1
37749,2007-02-20 16:58:48,121.373300,31.123500, 48,  0,1
37749,2007-02-20 16:59:49,121.370300,31.129800,  0,157,1
37749,2007-02-20 17:00:50,121.369000,31.132300,  6,157,1
37749,2007-02-20 17:01:43,121.367300,31.132000,  0,157,0
37749,2007-02-20 17:01:59,121.367300,31.132000,  0,157,0
37749,2007-02-20 17:02:34,121.368500,31.132300, 32, 22,0
37749,2007-02-20 17:02:50,121.369500,31.131100, 58, 67,0
37749,2007-02-20 17:03:05,121.370300,31.129600, 38, 67,0
37749,2007-02-20 17:03:22,121.371300,31.127600, 72, 67,0
37749,2007-02-20 17:03:38,121.372500,31.125300, 64, 90,0
37749,2007-02-20 17:03:54,121.373300,31.123300, 36, 90,0
37749,2007-02-20 17:04:10,121.373800,31.122300, 38, 67,0
37749,2007-02-20 17:04:25,121.374500,31.121000, 56, 90,0
37749,2007-02-20 17:04:42,121.375500,31.118600, 42, 90,0
37749,2007-02-20 17:05:43,121.375600,31.118300,  0, 67,0
37749,2007-02-20 17:06:30,121.376100,31.117500, 34, 67,0
37749,2007-02-20 17:06:45,121.377100,31.116000, 60, 67,0
37749,2007-02-20 17:07:02,121.378300,31.114100, 38, 67,0
37749,2007-02-20 17:07:18,121.379300,31.113300, 22, 67,0
37749,2007-02-20 17:07:35,121.379000,31.112500, 40,112,0
37749,2007-02-20 17:07:50,121.378800,31.111600, 30, 67,0
37749,2007-02-20 17:08:52,121.378800,31.111300,  0,112,0
37749,2007-02-20 17:09:53,121.378800,31.111300,  0,112,0
37749,2007-02-20 17:10:54,121.378800,31.111300,  0,112,0
37749,2007-02-20 17:11:55,121.378800,31.111300,  0,112,0
37749,2007-02-20 17:12:55,121.378800,31.111300,  0,112,0
37749,2007-02-20 17:13:57,121.378800,31.111300,  0,112,0
37749,2007-02-20 17:14:27,121.378100,31.110600, 24,112,0
37749,2007-02-20 17:14:48,121.378300,31.110800, 26, 22,0
37749,2007-02-20 17:15:49,121.378600,31.111000,  0, 22,0
37749,2007-02-20 17:16:50,121.378600,31.111000,  0, 22,0
37749,2007-02-20 17:17:50,121.378600,31.111000,  0, 22,0
37749,2007-02-20 17:18:52,121.378600,31.111000,  0, 22,0
37749,2007-02-20 17:19:53,121.378600,31.111000,  0, 22,0
37749,2007-02-20 17:20:54,121.378600,31.111000,  0, 22,0
37749,2007-02-20 17:21:55,121.378600,31.111000,  0, 22,0
37749,2007-02-20 17:22:34,121.379100,31.111800, 16, 22,0
37749,2007-02-20 17:23:35,121.379500,31.112000,  0, 22,0
37749,2007-02-20 17:24:35,121.379500,31.112000,  0, 22,0
37749,2007-02-20 17:25:37,121.379500,31.112000,  0, 22,0
37749,2007-02-20 17:26:38,121.379500,31.112000,  0, 22,0
37749,2007-02-20 17:27:39,121.379500,31.112000,  0, 22,0
37749,2007-02-20 17:28:40,121.379800,31.112500,  0,  0,0
37749,2007-02-20 17:29:40,121.380000,31.112600,  0, 22,0
37749,2007-02-20 17:29:50,121.380000,31.112600,  4, 22,1
37749,2007-02-20 17:30:52,121.378800,31.114800, 20,157,1
37749,2007-02-20 17:31:53,121.376100,31.117600,  0,157,1
37749,2007-02-20 17:32:54,121.376000,31.117800,  8,157,1
37749,2007-02-20 17:33:55,121.373800,31.122600, 32,  0,1
37749,2007-02-20 17:35:57,121.369000,31.132100,  0,157,1
37749,2007-02-20 17:36:58,121.367600,31.137500,  0,  0,1
37749,2007-02-20 17:37:59,121.364600,31.142000, 56,157,1
37749,2007-02-20 17:39:00,121.361000,31.146300, 36,135,1
37749,2007-02-20 17:40:00,121.354300,31.144000, 44,157,1
37749,2007-02-20 17:40:55,121.351300,31.143300,  0, 90,0
37749,2007-02-20 17:41:12,121.351300,31.143300,  0, 90,0
37749,2007-02-20 17:41:40,121.351500,31.144000, 36, 45,0
37749,2007-02-20 17:41:55,121.352800,31.144300, 28, 45,0
37749,2007-02-20 17:42:20,121.353800,31.144600, 10, 67,0
37749,2007-02-20 17:42:37,121.354500,31.143600,  6, 90,0
37749,2007-02-20 17:43:27,121.355000,31.142800, 52, 67,0
37749,2007-02-20 17:43:43,121.356100,31.140800, 50, 67,0
37749,2007-02-20 17:44:08,121.356500,31.140000, 40, 67,0
37749,2007-02-20 17:44:24,121.357600,31.137800, 74, 67,0
37749,2007-02-20 17:44:40,121.358800,31.135600, 52, 67,0
37749,2007-02-20 17:44:55,121.359300,31.134800,  8, 67,0
37749,2007-02-20 17:45:19,121.359800,31.133800, 48, 67,0
37749,2007-02-20 17:45:35,121.360800,31.132000, 64, 67,0
37749,2007-02-20 17:45:50,121.361800,31.130000, 48, 67,0
37749,2007-02-20 17:46:07,121.363000,31.128100, 60, 67,0
37749,2007-02-20 17:46:23,121.364600,31.125600, 80, 67,0
37749,2007-02-20 17:46:39,121.366300,31.123300, 64, 67,0
37749,2007-02-20 17:46:55,121.367500,31.121500, 46, 67,0
37749,2007-02-20 17:47:10,121.368100,31.120500,  4, 90,0
37749,2007-02-20 17:48:12,121.367800,31.120300,  0,112,0
37749,2007-02-20 17:49:40,121.364600,31.122300,  0,  0,1
37749,2007-02-20 17:50:40,121.363800,31.122800, 16,  0,1
37749,2007-02-20 17:51:10,121.364000,31.123600,  0,135,0
37749,2007-02-20 17:51:25,121.364000,31.123600,  0,135,0
37749,2007-02-20 17:52:19,121.362800,31.123100, 42,112,0
37749,2007-02-20 17:52:34,121.362000,31.122500, 30, 67,0
37749,2007-02-20 17:52:51,121.363100,31.122300, 20, 45,0
37749,2007-02-20 17:53:11,121.364100,31.122300, 38, 45,0
37749,2007-02-20 17:53:44,121.367000,31.122300, 46, 67,0
37749,2007-02-20 17:53:59,121.367800,31.121000, 34, 67,0
37749,2007-02-20 17:54:16,121.368600,31.119800, 50, 67,0
37749,2007-02-20 17:54:32,121.370100,31.117600, 74, 67,0
37749,2007-02-20 17:54:48,121.369600,31.116300, 46,112,0
37749,2007-02-20 17:55:04,121.369300,31.115500, 46, 67,0
37749,2007-02-20 17:55:19,121.370100,31.113800, 44, 67,0
37749,2007-02-20 17:55:36,121.371000,31.112500, 32, 67,0
37749,2007-02-20 17:56:27,121.371500,31.111500, 26, 67,0
37749,2007-02-20 17:57:08,121.372600,31.109600, 48, 67,0
37749,2007-02-20 17:57:24,121.373500,31.108600, 18, 22,0
37749,2007-02-20 17:57:39,121.374500,31.109300, 26, 22,0
37749,2007-02-20 17:57:56,121.375600,31.110000, 50, 22,0
37749,2007-02-20 17:58:12,121.377600,31.111300, 54, 22,0
37749,2007-02-20 17:58:28,121.379000,31.111600, 30, 67,0
37749,2007-02-20 17:58:44,121.378100,31.110600, 30,112,0
37749,2007-02-20 17:59:44,121.377800,31.110300,  0,112,0
37749,2007-02-20 18:00:46,121.377800,31.110300,  0,112,0
37749,2007-02-20 18:01:47,121.377800,31.110300,  0,112,0
37749,2007-02-20 18:02:48,121.377800,31.110300,  0,112,0
37749,2007-02-20 18:03:49,121.377800,31.110300,  0,112,0
37749,2007-02-20 18:04:49,121.377800,31.110300,  0,112,0
37749,2007-02-20 18:05:51,121.377800,31.110300,  0,112,0
37749,2007-02-20 18:06:52,121.377800,31.110300,  0,112,0
37749,2007-02-20 18:07:53,121.377800,31.110300,  0,112,0
37749,2007-02-20 18:08:54,121.377800,31.110300,  0,112,0
37749,2007-02-20 18:10:56,121.377800,31.110300,  0,112,0
37749,2007-02-20 18:11:57,121.377800,31.110300,  0,112,0
37749,2007-02-20 18:12:58,121.377800,31.110300,  0,112,0
37749,2007-02-20 18:14:59,121.377800,31.110300,  0,112,0
37749,2007-02-20 18:16:01,121.377800,31.110300,  0,112,0
37749,2007-02-20 18:17:02,121.377800,31.110300,  2,  0,0
37749,2007-02-20 18:17:38,121.378600,31.111000, 18, 22,0
37749,2007-02-20 18:18:39,121.379000,31.111300,  0, 22,0
37749,2007-02-20 18:19:39,121.379000,31.111300,  0, 22,0
37749,2007-02-20 18:20:41,121.379000,31.111300,  0, 22,0
37749,2007-02-20 18:21:46,121.379300,31.111800, 14, 22,0
37749,2007-02-20 18:22:47,121.379800,31.112300,  0, 22,0
37749,2007-02-20 18:23:34,121.380000,31.112600,  4, 22,1
37749,2007-02-20 18:24:35,121.380300,31.113600,  0,157,1
37749,2007-02-20 18:25:36,121.378100,31.115000,  0,135,1
37749,2007-02-20 18:26:37,121.378100,31.115000,  0,135,1
37749,2007-02-20 18:27:37,121.376000,31.118000,  0,157,1
37749,2007-02-20 18:28:39,121.373800,31.122500, 58,157,1
37749,2007-02-20 18:29:40,121.370300,31.129800, 46,157,1
37749,2007-02-20 18:30:41,121.366800,31.135500, 14,157,1
37749,2007-02-20 18:31:05,121.365600,31.135500,  0,135,0
37749,2007-02-20 18:31:21,121.365600,31.135500, 10,135,0
37749,2007-02-20 18:31:54,121.366100,31.135300, 38, 45,0
37749,2007-02-20 18:32:11,121.367000,31.135000, 16, 67,0
37749,2007-02-20 18:32:49,121.368500,31.133000, 30, 67,0
37749,2007-02-20 18:33:15,121.369000,31.132000, 44, 67,0
37749,2007-02-20 18:33:47,121.370600,31.129100, 46, 67,0
37749,2007-02-20 18:34:02,121.371600,31.127100, 76, 90,0
37749,2007-02-20 18:34:19,121.372800,31.124600, 60, 67,0
37749,2007-02-20 18:34:55,121.373500,31.123100,  8,157,1
37749,2007-02-20 18:35:56,121.370300,31.129800,  0,157,1
37749,2007-02-20 18:36:57,121.367300,31.136300, 78,  0,1
37749,2007-02-20 18:37:57,121.362800,31.144500, 64,157,1
37749,2007-02-20 18:38:59,121.356100,31.144100, 66,112,1
37749,2007-02-20 18:40:00,121.350600,31.148600, 68,157,1
37749,2007-02-20 18:41:01,121.345000,31.155000, 70,157,1
37749,2007-02-20 18:42:02,121.342300,31.159600, 44,157,1
37749,2007-02-20 18:43:02,121.339300,31.161000, 30,112,1
37749,2007-02-20 18:43:15,121.339100,31.160600,  0, 67,0
37749,2007-02-20 18:43:37,121.339600,31.160000, 36, 67,0
37749,2007-02-20 18:43:52,121.340500,31.159500, 20, 45,0
37749,2007-02-20 18:44:15,121.341500,31.160100, 30, 22,0
37749,2007-02-20 18:44:31,121.342100,31.159600, 46, 67,0
37749,2007-02-20 18:45:01,121.342600,31.158800, 10, 67,0
37749,2007-02-20 18:45:17,121.343300,31.157500, 38, 67,0
37749,2007-02-20 18:45:34,121.343600,31.156600, 22,112,0
37749,2007-02-20 18:45:50,121.342000,31.155600, 50,112,0
37749,2007-02-20 18:46:06,121.341000,31.155100, 10,112,0
37749,2007-02-20 18:46:41,121.340800,31.155100, 12,112,1
37749,2007-02-20 18:47:42,121.335800,31.152100,  0,112,1
37749,2007-02-20 18:59:27,121.337600,31.122000,  0, 67,0
37749,2007-02-20 19:08:37,121.376600,31.116500,  0, 67,0
37749,2007-02-20 19:16:12,121.355100,31.151800,  0,112,0
37749,2007-02-20 19:42:38,121.353600,31.167600,  0,112,0
37749,2007-02-20 19:43:39,121.353600,31.167600,  0,112,0
37749,2007-02-20 19:43:50,121.353600,31.167600,  0,112,1
37749,2007-02-20 19:44:50,121.353600,31.167600,  0,112,1
37749,2007-02-20 19:45:51,121.353600,31.167600,  0,112,1
37749,2007-02-20 19:46:52,121.353600,31.167600,  0,112,1
37749,2007-02-20 19:47:50,121.353600,31.167600,  0,112,1
37749,2007-02-20 19:50:26,121.327800,31.148600, 62,112,1
37749,2007-02-20 19:51:26,121.324300,31.146600, 70,112,1
37749,2007-02-20 19:52:28,121.317800,31.140300, 46, 67,1
37749,2007-02-20 19:53:26,121.321300,31.134500, 16, 67,0
37749,2007-02-20 19:53:41,121.321300,31.134500,  0, 67,0
37749,2007-02-20 19:54:21,121.321600,31.133800, 16, 67,1
37749,2007-02-20 19:55:21,121.326800,31.131800, 58, 22,1
37749,2007-02-20 19:55:31,121.327500,31.132100,  0, 22,0
37749,2007-02-20 19:56:29,121.328000,31.132300, 18, 22,0
37749,2007-02-20 19:56:45,121.329300,31.133100, 46, 22,0
37749,2007-02-20 19:57:01,121.331100,31.134000, 50, 22,0
37749,2007-02-20 19:57:16,121.332600,31.134600, 16, 22,0
37749,2007-02-20 19:57:40,121.333300,31.134100, 46, 67,0
37749,2007-02-20 19:59:33,121.334800,31.131300,  0, 67,0
37749,2007-02-20 20:01:35,121.334800,31.131300,  0, 67,0
37749,2007-02-20 20:02:36,121.334800,31.131300,  0, 67,0
37749,2007-02-20 20:03:37,121.334800,31.131300,  0, 67,0
37749,2007-02-20 20:04:38,121.334800,31.131300,  0, 67,0
37749,2007-02-20 20:05:39,121.334800,31.131300,  0, 67,0
37749,2007-02-20 20:06:40,121.334800,31.131300,  0, 67,0
37749,2007-02-20 20:07:41,121.334800,31.131300,  0, 67,0
37749,2007-02-20 20:08:42,121.334800,31.131300,  0, 67,0
37749,2007-02-20 20:08:49,121.334800,31.131300,  0, 67,1
37749,2007-02-20 20:09:49,121.334800,31.131300,  0, 67,1
37749,2007-02-20 20:10:50,121.334800,31.131300,  0, 67,1
37749,2007-02-20 20:11:51,121.334800,31.131300,  0, 67,1
37749,2007-02-20 20:12:52,121.334800,31.131300,  0, 67,1
37749,2007-02-20 20:13:53,121.334800,31.131300,  0, 67,1
37749,2007-02-20 20:15:15,121.334800,31.131300,  0, 67,0
37749,2007-02-20 20:17:16,121.334800,31.131300,  0, 67,0
37749,2007-02-20 20:19:13,121.334800,31.131300,  0, 67,0
37749,2007-02-20 20:20:06,121.334800,31.131300,  0, 67,1
37749,2007-02-20 20:21:06,121.334800,31.131300,  0, 67,1
37749,2007-02-20 20:22:07,121.334800,31.131300,  0, 67,1
37749,2007-02-20 20:25:43,121.356800,31.139800, 56,157,1
37749,2007-02-20 20:26:43,121.352100,31.147000, 74,157,1
37749,2007-02-20 20:27:45,121.346600,31.153000,  0,157,1
37749,2007-02-20 20:27:48,121.346600,31.153000,  0,157,0
37749,2007-02-20 20:28:23,121.347100,31.152300, 46, 67,0
37749,2007-02-20 20:28:38,121.348500,31.150800, 58, 67,0
37749,2007-02-20 20:28:55,121.350100,31.149000, 62, 67,0
37749,2007-02-20 20:29:11,121.351800,31.147300, 58, 67,0
37749,2007-02-20 20:29:43,121.354100,31.144100, 12, 22,0
37749,2007-02-20 20:30:19,121.354000,31.144600, 34,157,1
37749,2007-02-20 20:31:20,121.349800,31.150600, 26, 22,1
37749,2007-02-20 20:33:22,121.355100,31.155500, 28,157,1
37749,2007-02-20 20:34:23,121.354300,31.159100, 50, 45,1
37749,2007-02-20 20:35:23,121.363600,31.160100, 46, 45,1
37749,2007-02-20 20:36:25,121.371300,31.159600, 70, 45,1
37749,2007-02-20 20:37:26,121.377000,31.159000,  0, 45,1
37749,2007-02-20 20:39:28,121.389000,31.161100, 76, 45,1
37749,2007-02-20 20:40:28,121.397100,31.163600, 62, 22,1
37749,2007-02-20 20:41:30,121.402500,31.165300,  0, 45,1
37749,2007-02-20 20:42:31,121.402500,31.165300,  0, 45,1
37749,2007-02-20 20:43:32,121.402500,31.165300,  0, 45,1
37749,2007-02-20 20:44:33,121.402500,31.165300,  0, 45,1
37749,2007-02-20 20:45:33,121.423000,31.169600, 36, 45,1
37749,2007-02-20 20:46:35,121.427600,31.170000, 38, 45,1
37749,2007-02-20 20:47:36,121.429100,31.170100,  0, 45,1
37749,2007-02-20 20:48:37,121.430300,31.172500, 54,  0,1
37749,2007-02-20 20:49:38,121.431100,31.180000, 72,  0,1
37749,2007-02-20 20:50:35,121.432000,31.187000,  6,  0,1
37749,2007-02-20 20:51:39,121.432100,31.187500,  0,  0,1
37749,2007-02-20 20:52:40,121.432100,31.187500,  0,  0,1
37749,2007-02-20 20:53:41,121.432100,31.187500,  0,  0,1
37749,2007-02-20 20:54:28,121.432100,31.187500,  0,  0,0
37749,2007-02-20 20:55:03,121.432100,31.187500,  0,  0,1
37749,2007-02-20 20:56:04,121.432100,31.187500,  0,  0,1
37749,2007-02-20 20:57:05,121.432100,31.187500,  0,  0,1
37749,2007-02-20 20:58:06,121.432100,31.187500,  0,  0,1
37749,2007-02-20 20:59:08,121.432100,31.187500,  0,  0,1
37749,2007-02-20 21:00:09,121.432100,31.187500,  0,  0,1
37749,2007-02-20 21:01:10,121.432100,31.187500,  0,  0,1
37749,2007-02-20 21:02:10,121.439000,31.185300, 34, 90,1
37749,2007-02-20 21:03:12,121.439100,31.185100,  0, 90,1
37749,2007-02-20 21:05:10,121.439100,31.185100,  0, 90,0
37749,2007-02-20 21:06:10,121.439100,31.185100,  0, 90,0
37749,2007-02-20 21:07:11,121.439100,31.185100,  0, 90,0
37749,2007-02-20 21:08:12,121.439100,31.185100,  0, 90,0
37749,2007-02-20 21:08:49,121.433800,31.180600, 42,157,0
37749,2007-02-20 21:09:05,121.432300,31.181100, 40,157,0
37749,2007-02-20 21:09:21,121.431000,31.181800,  0,157,0
37749,2007-02-20 21:10:22,121.431500,31.181800,  0,157,0
37749,2007-02-20 21:11:11,121.431500,31.181800,  0,157,1
37749,2007-02-20 21:12:11,121.431500,31.181800,  0,157,1
37749,2007-02-20 21:13:12,121.431500,31.181800,  0,157,1
37749,2007-02-20 21:14:13,121.431500,31.181800,  0,157,1
37749,2007-02-20 21:15:15,121.414000,31.168300,  0,112,1
37749,2007-02-20 21:16:16,121.412300,31.167800, 58,112,1
37749,2007-02-20 21:17:17,121.407600,31.166100,  0,135,1
37749,2007-02-20 21:20:19,121.398100,31.164000,  0,112,1
37749,2007-02-20 21:21:20,121.399000,31.160600, 56, 90,1
37749,2007-02-20 21:22:21,121.398800,31.157100, 28,135,1
37749,2007-02-20 21:23:37,121.398300,31.157100,  0, 45,0
37749,2007-02-20 21:24:38,121.399300,31.157100, 16, 45,0
37749,2007-02-20 21:25:17,121.400500,31.157300, 24, 67,1
37749,2007-02-20 21:27:19,121.404300,31.148500,  0, 67,1
37749,2007-02-20 21:28:20,121.404300,31.148500,  4, 90,1
37749,2007-02-20 21:29:21,121.405800,31.152800, 54, 45,1
37749,2007-02-20 21:30:22,121.410800,31.154000, 24, 45,1
37749,2007-02-20 21:31:23,121.414600,31.152300, 40, 90,1
37749,2007-02-20 21:32:31,121.414500,31.151100,  0, 90,0
37749,2007-02-20 21:33:32,121.414500,31.151100,  0, 90,0
37749,2007-02-20 21:34:33,121.414500,31.151100,  0, 90,0
37749,2007-02-20 21:35:34,121.414500,31.151100,  0, 90,0
37749,2007-02-20 21:35:36,121.414500,31.151100,  0, 90,1
37749,2007-02-20 21:36:36,121.418600,31.155000, 30, 67,1
37749,2007-02-20 21:37:37,121.424000,31.158500, 32, 22,1
37749,2007-02-20 21:38:38,121.424300,31.158600,  0,  0,1
37749,2007-02-20 21:40:39,121.429800,31.168800, 72,  0,1
37749,2007-02-20 21:41:41,121.431500,31.179600, 42, 22,1
37749,2007-02-20 21:42:42,121.439800,31.182100, 62, 22,1
37749,2007-02-20 21:43:43,121.449300,31.188000, 80, 45,1
37749,2007-02-20 21:44:44,121.455800,31.190800, 50, 22,1
37749,2007-02-20 21:45:44,121.463300,31.195500, 62, 22,1
37749,2007-02-20 21:46:46,121.472500,31.198500, 42, 45,1
37749,2007-02-20 21:47:47,121.470000,31.206500, 80,  0,1
37749,2007-02-20 21:48:48,121.466000,31.216300, 54,  0,1
37749,2007-02-20 21:49:31,121.467300,31.222800, 50,  0,0
37749,2007-02-20 21:49:47,121.467300,31.223500,  0,  0,0
37749,2007-02-20 21:50:48,121.467300,31.223500,  0,  0,0
37749,2007-02-20 21:51:49,121.467100,31.223600,  4, 22,0
37749,2007-02-20 21:52:04,121.465800,31.223300, 46,112,0
37749,2007-02-20 21:52:21,121.463800,31.222500, 46,112,0
37749,2007-02-20 21:52:37,121.461800,31.221600, 36,112,0
37749,2007-02-20 21:52:53,121.460300,31.221000, 22,112,0
37749,2007-02-20 21:53:34,121.459100,31.220500, 36,112,0
37749,2007-02-20 21:53:49,121.458000,31.220000, 28,112,0
37749,2007-02-20 21:54:51,121.456800,31.219600, 26,112,0
37749,2007-02-20 21:55:07,121.455800,31.219100, 12,112,0
37749,2007-02-20 21:55:29,121.454600,31.218800, 22,112,0
37749,2007-02-20 21:55:44,121.453500,31.218300, 28,112,0
37749,2007-02-20 21:56:46,121.452300,31.217800,  0,112,0
37749,2007-02-20 21:57:29,121.451300,31.217500, 30,112,0
37749,2007-02-20 21:57:46,121.450600,31.215600, 50, 90,0
37749,2007-02-20 21:58:02,121.450000,31.214000, 20, 90,0
37749,2007-02-20 21:58:26,121.449500,31.213000, 42, 90,0
37749,2007-02-20 21:58:47,121.449100,31.212000, 14, 67,0
37749,2007-02-20 21:59:03,121.449800,31.210300, 66, 90,0
37749,2007-02-20 21:59:19,121.449600,31.208800, 44,112,0
37749,2007-02-20 21:59:34,121.448000,31.207800, 44,135,0
37749,2007-02-20 21:59:51,121.446000,31.207100, 50,112,0
37749,2007-02-20 22:00:07,121.444500,31.206600,  8,112,0
37749,2007-02-20 22:00:44,121.443500,31.206100, 44,112,0
37749,2007-02-20 22:01:01,121.441800,31.205600, 20,135,0
37749,2007-02-20 22:01:54,121.440800,31.205100, 28,112,0
37749,2007-02-20 22:02:11,121.440000,31.204000, 30,112,0
37749,2007-02-20 22:02:27,121.439000,31.202600, 26,112,0
37749,2007-02-20 22:03:28,121.438500,31.202000,  0, 90,0
37749,2007-02-20 22:04:29,121.438500,31.202000,  0, 90,0
37749,2007-02-20 22:06:09,121.438500,31.202000,  0, 90,0
37749,2007-02-20 22:06:32,121.431800,31.186600, 58, 90,0
37749,2007-02-20 22:07:04,121.431000,31.181000, 68, 90,0
37749,2007-02-20 22:07:20,121.430600,31.178300, 68, 90,0
37749,2007-02-20 22:08:21,121.430600,31.178300,  0, 90,0
37749,2007-02-20 22:09:21,121.430600,31.178300,  0, 90,0
37749,2007-02-20 22:10:23,121.430600,31.178300,  0, 90,0
37749,2007-02-20 22:12:25,121.430600,31.178300,  0, 90,0
37749,2007-02-20 22:12:59,121.415000,31.150100, 80,112,0
37749,2007-02-20 22:13:15,121.412300,31.147600, 94,112,0
37749,2007-02-20 22:13:31,121.409500,31.145000, 88,112,0
37749,2007-02-20 22:13:47,121.407100,31.142800, 78,112,0
37749,2007-02-20 22:14:12,121.402800,31.138800, 82,112,0
37749,2007-02-20 22:14:35,121.400000,31.136000, 54,112,0
37749,2007-02-20 22:15:36,121.399100,31.136000,  0,157,0
37749,2007-02-20 22:16:37,121.396500,31.132600,  0,157,0
37749,2007-02-20 22:17:09,121.393600,31.130000, 80,112,0
37749,2007-02-20 22:17:25,121.391000,31.127500, 94,112,0
37749,2007-02-20 22:17:41,121.389100,31.125600, 70,112,0
37749,2007-02-20 22:17:57,121.386600,31.123300, 90,112,0
37749,2007-02-20 22:18:12,121.384300,31.121500, 68,112,0
37749,2007-02-20 22:18:29,121.381800,31.119500, 68,112,0
37749,2007-02-20 22:18:45,121.380800,31.117600, 52,112,0
37749,2007-02-20 22:19:01,121.382000,31.116100, 38, 67,0
37749,2007-02-20 22:19:17,121.381300,31.115000, 60,112,0
37749,2007-02-20 22:19:32,121.380300,31.114100,  0,112,0
37749,2007-02-20 22:19:37,121.380300,31.114100,  6,112,1
37749,2007-02-20 22:20:37,121.374800,31.112100, 36,112,1
37749,2007-02-20 22:21:39,121.372000,31.115100,  0,157,1
37749,2007-02-20 22:22:40,121.366300,31.114600,  6,157,1
37749,2007-02-20 22:23:41,121.364600,31.116800, 60,157,1
37749,2007-02-20 22:24:42,121.362100,31.118500,  0,157,1
37749,2007-02-20 22:24:44,121.362100,31.118500,  0,157,0
37749,2007-02-20 22:25:19,121.361100,31.118000, 26, 67,0
37749,2007-02-20 22:25:35,121.361300,31.117100, 34,135,0
37749,2007-02-20 22:25:51,121.359500,31.116600, 42,135,0
37749,2007-02-20 22:26:07,121.359100,31.115500, 46, 90,0
37749,2007-02-20 22:26:39,121.360800,31.111500, 66, 90,0
37749,2007-02-20 22:26:55,121.361600,31.109500, 40, 67,0
37749,2007-02-20 22:27:11,121.362500,31.107500, 44, 90,0
37749,2007-02-20 22:27:27,121.362300,31.106000, 40, 90,0
37749,2007-02-20 22:27:42,121.362600,31.105600, 50, 90,0
37749,2007-02-20 22:27:59,121.363300,31.105100, 24,112,0
37749,2007-02-20 22:28:15,121.362000,31.104300, 46,112,0
37749,2007-02-20 22:28:31,121.359600,31.103300, 54,112,0
37749,2007-02-20 22:28:47,121.358300,31.102800,  0,112,0
37749,2007-02-20 22:29:24,121.357300,31.102500, 44,112,0
37749,2007-02-20 22:29:40,121.355100,31.102000, 54,135,0
37749,2007-02-20 22:29:56,121.353000,31.101600, 50,112,0
37749,2007-02-20 22:30:12,121.350500,31.100600, 64,112,0
37749,2007-02-20 22:30:44,121.345000,31.098600, 78,112,0
37749,2007-02-20 22:31:00,121.341800,31.097600, 70,112,0
37749,2007-02-20 22:31:16,121.339300,31.096600, 60,112,0
37749,2007-02-20 22:31:32,121.338300,31.095600, 46, 67,0
37749,2007-02-20 22:31:47,121.339300,31.093600, 64, 67,0
37749,2007-02-20 22:32:04,121.339600,31.092100, 42,135,0
37749,2007-02-20 22:32:20,121.337000,31.091300, 78,135,0
37749,2007-02-20 22:32:36,121.334300,31.090500, 46,112,0
37749,2007-02-20 22:32:52,121.335100,31.088300, 72, 67,0
37749,2007-02-20 22:33:07,121.336300,31.086000, 74, 67,0
37749,2007-02-20 22:33:24,121.337000,31.084600,  0, 67,0
37749,2007-02-20 22:34:25,121.337000,31.084600,  0, 67,0
37749,2007-02-20 22:35:26,121.337000,31.084600,  0, 67,0
37749,2007-02-20 22:36:27,121.337000,31.084600,  0, 67,0
37749,2007-02-20 22:37:27,121.315500,31.068600, 12, 90,0
37749,2007-02-20 22:38:29,121.315300,31.067500,  0, 90,0
37749,2007-02-20 22:39:30,121.315300,31.067500,  0, 90,0
37749,2007-02-20 22:41:32,121.315300,31.067500,  0, 90,0
37749,2007-02-20 22:42:32,121.315300,31.067500,  0, 90,0
37749,2007-02-20 22:43:33,121.315300,31.067500,  0, 90,0
37749,2007-02-20 22:43:58,121.277300,31.037300, 74,112,0
37749,2007-02-20 22:44:14,121.275300,31.035000, 78,112,0
37749,2007-02-20 22:45:16,121.275100,31.034800,  0,112,0
37749,2007-02-20 22:46:16,121.256800,31.020100,  0,112,0
37749,2007-02-20 22:46:40,121.256300,31.019500, 50,135,0
37749,2007-02-20 22:46:56,121.253800,31.019500, 56,135,0
37749,2007-02-20 22:47:57,121.253600,31.019500,  0,135,0
37749,2007-02-20 22:48:58,121.253600,31.019500,  0,135,0
37749,2007-02-20 22:51:00,121.246500,31.012800,  0, 67,0
37749,2007-02-20 22:52:01,121.246500,31.012800,  0, 67,0
37749,2007-02-20 22:56:05,121.246000,31.013000,  0, 45,0
37749,2007-02-20 22:57:06,121.246500,31.012800,  0, 67,0
37749,2007-02-20 22:58:07,121.246500,31.012800,  0, 67,0
37749,2007-02-20 22:59:07,121.246500,31.012800,  0, 67,0
37749,2007-02-20 23:01:10,121.246000,31.013600,  0,  0,0
37749,2007-02-20 23:02:11,121.246000,31.013600,  0,  0,0
37749,2007-02-20 23:03:11,121.246000,31.013600,  0,  0,0
37749,2007-02-20 23:04:12,121.246600,31.012800,  0,135,0
37749,2007-02-20 23:05:13,121.246600,31.012800,  0,135,0
37749,2007-02-20 23:06:14,121.246600,31.012800,  0,135,0
37749,2007-02-20 23:07:15,121.246600,31.012800,  0,135,0
37749,2007-02-20 23:09:42,121.230800,31.014800, 28,112,0
37749,2007-02-20 23:09:58,121.230000,31.014000,  0,112,0
37749,2007-02-20 23:10:59,121.230000,31.014000,  0,112,0
37749,2007-02-20 23:13:03,121.239600,31.018000, 62,  0,1
37749,2007-02-20 23:13:59,121.246000,31.019000,  0, 90,0
37749,2007-02-20 23:14:15,121.246100,31.019000,  0, 90,0
37749,2007-02-20 23:15:15,121.246100,31.019000,  0, 90,0
37749,2007-02-20 23:16:17,121.246100,31.019000,  0, 90,0
37749,2007-02-20 23:17:18,121.238800,31.016300,  0, 90,0
37749,2007-02-20 23:18:19,121.238800,31.016300,  0, 90,0
37749,2007-02-20 23:19:20,121.238800,31.016300,  0, 90,0
37749,2007-02-20 23:20:21,121.238800,31.016300,  0, 90,0
37749,2007-02-20 23:21:22,121.238800,31.016300,  0, 90,0
37749,2007-02-20 23:22:23,121.226000,31.018600,  0, 90,0
37749,2007-02-20 23:23:24,121.226000,31.018600,  0, 90,0
37749,2007-02-20 23:27:36,121.226000,31.018600,  0, 90,0
37749,2007-02-20 23:28:37,121.226000,31.018600,  0, 90,0
37749,2007-02-20 23:29:37,121.226000,31.018600,  0, 90,0
37749,2007-02-20 23:30:38,121.376800,31.000100,  0, 90,0
37749,2007-02-20 23:31:40,121.376600,30.997100,  0, 90,0
37749,2007-02-20 23:32:41,121.376600,30.997100,  0, 90,0
37749,2007-02-20 23:33:42,121.376600,30.997100,  0, 90,0
37749,2007-02-20 23:34:43,121.376600,30.997100,  0, 90,0
37749,2007-02-20 23:35:43,121.376600,30.997100,  0, 90,0
37749,2007-02-20 23:37:46,121.219600,31.056600,  8, 90,0
37749,2007-02-20 23:38:47,121.220100,31.066600,  0, 67,0
37749,2007-02-20 23:39:48,121.220100,31.066600,  0, 67,0
37749,2007-02-20 23:40:49,121.220100,31.066600,  0, 67,0
37749,2007-02-20 23:41:49,121.216800,31.019600,  0, 67,0
37749,2007-02-20 23:42:51,121.216800,31.019600,  0, 67,0
37749,2007-02-20 23:43:52,121.216800,31.019600,  0, 67,0
37749,2007-02-20 23:44:52,121.216800,31.019600,  0, 67,0
37749,2007-02-20 23:45:53,121.216800,31.019600,  0, 67,0
37749,2007-02-20 23:46:54,121.217100,31.020100,  0, 67,0
37749,2007-02-20 23:47:55,121.217100,31.020100,  0, 67,0
37749,2007-02-20 23:48:56,121.217100,31.020100,  0, 67,0
37749,2007-02-20 23:49:57,121.217100,31.020100,  0, 67,0
37749,2007-02-20 23:50:58,121.217100,31.020100,  0, 67,0
37749,2007-02-20 23:51:59,121.217100,31.020100,  0, 67,0
37749,2007-02-20 23:53:00,121.217100,31.020100,  0, 67,0
37749,2007-02-20 23:54:01,121.217100,31.020100,  0, 67,0
37749,2007-02-20 23:55:02,121.217100,31.020100,  0, 67,0
37749,2007-02-20 23:56:03,121.217100,31.020100,  0, 67,0
37749,2007-02-20 23:57:21,121.217100,31.020100,  0, 67,0
37749,2007-02-20 23:58:23,121.217100,31.020100,  0, 67,0
37749,2007-02-20 23:59:24,121.217100,31.020100,  0, 67,0
