89441,2007-02-20 08:17:33,121.360500,31.250800,  0,  0,0
89441,2007-02-20 08:19:35,121.362500,31.249300,  0,112,0
89441,2007-02-20 08:20:36,121.362500,31.249300,  0,112,0
89441,2007-02-20 08:21:37,121.362500,31.249300,  0,135,0
89441,2007-02-20 08:22:38,121.362300,31.249500,  0,112,0
89441,2007-02-20 08:23:39,121.362300,31.249500,  0,112,0
89441,2007-02-20 08:24:40,121.362300,31.249500,  0,112,0
89441,2007-02-20 08:25:41,121.362300,31.249500,  0,112,0
89441,2007-02-20 08:26:42,121.362300,31.249500,  0,112,0
89441,2007-02-20 08:27:43,121.362300,31.249500,  0,112,0
89441,2007-02-20 08:28:44,121.362300,31.249500,  0,112,0
89441,2007-02-20 08:29:45,121.362300,31.249500,  0,112,0
89441,2007-02-20 08:30:46,121.362300,31.249500,  0,112,0
89441,2007-02-20 08:31:47,121.362300,31.249500,  0,112,0
89441,2007-02-20 08:32:48,121.362300,31.249500,  0,112,0
89441,2007-02-20 08:33:49,121.362300,31.249500,  0,112,0
89441,2007-02-20 08:34:51,121.362300,31.249500,  0,112,0
89441,2007-02-20 08:35:51,121.362300,31.249500,  0,112,0
89441,2007-02-20 08:36:52,121.362300,31.249500,  0,112,0
89441,2007-02-20 08:37:53,121.362300,31.249300,  0,112,0
89441,2007-02-20 08:38:54,121.362300,31.249300,  0,112,0
89441,2007-02-20 08:39:56,121.362300,31.249300,  0,112,0
89441,2007-02-20 08:40:57,121.362300,31.249300,  0,112,0
89441,2007-02-20 08:41:57,121.362300,31.249300,  0,112,0
89441,2007-02-20 08:42:59,121.362300,31.249300,  0,112,0
89441,2007-02-20 08:44:00,121.361800,31.249600,  0,157,0
89441,2007-02-20 08:45:01,121.361800,31.249600,  0,157,0
89441,2007-02-20 08:45:45,121.361100,31.250300, 24,157,0
89441,2007-02-20 08:46:07,121.360500,31.251000, 12, 22,0
89441,2007-02-20 08:46:24,121.362300,31.251000, 54, 45,0
89441,2007-02-20 08:46:40,121.364500,31.250800, 54, 45,0
89441,2007-02-20 08:46:56,121.366500,31.250600, 32, 45,0
89441,2007-02-20 08:47:12,121.367300,31.252000, 58,  0,0
89441,2007-02-20 08:47:27,121.368100,31.253000, 38, 45,0
89441,2007-02-20 08:47:44,121.370500,31.252300, 64, 45,0
89441,2007-02-20 08:48:00,121.372300,31.251800, 26, 45,0
89441,2007-02-20 08:48:23,121.372800,31.251600,  0, 45,1
89441,2007-02-20 08:49:24,121.378600,31.249500, 12, 90,1
89441,2007-02-20 08:50:25,121.379500,31.250300,  0, 45,1
89441,2007-02-20 08:51:26,121.391000,31.246800, 74, 45,1
89441,2007-02-20 08:52:27,121.397500,31.246300, 30, 45,1
89441,2007-02-20 08:53:27,121.403300,31.247100,  0, 45,1
89441,2007-02-20 08:54:29,121.407500,31.247100, 30, 45,1
89441,2007-02-20 08:55:30,121.410500,31.246300, 58, 67,1
89441,2007-02-20 08:56:31,121.414100,31.243800,  0, 67,1
89441,2007-02-20 08:57:32,121.418800,31.245600, 36, 22,1
89441,2007-02-20 08:58:32,121.428100,31.251800, 82, 22,1
89441,2007-02-20 08:59:34,121.440100,31.259000, 84, 45,1
89441,2007-02-20 09:00:35,121.454500,31.261800, 84, 45,1
89441,2007-02-20 09:01:36,121.467100,31.268300, 84, 22,1
89441,2007-02-20 09:02:37,121.474000,31.278300, 84,  0,1
89441,2007-02-20 09:03:37,121.480600,31.288000, 92, 45,1
89441,2007-02-20 09:04:39,121.495000,31.289000, 84, 22,1
89441,2007-02-20 09:05:40,121.509300,31.286500, 78, 45,1
89441,2007-02-20 09:06:41,121.519500,31.283500,102, 90,1
89441,2007-02-20 09:07:42,121.527300,31.273600, 88, 67,1
89441,2007-02-20 09:09:42,121.544600,31.254300, 70, 67,1
89441,2007-02-20 09:10:42,121.552500,31.251500, 72,  0,1
89441,2007-02-20 09:11:42,121.550000,31.255300,  0,157,1
89441,2007-02-20 09:12:44,121.549300,31.255300, 44,112,1
89441,2007-02-20 09:13:45,121.547100,31.252800,  4,135,1
89441,2007-02-20 09:14:46,121.538300,31.247000, 32, 90,1
89441,2007-02-20 09:15:47,121.543300,31.244100, 36, 67,1
89441,2007-02-20 09:16:47,121.545600,31.243800, 10, 22,1
89441,2007-02-20 09:17:49,121.545500,31.243600,  8,112,1
89441,2007-02-20 09:17:57,121.545300,31.243600,  4,112,0
89441,2007-02-20 09:18:57,121.545300,31.243600,  0,112,0
89441,2007-02-20 09:19:59,121.544800,31.243100, 14,112,0
89441,2007-02-20 09:20:17,121.543800,31.243800, 50,157,0
89441,2007-02-20 09:20:34,121.542000,31.245500, 36,135,0
89441,2007-02-20 09:20:50,121.539800,31.245100, 44,135,0
89441,2007-02-20 09:21:22,121.540000,31.247300, 42, 45,0
89441,2007-02-20 09:21:37,121.542800,31.249100, 76, 22,0
89441,2007-02-20 09:22:10,121.547100,31.252800, 52, 22,0
89441,2007-02-20 09:22:26,121.549100,31.254800, 72, 22,0
89441,2007-02-20 09:22:42,121.551000,31.254500, 66, 67,0
89441,2007-02-20 09:22:57,121.552500,31.252000, 74, 90,0
89441,2007-02-20 09:23:14,121.550600,31.250800, 72,135,0
89441,2007-02-20 09:23:30,121.547600,31.252300, 76,157,0
89441,2007-02-20 09:23:46,121.545100,31.254000, 70,157,0
89441,2007-02-20 09:24:02,121.542800,31.256000, 82,157,0
89441,2007-02-20 09:24:17,121.540300,31.258000, 82,157,0
89441,2007-02-20 09:24:34,121.537600,31.260000, 68,157,0
89441,2007-02-20 09:24:50,121.535300,31.262100, 94,157,0
89441,2007-02-20 09:25:06,121.533300,31.265300, 96,157,0
89441,2007-02-20 09:25:22,121.531600,31.267800, 44,  0,0
89441,2007-02-20 09:25:37,121.532800,31.269100, 68, 22,0
89441,2007-02-20 09:25:54,121.534300,31.270000,  8, 45,0
89441,2007-02-20 09:26:10,121.535300,31.269100, 40, 67,0
89441,2007-02-20 09:26:26,121.535800,31.268300, 24,112,0
89441,2007-02-20 09:26:42,121.535000,31.267500, 26,112,0
89441,2007-02-20 09:26:57,121.534000,31.266800, 26,112,0
89441,2007-02-20 09:27:15,121.532600,31.266500, 50,157,0
89441,2007-02-20 09:27:47,121.530300,31.270500, 50,157,0
89441,2007-02-20 09:28:02,121.529300,31.272000, 50,157,0
89441,2007-02-20 09:29:04,121.528800,31.272800,  0,157,0
89441,2007-02-20 09:30:05,121.528800,31.272800,  0,157,0
89441,2007-02-20 09:31:06,121.528800,31.272800,  0,157,0
89441,2007-02-20 09:31:57,121.524800,31.281100, 36, 22,0
89441,2007-02-20 09:32:14,121.526100,31.282000, 38, 22,0
89441,2007-02-20 09:32:30,121.527800,31.282800, 34, 22,0
89441,2007-02-20 09:32:46,121.527800,31.283800, 28,157,0
89441,2007-02-20 09:33:02,121.527000,31.284100, 28,157,0
89441,2007-02-20 09:33:19,121.526300,31.285500, 22,157,0
89441,2007-02-20 09:33:35,121.526000,31.286800, 36,  0,0
89441,2007-02-20 09:33:51,121.525100,31.288000, 36,157,0
89441,2007-02-20 09:34:07,121.525100,31.287600, 18,135,0
89441,2007-02-20 09:34:26,121.524000,31.287100, 34,112,0
89441,2007-02-20 09:34:42,121.522800,31.286600, 28,157,0
89441,2007-02-20 09:34:57,121.522100,31.288100, 42,  0,0
89441,2007-02-20 09:35:30,121.519500,31.288500, 54,135,0
89441,2007-02-20 09:35:46,121.517100,31.287500, 54,112,0
89441,2007-02-20 09:36:02,121.515000,31.286600, 54,112,0
89441,2007-02-20 09:37:02,121.514600,31.286600,  0,112,0
89441,2007-02-20 09:38:04,121.514600,31.286600,  0,112,0
89441,2007-02-20 09:39:05,121.514600,31.286600,  0,112,0
89441,2007-02-20 09:40:06,121.514600,31.286600,  0,112,0
89441,2007-02-20 09:41:01,121.514600,31.286600,  0,112,1
89441,2007-02-20 09:42:02,121.514600,31.286600,  0,112,1
89441,2007-02-20 09:43:02,121.514600,31.286600,  0,112,1
89441,2007-02-20 09:44:04,121.514600,31.286600,  0,112,1
89441,2007-02-20 09:44:29,121.514600,31.286600,  0,112,0
89441,2007-02-20 09:45:30,121.514600,31.286600,  0,112,0
89441,2007-02-20 09:46:31,121.514600,31.286600,  0,112,0
89441,2007-02-20 09:47:32,121.514600,31.286600,  0,112,0
89441,2007-02-20 09:48:32,121.514600,31.286600,  0,112,0
89441,2007-02-20 09:49:34,121.514600,31.286600,  0,112,0
89441,2007-02-20 09:50:35,121.514600,31.286600,  0,112,0
89441,2007-02-20 09:51:36,121.514600,31.286600,  0,112,0
89441,2007-02-20 09:52:37,121.514600,31.286600,  0,112,0
89441,2007-02-20 09:53:37,121.514600,31.286600,  0,112,0
89441,2007-02-20 09:54:39,121.514600,31.286600,  0,112,0
89441,2007-02-20 09:55:40,121.514600,31.286600,  0,112,0
89441,2007-02-20 09:56:41,121.470600,31.279800, 14,112,0
89441,2007-02-20 09:56:57,121.469100,31.280100, 50,135,0
89441,2007-02-20 09:57:12,121.466800,31.281000, 62,135,0
89441,2007-02-20 09:58:30,121.464500,31.281600, 26,135,0
89441,2007-02-20 09:58:46,121.463300,31.282000, 24,135,0
89441,2007-02-20 09:59:15,121.462500,31.281800, 14,135,0
89441,2007-02-20 09:59:31,121.461100,31.282100, 32,135,0
89441,2007-02-20 10:00:32,121.461000,31.282000,  0,157,0
89441,2007-02-20 10:01:04,121.459800,31.282100, 24,135,0
89441,2007-02-20 10:01:20,121.458600,31.281800, 30,135,0
89441,2007-02-20 10:01:36,121.457300,31.281300, 36,112,0
89441,2007-02-20 10:01:52,121.457000,31.281600, 18,  0,0
89441,2007-02-20 10:02:07,121.456600,31.283500, 60,  0,0
89441,2007-02-20 10:02:24,121.456800,31.285800, 54,  0,0
89441,2007-02-20 10:02:40,121.456100,31.287100, 34,157,0
89441,2007-02-20 10:02:56,121.453100,31.286600, 66,135,0
89441,2007-02-20 10:03:16,121.449600,31.287100, 50,135,0
89441,2007-02-20 10:03:29,121.449300,31.287100, 24,135,0
89441,2007-02-20 10:03:45,121.447100,31.287300, 40,135,0
89441,2007-02-20 10:04:17,121.446500,31.291500, 64,  0,0
89441,2007-02-20 10:04:32,121.446300,31.293800, 64,  0,0
89441,2007-02-20 10:04:49,121.443600,31.290500, 58,135,0
89441,2007-02-20 10:05:05,121.441500,31.290300, 60,135,0
89441,2007-02-20 10:05:21,121.439000,31.289800, 50,135,0
89441,2007-02-20 10:05:37,121.437300,31.289600, 28,135,0
89441,2007-02-20 10:05:52,121.437100,31.291100, 44,  0,0
89441,2007-02-20 10:06:16,121.436800,31.291600, 18, 90,0
89441,2007-02-20 10:06:32,121.437100,31.290600, 42, 90,0
89441,2007-02-20 10:06:47,121.437100,31.289000, 60,112,0
89441,2007-02-20 10:07:04,121.434300,31.289000, 52,135,0
89441,2007-02-20 10:07:20,121.432000,31.288800, 66,135,0
89441,2007-02-20 10:07:36,121.429800,31.288600, 18,135,0
89441,2007-02-20 10:08:26,121.429300,31.288600, 46,135,0
89441,2007-02-20 10:08:27,121.429100,31.288600, 46,135,1
89441,2007-02-20 10:09:27,121.427600,31.283600, 60, 90,1
89441,2007-02-20 10:11:10,121.425300,31.276800,  0, 90,1
89441,2007-02-20 10:12:11,121.425100,31.276600,  0,112,1
89441,2007-02-20 10:13:12,121.426600,31.273600, 42,112,1
89441,2007-02-20 10:14:12,121.425500,31.267800,  2, 90,1
89441,2007-02-20 10:16:15,121.427000,31.261300,  8, 67,1
89441,2007-02-20 10:16:52,121.425800,31.259500, 34, 90,0
89441,2007-02-20 10:17:07,121.426000,31.260300,  0, 90,0
89441,2007-02-20 10:17:37,121.425100,31.260000, 50,135,0
89441,2007-02-20 10:17:54,121.422300,31.260500, 64,135,0
89441,2007-02-20 10:18:12,121.421500,31.260600, 26,135,0
89441,2007-02-20 10:18:27,121.420000,31.261000, 48,135,0
89441,2007-02-20 10:18:44,121.418300,31.261300, 28,135,0
89441,2007-02-20 10:19:16,121.417100,31.263100, 38,  0,0
89441,2007-02-20 10:19:32,121.416500,31.265100, 38,  0,0
89441,2007-02-20 10:19:47,121.416500,31.266500, 28,  0,0
89441,2007-02-20 10:20:19,121.415600,31.267000, 46,135,0
89441,2007-02-20 10:20:45,121.414500,31.267100, 10,135,0
89441,2007-02-20 10:21:01,121.413000,31.267300, 46,135,0
89441,2007-02-20 10:21:17,121.411500,31.267600, 16,135,0
89441,2007-02-20 10:21:32,121.410800,31.268300, 50,  0,0
89441,2007-02-20 10:21:49,121.410500,31.271000, 58,  0,0
89441,2007-02-20 10:22:05,121.410100,31.273100, 52,  0,0
89441,2007-02-20 10:22:21,121.410000,31.275300, 58,  0,0
89441,2007-02-20 10:22:37,121.410000,31.277500, 18,  0,0
89441,2007-02-20 10:22:52,121.411500,31.277600, 58, 45,0
89441,2007-02-20 10:23:09,121.414000,31.277300, 54, 45,0
89441,2007-02-20 10:23:25,121.415600,31.276600, 36, 67,0
89441,2007-02-20 10:23:57,121.413600,31.273500, 32, 67,0
89441,2007-02-20 10:24:26,121.414300,31.272800, 12, 67,0
89441,2007-02-20 10:25:17,121.415300,31.272100, 30, 90,0
89441,2007-02-20 10:27:16,121.416800,31.274500, 52, 22,1
89441,2007-02-20 10:28:17,121.420600,31.272600, 36, 22,1
89441,2007-02-20 10:29:17,121.423100,31.271800, 22, 67,1
89441,2007-02-20 10:30:19,121.425800,31.271100,  0, 67,1
89441,2007-02-20 10:31:20,121.427000,31.274000,  0, 22,1
89441,2007-02-20 10:32:21,121.431600,31.276800, 40, 22,1
89441,2007-02-20 10:33:22,121.443100,31.280600, 78, 45,1
89441,2007-02-20 10:34:23,121.442300,31.280600, 28, 67,1
89441,2007-02-20 10:35:24,121.446600,31.281000,  0, 45,1
89441,2007-02-20 10:35:25,121.446600,31.281000,  0, 45,0
89441,2007-02-20 10:36:10,121.447500,31.280500, 36, 90,0
89441,2007-02-20 10:36:27,121.447500,31.279600, 38, 90,0
89441,2007-02-20 10:36:29,121.447500,31.279500, 38, 90,1
89441,2007-02-20 10:37:30,121.448000,31.276000,  0, 90,1
89441,2007-02-20 10:38:31,121.448000,31.276000,  0, 90,1
89441,2007-02-20 10:39:32,121.448000,31.276000,  0, 90,1
89441,2007-02-20 10:40:33,121.448000,31.276000,  0, 90,1
89441,2007-02-20 10:41:34,121.448000,31.276000,  0, 90,1
89441,2007-02-20 10:42:35,121.460300,31.267500, 20,  0,1
89441,2007-02-20 10:43:36,121.460100,31.267300, 18,112,1
89441,2007-02-20 10:44:37,121.461800,31.264800,  8, 45,1
89441,2007-02-20 10:45:37,121.462600,31.260000,  0, 67,1
89441,2007-02-20 10:46:39,121.463300,31.257600, 72, 90,1
89441,2007-02-20 10:47:40,121.466300,31.247600, 80, 90,1
89441,2007-02-20 10:48:41,121.467100,31.242800, 56, 90,1
89441,2007-02-20 10:49:42,121.472600,31.239800, 40, 22,1
89441,2007-02-20 10:50:42,121.473600,31.237800,  6, 45,1
89441,2007-02-20 10:51:44,121.474100,31.237800,  0, 45,1
89441,2007-02-20 10:52:44,121.474100,31.237800,  0, 45,1
89441,2007-02-20 10:53:45,121.474100,31.237800,  0, 45,1
89441,2007-02-20 10:54:11,121.474100,31.237800,  0, 45,0
89441,2007-02-20 10:55:11,121.474100,31.237800,  0, 45,0
89441,2007-02-20 10:56:12,121.474100,31.237800,  0, 45,0
89441,2007-02-20 10:57:13,121.474100,31.237800,  0, 45,0
89441,2007-02-20 10:57:49,121.474100,31.237800,  0, 45,1
89441,2007-02-20 10:58:50,121.474100,31.237800,  0, 45,1
89441,2007-02-20 10:59:51,121.474100,31.237800,  0, 45,1
89441,2007-02-20 11:00:52,121.480300,31.239000,  0, 45,1
89441,2007-02-20 11:01:53,121.480500,31.239300,  0, 45,1
89441,2007-02-20 11:02:23,121.480500,31.239300,  0, 45,0
89441,2007-02-20 11:03:24,121.480500,31.239300,  0, 45,0
89441,2007-02-20 11:04:25,121.480500,31.239300,  0, 45,0
89441,2007-02-20 11:05:26,121.480500,31.239300,  0, 45,0
89441,2007-02-20 11:06:27,121.480500,31.239300,  0, 45,0
89441,2007-02-20 11:07:28,121.480500,31.239300,  0, 45,0
89441,2007-02-20 11:08:08,121.480500,31.239300,  0, 45,1
89441,2007-02-20 11:09:09,121.480500,31.239300,  0, 45,1
89441,2007-02-20 11:10:10,121.477800,31.245500, 26,  0,1
89441,2007-02-20 11:11:00,121.477600,31.246800,  0,  0,0
89441,2007-02-20 11:11:16,121.477600,31.246800,  0,  0,0
89441,2007-02-20 11:12:06,121.477300,31.247600, 18,  0,0
89441,2007-02-20 11:12:29,121.477000,31.248600, 14,  0,0
89441,2007-02-20 11:13:37,121.475100,31.249100, 56,112,0
89441,2007-02-20 11:13:53,121.472600,31.248300, 56,135,0
89441,2007-02-20 11:14:26,121.468300,31.247100,  4,135,0
89441,2007-02-20 11:15:26,121.467800,31.247100, 26,135,0
89441,2007-02-20 11:15:58,121.466600,31.247000, 18,135,0
89441,2007-02-20 11:16:14,121.466000,31.248100, 44,  0,0
89441,2007-02-20 11:16:30,121.465100,31.251300, 64,  0,0
89441,2007-02-20 11:16:46,121.464600,31.253500, 60,  0,0
89441,2007-02-20 11:17:02,121.464300,31.254800, 20,  0,0
89441,2007-02-20 11:17:21,121.463100,31.254800, 34,135,0
89441,2007-02-20 11:17:37,121.461500,31.254500, 44,135,0
89441,2007-02-20 11:18:09,121.458300,31.254100, 26,135,0
89441,2007-02-20 11:18:25,121.457100,31.254100, 26,135,0
89441,2007-02-20 11:19:26,121.457000,31.254100,  0,135,0
89441,2007-02-20 11:20:27,121.457000,31.254100,  0,135,0
89441,2007-02-20 11:21:28,121.457000,31.254100,  0,135,0
89441,2007-02-20 11:22:29,121.457000,31.254100,  0,135,0
89441,2007-02-20 11:23:22,121.447600,31.262100, 24,112,0
89441,2007-02-20 11:23:41,121.446600,31.261600, 16,135,0
89441,2007-02-20 11:23:57,121.446000,31.262500, 26,157,0
89441,2007-02-20 11:24:16,121.445100,31.262600, 28,135,0
89441,2007-02-20 11:24:35,121.444100,31.262100, 14,135,0
89441,2007-02-20 11:24:51,121.444000,31.262100, 14,112,1
89441,2007-02-20 11:25:51,121.441800,31.264000, 44,157,1
89441,2007-02-20 11:26:52,121.439600,31.267100,  0,157,1
89441,2007-02-20 11:27:53,121.445000,31.271600, 40,157,1
89441,2007-02-20 11:28:54,121.442100,31.274000, 18, 22,1
89441,2007-02-20 11:29:55,121.443000,31.275500,  0, 22,1
89441,2007-02-20 11:30:56,121.443000,31.275500,  0, 22,1
89441,2007-02-20 11:31:57,121.443000,31.275500,  0, 22,1
89441,2007-02-20 11:32:58,121.443000,31.275500,  0, 22,1
89441,2007-02-20 11:33:59,121.443000,31.275500,  0, 22,1
89441,2007-02-20 11:35:00,121.443000,31.275500,  0, 22,1
89441,2007-02-20 11:36:01,121.443000,31.275500,  0, 22,1
89441,2007-02-20 11:37:02,121.443000,31.275500,  0, 22,1
89441,2007-02-20 11:37:55,121.504500,31.296600,  0, 22,0
89441,2007-02-20 11:38:36,121.504500,31.296600,  0, 22,1
89441,2007-02-20 11:40:38,121.494000,31.297100, 68,135,1
89441,2007-02-20 11:41:39,121.488500,31.296100,  0,  0,1
89441,2007-02-20 11:44:42,121.483000,31.291000,  0, 90,1
89441,2007-02-20 11:45:43,121.483000,31.291000,  0, 90,1
89441,2007-02-20 11:46:44,121.483000,31.291000,  0, 90,1
89441,2007-02-20 11:47:43,121.483000,31.291000,  0, 90,0
89441,2007-02-20 11:48:43,121.475000,31.272500, 12,  0,0
89441,2007-02-20 11:48:59,121.474800,31.273600, 34,  0,0
89441,2007-02-20 11:49:15,121.475000,31.275000, 44,  0,0
89441,2007-02-20 11:49:31,121.475300,31.276300, 36, 22,0
89441,2007-02-20 11:49:47,121.476800,31.277300, 40, 22,0
89441,2007-02-20 11:50:03,121.478500,31.277800, 36, 22,0
89441,2007-02-20 11:50:19,121.479300,31.278800, 34, 22,0
89441,2007-02-20 11:51:20,121.477500,31.276300,  0, 67,0
89441,2007-02-20 11:51:46,121.476600,31.277000, 46,135,0
89441,2007-02-20 11:52:02,121.475300,31.277300, 16,  0,0
89441,2007-02-20 11:52:23,121.475500,31.276000, 38, 90,0
89441,2007-02-20 11:52:39,121.474500,31.272800, 70, 90,0
89441,2007-02-20 11:53:11,121.475500,31.271300, 16, 67,0
89441,2007-02-20 11:54:12,121.474800,31.272100,  4, 90,0
89441,2007-02-20 11:54:40,121.474600,31.272000, 24,112,1
89441,2007-02-20 11:55:40,121.473600,31.268500, 18,135,1
89441,2007-02-20 11:56:41,121.470600,31.270000, 18,135,1
89441,2007-02-20 11:57:42,121.470300,31.270100,  0, 22,1
89441,2007-02-20 11:58:43,121.469000,31.270500, 34,135,1
89441,2007-02-20 11:59:44,121.467500,31.274800, 56, 22,1
89441,2007-02-20 12:00:45,121.470600,31.272600, 16, 90,1
89441,2007-02-20 12:01:46,121.470000,31.272000, 20,157,1
89441,2007-02-20 12:02:28,121.470500,31.272800,  8, 22,0
89441,2007-02-20 12:03:17,121.470100,31.272000, 32, 67,0
89441,2007-02-20 12:03:50,121.470300,31.271000, 40,112,0
89441,2007-02-20 12:04:06,121.467600,31.269300, 64,112,0
89441,2007-02-20 12:04:22,121.465500,31.267600, 64,112,0
89441,2007-02-20 12:04:38,121.463500,31.266100, 64,112,0
89441,2007-02-20 12:04:54,121.461300,31.264600, 64,112,0
89441,2007-02-20 12:05:10,121.465600,31.266100, 36,112,0
89441,2007-02-20 12:05:26,121.464500,31.265300, 36,112,0
89441,2007-02-20 12:05:42,121.462600,31.264800, 58,112,0
89441,2007-02-20 12:05:58,121.459300,31.263600, 62,112,0
89441,2007-02-20 12:06:14,121.457000,31.262600, 62,112,0
89441,2007-02-20 12:06:30,121.454500,31.261600, 62,112,0
89441,2007-02-20 12:06:46,121.452100,31.260600, 62,112,0
89441,2007-02-20 12:07:47,121.451500,31.260300,  0,112,0
89441,2007-02-20 12:08:48,121.451500,31.260300,  0,112,0
89441,2007-02-20 12:09:49,121.445800,31.260100,  0,112,0
89441,2007-02-20 12:10:50,121.445600,31.260100,  0,112,0
89441,2007-02-20 12:11:51,121.445600,31.260100,  0,112,0
89441,2007-02-20 12:13:53,121.445600,31.260100,  0,112,0
89441,2007-02-20 12:14:54,121.445600,31.260100,  0,112,0
89441,2007-02-20 12:15:55,121.424000,31.251600,  0,112,0
89441,2007-02-20 12:16:09,121.424100,31.251800,  0,112,1
89441,2007-02-20 12:17:10,121.424100,31.251800,  0,112,1
89441,2007-02-20 12:18:11,121.424100,31.251800,  0,112,1
89441,2007-02-20 12:19:12,121.424100,31.251800,  0,112,1
89441,2007-02-20 12:20:13,121.424100,31.251800,  0,112,1
89441,2007-02-20 12:21:14,121.415500,31.242600,  0,112,1
89441,2007-02-20 12:21:33,121.415500,31.242600,  0,112,0
89441,2007-02-20 12:22:33,121.415500,31.242600,  0,112,0
89441,2007-02-20 12:23:34,121.415500,31.242600,  0,112,0
89441,2007-02-20 12:24:35,121.410000,31.241800, 40,157,0
89441,2007-02-20 12:24:51,121.408800,31.242300, 36,157,0
89441,2007-02-20 12:25:07,121.407600,31.243100, 36,157,0
89441,2007-02-20 12:25:23,121.406500,31.243800, 24,157,0
89441,2007-02-20 12:26:17,121.405600,31.244500, 32,157,0
89441,2007-02-20 12:26:33,121.404600,31.245500, 40,  0,0
89441,2007-02-20 12:26:49,121.404300,31.247000, 22,  0,0
89441,2007-02-20 12:27:15,121.404100,31.247800, 14,  0,0
89441,2007-02-20 12:27:42,121.403500,31.247500, 26,135,0
89441,2007-02-20 12:27:58,121.400800,31.246800, 56,135,0
89441,2007-02-20 12:28:14,121.398100,31.246500, 54,135,0
89441,2007-02-20 12:28:30,121.397500,31.246000, 18,112,0
89441,2007-02-20 12:28:52,121.397500,31.246300, 16,135,0
89441,2007-02-20 12:29:08,121.395800,31.246500, 62,135,0
89441,2007-02-20 12:29:24,121.394600,31.246500, 28,135,0
89441,2007-02-20 12:29:40,121.393100,31.246600, 52,135,0
89441,2007-02-20 12:29:56,121.390500,31.247000, 68,135,0
89441,2007-02-20 12:30:12,121.386600,31.248000,100,135,0
89441,2007-02-20 12:30:28,121.382100,31.249100,104,135,0
89441,2007-02-20 12:31:00,121.376300,31.251000, 56,135,0
89441,2007-02-20 12:31:16,121.374100,31.251500, 18,135,0
89441,2007-02-20 12:32:01,121.373000,31.251600, 40,135,0
89441,2007-02-20 12:32:33,121.368600,31.252800, 64,135,0
89441,2007-02-20 12:33:28,121.366600,31.251100, 50, 90,0
89441,2007-02-20 12:34:45,121.365300,31.250800,  0,112,0
89441,2007-02-20 12:35:37,121.363300,31.251000, 16,135,0
89441,2007-02-20 12:35:53,121.362300,31.251100, 14,135,1
89441,2007-02-20 12:36:53,121.360300,31.254000, 38,135,1
89441,2007-02-20 12:37:54,121.356500,31.256100, 32,135,1
89441,2007-02-20 12:38:55,121.351500,31.257600,  0,157,1
89441,2007-02-20 12:39:56,121.351500,31.257600,  0,157,1
89441,2007-02-20 12:40:57,121.350300,31.258000, 18,157,1
89441,2007-02-20 12:42:59,121.342600,31.236100, 90, 90,1
89441,2007-02-20 12:44:00,121.342000,31.225300, 60,135,1
89441,2007-02-20 12:46:45,121.337000,31.230100,  0, 67,1
89441,2007-02-20 12:47:46,121.337600,31.225600, 40,135,1
89441,2007-02-20 12:48:47,121.327100,31.225100, 42,135,1
89441,2007-02-20 12:49:48,121.323600,31.224500,  0,135,1
89441,2007-02-20 12:50:49,121.323600,31.224500,  0,135,1
89441,2007-02-20 12:51:50,121.323100,31.222100, 56, 90,1
89441,2007-02-20 12:53:52,121.316500,31.204500, 84,112,1
89441,2007-02-20 12:55:04,121.311600,31.207300,  0, 45,0
89441,2007-02-20 12:55:25,121.310800,31.208000, 50,157,0
89441,2007-02-20 12:55:41,121.309000,31.209800, 72,157,0
89441,2007-02-20 12:55:57,121.306800,31.211300, 68,135,0
89441,2007-02-20 12:56:13,121.303600,31.212500, 78,135,0
89441,2007-02-20 12:56:29,121.301300,31.213100, 22,135,0
89441,2007-02-20 12:56:45,121.299800,31.211800, 64,112,0
89441,2007-02-20 12:57:01,121.298800,31.211100,  8,112,0
89441,2007-02-20 12:57:25,121.298600,31.212100, 56,  0,0
89441,2007-02-20 12:57:41,121.298500,31.214500, 46,  0,0
89441,2007-02-20 12:57:57,121.299600,31.213800, 40, 67,0
89441,2007-02-20 12:58:29,121.302800,31.214300, 64, 22,0
89441,2007-02-20 12:58:45,121.304100,31.216600, 76, 22,0
89441,2007-02-20 12:59:03,121.305600,31.219100, 54, 22,0
89441,2007-02-20 12:59:17,121.307100,31.220000, 58, 22,0
89441,2007-02-20 12:59:33,121.309800,31.221100, 70, 22,0
89441,2007-02-20 12:59:49,121.312300,31.222100, 52, 22,0
89441,2007-02-20 13:00:05,121.315000,31.223000, 74, 45,0
89441,2007-02-20 13:00:21,121.316600,31.223100,  0, 45,0
89441,2007-02-20 13:00:51,121.317600,31.223300, 60, 45,0
89441,2007-02-20 13:01:07,121.320600,31.223800, 78, 45,0
89441,2007-02-20 13:02:20,121.323500,31.224800, 26,  0,0
89441,2007-02-20 13:02:36,121.323300,31.226300, 40,  0,0
89441,2007-02-20 13:02:52,121.322600,31.227800, 38,  0,0
89441,2007-02-20 13:03:09,121.322300,31.228800, 22,  0,0
89441,2007-02-20 13:03:25,121.321600,31.230100, 64,  0,0
89441,2007-02-20 13:03:57,121.320100,31.234100, 52,  0,0
89441,2007-02-20 13:04:13,121.319800,31.235800, 60,  0,0
89441,2007-02-20 13:04:45,121.321800,31.241000, 78,  0,0
89441,2007-02-20 13:05:01,121.322600,31.242800, 30, 22,0
89441,2007-02-20 13:05:17,121.323500,31.244000, 40, 22,0
89441,2007-02-20 13:05:33,121.325500,31.245800, 78, 22,0
89441,2007-02-20 13:05:49,121.326500,31.246600,  0, 45,0
89441,2007-02-20 13:06:18,121.327500,31.246600, 14, 45,0
89441,2007-02-20 13:07:19,121.327000,31.245600,  0,112,0
89441,2007-02-20 13:07:59,121.326800,31.245500, 22,112,1
89441,2007-02-20 13:08:59,121.328000,31.248100, 66, 22,1
89441,2007-02-20 13:10:00,121.334600,31.254500, 52, 22,1
89441,2007-02-20 13:11:01,121.341800,31.260100, 58, 22,1
89441,2007-02-20 13:12:02,121.346000,31.259300, 74, 45,1
89441,2007-02-20 13:13:03,121.354800,31.256500, 74, 45,1
89441,2007-02-20 13:14:04,121.360100,31.255500,  8, 67,1
89441,2007-02-20 13:14:20,121.360100,31.255500,  0, 90,0
89441,2007-02-20 13:15:20,121.360600,31.255100, 34, 45,0
89441,2007-02-20 13:15:48,121.360600,31.255000, 40,135,0
89441,2007-02-20 13:16:13,121.359500,31.255300, 30,135,0
89441,2007-02-20 13:16:29,121.358300,31.255300, 32, 90,0
89441,2007-02-20 13:17:01,121.357000,31.251600, 14, 90,0
89441,2007-02-20 13:17:22,121.356500,31.250800, 54,112,0
89441,2007-02-20 13:17:38,121.356000,31.250000, 16, 90,0
89441,2007-02-20 13:17:54,121.357800,31.249100, 56, 67,0
89441,2007-02-20 13:18:10,121.358800,31.248800,  6, 45,0
89441,2007-02-20 13:18:26,121.359500,31.249600, 18, 22,0
89441,2007-02-20 13:19:02,121.359500,31.249800, 16,  0,1
89441,2007-02-20 13:28:23,121.400000,31.241500,  0, 90,0
89441,2007-02-20 13:28:38,121.400000,31.241500,  0, 90,0
89441,2007-02-20 13:29:39,121.400000,31.241500,  0, 90,0
89441,2007-02-20 13:30:08,121.401000,31.241000, 14, 45,0
89441,2007-02-20 13:30:52,121.401600,31.241800,  8, 22,0
89441,2007-02-20 13:31:09,121.402300,31.242600, 46, 22,0
89441,2007-02-20 13:31:25,121.403500,31.244100, 22, 22,0
89441,2007-02-20 13:31:42,121.402500,31.244500, 36,135,0
89441,2007-02-20 13:32:14,121.400000,31.244100, 20,112,0
89441,2007-02-20 13:32:30,121.398500,31.243500, 26,112,0
89441,2007-02-20 13:32:47,121.397800,31.243800, 16,157,0
89441,2007-02-20 13:33:29,121.396600,31.243500, 42,135,0
89441,2007-02-20 13:33:45,121.394600,31.243500, 16,135,0
89441,2007-02-20 13:34:17,121.394100,31.245600, 16,  0,0
89441,2007-02-20 13:34:33,121.393600,31.246600, 48,135,0
89441,2007-02-20 13:34:49,121.392300,31.246600,  0,135,0
89441,2007-02-20 13:35:50,121.392100,31.246600, 32,135,0
89441,2007-02-20 13:36:06,121.389300,31.247300, 90,135,0
89441,2007-02-20 13:36:22,121.385000,31.248500,106,135,0
89441,2007-02-20 13:36:38,121.381500,31.249500, 60,135,0
89441,2007-02-20 13:36:54,121.379300,31.250000, 58,135,0
89441,2007-02-20 13:37:10,121.377000,31.250600, 62,135,0
89441,2007-02-20 13:37:26,121.374300,31.251300, 70,135,0
89441,2007-02-20 13:37:58,121.369600,31.252600, 84,135,0
89441,2007-02-20 13:38:14,121.367800,31.253000,  0,135,0
89441,2007-02-20 13:39:15,121.367600,31.253000, 24,112,0
89441,2007-02-20 13:39:31,121.366600,31.251000, 54, 90,0
89441,2007-02-20 13:39:47,121.364300,31.250800, 58,135,0
89441,2007-02-20 13:40:03,121.361500,31.251100, 60,135,0
89441,2007-02-20 13:40:21,121.360500,31.251300, 14,135,0
89441,2007-02-20 13:41:06,121.361300,31.250300, 18, 67,0
89441,2007-02-20 13:41:31,121.361800,31.249500, 22, 67,0
89441,2007-02-20 13:41:49,121.362800,31.249000, 20, 45,0
89441,2007-02-20 13:42:10,121.364000,31.248800, 20, 45,0
89441,2007-02-20 13:43:11,121.362000,31.249100,  0,112,0
89441,2007-02-20 13:44:12,121.362000,31.249100,  0,112,0
89441,2007-02-20 13:44:34,121.362000,31.249100,  0,112,0
89441,2007-02-20 13:45:34,121.362000,31.249100,  0,112,0
89441,2007-02-20 13:47:36,121.362300,31.249100,  0,112,0
89441,2007-02-20 13:48:37,121.362100,31.249100,  0,112,0
89441,2007-02-20 13:49:38,121.362300,31.249100,  0,112,0
89441,2007-02-20 13:50:39,121.362300,31.249100,  0,112,0
89441,2007-02-20 13:51:40,121.362300,31.249100,  0,112,0
89441,2007-02-20 13:52:41,121.362300,31.249100,  0,112,0
89441,2007-02-20 13:53:42,121.362300,31.249100,  0,112,0
89441,2007-02-20 13:54:43,121.362300,31.249100,  0,112,0
89441,2007-02-20 13:55:44,121.362300,31.249100,  0,112,0
89441,2007-02-20 13:56:45,121.362300,31.249100,  0,112,0
89441,2007-02-20 13:57:46,121.362300,31.249100,  0,112,0
89441,2007-02-20 13:58:47,121.362300,31.249100,  0,112,0
89441,2007-02-20 13:59:48,121.362300,31.249100,  0,112,0
89441,2007-02-20 14:00:49,121.362300,31.249100,  0,112,0
89441,2007-02-20 14:01:50,121.362300,31.249100,  0,112,0
89441,2007-02-20 14:02:51,121.362300,31.249100,  0,112,0
89441,2007-02-20 14:04:53,121.362300,31.249100,  0,112,0
89441,2007-02-20 14:05:54,121.362300,31.249100,  0,112,0
89441,2007-02-20 14:07:56,121.362300,31.249100,  0,112,0
89441,2007-02-20 14:08:57,121.362300,31.249100,  0,112,0
89441,2007-02-20 14:09:58,121.362300,31.249100,  0,112,0
89441,2007-02-20 14:10:59,121.362300,31.249100,  0,112,0
89441,2007-02-20 14:12:00,121.362300,31.249100,  0,112,0
89441,2007-02-20 14:13:01,121.362300,31.249100,  0,112,0
89441,2007-02-20 14:14:02,121.362300,31.249100,  0,112,0
89441,2007-02-20 14:15:03,121.362300,31.249100,  0,112,0
89441,2007-02-20 14:16:04,121.362300,31.249100,  0,112,0
89441,2007-02-20 14:17:05,121.373000,31.251800,  0,112,0
89441,2007-02-20 14:18:06,121.374100,31.251300, 56, 45,0
89441,2007-02-20 14:18:22,121.377000,31.250500, 66, 45,0
89441,2007-02-20 14:18:38,121.379600,31.249800, 66, 45,0
89441,2007-02-20 14:18:54,121.380800,31.249500,  0, 45,0
89441,2007-02-20 14:19:55,121.380800,31.249500,  0, 45,0
89441,2007-02-20 14:20:56,121.391800,31.246600,  0, 45,0
89441,2007-02-20 14:21:57,121.393000,31.246600, 28, 45,0
89441,2007-02-20 14:22:13,121.395000,31.246600, 62, 45,0
89441,2007-02-20 14:22:29,121.397300,31.246000, 46, 67,0
89441,2007-02-20 14:23:01,121.397800,31.246500, 44, 45,0
89441,2007-02-20 14:23:17,121.400000,31.246600, 58, 45,0
89441,2007-02-20 14:23:49,121.403500,31.247100, 14, 67,0
89441,2007-02-20 14:24:50,121.403300,31.247500,  0, 67,0
89441,2007-02-20 14:26:03,121.407000,31.247300, 36, 45,0
89441,2007-02-20 14:26:19,121.408000,31.246500, 24, 67,0
89441,2007-02-20 14:26:51,121.407800,31.247500, 26, 22,0
89441,2007-02-20 14:27:07,121.409300,31.247300, 34, 45,0
89441,2007-02-20 14:29:17,121.415300,31.243600, 28, 45,0
89441,2007-02-20 14:29:33,121.416600,31.242000, 32, 67,0
89441,2007-02-20 14:30:24,121.417300,31.241100, 30, 67,0
89441,2007-02-20 14:31:05,121.421800,31.237600, 56, 67,0
89441,2007-02-20 14:31:12,121.422500,31.237100, 54, 67,0
89441,2007-02-20 14:32:03,121.425100,31.235100, 36, 45,0
89441,2007-02-20 14:32:19,121.427000,31.234100, 40, 67,0
89441,2007-02-20 14:32:35,121.427800,31.233100, 32, 67,0
89441,2007-02-20 14:32:51,121.428600,31.232100, 18, 90,0
89441,2007-02-20 14:33:07,121.428100,31.231100, 12, 90,0
89441,2007-02-20 14:33:35,121.428600,31.230500, 10, 90,0
89441,2007-02-20 14:34:12,121.429000,31.229500,  6, 67,0
89441,2007-02-20 14:36:15,121.429000,31.229000,  0, 90,0
89441,2007-02-20 14:37:16,121.429000,31.229000,  0, 90,0
89441,2007-02-20 14:38:16,121.429000,31.229000,  0, 90,0
89441,2007-02-20 14:39:18,121.429000,31.229000,  0, 90,0
89441,2007-02-20 14:40:19,121.429000,31.229000,  0, 90,0
89441,2007-02-20 14:41:20,121.429000,31.229000,  0, 90,0
89441,2007-02-20 14:43:21,121.429000,31.229000,  0, 90,0
89441,2007-02-20 14:44:23,121.429000,31.229000,  0, 90,0
89441,2007-02-20 14:45:24,121.429000,31.229000,  0, 90,0
89441,2007-02-20 14:46:25,121.429000,31.229000,  0, 90,0
89441,2007-02-20 14:47:26,121.429000,31.229000,  0, 90,0
89441,2007-02-20 14:48:26,121.429000,31.229000,  0, 90,0
89441,2007-02-20 14:49:28,121.429000,31.229000,  0, 90,0
89441,2007-02-20 14:50:29,121.429000,31.229000,  0, 90,0
89441,2007-02-20 14:51:30,121.429000,31.229000,  0, 90,0
89441,2007-02-20 14:52:31,121.429000,31.229000,  0, 90,0
89441,2007-02-20 14:53:31,121.429000,31.229000,  0, 90,0
89441,2007-02-20 14:54:33,121.429000,31.229000,  0, 90,0
89441,2007-02-20 14:55:34,121.429000,31.229000,  0, 90,0
89441,2007-02-20 14:56:35,121.429000,31.229000,  0, 90,0
89441,2007-02-20 14:57:36,121.429000,31.229000,  0, 90,0
89441,2007-02-20 14:58:36,121.429000,31.229000,  0, 90,0
89441,2007-02-20 14:59:38,121.429000,31.229000,  0, 90,0
89441,2007-02-20 15:00:39,121.429000,31.229000,  0, 90,0
89441,2007-02-20 15:01:40,121.429000,31.229000,  0, 90,0
89441,2007-02-20 15:02:41,121.429000,31.229000,  0, 90,0
89441,2007-02-20 15:03:41,121.429000,31.229000,  0, 90,0
89441,2007-02-20 15:04:43,121.429000,31.229000,  0, 90,0
89441,2007-02-20 15:05:44,121.429000,31.229000,  0, 90,0
89441,2007-02-20 15:06:45,121.429000,31.229000,  0, 90,0
89441,2007-02-20 15:07:46,121.429000,31.229000,  0, 90,0
89441,2007-02-20 15:08:38,121.429000,31.229000,  0, 90,1
89441,2007-02-20 15:10:40,121.429000,31.229000,  0, 90,1
89441,2007-02-20 15:12:41,121.429000,31.229000,  0, 90,1
89441,2007-02-20 15:13:43,121.429000,31.229000,  0, 90,1
89441,2007-02-20 15:16:46,121.445300,31.223000, 50, 45,1
89441,2007-02-20 15:17:46,121.457500,31.225800, 70, 45,1
89441,2007-02-20 15:18:48,121.466300,31.225500, 52, 45,1
89441,2007-02-20 15:19:49,121.465800,31.215600, 78, 90,1
89441,2007-02-20 15:20:50,121.470600,31.204300, 86, 90,1
89441,2007-02-20 15:21:51,121.475100,31.194100, 76, 90,1
89441,2007-02-20 15:22:50,121.479500,31.183500, 94, 90,1
89441,2007-02-20 15:23:52,121.473300,31.174000, 78, 90,1
89441,2007-02-20 15:24:53,121.478500,31.161000, 74, 90,1
89441,2007-02-20 15:25:54,121.479500,31.158500,  0, 45,1
89441,2007-02-20 15:26:55,121.479500,31.158500,  0, 45,1
89441,2007-02-20 15:27:55,121.485500,31.161000, 52, 22,1
89441,2007-02-20 15:28:57,121.489600,31.162800, 28, 22,1
89441,2007-02-20 15:30:59,121.496000,31.158500, 44, 67,1
89441,2007-02-20 15:32:00,121.497600,31.155600, 50, 67,1
89441,2007-02-20 15:33:00,121.501300,31.152100, 56, 67,1
89441,2007-02-20 15:34:02,121.506000,31.145100,  0, 67,1
89441,2007-02-20 15:35:03,121.509600,31.140100, 16, 45,1
89441,2007-02-20 15:36:04,121.514000,31.140800, 40, 67,1
89441,2007-02-20 15:37:05,121.515500,31.139000,  2, 45,1
89441,2007-02-20 15:37:59,121.515300,31.139000,  4,112,0
89441,2007-02-20 15:38:25,121.514500,31.139600, 38,157,0
89441,2007-02-20 15:39:52,121.509500,31.140300, 30,135,1
89441,2007-02-20 15:40:53,121.504300,31.147500, 56,157,1
89441,2007-02-20 15:41:54,121.500500,31.153500, 76,157,1
89441,2007-02-20 15:42:55,121.498300,31.155000, 44,157,1
89441,2007-02-20 15:43:55,121.495800,31.158600,  0,157,1
89441,2007-02-20 15:44:57,121.493800,31.161100, 54,157,1
89441,2007-02-20 15:45:58,121.493000,31.164500, 28,  0,1
89441,2007-02-20 15:46:59,121.492300,31.171800, 26,  0,1
89441,2007-02-20 15:48:00,121.492000,31.173000,  0,157,1
89441,2007-02-20 15:49:00,121.498100,31.174000, 58, 45,1
89441,2007-02-20 15:50:02,121.499600,31.177600,  0,  0,1
89441,2007-02-20 15:51:03,121.498600,31.180100, 68,157,1
89441,2007-02-20 15:52:04,121.497300,31.185800, 40, 22,1
89441,2007-02-20 15:53:05,121.501000,31.192100, 36, 22,1
89441,2007-02-20 15:54:05,121.502300,31.194600, 42, 22,1
89441,2007-02-20 15:55:07,121.505300,31.198800, 42, 22,1
89441,2007-02-20 15:56:08,121.509500,31.206100, 64,  0,1
89441,2007-02-20 15:57:09,121.512100,31.212000,  0, 22,1
89441,2007-02-20 15:58:10,121.512100,31.212000,  0, 22,1
89441,2007-02-20 15:59:10,121.514100,31.215100, 12,  0,1
89441,2007-02-20 16:00:12,121.514100,31.216800, 44,  0,1
89441,2007-02-20 16:01:13,121.516000,31.218300,  0, 90,1
89441,2007-02-20 16:02:14,121.514100,31.217800, 12,112,1
89441,2007-02-20 16:03:44,121.512100,31.219500,  0,157,0
89441,2007-02-20 16:04:00,121.512100,31.219500,  0,157,0
89441,2007-02-20 16:04:40,121.513100,31.219800, 40, 45,0
89441,2007-02-20 16:04:57,121.514300,31.219600, 48, 90,0
89441,2007-02-20 16:05:13,121.514100,31.217500, 40, 90,0
89441,2007-02-20 16:05:29,121.514100,31.216100,  0, 90,0
89441,2007-02-20 16:05:54,121.514000,31.215000, 52, 90,0
89441,2007-02-20 16:06:10,121.513500,31.213600, 42,112,0
89441,2007-02-20 16:07:10,121.513000,31.213000,  0,112,0
89441,2007-02-20 16:07:35,121.512000,31.212600, 26,157,0
89441,2007-02-20 16:08:35,121.512000,31.212600,  0, 45,0
89441,2007-02-20 16:09:37,121.512000,31.212600,  0, 45,0
89441,2007-02-20 16:09:45,121.512000,31.212600, 16, 45,1
89441,2007-02-20 16:10:45,121.518600,31.210100, 44, 45,1
89441,2007-02-20 16:11:47,121.520800,31.210000,  0, 45,1
89441,2007-02-20 16:12:48,121.522500,31.212100, 24, 22,1
89441,2007-02-20 16:13:49,121.524800,31.221000, 62,  0,1
89441,2007-02-20 16:14:50,121.521000,31.230800, 60,157,1
89441,2007-02-20 16:15:50,121.521800,31.232300, 66, 45,1
89441,2007-02-20 16:16:52,121.531000,31.235000, 60, 22,1
89441,2007-02-20 16:17:53,121.538600,31.237800, 32, 22,1
89441,2007-02-20 16:18:54,121.543100,31.239000, 36, 45,1
89441,2007-02-20 16:19:55,121.548100,31.241100, 40, 22,1
89441,2007-02-20 16:21:57,121.565300,31.250500, 78, 22,1
89441,2007-02-20 16:22:58,121.568600,31.252800, 38, 22,1
89441,2007-02-20 16:23:59,121.572000,31.254800,  0, 22,1
89441,2007-02-20 16:25:00,121.568600,31.258300, 54,157,1
89441,2007-02-20 16:25:52,121.570300,31.260000,  6, 67,0
89441,2007-02-20 16:26:08,121.570300,31.260000,  0, 67,0
89441,2007-02-20 16:27:09,121.570300,31.259800,  4,  0,0
89441,2007-02-20 16:27:35,121.571300,31.259600, 18, 67,0
89441,2007-02-20 16:27:55,121.570800,31.259000, 54,112,0
89441,2007-02-20 16:28:10,121.568800,31.257800, 34,135,0
89441,2007-02-20 16:28:59,121.564600,31.261500, 50,112,0
89441,2007-02-20 16:29:15,121.563100,31.260600, 36,112,0
89441,2007-02-20 16:29:47,121.560600,31.263000,  0,157,0
89441,2007-02-20 16:30:48,121.560600,31.263000,  0,157,0
89441,2007-02-20 16:31:05,121.559600,31.262600, 52,112,0
89441,2007-02-20 16:31:20,121.557600,31.261300, 48,112,0
89441,2007-02-20 16:31:37,121.555500,31.260000, 64,112,0
89441,2007-02-20 16:31:53,121.553500,31.258600, 62,112,0
89441,2007-02-20 16:32:37,121.551100,31.257100, 48,112,0
89441,2007-02-20 16:32:53,121.549500,31.255500, 56,112,0
89441,2007-02-20 16:33:09,121.548000,31.253800, 58,112,0
89441,2007-02-20 16:33:34,121.547300,31.253100, 16,112,0
89441,2007-02-20 16:34:07,121.545100,31.250600, 58,112,0
89441,2007-02-20 16:34:23,121.543100,31.249500, 52,112,0
89441,2007-02-20 16:34:39,121.540600,31.248100, 48,112,0
89441,2007-02-20 16:34:55,121.539500,31.247600, 16,112,0
89441,2007-02-20 16:35:55,121.538600,31.247300, 10,112,0
89441,2007-02-20 16:36:12,121.537300,31.246600, 38,112,0
89441,2007-02-20 16:36:28,121.535500,31.246000, 60,112,0
89441,2007-02-20 16:36:44,121.532300,31.245000, 78,135,0
89441,2007-02-20 16:37:15,121.529800,31.245100, 30, 67,0
89441,2007-02-20 16:37:34,121.530100,31.244000, 40, 90,0
89441,2007-02-20 16:37:50,121.530600,31.242100, 38,112,0
89441,2007-02-20 16:38:05,121.528800,31.241500, 44,135,0
89441,2007-02-20 16:38:22,121.526500,31.240600, 20,112,0
89441,2007-02-20 16:39:10,121.525300,31.240300, 60,112,0
89441,2007-02-20 16:39:25,121.523600,31.239500, 32, 90,0
89441,2007-02-20 16:39:42,121.524500,31.237600, 44, 90,0
89441,2007-02-20 16:39:58,121.525300,31.235600, 60, 90,0
89441,2007-02-20 16:40:14,121.525800,31.234600, 10, 67,0
89441,2007-02-20 16:40:35,121.525800,31.233600, 34,135,0
89441,2007-02-20 16:40:50,121.524000,31.233000, 24,112,0
89441,2007-02-20 16:41:52,121.523800,31.232800,  0, 90,0
89441,2007-02-20 16:42:29,121.525300,31.229800, 36, 67,0
89441,2007-02-20 16:43:30,121.525500,31.229500,  8, 90,0
89441,2007-02-20 16:43:45,121.524800,31.228600, 48,135,0
89441,2007-02-20 16:44:02,121.522100,31.228000, 44,135,0
89441,2007-02-20 16:44:18,121.521300,31.230000, 70,  0,0
89441,2007-02-20 16:44:34,121.520100,31.232600, 78,  0,0
89441,2007-02-20 16:44:50,121.519300,31.234300,  6,157,0
89441,2007-02-20 16:45:20,121.518800,31.235300, 42,157,0
89441,2007-02-20 16:45:35,121.518000,31.237000, 48,157,0
89441,2007-02-20 16:45:52,121.516800,31.239100, 60,157,0
89441,2007-02-20 16:46:08,121.515800,31.241100, 62,157,0
89441,2007-02-20 16:46:24,121.515000,31.243100,  0,157,0
89441,2007-02-20 16:47:25,121.515000,31.243100,  0,157,0
89441,2007-02-20 16:48:50,121.511000,31.259500, 42, 22,0
89441,2007-02-20 16:49:07,121.510600,31.260500, 40,157,0
89441,2007-02-20 16:49:23,121.510000,31.261300,  0,157,0
89441,2007-02-20 16:50:24,121.509300,31.260600,  0,112,0
89441,2007-02-20 16:51:25,121.509300,31.260600,  0,112,0
89441,2007-02-20 16:51:49,121.508500,31.260300, 44,157,0
89441,2007-02-20 16:52:25,121.507800,31.261000, 14,157,1
89441,2007-02-20 16:53:25,121.506500,31.262300, 58,157,1
89441,2007-02-20 16:55:28,121.499100,31.274800, 32,157,1
89441,2007-02-20 16:56:29,121.497500,31.276100,  0,157,1
89441,2007-02-20 16:57:30,121.495800,31.277500, 44,157,1
89441,2007-02-20 16:58:30,121.490800,31.278100, 48,135,1
89441,2007-02-20 16:59:32,121.487100,31.278300,  0,135,1
89441,2007-02-20 17:00:33,121.485800,31.279100, 46,  0,1
89441,2007-02-20 17:02:35,121.486300,31.286600,  0,  0,1
89441,2007-02-20 17:03:35,121.486300,31.286800, 20,  0,1
89441,2007-02-20 17:05:38,121.484000,31.298100, 60,  0,1
89441,2007-02-20 17:06:39,121.482800,31.299500, 16,157,1
89441,2007-02-20 17:06:50,121.482600,31.299800,  0,135,0
89441,2007-02-20 17:07:24,121.482500,31.299100, 38,112,0
89441,2007-02-20 17:07:40,121.480300,31.298100, 50,112,0
89441,2007-02-20 17:07:55,121.479100,31.297600, 24,112,0
89441,2007-02-20 17:08:12,121.478800,31.298500, 48,  0,0
89441,2007-02-20 17:08:28,121.478800,31.299500, 26,135,0
89441,2007-02-20 17:08:48,121.477600,31.299300, 22,112,0
89441,2007-02-20 17:09:24,121.475100,31.299000, 38,135,0
89441,2007-02-20 17:09:57,121.472100,31.299000, 18,135,0
89441,2007-02-20 17:10:19,121.471800,31.298100, 60, 90,0
89441,2007-02-20 17:10:35,121.471800,31.296500,  0, 90,0
89441,2007-02-20 17:10:50,121.470800,31.296300, 56,135,0
89441,2007-02-20 17:11:23,121.466800,31.296500, 10,135,0
89441,2007-02-20 17:12:03,121.465800,31.299100, 52,135,0
89441,2007-02-20 17:12:19,121.463500,31.299100, 56,135,0
89441,2007-02-20 17:13:20,121.462800,31.299000,  0,135,0
89441,2007-02-20 17:13:48,121.462500,31.298100, 54, 90,0
89441,2007-02-20 17:14:04,121.462500,31.295600, 62, 90,0
89441,2007-02-20 17:14:20,121.461800,31.294600, 28,157,0
89441,2007-02-20 17:15:13,121.461100,31.296300,  8, 90,1
89441,2007-02-20 17:16:14,121.457000,31.295100, 38,135,1
89441,2007-02-20 17:17:15,121.456800,31.293800, 48,112,1
89441,2007-02-20 17:18:15,121.456600,31.287600, 58, 90,1
89441,2007-02-20 17:19:17,121.457000,31.280300, 42, 67,1
89441,2007-02-20 17:20:18,121.457100,31.275800, 24,112,1
89441,2007-02-20 17:21:19,121.455500,31.274500,  6, 67,1
89441,2007-02-20 17:22:07,121.454500,31.273500,  0,112,0
89441,2007-02-20 17:22:23,121.454500,31.273500,  0,112,0
89441,2007-02-20 17:23:24,121.453800,31.274300, 14,135,0
89441,2007-02-20 17:23:52,121.453100,31.274100, 14,112,1
89441,2007-02-20 17:24:52,121.451300,31.273300,  0,135,1
89441,2007-02-20 17:25:53,121.451100,31.273300,  0,135,1
89441,2007-02-20 17:26:54,121.454000,31.268100, 64, 67,1
89441,2007-02-20 17:27:55,121.459000,31.259000, 72, 90,1
89441,2007-02-20 17:28:55,121.458100,31.248800, 64, 90,1
89441,2007-02-20 17:29:57,121.461300,31.237100, 96, 67,1
89441,2007-02-20 17:30:58,121.462800,31.228100, 70, 90,1
89441,2007-02-20 17:31:59,121.472100,31.229500, 82, 22,1
89441,2007-02-20 17:33:00,121.482100,31.233500, 72, 45,1
89441,2007-02-20 17:34:01,121.484100,31.234000,  0, 45,1
89441,2007-02-20 17:35:02,121.484100,31.234000,  0, 45,1
89441,2007-02-20 17:36:03,121.484100,31.234000,  0, 45,1
89441,2007-02-20 17:37:04,121.484100,31.234000,  0, 45,1
89441,2007-02-20 17:37:53,121.484100,31.234000,  0, 45,1
89441,2007-02-20 17:38:54,121.484100,31.234000,  0, 45,0
89441,2007-02-20 17:39:54,121.513000,31.229500,  0, 22,0
89441,2007-02-20 17:40:55,121.513000,31.229500,  0, 22,0
89441,2007-02-20 17:41:39,121.513800,31.229100, 22, 67,0
89441,2007-02-20 17:41:40,121.514000,31.229100, 22, 67,1
89441,2007-02-20 17:42:41,121.514800,31.227800, 18, 67,1
89441,2007-02-20 17:43:42,121.514800,31.227600, 14, 90,1
89441,2007-02-20 17:44:43,121.515300,31.226800,  0, 67,1
89441,2007-02-20 17:45:44,121.515600,31.226100,  0, 67,1
89441,2007-02-20 17:48:06,121.518600,31.220000, 24, 90,1
89441,2007-02-20 17:49:07,121.518300,31.215300, 32, 90,1
89441,2007-02-20 17:50:08,121.520800,31.213800, 40, 45,1
89441,2007-02-20 17:50:23,121.521100,31.213800,  0, 45,0
89441,2007-02-20 17:51:23,121.521300,31.213800,  6, 45,0
89441,2007-02-20 17:51:27,121.521500,31.213800, 14, 45,1
89441,2007-02-20 17:54:30,121.521500,31.210300,  0,112,1
89441,2007-02-20 17:55:31,121.521500,31.210300,  0,112,1
89441,2007-02-20 17:56:32,121.520600,31.208800, 64,112,1
89441,2007-02-20 17:57:33,121.517500,31.203000,  0, 67,1
89441,2007-02-20 17:59:35,121.512000,31.195000, 36,112,1
89441,2007-02-20 18:00:36,121.506500,31.191600, 58,112,1
89441,2007-02-20 18:01:37,121.502100,31.191300, 46,135,1
89441,2007-02-20 18:02:38,121.499100,31.188800, 62,112,1
89441,2007-02-20 18:03:39,121.496600,31.185000, 48,112,1
89441,2007-02-20 18:04:40,121.493500,31.181600,  0,112,1
89441,2007-02-20 18:05:41,121.490000,31.180100, 28,135,1
89441,2007-02-20 18:06:35,121.484600,31.178600,  0,112,0
89441,2007-02-20 18:06:51,121.484600,31.178600,  0,112,0
89441,2007-02-20 18:07:52,121.484600,31.178600,  0,112,0
89441,2007-02-20 18:08:15,121.484500,31.178600, 18,112,1
89441,2007-02-20 18:10:16,121.481100,31.179800,  0,157,1
89441,2007-02-20 18:11:17,121.481100,31.179800,  0,157,1
89441,2007-02-20 18:12:18,121.481100,31.179800,  0,157,1
89441,2007-02-20 18:13:19,121.481100,31.179800,  0,157,1
89441,2007-02-20 18:14:20,121.481100,31.179800,  0,157,1
89441,2007-02-20 18:15:21,121.481100,31.179800,  0,157,1
89441,2007-02-20 18:15:56,121.469800,31.196500,  0,157,0
89441,2007-02-20 18:16:56,121.469800,31.196500,  0,157,0
89441,2007-02-20 18:17:53,121.470600,31.195500, 34, 67,0
89441,2007-02-20 18:18:09,121.472000,31.195800, 34, 22,0
89441,2007-02-20 18:18:25,121.473300,31.196500, 36, 22,0
89441,2007-02-20 18:19:03,121.474000,31.197000, 32, 22,0
89441,2007-02-20 18:19:19,121.475800,31.197500, 46, 45,0
89441,2007-02-20 18:19:35,121.477300,31.198000, 14, 45,0
89441,2007-02-20 18:19:53,121.478500,31.198300, 50, 45,0
89441,2007-02-20 18:20:09,121.480600,31.198800, 50, 22,0
89441,2007-02-20 18:20:25,121.482100,31.199500, 26, 22,0
89441,2007-02-20 18:20:41,121.481600,31.200600, 54,157,0
89441,2007-02-20 18:20:57,121.480800,31.202100, 36,157,0
89441,2007-02-20 18:21:13,121.479300,31.203300, 46,157,0
89441,2007-02-20 18:21:29,121.475600,31.203000, 66,135,0
89441,2007-02-20 18:22:30,121.474800,31.203000,  0,135,0
89441,2007-02-20 18:23:31,121.474800,31.203000,  0,135,0
89441,2007-02-20 18:24:32,121.474800,31.203000,  0,135,0
89441,2007-02-20 18:25:27,121.459600,31.195100, 24,157,1
89441,2007-02-20 18:26:28,121.457300,31.199500, 28,  0,1
89441,2007-02-20 18:28:30,121.456300,31.204300,  0,  0,1
89441,2007-02-20 18:29:31,121.454100,31.204300,  0,112,1
89441,2007-02-20 18:31:33,121.452800,31.213100, 62,  0,1
89441,2007-02-20 18:32:34,121.451100,31.219100, 42,157,1
89441,2007-02-20 18:34:36,121.443300,31.218500, 20,157,1
89441,2007-02-20 18:35:37,121.441100,31.222000, 40,  0,1
89441,2007-02-20 18:36:38,121.440000,31.225300,  0,157,1
89441,2007-02-20 18:37:39,121.438100,31.226300, 14,157,1
89441,2007-02-20 18:38:40,121.435300,31.227100,  0,157,1
89441,2007-02-20 18:39:41,121.429000,31.232100, 66,157,1
89441,2007-02-20 18:40:42,121.428000,31.233300, 52,157,1
89441,2007-02-20 18:41:43,121.425500,31.235000,  0,112,1
89441,2007-02-20 18:42:44,121.425100,31.235300, 40,157,1
89441,2007-02-20 18:43:45,121.419800,31.239300,  0,157,1
89441,2007-02-20 18:44:46,121.418600,31.240300, 54,157,1
89441,2007-02-20 18:45:47,121.415800,31.242500,  0,135,1
89441,2007-02-20 18:46:48,121.415000,31.243100,  0,157,1
89441,2007-02-20 18:47:49,121.411000,31.246100, 76,157,1
89441,2007-02-20 18:48:49,121.404800,31.247300,  4,112,0
89441,2007-02-20 18:49:04,121.404500,31.247000,  4,112,0
89441,2007-02-20 18:49:55,121.401300,31.246800, 36,135,0
89441,2007-02-20 18:50:11,121.400100,31.246600, 42,135,0
89441,2007-02-20 18:50:34,121.399500,31.246600, 14,135,1
89441,2007-02-20 18:51:35,121.397300,31.249300, 20,  0,1
89441,2007-02-20 18:52:36,121.397300,31.250100, 28,  0,1
89441,2007-02-20 18:53:37,121.398800,31.252500, 16, 45,1
89441,2007-02-20 18:54:38,121.405500,31.253300, 52, 45,1
89441,2007-02-20 18:55:39,121.409000,31.254100, 34, 45,1
89441,2007-02-20 18:56:40,121.416600,31.257300, 38, 22,1
89441,2007-02-20 18:57:41,121.418100,31.265600, 42,  0,1
89441,2007-02-20 18:58:32,121.421600,31.266300, 18, 90,0
89441,2007-02-20 18:58:48,121.421100,31.266000, 10,112,0
89441,2007-02-20 18:59:08,121.421300,31.265300, 32, 90,0
89441,2007-02-20 18:59:40,121.423100,31.266000, 38,  0,0
89441,2007-02-20 19:00:08,121.423000,31.267000,  8,  0,0
89441,2007-02-20 19:00:15,121.423100,31.267100, 22, 22,1
89441,2007-02-20 19:01:15,121.424800,31.267300,  0, 45,1
89441,2007-02-20 19:08:24,121.416300,31.236100, 18,157,0
89441,2007-02-20 19:41:54,121.408800,31.188100, 28,  0,0
89441,2007-02-20 19:42:55,121.408800,31.188300,  0,  0,0
89441,2007-02-20 19:45:32,121.408800,31.197300, 42,  0,0
89441,2007-02-20 19:45:55,121.408800,31.198100, 22, 22,0
89441,2007-02-20 19:46:10,121.410500,31.198000, 48, 45,0
89441,2007-02-20 19:46:27,121.412500,31.198100, 42, 45,0
89441,2007-02-20 19:46:43,121.414300,31.198500, 42, 45,0
89441,2007-02-20 19:46:59,121.416300,31.198600, 42, 45,0
89441,2007-02-20 19:47:27,121.416500,31.198800,  0, 45,1
89441,2007-02-20 20:00:56,121.395000,31.246300, 16, 45,1
89441,2007-02-20 20:01:57,121.398000,31.246300, 14, 45,1
89441,2007-02-20 20:03:59,121.405800,31.247300, 66, 45,1
89441,2007-02-20 20:04:59,121.407600,31.247300, 14, 45,1
89441,2007-02-20 20:06:01,121.414100,31.243800,  0, 67,1
89441,2007-02-20 20:07:02,121.415800,31.242500, 36, 67,1
89441,2007-02-20 20:08:03,121.417600,31.241000,  0, 67,1
89441,2007-02-20 20:09:04,121.418800,31.240100, 60, 67,1
89441,2007-02-20 20:10:04,121.424600,31.235500,  0, 67,1
89441,2007-02-20 20:11:06,121.429100,31.231800, 54, 67,1
89441,2007-02-20 20:13:08,121.433100,31.227500, 14, 67,1
89441,2007-02-20 20:14:09,121.435100,31.227100,  8, 45,1
89441,2007-02-20 20:15:09,121.437600,31.226600,  0, 45,1
89441,2007-02-20 20:16:11,121.438100,31.226500,  0, 67,1
89441,2007-02-20 20:18:13,121.445100,31.230100, 66, 22,1
89441,2007-02-20 20:19:14,121.450100,31.229600,  8, 90,1
89441,2007-02-20 20:20:14,121.451600,31.229800,  0, 45,1
89441,2007-02-20 20:21:16,121.455600,31.232300, 54, 22,1
89441,2007-02-20 20:21:23,121.456300,31.232600, 32, 22,0
89441,2007-02-20 20:21:39,121.456300,31.232800,  0,  0,0
89441,2007-02-20 20:22:34,121.456500,31.233000, 18, 22,1
89441,2007-02-20 20:24:34,121.462300,31.230300, 20, 90,1
89441,2007-02-20 20:25:36,121.463100,31.227100, 72, 67,1
89441,2007-02-20 20:26:37,121.466800,31.220800, 52, 90,1
89441,2007-02-20 20:27:38,121.466000,31.214600, 56, 90,1
89441,2007-02-20 20:28:39,121.466800,31.209100, 32, 90,1
89441,2007-02-20 20:30:41,121.451300,31.203600, 62,135,1
89441,2007-02-20 20:31:42,121.449300,31.202600,  0,112,1
89441,2007-02-20 20:32:43,121.445800,31.201500, 28,135,1
89441,2007-02-20 20:33:44,121.443300,31.200600,  0,112,1
89441,2007-02-20 20:34:44,121.436800,31.197100, 36,112,1
89441,2007-02-20 20:35:46,121.437300,31.194000,  4, 45,1
89441,2007-02-20 20:35:54,121.437600,31.194000, 10, 45,0
89441,2007-02-20 20:36:54,121.438500,31.193500,  0, 90,0
89441,2007-02-20 20:37:56,121.438500,31.193500,  0, 90,0
89441,2007-02-20 20:38:46,121.439100,31.194300, 30, 22,0
89441,2007-02-20 20:39:02,121.440300,31.195300, 40, 22,0
89441,2007-02-20 20:39:57,121.439800,31.198500, 10,  0,1
89441,2007-02-20 20:40:58,121.443100,31.200000, 16, 22,1
89441,2007-02-20 20:41:59,121.449800,31.202500, 60, 22,1
89441,2007-02-20 20:42:59,121.456300,31.204100,  4, 67,1
89441,2007-02-20 20:44:01,121.458300,31.205000, 28, 22,1
89441,2007-02-20 20:45:02,121.463100,31.203500, 36, 90,1
89441,2007-02-20 20:46:03,121.464100,31.199600, 72, 90,1
89441,2007-02-20 20:47:04,121.465100,31.197000,  0, 90,1
89441,2007-02-20 20:48:04,121.466500,31.196800,  0, 22,1
89441,2007-02-20 20:49:06,121.467600,31.196500, 30, 45,1
89441,2007-02-20 20:50:07,121.469100,31.196800,  0, 45,1
89441,2007-02-20 20:52:09,121.469100,31.196800,  0, 45,1
89441,2007-02-20 20:53:09,121.469100,31.196800,  0, 45,1
89441,2007-02-20 20:54:11,121.484000,31.173800, 32, 90,1
89441,2007-02-20 20:55:12,121.489800,31.173100, 56, 45,1
89441,2007-02-20 20:56:13,121.492600,31.173300, 38, 45,1
89441,2007-02-20 20:57:14,121.495000,31.171800,  0, 45,1
89441,2007-02-20 20:57:15,121.495000,31.171800,  0, 45,0
89441,2007-02-20 20:58:16,121.494800,31.171600,  0, 45,0
89441,2007-02-20 20:59:17,121.493300,31.173300,  0,  0,0
89441,2007-02-20 21:01:19,121.492500,31.173500, 16,135,0
89441,2007-02-20 21:01:52,121.491100,31.175100, 38,  0,0
89441,2007-02-20 21:02:08,121.491000,31.176100, 16,  0,0
89441,2007-02-20 21:02:26,121.492100,31.176500, 26, 45,0
89441,2007-02-20 21:02:42,121.493500,31.176600, 34, 45,0
89441,2007-02-20 21:03:07,121.494100,31.176800, 12, 45,1
89441,2007-02-20 21:04:08,121.495600,31.174800, 46, 90,1
89441,2007-02-20 21:05:09,121.498800,31.174000, 32, 45,1
89441,2007-02-20 21:06:09,121.503500,31.174300,  0, 45,1
89441,2007-02-20 21:07:11,121.511800,31.175300, 62, 45,1
89441,2007-02-20 21:08:12,121.519500,31.177500, 64, 45,1
89441,2007-02-20 21:09:13,121.530000,31.180300, 66, 45,1
89441,2007-02-20 21:10:14,121.533500,31.181000, 36, 45,1
89441,2007-02-20 21:11:14,121.543600,31.181800, 36, 45,1
89441,2007-02-20 21:12:16,121.545800,31.182000, 18, 45,1
89441,2007-02-20 21:13:17,121.549100,31.182500, 20, 90,1
89441,2007-02-20 21:14:29,121.549100,31.182000, 14, 90,0
89441,2007-02-20 21:14:54,121.549100,31.181000,  8, 90,0
89441,2007-02-20 21:15:54,121.549100,31.181000,  0,  0,0
89441,2007-02-20 21:16:56,121.549100,31.181000,  0,  0,0
89441,2007-02-20 21:17:23,121.549100,31.182000, 42,  0,0
89441,2007-02-20 21:17:58,121.548600,31.182800, 20,135,0
89441,2007-02-20 21:18:59,121.545500,31.181800, 16, 90,1
89441,2007-02-20 21:20:01,121.541600,31.181800, 64,135,1
89441,2007-02-20 21:21:02,121.534000,31.181000, 56,135,1
89441,2007-02-20 21:22:03,121.520000,31.177600, 86,135,1
89441,2007-02-20 21:23:04,121.520500,31.172800, 84, 67,1
89441,2007-02-20 21:24:04,121.525100,31.166500, 74, 67,1
89441,2007-02-20 21:25:06,121.522600,31.162500,  0,135,1
89441,2007-02-20 21:26:07,121.519300,31.161600,  0,135,1
89441,2007-02-20 21:27:08,121.516600,31.160800, 20, 90,1
89441,2007-02-20 21:28:09,121.515600,31.156000, 42,112,1
89441,2007-02-20 21:29:09,121.510300,31.153500, 68,112,1
89441,2007-02-20 21:30:11,121.504000,31.154600, 54,135,1
89441,2007-02-20 21:31:12,121.502500,31.149800, 76, 67,1
89441,2007-02-20 21:32:13,121.505000,31.146500, 66, 67,1
89441,2007-02-20 21:33:02,121.504100,31.144300,  0,135,0
89441,2007-02-20 21:33:18,121.504100,31.144300,  0,135,0
89441,2007-02-20 21:34:19,121.503600,31.144000, 30,112,0
89441,2007-02-20 21:34:34,121.502300,31.143500, 50,112,0
89441,2007-02-20 21:34:51,121.500600,31.143000, 26,135,0
89441,2007-02-20 21:35:07,121.499000,31.142500, 34,135,0
89441,2007-02-20 21:35:23,121.497800,31.142100, 18,112,0
89441,2007-02-20 21:35:43,121.496600,31.141600, 42,112,0
89441,2007-02-20 21:36:24,121.496100,31.142000, 30,  0,0
89441,2007-02-20 21:36:41,121.495600,31.143300, 30,  0,0
89441,2007-02-20 21:36:58,121.495300,31.144300, 18,  0,0
89441,2007-02-20 21:37:17,121.495000,31.145300, 26,  0,0
89441,2007-02-20 21:37:33,121.494300,31.146800, 62,  0,0
89441,2007-02-20 21:37:49,121.493800,31.148300, 16,  0,0
89441,2007-02-20 21:38:49,121.493500,31.148100,  2, 22,0
89441,2007-02-20 21:39:22,121.497100,31.150600, 30, 22,0
89441,2007-02-20 21:39:38,121.498800,31.151800, 34, 22,0
89441,2007-02-20 21:40:09,121.503600,31.155100, 40, 22,0
89441,2007-02-20 21:40:44,121.493600,31.148600, 14,135,0
89441,2007-02-20 21:41:00,121.492500,31.148300, 40,135,0
89441,2007-02-20 21:41:21,121.491300,31.148000, 10, 45,0
89441,2007-02-20 21:41:44,121.491600,31.148100, 22, 45,1
89441,2007-02-20 21:42:44,121.493600,31.148800, 22,  0,1
89441,2007-02-20 21:44:46,121.499500,31.153800,  0, 22,1
89441,2007-02-20 21:45:47,121.496300,31.158000, 76,157,1
89441,2007-02-20 21:46:48,121.493000,31.163800, 22,  0,1
89441,2007-02-20 21:47:49,121.492500,31.169800,  4,  0,1
89441,2007-02-20 21:48:50,121.493800,31.170600, 54, 45,1
89441,2007-02-20 21:49:51,121.501300,31.172100, 34,  0,1
89441,2007-02-20 21:50:52,121.505000,31.174500, 22, 45,1
89441,2007-02-20 21:51:53,121.509300,31.175000,  0, 45,1
89441,2007-02-20 21:52:54,121.513800,31.176100,  4, 45,1
89441,2007-02-20 21:53:55,121.516000,31.181100,  0, 22,1
89441,2007-02-20 21:54:56,121.518500,31.187100,100,  0,1
89441,2007-02-20 21:55:57,121.521600,31.195100, 22,  0,1
89441,2007-02-20 21:56:58,121.524500,31.201100, 66,  0,1
89441,2007-02-20 21:57:59,121.528600,31.212600, 46,  0,1
89441,2007-02-20 21:59:00,121.531800,31.220800, 82,  0,1
89441,2007-02-20 22:00:01,121.540600,31.228100, 90, 22,1
89441,2007-02-20 22:01:02,121.544100,31.229300, 12, 22,1
89441,2007-02-20 22:02:03,121.543300,31.231300, 64,157,1
89441,2007-02-20 22:03:04,121.544800,31.236600,  0, 22,1
89441,2007-02-20 22:04:05,121.544000,31.239000, 32,157,1
89441,2007-02-20 22:05:06,121.548300,31.241300, 32, 22,1
89441,2007-02-20 22:06:07,121.557000,31.245600, 54, 22,1
89441,2007-02-20 22:08:34,121.559100,31.253600,  0,  0,0
89441,2007-02-20 22:08:50,121.559100,31.253600,  0,  0,0
89441,2007-02-20 22:09:50,121.558300,31.254300, 34,157,0
89441,2007-02-20 22:10:06,121.556500,31.256500, 34,157,0
89441,2007-02-20 22:10:38,121.555800,31.257300, 54,157,0
89441,2007-02-20 22:10:54,121.554500,31.257800, 32,157,0
89441,2007-02-20 22:11:18,121.553800,31.258600, 16,  0,0
89441,2007-02-20 22:11:34,121.555600,31.260000, 68, 22,0
89441,2007-02-20 22:11:50,121.557300,31.261000, 12, 22,0
89441,2007-02-20 22:12:06,121.558800,31.262000, 68, 22,0
89441,2007-02-20 22:12:22,121.560600,31.263000, 24, 67,0
89441,2007-02-20 22:12:38,121.561600,31.261100, 70, 67,0
89441,2007-02-20 22:12:54,121.561500,31.259800, 46,112,0
89441,2007-02-20 22:13:10,121.559500,31.258800, 42,112,0
89441,2007-02-20 22:13:26,121.558500,31.259000, 48,157,0
89441,2007-02-20 22:13:42,121.557100,31.260600, 18,157,0
89441,2007-02-20 22:14:43,121.557100,31.260600,  0,  0,0
89441,2007-02-20 22:15:25,121.556100,31.260300, 52,112,0
89441,2007-02-20 22:15:41,121.554100,31.259000, 64,112,0
89441,2007-02-20 22:15:57,121.551500,31.257300, 52,112,0
89441,2007-02-20 22:16:13,121.550300,31.256300, 42,112,0
89441,2007-02-20 22:16:29,121.549100,31.254800, 60,112,0
89441,2007-02-20 22:17:01,121.545100,31.250600, 76,112,0
89441,2007-02-20 22:17:17,121.542300,31.249000, 80,112,0
89441,2007-02-20 22:17:33,121.541000,31.248300, 18,112,0
89441,2007-02-20 22:17:57,121.540000,31.247800, 26,112,0
89441,2007-02-20 22:18:13,121.538000,31.247000, 56,112,0
89441,2007-02-20 22:19:01,121.531000,31.244600, 48,135,0
89441,2007-02-20 22:19:26,121.530000,31.244300, 46,135,0
89441,2007-02-20 22:19:42,121.527300,31.243500, 66,135,0
89441,2007-02-20 22:19:58,121.524600,31.242800, 70,135,0
89441,2007-02-20 22:20:14,121.521300,31.242600, 66,135,0
89441,2007-02-20 22:20:30,121.520000,31.242600,  0,135,0
89441,2007-02-20 22:21:17,121.519000,31.242600, 58,135,0
89441,2007-02-20 22:21:33,121.515800,31.242500, 74,135,0
89441,2007-02-20 22:21:50,121.514600,31.242300, 22,135,0
89441,2007-02-20 22:21:52,121.514500,31.242300, 34,135,1
89441,2007-02-20 22:22:53,121.510100,31.241100, 56,135,1
89441,2007-02-20 22:23:54,121.502600,31.238300, 56,135,1
89441,2007-02-20 22:29:09,121.462500,31.231100, 68,  0,1
89441,2007-02-20 22:30:10,121.458800,31.242000, 80,  0,1
89441,2007-02-20 22:31:11,121.459100,31.253100, 92,  0,1
89441,2007-02-20 22:32:12,121.457300,31.263100, 64,157,1
89441,2007-02-20 22:33:13,121.445500,31.260000,104,135,1
89441,2007-02-20 22:34:14,121.432300,31.256000, 80,112,1
89441,2007-02-20 22:35:15,121.426800,31.254800, 36,157,1
89441,2007-02-20 22:36:16,121.426600,31.255000,  0,157,1
89441,2007-02-20 22:37:17,121.426300,31.263000, 78,  0,1
89441,2007-02-20 22:38:18,121.425600,31.267100,  0,  0,1
89441,2007-02-20 22:39:19,121.425600,31.267100,  0,  0,1
89441,2007-02-20 22:40:20,121.423000,31.266600, 20, 90,1
89441,2007-02-20 22:40:50,121.423500,31.265000,  0, 90,0
89441,2007-02-20 22:41:06,121.423500,31.265000,  0, 90,0
89441,2007-02-20 22:42:07,121.423500,31.265000, 10, 90,0
89441,2007-02-20 22:42:23,121.423600,31.263800, 32, 90,0
89441,2007-02-20 22:42:41,121.424500,31.263800, 30, 45,0
89441,2007-02-20 22:42:57,121.425800,31.264000, 38, 45,0
89441,2007-02-20 22:43:17,121.426300,31.263300, 50, 90,0
89441,2007-02-20 22:43:33,121.426100,31.260600, 80, 90,0
89441,2007-02-20 22:43:49,121.426000,31.257500, 86, 90,0
89441,2007-02-20 22:44:26,121.426600,31.255000, 34, 90,0
89441,2007-02-20 22:44:42,121.427100,31.254000, 30, 67,0
89441,2007-02-20 22:44:58,121.427800,31.252500, 50, 67,0
89441,2007-02-20 22:45:14,121.428500,31.251500, 22, 67,0
89441,2007-02-20 22:46:24,121.425300,31.246800, 48,135,0
89441,2007-02-20 22:46:40,121.424000,31.245800, 40, 90,0
89441,2007-02-20 22:46:56,121.424500,31.244100, 44, 67,0
89441,2007-02-20 22:47:12,121.422300,31.243500, 70,112,0
89441,2007-02-20 22:47:28,121.420800,31.242500, 40,112,0
89441,2007-02-20 22:47:44,121.419100,31.241600, 50,112,0
89441,2007-02-20 22:50:44,121.427300,31.233600,  8,135,0
89441,2007-02-20 22:51:23,121.425500,31.231100, 50,112,0
89441,2007-02-20 22:51:39,121.424800,31.230300,  0,112,0
89441,2007-02-20 22:52:15,121.425600,31.229500, 38, 67,0
89441,2007-02-20 22:52:34,121.426800,31.229800, 18, 22,0
89441,2007-02-20 22:52:51,121.428000,31.230100, 26, 45,0
89441,2007-02-20 22:53:52,121.427800,31.230800,  0,  0,0
89441,2007-02-20 22:54:53,121.427800,31.230800,  0,  0,0
89441,2007-02-20 22:55:54,121.427800,31.230800,  0,  0,0
89441,2007-02-20 22:56:55,121.427800,31.230800,  0,  0,0
89441,2007-02-20 22:57:56,121.427800,31.230800,  0,  0,0
89441,2007-02-20 22:58:57,121.427800,31.230800,  0,  0,0
89441,2007-02-20 22:59:58,121.428000,31.230300,  4, 90,0
89441,2007-02-20 23:00:59,121.427600,31.231100,  0,  0,0
89441,2007-02-20 23:02:00,121.427600,31.231500, 10,  0,0
89441,2007-02-20 23:03:01,121.427600,31.231100,  0, 90,0
89441,2007-02-20 23:04:02,121.427800,31.231000,  0, 90,0
89441,2007-02-20 23:05:03,121.427800,31.231000,  0, 90,0
89441,2007-02-20 23:06:04,121.427800,31.231000,  0, 90,0
89441,2007-02-20 23:07:05,121.427800,31.231000,  0, 90,0
89441,2007-02-20 23:08:06,121.427800,31.231000,  0, 90,0
89441,2007-02-20 23:08:56,121.428500,31.229300,  8, 90,0
89441,2007-02-20 23:09:57,121.428100,31.230000,  0,  0,0
89441,2007-02-20 23:10:58,121.427800,31.230800,  0, 90,0
89441,2007-02-20 23:11:59,121.427800,31.230800,  0, 90,0
89441,2007-02-20 23:13:00,121.427800,31.230800,  0, 90,0
89441,2007-02-20 23:15:02,121.427800,31.231000,  0, 90,0
89441,2007-02-20 23:16:03,121.427800,31.231000,  0, 90,0
89441,2007-02-20 23:17:04,121.427800,31.230600,  0, 90,0
89441,2007-02-20 23:19:06,121.427800,31.230600,  0, 90,0
89441,2007-02-20 23:20:07,121.427800,31.230600,  0, 90,0
89441,2007-02-20 23:21:08,121.427800,31.230600,  0, 90,0
89441,2007-02-20 23:22:09,121.427800,31.230600,  0, 90,0
89441,2007-02-20 23:23:10,121.427800,31.230600,  0, 90,0
89441,2007-02-20 23:24:11,121.427800,31.230600,  0, 90,0
89441,2007-02-20 23:25:12,121.427800,31.230600,  0, 90,0
89441,2007-02-20 23:26:13,121.427800,31.230800,  0,  0,0
89441,2007-02-20 23:27:14,121.427800,31.230800,  0, 90,0
89441,2007-02-20 23:28:15,121.427800,31.230300,  0, 90,0
89441,2007-02-20 23:29:16,121.428000,31.229800,  0, 90,0
89441,2007-02-20 23:30:17,121.428000,31.228800,  0, 90,0
89441,2007-02-20 23:31:18,121.427800,31.230300,  0,  0,0
89441,2007-02-20 23:32:19,121.427800,31.230500,  0,  0,0
89441,2007-02-20 23:33:20,121.427800,31.230000,  4, 90,0
89441,2007-02-20 23:34:18,121.427000,31.229600, 16,112,0
89441,2007-02-20 23:34:56,121.426000,31.229100, 12,135,0
89441,2007-02-20 23:35:21,121.424600,31.228500, 22,135,0
89441,2007-02-20 23:35:50,121.422600,31.229800, 30,112,0
89441,2007-02-20 23:36:06,121.421800,31.228300, 32,112,0
89441,2007-02-20 23:36:22,121.420800,31.227600, 16,112,0
89441,2007-02-20 23:36:40,121.420000,31.228600, 36,157,0
89441,2007-02-20 23:36:56,121.419000,31.230600, 60,157,0
89441,2007-02-20 23:37:12,121.418000,31.232600, 52,157,0
89441,2007-02-20 23:37:28,121.417100,31.234300, 44,157,0
89441,2007-02-20 23:37:44,121.416300,31.235800, 46,157,0
89441,2007-02-20 23:38:00,121.415600,31.237100, 40,  0,0
89441,2007-02-20 23:38:16,121.415500,31.236800, 22,135,0
89441,2007-02-20 23:38:32,121.414100,31.235300, 58,112,0
89441,2007-02-20 23:38:48,121.412600,31.234100, 28,112,0
89441,2007-02-20 23:39:16,121.411500,31.234000, 48,112,0
89441,2007-02-20 23:39:32,121.409100,31.232800, 44,112,0
89441,2007-02-20 23:40:15,121.408300,31.232600, 32,135,0
89441,2007-02-20 23:40:31,121.406600,31.232800, 34,135,0
89441,2007-02-20 23:41:32,121.406100,31.232800,  0,135,0
89441,2007-02-20 23:42:12,121.405100,31.233000, 46,135,0
89441,2007-02-20 23:42:28,121.403000,31.233300, 52,135,0
89441,2007-02-20 23:42:44,121.400800,31.233600, 46,135,0
89441,2007-02-20 23:43:00,121.399300,31.233800, 34,135,0
89441,2007-02-20 23:43:16,121.397600,31.234000, 34,135,0
89441,2007-02-20 23:43:32,121.396100,31.233800, 40,135,0
89441,2007-02-20 23:43:48,121.394100,31.233800, 42,135,0
89441,2007-02-20 23:44:04,121.392100,31.233600, 48,135,0
89441,2007-02-20 23:44:36,121.388800,31.233500, 40,135,0
89441,2007-02-20 23:44:52,121.387500,31.233300, 18,135,0
89441,2007-02-20 23:45:08,121.386100,31.233300, 44,135,0
89441,2007-02-20 23:45:24,121.383800,31.233100, 54,135,0
89441,2007-02-20 23:45:40,121.381300,31.233500, 52,135,0
89441,2007-02-20 23:45:56,121.379000,31.233800, 60,135,0
89441,2007-02-20 23:46:12,121.376600,31.234100, 32,135,0
89441,2007-02-20 23:46:45,121.375500,31.234300, 36,135,0
89441,2007-02-20 23:47:01,121.373800,31.234600, 42,135,0
89441,2007-02-20 23:47:17,121.371800,31.235100, 54,135,0
89441,2007-02-20 23:47:33,121.369800,31.236000, 24,157,0
89441,2007-02-20 23:48:19,121.368600,31.236500, 44,157,0
89441,2007-02-20 23:48:35,121.366800,31.237500, 30,157,0
89441,2007-02-20 23:48:51,121.367600,31.239000, 60, 22,0
89441,2007-02-20 23:49:07,121.368300,31.240500,  0, 22,0
89441,2007-02-20 23:49:55,121.367500,31.241100, 48,157,0
89441,2007-02-20 23:50:11,121.366300,31.241600,  4,157,0
89441,2007-02-20 23:50:41,121.365300,31.242100, 48,157,0
89441,2007-02-20 23:50:57,121.363000,31.243300, 66,157,0
89441,2007-02-20 23:51:13,121.360600,31.244500, 56,157,0
89441,2007-02-20 23:51:29,121.360000,31.245100, 28, 22,0
89441,2007-02-20 23:51:45,121.361000,31.246600, 56, 22,0
89441,2007-02-20 23:52:16,121.361300,31.247600, 28,157,0
89441,2007-02-20 23:52:32,121.360000,31.248100, 14,157,0
89441,2007-02-20 23:53:25,121.360800,31.248800, 10, 45,0
89441,2007-02-20 23:54:21,121.361000,31.248800, 14,135,0
89441,2007-02-20 23:54:43,121.360100,31.248300, 18,112,0
89441,2007-02-20 23:55:03,121.359100,31.248500, 34,157,0
89441,2007-02-20 23:55:19,121.359300,31.249600, 56, 22,0
89441,2007-02-20 23:55:35,121.360100,31.251000,  6, 22,0
89441,2007-02-20 23:56:12,121.360800,31.251800, 48, 22,0
89441,2007-02-20 23:56:28,121.361800,31.253600, 34, 22,0
89441,2007-02-20 23:57:02,121.362300,31.254500, 20,157,0
89441,2007-02-20 23:57:18,121.360300,31.255100, 60,135,0
89441,2007-02-20 23:57:34,121.357600,31.255800, 70,135,0
89441,2007-02-20 23:57:50,121.355000,31.256500, 62,135,0
89441,2007-02-20 23:58:30,121.353800,31.256800, 30,135,0
89441,2007-02-20 23:58:46,121.352000,31.257500, 60,157,0
89441,2007-02-20 23:59:02,121.351000,31.258100, 30,  0,0
89441,2007-02-20 23:59:18,121.352000,31.260000, 76, 22,0
89441,2007-02-20 23:59:34,121.353300,31.262800, 78,  0,0
89441,2007-02-20 23:59:50,121.354500,31.265800, 84,  0,0
