83873,2007-02-20 00:00:25,121.390800,31.360000,  0, 67,0
83873,2007-02-20 00:01:27,121.390800,31.360000,  0, 67,0
83873,2007-02-20 00:02:28,121.390300,31.360100,  0,157,0
83873,2007-02-20 00:03:29,121.390300,31.360100,  0,157,0
83873,2007-02-20 00:04:30,121.390600,31.360100,  0,157,0
83873,2007-02-20 00:05:30,121.390600,31.360100,  0,157,0
83873,2007-02-20 00:06:32,121.390600,31.360100,  0,157,0
83873,2007-02-20 00:07:33,121.390600,31.360100,  0,157,0
83873,2007-02-20 00:08:34,121.390600,31.360100,  0,157,0
83873,2007-02-20 00:09:35,121.390600,31.360100,  0,157,0
83873,2007-02-20 00:10:35,121.390600,31.360100,  0,157,0
83873,2007-02-20 00:11:37,121.390600,31.360100,  0,157,0
83873,2007-02-20 00:12:38,121.390600,31.360100,  0,157,0
83873,2007-02-20 00:13:39,121.390600,31.360100,  0,157,0
83873,2007-02-20 00:14:40,121.390600,31.360100,  0,157,0
83873,2007-02-20 00:15:29,121.390600,31.360100,  0,157,0
83873,2007-02-20 00:16:30,121.390600,31.360100,  0,157,0
83873,2007-02-20 00:17:30,121.390600,31.360100,  0,157,0
83873,2007-02-20 00:18:32,121.390600,31.360100,  0,157,0
83873,2007-02-20 00:19:33,121.390600,31.360100,  0,157,0
83873,2007-02-20 00:20:34,121.390600,31.360100,  0,157,0
83873,2007-02-20 00:21:35,121.390600,31.360100,  0,157,0
83873,2007-02-20 00:22:35,121.390500,31.360000,  0,157,0
83873,2007-02-20 00:23:37,121.390500,31.360000,  0,157,0
83873,2007-02-20 00:24:38,121.390500,31.360000,  0,157,0
83873,2007-02-20 00:25:39,121.390500,31.360000,  0,157,0
83873,2007-02-20 00:26:40,121.390500,31.360000,  0,157,0
83873,2007-02-20 00:27:40,121.390500,31.360000,  0,157,0
83873,2007-02-20 00:28:42,121.390500,31.360000,  0,157,0
83873,2007-02-20 00:29:43,121.390500,31.360000,  0,157,0
83873,2007-02-20 00:30:44,121.390500,31.360000,  0,157,0
83873,2007-02-20 00:31:45,121.390500,31.360000,  0,157,0
83873,2007-02-20 00:32:45,121.390500,31.360000,  0,157,0
83873,2007-02-20 00:33:47,121.390500,31.360000,  0,157,0
83873,2007-02-20 00:34:48,121.390500,31.360000,  0,157,0
83873,2007-02-20 00:35:49,121.390600,31.360000,  0,157,0
83873,2007-02-20 00:36:50,121.390600,31.360000,  0,157,0
83873,2007-02-20 00:37:50,121.390600,31.360000,  0,157,0
83873,2007-02-20 00:38:52,121.390600,31.360000,  0,157,0
83873,2007-02-20 00:39:53,121.390600,31.360000,  0,157,0
83873,2007-02-20 00:40:54,121.390600,31.360000,  0,157,0
83873,2007-02-20 00:43:45,121.390600,31.360000,  0,157,0
83873,2007-02-20 00:44:45,121.390600,31.360000,  0,157,0
83873,2007-02-20 00:45:47,121.390500,31.360100,  0,157,0
83873,2007-02-20 00:46:48,121.390500,31.360100,  0,157,0
83873,2007-02-20 00:47:49,121.390500,31.360100,  0,157,0
83873,2007-02-20 00:48:50,121.390500,31.360100,  0,157,0
83873,2007-02-20 00:49:50,121.390500,31.360100,  0,157,0
83873,2007-02-20 00:50:52,121.390500,31.360000,  0,157,0
83873,2007-02-20 00:51:53,121.390500,31.360000,  0,157,0
83873,2007-02-20 00:52:54,121.390500,31.360000,  0,157,0
83873,2007-02-20 00:53:55,121.390500,31.360000,  0,157,0
83873,2007-02-20 00:54:55,121.390500,31.360000,  0,157,0
83873,2007-02-20 00:55:57,121.390500,31.360000,  0,157,0
83873,2007-02-20 00:56:58,121.390500,31.360000,  0,157,0
83873,2007-02-20 01:00:00,121.390600,31.360000,  0,157,0
83873,2007-02-20 01:01:02,121.390600,31.360000,  0,157,0
83873,2007-02-20 01:02:03,121.390600,31.360000,  0,157,0
83873,2007-02-20 01:03:04,121.390600,31.360000,  0,157,0
83873,2007-02-20 01:04:05,121.390600,31.360000,  0,157,0
83873,2007-02-20 01:08:09,121.390600,31.360100,  0,  0,0
83873,2007-02-20 01:10:10,121.390600,31.360100,  0,  0,0
83873,2007-02-20 01:11:12,121.390600,31.360100,  0,  0,0
83873,2007-02-20 01:13:14,121.390600,31.360100,  0,  0,0
83873,2007-02-20 01:14:15,121.390600,31.360100,  0,  0,0
83873,2007-02-20 01:15:15,121.390600,31.360100,  0,  0,0
83873,2007-02-20 01:16:17,121.390600,31.360100,  0,  0,0
83873,2007-02-20 01:17:18,121.390600,31.360100,  0,  0,0
83873,2007-02-20 01:18:19,121.390500,31.360100,  0,  0,0
83873,2007-02-20 01:19:20,121.390600,31.360000,  0,  0,0
83873,2007-02-20 01:20:20,121.390600,31.360100,  0,  0,0
83873,2007-02-20 01:22:23,121.390600,31.360100,  0,  0,0
83873,2007-02-20 01:23:24,121.390600,31.360100,  0,  0,0
83873,2007-02-20 01:24:25,121.390600,31.360100,  0,  0,0
83873,2007-02-20 01:25:25,121.390600,31.360100,  0,  0,0
83873,2007-02-20 01:26:27,121.390600,31.360100,  0,  0,0
83873,2007-02-20 01:27:28,121.390600,31.360100,  0,  0,0
83873,2007-02-20 01:28:29,121.390600,31.360100,  0,  0,0
83873,2007-02-20 01:29:30,121.390600,31.360100,  0,  0,0
83873,2007-02-20 01:30:30,121.390600,31.360100,  0,  0,0
83873,2007-02-20 01:31:32,121.390600,31.360100,  0,  0,0
83873,2007-02-20 01:32:32,121.390600,31.360100,  0,  0,0
83873,2007-02-20 01:33:33,121.390600,31.360100,  0,  0,0
83873,2007-02-20 01:34:34,121.390600,31.360100,  0,  0,0
83873,2007-02-20 01:35:35,121.390600,31.360100,  0,  0,0
83873,2007-02-20 01:36:36,121.390600,31.360100,  0,  0,0
83873,2007-02-20 01:37:37,121.390600,31.360100,  0,  0,0
83873,2007-02-20 01:38:38,121.390600,31.360100,  0,  0,0
83873,2007-02-20 01:40:40,121.390600,31.360100,  0,  0,0
83873,2007-02-20 01:41:41,121.390600,31.360100,  0,  0,0
83873,2007-02-20 01:42:42,121.390600,31.360100,  0,  0,0
83873,2007-02-20 01:43:43,121.390600,31.360100,  0,  0,0
83873,2007-02-20 01:44:44,121.390600,31.360100,  0,  0,0
83873,2007-02-20 01:45:45,121.390600,31.360100,  0,  0,0
83873,2007-02-20 01:46:46,121.390600,31.360100,  0,  0,0
83873,2007-02-20 01:47:47,121.390600,31.360100,  0,  0,0
83873,2007-02-20 01:48:48,121.390600,31.360100,  0,  0,0
83873,2007-02-20 01:49:49,121.390600,31.360100,  0,  0,0
83873,2007-02-20 01:50:50,121.390600,31.360100,  0,  0,0
83873,2007-02-20 01:51:51,121.390600,31.360100,  0,  0,0
83873,2007-02-20 01:52:52,121.390600,31.360100,  0,  0,0
83873,2007-02-20 01:53:53,121.390600,31.360100,  0,  0,0
83873,2007-02-20 01:54:54,121.390600,31.360100,  0,  0,0
83873,2007-02-20 01:55:55,121.390600,31.360100,  0,  0,0
83873,2007-02-20 01:56:56,121.390600,31.360100,  0,  0,0
83873,2007-02-20 01:57:57,121.390500,31.360100,  0,  0,0
83873,2007-02-20 01:58:58,121.390300,31.360300,  0,  0,0
83873,2007-02-20 01:59:59,121.390300,31.360300,  0,  0,0
83873,2007-02-20 02:01:00,121.390300,31.360300,  0,  0,0
83873,2007-02-20 02:02:01,121.390300,31.360300,  0,  0,0
83873,2007-02-20 02:03:02,121.390300,31.360300,  0,  0,0
83873,2007-02-20 02:04:03,121.390300,31.360300,  0,  0,0
83873,2007-02-20 02:05:04,121.390300,31.360300,  0,  0,0
83873,2007-02-20 02:06:05,121.390300,31.360300,  0,  0,0
83873,2007-02-20 02:07:06,121.390300,31.360300,  0,  0,0
83873,2007-02-20 02:08:07,121.390600,31.360000,  0, 67,0
83873,2007-02-20 02:09:08,121.390600,31.360000,  0, 67,0
83873,2007-02-20 02:10:09,121.390600,31.360000,  0, 67,0
83873,2007-02-20 02:11:10,121.390600,31.360000,  0, 67,0
83873,2007-02-20 02:12:11,121.390600,31.360000,  0, 67,0
83873,2007-02-20 02:14:13,121.390600,31.360000,  0, 67,0
83873,2007-02-20 02:15:14,121.390600,31.360000,  0, 67,0
83873,2007-02-20 02:16:15,121.390600,31.360000,  0, 67,0
83873,2007-02-20 02:17:16,121.390600,31.360000,  0, 67,0
83873,2007-02-20 02:18:17,121.390600,31.360000,  0, 67,0
83873,2007-02-20 02:19:18,121.390600,31.360000,  0, 67,0
83873,2007-02-20 02:20:19,121.390600,31.360000,  0, 67,0
83873,2007-02-20 02:21:20,121.390600,31.360000,  0, 67,0
83873,2007-02-20 02:22:21,121.390600,31.360000,  0, 67,0
83873,2007-02-20 02:23:22,121.390600,31.360000,  0, 67,0
83873,2007-02-20 02:24:23,121.390600,31.360000,  0, 67,0
83873,2007-02-20 02:25:24,121.390600,31.360000,  0, 67,0
83873,2007-02-20 02:26:25,121.390600,31.360000,  0, 67,0
83873,2007-02-20 02:27:26,121.390600,31.360000,  0, 67,0
83873,2007-02-20 02:28:27,121.390600,31.360000,  0, 67,0
83873,2007-02-20 02:29:28,121.390600,31.360000,  0, 67,0
83873,2007-02-20 02:30:29,121.390600,31.360000,  0, 67,0
83873,2007-02-20 02:31:30,121.390600,31.360000,  0, 67,0
83873,2007-02-20 02:32:31,121.390600,31.360000,  0, 67,0
83873,2007-02-20 02:33:32,121.390600,31.360000,  0, 67,0
83873,2007-02-20 02:34:33,121.390600,31.360000,  0, 67,0
83873,2007-02-20 02:35:34,121.390600,31.360000,  0, 67,0
83873,2007-02-20 02:36:35,121.390600,31.360000,  0, 67,0
83873,2007-02-20 02:37:36,121.390600,31.360000,  0, 67,0
83873,2007-02-20 02:38:37,121.390600,31.360000,  0, 67,0
83873,2007-02-20 02:39:38,121.390600,31.360000,  0, 67,0
83873,2007-02-20 02:40:39,121.390600,31.360000,  0, 67,0
83873,2007-02-20 02:41:40,121.390600,31.360000,  0, 67,0
83873,2007-02-20 02:42:41,121.390600,31.360000,  0, 67,0
83873,2007-02-20 02:43:42,121.390600,31.360000,  0, 67,0
83873,2007-02-20 02:44:43,121.390600,31.360000,  0, 67,0
83873,2007-02-20 02:45:44,121.390600,31.360000,  0, 67,0
83873,2007-02-20 02:46:45,121.390600,31.360000,  0, 67,0
83873,2007-02-20 02:47:46,121.390600,31.360000,  0, 67,0
83873,2007-02-20 02:48:47,121.390600,31.360000,  0, 67,0
83873,2007-02-20 02:49:47,121.390600,31.360000,  0, 67,0
83873,2007-02-20 02:50:48,121.390600,31.360000,  0, 67,0
83873,2007-02-20 02:51:49,121.390500,31.360100,  0, 67,0
83873,2007-02-20 02:52:50,121.390500,31.360100,  0, 67,0
83873,2007-02-20 02:53:51,121.390500,31.360100,  0, 67,0
83873,2007-02-20 02:54:52,121.390500,31.360100,  0, 67,0
83873,2007-02-20 02:55:53,121.390500,31.360100,  0, 67,0
83873,2007-02-20 02:56:54,121.390500,31.360100,  0, 67,0
83873,2007-02-20 02:57:55,121.390500,31.360100,  0, 67,0
83873,2007-02-20 02:58:56,121.390500,31.360100,  0, 67,0
83873,2007-02-20 02:59:57,121.390500,31.360100,  0, 67,0
83873,2007-02-20 03:00:58,121.390500,31.360100,  0, 67,0
83873,2007-02-20 03:01:59,121.390500,31.360100,  0, 67,0
83873,2007-02-20 03:03:00,121.390500,31.360100,  0, 67,0
83873,2007-02-20 03:04:01,121.390500,31.360100,  0, 67,0
83873,2007-02-20 03:05:02,121.390500,31.360100,  0, 67,0
83873,2007-02-20 03:06:03,121.390500,31.360100,  0, 67,0
83873,2007-02-20 03:07:04,121.390500,31.360100,  0, 67,0
83873,2007-02-20 03:08:05,121.390500,31.360100,  0, 67,0
83873,2007-02-20 03:09:06,121.390500,31.360100,  0, 67,0
83873,2007-02-20 03:10:07,121.390500,31.360100,  0, 67,0
83873,2007-02-20 03:11:08,121.390500,31.360100,  0, 67,0
83873,2007-02-20 03:12:09,121.390500,31.360100,  0, 67,0
83873,2007-02-20 03:13:10,121.390500,31.360100,  0, 67,0
83873,2007-02-20 03:14:11,121.390500,31.360100,  0, 67,0
83873,2007-02-20 03:15:12,121.390500,31.360100,  0, 67,0
83873,2007-02-20 03:16:13,121.390500,31.360100,  0, 67,0
83873,2007-02-20 03:17:14,121.390500,31.360100,  0, 67,0
83873,2007-02-20 03:18:15,121.390500,31.360100,  0, 67,0
83873,2007-02-20 03:19:16,121.390500,31.360100,  0, 67,0
83873,2007-02-20 03:20:17,121.390500,31.360100,  0, 67,0
83873,2007-02-20 03:21:18,121.390500,31.360100,  0, 67,0
83873,2007-02-20 03:22:19,121.391000,31.360000, 28, 45,0
83873,2007-02-20 03:23:20,121.390800,31.360000,  0, 45,0
83873,2007-02-20 03:24:21,121.390800,31.360000,  0, 45,0
83873,2007-02-20 03:25:22,121.390800,31.360000,  0, 45,0
83873,2007-02-20 03:26:23,121.390800,31.360000,  0, 45,0
83873,2007-02-20 03:27:24,121.390800,31.360000,  0, 45,0
83873,2007-02-20 03:28:25,121.390800,31.360000,  0, 45,0
83873,2007-02-20 03:29:26,121.390800,31.360000,  0, 45,0
83873,2007-02-20 03:30:27,121.390800,31.360000,  0, 45,0
83873,2007-02-20 03:31:28,121.390800,31.360000,  0, 45,0
83873,2007-02-20 03:32:29,121.390800,31.360000,  0, 45,0
83873,2007-02-20 03:33:30,121.390800,31.360000,  0, 45,0
83873,2007-02-20 03:34:31,121.390800,31.360000,  0, 45,0
83873,2007-02-20 03:35:32,121.390800,31.360000,  0, 45,0
83873,2007-02-20 03:36:33,121.390800,31.360000,  0, 45,0
83873,2007-02-20 03:37:34,121.390800,31.360000,  0, 45,0
83873,2007-02-20 03:38:35,121.390800,31.360000,  0, 45,0
83873,2007-02-20 03:39:36,121.390800,31.360000,  0, 45,0
83873,2007-02-20 03:40:37,121.390800,31.360000,  0, 45,0
83873,2007-02-20 03:41:38,121.390800,31.360000,  0, 45,0
83873,2007-02-20 03:42:39,121.390800,31.360000,  0, 45,0
83873,2007-02-20 03:43:40,121.390800,31.360000,  0, 45,0
83873,2007-02-20 03:44:41,121.390800,31.360000,  0, 45,0
83873,2007-02-20 03:45:42,121.390800,31.360000,  0, 45,0
83873,2007-02-20 03:46:43,121.390800,31.360000,  0, 45,0
83873,2007-02-20 03:47:44,121.390800,31.360000,  0, 45,0
83873,2007-02-20 03:48:45,121.390800,31.360000,  0, 45,0
83873,2007-02-20 03:49:46,121.390800,31.360000,  0, 45,0
83873,2007-02-20 03:50:47,121.390800,31.360000,  0, 45,0
83873,2007-02-20 03:53:50,121.390800,31.360000,  0, 45,0
83873,2007-02-20 03:54:51,121.390800,31.360000,  0, 45,0
83873,2007-02-20 03:55:52,121.390800,31.360000,  0, 45,0
83873,2007-02-20 03:56:53,121.390800,31.360000,  0, 45,0
83873,2007-02-20 03:57:54,121.390800,31.360000,  0, 45,0
83873,2007-02-20 03:59:56,121.390800,31.360000,  0, 45,0
83873,2007-02-20 04:00:57,121.390800,31.360000,  0, 45,0
83873,2007-02-20 04:01:58,121.390800,31.360000,  0, 45,0
83873,2007-02-20 04:02:59,121.390800,31.360000,  0, 45,0
83873,2007-02-20 04:03:59,121.390800,31.360000,  0, 45,0
83873,2007-02-20 04:05:01,121.390800,31.360000,  0, 45,0
83873,2007-02-20 04:06:02,121.390800,31.360000,  0, 45,0
83873,2007-02-20 04:07:03,121.390800,31.360000,  0, 45,0
83873,2007-02-20 04:08:04,121.390800,31.360000,  0, 45,0
83873,2007-02-20 04:09:04,121.390800,31.360000,  0, 45,0
83873,2007-02-20 04:10:06,121.390800,31.360000,  0, 45,0
83873,2007-02-20 04:11:07,121.390800,31.360000,  0, 45,0
83873,2007-02-20 04:12:08,121.390800,31.360000,  0, 45,0
83873,2007-02-20 04:13:09,121.390800,31.360000,  0, 45,0
83873,2007-02-20 04:14:09,121.390800,31.360000,  0, 45,0
83873,2007-02-20 04:15:11,121.390800,31.360000,  0, 45,0
83873,2007-02-20 04:16:12,121.390800,31.360000,  0, 45,0
83873,2007-02-20 04:17:13,121.390800,31.360000,  0, 45,0
83873,2007-02-20 04:18:14,121.390800,31.360000,  0, 45,0
83873,2007-02-20 04:19:14,121.390800,31.360000,  0, 45,0
83873,2007-02-20 04:20:16,121.390800,31.360000,  0, 45,0
83873,2007-02-20 04:21:17,121.390800,31.360000,  0, 45,0
83873,2007-02-20 04:22:18,121.390800,31.360000,  0, 45,0
83873,2007-02-20 04:23:19,121.390800,31.360000,  0, 45,0
83873,2007-02-20 04:24:19,121.390800,31.360000,  0, 45,0
83873,2007-02-20 04:25:21,121.390800,31.360000,  0, 45,0
83873,2007-02-20 04:26:22,121.390800,31.360000,  0, 45,0
83873,2007-02-20 04:27:23,121.390800,31.360000,  0, 45,0
83873,2007-02-20 04:28:24,121.390800,31.360000,  0, 45,0
83873,2007-02-20 04:31:27,121.390800,31.360000,  0, 45,0
83873,2007-02-20 04:32:28,121.390800,31.360000,  0, 45,0
83873,2007-02-20 04:33:29,121.390800,31.360000,  0, 45,0
83873,2007-02-20 04:34:29,121.390800,31.360000,  0, 45,0
83873,2007-02-20 04:35:31,121.390800,31.360000,  0, 45,0
83873,2007-02-20 04:36:32,121.390800,31.360000,  0, 45,0
83873,2007-02-20 04:37:33,121.390800,31.360000,  0, 45,0
83873,2007-02-20 04:38:34,121.390800,31.360000,  0, 45,0
83873,2007-02-20 04:39:34,121.390600,31.360100,  0, 45,0
83873,2007-02-20 04:40:36,121.390600,31.360100,  0, 45,0
83873,2007-02-20 04:41:37,121.390600,31.360100,  0, 45,0
83873,2007-02-20 04:42:38,121.390600,31.360100,  0, 45,0
83873,2007-02-20 04:44:39,121.390600,31.360100,  0, 45,0
83873,2007-02-20 04:45:41,121.390600,31.360100,  0, 45,0
83873,2007-02-20 04:46:42,121.390600,31.360100,  0, 45,0
83873,2007-02-20 04:48:44,121.390600,31.360100,  0, 45,0
83873,2007-02-20 04:49:44,121.390600,31.360100,  0, 45,0
83873,2007-02-20 04:50:46,121.390600,31.360100,  0, 45,0
83873,2007-02-20 04:51:47,121.390600,31.360100,  0, 45,0
83873,2007-02-20 04:52:48,121.390600,31.360100,  0, 45,0
83873,2007-02-20 04:53:49,121.390600,31.360100,  0, 45,0
83873,2007-02-20 04:54:49,121.390600,31.360100,  0, 45,0
83873,2007-02-20 04:55:51,121.390600,31.360100,  0, 45,0
83873,2007-02-20 04:56:52,121.390600,31.360100,  0, 45,0
83873,2007-02-20 04:57:53,121.390600,31.360100,  0, 45,0
83873,2007-02-20 04:58:54,121.390600,31.360100,  0, 45,0
83873,2007-02-20 04:59:54,121.390600,31.360100,  0, 45,0
83873,2007-02-20 05:00:56,121.390600,31.360100,  0, 45,0
83873,2007-02-20 05:02:58,121.390600,31.360100,  0, 45,0
83873,2007-02-20 05:04:59,121.390600,31.360100,  0, 90,0
83873,2007-02-20 05:06:01,121.390500,31.360100,  0, 90,0
83873,2007-02-20 05:07:02,121.390500,31.360100,  0, 90,0
83873,2007-02-20 05:08:03,121.390500,31.360100,  0, 90,0
83873,2007-02-20 05:09:04,121.390500,31.360100,  0, 90,0
83873,2007-02-20 05:10:04,121.390500,31.360100,  0, 90,0
83873,2007-02-20 05:12:07,121.390500,31.360100,  0, 90,0
83873,2007-02-20 05:13:08,121.390500,31.360100,  0, 90,0
83873,2007-02-20 05:14:09,121.390500,31.360100,  0, 90,0
83873,2007-02-20 05:16:11,121.390500,31.360100,  0, 90,0
83873,2007-02-20 05:17:12,121.390500,31.360100,  0, 90,0
83873,2007-02-20 05:18:13,121.390500,31.360100,  0, 90,0
83873,2007-02-20 05:19:14,121.390500,31.360100,  0, 90,0
83873,2007-02-20 05:21:16,121.390500,31.360300,  0, 90,0
83873,2007-02-20 05:22:17,121.390500,31.360300,  0, 90,0
83873,2007-02-20 05:23:18,121.390500,31.360300,  0, 90,0
83873,2007-02-20 05:24:19,121.390600,31.360100,  6,112,0
83873,2007-02-20 05:25:19,121.390500,31.359000,  8,135,0
83873,2007-02-20 05:27:22,121.393000,31.361300, 44, 45,0
83873,2007-02-20 05:31:54,121.411600,31.357600, 56, 22,0
83873,2007-02-20 05:32:54,121.416500,31.354600, 58, 90,0
83873,2007-02-20 05:33:56,121.423500,31.355100, 56, 45,0
83873,2007-02-20 05:34:57,121.429600,31.352100, 70, 90,0
83873,2007-02-20 05:35:58,121.432500,31.342300, 68, 90,0
83873,2007-02-20 05:36:59,121.434100,31.336100, 44, 67,0
83873,2007-02-20 05:37:59,121.434600,31.331800, 42,112,0
83873,2007-02-20 05:39:01,121.434500,31.327600, 36, 67,0
83873,2007-02-20 05:40:02,121.435800,31.322100, 42, 90,0
83873,2007-02-20 05:41:03,121.435800,31.319300,  0, 67,0
83873,2007-02-20 05:42:04,121.435800,31.319300,  0, 67,0
83873,2007-02-20 05:43:04,121.435800,31.319300,  0, 67,0
83873,2007-02-20 05:44:06,121.435800,31.319300,  0, 67,0
83873,2007-02-20 05:45:07,121.435800,31.319300,  0, 67,0
83873,2007-02-20 05:47:09,121.435800,31.319300,  0, 67,0
83873,2007-02-20 05:50:12,121.435800,31.319300,  0, 67,0
83873,2007-02-20 05:51:13,121.435800,31.319300,  0, 67,0
83873,2007-02-20 05:52:14,121.435800,31.319300,  0, 67,0
83873,2007-02-20 05:53:14,121.435800,31.319300,  0, 67,0
83873,2007-02-20 05:54:16,121.435800,31.319300,  0, 67,0
83873,2007-02-20 05:55:17,121.435800,31.319300,  0, 67,0
83873,2007-02-20 05:56:18,121.435800,31.319300,  0, 67,0
83873,2007-02-20 05:57:19,121.435800,31.319300,  0, 67,0
83873,2007-02-20 05:58:19,121.435800,31.319300,  0, 67,0
83873,2007-02-20 05:59:21,121.435800,31.319300,  0, 67,0
83873,2007-02-20 06:00:22,121.435800,31.319300,  0, 67,0
83873,2007-02-20 06:03:24,121.436000,31.319300,  0, 67,0
83873,2007-02-20 06:04:26,121.436000,31.319300,  0, 67,0
83873,2007-02-20 06:06:28,121.436000,31.319300,  0, 67,0
83873,2007-02-20 06:07:29,121.436000,31.319300,  0, 67,0
83873,2007-02-20 06:08:29,121.436000,31.319300,  0, 67,0
83873,2007-02-20 06:09:31,121.436000,31.319300,  0, 67,0
83873,2007-02-20 06:10:32,121.436000,31.319300,  0, 67,0
83873,2007-02-20 06:11:33,121.436000,31.319300,  0, 67,0
83873,2007-02-20 06:12:34,121.436000,31.319300,  0, 67,0
83873,2007-02-20 06:13:09,121.436000,31.319100, 16, 90,1
83873,2007-02-20 06:14:09,121.438800,31.315500, 54, 45,1
83873,2007-02-20 06:15:11,121.443600,31.316600, 20, 22,1
83873,2007-02-20 06:16:12,121.442600,31.320300, 36,  0,1
83873,2007-02-20 06:16:20,121.442300,31.321000, 36,  0,0
83873,2007-02-20 06:17:21,121.441300,31.322800,  6,157,0
83873,2007-02-20 06:18:22,121.437500,31.323000, 38,135,0
83873,2007-02-20 06:19:23,121.436000,31.320500, 40, 90,0
83873,2007-02-20 06:20:24,121.436000,31.319300,  0, 90,0
83873,2007-02-20 06:21:24,121.436000,31.319300,  0, 90,0
83873,2007-02-20 06:22:26,121.436000,31.319300,  0, 90,0
83873,2007-02-20 06:23:46,121.436000,31.319300,  0, 90,0
83873,2007-02-20 06:24:47,121.436000,31.319300,  0, 90,0
83873,2007-02-20 06:25:48,121.436000,31.319300,  0, 90,0
83873,2007-02-20 06:26:49,121.436000,31.319300,  0, 90,0
83873,2007-02-20 06:28:51,121.436000,31.319300,  0, 90,0
83873,2007-02-20 06:29:52,121.436000,31.319300,  0, 90,0
83873,2007-02-20 06:30:53,121.436000,31.319300,  0, 90,0
83873,2007-02-20 06:31:54,121.436000,31.319300,  0, 90,0
83873,2007-02-20 06:32:54,121.436300,31.319000, 12, 45,0
83873,2007-02-20 06:33:56,121.436800,31.319300,  0, 45,0
83873,2007-02-20 06:34:57,121.436800,31.319300,  0, 45,0
83873,2007-02-20 06:35:58,121.436800,31.319300,  0, 45,0
83873,2007-02-20 06:36:59,121.436800,31.319300,  0, 45,0
83873,2007-02-20 06:37:59,121.436800,31.319300,  0, 45,0
83873,2007-02-20 06:39:01,121.436800,31.319300,  0, 45,0
83873,2007-02-20 06:40:02,121.436800,31.319300,  0, 45,0
83873,2007-02-20 06:41:03,121.436800,31.319300,  0, 45,0
83873,2007-02-20 06:42:04,121.436800,31.319300,  0, 45,0
83873,2007-02-20 06:43:04,121.436800,31.319300,  0, 45,0
83873,2007-02-20 06:46:08,121.436800,31.319300,  0, 45,0
83873,2007-02-20 06:47:09,121.436800,31.319300,  0, 45,0
83873,2007-02-20 06:49:11,121.436800,31.319300,  0, 45,0
83873,2007-02-20 06:50:12,121.436800,31.319300,  0, 45,0
83873,2007-02-20 06:51:13,121.436800,31.319300,  0, 45,0
83873,2007-02-20 06:52:14,121.436800,31.319000, 10,112,0
83873,2007-02-20 06:53:14,121.436000,31.322600, 42,  0,0
83873,2007-02-20 06:54:07,121.435300,31.327100, 26, 22,0
83873,2007-02-20 06:54:16,121.436000,31.327300, 36, 45,0
83873,2007-02-20 06:54:32,121.437500,31.327500, 10, 22,0
83873,2007-02-20 06:55:33,121.437600,31.327800,  0, 22,0
83873,2007-02-20 06:56:34,121.437600,31.327800,  0, 22,0
83873,2007-02-20 06:57:34,121.437600,31.327800,  0, 22,0
83873,2007-02-20 06:58:34,121.437600,31.327800,  0, 22,1
83873,2007-02-20 06:59:34,121.437600,31.327800,  0, 22,1
83873,2007-02-20 06:59:38,121.437600,31.327800,  0, 22,0
83873,2007-02-20 06:59:54,121.437600,31.327800,  0, 22,1
83873,2007-02-20 07:00:05,121.437600,31.327800,  0, 22,0
83873,2007-02-20 07:01:06,121.437600,31.327800,  0, 22,0
83873,2007-02-20 07:02:07,121.435000,31.327000,  0, 22,0
83873,2007-02-20 07:02:49,121.433300,31.330300, 46,157,0
83873,2007-02-20 07:03:06,121.433800,31.331500, 48, 22,0
83873,2007-02-20 07:03:22,121.436000,31.332300, 52, 22,0
83873,2007-02-20 07:03:38,121.436000,31.333100, 40,157,0
83873,2007-02-20 07:03:54,121.435000,31.334800, 56,157,0
83873,2007-02-20 07:04:09,121.434000,31.336500, 50,157,0
83873,2007-02-20 07:04:26,121.434000,31.337600, 18, 45,0
83873,2007-02-20 07:06:28,121.434800,31.338300, 32,  0,0
83873,2007-02-20 07:06:44,121.434800,31.340000, 76,157,0
83873,2007-02-20 07:20:21,121.392500,31.350100, 40, 45,0
83873,2007-02-20 07:21:09,121.393600,31.348800, 20, 90,0
83873,2007-02-20 07:21:42,121.394800,31.346000, 32, 90,0
83873,2007-02-20 07:22:00,121.394800,31.345000, 18,112,0
83873,2007-02-20 07:22:55,121.393800,31.344600, 12,112,0
83873,2007-02-20 07:23:13,121.393600,31.344000, 44, 67,0
83873,2007-02-20 07:23:28,121.395300,31.342500, 60, 67,0
83873,2007-02-20 07:23:45,121.397000,31.340000, 80, 67,0
83873,2007-02-20 07:24:17,121.400000,31.335000, 72, 90,0
83873,2007-02-20 07:24:33,121.400600,31.332800, 40, 90,0
83873,2007-02-20 07:24:47,121.400800,31.332500, 34, 90,1
83873,2007-02-20 07:25:48,121.401500,31.330100,  0, 90,1
83873,2007-02-20 07:33:04,121.422500,31.305000,  4, 45,0
83873,2007-02-20 07:33:20,121.422500,31.305000,  0, 45,0
83873,2007-02-20 07:33:38,121.423500,31.305000, 40, 45,0
83873,2007-02-20 07:34:11,121.424800,31.303800, 22, 90,0
83873,2007-02-20 07:34:27,121.424600,31.302500, 40, 90,0
83873,2007-02-20 07:34:43,121.424600,31.301000, 36, 90,0
83873,2007-02-20 07:35:15,121.426000,31.298600, 32, 67,0
83873,2007-02-20 07:35:31,121.426500,31.297100, 32, 90,0
83873,2007-02-20 07:36:32,121.426600,31.296800,  0, 90,0
83873,2007-02-20 07:37:33,121.426600,31.296800,  0, 90,0
83873,2007-02-20 07:38:33,121.426600,31.296800,  0, 90,0
83873,2007-02-20 07:39:35,121.426600,31.296800,  0, 90,0
83873,2007-02-20 07:41:57,121.426600,31.296800,  0, 90,0
83873,2007-02-20 07:42:57,121.426600,31.297000,  0,  0,0
83873,2007-02-20 07:43:58,121.426600,31.297000,  0,  0,0
83873,2007-02-20 07:44:59,121.426600,31.297000,  0,  0,0
83873,2007-02-20 07:46:00,121.426600,31.297000,  0,  0,0
83873,2007-02-20 07:47:01,121.426600,31.297000,  0,  0,0
83873,2007-02-20 07:49:03,121.426600,31.297000,  0,  0,0
83873,2007-02-20 07:50:04,121.426600,31.297000,  0,  0,0
83873,2007-02-20 07:51:05,121.426600,31.296500,  2, 90,0
83873,2007-02-20 07:51:24,121.426800,31.295500, 36, 90,0
83873,2007-02-20 07:51:40,121.426800,31.294100, 36, 90,0
83873,2007-02-20 07:51:56,121.427000,31.292600, 42, 90,0
83873,2007-02-20 07:52:20,121.427000,31.291600, 20, 90,0
83873,2007-02-20 07:52:36,121.427100,31.290500, 38, 90,0
83873,2007-02-20 07:52:52,121.427100,31.289500,  8, 90,0
83873,2007-02-20 07:53:53,121.427100,31.289300,  0, 90,0
83873,2007-02-20 07:54:54,121.427100,31.289300,  0, 90,0
83873,2007-02-20 07:55:55,121.427100,31.289300,  0, 90,0
83873,2007-02-20 07:56:56,121.427100,31.289300,  0, 90,0
83873,2007-02-20 07:57:57,121.427100,31.289300,  0, 90,0
83873,2007-02-20 07:58:58,121.427100,31.289300,  0, 90,0
83873,2007-02-20 07:59:59,121.427100,31.289300,  0, 90,0
83873,2007-02-20 08:01:00,121.427100,31.289300,  0, 90,0
83873,2007-02-20 08:02:01,121.427100,31.289300,  0, 90,0
83873,2007-02-20 08:03:02,121.426800,31.289600,  0, 67,0
83873,2007-02-20 08:04:03,121.427100,31.289300,  0, 67,0
83873,2007-02-20 08:04:25,121.427100,31.289100, 28, 90,1
83873,2007-02-20 08:05:25,121.427500,31.285000, 68, 90,1
83873,2007-02-20 08:06:26,121.429500,31.281000,  0, 67,1
83873,2007-02-20 08:07:27,121.433100,31.283600, 56, 22,1
83873,2007-02-20 08:09:08,121.447000,31.284100, 52, 90,1
83873,2007-02-20 08:09:45,121.447300,31.280500,  0, 90,0
83873,2007-02-20 08:10:00,121.447300,31.280500,  0, 90,0
83873,2007-02-20 08:12:09,121.439500,31.272300, 44,112,0
83873,2007-02-20 08:12:25,121.438500,31.271500,  4,112,0
83873,2007-02-20 08:12:58,121.439100,31.271100, 42, 45,0
83873,2007-02-20 08:13:14,121.440800,31.271300, 14, 45,0
83873,2007-02-20 08:14:15,121.441600,31.271300, 42, 45,0
83873,2007-02-20 08:14:31,121.443800,31.271800, 48, 45,0
83873,2007-02-20 08:14:47,121.445300,31.271000, 42, 67,0
83873,2007-02-20 08:15:03,121.446300,31.269500, 40, 67,0
83873,2007-02-20 08:15:19,121.446500,31.268100, 34,112,0
83873,2007-02-20 08:15:35,121.446000,31.267300, 20, 67,0
83873,2007-02-20 08:15:59,121.445500,31.266600, 44,112,0
83873,2007-02-20 08:16:15,121.443800,31.265600, 42,112,0
83873,2007-02-20 08:16:31,121.442000,31.265100, 34,135,0
83873,2007-02-20 08:17:11,121.441600,31.264500, 36, 67,0
83873,2007-02-20 08:17:27,121.442300,31.263300, 38, 67,0
83873,2007-02-20 08:17:43,121.443300,31.262000, 46, 67,0
83873,2007-02-20 08:18:29,121.444800,31.260100, 28, 67,0
83873,2007-02-20 08:18:45,121.445500,31.259000, 36, 67,0
83873,2007-02-20 08:19:01,121.446500,31.257600, 38, 67,0
83873,2007-02-20 08:19:17,121.447100,31.256800, 36, 90,0
83873,2007-02-20 08:19:33,121.447000,31.254800, 60, 90,0
83873,2007-02-20 08:19:49,121.446500,31.252600, 62, 90,0
83873,2007-02-20 08:20:05,121.447000,31.250500, 44, 90,0
83873,2007-02-20 08:20:21,121.447600,31.249500,  4, 90,0
83873,2007-02-20 08:21:19,121.448100,31.248600, 36, 67,0
83873,2007-02-20 08:22:20,121.448300,31.248100,  0, 90,0
83873,2007-02-20 08:22:54,121.449100,31.247100, 32, 67,0
83873,2007-02-20 08:23:10,121.450000,31.245800, 44, 67,0
83873,2007-02-20 08:23:42,121.452100,31.243600, 18, 90,0
83873,2007-02-20 08:24:01,121.451500,31.242800, 30,112,0
83873,2007-02-20 08:24:17,121.450300,31.242100, 32,112,0
83873,2007-02-20 08:24:33,121.450600,31.241100, 40, 67,0
83873,2007-02-20 08:24:49,121.452000,31.240300, 30, 67,0
83873,2007-02-20 08:25:05,121.453300,31.240300, 34, 45,0
83873,2007-02-20 08:25:21,121.454000,31.241000, 20,157,0
83873,2007-02-20 08:26:22,121.453800,31.241300,  0,157,0
83873,2007-02-20 08:27:23,121.453800,31.241300,  0,157,0
83873,2007-02-20 08:28:24,121.453800,31.241300,  0,157,0
83873,2007-02-20 08:29:25,121.453800,31.241300,  0,157,0
83873,2007-02-20 08:30:26,121.453800,31.241300,  0,157,0
83873,2007-02-20 08:31:27,121.453800,31.241300,  0,157,0
83873,2007-02-20 08:32:28,121.453800,31.241300,  0,157,0
83873,2007-02-20 08:33:29,121.453800,31.241300,  0,157,0
83873,2007-02-20 08:34:30,121.453800,31.241300,  0,157,0
83873,2007-02-20 08:35:31,121.453800,31.241300,  0,157,0
83873,2007-02-20 08:36:32,121.453800,31.241300,  0,157,0
83873,2007-02-20 08:37:33,121.453800,31.241300,  0, 45,0
83873,2007-02-20 08:38:34,121.454000,31.241300,  0, 22,0
83873,2007-02-20 08:39:35,121.454000,31.241300,  0, 22,0
83873,2007-02-20 08:40:36,121.454000,31.241300,  0, 22,0
83873,2007-02-20 08:41:37,121.454000,31.241300,  0, 22,0
83873,2007-02-20 08:43:39,121.454000,31.241300,  0, 22,0
83873,2007-02-20 08:44:40,121.454000,31.241300,  0, 22,0
83873,2007-02-20 08:45:41,121.454100,31.241500,  0, 22,0
83873,2007-02-20 08:46:02,121.453500,31.242500, 30,157,0
83873,2007-02-20 08:46:27,121.453100,31.243300, 24, 22,0
83873,2007-02-20 08:46:44,121.454100,31.244000, 26, 22,0
83873,2007-02-20 08:47:07,121.454300,31.244500, 18,157,0
83873,2007-02-20 08:47:26,121.454800,31.245300, 32, 22,0
83873,2007-02-20 08:47:44,121.456000,31.245800,  8, 22,0
83873,2007-02-20 08:48:10,121.455000,31.245300, 28,112,0
83873,2007-02-20 08:48:42,121.452600,31.246000, 32,157,0
83873,2007-02-20 08:48:58,121.452600,31.247500, 46,  0,0
83873,2007-02-20 08:49:14,121.452600,31.248300,  6,  0,0
83873,2007-02-20 08:50:15,121.452600,31.248600,  6,  0,0
83873,2007-02-20 08:51:16,121.453300,31.249500, 14, 45,0
83873,2007-02-20 08:53:43,121.452600,31.248500, 30, 90,1
83873,2007-02-20 08:55:58,121.454600,31.247600, 56, 45,1
83873,2007-02-20 08:56:58,121.459100,31.240800, 70, 90,1
83873,2007-02-20 08:58:00,121.462500,31.230300, 78, 90,1
83873,2007-02-20 08:59:01,121.469000,31.228000, 66, 22,1
83873,2007-02-20 09:00:02,121.473500,31.230100,  0, 22,1
83873,2007-02-20 09:02:03,121.482500,31.232300, 10, 90,1
83873,2007-02-20 09:03:05,121.482500,31.231100,  6, 67,1
83873,2007-02-20 09:04:06,121.486000,31.231300, 12, 67,1
83873,2007-02-20 09:04:48,121.486100,31.229800,  0, 45,0
83873,2007-02-20 09:05:05,121.486300,31.229800,  0, 22,0
83873,2007-02-20 09:06:06,121.486800,31.229600,  4, 45,0
83873,2007-02-20 09:06:27,121.488000,31.229600, 18, 45,0
83873,2007-02-20 09:06:43,121.489000,31.229600, 26, 45,0
83873,2007-02-20 09:07:01,121.490300,31.229600, 24, 45,0
83873,2007-02-20 09:07:18,121.491500,31.229500, 28, 45,0
83873,2007-02-20 09:07:35,121.492300,31.228300, 34, 90,0
83873,2007-02-20 09:07:51,121.492600,31.227100, 16, 67,0
83873,2007-02-20 09:08:52,121.494000,31.227100, 14, 45,0
83873,2007-02-20 09:09:16,121.494600,31.226100, 20, 67,0
83873,2007-02-20 09:09:37,121.495100,31.225300, 20, 67,0
83873,2007-02-20 09:10:02,121.496300,31.225300, 26, 45,0
83873,2007-02-20 09:10:18,121.497300,31.225500, 28, 67,0
83873,2007-02-20 09:10:33,121.498100,31.224600, 20, 67,0
83873,2007-02-20 09:10:56,121.499000,31.223800, 48, 67,0
83873,2007-02-20 09:11:18,121.498800,31.223000, 28,112,0
83873,2007-02-20 09:11:38,121.498300,31.222800, 26, 22,0
83873,2007-02-20 09:12:02,121.498000,31.222800, 30,112,0
83873,2007-02-20 09:12:18,121.496800,31.222300, 30,135,0
83873,2007-02-20 09:12:33,121.495500,31.221600, 32,112,0
83873,2007-02-20 09:12:50,121.494100,31.222000, 16,  0,0
83873,2007-02-20 09:13:51,121.494300,31.222800, 26,  0,0
83873,2007-02-20 09:14:38,121.488800,31.224000, 52,135,0
83873,2007-02-20 09:14:55,121.486500,31.223800, 52,135,0
83873,2007-02-20 09:15:11,121.483800,31.223300, 54,112,0
83873,2007-02-20 09:15:27,121.482100,31.222100, 46,112,0
83873,2007-02-20 09:15:43,121.480600,31.221300, 18,112,0
83873,2007-02-20 09:16:33,121.479600,31.221000, 28,135,0
83873,2007-02-20 09:16:50,121.478300,31.221000, 14,157,0
83873,2007-02-20 09:17:44,121.478100,31.221500,  8,157,1
83873,2007-02-20 09:19:46,121.473600,31.219100, 40,112,1
83873,2007-02-20 09:20:47,121.472800,31.214800, 26, 90,1
83873,2007-02-20 09:22:48,121.475100,31.212500, 22, 90,1
83873,2007-02-20 09:24:51,121.471100,31.210800, 36,135,1
83873,2007-02-20 09:25:52,121.469500,31.210500,  0,135,1
83873,2007-02-20 09:26:53,121.470300,31.205300, 62, 67,1
83873,2007-02-20 09:27:53,121.474800,31.194800, 84, 90,1
83873,2007-02-20 09:28:55,121.479100,31.184000, 90, 90,1
83873,2007-02-20 09:29:56,121.473300,31.174100, 86, 90,1
83873,2007-02-20 09:30:57,121.478100,31.161800, 90, 90,1
83873,2007-02-20 09:31:58,121.482800,31.149500, 98, 90,1
83873,2007-02-20 09:32:58,121.487000,31.138100, 70, 90,1
83873,2007-02-20 09:34:00,121.491500,31.133300, 84, 22,1
83873,2007-02-20 09:35:01,121.507800,31.136500,104, 45,1
83873,2007-02-20 09:36:02,121.524300,31.139300, 90, 45,1
83873,2007-02-20 09:37:03,121.540000,31.142300, 98, 45,1
83873,2007-02-20 09:38:03,121.556300,31.146000,110, 45,1
83873,2007-02-20 09:39:05,121.573600,31.147600, 98, 45,1
83873,2007-02-20 09:40:06,121.591000,31.149500,104, 45,1
83873,2007-02-20 09:41:07,121.607000,31.153600,106, 45,1
83873,2007-02-20 09:42:08,121.622600,31.155600, 96, 45,1
83873,2007-02-20 09:43:08,121.639600,31.157100,102, 45,1
83873,2007-02-20 09:45:11,121.673000,31.162800,112, 22,1
83873,2007-02-20 09:46:12,121.686100,31.165300, 72, 67,1
83873,2007-02-20 09:47:13,121.687600,31.157300, 68, 90,1
83873,2007-02-20 09:48:13,121.688800,31.146100, 82, 90,1
83873,2007-02-20 09:49:15,121.690100,31.135000, 88, 90,1
83873,2007-02-20 09:50:16,121.694000,31.124300, 98, 67,1
83873,2007-02-20 09:51:17,121.696500,31.119100,  0, 90,1
83873,2007-02-20 09:53:18,121.703300,31.102100, 88, 90,1
83873,2007-02-20 09:54:20,121.705300,31.092500, 82, 90,1
83873,2007-02-20 09:55:21,121.707100,31.080600, 82, 90,1
83873,2007-02-20 09:56:22,121.708500,31.070800, 50, 90,1
83873,2007-02-20 09:57:23,121.709300,31.062600, 66, 90,1
83873,2007-02-20 09:58:23,121.710000,31.056100, 10, 67,1
83873,2007-02-20 09:59:46,121.710600,31.056100,  0, 22,0
83873,2007-02-20 10:00:27,121.710100,31.056300, 18,135,0
83873,2007-02-20 10:02:58,121.709800,31.055300,  0, 90,0
83873,2007-02-20 10:03:58,121.709800,31.055100,  0, 90,0
83873,2007-02-20 10:04:16,121.709800,31.054100, 44, 90,0
83873,2007-02-20 10:04:48,121.710000,31.051300, 40, 90,0
83873,2007-02-20 10:05:03,121.710000,31.049600, 42, 90,0
83873,2007-02-20 10:05:20,121.710100,31.047800, 54, 90,0
83873,2007-02-20 10:05:36,121.710100,31.045600, 60, 90,0
83873,2007-02-20 10:05:52,121.710100,31.043300, 62, 90,0
83873,2007-02-20 10:06:08,121.710100,31.041100, 58, 90,0
83873,2007-02-20 10:06:23,121.710100,31.039800, 26, 90,0
83873,2007-02-20 10:06:40,121.708500,31.039600, 50,135,0
83873,2007-02-20 10:06:56,121.706300,31.039600, 62,135,0
83873,2007-02-20 10:07:12,121.703100,31.039800, 66,135,0
83873,2007-02-20 10:07:28,121.700100,31.039600, 74,135,0
83873,2007-02-20 10:07:43,121.697300,31.039500, 68,135,0
83873,2007-02-20 10:08:00,121.694300,31.039300, 68,135,0
83873,2007-02-20 10:08:16,121.691300,31.039000, 52,135,0
83873,2007-02-20 10:08:48,121.686800,31.038300, 68,135,0
83873,2007-02-20 10:09:03,121.683800,31.037800, 68,135,0
83873,2007-02-20 10:09:20,121.680600,31.037300, 76,135,0
83873,2007-02-20 10:09:36,121.677500,31.036800, 76,135,0
83873,2007-02-20 10:09:52,121.674000,31.036300, 68,135,0
83873,2007-02-20 10:10:08,121.671000,31.036000, 78,135,0
83873,2007-02-20 10:10:23,121.667800,31.035500, 72,135,0
83873,2007-02-20 10:10:40,121.664600,31.034800, 70,135,0
83873,2007-02-20 10:10:56,121.662100,31.034300, 70,135,0
83873,2007-02-20 10:11:12,121.659100,31.033800, 76,135,0
83873,2007-02-20 10:11:28,121.655800,31.033100, 76,135,0
83873,2007-02-20 10:11:43,121.652800,31.032500, 78,135,0
83873,2007-02-20 10:12:00,121.650100,31.032100, 20,135,0
83873,2007-02-20 10:12:30,121.649000,31.032000, 54,135,0
83873,2007-02-20 10:13:02,121.643300,31.031100, 56,135,0
83873,2007-02-20 10:13:18,121.641100,31.030800, 62,135,0
83873,2007-02-20 10:13:33,121.639000,31.030000, 56,112,0
83873,2007-02-20 10:13:52,121.637800,31.029500, 30,135,0
83873,2007-02-20 10:14:08,121.635500,31.029000, 68,135,0
83873,2007-02-20 10:14:23,121.632500,31.028300, 84,135,0
83873,2007-02-20 10:14:40,121.628800,31.028000, 82,135,0
83873,2007-02-20 10:14:56,121.625500,31.027600, 80,135,0
83873,2007-02-20 10:15:12,121.621600,31.027500, 80,135,0
83873,2007-02-20 10:15:28,121.618100,31.028100, 86,135,0
83873,2007-02-20 10:15:43,121.614600,31.028800, 84,135,0
83873,2007-02-20 10:16:00,121.610500,31.029300, 92,135,0
83873,2007-02-20 10:16:16,121.607600,31.029100, 30,135,0
83873,2007-02-20 10:17:08,121.599500,31.027600, 56,135,0
83873,2007-02-20 10:17:50,121.598100,31.027600, 54,135,0
83873,2007-02-20 10:18:06,121.595300,31.028100, 74,135,0
83873,2007-02-20 10:18:22,121.593500,31.029000, 32,  0,0
83873,2007-02-20 10:18:38,121.593600,31.030500, 62,  0,0
83873,2007-02-20 10:18:53,121.593800,31.033000, 72,  0,0
83873,2007-02-20 10:19:26,121.592100,31.038300, 78,  0,0
83873,2007-02-20 10:19:42,121.591500,31.040500, 60,  0,0
83873,2007-02-20 10:19:58,121.590600,31.042800, 72,  0,0
83873,2007-02-20 10:20:13,121.589600,31.045500, 72,  0,0
83873,2007-02-20 10:20:30,121.588000,31.047800, 58,157,0
83873,2007-02-20 10:20:46,121.586300,31.049800, 72,157,0
83873,2007-02-20 10:21:02,121.585300,31.052100, 66,  0,0
83873,2007-02-20 10:21:18,121.585000,31.054000, 54,  0,0
83873,2007-02-20 10:21:33,121.584800,31.056000, 64,  0,0
83873,2007-02-20 10:21:49,121.584500,31.058300, 66,  0,0
83873,2007-02-20 10:22:05,121.584100,31.061000, 70,  0,0
83873,2007-02-20 10:22:22,121.583800,31.063100, 68,  0,0
83873,2007-02-20 10:22:37,121.583100,31.065800, 82,  0,0
83873,2007-02-20 10:22:53,121.582500,31.068100, 54,  0,0
83873,2007-02-20 10:24:10,121.582300,31.069600,  2, 45,0
83873,2007-02-20 10:24:29,121.582600,31.069600, 18, 45,1
83873,2007-02-20 10:25:29,121.587100,31.070300, 28, 45,1
83873,2007-02-20 10:26:30,121.592600,31.070100, 24, 45,1
83873,2007-02-20 10:27:31,121.596000,31.068500, 26, 90,1
83873,2007-02-20 10:28:33,121.602500,31.069100, 42, 45,1
83873,2007-02-20 10:29:33,121.610000,31.069800, 40, 45,1
83873,2007-02-20 10:31:35,121.618300,31.072500,  6,157,1
83873,2007-02-20 10:32:36,121.618300,31.073600, 30, 45,1
83873,2007-02-20 10:33:37,121.620800,31.074500,  4, 45,1
83873,2007-02-20 10:36:10,121.622800,31.075000,  6, 45,1
83873,2007-02-20 10:37:11,121.624500,31.075500, 22, 45,1
83873,2007-02-20 10:38:12,121.625800,31.075800,  2, 22,1
83873,2007-02-20 10:41:49,121.630300,31.076800,  0,112,1
83873,2007-02-20 10:42:50,121.630300,31.076800,  6, 22,1
83873,2007-02-20 10:43:51,121.630500,31.076800,  0, 45,1
83873,2007-02-20 10:44:52,121.630500,31.076800,  0, 45,1
83873,2007-02-20 10:45:53,121.630500,31.076800,  0, 45,1
83873,2007-02-20 10:46:54,121.632500,31.076800, 36, 90,1
83873,2007-02-20 10:47:55,121.639800,31.075100, 14, 90,1
83873,2007-02-20 10:48:56,121.637600,31.074000, 28,135,1
83873,2007-02-20 10:49:57,121.636100,31.072500, 22, 67,1
83873,2007-02-20 10:53:51,121.636300,31.072000, 22,  0,0
83873,2007-02-20 10:54:07,121.636000,31.073000, 32,  0,0
83873,2007-02-20 10:54:30,121.636500,31.073600, 36, 45,0
83873,2007-02-20 10:54:49,121.637500,31.074000, 10, 45,0
83873,2007-02-20 10:55:08,121.638600,31.074300, 26, 22,0
83873,2007-02-20 10:55:24,121.639800,31.075000, 32,  0,0
83873,2007-02-20 10:55:40,121.641600,31.075300, 38, 45,0
83873,2007-02-20 10:55:59,121.642300,31.075800, 42,  0,0
83873,2007-02-20 10:56:15,121.642500,31.077600, 48,  0,0
83873,2007-02-20 10:56:31,121.642800,31.079600, 50,  0,0
83873,2007-02-20 10:57:03,121.642800,31.084000, 60,  0,0
83873,2007-02-20 10:57:19,121.642600,31.086000, 46,  0,0
83873,2007-02-20 10:57:51,121.642100,31.089300, 56,  0,0
83873,2007-02-20 10:58:07,121.641600,31.091300, 54,  0,0
83873,2007-02-20 10:58:23,121.641100,31.093300, 56,  0,0
83873,2007-02-20 10:58:55,121.640500,31.097000, 20,  0,0
83873,2007-02-20 10:59:11,121.640100,31.098600, 46,  0,0
83873,2007-02-20 10:59:27,121.639600,31.100500, 56,  0,0
83873,2007-02-20 10:59:43,121.639000,31.102500, 56,  0,0
83873,2007-02-20 10:59:59,121.638500,31.104600, 56,  0,0
83873,2007-02-20 11:00:15,121.637800,31.106600, 58,  0,0
83873,2007-02-20 11:00:31,121.637300,31.108600, 38,  0,0
83873,2007-02-20 11:01:31,121.637100,31.109600, 38,  0,0
83873,2007-02-20 11:01:47,121.636600,31.111500, 60,  0,0
83873,2007-02-20 11:02:03,121.635600,31.113600, 60,157,0
83873,2007-02-20 11:02:19,121.634600,31.115800, 66,157,0
83873,2007-02-20 11:02:35,121.633800,31.118300, 66,  0,0
83873,2007-02-20 11:02:51,121.633100,31.120600, 66,  0,0
83873,2007-02-20 11:03:07,121.632500,31.122600, 56,  0,0
83873,2007-02-20 11:03:23,121.631800,31.125000, 72,  0,0
83873,2007-02-20 11:03:39,121.630600,31.127600, 76,  0,0
83873,2007-02-20 11:03:55,121.629500,31.130300, 78,  0,0
83873,2007-02-20 11:04:11,121.628300,31.133000, 70,  0,0
83873,2007-02-20 11:04:27,121.627300,31.135500, 70,157,0
83873,2007-02-20 11:04:43,121.626100,31.137800, 70,  0,0
83873,2007-02-20 11:04:59,121.625100,31.140300, 56,  0,0
83873,2007-02-20 11:05:33,121.624600,31.141100, 32,135,0
83873,2007-02-20 11:05:49,121.622100,31.140600, 72,135,0
83873,2007-02-20 11:06:05,121.618800,31.140300, 76,135,0
83873,2007-02-20 11:06:21,121.615800,31.140300, 70,135,0
83873,2007-02-20 11:07:03,121.611600,31.140100, 36,135,0
83873,2007-02-20 11:07:19,121.609500,31.140000, 48,135,0
83873,2007-02-20 11:07:35,121.607000,31.140000, 62,135,0
83873,2007-02-20 11:07:51,121.604100,31.139800, 64,135,0
83873,2007-02-20 11:08:07,121.602300,31.139800, 16,135,0
83873,2007-02-20 11:08:23,121.600600,31.139600, 64,135,0
83873,2007-02-20 11:08:39,121.597600,31.139600, 68,135,0
83873,2007-02-20 11:09:11,121.591600,31.139100, 66,135,0
83873,2007-02-20 11:09:27,121.589600,31.138800,  0,135,0
83873,2007-02-20 11:10:44,121.586300,31.138500, 58,135,0
83873,2007-02-20 11:11:00,121.583600,31.138100, 64,135,0
83873,2007-02-20 11:11:16,121.581000,31.138000, 60,135,0
83873,2007-02-20 11:11:32,121.578600,31.137600, 48,135,0
83873,2007-02-20 11:11:48,121.576500,31.137500, 56,135,0
83873,2007-02-20 11:12:04,121.574600,31.137300, 20,135,0
83873,2007-02-20 11:12:41,121.573500,31.137100, 44,135,0
83873,2007-02-20 11:12:57,121.571300,31.137000, 50,135,0
83873,2007-02-20 11:13:13,121.569300,31.137000, 28,135,0
83873,2007-02-20 11:13:45,121.568000,31.139100, 44,  0,0
83873,2007-02-20 11:14:01,121.567500,31.140600, 38,157,0
83873,2007-02-20 11:14:33,121.566300,31.142800, 10,157,0
83873,2007-02-20 11:14:49,121.565600,31.143600, 36,157,0
83873,2007-02-20 11:15:05,121.566800,31.144600, 52, 22,0
83873,2007-02-20 11:15:21,121.568800,31.145100, 44, 45,0
83873,2007-02-20 11:15:53,121.568600,31.145100, 42,135,0
83873,2007-02-20 11:16:09,121.566600,31.144500, 42,112,0
83873,2007-02-20 11:16:25,121.565000,31.143800, 46,112,0
83873,2007-02-20 11:16:41,121.563300,31.143300, 24,157,0
83873,2007-02-20 11:16:57,121.563100,31.144800, 54,  0,0
83873,2007-02-20 11:17:13,121.563100,31.146300,  8,  0,0
83873,2007-02-20 11:17:52,121.563100,31.147300, 54,  0,0
83873,2007-02-20 11:18:08,121.562600,31.149600, 54,  0,0
83873,2007-02-20 11:19:04,121.562300,31.150500, 20,157,0
83873,2007-02-20 11:19:54,121.561500,31.150300, 32,112,1
83873,2007-02-20 11:20:55,121.552000,31.147800, 68,135,1
83873,2007-02-20 11:21:56,121.541300,31.146100, 40,135,1
83873,2007-02-20 11:22:57,121.535500,31.145000, 58,135,1
83873,2007-02-20 11:23:58,121.529800,31.147000, 44,135,1
83873,2007-02-20 11:24:59,121.529300,31.146800,  0,135,1
83873,2007-02-20 11:26:00,121.524000,31.145500, 58,135,1
83873,2007-02-20 11:26:38,121.521500,31.145100,  0,157,0
83873,2007-02-20 11:27:16,121.520500,31.144600, 46,135,0
83873,2007-02-20 11:27:41,121.519300,31.144300, 20,135,0
83873,2007-02-20 11:27:57,121.517800,31.144000, 18,135,0
83873,2007-02-20 11:28:38,121.516800,31.143600, 42,112,0
83873,2007-02-20 11:28:54,121.515000,31.142800, 46,112,0
83873,2007-02-20 11:29:10,121.513000,31.141800, 46,112,0
83873,2007-02-20 11:29:26,121.511000,31.141000, 48,112,0
83873,2007-02-20 11:29:42,121.509500,31.140500, 24,157,0
83873,2007-02-20 11:30:14,121.507500,31.143500, 56,157,0
83873,2007-02-20 11:30:30,121.506500,31.144600, 12,157,0
83873,2007-02-20 11:31:19,121.505500,31.144800, 30,112,0
83873,2007-02-20 11:31:35,121.504100,31.144300, 34,112,0
83873,2007-02-20 11:31:51,121.502800,31.143800, 34,135,0
83873,2007-02-20 11:32:23,121.500000,31.142800, 32,135,0
83873,2007-02-20 11:32:39,121.498300,31.142300, 38,135,0
83873,2007-02-20 11:33:22,121.496100,31.142100, 34,  0,0
83873,2007-02-20 11:34:16,121.495800,31.142800, 24, 90,0
83873,2007-02-20 11:34:17,121.495800,31.142600, 26, 90,1
83873,2007-02-20 11:35:17,121.493600,31.139500, 34, 67,1
83873,2007-02-20 11:36:18,121.496600,31.135100, 10, 90,1
83873,2007-02-20 11:37:19,121.489100,31.135300, 58,157,1
83873,2007-02-20 11:38:20,121.486000,31.141300, 74,  0,1
83873,2007-02-20 11:39:21,121.484100,31.146300,  0,  0,1
83873,2007-02-20 11:40:22,121.484500,31.145000, 32, 90,1
83873,2007-02-20 11:41:23,121.486600,31.138800, 72, 90,1
83873,2007-02-20 11:42:24,121.482800,31.134000, 52,135,1
83873,2007-02-20 11:43:25,121.472300,31.132300, 62,135,1
83873,2007-02-20 11:44:26,121.471300,31.131000, 44, 90,1
83873,2007-02-20 11:45:27,121.472500,31.125100, 26, 90,1
83873,2007-02-20 11:46:15,121.473100,31.122000,  0, 90,0
83873,2007-02-20 11:46:30,121.473100,31.122000,  0, 90,0
83873,2007-02-20 11:47:23,121.473000,31.122800, 26,  0,0
83873,2007-02-20 11:47:39,121.472800,31.123800, 30,  0,0
83873,2007-02-20 11:47:55,121.472600,31.125000, 30,  0,0
83873,2007-02-20 11:48:11,121.472300,31.126100, 36,  0,0
83873,2007-02-20 11:48:27,121.472100,31.127500, 36,  0,0
83873,2007-02-20 11:48:43,121.471800,31.129000, 34,  0,0
83873,2007-02-20 11:48:59,121.471500,31.130300, 36,  0,0
83873,2007-02-20 11:49:15,121.471300,31.131300,  4,  0,0
83873,2007-02-20 11:49:55,121.471100,31.132300, 22,  0,0
83873,2007-02-20 11:50:11,121.471000,31.133500, 44,  0,0
83873,2007-02-20 11:50:27,121.470600,31.135100, 32,  0,0
83873,2007-02-20 11:50:43,121.470300,31.136600, 34,  0,0
83873,2007-02-20 11:50:59,121.470000,31.138000, 38,  0,0
83873,2007-02-20 11:51:15,121.469600,31.139300, 38,  0,0
83873,2007-02-20 11:51:31,121.469500,31.140500, 22,  0,0
83873,2007-02-20 11:51:47,121.469300,31.141800, 42,  0,0
83873,2007-02-20 11:52:03,121.469000,31.143100, 28,  0,0
83873,2007-02-20 11:52:29,121.469800,31.143600, 32, 45,0
83873,2007-02-20 11:52:45,121.471500,31.143800, 42, 45,0
83873,2007-02-20 11:53:33,121.477600,31.145800, 46, 45,0
83873,2007-02-20 11:53:49,121.478800,31.146100, 24, 45,0
83873,2007-02-20 11:54:05,121.480100,31.146500, 24, 45,0
83873,2007-02-20 11:54:25,121.481300,31.146800, 28, 45,0
83873,2007-02-20 11:55:00,121.483500,31.147100, 24, 67,0
83873,2007-02-20 11:55:25,121.484000,31.146500, 18, 45,0
83873,2007-02-20 11:55:44,121.485100,31.146800, 12, 45,0
83873,2007-02-20 11:56:00,121.486600,31.147100, 46, 45,0
83873,2007-02-20 11:56:16,121.488500,31.147500, 30, 45,0
83873,2007-02-20 11:56:32,121.489500,31.147800, 22, 45,0
83873,2007-02-20 11:57:18,121.490600,31.148000, 26, 45,0
83873,2007-02-20 11:57:34,121.492000,31.148300, 40, 45,0
83873,2007-02-20 11:57:50,121.493600,31.148600, 24,  0,0
83873,2007-02-20 11:58:06,121.493100,31.150300, 50,  0,0
83873,2007-02-20 11:58:22,121.492800,31.151800, 24,  0,0
83873,2007-02-20 11:58:49,121.492800,31.152800, 30,  0,0
83873,2007-02-20 11:59:05,121.492600,31.154300, 46,  0,0
83873,2007-02-20 11:59:21,121.492100,31.156100, 46,  0,0
83873,2007-02-20 11:59:37,121.491800,31.157300, 10,  0,0
83873,2007-02-20 12:00:27,121.491500,31.158300, 34,157,0
83873,2007-02-20 12:00:43,121.490800,31.159600, 28,  0,0
83873,2007-02-20 12:00:59,121.490500,31.160600, 28,157,0
83873,2007-02-20 12:01:15,121.490000,31.161600, 26,157,0
83873,2007-02-20 12:01:32,121.489500,31.162500, 22,157,0
83873,2007-02-20 12:02:04,121.486500,31.161300, 46,112,0
83873,2007-02-20 12:02:20,121.484500,31.160500, 54,112,0
83873,2007-02-20 12:03:53,121.480000,31.158500, 20,135,0
83873,2007-02-20 12:03:55,121.479800,31.158500, 24,157,1
83873,2007-02-20 12:04:55,121.475800,31.168100, 82,  0,1
83873,2007-02-20 12:05:56,121.477100,31.178100, 86, 22,1
83873,2007-02-20 12:06:57,121.478000,31.187100, 62,  0,1
83873,2007-02-20 12:07:58,121.473800,31.197500, 74,157,1
83873,2007-02-20 12:08:59,121.469500,31.207800, 88,  0,1
83873,2007-02-20 12:10:00,121.466600,31.219500, 82,  0,1
83873,2007-02-20 12:11:01,121.462800,31.228600, 78,  0,1
83873,2007-02-20 12:13:03,121.459000,31.252000, 78,  0,1
83873,2007-02-20 12:15:05,121.452300,31.271600, 72,157,1
83873,2007-02-20 12:15:53,121.453300,31.274100,  0, 22,0
83873,2007-02-20 12:16:09,121.453300,31.274100,  0, 22,0
83873,2007-02-20 12:17:10,121.453300,31.274100,  0, 22,0
83873,2007-02-20 12:18:06,121.452300,31.273800, 38,135,0
83873,2007-02-20 12:18:22,121.450500,31.273100, 42,112,0
83873,2007-02-20 12:18:38,121.449000,31.272600, 46,135,0
83873,2007-02-20 12:19:10,121.445800,31.271300, 10,112,0
83873,2007-02-20 12:19:52,121.444800,31.271600, 42,157,0
83873,2007-02-20 12:20:08,121.443600,31.272800, 24,157,0
83873,2007-02-20 12:21:09,121.443300,31.272800,  0, 67,0
83873,2007-02-20 12:22:10,121.443300,31.272800,  0, 67,0
83873,2007-02-20 12:23:11,121.443300,31.272800,  0, 67,0
83873,2007-02-20 12:24:12,121.443300,31.272800,  0, 67,0
83873,2007-02-20 12:25:13,121.443300,31.272800,  0, 67,0
83873,2007-02-20 12:26:14,121.443300,31.272800,  0, 67,0
83873,2007-02-20 12:27:15,121.443300,31.272800,  0, 67,0
83873,2007-02-20 12:28:16,121.443300,31.272800,  0, 67,0
83873,2007-02-20 12:29:17,121.443300,31.272800,  0, 67,0
83873,2007-02-20 12:30:18,121.443300,31.272800,  0, 67,0
83873,2007-02-20 12:31:19,121.443300,31.272800,  0, 67,0
83873,2007-02-20 12:33:21,121.443300,31.272800,  0, 67,0
83873,2007-02-20 12:34:22,121.443300,31.272800,  0, 67,0
83873,2007-02-20 12:35:23,121.443300,31.272800,  0, 67,0
83873,2007-02-20 12:36:24,121.443300,31.272800,  0, 67,0
83873,2007-02-20 12:37:25,121.443300,31.272800,  0, 67,0
83873,2007-02-20 12:38:26,121.443300,31.272800,  0, 67,0
83873,2007-02-20 12:39:27,121.443300,31.272800,  0, 67,0
83873,2007-02-20 12:40:28,121.443300,31.272800,  0, 67,0
83873,2007-02-20 12:41:29,121.443300,31.272800,  0, 67,0
83873,2007-02-20 12:42:30,121.443300,31.272800,  0, 67,0
83873,2007-02-20 12:43:31,121.443300,31.272800,  0, 67,0
83873,2007-02-20 12:44:32,121.443300,31.272800,  0, 67,0
83873,2007-02-20 12:45:33,121.443300,31.272800,  0, 67,0
83873,2007-02-20 12:46:34,121.443300,31.272800,  0, 67,0
83873,2007-02-20 12:47:35,121.443300,31.272800,  0, 67,0
83873,2007-02-20 12:48:36,121.443300,31.272800,  0, 67,0
83873,2007-02-20 12:49:37,121.443300,31.272800,  0, 67,0
83873,2007-02-20 12:50:38,121.443300,31.272800,  0, 67,0
83873,2007-02-20 12:51:39,121.443300,31.272800,  0, 67,0
83873,2007-02-20 12:52:40,121.443300,31.272800,  0, 67,0
83873,2007-02-20 12:53:41,121.443300,31.272800,  0, 67,0
83873,2007-02-20 12:54:42,121.443300,31.272800,  0, 67,0
83873,2007-02-20 12:55:43,121.443300,31.272800,  0, 67,0
83873,2007-02-20 12:56:44,121.443300,31.273000,  0, 67,0
83873,2007-02-20 12:57:45,121.443300,31.273000,  0, 67,0
83873,2007-02-20 12:58:46,121.443300,31.273000,  0, 67,0
83873,2007-02-20 12:59:47,121.443300,31.273000,  0, 67,0
83873,2007-02-20 13:01:49,121.443300,31.273000,  0, 67,0
83873,2007-02-20 13:02:50,121.443300,31.273000,  0, 67,0
83873,2007-02-20 13:03:51,121.443300,31.273000,  0, 67,0
83873,2007-02-20 13:04:52,121.443300,31.273000,  0, 67,0
83873,2007-02-20 13:05:53,121.443300,31.273000,  0, 67,0
83873,2007-02-20 13:06:54,121.443300,31.273000,  0, 67,0
83873,2007-02-20 13:07:55,121.443300,31.273000,  0, 67,0
83873,2007-02-20 13:09:35,121.442300,31.273300, 20,157,0
83873,2007-02-20 13:10:07,121.441300,31.273600, 38,157,0
83873,2007-02-20 13:10:24,121.439600,31.274600, 28,157,0
83873,2007-02-20 13:11:25,121.440000,31.274500, 32, 67,0
83873,2007-02-20 13:11:41,121.441300,31.273600, 28, 67,0
83873,2007-02-20 13:11:57,121.440500,31.272800, 36,112,0
83873,2007-02-20 13:12:12,121.439500,31.272100, 30,112,0
83873,2007-02-20 13:12:29,121.438300,31.271300, 20,112,0
83873,2007-02-20 13:12:45,121.436800,31.271600, 40,157,0
83873,2007-02-20 13:13:17,121.434600,31.273000, 30, 22,0
83873,2007-02-20 13:14:17,121.435300,31.273300,  0, 22,0
83873,2007-02-20 13:15:19,121.435300,31.273300,  0, 22,0
83873,2007-02-20 13:16:20,121.435300,31.273300,  0, 22,0
83873,2007-02-20 13:17:21,121.435300,31.273300,  0, 22,0
83873,2007-02-20 13:18:22,121.435300,31.273300,  0, 22,0
83873,2007-02-20 13:19:22,121.435300,31.273300, 12, 22,0
83873,2007-02-20 13:20:24,121.435500,31.273500,  0, 22,0
83873,2007-02-20 13:21:25,121.435500,31.273500,  0, 22,0
83873,2007-02-20 13:22:26,121.435500,31.273500,  0, 22,0
83873,2007-02-20 13:23:27,121.435500,31.273500,  0, 22,0
83873,2007-02-20 13:24:27,121.435500,31.273500,  0, 22,0
83873,2007-02-20 13:25:29,121.435500,31.273500,  0, 22,0
83873,2007-02-20 13:26:30,121.435500,31.273500,  0, 22,0
83873,2007-02-20 13:27:31,121.435500,31.273500,  0, 22,0
83873,2007-02-20 13:28:32,121.435500,31.273500,  0, 22,0
83873,2007-02-20 13:29:32,121.435500,31.273500,  0, 22,0
83873,2007-02-20 13:30:34,121.435500,31.273500,  0, 22,0
83873,2007-02-20 13:31:35,121.435500,31.273500,  0, 22,0
83873,2007-02-20 13:32:36,121.435500,31.273500,  0, 22,0
83873,2007-02-20 13:33:37,121.435500,31.273500,  0, 22,0
83873,2007-02-20 13:34:37,121.435500,31.273500,  0, 22,0
83873,2007-02-20 13:35:39,121.435500,31.273500,  0, 22,0
83873,2007-02-20 13:36:40,121.435500,31.273600,  0, 22,0
83873,2007-02-20 13:37:41,121.435500,31.273600,  0, 22,0
83873,2007-02-20 13:38:42,121.435500,31.273600,  0, 22,0
83873,2007-02-20 13:39:42,121.435500,31.273600,  0, 22,0
83873,2007-02-20 13:40:44,121.435500,31.273600,  0, 90,0
83873,2007-02-20 13:41:45,121.435500,31.273600,  0, 90,0
83873,2007-02-20 13:42:46,121.435500,31.273600,  0, 90,0
83873,2007-02-20 13:43:47,121.435500,31.273600,  0, 90,0
83873,2007-02-20 13:44:47,121.435500,31.273600,  0, 90,0
83873,2007-02-20 13:45:49,121.435500,31.273600,  0, 90,0
83873,2007-02-20 13:46:50,121.435500,31.273600,  0, 90,0
83873,2007-02-20 13:47:51,121.435500,31.273600,  0, 90,0
83873,2007-02-20 13:48:52,121.435300,31.273600,  0, 90,0
83873,2007-02-20 13:49:52,121.435300,31.273600,  0, 90,0
83873,2007-02-20 13:50:54,121.435500,31.273300,  0, 67,0
83873,2007-02-20 13:51:55,121.435300,31.273600,  0, 67,0
83873,2007-02-20 13:52:56,121.435300,31.273600,  0, 67,0
83873,2007-02-20 13:53:57,121.435300,31.273600,  0, 67,0
83873,2007-02-20 13:54:57,121.435300,31.273600,  0, 67,0
83873,2007-02-20 13:55:59,121.435300,31.273600,  0, 67,0
83873,2007-02-20 13:57:00,121.435300,31.273600,  0, 67,0
83873,2007-02-20 13:59:02,121.435300,31.273600,  0, 67,0
83873,2007-02-20 14:00:02,121.435300,31.273600,  0, 67,0
83873,2007-02-20 14:01:04,121.435300,31.273600,  0, 67,0
83873,2007-02-20 14:02:05,121.435300,31.273600,  0, 67,0
83873,2007-02-20 14:03:06,121.435300,31.273600,  0, 67,0
83873,2007-02-20 14:04:07,121.435300,31.273600,  0, 67,0
83873,2007-02-20 14:05:07,121.435300,31.273600,  0, 67,0
83873,2007-02-20 14:06:09,121.435300,31.273600,  0, 67,0
83873,2007-02-20 14:07:10,121.435300,31.273600,  0, 67,0
83873,2007-02-20 14:08:11,121.435300,31.273600,  0, 67,0
83873,2007-02-20 14:09:12,121.435300,31.273600,  0, 67,0
83873,2007-02-20 14:11:14,121.435300,31.273600,  0, 67,0
83873,2007-02-20 14:12:15,121.435500,31.273600,  0, 22,0
83873,2007-02-20 14:13:16,121.435500,31.273600,  0, 22,0
83873,2007-02-20 14:14:17,121.435500,31.273600,  0, 22,0
83873,2007-02-20 14:15:17,121.435500,31.273600,  0, 22,0
83873,2007-02-20 14:16:19,121.435500,31.273600,  0, 22,0
83873,2007-02-20 14:17:20,121.435500,31.273600,  0, 22,0
83873,2007-02-20 14:18:21,121.435500,31.273600,  0, 22,0
83873,2007-02-20 14:19:22,121.435500,31.273600,  0, 22,0
83873,2007-02-20 14:20:22,121.435500,31.273600,  0, 22,0
83873,2007-02-20 14:21:24,121.435500,31.273600,  0, 22,0
83873,2007-02-20 14:22:22,121.434600,31.273000, 36,112,0
83873,2007-02-20 14:22:39,121.435100,31.272300, 34, 67,0
83873,2007-02-20 14:22:55,121.436800,31.271800, 44, 67,0
83873,2007-02-20 14:23:11,121.438000,31.271300,  8, 67,0
83873,2007-02-20 14:23:27,121.439000,31.271600, 42, 22,0
83873,2007-02-20 14:23:44,121.440300,31.272600, 44, 22,0
83873,2007-02-20 14:24:00,121.441600,31.273500, 18, 45,0
83873,2007-02-20 14:24:16,121.442800,31.273000, 26, 67,0
83873,2007-02-20 14:24:32,121.443800,31.272600, 30, 67,0
83873,2007-02-20 14:24:47,121.444800,31.271600, 34, 67,0
83873,2007-02-20 14:25:07,121.445000,31.270600, 36,112,0
83873,2007-02-20 14:25:22,121.443300,31.269600, 50,112,0
83873,2007-02-20 14:25:39,121.441500,31.268500, 38,112,0
83873,2007-02-20 14:25:55,121.440300,31.267800, 28,112,0
83873,2007-02-20 14:26:54,121.439600,31.267000, 34, 67,0
83873,2007-02-20 14:27:10,121.440600,31.265600, 30, 67,0
83873,2007-02-20 14:27:26,121.441500,31.264600, 32, 67,0
83873,2007-02-20 14:27:42,121.442300,31.263500, 36, 67,0
83873,2007-02-20 14:27:57,121.443100,31.262500, 42, 67,0
83873,2007-02-20 14:28:14,121.444100,31.261100, 40, 67,0
83873,2007-02-20 14:28:30,121.444800,31.260100,  4, 90,0
83873,2007-02-20 14:29:14,121.443800,31.259600, 34,135,0
83873,2007-02-20 14:29:30,121.442500,31.259500, 16,135,0
83873,2007-02-20 14:29:50,121.441500,31.260100, 26,135,0
83873,2007-02-20 14:29:52,121.441500,31.260000, 26,135,1
83873,2007-02-20 14:30:54,121.433100,31.256300, 58,112,1
83873,2007-02-20 14:31:55,121.431600,31.255500, 10, 90,1
83873,2007-02-20 14:32:56,121.424600,31.255300, 30,135,1
83873,2007-02-20 14:33:57,121.424500,31.255300,  0,135,1
83873,2007-02-20 14:34:57,121.424500,31.255300,  0,135,1
83873,2007-02-20 14:37:00,121.424500,31.255300,  0,135,1
83873,2007-02-20 14:38:01,121.424500,31.255300,  0,135,1
83873,2007-02-20 14:39:02,121.424500,31.255300,  0,135,1
83873,2007-02-20 14:40:02,121.414100,31.243100, 28,112,1
83873,2007-02-20 14:41:04,121.410100,31.240000,  0,112,1
83873,2007-02-20 14:43:06,121.419100,31.239600,  0, 67,1
83873,2007-02-20 14:44:07,121.419600,31.239300, 30, 67,1
83873,2007-02-20 14:44:25,121.420600,31.238300, 12, 90,0
83873,2007-02-20 14:44:41,121.420600,31.238300,  0, 90,0
83873,2007-02-20 14:45:29,121.419800,31.237800, 34,112,0
83873,2007-02-20 14:45:45,121.418500,31.237000, 28,112,0
83873,2007-02-20 14:46:01,121.417000,31.236500, 32,112,0
83873,2007-02-20 14:46:17,121.416500,31.235800, 22, 67,0
83873,2007-02-20 14:46:55,121.416100,31.233800, 26,112,0
83873,2007-02-20 14:47:12,121.415100,31.233300, 22,112,0
83873,2007-02-20 14:47:36,121.415300,31.233500, 24, 22,0
83873,2007-02-20 14:47:52,121.416500,31.234100, 32, 22,0
83873,2007-02-20 14:48:16,121.417500,31.233800, 30, 67,0
83873,2007-02-20 14:48:32,121.418300,31.232500, 48, 67,0
83873,2007-02-20 14:48:54,121.418600,31.231800, 30, 67,1
83873,2007-02-20 14:49:55,121.421800,31.226500,  0, 90,1
83873,2007-02-20 14:50:56,121.421300,31.224100, 48,112,1
83873,2007-02-20 14:58:52,121.403100,31.224500, 14, 90,0
83873,2007-02-20 14:59:12,121.404300,31.224500, 22, 45,0
83873,2007-02-20 14:59:30,121.405500,31.224500, 26, 45,0
83873,2007-02-20 15:03:29,121.408500,31.238300,  0, 22,1
83873,2007-02-20 15:05:31,121.410100,31.241500,  4,157,1
83873,2007-02-20 15:06:32,121.407600,31.243000, 22,157,1
83873,2007-02-20 15:07:32,121.406100,31.244000,  8,157,1
83873,2007-02-20 15:10:36,121.402600,31.252300, 30,  0,1
83873,2007-02-20 15:11:37,121.401100,31.257300, 28,  0,1
83873,2007-02-20 15:12:37,121.403000,31.260600, 52, 22,1
83873,2007-02-20 15:13:39,121.405300,31.266800, 48,  0,1
83873,2007-02-20 15:14:40,121.400500,31.268300, 30,  0,1
83873,2007-02-20 15:15:34,121.402300,31.269300,  0, 22,0
83873,2007-02-20 15:15:50,121.402300,31.269300,  0, 22,0
83873,2007-02-20 15:16:27,121.402500,31.268500, 26, 90,0
83873,2007-02-20 15:16:52,121.403300,31.267800, 40, 45,0
83873,2007-02-20 15:17:07,121.405000,31.267800, 36, 45,0
83873,2007-02-20 15:17:24,121.405500,31.268800, 36,  0,0
83873,2007-02-20 15:17:49,121.405800,31.269800, 28,  0,1
83873,2007-02-20 15:18:50,121.410800,31.267600, 60, 45,1
83873,2007-02-20 15:19:51,121.416500,31.265100, 46, 90,1
83873,2007-02-20 15:21:52,121.420100,31.261000, 46, 45,1
83873,2007-02-20 15:22:53,121.426300,31.259600, 60, 45,1
83873,2007-02-20 15:23:55,121.435800,31.258000,  0, 45,1
83873,2007-02-20 15:24:55,121.437300,31.257600, 48, 45,1
83873,2007-02-20 15:25:56,121.443100,31.255500,  0, 67,1
83873,2007-02-20 15:26:57,121.446300,31.254500,  0, 45,1
83873,2007-02-20 15:27:58,121.446300,31.254500,  0, 45,1
83873,2007-02-20 15:28:59,121.450100,31.254300, 16, 45,1
83873,2007-02-20 15:30:00,121.454500,31.254100, 30, 45,1
83873,2007-02-20 15:31:01,121.457800,31.254000,  0, 45,1
83873,2007-02-20 15:32:02,121.457800,31.254000,  0, 45,1
83873,2007-02-20 15:33:03,121.462100,31.254500,  0, 22,1
83873,2007-02-20 15:35:05,121.468100,31.257100, 46, 22,1
83873,2007-02-20 15:36:06,121.471000,31.257000, 22, 67,1
83873,2007-02-20 15:37:01,121.471600,31.255800,  0, 67,0
83873,2007-02-20 15:37:16,121.471600,31.255800,  0, 67,0
83873,2007-02-20 15:37:40,121.472100,31.255000, 38, 90,0
83873,2007-02-20 15:38:41,121.472300,31.254600,  0, 90,0
83873,2007-02-20 15:39:00,121.472800,31.253800, 42, 67,0
83873,2007-02-20 15:39:16,121.474100,31.252500, 46, 67,0
83873,2007-02-20 15:39:32,121.475300,31.251100, 48, 67,0
83873,2007-02-20 15:39:48,121.476100,31.250300, 14, 67,0
83873,2007-02-20 15:40:49,121.476500,31.249600,  8, 67,0
83873,2007-02-20 15:41:42,121.477000,31.248600, 18, 90,0
83873,2007-02-20 15:42:09,121.477300,31.247600, 16, 90,0
83873,2007-02-20 15:42:52,121.477300,31.247100, 22, 90,1
83873,2007-02-20 15:43:53,121.477600,31.245600,  0, 90,1
83873,2007-02-20 15:44:54,121.479300,31.241300, 36, 90,1
83873,2007-02-20 15:45:40,121.479600,31.240500,  0,112,0
83873,2007-02-20 15:45:55,121.479600,31.240500,  0,112,0
83873,2007-02-20 15:46:32,121.478500,31.240000, 24,135,0
83873,2007-02-20 15:46:56,121.477500,31.239600, 16,135,0
83873,2007-02-20 15:47:12,121.476000,31.239100, 40,135,0
83873,2007-02-20 15:47:28,121.475000,31.239600, 38,  0,0
83873,2007-02-20 15:47:44,121.474500,31.240800, 16,157,0
83873,2007-02-20 15:48:00,121.475500,31.241100, 44, 45,0
83873,2007-02-20 15:48:16,121.477500,31.241800, 42, 22,0
83873,2007-02-20 15:48:32,121.479000,31.242100, 24, 45,0
83873,2007-02-20 15:48:48,121.478600,31.243500, 38,  0,0
83873,2007-02-20 15:49:04,121.478000,31.245000, 40,  0,0
83873,2007-02-20 15:49:20,121.477600,31.246100, 26,  0,0
83873,2007-02-20 15:49:36,121.477500,31.247100, 14,  0,0
83873,2007-02-20 15:49:55,121.477500,31.247500, 14,  0,1
83873,2007-02-20 15:51:56,121.476600,31.249500, 26,  0,1
83873,2007-02-20 15:52:57,121.475000,31.251500,  0,157,1
83873,2007-02-20 15:54:22,121.473100,31.253800, 14,157,0
83873,2007-02-20 15:55:11,121.472800,31.254500, 22, 22,0
83873,2007-02-20 15:55:27,121.473800,31.255000, 14, 22,0
83873,2007-02-20 15:55:52,121.473500,31.254800, 26,112,0
83873,2007-02-20 15:56:54,121.472800,31.254500,  0,112,0
83873,2007-02-20 15:57:49,121.473000,31.253800, 38, 67,0
83873,2007-02-20 15:58:05,121.473800,31.252800,  4, 67,0
83873,2007-02-20 15:58:26,121.474500,31.252100, 38, 67,0
83873,2007-02-20 15:58:42,121.475600,31.250800, 36, 67,0
83873,2007-02-20 15:58:57,121.476300,31.250000, 10, 67,0
83873,2007-02-20 15:59:54,121.476800,31.249100, 20, 90,0
83873,2007-02-20 16:00:42,121.477000,31.248100, 26, 90,0
83873,2007-02-20 16:01:39,121.477300,31.247500,  8, 90,1
83873,2007-02-20 16:02:40,121.478000,31.244800, 28, 90,1
83873,2007-02-20 16:03:41,121.480800,31.245100,  0, 45,1
83873,2007-02-20 16:04:42,121.481100,31.245100, 30, 45,1
83873,2007-02-20 16:05:42,121.485500,31.243100, 44, 90,1
83873,2007-02-20 16:07:45,121.487800,31.234500, 54, 67,1
83873,2007-02-20 16:08:46,121.495000,31.228000, 58, 67,1
83873,2007-02-20 16:09:47,121.498300,31.224500,  0, 67,1
83873,2007-02-20 16:10:47,121.500500,31.220800, 52, 90,1
83873,2007-02-20 16:11:48,121.500100,31.213800, 70,112,1
83873,2007-02-20 16:12:49,121.498600,31.209800, 46,  0,1
83873,2007-02-20 16:13:50,121.500300,31.207500, 72, 45,1
83873,2007-02-20 16:14:51,121.512300,31.203600, 78, 45,1
83873,2007-02-20 16:16:32,121.532500,31.199300, 90, 45,1
83873,2007-02-20 16:17:32,121.543600,31.202100, 60, 22,1
83873,2007-02-20 16:18:33,121.551800,31.204300, 30, 90,1
83873,2007-02-20 16:19:14,121.554300,31.203500,  0, 45,0
83873,2007-02-20 16:19:29,121.554300,31.203500,  0, 45,0
83873,2007-02-20 16:20:04,121.555000,31.203800, 18,112,0
83873,2007-02-20 16:20:36,121.552100,31.203300, 16,157,0
83873,2007-02-20 16:20:52,121.551800,31.204300, 24,  0,0
83873,2007-02-20 16:21:11,121.551800,31.205500, 40,  0,0
83873,2007-02-20 16:21:27,121.551500,31.206600, 14,  0,0
83873,2007-02-20 16:21:43,121.551300,31.207600, 32,  0,0
83873,2007-02-20 16:21:59,121.551100,31.208800, 34,  0,0
83873,2007-02-20 16:22:15,121.550800,31.210500, 42,  0,0
83873,2007-02-20 16:22:31,121.550600,31.211500, 30, 22,0
83873,2007-02-20 16:23:24,121.553000,31.212300, 34,  0,0
83873,2007-02-20 16:23:40,121.552600,31.213800, 42,  0,0
83873,2007-02-20 16:23:58,121.553100,31.214600, 34, 45,0
83873,2007-02-20 16:24:14,121.555300,31.215300, 64, 45,0
83873,2007-02-20 16:24:30,121.557000,31.215600, 10, 45,0
83873,2007-02-20 16:25:31,121.557100,31.215600,  0, 45,0
83873,2007-02-20 16:26:11,121.557100,31.216500, 44,  0,0
83873,2007-02-20 16:27:12,121.557000,31.217300,  0,  0,0
83873,2007-02-20 16:28:13,121.557000,31.217300, 18,  0,0
83873,2007-02-20 16:28:28,121.556600,31.219000, 62,  0,0
83873,2007-02-20 16:28:44,121.556000,31.221500, 60,  0,0
83873,2007-02-20 16:29:00,121.555500,31.223600, 58,  0,0
83873,2007-02-20 16:29:16,121.556100,31.225000, 50, 22,0
83873,2007-02-20 16:29:32,121.558300,31.225600, 38, 22,0
83873,2007-02-20 16:29:48,121.559300,31.226100, 48, 22,0
83873,2007-02-20 16:30:04,121.561600,31.227100, 52, 22,0
83873,2007-02-20 16:31:08,121.558500,31.229000, 38,112,0
83873,2007-02-20 16:31:24,121.556800,31.228300, 38,112,0
83873,2007-02-20 16:31:40,121.555500,31.227800, 38,112,0
83873,2007-02-20 16:32:12,121.552100,31.226500, 22,135,0
83873,2007-02-20 16:32:44,121.551000,31.226300, 40,135,0
83873,2007-02-20 16:33:00,121.549500,31.225800, 40,135,0
83873,2007-02-20 16:33:16,121.548500,31.226100, 30,  0,0
83873,2007-02-20 16:33:32,121.547800,31.227600, 40,157,0
83873,2007-02-20 16:33:48,121.546600,31.228000, 46,135,0
83873,2007-02-20 16:34:04,121.545300,31.227500, 12,135,0
83873,2007-02-20 16:34:20,121.544000,31.227100, 44,135,0
83873,2007-02-20 16:34:36,121.542100,31.226800, 16,135,0
83873,2007-02-20 16:35:15,121.539100,31.226000, 50,112,0
83873,2007-02-20 16:35:31,121.537800,31.224600, 48,112,0
83873,2007-02-20 16:35:47,121.536800,31.223100, 22,112,0
83873,2007-02-20 16:36:20,121.535800,31.223500, 26,157,0
83873,2007-02-20 16:37:21,121.535100,31.223800,  0,157,0
83873,2007-02-20 16:37:54,121.534800,31.224600, 34,  0,0
83873,2007-02-20 16:38:10,121.533800,31.226300, 52,157,0
83873,2007-02-20 16:38:26,121.533300,31.227500, 16,157,0
83873,2007-02-20 16:39:08,121.532800,31.228500, 44,157,0
83873,2007-02-20 16:39:24,121.531800,31.230500, 60,157,0
83873,2007-02-20 16:39:40,121.530600,31.232300, 60,157,0
83873,2007-02-20 16:39:56,121.529300,31.234500, 38,157,0
83873,2007-02-20 16:40:12,121.527600,31.234500, 52,135,0
83873,2007-02-20 16:40:28,121.525800,31.233800, 50,135,0
83873,2007-02-20 16:40:44,121.523800,31.233100, 18,135,0
83873,2007-02-20 16:41:16,121.520300,31.232000, 60,112,0
83873,2007-02-20 16:41:32,121.518500,31.231300, 24,112,0
83873,2007-02-20 16:42:33,121.517300,31.231000, 32,135,0
83873,2007-02-20 16:42:49,121.516000,31.230600, 44,135,0
83873,2007-02-20 16:43:05,121.514300,31.229800, 16,135,0
83873,2007-02-20 16:44:06,121.513800,31.229800,  0,112,0
83873,2007-02-20 16:44:43,121.512800,31.229500, 34,112,0
83873,2007-02-20 16:44:59,121.511500,31.229000, 30,112,0
83873,2007-02-20 16:45:15,121.509600,31.228500, 52,112,0
83873,2007-02-20 16:45:31,121.507500,31.227500, 54,112,0
83873,2007-02-20 16:46:32,121.507100,31.227300,  0,112,0
83873,2007-02-20 16:47:31,121.492500,31.223500, 50,157,0
83873,2007-02-20 16:47:47,121.490100,31.224000, 52,135,0
83873,2007-02-20 16:48:03,121.488000,31.224000, 18,135,0
83873,2007-02-20 16:48:33,121.487800,31.225000, 12,  0,0
83873,2007-02-20 16:49:11,121.487600,31.226000, 16,  0,0
83873,2007-02-20 16:50:03,121.487600,31.227100,  6,157,0
83873,2007-02-20 16:50:52,121.486500,31.227000,  8,135,0
83873,2007-02-20 16:51:28,121.486100,31.227000, 10,135,1
83873,2007-02-20 16:52:28,121.484300,31.226300,  0,112,1
83873,2007-02-20 16:53:29,121.484000,31.226100, 10, 90,1
83873,2007-02-20 16:54:30,121.484500,31.225100, 10, 90,1
83873,2007-02-20 16:55:31,121.485100,31.224000,  2, 90,1
83873,2007-02-20 16:56:32,121.486100,31.223600, 42, 45,1
83873,2007-02-20 16:57:33,121.496600,31.222300, 62, 45,1
83873,2007-02-20 16:58:34,121.496600,31.222300,  0, 45,1
83873,2007-02-20 16:59:35,121.511100,31.229000,  0, 45,1
83873,2007-02-20 17:00:20,121.512500,31.229500,  6, 22,0
83873,2007-02-20 17:00:35,121.512500,31.229500,  0, 22,0
83873,2007-02-20 17:01:36,121.512800,31.229300,  0, 45,0
83873,2007-02-20 17:01:40,121.513000,31.229300,  4, 22,1
83873,2007-02-20 17:02:40,121.514000,31.229000, 16, 90,1
83873,2007-02-20 17:03:41,121.515500,31.226300,  6, 90,1
83873,2007-02-20 17:04:42,121.515500,31.226100,  0, 90,1
83873,2007-02-20 17:05:43,121.517500,31.223100, 34, 90,1
83873,2007-02-20 17:06:44,121.518100,31.220800, 26, 67,1
83873,2007-02-20 17:07:45,121.518300,31.215100, 40, 90,1
83873,2007-02-20 17:08:46,121.517500,31.212000, 38, 90,1
83873,2007-02-20 17:09:47,121.515300,31.207800, 16,112,1
83873,2007-02-20 17:10:48,121.518000,31.206600, 44, 45,1
83873,2007-02-20 17:12:28,121.517600,31.203100,  0, 90,1
83873,2007-02-20 17:14:24,121.514600,31.196800,  0,112,0
83873,2007-02-20 17:15:03,121.514800,31.197800, 40, 22,0
83873,2007-02-20 17:15:19,121.514500,31.198800, 32,157,0
83873,2007-02-20 17:15:35,121.513300,31.199300, 34,135,0
83873,2007-02-20 17:16:13,121.511800,31.201500, 28,  0,0
83873,2007-02-20 17:16:28,121.512500,31.202500, 44,  0,0
83873,2007-02-20 17:16:44,121.513000,31.203500, 30, 22,0
83873,2007-02-20 17:17:00,121.513800,31.204800, 40, 22,0
83873,2007-02-20 17:17:16,121.514500,31.206300, 48, 22,0
83873,2007-02-20 17:17:32,121.515300,31.207800, 26,  0,0
83873,2007-02-20 17:17:54,121.514300,31.208300, 16,135,0
83873,2007-02-20 17:18:10,121.513100,31.208600, 38,135,0
83873,2007-02-20 17:18:28,121.512600,31.209300, 30,  0,0
83873,2007-02-20 17:19:01,121.511600,31.210600, 36,  0,0
83873,2007-02-20 17:19:18,121.512000,31.211600, 20, 22,0
83873,2007-02-20 17:19:34,121.512800,31.212600, 30, 22,0
83873,2007-02-20 17:19:50,121.513600,31.214000, 34,  0,0
83873,2007-02-20 17:20:06,121.514100,31.215300, 42,  0,0
83873,2007-02-20 17:20:22,121.514300,31.216800, 42,  0,0
83873,2007-02-20 17:20:54,121.514500,31.220500, 56,  0,0
83873,2007-02-20 17:21:26,121.513600,31.224500, 54,  0,0
83873,2007-02-20 17:21:42,121.513000,31.226500, 54,  0,0
83873,2007-02-20 17:21:58,121.512600,31.228000,  0,  0,0
83873,2007-02-20 17:22:25,121.512500,31.228100, 30,157,1
83873,2007-02-20 17:23:25,121.512100,31.228800,  0, 22,1
83873,2007-02-20 17:24:26,121.507800,31.227500, 64,112,1
83873,2007-02-20 17:25:28,121.506800,31.227000,  0,112,1
83873,2007-02-20 17:26:28,121.491600,31.223800, 60,135,1
83873,2007-02-20 17:27:29,121.483000,31.222800, 54,112,1
83873,2007-02-20 17:28:30,121.480100,31.221100, 30,135,1
83873,2007-02-20 17:29:31,121.477600,31.222100,  4,  0,1
83873,2007-02-20 17:30:32,121.476300,31.226000, 30,157,1
83873,2007-02-20 17:31:33,121.476600,31.228000, 20, 22,1
83873,2007-02-20 17:32:34,121.477000,31.228300, 20,  0,1
83873,2007-02-20 17:33:35,121.476000,31.229500,  4,  0,1
83873,2007-02-20 17:33:41,121.476000,31.229600,  0,  0,0
83873,2007-02-20 17:34:42,121.475800,31.229600,  2,  0,0
83873,2007-02-20 17:34:49,121.476000,31.230000, 20, 22,1
83873,2007-02-20 17:35:49,121.475600,31.231800,  0,  0,1
83873,2007-02-20 17:36:50,121.484300,31.233500, 56, 45,1
83873,2007-02-20 17:37:51,121.486100,31.237600, 26,157,1
83873,2007-02-20 17:38:52,121.484600,31.245500, 66,  0,1
83873,2007-02-20 17:39:53,121.484100,31.253300,  0,  0,1
83873,2007-02-20 17:40:54,121.484100,31.253300, 14,  0,1
83873,2007-02-20 17:43:57,121.484800,31.263100, 36, 22,1
83873,2007-02-20 17:44:58,121.489100,31.269800, 26, 22,1
83873,2007-02-20 17:45:59,121.491100,31.271600, 28, 22,1
83873,2007-02-20 17:47:00,121.495800,31.275100, 24, 67,1
83873,2007-02-20 17:47:33,121.497300,31.275300,  0, 90,0
83873,2007-02-20 17:47:48,121.497300,31.275300,  0, 90,0
83873,2007-02-20 17:48:47,121.495800,31.275100,  4,112,0
83873,2007-02-20 17:49:48,121.495600,31.275100,  0,157,0
83873,2007-02-20 17:50:24,121.493600,31.273800, 44,112,0
83873,2007-02-20 17:50:40,121.492600,31.272800, 20,112,0
83873,2007-02-20 17:50:58,121.491800,31.272100, 34,112,0
83873,2007-02-20 17:51:14,121.490600,31.271100, 38,112,0
83873,2007-02-20 17:51:30,121.489500,31.270500, 28,157,0
83873,2007-02-20 17:51:46,121.488500,31.272100, 52,157,0
83873,2007-02-20 17:52:02,121.487600,31.273300, 12,135,0
83873,2007-02-20 17:52:18,121.486500,31.273000, 40,135,0
83873,2007-02-20 17:52:34,121.485000,31.272800, 14,135,0
83873,2007-02-20 17:53:51,121.482600,31.273300,  8,135,0
83873,2007-02-20 17:54:52,121.481600,31.273100,  0,112,0
83873,2007-02-20 17:55:53,121.481600,31.273100,  0,112,0
83873,2007-02-20 17:57:55,121.481600,31.273100,  0,112,0
83873,2007-02-20 17:58:56,121.481600,31.273100,  0,112,0
83873,2007-02-20 17:59:57,121.481600,31.273100,  0,112,0
83873,2007-02-20 18:00:58,121.481600,31.273100,  0,112,0
83873,2007-02-20 18:01:59,121.481600,31.273100,  0,112,0
83873,2007-02-20 18:04:01,121.481600,31.273100,  0,112,0
83873,2007-02-20 18:05:02,121.481600,31.273100,  0,112,0
83873,2007-02-20 18:06:03,121.481600,31.273100,  0,112,0
83873,2007-02-20 18:07:04,121.481600,31.273100,  0,112,0
83873,2007-02-20 18:08:05,121.481600,31.273100,  0,112,0
83873,2007-02-20 18:09:06,121.481600,31.273100,  0,112,0
83873,2007-02-20 18:10:07,121.481600,31.273100,  0,112,0
83873,2007-02-20 18:11:08,121.481600,31.273100,  0,112,0
83873,2007-02-20 18:12:09,121.481600,31.273100,  0,112,0
83873,2007-02-20 18:13:10,121.481600,31.273100,  0,112,0
83873,2007-02-20 18:14:11,121.481600,31.273100,  0,112,0
83873,2007-02-20 18:15:12,121.481600,31.273100,  0,112,0
83873,2007-02-20 18:17:14,121.481600,31.273100,  0,112,0
83873,2007-02-20 18:18:15,121.481600,31.273100,  0,112,0
83873,2007-02-20 18:19:16,121.481600,31.273100,  0,112,0
83873,2007-02-20 18:20:17,121.481600,31.273100,  0,112,0
83873,2007-02-20 18:21:18,121.481600,31.273100,  0,112,0
83873,2007-02-20 18:22:19,121.481600,31.273100,  0,112,0
83873,2007-02-20 18:23:20,121.481600,31.273100,  0,112,0
83873,2007-02-20 18:24:21,121.481600,31.273100,  0,112,0
83873,2007-02-20 18:25:22,121.481600,31.273100,  0,112,0
83873,2007-02-20 18:26:23,121.481600,31.273100,  0,112,0
83873,2007-02-20 18:27:24,121.481600,31.273100,  0,112,0
83873,2007-02-20 18:28:25,121.481600,31.273100,  0,112,0
83873,2007-02-20 18:29:42,121.483100,31.272000, 36, 90,0
83873,2007-02-20 18:29:58,121.483500,31.270800, 30, 90,0
83873,2007-02-20 18:30:42,121.483600,31.269600, 24, 67,0
83873,2007-02-20 18:30:58,121.484100,31.268500, 34, 67,0
83873,2007-02-20 18:31:14,121.484800,31.267100, 38, 67,0
83873,2007-02-20 18:31:30,121.485800,31.266100, 32, 45,0
83873,2007-02-20 18:31:54,121.485800,31.265100, 14, 90,0
83873,2007-02-20 18:32:42,121.485300,31.264300, 26, 90,0
83873,2007-02-20 18:34:44,121.484600,31.263000, 34,112,0
83873,2007-02-20 18:35:00,121.484100,31.261500, 36, 90,0
83873,2007-02-20 18:35:16,121.484000,31.260100, 40, 90,0
83873,2007-02-20 18:35:32,121.483300,31.258300, 56, 90,0
83873,2007-02-20 18:35:48,121.482500,31.256500, 28,112,0
83873,2007-02-20 18:36:33,121.482500,31.255500, 38, 67,0
83873,2007-02-20 18:36:49,121.483800,31.254000, 52, 67,0
83873,2007-02-20 18:37:05,121.484600,31.252100, 38, 90,0
83873,2007-02-20 18:37:21,121.485100,31.250500, 50, 90,0
83873,2007-02-20 18:37:37,121.485100,31.249100, 30, 90,0
83873,2007-02-20 18:37:53,121.485000,31.248100, 26, 90,0
83873,2007-02-20 18:38:10,121.484600,31.247100, 44, 90,0
83873,2007-02-20 18:38:26,121.484600,31.245100, 54, 90,0
83873,2007-02-20 18:41:09,121.482100,31.240000,  4,135,0
83873,2007-02-20 18:42:10,121.481100,31.239600,  0,112,0
83873,2007-02-20 18:43:11,121.481100,31.239800,  0,112,0
83873,2007-02-20 18:44:12,121.480800,31.239600,  0, 90,0
83873,2007-02-20 18:45:13,121.480500,31.239300, 10,112,0
83873,2007-02-20 18:45:49,121.480300,31.238500, 24,135,0
83873,2007-02-20 18:46:42,121.479100,31.237800, 18, 90,0
83873,2007-02-20 18:47:04,121.477500,31.237500, 26,112,0
83873,2007-02-20 18:47:54,121.476600,31.236800, 12, 67,0
83873,2007-02-20 18:48:29,121.475300,31.236800, 24,135,0
83873,2007-02-20 18:50:31,121.474800,31.238500,  0,  0,0
83873,2007-02-20 18:50:44,121.474600,31.239000, 38,  0,1
83873,2007-02-20 18:52:38,121.477600,31.242000, 42, 45,1
83873,2007-02-20 18:53:39,121.482000,31.242500,  0, 45,1
83873,2007-02-20 18:54:40,121.481800,31.243500, 38,  0,1
83873,2007-02-20 18:55:33,121.480100,31.246600, 18,112,0
83873,2007-02-20 18:55:48,121.479500,31.246500, 18,112,0
83873,2007-02-20 18:56:34,121.478100,31.245800, 30,135,0
83873,2007-02-20 18:56:53,121.477500,31.246100, 22,  0,0
83873,2007-02-20 18:57:11,121.477500,31.247100, 20,  0,0
83873,2007-02-20 18:58:28,121.476600,31.249000,  0,  0,0
83873,2007-02-20 18:59:29,121.476100,31.249600, 34,135,0
83873,2007-02-20 18:59:52,121.475100,31.249100, 24,112,0
83873,2007-02-20 19:00:08,121.473300,31.248500, 62,135,0
83873,2007-02-20 19:00:40,121.468000,31.247100, 52,135,0
83873,2007-02-20 19:01:28,121.463100,31.246100, 50,135,0
83873,2007-02-20 19:01:44,121.460800,31.246300, 56,135,0
83873,2007-02-20 19:02:00,121.459500,31.246500,  0,157,0
83873,2007-02-20 19:02:35,121.458300,31.246800, 48,135,0
83873,2007-02-20 19:02:51,121.456300,31.247500, 36,135,0
83873,2007-02-20 19:03:24,121.455100,31.247800, 16,157,0
83873,2007-02-20 19:03:44,121.455100,31.248800, 24,  0,0
83873,2007-02-20 19:04:20,121.454600,31.249500, 20,135,1
83873,2007-02-20 19:05:20,121.453100,31.249300,  0,112,1
83873,2007-02-20 19:06:21,121.451800,31.249300, 38,135,1
83873,2007-02-20 19:07:22,121.448600,31.249600, 12,135,1
83873,2007-02-20 19:08:23,121.447000,31.254500, 70,  0,1
83873,2007-02-20 19:10:25,121.445500,31.259300, 20,157,1
83873,2007-02-20 19:11:26,121.445100,31.259800, 18,157,1
83873,2007-02-20 19:14:46,121.434000,31.263100, 24,157,1
83873,2007-02-20 19:15:47,121.432600,31.264800, 30,157,1
83873,2007-02-20 19:16:29,121.431300,31.267100,  0,  0,0
83873,2007-02-20 19:16:45,121.431300,31.267100,  0,  0,0
83873,2007-02-20 19:18:06,121.430800,31.269000, 26,  0,0
83873,2007-02-20 19:18:22,121.431300,31.270100, 36, 22,0
83873,2007-02-20 19:18:47,121.432100,31.270800, 26, 22,0
83873,2007-02-20 19:19:03,121.433000,31.271600, 30, 22,0
83873,2007-02-20 19:19:19,121.433800,31.272300, 24, 22,0
83873,2007-02-20 19:19:52,121.434600,31.273000, 24, 22,0
83873,2007-02-20 19:21:54,121.435300,31.273300,  0, 22,0
83873,2007-02-20 19:22:55,121.435300,31.273300,  0, 22,0
83873,2007-02-20 19:23:56,121.435300,31.273300,  0, 22,0
83873,2007-02-20 19:24:56,121.435300,31.273300,  0, 22,0
83873,2007-02-20 19:25:58,121.435100,31.273300, 22,112,0
83873,2007-02-20 19:26:15,121.434100,31.273000, 30,157,0
83873,2007-02-20 19:26:31,121.433100,31.274100, 44,157,0
83873,2007-02-20 19:26:46,121.431800,31.275500, 50,157,0
83873,2007-02-20 19:27:39,121.431000,31.276300,  6,157,0
83873,2007-02-20 19:28:04,121.430300,31.276800, 30,157,1
83873,2007-02-20 19:29:04,121.424600,31.283000, 54,157,1
83873,2007-02-20 19:35:10,121.424800,31.303800,  8,  0,0
83873,2007-02-20 19:35:26,121.424800,31.304000,  0,  0,0
83873,2007-02-20 19:35:51,121.425000,31.304800, 22,  0,0
83873,2007-02-20 19:36:53,121.425000,31.305000,  0,  0,0
83873,2007-02-20 19:37:09,121.423800,31.305000, 50,135,0
83873,2007-02-20 19:37:25,121.421800,31.305000, 44,135,0
83873,2007-02-20 19:37:41,121.419300,31.304800, 54,135,0
83873,2007-02-20 19:37:56,121.416600,31.304600, 66,135,0
83873,2007-02-20 19:38:13,121.414500,31.304600, 20,135,0
83873,2007-02-20 19:39:31,121.409000,31.305100, 50,  0,0
83873,2007-02-20 19:39:46,121.408600,31.307500, 72,  0,0
83873,2007-02-20 19:40:03,121.407600,31.309600, 28,157,0
83873,2007-02-20 19:40:50,121.407100,31.310500, 44,157,0
83873,2007-02-20 19:41:06,121.405800,31.312500, 74,157,0
83873,2007-02-20 19:41:21,121.404800,31.314600, 46,  0,0
83873,2007-02-20 19:41:38,121.403800,31.316600, 54,157,0
83873,2007-02-20 19:41:54,121.403100,31.319000, 72,  0,0
83873,2007-02-20 19:42:10,121.402600,31.321800, 68,  0,0
83873,2007-02-20 19:43:11,121.402600,31.322600,  0,  0,0
83873,2007-02-20 19:43:28,121.402500,31.323600, 58,  0,0
83873,2007-02-20 19:44:00,121.401800,31.329300, 80,  0,0
83873,2007-02-20 19:44:16,121.401000,31.332100, 72,  0,0
83873,2007-02-20 19:44:31,121.400300,31.334300, 62,  0,0
83873,2007-02-20 19:44:48,121.399000,31.337000, 78,157,0
83873,2007-02-20 19:45:04,121.397300,31.339800, 86,157,0
83873,2007-02-20 19:45:20,121.395300,31.342600, 80,157,0
83873,2007-02-20 19:45:49,121.393800,31.344600, 32, 22,0
83873,2007-02-20 19:46:05,121.395000,31.345000, 14, 22,0
83873,2007-02-20 19:46:23,121.394600,31.346000, 34,  0,0
83873,2007-02-20 19:46:39,121.394100,31.347500, 40,  0,0
83873,2007-02-20 19:46:55,121.393600,31.348800, 26,  0,0
83873,2007-02-20 19:47:11,121.393000,31.350000, 32,157,0
83873,2007-02-20 19:47:27,121.392300,31.351000, 38,157,0
83873,2007-02-20 19:47:43,121.390800,31.351300, 34,135,0
83873,2007-02-20 19:47:59,121.389600,31.351300, 22,  0,0
83873,2007-02-20 19:48:15,121.389300,31.352500, 32,157,0
83873,2007-02-20 19:48:31,121.388800,31.354000, 58,  0,0
83873,2007-02-20 19:48:46,121.387800,31.356300, 66,  0,0
83873,2007-02-20 19:49:03,121.386600,31.358800, 66,  0,0
83873,2007-02-20 19:49:36,121.389300,31.360300, 30, 45,0
83873,2007-02-20 19:49:51,121.390000,31.358800, 42, 90,0
83873,2007-02-20 19:53:01,121.391800,31.358600,  0,112,0
83873,2007-02-20 19:54:01,121.391800,31.358600,  0,112,0
83873,2007-02-20 19:55:03,121.391800,31.358600,  0,112,0
83873,2007-02-20 19:57:13,121.391800,31.358600,  0,112,0
83873,2007-02-20 19:58:14,121.391800,31.358600,  0,112,0
83873,2007-02-20 19:59:15,121.391800,31.358600,  0,112,0
83873,2007-02-20 20:00:16,121.391800,31.358600,  0,112,0
83873,2007-02-20 20:01:16,121.392100,31.358500,  0, 45,0
83873,2007-02-20 20:02:41,121.392100,31.358500,  0, 45,0
83873,2007-02-20 20:03:41,121.392100,31.358500,  0, 45,0
83873,2007-02-20 20:04:16,121.392500,31.357300, 42, 90,0
83873,2007-02-20 20:04:32,121.393100,31.355600, 44, 90,0
83873,2007-02-20 20:05:33,121.391600,31.358600,  0,  0,0
83873,2007-02-20 20:07:35,121.391600,31.358600,  0,  0,0
83873,2007-02-20 20:08:36,121.391600,31.358600,  0,  0,0
83873,2007-02-20 20:09:37,121.391600,31.358600,  0,  0,0
83873,2007-02-20 20:14:09,121.391800,31.357500,  0, 90,0
83873,2007-02-20 20:15:10,121.391800,31.358100,  0, 90,0
83873,2007-02-20 20:16:11,121.391800,31.358100,  0, 90,0
83873,2007-02-20 20:16:36,121.391800,31.358100,  0, 90,1
83873,2007-02-20 20:17:36,121.391000,31.358600, 20,  0,1
83873,2007-02-20 20:18:38,121.391000,31.360800, 56, 45,1
83873,2007-02-20 20:19:39,121.397500,31.360800, 34, 67,1
83873,2007-02-20 20:20:40,121.400800,31.358300, 48, 22,1
83873,2007-02-20 20:21:41,121.407100,31.357500, 66, 67,1
83873,2007-02-20 20:22:41,121.413800,31.358500, 66, 22,1
83873,2007-02-20 20:23:43,121.416500,31.354600,  0, 90,1
83873,2007-02-20 20:24:44,121.416800,31.353600, 16, 45,1
83873,2007-02-20 20:25:45,121.427600,31.356000, 64, 45,1
83873,2007-02-20 20:26:46,121.431000,31.346000, 84, 90,1
83873,2007-02-20 20:27:46,121.435800,31.334800, 86, 90,1
83873,2007-02-20 20:28:48,121.441600,31.322000, 84, 90,1
83873,2007-02-20 20:29:49,121.444000,31.310300, 78, 90,1
83873,2007-02-20 20:30:50,121.444300,31.299800, 76, 90,1
83873,2007-02-20 20:31:51,121.446600,31.288800, 72, 90,1
83873,2007-02-20 20:32:51,121.448000,31.278100, 84, 90,1
83873,2007-02-20 20:33:53,121.454000,31.268300, 62, 67,1
83873,2007-02-20 20:34:54,121.458100,31.261100, 44, 67,1
83873,2007-02-20 20:35:55,121.459000,31.257800, 26, 90,1
83873,2007-02-20 20:36:56,121.459000,31.256300,  0, 90,1
83873,2007-02-20 20:37:56,121.459000,31.252300, 28, 90,1
83873,2007-02-20 20:42:01,121.465000,31.225600, 56, 67,1
83873,2007-02-20 20:43:01,121.466300,31.218300, 50, 90,1
83873,2007-02-20 20:44:03,121.468600,31.209600, 78, 90,1
83873,2007-02-20 20:45:04,121.471600,31.201300, 36, 90,1
83873,2007-02-20 20:47:06,121.457500,31.191800, 66,112,1
83873,2007-02-20 20:48:06,121.449600,31.188100, 54,135,1
83873,2007-02-20 20:49:08,121.445300,31.187000, 36,112,1
83873,2007-02-20 20:50:09,121.440300,31.182800,  0,112,1
83873,2007-02-20 20:51:10,121.438600,31.181600, 58,112,1
83873,2007-02-20 20:52:11,121.440000,31.176300, 10, 90,1
83873,2007-02-20 20:53:11,121.440100,31.172100, 46, 90,1
83873,2007-02-20 20:55:14,121.447000,31.158600, 30, 90,1
83873,2007-02-20 20:56:15,121.446600,31.151500, 62, 90,1
83873,2007-02-20 20:57:16,121.446000,31.149300, 46,  0,1
83873,2007-02-20 20:57:35,121.446000,31.150300,  0,  0,0
83873,2007-02-20 20:57:50,121.446000,31.150500, 16,  0,0
83873,2007-02-20 20:58:06,121.445800,31.151300, 38,  0,0
83873,2007-02-20 20:58:46,121.445800,31.152300, 38,  0,0
83873,2007-02-20 20:59:03,121.445600,31.154500, 52,  0,0
83873,2007-02-20 21:00:20,121.445500,31.157300, 56,  0,0
83873,2007-02-20 21:00:43,121.445500,31.158100, 42,  0,1
83873,2007-02-20 21:01:43,121.444800,31.160100, 24,157,1
83873,2007-02-20 21:02:44,121.440600,31.168600, 72,  0,1
83873,2007-02-20 21:03:45,121.444500,31.173600, 64, 45,1
83873,2007-02-20 21:04:45,121.447800,31.175500,  0,  0,1
83873,2007-02-20 21:05:47,121.447600,31.180500, 56,  0,1
83873,2007-02-20 21:06:48,121.448000,31.183500,  4, 22,1
83873,2007-02-20 21:07:49,121.448000,31.187600, 64, 45,1
83873,2007-02-20 21:08:50,121.451500,31.188500,  6, 45,1
83873,2007-02-20 21:09:50,121.454100,31.189800, 30, 22,1
83873,2007-02-20 21:10:52,121.460600,31.194000, 64, 22,1
83873,2007-02-20 21:11:53,121.471300,31.198500, 66, 45,1
83873,2007-02-20 21:12:54,121.470500,31.205100, 68,  0,1
83873,2007-02-20 21:13:55,121.469100,31.210300, 18, 45,1
83873,2007-02-20 21:14:55,121.471000,31.210600,  0, 45,1
83873,2007-02-20 21:15:57,121.476800,31.213000, 18, 22,1
83873,2007-02-20 21:16:58,121.476500,31.216100, 40,  0,1
83873,2007-02-20 21:17:59,121.475800,31.218500, 26,157,1
83873,2007-02-20 21:19:00,121.475300,31.219500,  0,  0,1
83873,2007-02-20 21:20:00,121.475100,31.219600, 16,157,1
83873,2007-02-20 21:21:02,121.477100,31.222500, 22, 22,1
83873,2007-02-20 21:21:40,121.476800,31.224800, 16,  0,0
83873,2007-02-20 21:21:55,121.476800,31.224800,  0, 22,0
83873,2007-02-20 21:22:42,121.476500,31.225800, 32,  0,0
83873,2007-02-20 21:22:58,121.476000,31.226800, 26,  0,0
83873,2007-02-20 21:23:53,121.475100,31.227300, 10,112,0
83873,2007-02-20 21:24:44,121.473800,31.226800, 32,112,0
83873,2007-02-20 21:25:23,121.473300,31.226500, 24,112,1
83873,2007-02-20 21:26:23,121.469000,31.226000, 26,  0,1
83873,2007-02-20 21:27:24,121.465800,31.229500, 18,135,1
83873,2007-02-20 21:28:25,121.462600,31.230800, 62,  0,1
83873,2007-02-20 21:29:25,121.462000,31.236100,  0,  0,1
83873,2007-02-20 21:30:27,121.459000,31.240000, 32,135,1
83873,2007-02-20 21:32:29,121.452600,31.243300, 18,  0,1
83873,2007-02-20 21:32:46,121.452300,31.244000,  0,157,0
83873,2007-02-20 21:33:08,121.452000,31.244100, 30,157,0
83873,2007-02-20 21:33:10,121.452000,31.244100, 34,157,1
83873,2007-02-20 21:34:10,121.449100,31.247300,  0,157,1
83873,2007-02-20 21:35:12,121.449100,31.247300,  6,157,1
83873,2007-02-20 21:36:13,121.448100,31.247600, 46,135,1
83873,2007-02-20 21:37:14,121.445000,31.247100, 54,135,1
83873,2007-02-20 21:38:15,121.439800,31.248500, 30,  0,1
83873,2007-02-20 21:39:15,121.443300,31.249800, 10, 90,1
83873,2007-02-20 21:39:59,121.442300,31.249600,  0, 90,0
83873,2007-02-20 21:40:45,121.442600,31.248600, 10, 67,0
83873,2007-02-20 21:41:18,121.442300,31.247800, 18,157,0
83873,2007-02-20 21:41:34,121.441300,31.248100, 30,157,0
83873,2007-02-20 21:41:50,121.440000,31.248800, 18,135,0
83873,2007-02-20 21:42:50,121.439800,31.248800, 10,135,0
83873,2007-02-20 21:43:14,121.439800,31.247800, 26, 90,0
83873,2007-02-20 21:43:30,121.440100,31.246500, 30, 90,0
83873,2007-02-20 21:45:29,121.447300,31.250500,  0,157,1
83873,2007-02-20 21:46:30,121.446800,31.252800, 16,  0,1
83873,2007-02-20 21:47:17,121.446600,31.251100,  0, 90,0
83873,2007-02-20 21:49:33,121.449500,31.247600, 38, 45,1
83873,2007-02-20 21:50:34,121.453000,31.247800, 24, 45,1
83873,2007-02-20 21:51:35,121.458100,31.246300, 12, 45,1
83873,2007-02-20 21:52:35,121.463100,31.246000, 42, 45,1
83873,2007-02-20 21:53:37,121.473500,31.248500, 68, 45,1
83873,2007-02-20 21:54:38,121.475000,31.249000,  0, 22,1
83873,2007-02-20 21:56:40,121.483500,31.253300,  0, 22,1
83873,2007-02-20 21:57:40,121.483500,31.253300,  0, 22,1
83873,2007-02-20 21:58:42,121.489800,31.255300, 38, 45,1
83873,2007-02-20 21:59:43,121.495300,31.258500, 30, 22,1
83873,2007-02-20 22:00:44,121.501800,31.263500, 52, 22,1
83873,2007-02-20 22:02:45,121.509600,31.267100,  0, 22,1
83873,2007-02-20 22:03:47,121.512800,31.270100, 66, 22,1
83873,2007-02-20 22:04:48,121.515100,31.272100,  0, 22,1
83873,2007-02-20 22:05:49,121.516500,31.272800, 52, 22,1
83873,2007-02-20 22:06:50,121.521300,31.275300,  0, 22,1
83873,2007-02-20 22:08:52,121.520500,31.281600, 62,157,1
83873,2007-02-20 22:09:53,121.518100,31.287100,  0,  0,1
83873,2007-02-20 22:10:54,121.519000,31.288000,  0, 45,1
83873,2007-02-20 22:11:55,121.519300,31.287800,  6, 45,1
83873,2007-02-20 22:12:18,121.519600,31.288000,  0, 22,0
83873,2007-02-20 22:13:18,121.519600,31.288000,  0, 22,0
83873,2007-02-20 22:14:19,121.519100,31.288000,  0,  0,0
83873,2007-02-20 22:14:43,121.518000,31.287800, 34,135,0
83873,2007-02-20 22:14:59,121.518000,31.286600, 42, 90,0
83873,2007-02-20 22:15:30,121.518300,31.285600, 18, 90,0
83873,2007-02-20 22:15:47,121.517500,31.285100, 26,112,0
83873,2007-02-20 22:16:03,121.516300,31.284800, 34,112,0
83873,2007-02-20 22:16:19,121.515100,31.284500, 16,112,0
83873,2007-02-20 22:16:35,121.515600,31.283300, 40, 67,0
83873,2007-02-20 22:16:50,121.516100,31.282100, 16, 90,0
83873,2007-02-20 22:17:23,121.513300,31.281000, 22,135,0
83873,2007-02-20 22:18:40,121.513300,31.279100, 26, 90,0
83873,2007-02-20 22:19:07,121.512500,31.278500, 30,135,0
83873,2007-02-20 22:19:55,121.508800,31.277100, 32,112,0
83873,2007-02-20 22:20:10,121.507800,31.276300, 34,112,0
83873,2007-02-20 22:20:30,121.507300,31.275500, 34,135,0
83873,2007-02-20 22:20:45,121.505600,31.275000, 42,135,0
83873,2007-02-20 22:21:02,121.504300,31.274300,  0,112,0
83873,2007-02-20 22:22:03,121.504300,31.274000, 30, 67,0
83873,2007-02-20 22:22:19,121.505300,31.272800, 42, 67,0
83873,2007-02-20 22:22:35,121.506300,31.271600, 28, 67,0
83873,2007-02-20 22:22:50,121.506600,31.270600, 18, 90,0
83873,2007-02-20 22:23:07,121.505500,31.270300, 32,135,0
83873,2007-02-20 22:23:23,121.504000,31.270300, 34,135,0
83873,2007-02-20 22:23:39,121.502600,31.270500, 30,135,0
83873,2007-02-20 22:23:58,121.501600,31.270000, 34, 90,0
83873,2007-02-20 22:24:14,121.501800,31.268500, 46, 90,0
83873,2007-02-20 22:24:30,121.502300,31.266800, 40, 67,0
83873,2007-02-20 22:24:45,121.501500,31.266100, 36,112,0
83873,2007-02-20 22:25:18,121.498800,31.265000, 16,112,0
83873,2007-02-20 22:25:44,121.498600,31.264300, 32, 67,0
83873,2007-02-20 22:26:00,121.499500,31.263300, 22, 67,0
83873,2007-02-20 22:26:15,121.498800,31.262600, 32,112,0
83873,2007-02-20 22:26:49,121.497600,31.262100, 24,112,0
83873,2007-02-20 22:27:05,121.496600,31.261500, 12,112,0
83873,2007-02-20 22:27:49,121.495600,31.261000, 22,112,0
83873,2007-02-20 22:28:05,121.494800,31.260100, 18,112,0
83873,2007-02-20 22:28:38,121.494000,31.259500, 28,112,0
83873,2007-02-20 22:29:39,121.493600,31.259100,  0,112,0
83873,2007-02-20 22:30:40,121.493300,31.258300, 26, 90,0
83873,2007-02-20 22:31:09,121.492800,31.257300, 22,112,0
83873,2007-02-20 22:31:25,121.492000,31.256500, 36,112,0
83873,2007-02-20 22:31:40,121.490800,31.255600, 44,112,0
83873,2007-02-20 22:31:57,121.488300,31.255300, 58,135,0
83873,2007-02-20 22:32:13,121.486500,31.255000, 42,112,0
83873,2007-02-20 22:32:29,121.484800,31.254100, 52,112,0
83873,2007-02-20 22:32:45,121.484100,31.253000, 48, 90,0
83873,2007-02-20 22:33:00,121.484800,31.251300, 50, 90,0
83873,2007-02-20 22:33:54,121.485500,31.250100, 28, 90,0
83873,2007-02-20 22:34:25,121.484600,31.245600, 56, 90,0
83873,2007-02-20 22:34:42,121.485500,31.243600, 64, 90,0
83873,2007-02-20 22:34:58,121.485500,31.241800, 34, 90,0
83873,2007-02-20 22:35:15,121.485100,31.240800, 14,112,0
83873,2007-02-20 22:35:38,121.484000,31.240600, 18,135,0
83873,2007-02-20 22:36:25,121.482800,31.240300, 14,112,0
83873,2007-02-20 22:37:27,121.482500,31.240100,  0,112,0
83873,2007-02-20 22:38:09,121.481600,31.240600, 22,  0,0
83873,2007-02-20 22:38:29,121.480600,31.240600, 26,112,0
83873,2007-02-20 22:38:45,121.479500,31.240300, 30,135,0
83873,2007-02-20 22:39:02,121.478100,31.240000, 30,112,0
83873,2007-02-20 22:39:34,121.477100,31.239500, 28,135,0
83873,2007-02-20 22:39:50,121.475600,31.239000, 34,135,0
83873,2007-02-20 22:40:10,121.475000,31.239500, 30,157,0
83873,2007-02-20 22:41:04,121.474600,31.240600, 36,  0,0
83873,2007-02-20 22:41:20,121.473600,31.240800, 22,112,0
83873,2007-02-20 22:41:40,121.472500,31.240600, 20,135,0
83873,2007-02-20 22:41:55,121.471300,31.240100, 28,135,0
83873,2007-02-20 22:42:12,121.469600,31.239800, 42,135,0
83873,2007-02-20 22:42:28,121.468800,31.239000, 42, 90,0
83873,2007-02-20 22:42:45,121.469300,31.238100, 34, 90,0
83873,2007-02-20 22:43:02,121.469600,31.236500, 18, 90,0
83873,2007-02-20 22:43:20,121.468500,31.236100, 36,135,0
83873,2007-02-20 22:43:37,121.467500,31.235500,  6,112,0
83873,2007-02-20 22:44:38,121.467300,31.235300, 14,112,0
83873,2007-02-20 22:44:55,121.466500,31.234300, 38,112,0
83873,2007-02-20 22:45:10,121.466000,31.233500,  6,112,0
83873,2007-02-20 22:46:12,121.466000,31.233100,  6,112,0
83873,2007-02-20 22:46:29,121.464800,31.232800, 36,135,0
83873,2007-02-20 22:46:45,121.463100,31.232600, 28,135,0
83873,2007-02-20 22:47:05,121.461800,31.232800, 24,135,0
83873,2007-02-20 22:47:20,121.460500,31.232600, 34,135,0
83873,2007-02-20 22:47:37,121.458800,31.232800, 34,135,0
83873,2007-02-20 22:47:53,121.457500,31.232800, 24,135,0
83873,2007-02-20 22:48:09,121.456100,31.232500, 30,135,0
83873,2007-02-20 22:48:25,121.455300,31.232000, 22,112,0
83873,2007-02-20 22:49:07,121.454100,31.231300, 28,112,0
83873,2007-02-20 22:49:24,121.453300,31.230600, 26,112,0
83873,2007-02-20 22:49:40,121.452000,31.230100, 30,112,0
83873,2007-02-20 22:50:00,121.451000,31.229600, 10,112,0
83873,2007-02-20 22:51:02,121.450300,31.229300, 20,135,0
83873,2007-02-20 22:51:20,121.449000,31.229100, 26,135,0
83873,2007-02-20 22:51:37,121.447800,31.228300, 30,112,0
83873,2007-02-20 22:51:53,121.446600,31.227600, 22,112,0
83873,2007-02-20 22:52:09,121.445600,31.227100, 20,112,0
83873,2007-02-20 22:52:47,121.444800,31.226800, 24,112,1
83873,2007-02-20 22:53:48,121.442000,31.225100, 16,112,1
83873,2007-02-20 22:54:49,121.438800,31.223500, 36,112,1
83873,2007-02-20 22:55:50,121.433500,31.219800, 12,112,1
83873,2007-02-20 22:56:07,121.433100,31.220000,  0,135,0
83873,2007-02-20 22:57:08,121.432500,31.220100,  0,135,0
83873,2007-02-20 22:57:27,121.432500,31.220000, 26, 90,1
83873,2007-02-20 22:58:28,121.439000,31.220000, 80, 45,1
83873,2007-02-20 22:59:29,121.443300,31.223000, 56, 45,1
83873,2007-02-20 23:01:30,121.467000,31.227100, 76, 22,1
83873,2007-02-20 23:02:32,121.478100,31.232600, 76, 45,1
83873,2007-02-20 23:03:32,121.487100,31.235000, 30, 22,1
83873,2007-02-20 23:05:32,121.485100,31.249600,  4,  0,1
83873,2007-02-20 23:06:32,121.485000,31.251100, 56,  0,1
83873,2007-02-20 23:07:33,121.483600,31.258800, 64, 22,1
83873,2007-02-20 23:08:34,121.484300,31.263100, 28,157,1
83873,2007-02-20 23:09:35,121.484000,31.266300, 24, 45,1
83873,2007-02-20 23:10:36,121.484600,31.268600, 14,  0,1
83873,2007-02-20 23:11:35,121.486600,31.269000,  0,157,0
83873,2007-02-20 23:11:50,121.486600,31.269000,  0,157,0
83873,2007-02-20 23:12:47,121.487500,31.268300, 28,112,0
83873,2007-02-20 23:13:03,121.486600,31.267300, 30,112,0
83873,2007-02-20 23:13:19,121.486300,31.266300, 12, 90,0
83873,2007-02-20 23:14:20,121.486300,31.266300,  0, 90,0
83873,2007-02-20 23:15:00,121.485800,31.265300, 52, 90,0
83873,2007-02-20 23:15:51,121.485600,31.264500, 24, 90,0
83873,2007-02-20 23:16:07,121.485000,31.263100, 30, 90,0
83873,2007-02-20 23:16:23,121.484300,31.261800, 58, 90,0
83873,2007-02-20 23:16:39,121.483800,31.259300, 66, 90,0
83873,2007-02-20 23:16:55,121.482800,31.257000, 64, 90,0
83873,2007-02-20 23:17:11,121.482600,31.255500, 44, 67,0
83873,2007-02-20 23:18:05,121.483500,31.254600, 38, 67,0
83873,2007-02-20 23:18:21,121.484100,31.253300, 46, 90,0
83873,2007-02-20 23:18:53,121.485100,31.250100, 42, 90,0
83873,2007-02-20 23:19:09,121.485100,31.248300, 58, 90,0
83873,2007-02-20 23:19:25,121.484600,31.246000, 60, 90,0
83873,2007-02-20 23:19:41,121.485300,31.244000, 58, 67,0
83873,2007-02-20 23:19:57,121.485600,31.241800, 62, 90,0
83873,2007-02-20 23:20:13,121.485600,31.239500, 62, 90,0
83873,2007-02-20 23:20:29,121.485800,31.237600, 16, 90,0
83873,2007-02-20 23:21:25,121.486100,31.236800, 50, 67,0
83873,2007-02-20 23:21:41,121.487100,31.235100, 28, 90,0
83873,2007-02-20 23:21:57,121.485500,31.234500, 56,112,0
83873,2007-02-20 23:23:45,121.466300,31.227000, 80,112,0
83873,2007-02-20 23:24:17,121.459600,31.225800, 78,135,0
83873,2007-02-20 23:24:33,121.456000,31.225800, 86,135,0
83873,2007-02-20 23:24:49,121.452500,31.225800, 80,135,0
83873,2007-02-20 23:25:21,121.446800,31.224500, 52,112,0
83873,2007-02-20 23:25:37,121.444600,31.223800, 66,135,0
83873,2007-02-20 23:25:53,121.441800,31.223000, 58,135,0
83873,2007-02-20 23:26:09,121.440800,31.223300, 34,  0,0
83873,2007-02-20 23:26:25,121.441000,31.224600, 32, 22,0
83873,2007-02-20 23:27:26,121.441300,31.224800,  0,112,0
83873,2007-02-20 23:28:27,121.441300,31.224800,  0,112,0
83873,2007-02-20 23:30:24,121.441100,31.224800, 18,112,1
83873,2007-02-20 23:31:24,121.440600,31.224500,  4,135,1
83873,2007-02-20 23:32:25,121.439800,31.227500, 30,157,1
83873,2007-02-20 23:33:26,121.446500,31.230600, 50, 22,1
83873,2007-02-20 23:34:27,121.449100,31.234100, 34,157,1
83873,2007-02-20 23:35:28,121.454000,31.236000, 52, 22,1
83873,2007-02-20 23:36:29,121.455500,31.237000,  0, 22,1
83873,2007-02-20 23:37:30,121.457000,31.239000, 28, 22,1
83873,2007-02-20 23:38:31,121.459000,31.240000,  0, 45,1
83873,2007-02-20 23:40:47,121.459100,31.253800, 74,  0,1
83873,2007-02-20 23:41:48,121.455600,31.264100, 78,157,1
83873,2007-02-20 23:42:49,121.449600,31.275100, 90,157,1
83873,2007-02-20 23:45:53,121.444100,31.311100, 72,  0,0
83873,2007-02-20 23:46:54,121.442800,31.316500, 30,135,0
83873,2007-02-20 23:47:55,121.439500,31.315600, 44,135,0
83873,2007-02-20 23:48:56,121.436000,31.318600, 32,  0,0
83873,2007-02-20 23:49:57,121.436000,31.319300,  0,  0,0
83873,2007-02-20 23:50:58,121.436000,31.319300,  0,  0,0
83873,2007-02-20 23:51:59,121.436000,31.319300,  0,  0,0
83873,2007-02-20 23:53:00,121.436000,31.319300,  0,  0,0
83873,2007-02-20 23:54:16,121.436000,31.319300,  0,  0,0
83873,2007-02-20 23:55:17,121.436000,31.319300,  0,  0,0
83873,2007-02-20 23:56:18,121.436000,31.319300,  0,  0,0
83873,2007-02-20 23:57:19,121.436000,31.319300,  0,  0,0
83873,2007-02-20 23:59:21,121.436000,31.319300,  0,  0,0
