84469,2007-02-20 00:01:01,121.430100,31.351300, 78,  0,1
84469,2007-02-20 00:02:02,121.428100,31.357800, 52,112,1
84469,2007-02-20 00:03:03,121.416800,31.354100, 96,135,1
84469,2007-02-20 00:04:04,121.403800,31.351100, 74,135,1
84469,2007-02-20 00:05:05,121.391800,31.348100, 64,135,1
84469,2007-02-20 00:06:06,121.387100,31.346800, 56, 67,1
84469,2007-02-20 00:07:07,121.391600,31.343800, 38,112,1
84469,2007-02-20 00:08:08,121.386000,31.340000, 58,112,1
84469,2007-02-20 00:09:09,121.379500,31.336800, 28,135,1
84469,2007-02-20 00:11:40,121.376800,31.334500,  0, 67,0
84469,2007-02-20 00:13:42,121.384100,31.338300, 58, 22,0
84469,2007-02-20 00:14:43,121.389500,31.342800, 24, 22,0
84469,2007-02-20 00:15:44,121.394000,31.343800, 62, 67,0
84469,2007-02-20 00:16:45,121.399300,31.336300, 52, 67,0
84469,2007-02-20 00:17:46,121.401500,31.330100,  0, 90,0
84469,2007-02-20 00:19:06,121.402000,31.328100, 26, 90,1
84469,2007-02-20 00:24:07,121.413300,31.304500,  0, 45,1
84469,2007-02-20 00:25:08,121.414100,31.304500, 46, 45,1
84469,2007-02-20 00:26:09,121.424600,31.305100, 56, 45,1
84469,2007-02-20 00:27:10,121.427300,31.305500,  6, 45,1
84469,2007-02-20 00:28:11,121.432600,31.306100, 62, 45,1
84469,2007-02-20 00:29:12,121.441300,31.307300, 52, 45,1
84469,2007-02-20 00:30:13,121.443300,31.307500,  0, 45,1
84469,2007-02-20 00:31:14,121.448300,31.307300, 56, 45,1
84469,2007-02-20 00:32:15,121.456000,31.307600, 60, 45,1
84469,2007-02-20 00:33:16,121.462500,31.308100, 18, 45,1
84469,2007-02-20 00:34:17,121.463300,31.312100, 22,  0,1
84469,2007-02-20 00:35:18,121.463500,31.314800,  0,  0,1
84469,2007-02-20 00:36:19,121.464100,31.321300, 42, 45,1
84469,2007-02-20 00:37:20,121.473600,31.322800, 12,  0,1
84469,2007-02-20 00:38:05,121.473800,31.325000,  0,  0,0
84469,2007-02-20 00:39:05,121.473800,31.325000,  0,  0,0
84469,2007-02-20 00:40:06,121.473800,31.325000,  0, 45,0
84469,2007-02-20 00:41:07,121.473800,31.325000,  0, 45,0
84469,2007-02-20 00:42:08,121.473800,31.325000,  0, 45,0
84469,2007-02-20 00:43:09,121.473800,31.325000,  0, 45,0
84469,2007-02-20 00:44:10,121.473800,31.325000,  0, 45,0
84469,2007-02-20 00:45:11,121.473800,31.325000,  0, 45,0
84469,2007-02-20 00:46:12,121.473600,31.324100, 24, 90,0
84469,2007-02-20 00:48:01,121.480600,31.321000, 56, 90,1
84469,2007-02-20 00:50:03,121.483500,31.299000, 66, 90,1
84469,2007-02-20 00:51:04,121.486300,31.290500, 66, 90,1
84469,2007-02-20 00:52:05,121.486100,31.286300, 54, 90,1
84469,2007-02-20 00:53:06,121.486100,31.284300, 12, 90,1
84469,2007-02-20 00:54:07,121.486000,31.278600, 10, 90,1
84469,2007-02-20 00:55:08,121.490600,31.278100,  0, 45,1
84469,2007-02-20 00:55:09,121.490600,31.278100,  0, 45,0
84469,2007-02-20 00:56:09,121.492000,31.278500, 38,  0,0
84469,2007-02-20 00:57:10,121.491500,31.284100, 38,  0,0
84469,2007-02-20 00:58:11,121.494300,31.289500, 30,157,0
84469,2007-02-20 00:59:12,121.500300,31.288800, 74, 45,0
84469,2007-02-20 01:00:13,121.506300,31.291300, 38, 45,0
84469,2007-02-20 01:01:14,121.513100,31.290300, 50, 45,0
84469,2007-02-20 01:02:15,121.515800,31.291100,  0, 45,0
84469,2007-02-20 01:03:16,121.517100,31.293000, 22,157,0
84469,2007-02-20 01:04:17,121.521100,31.295600,  0, 22,0
84469,2007-02-20 01:05:18,121.526000,31.298800, 52, 22,0
84469,2007-02-20 01:06:19,121.531600,31.302300, 28, 22,0
84469,2007-02-20 01:07:20,121.532500,31.302800,  0, 22,0
84469,2007-02-20 01:08:21,121.532500,31.302800,  0, 22,0
84469,2007-02-20 01:09:22,121.533000,31.303100, 26, 22,0
84469,2007-02-20 01:10:23,121.533300,31.303500,  0,157,0
84469,2007-02-20 01:11:24,121.533300,31.303500,  0,157,0
84469,2007-02-20 01:12:25,121.533300,31.303500,  0,157,0
84469,2007-02-20 01:13:26,121.533300,31.303500,  0,157,0
84469,2007-02-20 01:14:27,121.533600,31.303500,  6, 22,0
84469,2007-02-20 01:15:28,121.533500,31.303500,  0,112,0
84469,2007-02-20 01:16:29,121.534300,31.307000, 58,  0,0
84469,2007-02-20 01:17:30,121.534300,31.312600, 30,  0,0
84469,2007-02-20 01:18:31,121.534100,31.319100, 42,  0,0
84469,2007-02-20 01:19:32,121.534000,31.325100, 28,  0,0
84469,2007-02-20 01:20:33,121.534500,31.326600,  0, 45,0
84469,2007-02-20 01:21:34,121.534500,31.326600,  0, 45,0
84469,2007-02-20 01:23:36,121.534500,31.326600,  0, 45,0
84469,2007-02-20 01:24:37,121.534500,31.326600,  0, 45,0
84469,2007-02-20 01:25:38,121.534500,31.326600,  0, 45,0
84469,2007-02-20 01:26:39,121.534500,31.326600,  0, 45,0
84469,2007-02-20 01:27:40,121.534500,31.326600,  0, 45,0
84469,2007-02-20 01:28:41,121.534500,31.326600,  0, 45,0
84469,2007-02-20 01:29:42,121.534500,31.326600,  0, 45,0
84469,2007-02-20 01:30:43,121.534500,31.326600,  0, 45,0
84469,2007-02-20 01:31:44,121.534500,31.326600,  0, 45,0
84469,2007-02-20 01:33:46,121.534500,31.326600,  0, 45,0
84469,2007-02-20 01:34:47,121.534500,31.326600,  0, 45,0
84469,2007-02-20 01:35:48,121.534500,31.326600,  0, 45,0
84469,2007-02-20 01:36:49,121.534500,31.326600,  0, 45,0
84469,2007-02-20 01:37:50,121.534500,31.326600,  0, 45,0
84469,2007-02-20 01:38:51,121.534500,31.326600,  0, 45,0
84469,2007-02-20 01:39:52,121.534500,31.326600,  0, 45,0
84469,2007-02-20 01:40:53,121.534500,31.326600,  0, 45,0
84469,2007-02-20 01:41:54,121.534500,31.326600,  0, 45,0
84469,2007-02-20 01:42:55,121.534500,31.326600,  0, 45,0
84469,2007-02-20 01:43:56,121.534500,31.326600,  0, 45,0
84469,2007-02-20 01:44:57,121.534500,31.326600,  0, 45,0
84469,2007-02-20 01:45:58,121.534500,31.326600,  0, 45,0
84469,2007-02-20 01:46:59,121.534500,31.326600,  0, 45,0
84469,2007-02-20 01:48:00,121.534500,31.326600,  0, 45,0
84469,2007-02-20 01:49:01,121.534500,31.326600,  0, 45,0
84469,2007-02-20 01:50:02,121.534500,31.326600,  0, 45,0
84469,2007-02-20 01:51:03,121.534500,31.326600,  0, 45,0
84469,2007-02-20 01:52:04,121.534500,31.326600,  0, 45,0
84469,2007-02-20 01:53:05,121.534500,31.326600,  0, 45,0
84469,2007-02-20 01:54:06,121.534500,31.326600,  0, 45,0
84469,2007-02-20 01:55:07,121.534500,31.326600,  0, 45,0
84469,2007-02-20 01:56:08,121.534500,31.326600,  0, 45,0
84469,2007-02-20 01:57:09,121.534500,31.326600,  0, 45,0
84469,2007-02-20 01:58:10,121.534500,31.326600,  0, 45,0
84469,2007-02-20 01:59:11,121.534500,31.326600,  0, 45,0
84469,2007-02-20 02:00:12,121.534500,31.326600,  0, 45,0
84469,2007-02-20 02:01:13,121.534500,31.326600,  0, 45,0
84469,2007-02-20 02:02:14,121.534500,31.326600,  0, 45,0
84469,2007-02-20 02:03:15,121.534500,31.326600,  0, 45,0
84469,2007-02-20 02:04:16,121.534500,31.326600,  0, 45,0
84469,2007-02-20 02:05:17,121.534500,31.326600,  0, 45,0
84469,2007-02-20 02:06:18,121.534500,31.326600,  0, 45,0
84469,2007-02-20 02:07:19,121.534500,31.326600,  0, 45,0
84469,2007-02-20 02:08:20,121.534500,31.326600,  0, 45,0
84469,2007-02-20 02:09:21,121.534500,31.326600,  0, 45,0
84469,2007-02-20 02:10:22,121.534500,31.326600,  0, 45,0
84469,2007-02-20 02:11:23,121.534500,31.326600,  0, 45,0
84469,2007-02-20 02:12:24,121.534500,31.326600,  0, 45,0
84469,2007-02-20 02:13:25,121.534500,31.326600,  0, 45,0
84469,2007-02-20 02:14:26,121.534500,31.326600,  0, 45,0
84469,2007-02-20 02:15:27,121.534500,31.326600,  0, 45,0
84469,2007-02-20 02:16:28,121.534500,31.326600,  0, 45,0
84469,2007-02-20 02:18:30,121.534500,31.326600,  0, 45,0
84469,2007-02-20 02:19:31,121.534500,31.326600,  0, 45,0
84469,2007-02-20 02:21:33,121.534500,31.326600,  0, 45,0
84469,2007-02-20 02:22:34,121.534000,31.325800, 44, 90,0
84469,2007-02-20 02:23:35,121.534000,31.320000, 24,112,0
84469,2007-02-20 02:24:37,121.527600,31.320300, 26,  0,0
84469,2007-02-20 02:25:38,121.530800,31.323500, 38, 45,0
84469,2007-02-20 02:26:39,121.533300,31.323600,  0,135,0
84469,2007-02-20 02:27:39,121.533300,31.323600,  0,135,0
84469,2007-02-20 02:28:40,121.533300,31.323600,  0,135,0
84469,2007-02-20 02:29:41,121.533300,31.323600,  0,135,0
84469,2007-02-20 02:31:44,121.533300,31.323600,  0,135,0
84469,2007-02-20 02:32:44,121.533300,31.323600,  0,135,0
84469,2007-02-20 02:33:45,121.533300,31.323600,  0,135,0
84469,2007-02-20 02:34:47,121.533300,31.323600,  0,135,0
84469,2007-02-20 02:35:48,121.533600,31.323800,  0, 67,0
84469,2007-02-20 02:36:49,121.533300,31.324000,  0, 67,0
84469,2007-02-20 02:37:49,121.533600,31.324000, 10, 45,0
84469,2007-02-20 02:38:51,121.534100,31.320300, 16, 90,0
84469,2007-02-20 02:39:51,121.535800,31.316500, 32, 45,0
84469,2007-02-20 02:40:53,121.535600,31.316600, 40,135,0
84469,2007-02-20 02:41:54,121.534100,31.314600, 40, 90,0
84469,2007-02-20 02:42:54,121.534100,31.310600, 54, 90,0
84469,2007-02-20 02:43:56,121.534600,31.304300, 20, 90,0
84469,2007-02-20 02:44:57,121.532100,31.302600, 24, 22,0
84469,2007-02-20 02:45:57,121.535800,31.305000, 42, 22,0
84469,2007-02-20 02:46:59,121.536600,31.306000,  0,112,0
84469,2007-02-20 02:47:58,121.536600,31.306000,  0,112,0
84469,2007-02-20 02:49:00,121.536600,31.306000,  0,112,0
84469,2007-02-20 02:50:01,121.536600,31.306000,  0,112,0
84469,2007-02-20 02:51:02,121.536600,31.306000,  0,112,0
84469,2007-02-20 02:52:03,121.536600,31.306000,  0,112,0
84469,2007-02-20 02:53:03,121.536600,31.306000,  0,112,0
84469,2007-02-20 02:54:05,121.536600,31.306000,  0,112,0
84469,2007-02-20 02:55:06,121.536600,31.306000,  0,112,0
84469,2007-02-20 02:57:08,121.536600,31.306000,  0,112,0
84469,2007-02-20 02:58:08,121.536600,31.306000,  0,112,0
84469,2007-02-20 02:59:10,121.536600,31.306000,  0,112,0
84469,2007-02-20 03:01:12,121.536600,31.306000,  0,112,0
84469,2007-02-20 03:02:13,121.536600,31.306000,  0,112,0
84469,2007-02-20 03:03:13,121.536600,31.306000,  0,112,0
84469,2007-02-20 03:04:15,121.536600,31.306000,  0,112,0
84469,2007-02-20 03:05:16,121.536600,31.306000,  0,112,0
84469,2007-02-20 03:07:18,121.536600,31.306000,  0,112,0
84469,2007-02-20 03:08:18,121.536600,31.306000,  0,112,0
84469,2007-02-20 03:09:20,121.536600,31.306000,  0,112,0
84469,2007-02-20 03:10:21,121.536600,31.306000,  0,112,0
84469,2007-02-20 03:11:22,121.536600,31.306000,  0,112,0
84469,2007-02-20 03:12:23,121.536600,31.306000,  0,112,0
84469,2007-02-20 03:13:23,121.536600,31.306000,  0,112,0
84469,2007-02-20 03:14:25,121.536600,31.306000,  0,112,0
84469,2007-02-20 03:16:27,121.536600,31.306000,  0,112,0
84469,2007-02-20 03:17:28,121.536600,31.306000,  0,112,0
84469,2007-02-20 03:18:28,121.536600,31.306000,  0,112,0
84469,2007-02-20 03:19:30,121.536600,31.306000,  0,112,0
84469,2007-02-20 03:20:31,121.536600,31.306000,  0,112,0
84469,2007-02-20 03:21:32,121.536600,31.306000,  0,112,0
84469,2007-02-20 03:22:33,121.536600,31.306000,  0,112,0
84469,2007-02-20 03:23:33,121.536600,31.306000,  0,112,0
84469,2007-02-20 03:24:35,121.536600,31.306000,  0,112,0
84469,2007-02-20 03:25:36,121.536600,31.306000,  0,112,0
84469,2007-02-20 03:26:37,121.536600,31.306000,  0,112,0
84469,2007-02-20 03:27:38,121.536600,31.306000,  0,112,0
84469,2007-02-20 03:28:38,121.536600,31.306000,  0,112,0
84469,2007-02-20 03:30:41,121.536600,31.306000,  0,112,0
84469,2007-02-20 03:31:42,121.536600,31.306000,  0,112,0
84469,2007-02-20 03:32:43,121.536600,31.306000,  0,112,0
84469,2007-02-20 03:33:43,121.536600,31.306000,  0,112,0
84469,2007-02-20 03:34:45,121.536600,31.306000,  0,112,0
84469,2007-02-20 03:35:46,121.536600,31.306000,  0,112,0
84469,2007-02-20 03:36:47,121.536600,31.306000,  0,112,0
84469,2007-02-20 03:37:48,121.536600,31.306000,  0,112,0
84469,2007-02-20 03:38:48,121.536600,31.306000,  0,112,0
84469,2007-02-20 03:39:50,121.536600,31.306000,  0,112,0
84469,2007-02-20 03:40:51,121.536600,31.306000,  0,112,0
84469,2007-02-20 03:41:52,121.536600,31.306000,  0,112,0
84469,2007-02-20 03:42:53,121.536600,31.306000,  0,112,0
84469,2007-02-20 03:43:53,121.536600,31.306000,  0,112,0
84469,2007-02-20 03:44:55,121.536600,31.306000,  0,112,0
84469,2007-02-20 03:45:56,121.536600,31.306000,  0,112,0
84469,2007-02-20 03:46:57,121.536600,31.306000,  0,112,0
84469,2007-02-20 03:47:58,121.536600,31.306000,  0,112,0
84469,2007-02-20 03:48:58,121.536600,31.306000,  0,112,0
84469,2007-02-20 03:50:00,121.536600,31.306000,  0,112,0
84469,2007-02-20 03:51:01,121.536600,31.306000,  0,112,0
84469,2007-02-20 03:52:02,121.536600,31.306000,  0,112,0
84469,2007-02-20 03:53:03,121.536600,31.306000,  0,112,0
84469,2007-02-20 03:54:03,121.536600,31.306000,  0,112,0
84469,2007-02-20 03:55:05,121.536600,31.306000,  0,112,0
84469,2007-02-20 03:56:06,121.536600,31.306000,  0,112,0
84469,2007-02-20 03:57:07,121.536600,31.306000,  0,112,0
84469,2007-02-20 03:58:08,121.536600,31.306000,  0,112,0
84469,2007-02-20 03:59:08,121.536600,31.306000,  0,112,0
84469,2007-02-20 04:00:10,121.536600,31.306000,  0,112,0
84469,2007-02-20 04:01:11,121.536600,31.306000,  0,112,0
84469,2007-02-20 04:02:12,121.536600,31.306000,  0,112,0
84469,2007-02-20 04:03:13,121.536600,31.306000,  0,112,0
84469,2007-02-20 04:04:13,121.536600,31.306000,  0,112,0
84469,2007-02-20 04:05:15,121.536600,31.306000,  0,112,0
84469,2007-02-20 04:06:16,121.536600,31.306000,  0,112,0
84469,2007-02-20 04:08:18,121.536600,31.306000,  0,112,0
84469,2007-02-20 04:10:20,121.536600,31.306000,  0,112,0
84469,2007-02-20 04:11:21,121.536600,31.306000,  0,112,0
84469,2007-02-20 04:12:22,121.536600,31.306000,  0,112,0
84469,2007-02-20 04:13:23,121.536600,31.306000,  0,112,0
84469,2007-02-20 04:14:23,121.536600,31.306000,  0,112,0
84469,2007-02-20 04:15:25,121.536600,31.306000,  0,112,0
84469,2007-02-20 04:16:26,121.536600,31.306000,  0,112,0
84469,2007-02-20 04:17:27,121.536600,31.306000,  0,112,0
84469,2007-02-20 04:18:28,121.536600,31.306000,  0,112,0
84469,2007-02-20 04:19:28,121.536600,31.306000,  0,112,0
84469,2007-02-20 04:20:30,121.536600,31.306000,  0,112,0
84469,2007-02-20 04:21:31,121.536600,31.306000,  0,112,0
84469,2007-02-20 04:22:32,121.536600,31.306000,  0,112,0
84469,2007-02-20 04:23:33,121.536600,31.306000,  0,112,0
84469,2007-02-20 04:24:34,121.536600,31.306000,  0,112,0
84469,2007-02-20 04:25:35,121.536600,31.306000,  0,112,0
84469,2007-02-20 04:26:36,121.536600,31.306000,  0,112,0
84469,2007-02-20 04:27:37,121.536600,31.306000,  0,112,0
84469,2007-02-20 04:28:38,121.536600,31.306000,  0,112,0
84469,2007-02-20 04:30:40,121.536600,31.306000,  0,112,0
84469,2007-02-20 04:31:41,121.536600,31.306000,  0,112,0
84469,2007-02-20 04:33:43,121.536600,31.306000,  0,112,0
84469,2007-02-20 04:34:44,121.536600,31.306000,  0,112,0
84469,2007-02-20 04:35:45,121.536600,31.306000,  0,112,0
84469,2007-02-20 04:36:46,121.536600,31.306000,  0,112,0
84469,2007-02-20 04:37:47,121.536600,31.306000,  0,112,0
84469,2007-02-20 04:38:48,121.536600,31.306000,  0,112,0
84469,2007-02-20 04:39:49,121.536600,31.306000,  0,112,0
84469,2007-02-20 04:40:50,121.536600,31.306000,  0,112,0
84469,2007-02-20 04:41:51,121.536600,31.306000,  0,112,0
84469,2007-02-20 04:42:52,121.536600,31.306000,  0,112,0
84469,2007-02-20 04:43:53,121.536600,31.306000,  0,112,0
84469,2007-02-20 04:44:54,121.536600,31.306000,  0,112,0
84469,2007-02-20 04:45:55,121.536600,31.306000,  0,112,0
84469,2007-02-20 04:46:56,121.536600,31.306000,  0,112,0
84469,2007-02-20 04:47:57,121.536600,31.306000,  0,112,0
84469,2007-02-20 04:48:58,121.536600,31.306000,  0,112,0
84469,2007-02-20 04:49:59,121.536600,31.306000,  0,112,0
84469,2007-02-20 04:51:00,121.536600,31.306000,  0,112,0
84469,2007-02-20 04:52:01,121.536600,31.306000,  0,112,0
84469,2007-02-20 04:53:02,121.536800,31.306000,  0,112,0
84469,2007-02-20 04:54:03,121.536800,31.306000,  0,112,0
84469,2007-02-20 04:55:04,121.536800,31.306000,  0,112,0
84469,2007-02-20 04:56:05,121.536800,31.306000,  0,112,0
84469,2007-02-20 04:57:06,121.536800,31.306000,  0,112,0
84469,2007-02-20 04:58:07,121.536800,31.306000,  0,112,0
84469,2007-02-20 04:59:08,121.536600,31.306100,  0,157,0
84469,2007-02-20 05:01:10,121.536600,31.306100,  0,157,0
84469,2007-02-20 05:02:11,121.536600,31.306100,  0,157,0
84469,2007-02-20 05:03:12,121.536600,31.306100,  0,157,0
84469,2007-02-20 05:05:14,121.536600,31.306000,  0,157,0
84469,2007-02-20 05:06:15,121.536600,31.306000,  0,157,0
84469,2007-02-20 05:07:16,121.536600,31.306000,  0,157,0
84469,2007-02-20 05:08:17,121.536600,31.306000,  0,157,0
84469,2007-02-20 05:10:19,121.536600,31.306000,  0,157,0
84469,2007-02-20 05:11:20,121.536600,31.306000,  0,157,0
84469,2007-02-20 05:12:21,121.536600,31.306000,  0,157,0
84469,2007-02-20 05:13:22,121.536600,31.306000,  0,157,0
84469,2007-02-20 05:14:23,121.536600,31.306000,  0,157,0
84469,2007-02-20 05:15:24,121.536600,31.306000,  0,157,0
84469,2007-02-20 05:16:25,121.536600,31.306000,  0,157,0
84469,2007-02-20 05:17:26,121.536600,31.306000,  0,157,0
84469,2007-02-20 05:18:27,121.536600,31.306000,  0,157,0
84469,2007-02-20 05:19:28,121.536600,31.306000,  0,157,0
84469,2007-02-20 05:20:29,121.536600,31.306000,  0,157,0
84469,2007-02-20 05:21:30,121.536600,31.306000,  0,157,0
84469,2007-02-20 05:22:31,121.536600,31.306000,  0,157,0
84469,2007-02-20 05:23:32,121.536600,31.306000,  0,157,0
84469,2007-02-20 05:24:33,121.536600,31.306000,  0,157,0
84469,2007-02-20 05:25:34,121.536600,31.306000,  0,157,0
84469,2007-02-20 05:26:35,121.536600,31.306000,  0,157,0
84469,2007-02-20 05:27:36,121.536600,31.306000,  0,157,0
84469,2007-02-20 05:28:37,121.536600,31.306000,  0,157,0
84469,2007-02-20 05:29:38,121.536600,31.306000,  0,157,0
84469,2007-02-20 05:31:40,121.536600,31.306000,  0,157,0
84469,2007-02-20 05:32:41,121.536600,31.306000,  0,157,0
84469,2007-02-20 05:33:42,121.536600,31.306000,  0,157,0
84469,2007-02-20 05:34:43,121.536600,31.306000,  0,157,0
84469,2007-02-20 05:35:44,121.536600,31.306000,  0,157,0
84469,2007-02-20 05:36:45,121.536600,31.306000,  0,157,0
84469,2007-02-20 05:37:46,121.536600,31.306000,  0,157,0
84469,2007-02-20 05:38:47,121.536600,31.306000,  0,157,0
84469,2007-02-20 05:39:48,121.536600,31.306000,  0,157,0
84469,2007-02-20 05:40:49,121.536600,31.306000,  0,157,0
84469,2007-02-20 05:41:50,121.536600,31.306000,  0,157,0
84469,2007-02-20 05:42:51,121.536600,31.306000,  0,157,0
84469,2007-02-20 05:43:52,121.536600,31.306000,  0,157,0
84469,2007-02-20 05:44:53,121.536600,31.306000,  0,157,0
84469,2007-02-20 05:45:54,121.536600,31.306000,  0,157,0
84469,2007-02-20 05:46:55,121.536600,31.306000,  0,157,0
84469,2007-02-20 05:47:56,121.536600,31.306000,  0,157,0
84469,2007-02-20 05:48:57,121.536600,31.306000,  0,157,0
84469,2007-02-20 05:49:58,121.536600,31.306000,  0,157,0
84469,2007-02-20 05:50:59,121.536600,31.306000,  0,157,0
84469,2007-02-20 05:52:00,121.536600,31.306000,  0,157,0
84469,2007-02-20 05:53:01,121.536600,31.306000,  0,157,0
84469,2007-02-20 05:54:02,121.536600,31.306000,  0,157,0
84469,2007-02-20 05:55:03,121.536500,31.306000, 10,112,0
84469,2007-02-20 05:56:04,121.532300,31.302800, 44,112,0
84469,2007-02-20 05:57:05,121.526800,31.299300, 50,112,0
84469,2007-02-20 05:58:06,121.520600,31.295600, 48,112,0
84469,2007-02-20 05:59:07,121.515100,31.293600,  0,112,0
84469,2007-02-20 06:00:08,121.515100,31.292800, 42, 90,0
84469,2007-02-20 06:01:09,121.516800,31.289000, 44, 90,0
84469,2007-02-20 06:02:10,121.506800,31.287000, 98,135,0
84469,2007-02-20 06:03:11,121.493500,31.288100, 78,112,0
84469,2007-02-20 06:04:12,121.480300,31.288000, 88,135,0
84469,2007-02-20 06:05:13,121.473800,31.278100, 84,112,0
84469,2007-02-20 06:06:14,121.467100,31.268500, 78,112,0
84469,2007-02-20 06:07:15,121.457300,31.263000, 44,135,0
84469,2007-02-20 06:09:17,121.457800,31.248500, 46, 90,0
84469,2007-02-20 06:10:18,121.458300,31.248300, 48,  0,0
84469,2007-02-20 06:11:19,121.461800,31.251300, 32, 45,0
84469,2007-02-20 06:12:20,121.461100,31.300600,  6,  0,0
84469,2007-02-20 06:13:21,121.430600,31.563800,  0,  0,0
84469,2007-02-20 06:14:22,121.430600,31.563800,  0,  0,0
84469,2007-02-20 06:15:23,121.430600,31.563800,  0,  0,0
84469,2007-02-20 06:16:24,121.430600,31.563800,  0,  0,0
84469,2007-02-20 06:17:25,121.430600,31.563800,  0,  0,0
84469,2007-02-20 06:18:26,121.430600,31.563800,  0,  0,0
84469,2007-02-20 06:19:27,121.430600,31.563800,  0,  0,0
84469,2007-02-20 06:20:28,121.313000,31.777800,104, 90,0
84469,2007-02-20 06:21:29,121.311300,31.758800,128, 90,0
84469,2007-02-20 06:22:30,121.308000,31.746100, 90, 90,0
84469,2007-02-20 06:23:31,121.302600,31.740500, 38,112,0
84469,2007-02-20 06:24:32,121.301100,31.740000,  0,112,0
84469,2007-02-20 06:25:33,121.301100,31.740000,  0,112,0
84469,2007-02-20 06:27:35,121.301100,31.740000,  0,112,0
84469,2007-02-20 06:28:36,121.301100,31.740000,  0,112,0
84469,2007-02-20 06:29:37,121.482800,31.285000,  0, 45,0
84469,2007-02-20 06:31:39,121.482800,31.285000,  0, 45,0
84469,2007-02-20 06:32:40,121.482800,31.285000,  0, 45,0
84469,2007-02-20 06:33:41,121.482800,31.285000,  0, 45,0
84469,2007-02-20 06:34:42,121.482800,31.285000,  0, 45,0
84469,2007-02-20 06:35:43,121.482800,31.285000,  0, 45,0
84469,2007-02-20 06:36:44,121.482800,31.285000,  0, 45,0
84469,2007-02-20 06:37:45,121.482800,31.285000,  0, 45,0
84469,2007-02-20 06:39:47,121.482800,31.285000,  0, 45,0
84469,2007-02-20 06:40:48,121.482800,31.285000,  0, 45,0
84469,2007-02-20 06:41:49,121.482800,31.285000,  0, 45,0
84469,2007-02-20 06:42:09,121.482800,31.285000,  0, 45,1
84469,2007-02-20 06:43:10,121.482800,31.285000,  0, 45,1
84469,2007-02-20 06:44:11,121.521800,31.279600,  0, 45,1
84469,2007-02-20 06:45:12,121.522100,31.275800, 50,112,1
84469,2007-02-20 06:46:13,121.518500,31.274000,  0,112,1
84469,2007-02-20 06:47:14,121.515800,31.272500,  0,112,1
84469,2007-02-20 06:48:15,121.513600,31.271100, 72,112,1
84469,2007-02-20 06:49:16,121.509100,31.267000, 90,112,1
84469,2007-02-20 06:50:17,121.504500,31.261600, 54,112,1
84469,2007-02-20 06:51:18,121.500800,31.256600, 48,112,1
84469,2007-02-20 06:52:19,121.496100,31.255000, 38,112,1
84469,2007-02-20 06:53:20,121.489800,31.253500, 46,112,1
84469,2007-02-20 06:54:21,121.485600,31.250300,  0,112,1
84469,2007-02-20 06:55:22,121.485100,31.249800, 26,112,1
84469,2007-02-20 06:56:23,121.485500,31.240000, 68, 90,1
84469,2007-02-20 06:57:24,121.490100,31.232100, 20, 67,1
84469,2007-02-20 06:58:25,121.491300,31.231100, 62, 67,1
84469,2007-02-20 06:59:26,121.498500,31.224300, 34, 67,1
84469,2007-02-20 06:59:33,121.498600,31.223800, 24, 67,0
84469,2007-02-20 07:00:33,121.499100,31.223600, 18,157,0
84469,2007-02-20 07:01:34,121.497500,31.225500, 60,157,0
84469,2007-02-20 07:02:35,121.490000,31.232500, 50,157,0
84469,2007-02-20 07:03:36,121.485800,31.239100, 60,  0,0
84469,2007-02-20 07:04:37,121.486100,31.246800, 46,  0,0
84469,2007-02-20 07:05:38,121.493100,31.249600, 62, 22,0
84469,2007-02-20 07:06:39,121.502300,31.253300, 58, 45,0
84469,2007-02-20 07:07:39,121.509800,31.253100, 26, 22,0
84469,2007-02-20 07:08:40,121.513000,31.253600, 54, 45,0
84469,2007-02-20 07:09:41,121.520600,31.254500,  8, 45,0
84469,2007-02-20 07:10:42,121.528100,31.255100, 22, 45,0
84469,2007-02-20 07:38:22,121.243500,31.626300, 24,112,0
84469,2007-02-20 07:39:23,121.239600,31.625100, 22,135,0
84469,2007-02-20 07:40:24,121.236000,31.624100, 22,135,0
84469,2007-02-20 07:41:25,121.230000,31.622800, 60,112,0
84469,2007-02-20 07:42:26,121.226000,31.622300, 24,135,0
84469,2007-02-20 07:43:27,121.223500,31.620100, 56, 90,0
84469,2007-02-20 07:44:28,121.213600,31.620100, 96,157,0
84469,2007-02-20 07:45:29,121.200100,31.628600, 92,157,0
84469,2007-02-20 07:46:30,121.191800,31.635500, 30,  0,0
84469,2007-02-20 07:47:31,121.191600,31.636600, 12,112,0
84469,2007-02-20 07:48:32,121.186600,31.640500, 32,135,0
84469,2007-02-20 07:50:31,121.162100,31.676600, 62,112,1
84469,2007-02-20 07:51:32,121.151800,31.671600, 68,135,1
84469,2007-02-20 07:52:33,121.134300,31.698100, 70,157,1
84469,2007-02-20 07:53:34,121.147100,31.547300,134, 90,1
84469,2007-02-20 07:54:35,121.150000,31.524500,  0, 90,1
84469,2007-02-20 07:55:36,121.150000,31.524500,  0, 90,1
84469,2007-02-20 07:56:37,121.150000,31.524500,  0, 90,1
84469,2007-02-20 07:57:38,121.150000,31.524500,  0, 90,1
84469,2007-02-20 07:58:39,121.150000,31.524500,  0, 90,1
84469,2007-02-20 07:59:40,121.150000,31.524500,  0, 90,1
84469,2007-02-20 08:00:41,121.150000,31.524500,  0, 90,1
84469,2007-02-20 08:01:42,121.150000,31.524500,  0, 90,1
84469,2007-02-20 08:02:43,121.150000,31.524500,  0, 90,1
84469,2007-02-20 08:03:44,121.150000,31.524500,  0, 90,1
84469,2007-02-20 08:04:45,121.150000,31.524500,  0, 90,1
84469,2007-02-20 08:05:46,121.150000,31.524500,  0, 90,1
84469,2007-02-20 08:06:47,121.150000,31.524500,  0, 90,1
84469,2007-02-20 08:07:39,121.150000,31.524500,  0, 90,0
84469,2007-02-20 08:08:39,121.442100,31.334000,  4,157,0
84469,2007-02-20 08:09:40,121.442500,31.334000,  0,157,0
84469,2007-02-20 08:10:41,121.442500,31.334000, 10, 90,0
84469,2007-02-20 08:11:42,121.444100,31.331800,  0, 67,0
84469,2007-02-20 08:12:43,121.443600,31.332800, 50,157,0
84469,2007-02-20 08:13:44,121.445800,31.336800, 32, 22,0
84469,2007-02-20 08:14:17,121.446600,31.337100, 22, 22,1
84469,2007-02-20 08:15:17,121.452500,31.339600,  0, 45,1
84469,2007-02-20 08:16:18,121.455000,31.340500, 74, 22,1
84469,2007-02-20 08:17:19,121.460500,31.342500,  0, 45,1
84469,2007-02-20 08:18:20,121.461600,31.343000, 46, 45,1
84469,2007-02-20 08:19:21,121.473600,31.347100, 98, 45,1
84469,2007-02-20 08:20:22,121.480800,31.349500, 34, 22,1
84469,2007-02-20 08:21:23,121.486300,31.351500, 52, 22,1
84469,2007-02-20 08:23:25,121.496300,31.355000,  0, 22,1
84469,2007-02-20 08:25:27,121.496300,31.355000,  0, 22,1
84469,2007-02-20 08:26:28,121.496300,31.355000,  0, 22,1
84469,2007-02-20 08:27:29,121.491500,31.367500, 52,  0,1
84469,2007-02-20 08:28:30,121.486600,31.379000,102,157,1
84469,2007-02-20 08:29:31,121.479300,31.390600, 78,157,1
84469,2007-02-20 08:30:32,121.475500,31.397300,  0,157,1
84469,2007-02-20 08:31:33,121.479100,31.399600, 52, 45,1
84469,2007-02-20 08:32:34,121.479800,31.399600,  4, 45,1
84469,2007-02-20 08:33:35,121.484600,31.401300,  0, 45,1
84469,2007-02-20 08:34:36,121.489500,31.402600,  0, 45,1
84469,2007-02-20 08:35:37,121.491300,31.403100, 30, 45,1
84469,2007-02-20 08:36:38,121.495600,31.404300, 20, 45,1
84469,2007-02-20 08:37:39,121.498500,31.404800, 18, 45,1
84469,2007-02-20 08:38:20,121.497500,31.406100,  0,157,0
84469,2007-02-20 08:39:20,121.497500,31.406100,  6,  0,0
84469,2007-02-20 08:40:21,121.495800,31.404500, 40,135,0
84469,2007-02-20 08:41:22,121.490600,31.403000,  0,112,0
84469,2007-02-20 08:43:24,121.485800,31.401600,  0,112,0
84469,2007-02-20 08:44:25,121.480800,31.400300,  4,135,0
84469,2007-02-20 08:45:26,121.475100,31.398500,  0,135,0
84469,2007-02-20 08:46:27,121.477300,31.393500, 74, 67,0
84469,2007-02-20 08:47:28,121.483800,31.383300, 94, 67,0
84469,2007-02-20 08:48:29,121.489500,31.371100, 88, 67,0
84469,2007-02-20 08:49:30,121.493000,31.363100, 42, 90,0
84469,2007-02-20 08:50:31,121.496300,31.355300, 42, 90,0
84469,2007-02-20 08:51:32,121.492500,31.353600,  0,135,0
84469,2007-02-20 08:52:33,121.492800,31.352500, 54, 67,0
84469,2007-02-20 08:53:34,121.497000,31.351500,  0, 45,0
84469,2007-02-20 08:54:35,121.499800,31.351500, 34, 45,0
84469,2007-02-20 08:55:36,121.507600,31.349300, 66, 67,0
84469,2007-02-20 08:56:37,121.517500,31.345100, 72, 67,0
84469,2007-02-20 08:57:38,121.524300,31.342100,  0, 67,0
84469,2007-02-20 08:58:39,121.527100,31.341000,  0, 45,0
84469,2007-02-20 08:59:40,121.527500,31.341100,  0, 90,0
84469,2007-02-20 09:00:27,121.527300,31.341100, 14,135,1
84469,2007-02-20 09:01:27,121.524600,31.341800,  0, 90,1
84469,2007-02-20 09:03:29,121.524600,31.341800,  0, 90,1
84469,2007-02-20 09:04:30,121.524800,31.337800, 48, 90,1
84469,2007-02-20 09:05:31,121.522000,31.330500, 40,112,1
84469,2007-02-20 09:06:32,121.521600,31.325100, 36, 90,1
84469,2007-02-20 09:07:33,121.521600,31.323000, 42, 90,1
84469,2007-02-20 09:08:22,121.523000,31.321800,  0, 67,0
84469,2007-02-20 09:09:23,121.525800,31.322000, 36, 67,0
84469,2007-02-20 09:10:24,121.527500,31.321600, 16,  0,0
84469,2007-02-20 09:11:25,121.527600,31.327600, 58,  0,0
84469,2007-02-20 09:12:26,121.530800,31.330300, 26, 45,0
84469,2007-02-20 09:13:27,121.533300,31.330100,  0, 45,0
84469,2007-02-20 09:14:28,121.538300,31.330000, 38, 45,0
84469,2007-02-20 09:15:29,121.540800,31.329800,  0, 45,0
84469,2007-02-20 09:16:30,121.538500,31.333000, 48,157,0
84469,2007-02-20 09:18:32,121.527300,31.341000,  0,157,0
84469,2007-02-20 09:19:32,121.527000,31.341000, 18,135,1
84469,2007-02-20 09:20:33,121.525000,31.342000,  0,157,1
84469,2007-02-20 09:21:34,121.524800,31.336600, 50, 90,1
84469,2007-02-20 09:22:35,121.523600,31.333000, 44, 90,1
84469,2007-02-20 09:23:36,121.521300,31.327800, 56, 90,1
84469,2007-02-20 09:24:37,121.521600,31.324300, 38, 90,1
84469,2007-02-20 09:25:38,121.521500,31.320600,  0, 90,1
84469,2007-02-20 09:26:39,121.518500,31.319600, 20,112,1
84469,2007-02-20 09:27:40,121.514800,31.314100, 46, 90,1
84469,2007-02-20 09:28:41,121.514800,31.310500,  4, 90,1
84469,2007-02-20 09:29:42,121.514800,31.308000, 36, 90,1
84469,2007-02-20 09:30:43,121.514300,31.302800, 28,112,1
84469,2007-02-20 09:31:10,121.512100,31.302600, 24,135,0
84469,2007-02-20 09:32:10,121.511800,31.303100,  0, 67,0
84469,2007-02-20 09:33:11,121.511800,31.303000,  0, 67,0
84469,2007-02-20 09:34:12,121.509800,31.304600, 42,157,0
84469,2007-02-20 09:36:14,121.514800,31.309500, 10,  0,0
84469,2007-02-20 09:37:15,121.518100,31.311500, 38, 45,0
84469,2007-02-20 09:38:16,121.524000,31.311600, 46, 45,0
84469,2007-02-20 09:39:17,121.527000,31.311500,  0, 45,0
84469,2007-02-20 09:40:18,121.527600,31.313000,  0,  0,0
84469,2007-02-20 09:41:19,121.533000,31.313500, 46, 45,0
84469,2007-02-20 09:42:20,121.535800,31.313500, 42, 45,0
84469,2007-02-20 09:43:21,121.540100,31.313500,  0, 45,0
84469,2007-02-20 09:45:23,121.541100,31.313500,  0, 45,0
84469,2007-02-20 09:46:24,121.542000,31.316600, 30, 45,0
84469,2007-02-20 09:47:25,121.551000,31.317600, 14, 45,0
84469,2007-02-20 09:48:26,121.543600,31.316600, 60,135,0
84469,2007-02-20 09:49:27,121.541000,31.322000, 52,  0,0
84469,2007-02-20 09:50:28,121.542000,31.328600, 54,  0,0
84469,2007-02-20 09:52:30,121.530300,31.339600, 46,157,0
84469,2007-02-20 09:53:31,121.527500,31.341100,  8, 22,0
84469,2007-02-20 09:54:32,121.528000,31.342300,  0,157,0
84469,2007-02-20 09:55:33,121.528000,31.342300,  0,112,0
84469,2007-02-20 09:56:34,121.528000,31.342300,  0,112,0
84469,2007-02-20 09:57:35,121.528000,31.342300,  0,112,0
84469,2007-02-20 09:58:19,121.528000,31.342100, 10, 90,1
84469,2007-02-20 09:59:19,121.525100,31.341800, 36,157,1
84469,2007-02-20 10:01:21,121.522500,31.331000,  0, 90,1
84469,2007-02-20 10:02:22,121.521500,31.325800, 44, 90,1
84469,2007-02-20 10:03:23,121.519000,31.324300, 52,135,1
84469,2007-02-20 10:04:24,121.514600,31.321300,  0,112,1
84469,2007-02-20 10:05:25,121.511600,31.316500, 36,112,1
84469,2007-02-20 10:06:26,121.510800,31.312000, 36, 90,1
84469,2007-02-20 10:07:35,121.510800,31.310600, 14, 90,0
84469,2007-02-20 10:08:36,121.514300,31.310000, 46, 45,0
84469,2007-02-20 10:09:37,121.518100,31.311600, 40, 45,0
84469,2007-02-20 10:10:38,121.523600,31.311600, 50, 45,0
84469,2007-02-20 10:11:39,121.527000,31.311600,  0, 45,0
84469,2007-02-20 10:12:40,121.527500,31.311800, 30,  0,0
84469,2007-02-20 10:13:41,121.531100,31.313500, 42, 45,0
84469,2007-02-20 10:14:42,121.534100,31.310800, 40, 90,0
84469,2007-02-20 10:15:43,121.534300,31.306100, 36, 90,0
84469,2007-02-20 10:16:44,121.536500,31.305800,  4,157,0
84469,2007-02-20 10:17:45,121.536300,31.306100, 10,157,0
84469,2007-02-20 10:18:46,121.535600,31.306500,  4,135,0
84469,2007-02-20 10:19:47,121.535800,31.306500,  0, 67,0
84469,2007-02-20 10:20:48,121.535800,31.306500,  0, 67,0
84469,2007-02-20 10:23:51,121.535800,31.306500,  0, 67,0
84469,2007-02-20 10:24:52,121.535800,31.306500,  0, 67,0
84469,2007-02-20 10:25:53,121.535800,31.306500,  0, 67,0
84469,2007-02-20 10:26:54,121.535800,31.306500,  0, 67,0
84469,2007-02-20 10:27:55,121.535800,31.306500,  0, 67,0
84469,2007-02-20 10:28:56,121.535800,31.306500,  0, 67,0
84469,2007-02-20 10:29:57,121.535800,31.306500,  0, 67,0
84469,2007-02-20 10:30:58,121.535800,31.306500,  0, 67,0
84469,2007-02-20 10:31:59,121.535800,31.306500,  0, 67,0
84469,2007-02-20 10:33:00,121.535800,31.306500,  0, 67,0
84469,2007-02-20 10:34:01,121.535800,31.306500,  0, 67,0
84469,2007-02-20 10:36:03,121.535600,31.306600,  0, 67,0
84469,2007-02-20 10:37:04,121.535600,31.306600,  0, 67,0
84469,2007-02-20 10:38:05,121.535600,31.306600,  0, 67,0
84469,2007-02-20 10:39:06,121.535600,31.306600,  0, 67,0
84469,2007-02-20 10:41:08,121.535500,31.307000,  0, 67,0
84469,2007-02-20 10:42:09,121.535500,31.307000,  0, 67,0
84469,2007-02-20 10:43:10,121.535500,31.306800,  0, 67,0
84469,2007-02-20 10:44:11,121.535500,31.306800,  0, 67,0
84469,2007-02-20 10:44:58,121.535600,31.306800,  0, 67,1
84469,2007-02-20 10:46:59,121.534300,31.308300,  0,  0,1
84469,2007-02-20 10:48:00,121.534300,31.312500, 22,  0,1
84469,2007-02-20 10:49:01,121.534100,31.315000, 32,  0,1
84469,2007-02-20 10:50:02,121.534100,31.318600, 10,  0,1
84469,2007-02-20 10:51:03,121.534300,31.318600,  0, 45,1
84469,2007-02-20 10:52:04,121.534100,31.319500,  6,  0,1
84469,2007-02-20 10:53:05,121.534600,31.320100,  0,135,1
84469,2007-02-20 10:54:06,121.534100,31.317600, 14, 90,1
84469,2007-02-20 10:55:07,121.534100,31.315800,  0, 90,1
84469,2007-02-20 10:56:08,121.537000,31.315500, 22, 22,1
84469,2007-02-20 10:57:09,121.537000,31.316000,  0, 90,1
84469,2007-02-20 10:58:10,121.536800,31.316000,  0,112,1
84469,2007-02-20 11:00:12,121.537000,31.315500,  0, 67,1
84469,2007-02-20 11:01:13,121.537100,31.316000, 12, 67,1
84469,2007-02-20 11:02:14,121.534500,31.316000, 20,135,1
84469,2007-02-20 11:03:15,121.534100,31.313800,  0, 90,1
84469,2007-02-20 11:04:16,121.540300,31.313500, 50, 45,1
84469,2007-02-20 11:05:17,121.537100,31.309600, 86,135,1
84469,2007-02-20 11:06:18,121.522500,31.305500, 80,135,1
84469,2007-02-20 11:07:19,121.508000,31.301100, 90,135,1
84469,2007-02-20 11:08:20,121.494300,31.297000, 82,135,1
84469,2007-02-20 11:09:21,121.480600,31.293000, 74,135,1
84469,2007-02-20 11:10:22,121.466000,31.293100,124,135,1
84469,2007-02-20 11:11:24,121.451600,31.296100, 80,135,1
84469,2007-02-20 11:12:25,121.445300,31.294800, 56, 90,1
84469,2007-02-20 11:13:26,121.447100,31.283500, 96, 90,1
84469,2007-02-20 11:14:27,121.452600,31.270500, 92, 67,1
84469,2007-02-20 11:15:27,121.458000,31.261100, 70, 67,1
84469,2007-02-20 11:16:29,121.458800,31.252000, 58, 90,1
84469,2007-02-20 11:17:30,121.458000,31.243600, 64, 90,1
84469,2007-02-20 11:18:31,121.462000,31.234100, 56, 90,1
84469,2007-02-20 11:20:32,121.455500,31.228600,  0, 90,1
84469,2007-02-20 11:21:34,121.454500,31.228300, 32,135,1
84469,2007-02-20 11:22:35,121.452000,31.226000,  0, 90,1
84469,2007-02-20 11:24:37,121.454100,31.219000, 30, 67,1
84469,2007-02-20 11:25:37,121.456000,31.215500,  0, 67,1
84469,2007-02-20 11:26:39,121.456000,31.215300, 24, 90,1
84469,2007-02-20 11:27:40,121.457100,31.209500, 20, 90,1
84469,2007-02-20 11:28:41,121.459600,31.209300,  6, 45,1
84469,2007-02-20 11:29:42,121.460100,31.207600,  2, 67,1
84469,2007-02-20 11:30:43,121.460300,31.207600,  0, 67,1
84469,2007-02-20 11:31:33,121.460300,31.207600,  0, 67,0
84469,2007-02-20 11:32:33,121.460300,31.207600,  0, 67,0
84469,2007-02-20 11:33:34,121.460300,31.207600,  0, 67,0
84469,2007-02-20 11:34:35,121.460300,31.207600,  0, 67,0
84469,2007-02-20 11:35:35,121.460300,31.207600,  0, 67,0
84469,2007-02-20 11:36:37,121.460300,31.207600,  0, 67,0
84469,2007-02-20 11:38:38,121.460300,31.207600,  0, 67,0
84469,2007-02-20 11:40:40,121.460300,31.207600,  0, 67,0
84469,2007-02-20 11:41:42,121.460300,31.207600,  0, 67,0
84469,2007-02-20 11:43:43,121.460300,31.207600,  0, 67,0
84469,2007-02-20 11:44:44,121.460300,31.207600,  0, 67,0
84469,2007-02-20 11:45:45,121.460300,31.207600,  0, 67,0
84469,2007-02-20 11:46:47,121.460300,31.207600,  0, 67,0
84469,2007-02-20 11:47:47,121.460300,31.207600,  0, 67,0
84469,2007-02-20 11:48:48,121.460300,31.207600,  0, 67,0
84469,2007-02-20 11:49:49,121.460300,31.207600,  0, 67,0
84469,2007-02-20 11:50:50,121.460300,31.207600,  0, 67,0
84469,2007-02-20 11:51:52,121.460300,31.207600,  0, 67,0
84469,2007-02-20 11:52:52,121.460300,31.207600,  0, 67,0
84469,2007-02-20 11:53:53,121.460300,31.207600,  0, 67,0
84469,2007-02-20 11:54:55,121.460100,31.207500,  0, 67,0
84469,2007-02-20 11:55:56,121.460100,31.207500,  0, 67,0
84469,2007-02-20 11:56:56,121.460100,31.206800,  0, 67,0
84469,2007-02-20 11:57:57,121.460100,31.206800,  0, 67,0
84469,2007-02-20 11:58:58,121.460100,31.206800,  0, 67,0
84469,2007-02-20 11:59:59,121.460100,31.206800,  0, 67,0
84469,2007-02-20 12:01:00,121.460100,31.206800,  0, 67,0
84469,2007-02-20 12:02:01,121.460100,31.206800,  0, 67,0
84469,2007-02-20 12:03:02,121.460100,31.206800,  0, 67,0
84469,2007-02-20 12:04:03,121.460100,31.206800,  0, 67,0
84469,2007-02-20 12:05:04,121.460100,31.206800,  0, 67,0
84469,2007-02-20 12:06:05,121.460100,31.206800,  0, 67,0
84469,2007-02-20 12:07:06,121.460100,31.206800,  0, 67,0
84469,2007-02-20 12:08:07,121.460100,31.206800,  0, 67,0
84469,2007-02-20 12:09:08,121.460100,31.206800,  0, 67,0
84469,2007-02-20 12:10:09,121.460100,31.206800,  0, 67,0
84469,2007-02-20 12:11:10,121.460100,31.206800,  0, 67,0
84469,2007-02-20 12:12:11,121.460100,31.206800,  0, 67,0
84469,2007-02-20 12:13:12,121.460100,31.206800,  0, 67,0
84469,2007-02-20 12:14:13,121.460100,31.206800,  0, 67,0
84469,2007-02-20 12:15:14,121.460100,31.206800,  0, 67,0
84469,2007-02-20 12:16:15,121.460100,31.206800,  0, 67,0
84469,2007-02-20 12:17:16,121.460100,31.206800,  0, 67,0
84469,2007-02-20 12:18:17,121.460100,31.206800,  0, 67,0
84469,2007-02-20 12:19:18,121.460100,31.206800,  0, 67,0
84469,2007-02-20 12:21:20,121.460100,31.206800,  0, 67,0
84469,2007-02-20 12:22:22,121.460100,31.206800,  0, 67,0
84469,2007-02-20 12:23:22,121.460100,31.206800,  0, 67,0
84469,2007-02-20 12:24:23,121.460100,31.206800,  0, 67,0
84469,2007-02-20 12:25:24,121.460100,31.206800,  0, 67,0
84469,2007-02-20 12:26:25,121.460100,31.206800,  0, 67,0
84469,2007-02-20 12:27:27,121.460100,31.206800,  0, 67,0
84469,2007-02-20 12:28:27,121.460100,31.206800,  0, 67,0
84469,2007-02-20 12:29:28,121.460100,31.206800,  0, 67,0
84469,2007-02-20 12:30:30,121.460300,31.207800,  0, 67,0
84469,2007-02-20 12:31:31,121.460500,31.208300,  0, 67,0
84469,2007-02-20 12:32:32,121.460300,31.207600,  0, 67,0
84469,2007-02-20 12:33:33,121.460500,31.208300,  0, 67,0
84469,2007-02-20 12:34:34,121.460300,31.207800,  0, 67,0
84469,2007-02-20 12:35:34,121.460300,31.208000,  0, 67,0
84469,2007-02-20 12:36:35,121.460300,31.208000,  0, 67,0
84469,2007-02-20 12:37:37,121.460300,31.208000,  0, 67,0
84469,2007-02-20 12:39:39,121.460300,31.207600,  0, 67,0
84469,2007-02-20 12:40:40,121.460600,31.208100,  0,  0,0
84469,2007-02-20 12:42:42,121.460500,31.208000,  0, 90,0
84469,2007-02-20 12:43:43,121.460500,31.208000,  0, 90,0
84469,2007-02-20 12:44:44,121.460500,31.208100,  0, 90,0
84469,2007-02-20 12:45:45,121.460500,31.208100,  0, 90,0
84469,2007-02-20 12:46:46,121.460500,31.208100,  0, 90,0
84469,2007-02-20 12:47:47,121.460500,31.208100,  0, 90,0
84469,2007-02-20 12:48:48,121.460500,31.208100,  0, 90,0
84469,2007-02-20 12:50:50,121.460500,31.208100,  0, 90,0
84469,2007-02-20 12:51:51,121.460500,31.208100,  0, 90,0
84469,2007-02-20 12:52:52,121.460500,31.208100,  0, 90,0
84469,2007-02-20 12:53:53,121.460500,31.208100,  0, 90,0
84469,2007-02-20 12:55:55,121.460100,31.207300,  0, 90,0
84469,2007-02-20 12:56:56,121.460100,31.207300,  0, 90,0
84469,2007-02-20 12:57:57,121.460100,31.207300,  0, 90,0
84469,2007-02-20 12:58:58,121.460100,31.207300,  0, 90,0
84469,2007-02-20 12:59:59,121.460100,31.207300,  0, 90,0
84469,2007-02-20 13:01:00,121.460100,31.207300,  0, 90,0
84469,2007-02-20 13:02:01,121.460100,31.207300,  0, 90,0
84469,2007-02-20 13:03:02,121.460100,31.207300,  0, 90,0
84469,2007-02-20 13:04:03,121.460100,31.207300,  0, 90,0
84469,2007-02-20 13:05:04,121.460300,31.207800,  0,  0,0
84469,2007-02-20 13:06:05,121.459800,31.208000,  0,  0,0
84469,2007-02-20 13:07:06,121.459800,31.208000,  0,  0,0
84469,2007-02-20 13:08:07,121.459800,31.208000,  0,  0,0
84469,2007-02-20 13:09:08,121.459800,31.208000,  0,  0,0
84469,2007-02-20 13:10:09,121.459800,31.208000,  0,  0,0
84469,2007-02-20 13:12:11,121.459800,31.208000,  0,  0,0
84469,2007-02-20 13:13:12,121.459800,31.208000,  0,  0,0
84469,2007-02-20 13:14:13,121.459800,31.208000,  0,  0,0
84469,2007-02-20 13:15:14,121.460100,31.204800, 34, 90,0
84469,2007-02-20 13:16:14,121.460000,31.202600,  0, 90,0
84469,2007-02-20 13:17:15,121.460000,31.202600,  0, 90,0
84469,2007-02-20 13:18:17,121.460300,31.206500,  0, 90,0
84469,2007-02-20 13:19:18,121.460600,31.207600,  0, 90,0
84469,2007-02-20 13:20:19,121.460600,31.207600,  0, 90,0
84469,2007-02-20 13:21:20,121.460600,31.207600,  0, 90,0
84469,2007-02-20 13:22:21,121.460600,31.207600,  0, 90,0
84469,2007-02-20 13:23:22,121.460600,31.207600,  0, 90,0
84469,2007-02-20 13:24:23,121.460600,31.208300,  0, 90,0
84469,2007-02-20 13:25:24,121.460600,31.208300,  0, 90,0
84469,2007-02-20 13:26:25,121.460500,31.208300,  0, 90,0
84469,2007-02-20 13:27:26,121.460500,31.208300,  0, 90,0
84469,2007-02-20 13:28:27,121.460500,31.208300,  0, 90,0
84469,2007-02-20 13:29:28,121.460500,31.208300,  0, 22,0
84469,2007-02-20 13:30:29,121.460300,31.208300,  0, 22,0
84469,2007-02-20 13:31:30,121.460300,31.208300,  0, 22,0
84469,2007-02-20 13:32:31,121.460300,31.208300,  0, 22,0
84469,2007-02-20 13:33:32,121.460600,31.208500,  0, 22,0
84469,2007-02-20 13:34:33,121.460600,31.208500,  0, 22,0
84469,2007-02-20 13:35:34,121.460600,31.208500,  0, 22,0
84469,2007-02-20 13:36:35,121.460500,31.208800,  0,  0,0
84469,2007-02-20 13:37:36,121.460000,31.209600,  4, 67,0
84469,2007-02-20 13:40:39,121.460600,31.208600,  0, 67,0
84469,2007-02-20 13:41:40,121.460600,31.208600,  0, 67,0
84469,2007-02-20 13:42:41,121.460600,31.208600,  0, 67,0
84469,2007-02-20 13:43:42,121.460600,31.208600,  0, 67,0
84469,2007-02-20 13:44:43,121.460600,31.208600,  0, 67,0
84469,2007-02-20 13:45:44,121.460600,31.208600,  0, 67,0
84469,2007-02-20 13:46:45,121.460600,31.208600,  0, 67,0
84469,2007-02-20 13:47:46,121.460600,31.208600,  0, 67,0
84469,2007-02-20 13:48:47,121.460600,31.208600,  0, 67,0
84469,2007-02-20 13:50:49,121.460600,31.208600,  0, 67,0
84469,2007-02-20 13:52:51,121.460600,31.208600,  0, 67,0
84469,2007-02-20 13:53:52,121.460600,31.208600,  0, 67,0
84469,2007-02-20 13:54:53,121.460600,31.208600,  0, 67,0
84469,2007-02-20 13:55:54,121.460600,31.208600,  0, 67,0
84469,2007-02-20 13:57:56,121.460600,31.208600,  0, 67,0
84469,2007-02-20 13:58:57,121.460600,31.208600,  0, 67,0
84469,2007-02-20 13:59:58,121.460600,31.208600,  0, 67,0
84469,2007-02-20 14:00:59,121.460600,31.208600,  0, 67,0
84469,2007-02-20 14:02:00,121.460600,31.208600,  0, 67,0
84469,2007-02-20 14:03:01,121.460600,31.208600,  0, 67,0
84469,2007-02-20 14:04:02,121.460600,31.208600,  0, 67,0
84469,2007-02-20 14:05:03,121.460600,31.208600,  0, 67,0
84469,2007-02-20 14:07:05,121.460600,31.208600,  0, 67,0
84469,2007-02-20 14:08:06,121.460600,31.208600,  0, 67,0
84469,2007-02-20 14:09:07,121.460600,31.208600,  0, 67,0
84469,2007-02-20 14:10:08,121.460600,31.208600,  0, 67,0
84469,2007-02-20 14:11:09,121.460600,31.208600,  0, 67,0
84469,2007-02-20 14:12:10,121.460600,31.208600,  0, 67,0
84469,2007-02-20 14:13:11,121.460600,31.208600,  0, 67,0
84469,2007-02-20 14:14:12,121.460600,31.208600,  0, 67,0
84469,2007-02-20 14:15:13,121.460600,31.208600,  0, 67,0
84469,2007-02-20 14:16:14,121.460600,31.208600,  0, 67,0
84469,2007-02-20 14:17:15,121.460600,31.208600,  0, 67,0
84469,2007-02-20 14:18:16,121.460600,31.208600,  0, 67,0
84469,2007-02-20 14:19:17,121.460600,31.208600,  0, 67,0
84469,2007-02-20 14:20:18,121.460600,31.208600,  0, 67,0
84469,2007-02-20 14:21:19,121.460600,31.208600,  0, 67,0
84469,2007-02-20 14:22:20,121.460600,31.208600,  0, 67,0
84469,2007-02-20 14:23:21,121.460600,31.208600,  0, 67,0
84469,2007-02-20 14:24:22,121.460600,31.208600,  0, 67,0
84469,2007-02-20 14:25:23,121.460600,31.208600,  0, 67,0
84469,2007-02-20 14:26:24,121.460600,31.208600,  0, 67,0
84469,2007-02-20 14:27:25,121.460600,31.208600,  0, 67,0
84469,2007-02-20 14:28:26,121.460600,31.208600,  0, 67,0
84469,2007-02-20 14:29:27,121.460600,31.208600,  0, 67,0
84469,2007-02-20 14:30:28,121.460100,31.208000,  0, 67,0
84469,2007-02-20 14:31:29,121.460300,31.207100,  0, 67,0
84469,2007-02-20 14:32:30,121.460300,31.207100,  0, 67,0
84469,2007-02-20 14:33:31,121.460300,31.207100,  0, 67,0
84469,2007-02-20 14:34:32,121.460300,31.207100,  0, 67,0
84469,2007-02-20 14:35:33,121.460300,31.207100,  0, 67,0
84469,2007-02-20 14:36:34,121.460300,31.207100,  0, 67,0
84469,2007-02-20 14:37:35,121.460300,31.207100,  0, 67,0
84469,2007-02-20 14:38:36,121.460500,31.207800,  0, 67,0
84469,2007-02-20 14:39:37,121.460500,31.207800,  0, 67,0
84469,2007-02-20 14:40:38,121.460500,31.207800,  0, 67,0
84469,2007-02-20 14:41:39,121.460500,31.207800,  0, 67,0
84469,2007-02-20 14:42:40,121.460500,31.207800,  0, 67,0
84469,2007-02-20 14:43:41,121.460500,31.207800,  0, 67,0
84469,2007-02-20 14:44:42,121.460500,31.207800,  0, 67,0
84469,2007-02-20 14:45:43,121.460500,31.207800,  0, 67,0
84469,2007-02-20 14:46:44,121.460500,31.207800,  0, 67,0
84469,2007-02-20 14:47:45,121.460500,31.207800,  0, 67,0
84469,2007-02-20 14:48:46,121.460500,31.207800,  0, 67,0
84469,2007-02-20 14:49:47,121.460500,31.207800,  0, 67,0
84469,2007-02-20 14:50:48,121.460500,31.207800,  0, 67,0
84469,2007-02-20 14:51:49,121.460500,31.208000,  0, 67,0
84469,2007-02-20 14:52:50,121.460500,31.208000,  0, 67,0
84469,2007-02-20 14:53:51,121.460500,31.208000,  0, 67,0
84469,2007-02-20 14:54:52,121.460500,31.208000,  0, 67,0
84469,2007-02-20 14:55:53,121.460100,31.207000,  0, 90,0
84469,2007-02-20 14:56:54,121.460100,31.207000,  0, 90,0
84469,2007-02-20 14:57:55,121.460100,31.207000,  0, 90,0
84469,2007-02-20 14:58:56,121.460300,31.207500,  0, 90,0
84469,2007-02-20 14:59:57,121.460300,31.207500,  0, 90,0
84469,2007-02-20 15:00:58,121.460300,31.207500,  0, 90,0
84469,2007-02-20 15:01:59,121.460300,31.207300,  0, 90,0
84469,2007-02-20 15:03:00,121.460300,31.207300,  0, 90,0
84469,2007-02-20 15:04:01,121.460300,31.207300,  0, 90,0
84469,2007-02-20 15:06:03,121.460300,31.207300,  0, 90,0
84469,2007-02-20 15:07:04,121.460300,31.207300,  0, 90,0
84469,2007-02-20 15:08:05,121.460300,31.207300,  0, 90,0
84469,2007-02-20 15:09:06,121.460300,31.207300,  0, 90,0
84469,2007-02-20 15:10:07,121.460300,31.207300,  0, 90,0
84469,2007-02-20 15:11:08,121.460300,31.207300,  0, 90,0
84469,2007-02-20 15:12:09,121.460300,31.207300,  0, 90,0
84469,2007-02-20 15:13:10,121.460300,31.207600,  0, 90,0
84469,2007-02-20 15:14:11,121.460300,31.207600,  0, 90,0
84469,2007-02-20 15:15:12,121.460100,31.207100,  0,112,0
84469,2007-02-20 15:16:13,121.460100,31.207100,  0,112,0
84469,2007-02-20 15:17:14,121.460500,31.208100,  0, 22,0
84469,2007-02-20 15:18:15,121.460600,31.208300,  0, 22,0
84469,2007-02-20 15:19:16,121.460600,31.208300,  0, 22,0
84469,2007-02-20 15:20:17,121.460600,31.208300,  0, 22,0
84469,2007-02-20 15:21:18,121.460500,31.208100,  0,112,0
84469,2007-02-20 15:22:19,121.460100,31.207500,  0, 22,0
84469,2007-02-20 15:23:20,121.460100,31.207500,  0, 22,0
84469,2007-02-20 15:24:21,121.460100,31.207500,  0, 22,0
84469,2007-02-20 15:26:23,121.460100,31.207500,  0, 22,0
84469,2007-02-20 15:27:24,121.460100,31.207500,  0, 22,0
84469,2007-02-20 15:28:25,121.460100,31.207500,  0, 22,0
84469,2007-02-20 15:29:26,121.460100,31.207500,  0, 22,0
84469,2007-02-20 15:30:27,121.460100,31.207500,  0, 22,0
84469,2007-02-20 15:31:28,121.460100,31.207500,  0, 22,0
84469,2007-02-20 15:32:29,121.459800,31.206800,  0, 22,0
84469,2007-02-20 15:33:30,121.460000,31.207300,  0, 22,0
84469,2007-02-20 15:34:31,121.460000,31.207300,  0, 22,0
84469,2007-02-20 15:35:32,121.460300,31.207800,  0, 22,0
84469,2007-02-20 15:36:33,121.460300,31.207800,  0, 22,0
84469,2007-02-20 15:37:34,121.460300,31.207800,  0, 22,0
84469,2007-02-20 15:38:35,121.460300,31.207800,  0, 22,0
84469,2007-02-20 15:39:36,121.460300,31.207800,  0, 22,0
84469,2007-02-20 15:40:37,121.460300,31.207800,  0, 22,0
84469,2007-02-20 15:41:38,121.460300,31.207800,  0, 22,0
84469,2007-02-20 15:42:39,121.460300,31.207800,  0, 22,0
84469,2007-02-20 15:43:40,121.460300,31.208000,  0, 22,0
84469,2007-02-20 15:44:41,121.460300,31.208000,  0, 22,0
84469,2007-02-20 15:45:42,121.460300,31.208000,  0, 22,0
84469,2007-02-20 15:46:43,121.460300,31.208000,  0, 22,0
84469,2007-02-20 15:47:44,121.460300,31.208000,  0, 22,0
84469,2007-02-20 15:48:45,121.460300,31.208000,  0, 22,0
84469,2007-02-20 15:49:46,121.460300,31.208000,  0, 22,0
84469,2007-02-20 15:50:47,121.460300,31.208000,  0, 22,0
84469,2007-02-20 15:51:48,121.460300,31.208000,  0, 22,0
84469,2007-02-20 15:52:49,121.460300,31.208000,  0, 22,0
84469,2007-02-20 15:53:49,121.460300,31.207800,  0, 22,0
84469,2007-02-20 15:54:50,121.460300,31.207800,  0, 22,0
84469,2007-02-20 15:55:51,121.460300,31.207800,  0, 22,0
84469,2007-02-20 15:56:52,121.460300,31.207800,  0, 22,0
84469,2007-02-20 15:57:53,121.460300,31.207800,  0, 22,0
84469,2007-02-20 15:58:54,121.460600,31.208100,  0, 22,0
84469,2007-02-20 15:59:55,121.460600,31.208100,  0, 22,0
84469,2007-02-20 16:00:56,121.460600,31.208100,  0, 22,0
84469,2007-02-20 16:01:57,121.460500,31.208000,  0, 22,0
84469,2007-02-20 16:02:58,121.460500,31.208000,  0, 22,0
84469,2007-02-20 16:03:59,121.460500,31.208000,  0, 22,0
84469,2007-02-20 16:05:00,121.460500,31.208000,  0, 22,0
84469,2007-02-20 16:06:01,121.460500,31.207800,  0, 22,0
84469,2007-02-20 16:07:02,121.460500,31.207800,  0, 22,0
84469,2007-02-20 16:08:03,121.460500,31.207800,  0, 22,0
84469,2007-02-20 16:09:04,121.460500,31.207800,  0, 22,0
84469,2007-02-20 16:10:05,121.460500,31.207800,  0, 22,0
84469,2007-02-20 16:11:06,121.460500,31.207800,  0, 22,0
84469,2007-02-20 16:12:07,121.460500,31.208000,  0, 22,0
84469,2007-02-20 16:14:09,121.460500,31.208000,  0, 22,0
84469,2007-02-20 16:18:13,121.460500,31.207600,  0, 22,0
84469,2007-02-20 16:19:14,121.460500,31.207600,  0, 22,0
84469,2007-02-20 16:20:15,121.460500,31.207600,  0, 22,0
84469,2007-02-20 16:21:16,121.460500,31.207600,  0, 22,0
84469,2007-02-20 16:22:17,121.460300,31.207600,  0, 22,0
84469,2007-02-20 16:24:19,121.460300,31.207800,  0, 22,0
84469,2007-02-20 16:25:20,121.460300,31.207800,  0, 22,0
84469,2007-02-20 16:26:21,121.460100,31.207600,  0, 22,0
84469,2007-02-20 16:27:22,121.460000,31.207800,  0, 22,0
84469,2007-02-20 16:28:23,121.460000,31.207800,  0, 22,0
84469,2007-02-20 16:29:24,121.460000,31.207800,  0, 22,0
84469,2007-02-20 16:30:25,121.460000,31.207800,  0, 22,0
84469,2007-02-20 16:31:26,121.460000,31.207800,  0, 22,0
84469,2007-02-20 16:32:27,121.460100,31.207600,  0, 22,0
84469,2007-02-20 16:33:28,121.460100,31.207600,  0, 22,0
84469,2007-02-20 16:34:29,121.460100,31.207600,  0, 22,0
84469,2007-02-20 16:35:30,121.460100,31.207600,  0, 22,0
84469,2007-02-20 16:36:31,121.460100,31.207600,  0, 22,0
84469,2007-02-20 16:37:32,121.460100,31.207600,  0, 22,0
84469,2007-02-20 16:38:33,121.460100,31.207600,  0, 22,0
84469,2007-02-20 16:39:34,121.460300,31.207800,  0, 22,0
84469,2007-02-20 16:40:35,121.460300,31.207800,  0, 22,0
84469,2007-02-20 16:41:36,121.460300,31.207800,  0, 22,0
84469,2007-02-20 16:42:37,121.460300,31.207800,  0, 22,0
84469,2007-02-20 16:43:38,121.460300,31.207500,  0, 90,0
84469,2007-02-20 16:44:39,121.460300,31.207500,  0, 90,0
84469,2007-02-20 16:45:40,121.460300,31.207500,  0, 90,0
84469,2007-02-20 16:46:41,121.460300,31.207500,  0, 90,0
84469,2007-02-20 16:47:42,121.460300,31.207500,  0, 90,0
84469,2007-02-20 16:48:43,121.460300,31.207500,  0, 90,0
84469,2007-02-20 16:49:44,121.460300,31.207500,  0, 90,0
84469,2007-02-20 16:50:45,121.460300,31.207500,  0, 90,0
84469,2007-02-20 16:51:46,121.460300,31.207500,  0, 90,0
84469,2007-02-20 16:53:48,121.460600,31.207300,  0, 90,0
84469,2007-02-20 16:54:49,121.460600,31.207300,  0, 90,0
84469,2007-02-20 16:55:50,121.460800,31.207100,  0, 90,0
84469,2007-02-20 16:56:51,121.460500,31.207300,  0, 90,0
84469,2007-02-20 16:57:52,121.460500,31.207300,  0, 90,0
84469,2007-02-20 16:58:53,121.460500,31.207500,  0, 90,0
84469,2007-02-20 16:59:54,121.460500,31.207500,  0, 90,0
84469,2007-02-20 17:00:55,121.460500,31.207500,  0, 90,0
84469,2007-02-20 17:01:56,121.460500,31.207500,  0, 90,0
84469,2007-02-20 17:02:57,121.460300,31.207500,  0, 90,0
84469,2007-02-20 17:03:58,121.460300,31.207500,  0, 90,0
84469,2007-02-20 17:04:59,121.460500,31.207300,  0, 90,0
84469,2007-02-20 17:06:00,121.460500,31.207300,  0, 90,0
84469,2007-02-20 17:08:02,121.460500,31.207100,  0, 90,0
84469,2007-02-20 17:09:03,121.460300,31.207500,  0, 90,0
84469,2007-02-20 17:10:04,121.460800,31.206800,  4, 67,0
84469,2007-02-20 17:11:05,121.460500,31.207100,  0, 67,0
84469,2007-02-20 17:13:07,121.460000,31.207800,  0,157,0
84469,2007-02-20 17:14:08,121.460000,31.207800,  0,157,0
84469,2007-02-20 17:15:09,121.460000,31.207800,  0,157,0
84469,2007-02-20 17:16:10,121.460000,31.207800,  0,157,0
84469,2007-02-20 17:17:11,121.460000,31.207800,  0,157,0
84469,2007-02-20 17:18:12,121.460100,31.207800,  0,157,0
84469,2007-02-20 17:19:13,121.460100,31.207600,  4, 67,0
84469,2007-02-20 17:20:14,121.461300,31.206600,  0, 67,0
84469,2007-02-20 17:21:15,121.461300,31.206600,  0, 67,0
84469,2007-02-20 17:22:16,121.461300,31.206600,  0, 67,0
84469,2007-02-20 17:23:17,121.461300,31.206600,  0, 67,0
84469,2007-02-20 17:24:18,121.461300,31.206600,  0, 67,0
84469,2007-02-20 17:26:20,121.460500,31.207100,  0,157,0
84469,2007-02-20 17:27:21,121.460800,31.207100,  0,157,0
84469,2007-02-20 17:28:22,121.460500,31.207300,  0,157,0
84469,2007-02-20 17:29:23,121.460500,31.207500,  0,157,0
84469,2007-02-20 17:30:24,121.460500,31.207500,  0,157,0
84469,2007-02-20 17:31:25,121.460500,31.207500,  0,157,0
84469,2007-02-20 17:32:26,121.460500,31.207500,  0,157,0
84469,2007-02-20 17:33:27,121.460500,31.207500,  0,157,0
84469,2007-02-20 17:34:28,121.460500,31.207500,  0,157,0
84469,2007-02-20 17:35:29,121.459800,31.207600,  0,157,0
84469,2007-02-20 17:36:30,121.459800,31.207600,  0,157,0
84469,2007-02-20 17:37:31,121.459800,31.207600,  0,157,0
84469,2007-02-20 17:38:32,121.460000,31.207600,  0,157,0
84469,2007-02-20 17:40:34,121.460000,31.207600,  0,157,0
84469,2007-02-20 17:41:35,121.460000,31.207500,  0,157,0
84469,2007-02-20 17:42:36,121.460000,31.207500,  0,157,0
84469,2007-02-20 17:43:37,121.460100,31.207500,  0,157,0
84469,2007-02-20 17:44:38,121.460100,31.207500,  0,157,0
84469,2007-02-20 17:45:39,121.460100,31.207500,  0,157,0
84469,2007-02-20 17:46:40,121.460100,31.207500,  0,157,0
84469,2007-02-20 17:47:41,121.460100,31.207500,  0,157,0
84469,2007-02-20 17:48:42,121.460100,31.207500,  0,157,0
84469,2007-02-20 17:49:43,121.460100,31.207500,  0,157,0
84469,2007-02-20 17:50:44,121.460300,31.207500,  0,157,0
84469,2007-02-20 17:51:45,121.460500,31.207300,  0,157,0
84469,2007-02-20 17:52:46,121.460500,31.207300,  0,157,0
84469,2007-02-20 17:53:47,121.460500,31.207300,  0,157,0
84469,2007-02-20 17:54:48,121.460500,31.207300,  0,157,0
84469,2007-02-20 17:55:49,121.460500,31.207300,  0,157,0
84469,2007-02-20 17:56:50,121.460500,31.207300,  0,157,0
84469,2007-02-20 17:57:51,121.460500,31.207300,  0,157,0
84469,2007-02-20 17:58:52,121.460500,31.207300,  0,157,0
84469,2007-02-20 18:00:54,121.460500,31.207300,  0,157,0
84469,2007-02-20 18:01:55,121.460500,31.207300,  0,157,0
84469,2007-02-20 18:02:56,121.460300,31.207300,  0,157,0
84469,2007-02-20 18:03:57,121.460300,31.207300,  0,157,0
84469,2007-02-20 18:04:58,121.460300,31.207500,  0,157,0
84469,2007-02-20 18:05:59,121.460300,31.207500,  0,157,0
84469,2007-02-20 18:07:00,121.460100,31.208500,  0,  0,0
84469,2007-02-20 18:08:01,121.460100,31.208000,  0, 90,0
84469,2007-02-20 18:09:02,121.460100,31.208000,  0, 90,0
84469,2007-02-20 18:10:03,121.460100,31.208000,  0, 90,0
84469,2007-02-20 18:11:04,121.460100,31.208000,  0, 90,0
84469,2007-02-20 18:12:05,121.460100,31.208000,  0, 90,0
84469,2007-02-20 18:13:06,121.460100,31.208000,  0, 90,0
84469,2007-02-20 18:14:07,121.460100,31.208000,  0, 90,0
84469,2007-02-20 18:15:08,121.460100,31.208000,  0, 90,0
84469,2007-02-20 18:16:09,121.460100,31.208000,  0, 90,0
84469,2007-02-20 18:17:10,121.460100,31.208000,  0, 90,0
84469,2007-02-20 18:18:11,121.460100,31.208000,  0, 90,0
84469,2007-02-20 18:19:12,121.460100,31.208000,  0, 90,0
84469,2007-02-20 18:20:13,121.460100,31.208000,  0, 90,0
84469,2007-02-20 18:21:14,121.460100,31.208000,  0, 90,0
84469,2007-02-20 18:22:15,121.460100,31.208000,  0, 90,0
84469,2007-02-20 18:24:17,121.460300,31.208100,  0, 90,0
84469,2007-02-20 18:25:18,121.460300,31.208100,  0, 90,0
84469,2007-02-20 18:26:19,121.460300,31.208100,  0, 90,0
84469,2007-02-20 18:28:21,121.460300,31.208100,  0, 90,0
84469,2007-02-20 18:29:22,121.460300,31.208100,  0, 90,0
84469,2007-02-20 18:30:23,121.460300,31.208100,  0, 90,0
84469,2007-02-20 18:32:25,121.459800,31.207600, 20,112,0
84469,2007-02-20 18:33:26,121.460300,31.208000,  0,112,0
84469,2007-02-20 18:34:27,121.460300,31.207800,  0,112,0
84469,2007-02-20 18:35:28,121.460600,31.208100, 14, 22,0
84469,2007-02-20 18:37:30,121.460000,31.207800,  0,112,0
84469,2007-02-20 18:39:32,121.460100,31.207800,  0,112,0
84469,2007-02-20 18:40:33,121.460100,31.207800,  0,112,0
84469,2007-02-20 18:41:34,121.460100,31.207800,  0,112,0
84469,2007-02-20 18:42:35,121.460100,31.207800,  0,112,0
84469,2007-02-20 18:43:36,121.460100,31.207800,  0,112,0
84469,2007-02-20 18:44:37,121.460100,31.207800,  0,112,0
84469,2007-02-20 18:45:38,121.460100,31.207800,  0,112,0
84469,2007-02-20 18:46:39,121.460100,31.207800,  0,112,0
84469,2007-02-20 18:47:40,121.460100,31.207800,  0,112,0
84469,2007-02-20 19:00:53,121.460100,31.208100,  0, 22,0
84469,2007-02-20 19:14:06,121.460100,31.208100,  0, 22,0
84469,2007-02-20 19:16:08,121.458600,31.207800,  0, 22,0
84469,2007-02-20 19:42:34,121.459100,31.208000,  0, 22,0
84469,2007-02-20 19:43:35,121.459100,31.208000,  0, 22,0
84469,2007-02-20 19:44:36,121.459100,31.208000,  0, 22,0
84469,2007-02-20 19:46:38,121.459100,31.208000,  0, 22,0
84469,2007-02-20 19:47:39,121.459100,31.208000,  0, 22,0
84469,2007-02-20 19:48:40,121.459100,31.208000,  0, 22,0
84469,2007-02-20 19:49:41,121.459100,31.208000,  0, 22,0
84469,2007-02-20 19:50:42,121.459100,31.208000,  0, 22,0
84469,2007-02-20 19:51:43,121.459100,31.208000,  0, 22,0
84469,2007-02-20 19:52:44,121.459100,31.208000,  0, 22,0
84469,2007-02-20 19:53:45,121.459100,31.208000,  0, 22,0
84469,2007-02-20 19:55:47,121.459100,31.208000,  0, 22,0
84469,2007-02-20 19:56:48,121.459100,31.208000,  0, 22,0
84469,2007-02-20 19:57:49,121.459100,31.208000,  0, 22,0
84469,2007-02-20 19:58:50,121.459100,31.208000,  0, 22,0
84469,2007-02-20 19:59:51,121.459100,31.208000,  0, 22,0
84469,2007-02-20 20:01:52,121.459100,31.208000,  0, 22,0
84469,2007-02-20 20:02:53,121.459100,31.208000,  0, 22,0
84469,2007-02-20 20:03:54,121.459100,31.208000,  0, 22,0
84469,2007-02-20 20:04:55,121.459100,31.208000,  0, 22,0
84469,2007-02-20 20:05:56,121.459100,31.208000,  0, 22,0
84469,2007-02-20 20:06:57,121.459100,31.208000,  0, 22,0
84469,2007-02-20 20:07:58,121.459100,31.208000,  0, 22,0
84469,2007-02-20 20:08:59,121.459100,31.208000,  0, 22,0
84469,2007-02-20 20:10:00,121.459100,31.208000,  0, 22,0
84469,2007-02-20 20:11:01,121.459100,31.208000,  0, 22,0
84469,2007-02-20 20:12:02,121.459100,31.208000,  0, 22,0
84469,2007-02-20 20:13:03,121.459100,31.208000,  0, 22,0
84469,2007-02-20 20:14:04,121.459100,31.208000,  0, 22,0
84469,2007-02-20 20:15:05,121.459100,31.208000,  0, 22,0
84469,2007-02-20 20:16:06,121.459100,31.208000,  0, 22,0
84469,2007-02-20 20:17:07,121.459100,31.208000,  0, 22,0
84469,2007-02-20 20:19:09,121.459100,31.208000,  0, 22,0
84469,2007-02-20 20:20:10,121.459100,31.208000,  0, 22,0
84469,2007-02-20 20:21:11,121.459100,31.208000,  0, 22,0
84469,2007-02-20 20:22:12,121.459100,31.208000,  0, 22,0
84469,2007-02-20 20:23:13,121.459100,31.208000,  0, 22,0
84469,2007-02-20 20:24:14,121.459100,31.208000,  0, 22,0
84469,2007-02-20 20:25:15,121.459100,31.208000,  0, 22,0
84469,2007-02-20 20:26:17,121.459600,31.207300,  0, 22,0
84469,2007-02-20 20:27:18,121.459600,31.207300,  0, 22,0
84469,2007-02-20 20:29:19,121.459600,31.207300,  0, 22,0
84469,2007-02-20 20:30:20,121.459600,31.207300,  0, 22,0
84469,2007-02-20 20:31:21,121.459600,31.207300,  0, 22,0
84469,2007-02-20 20:32:22,121.459600,31.207300,  0, 22,0
84469,2007-02-20 20:33:23,121.459600,31.207300,  0, 22,0
84469,2007-02-20 20:34:25,121.460300,31.208500,  0, 22,0
84469,2007-02-20 20:35:25,121.460300,31.207600,  0, 22,0
84469,2007-02-20 20:36:26,121.460300,31.207600,  0, 22,0
84469,2007-02-20 20:37:27,121.460300,31.207600,  0, 22,0
84469,2007-02-20 20:38:28,121.460300,31.207600,  0, 22,0
84469,2007-02-20 20:39:30,121.460300,31.207300,  0, 22,0
84469,2007-02-20 20:40:31,121.460500,31.207300,  0, 67,0
84469,2007-02-20 20:41:32,121.460100,31.207100,  0, 67,0
84469,2007-02-20 20:42:33,121.460300,31.207100,  0, 67,0
84469,2007-02-20 20:43:34,121.460300,31.207100,  0, 67,0
84469,2007-02-20 20:44:35,121.460500,31.207600,  0, 67,0
84469,2007-02-20 20:45:36,121.460500,31.207600,  0, 67,0
84469,2007-02-20 20:46:11,121.460600,31.207800, 10,  0,1
84469,2007-02-20 20:48:12,121.465300,31.211800,  0, 45,1
84469,2007-02-20 20:49:12,121.467100,31.212500, 28, 22,1
84469,2007-02-20 20:50:13,121.469300,31.213100,  0, 22,1
84469,2007-02-20 20:51:15,121.469300,31.213100,  0, 22,1
84469,2007-02-20 20:52:15,121.469300,31.213100,  0, 22,1
84469,2007-02-20 20:53:16,121.469300,31.213100,  0, 22,1
84469,2007-02-20 20:54:17,121.469300,31.213100,  0, 22,1
84469,2007-02-20 20:55:18,121.469300,31.213100,  0, 22,1
84469,2007-02-20 20:57:21,121.467100,31.222600, 34,  0,1
84469,2007-02-20 20:58:22,121.462800,31.228300, 60,  0,1
84469,2007-02-20 20:59:23,121.461800,31.235800, 30,  0,1
84469,2007-02-20 21:00:24,121.458500,31.242800, 48,  0,1
84469,2007-02-20 21:01:24,121.458600,31.250500, 56,  0,1
84469,2007-02-20 21:02:26,121.459100,31.257800, 56,  0,1
84469,2007-02-20 21:03:27,121.461300,31.264300, 84, 22,1
84469,2007-02-20 21:04:28,121.471000,31.271600, 70, 22,1
84469,2007-02-20 21:05:29,121.475800,31.279800, 70, 22,1
84469,2007-02-20 21:06:30,121.482000,31.287800, 86, 45,1
84469,2007-02-20 21:07:31,121.493500,31.288000, 66, 22,1
84469,2007-02-20 21:08:32,121.502800,31.288100,  0, 67,1
84469,2007-02-20 21:09:33,121.505300,31.287100, 56, 67,1
84469,2007-02-20 21:10:34,121.511100,31.286500, 54, 45,1
84469,2007-02-20 21:11:35,121.516300,31.287600, 12, 45,1
84469,2007-02-20 21:12:36,121.516500,31.287800,  0, 22,1
84469,2007-02-20 21:13:37,121.520300,31.288500, 44, 45,1
84469,2007-02-20 21:14:38,121.523300,31.289600, 20, 22,1
84469,2007-02-20 21:15:39,121.522500,31.292600,  0,  0,1
84469,2007-02-20 21:16:40,121.523300,31.297000, 68, 22,1
84469,2007-02-20 21:17:41,121.527500,31.299600, 12, 22,1
84469,2007-02-20 21:18:42,121.532000,31.302500, 46, 22,1
84469,2007-02-20 21:19:43,121.534600,31.304300, 24, 22,1
84469,2007-02-20 21:20:44,121.534300,31.309500, 44,  0,1
84469,2007-02-20 21:21:45,121.534300,31.313100,  4,  0,1
84469,2007-02-20 21:22:46,121.534300,31.315100, 12,  0,1
84469,2007-02-20 21:23:47,121.536500,31.315300, 26, 22,1
84469,2007-02-20 21:24:48,121.536800,31.316000,  0, 22,1
84469,2007-02-20 21:25:49,121.536600,31.315600,  0, 22,1
84469,2007-02-20 21:26:50,121.537000,31.315800,  4, 45,1
84469,2007-02-20 21:28:52,121.534300,31.315800,  0,135,1
84469,2007-02-20 21:29:53,121.534300,31.313600,  0, 90,1
84469,2007-02-20 21:30:54,121.534100,31.309500, 28, 90,1
84469,2007-02-20 21:31:55,121.536500,31.308300, 38, 90,1
84469,2007-02-20 21:32:56,121.535800,31.306300,  8,157,1
84469,2007-02-20 21:33:54,121.535800,31.306500,  0,  0,0
84469,2007-02-20 21:34:55,121.536000,31.306500,  0,  0,0
84469,2007-02-20 21:35:56,121.536000,31.306500,  0,  0,0
84469,2007-02-20 21:36:57,121.536000,31.306500,  0,  0,0
84469,2007-02-20 21:38:59,121.536300,31.305800, 16, 67,0
84469,2007-02-20 21:40:00,121.534300,31.307000, 36,  0,0
84469,2007-02-20 21:41:01,121.534300,31.313100, 38,  0,0
84469,2007-02-20 21:42:02,121.537600,31.313500, 34, 45,0
84469,2007-02-20 21:43:03,121.540000,31.313500,  0, 45,0
84469,2007-02-20 21:44:04,121.537000,31.313500, 30,135,0
84469,2007-02-20 21:46:06,121.535600,31.313500,  0, 45,0
84469,2007-02-20 21:47:07,121.535600,31.313500,  0, 45,0
84469,2007-02-20 21:49:09,121.535600,31.313500,  0, 45,0
84469,2007-02-20 21:51:11,121.541300,31.310100, 66, 90,0
84469,2007-02-20 21:52:12,121.541000,31.300600, 82, 67,0
84469,2007-02-20 21:53:13,121.547100,31.291600, 68, 67,0
84469,2007-02-20 21:54:04,121.548800,31.290600, 22,157,1
84469,2007-02-20 21:55:04,121.543100,31.297800, 92,157,1
84469,2007-02-20 21:56:05,121.538800,31.309300, 94,135,1
84469,2007-02-20 21:57:06,121.523800,31.306000, 82,135,1
84469,2007-02-20 21:58:07,121.510100,31.301800, 78,135,1
84469,2007-02-20 21:59:08,121.495600,31.297300, 76,135,1
84469,2007-02-20 22:01:10,121.481000,31.307000, 86,  0,1
84469,2007-02-20 22:02:11,121.481000,31.317800, 70,  0,1
84469,2007-02-20 22:03:12,121.479000,31.322300, 28,135,1
84469,2007-02-20 22:04:29,121.476300,31.323500,  0,  0,0
84469,2007-02-20 22:05:29,121.476300,31.323500,  0,  0,0
84469,2007-02-20 22:06:30,121.474000,31.325000, 14,157,0
84469,2007-02-20 22:07:31,121.473600,31.322800,  0, 90,0
84469,2007-02-20 22:08:32,121.479600,31.322300, 24, 45,0
84469,2007-02-20 22:09:33,121.484500,31.322100, 36, 45,0
84469,2007-02-20 22:10:34,121.490000,31.322500, 50, 45,0
84469,2007-02-20 22:11:35,121.491300,31.316500, 54, 90,0
84469,2007-02-20 22:12:14,121.491300,31.315800, 24, 90,1
84469,2007-02-20 22:13:14,121.487500,31.313300, 54,135,1
84469,2007-02-20 22:14:15,121.481500,31.313300, 26,135,1
84469,2007-02-20 22:15:16,121.481300,31.313300,  0,135,1
84469,2007-02-20 22:16:17,121.480800,31.313300, 28,135,1
84469,2007-02-20 22:17:18,121.480800,31.305500, 50, 90,1
84469,2007-02-20 22:18:19,121.482000,31.302000, 34, 90,1
84469,2007-02-20 22:19:20,121.484600,31.294000, 74, 90,1
84469,2007-02-20 22:20:21,121.478100,31.285000, 46, 90,1
84469,2007-02-20 22:21:22,121.473100,31.276000, 84, 90,1
84469,2007-02-20 22:22:23,121.467100,31.268500, 60,112,1
84469,2007-02-20 22:23:24,121.459300,31.263600, 58,112,1
84469,2007-02-20 22:24:25,121.458800,31.259100, 68, 90,1
84469,2007-02-20 22:25:26,121.458500,31.250600, 24, 90,1
84469,2007-02-20 22:27:28,121.462100,31.233100, 62, 90,1
84469,2007-02-20 22:28:29,121.462300,31.225800, 56,135,1
84469,2007-02-20 22:30:00,121.446600,31.224300, 52,112,1
84469,2007-02-20 22:31:01,121.441300,31.222800,  0, 90,1
84469,2007-02-20 22:32:02,121.441100,31.221600, 48, 90,1
84469,2007-02-20 22:33:03,121.439300,31.218800,  0,135,1
84469,2007-02-20 22:34:04,121.440300,31.216300, 30, 67,1
84469,2007-02-20 22:35:05,121.436000,31.213800, 46, 67,1
84469,2007-02-20 22:36:54,121.432800,31.207600,  0,135,0
84469,2007-02-20 22:37:54,121.432500,31.207800, 26,  0,0
84469,2007-02-20 22:38:55,121.431500,31.210300, 28,  0,0
84469,2007-02-20 22:39:56,121.432100,31.213000,  0, 45,0
84469,2007-02-20 22:40:57,121.434500,31.215100, 30,  0,0
84469,2007-02-20 22:41:58,121.434000,31.217100, 30,157,0
84469,2007-02-20 22:42:59,121.436800,31.221000,  0, 67,0
84469,2007-02-20 22:44:00,121.440800,31.222000, 12, 45,0
84469,2007-02-20 22:45:01,121.441000,31.222300, 30, 45,0
84469,2007-02-20 22:46:02,121.450500,31.225600, 64, 45,0
84469,2007-02-20 22:47:03,121.462500,31.225600, 78, 45,0
84469,2007-02-20 22:48:04,121.474500,31.230800, 68, 22,0
84469,2007-02-20 22:49:05,121.485000,31.233800, 68, 22,0
84469,2007-02-20 22:50:06,121.485800,31.239300, 42,  0,0
84469,2007-02-20 22:51:07,121.485800,31.245600,  0,  0,0
84469,2007-02-20 22:52:08,121.487500,31.247600, 60, 22,0
84469,2007-02-20 22:53:09,121.495600,31.251000, 16, 22,0
84469,2007-02-20 22:54:10,121.496500,31.251300, 38, 22,0
84469,2007-02-20 22:55:11,121.503800,31.253800, 36, 45,0
84469,2007-02-20 22:56:12,121.506000,31.253500,  4, 67,0
84469,2007-02-20 22:57:13,121.512800,31.253600,  0, 45,0
84469,2007-02-20 22:58:14,121.519600,31.254300, 48, 45,0
84469,2007-02-20 22:59:28,121.527300,31.255000, 26, 45,0
84469,2007-02-20 23:00:28,121.533100,31.257800, 50, 22,0
84469,2007-02-20 23:01:29,121.536500,31.260500,  0, 22,0
84469,2007-02-20 23:02:30,121.540300,31.264100, 36, 22,0
84469,2007-02-20 23:03:31,121.545300,31.268300, 26, 22,0
84469,2007-02-20 23:04:32,121.545800,31.270800, 48,157,0
84469,2007-02-20 23:05:33,121.544600,31.275000, 52, 22,0
84469,2007-02-20 23:06:34,121.545800,31.279000, 40,157,0
84469,2007-02-20 23:07:35,121.542000,31.282300,  0,157,0
84469,2007-02-20 23:08:36,121.547000,31.286100, 74, 22,0
84469,2007-02-20 23:09:37,121.549500,31.290100, 30,157,0
84469,2007-02-20 23:10:38,121.547000,31.292300,  0,135,0
84469,2007-02-20 23:11:39,121.543600,31.296600, 32,157,0
84469,2007-02-20 23:12:40,121.539000,31.299000, 48,112,0
84469,2007-02-20 23:13:41,121.534800,31.299300, 50,112,0
84469,2007-02-20 23:14:42,121.532800,31.303100, 46, 22,0
84469,2007-02-20 23:15:43,121.536000,31.305100, 42, 22,0
84469,2007-02-20 23:16:44,121.536300,31.309100,  8,  0,0
84469,2007-02-20 23:17:45,121.535500,31.309300, 48,135,0
84469,2007-02-20 23:18:46,121.535100,31.313500, 30, 45,0
84469,2007-02-20 23:19:47,121.535600,31.313500,  0, 45,0
84469,2007-02-20 23:20:48,121.535600,31.313500,  0, 45,0
84469,2007-02-20 23:21:49,121.535600,31.313500,  0, 45,0
84469,2007-02-20 23:22:50,121.535600,31.313500,  0, 45,0
84469,2007-02-20 23:23:51,121.535600,31.313500,  0, 45,0
84469,2007-02-20 23:25:53,121.535600,31.313500,  0, 45,0
84469,2007-02-20 23:26:54,121.535600,31.313500,  0, 45,0
84469,2007-02-20 23:27:55,121.535600,31.313500,  0, 45,0
84469,2007-02-20 23:29:57,121.535600,31.313500,  0, 45,0
84469,2007-02-20 23:30:58,121.535600,31.313500,  0, 45,0
84469,2007-02-20 23:33:00,121.535600,31.313500,  0, 45,0
84469,2007-02-20 23:35:02,121.535600,31.313500,  0, 45,0
84469,2007-02-20 23:37:04,121.535600,31.313500,  0, 45,0
84469,2007-02-20 23:38:05,121.535500,31.313500,  0, 45,0
84469,2007-02-20 23:39:06,121.535500,31.313500,  0, 45,0
84469,2007-02-20 23:40:07,121.535500,31.313500,  0, 45,0
84469,2007-02-20 23:40:46,121.536500,31.313500, 16,135,1
84469,2007-02-20 23:41:47,121.534100,31.316600, 28,  0,1
84469,2007-02-20 23:42:48,121.534100,31.322100, 54,  0,1
84469,2007-02-20 23:43:49,121.534000,31.326600, 18,157,1
84469,2007-02-20 23:44:50,121.528100,31.326800, 14,135,1
84469,2007-02-20 23:45:43,121.525600,31.326800,  0,135,0
84469,2007-02-20 23:46:44,121.527500,31.326300, 38, 90,0
84469,2007-02-20 23:47:45,121.531600,31.323500, 50, 45,0
84469,2007-02-20 23:48:46,121.534100,31.320300,  0, 90,0
84469,2007-02-20 23:49:47,121.534100,31.317300, 38, 90,0
84469,2007-02-20 23:51:49,121.535600,31.313500,  0, 67,0
84469,2007-02-20 23:52:50,121.535600,31.313500,  0, 67,0
84469,2007-02-20 23:53:51,121.535600,31.313500,  0, 67,0
84469,2007-02-20 23:54:34,121.535500,31.313500, 24,135,1
84469,2007-02-20 23:55:35,121.534100,31.318100, 30,  0,1
84469,2007-02-20 23:56:36,121.534100,31.321000, 50,  0,1
84469,2007-02-20 23:57:37,121.534100,31.326600,  6,  0,1
84469,2007-02-20 23:58:38,121.532600,31.330300, 40,135,1
84469,2007-02-20 23:59:19,121.527800,31.330500,  0,135,0
