70367,2007-02-20 00:00:37,121.557500,31.350500,  0, 22,0
70367,2007-02-20 00:01:37,121.557500,31.350500,  0, 22,0
70367,2007-02-20 00:02:39,121.557500,31.350500,  0, 22,0
70367,2007-02-20 00:03:40,121.557500,31.350500,  0, 22,0
70367,2007-02-20 00:04:41,121.557500,31.350500,  0, 22,0
70367,2007-02-20 00:06:42,121.558500,31.346500, 28, 67,0
70367,2007-02-20 00:07:44,121.568100,31.348800, 40, 45,0
70367,2007-02-20 00:08:45,121.568000,31.348800, 52,135,0
70367,2007-02-20 00:09:46,121.566100,31.347300, 10, 67,0
70367,2007-02-20 00:10:47,121.568800,31.349100,  0, 45,0
70367,2007-02-20 00:11:47,121.574100,31.350800, 72, 45,0
70367,2007-02-20 00:12:49,121.578300,31.348600, 32, 45,0
70367,2007-02-20 00:13:50,121.578100,31.348800, 40,135,0
70367,2007-02-20 00:14:50,121.576300,31.346300, 14,112,1
70367,2007-02-20 00:15:50,121.573100,31.343100,  0,112,1
70367,2007-02-20 00:16:51,121.568300,31.337500, 70,112,1
70367,2007-02-20 00:17:52,121.569500,31.331800, 74, 67,1
70367,2007-02-20 00:18:52,121.573300,31.326500, 42, 45,1
70367,2007-02-20 00:19:54,121.578600,31.332000, 68,  0,1
70367,2007-02-20 00:21:56,121.587500,31.333100, 40, 45,1
70367,2007-02-20 00:22:52,121.584800,31.338500,  0,157,0
70367,2007-02-20 00:23:54,121.583500,31.337000, 74,112,0
70367,2007-02-20 00:24:55,121.580500,31.333100, 72,135,0
70367,2007-02-20 00:25:56,121.575100,31.326600, 44,112,0
70367,2007-02-20 00:26:57,121.573600,31.318600, 78, 90,0
70367,2007-02-20 00:27:57,121.573600,31.307800, 92, 90,0
70367,2007-02-20 00:30:00,121.562800,31.304500,  0, 90,0
70367,2007-02-20 00:31:01,121.562800,31.304500,  0, 90,0
70367,2007-02-20 00:32:02,121.563000,31.304600, 26,  0,0
70367,2007-02-20 00:33:02,121.562100,31.316500,106,  0,0
70367,2007-02-20 00:34:04,121.564300,31.330800, 76,  0,0
70367,2007-02-20 00:35:05,121.568500,31.337800, 70, 22,0
70367,2007-02-20 00:36:06,121.569000,31.339300,  0,157,0
70367,2007-02-20 00:37:07,121.569000,31.339300,  0,157,0
70367,2007-02-20 00:38:07,121.569000,31.339300,  0,157,0
70367,2007-02-20 00:39:09,121.569000,31.339300,  0,157,0
70367,2007-02-20 00:40:55,121.569000,31.339300,  0,157,0
70367,2007-02-20 00:41:56,121.569000,31.339300,  0,157,0
70367,2007-02-20 00:42:57,121.569000,31.339300,  0,157,0
70367,2007-02-20 00:43:57,121.569000,31.339300,  0,157,0
70367,2007-02-20 00:44:59,121.569000,31.339300,  0,157,0
70367,2007-02-20 00:46:00,121.569000,31.339300,  0,157,0
70367,2007-02-20 00:47:01,121.569000,31.339300,  0,157,0
70367,2007-02-20 00:48:02,121.569000,31.339300,  0,157,0
70367,2007-02-20 00:49:02,121.569000,31.339300,  0,157,0
70367,2007-02-20 00:50:04,121.569000,31.339300,  0,157,0
70367,2007-02-20 00:51:05,121.569000,31.339300,  0,157,0
70367,2007-02-20 00:52:06,121.569000,31.339300,  0,157,0
70367,2007-02-20 00:54:07,121.569000,31.339300,  0,157,0
70367,2007-02-20 00:55:09,121.569000,31.339300,  0,157,0
70367,2007-02-20 00:56:10,121.569000,31.339300,  0,157,0
70367,2007-02-20 00:57:11,121.569000,31.339300,  0,157,0
70367,2007-02-20 00:58:12,121.569000,31.339300,  0,157,0
70367,2007-02-20 00:59:12,121.569000,31.339300,  0,157,0
70367,2007-02-20 01:00:14,121.569000,31.339300,  0,157,0
70367,2007-02-20 01:01:15,121.569000,31.339300,  0,157,0
70367,2007-02-20 01:02:16,121.569000,31.339300,  0,157,0
70367,2007-02-20 01:03:17,121.569000,31.339300,  0,157,0
70367,2007-02-20 01:04:17,121.569000,31.339300,  0,157,0
70367,2007-02-20 01:05:19,121.569000,31.339300,  0,157,0
70367,2007-02-20 01:06:20,121.569000,31.339300,  0,157,0
70367,2007-02-20 01:07:21,121.569000,31.339300,  0,157,0
70367,2007-02-20 01:08:22,121.569000,31.339300,  0,157,0
70367,2007-02-20 01:09:22,121.569000,31.339300,  0,157,0
70367,2007-02-20 01:10:24,121.569000,31.339300,  0,157,0
70367,2007-02-20 01:11:25,121.569000,31.339300,  0,157,0
70367,2007-02-20 01:12:26,121.569000,31.339300,  0,157,0
70367,2007-02-20 01:13:27,121.569000,31.339300,  0,157,0
70367,2007-02-20 01:14:27,121.569000,31.339300,  0,157,0
70367,2007-02-20 01:15:29,121.569000,31.339300,  0,157,0
70367,2007-02-20 01:16:30,121.569000,31.339300,  0,157,0
70367,2007-02-20 01:17:31,121.569000,31.339300,  0,157,0
70367,2007-02-20 01:18:32,121.569000,31.339300,  0,157,0
70367,2007-02-20 01:20:34,121.569000,31.339300,  0,157,0
70367,2007-02-20 01:21:35,121.569000,31.339300,  0,157,0
70367,2007-02-20 01:23:37,121.569000,31.339300,  0,157,0
70367,2007-02-20 01:24:37,121.569000,31.339300,  0,157,0
70367,2007-02-20 01:25:39,121.569000,31.339300,  0,157,0
70367,2007-02-20 01:26:40,121.569000,31.339300,  0,157,0
70367,2007-02-20 01:27:41,121.569000,31.339300,  0,157,0
70367,2007-02-20 01:28:42,121.569000,31.339300,  0,157,0
70367,2007-02-20 01:29:42,121.569000,31.339300,  0,157,0
70367,2007-02-20 01:30:44,121.569000,31.339300,  0,157,0
70367,2007-02-20 01:31:45,121.569000,31.339300,  0,157,0
70367,2007-02-20 01:32:46,121.569000,31.339300,  0,157,0
70367,2007-02-20 01:34:47,121.569000,31.339300,  0,157,0
70367,2007-02-20 01:36:50,121.569000,31.339300,  0,157,0
70367,2007-02-20 01:37:51,121.569000,31.339300,  0,157,0
70367,2007-02-20 01:38:52,121.569000,31.339300,  0,157,0
70367,2007-02-20 01:40:54,121.569000,31.339300,  0,157,0
70367,2007-02-20 01:41:55,121.569000,31.339500,  0,157,0
70367,2007-02-20 01:43:57,121.569000,31.339500,  0,157,0
70367,2007-02-20 01:44:57,121.569000,31.339500,  0,157,0
70367,2007-02-20 01:45:59,121.569000,31.339500,  0,157,0
70367,2007-02-20 01:47:00,121.569000,31.339500,  0,157,0
70367,2007-02-20 01:48:01,121.569000,31.339500,  0,157,0
70367,2007-02-20 01:49:02,121.569000,31.339500,  0,157,0
70367,2007-02-20 01:50:02,121.569000,31.339500,  0,157,0
70367,2007-02-20 01:51:04,121.569000,31.339500,  0,157,0
70367,2007-02-20 01:52:05,121.569000,31.339500,  0,157,0
70367,2007-02-20 01:53:06,121.569000,31.339500,  0,157,0
70367,2007-02-20 01:54:07,121.569000,31.339500,  0,157,0
70367,2007-02-20 01:56:08,121.569000,31.339500,  0,157,0
70367,2007-02-20 01:57:09,121.569000,31.339500,  0,157,0
70367,2007-02-20 01:58:10,121.569000,31.339500,  0,157,0
70367,2007-02-20 01:59:11,121.569000,31.339500,  0,157,0
70367,2007-02-20 02:00:11,121.569000,31.339500,  0,157,0
70367,2007-02-20 02:01:13,121.569000,31.339500,  0,157,0
70367,2007-02-20 02:02:14,121.569000,31.339500,  0,157,0
70367,2007-02-20 02:03:15,121.569000,31.339500,  0,157,0
70367,2007-02-20 02:05:16,121.569000,31.339500,  0,157,0
70367,2007-02-20 02:06:18,121.569000,31.339500,  0,157,0
70367,2007-02-20 02:07:19,121.569000,31.339500,  0,157,0
70367,2007-02-20 02:08:20,121.569000,31.339500,  0,157,0
70367,2007-02-20 02:09:21,121.569000,31.339500,  0,157,0
70367,2007-02-20 02:10:21,121.569000,31.339500,  0,157,0
70367,2007-02-20 02:11:23,121.569000,31.339500,  0,157,0
70367,2007-02-20 02:12:24,121.569000,31.339500,  0,157,0
70367,2007-02-20 02:13:25,121.569000,31.339500,  0,157,0
70367,2007-02-20 02:14:26,121.569000,31.339500,  0,157,0
70367,2007-02-20 02:15:26,121.569000,31.339500,  0,157,0
70367,2007-02-20 02:16:28,121.569000,31.339500,  0,157,0
70367,2007-02-20 02:17:29,121.569000,31.339500,  0,157,0
70367,2007-02-20 02:19:31,121.569000,31.339500,  0,157,0
70367,2007-02-20 02:20:31,121.569000,31.339500,  0,157,0
70367,2007-02-20 02:23:34,121.569000,31.339500,  0,157,0
70367,2007-02-20 02:24:35,121.569000,31.339500,  0,157,0
70367,2007-02-20 02:25:36,121.569000,31.339500,  0,157,0
70367,2007-02-20 02:26:37,121.569000,31.339500,  0,157,0
70367,2007-02-20 02:27:38,121.569000,31.339500,  0,157,0
70367,2007-02-20 02:28:39,121.569000,31.339500,  0,157,0
70367,2007-02-20 02:29:40,121.569000,31.339500,  0,157,0
70367,2007-02-20 02:30:41,121.569000,31.339500,  0,157,0
70367,2007-02-20 02:31:42,121.569000,31.339500,  0,157,0
70367,2007-02-20 02:32:43,121.569000,31.339500,  0,157,0
70367,2007-02-20 02:34:45,121.569000,31.339500,  0,157,0
70367,2007-02-20 02:36:47,121.569000,31.339500,  0,157,0
70367,2007-02-20 02:37:48,121.569000,31.339500,  0,157,0
70367,2007-02-20 02:39:50,121.569000,31.339500,  0,157,0
70367,2007-02-20 02:40:51,121.569000,31.339500,  0,157,0
70367,2007-02-20 02:41:52,121.569000,31.339500,  0,157,0
70367,2007-02-20 02:42:53,121.569000,31.339500,  0,157,0
70367,2007-02-20 02:43:54,121.569000,31.339500,  0,157,0
70367,2007-02-20 02:44:55,121.569000,31.339500,  0,157,0
70367,2007-02-20 02:46:57,121.569000,31.339500,  0,157,0
70367,2007-02-20 02:47:58,121.569000,31.339500,  0,157,0
70367,2007-02-20 02:50:00,121.569000,31.339500,  0,157,0
70367,2007-02-20 02:51:01,121.569000,31.339500,  0,157,0
70367,2007-02-20 02:52:02,121.569000,31.339500,  0,157,0
70367,2007-02-20 02:53:03,121.569000,31.339500,  0,157,0
70367,2007-02-20 02:54:04,121.569000,31.339500,  0,157,0
70367,2007-02-20 02:55:05,121.569000,31.339500,  0,157,0
70367,2007-02-20 02:56:06,121.569000,31.339500,  0,157,0
70367,2007-02-20 02:57:07,121.569000,31.339500,  0,157,0
70367,2007-02-20 02:58:08,121.569000,31.339500,  0,157,0
70367,2007-02-20 02:59:09,121.569000,31.339500,  0,157,0
70367,2007-02-20 03:00:10,121.569000,31.339500,  0,157,0
70367,2007-02-20 03:01:11,121.569000,31.339500,  0,157,0
70367,2007-02-20 03:02:12,121.569000,31.339500,  0,157,0
70367,2007-02-20 03:03:13,121.569000,31.339500,  0,157,0
70367,2007-02-20 03:05:15,121.569000,31.339500,  0,157,0
70367,2007-02-20 03:06:16,121.569000,31.339500,  0,157,0
70367,2007-02-20 03:07:17,121.569000,31.339500,  0,157,0
70367,2007-02-20 03:08:18,121.569000,31.339500,  0,157,0
70367,2007-02-20 03:09:19,121.569000,31.339500,  0,157,0
70367,2007-02-20 03:10:20,121.569000,31.339500,  0,157,0
70367,2007-02-20 03:11:21,121.569000,31.339500,  0,157,0
70367,2007-02-20 03:12:22,121.569000,31.339500,  0,157,0
70367,2007-02-20 03:13:23,121.569000,31.339500,  0,157,0
70367,2007-02-20 03:14:24,121.569000,31.339500,  0,157,0
70367,2007-02-20 03:15:25,121.569000,31.339500,  0,157,0
70367,2007-02-20 03:16:26,121.569000,31.339500,  0,157,0
70367,2007-02-20 03:17:27,121.569000,31.339500,  0,157,0
70367,2007-02-20 03:18:28,121.569000,31.339500,  0,157,0
70367,2007-02-20 03:19:29,121.569000,31.339500,  0,157,0
70367,2007-02-20 03:20:30,121.569000,31.339500,  0,157,0
70367,2007-02-20 03:21:31,121.569000,31.339500,  0,157,0
70367,2007-02-20 03:23:33,121.569000,31.339500,  0,157,0
70367,2007-02-20 03:24:34,121.569000,31.339500,  0,157,0
70367,2007-02-20 03:25:35,121.569000,31.339500,  0,157,0
70367,2007-02-20 03:26:36,121.569000,31.339500,  0,157,0
70367,2007-02-20 03:27:37,121.569000,31.339500,  0,157,0
70367,2007-02-20 03:29:39,121.569000,31.339500,  0,157,0
70367,2007-02-20 03:30:40,121.569000,31.339500,  0,157,0
70367,2007-02-20 03:31:41,121.569000,31.339500,  0,157,0
70367,2007-02-20 03:32:42,121.569000,31.339500,  0,157,0
70367,2007-02-20 03:33:43,121.569000,31.339500,  0,157,0
70367,2007-02-20 03:34:44,121.569000,31.339500,  0,157,0
70367,2007-02-20 03:35:45,121.569000,31.339500,  0,157,0
70367,2007-02-20 03:36:46,121.569000,31.339500,  0,157,0
70367,2007-02-20 03:37:47,121.569000,31.339500,  0,157,0
70367,2007-02-20 03:38:48,121.569000,31.339500,  0,157,0
70367,2007-02-20 03:39:49,121.569000,31.339500,  0,157,0
70367,2007-02-20 03:41:51,121.569000,31.339500,  0,157,0
70367,2007-02-20 03:42:52,121.569000,31.339500,  0,157,0
70367,2007-02-20 03:43:53,121.569000,31.339500,  0,157,0
70367,2007-02-20 03:44:54,121.569000,31.339500,  0,157,0
70367,2007-02-20 03:45:55,121.569000,31.339500,  0,157,0
70367,2007-02-20 03:46:56,121.569000,31.339500,  0,157,0
70367,2007-02-20 03:47:57,121.569000,31.339500,  0,157,0
70367,2007-02-20 03:48:58,121.569000,31.339500,  0,157,0
70367,2007-02-20 03:49:59,121.569000,31.339500,  0,157,0
70367,2007-02-20 03:51:00,121.569000,31.339500,  0,157,0
70367,2007-02-20 03:52:01,121.569000,31.339500,  0,157,0
70367,2007-02-20 03:53:02,121.569000,31.339500,  0,157,0
70367,2007-02-20 03:54:03,121.569000,31.339500,  0,157,0
70367,2007-02-20 03:55:04,121.569000,31.339500,  0,157,0
70367,2007-02-20 03:56:05,121.569000,31.339500,  0,157,0
70367,2007-02-20 03:57:06,121.569000,31.339500,  0,157,0
70367,2007-02-20 03:58:07,121.569000,31.339500,  0,157,0
70367,2007-02-20 03:59:08,121.569000,31.339500,  0,157,0
70367,2007-02-20 04:00:09,121.569000,31.339500,  0,157,0
70367,2007-02-20 04:01:10,121.569000,31.339500,  0,157,0
70367,2007-02-20 04:02:11,121.569000,31.339500,  0,157,0
70367,2007-02-20 04:03:12,121.569000,31.339500,  0,157,0
70367,2007-02-20 04:04:13,121.569000,31.339500,  0,157,0
70367,2007-02-20 04:05:14,121.569000,31.339500,  0,157,0
70367,2007-02-20 04:06:15,121.569000,31.339500,  0,157,0
70367,2007-02-20 04:07:16,121.569000,31.339500,  0,157,0
70367,2007-02-20 04:08:17,121.569000,31.339500,  0,157,0
70367,2007-02-20 04:09:18,121.569000,31.339500,  0,157,0
70367,2007-02-20 04:10:19,121.569000,31.339500,  0,157,0
70367,2007-02-20 04:12:21,121.569000,31.339500,  0,157,0
70367,2007-02-20 04:14:23,121.569000,31.339500,  0,157,0
70367,2007-02-20 04:15:24,121.569000,31.339500,  0,157,0
70367,2007-02-20 04:16:25,121.569000,31.339500,  0,157,0
70367,2007-02-20 04:17:26,121.569000,31.339500,  0,157,0
70367,2007-02-20 04:18:27,121.569000,31.339500,  0,157,0
70367,2007-02-20 04:19:28,121.569000,31.339500,  0,157,0
70367,2007-02-20 04:20:29,121.569000,31.339500,  0,157,0
70367,2007-02-20 04:22:31,121.569000,31.339500,  0,157,0
70367,2007-02-20 04:23:32,121.569000,31.339500,  0,157,0
70367,2007-02-20 04:24:33,121.569000,31.339500,  0,157,0
70367,2007-02-20 04:25:34,121.569000,31.339500,  0,157,0
70367,2007-02-20 04:26:35,121.569000,31.339500,  0,157,0
70367,2007-02-20 04:27:36,121.569000,31.339500,  0,157,0
70367,2007-02-20 04:28:37,121.569000,31.339500,  0,157,0
70367,2007-02-20 04:29:38,121.569000,31.339500,  0,157,0
70367,2007-02-20 04:30:39,121.569000,31.339500,  0,157,0
70367,2007-02-20 04:31:40,121.569000,31.339500,  0,157,0
70367,2007-02-20 04:32:41,121.569000,31.339500,  0,157,0
70367,2007-02-20 04:33:42,121.569000,31.339500,  0,157,0
70367,2007-02-20 04:35:44,121.569000,31.339500,  0,157,0
70367,2007-02-20 04:36:45,121.569000,31.339500,  0,157,0
70367,2007-02-20 04:37:46,121.569000,31.339500,  0,157,0
70367,2007-02-20 04:38:47,121.569000,31.339500,  0,157,0
70367,2007-02-20 04:39:48,121.569000,31.339500,  0,157,0
70367,2007-02-20 04:40:49,121.569000,31.339500,  0,157,0
70367,2007-02-20 04:41:50,121.569000,31.339500,  0,157,0
70367,2007-02-20 04:42:51,121.569000,31.339500,  0,157,0
70367,2007-02-20 04:43:52,121.569000,31.339500,  0,157,0
70367,2007-02-20 04:44:53,121.569000,31.339500,  0,157,0
70367,2007-02-20 04:45:54,121.569000,31.339500,  0,157,0
70367,2007-02-20 04:46:55,121.569000,31.339500,  0,157,0
70367,2007-02-20 04:47:56,121.569000,31.339500,  0,157,0
70367,2007-02-20 04:48:57,121.569000,31.339500,  0,157,0
70367,2007-02-20 04:49:58,121.569000,31.339500,  0,157,0
70367,2007-02-20 04:50:59,121.569000,31.339500,  0,157,0
70367,2007-02-20 04:53:01,121.569000,31.339500,  0,157,0
70367,2007-02-20 04:54:02,121.569000,31.339500,  0,157,0
70367,2007-02-20 04:55:03,121.569000,31.339500,  0,157,0
70367,2007-02-20 04:56:04,121.569000,31.339500,  0,157,0
70367,2007-02-20 04:58:06,121.569000,31.339500,  0,157,0
70367,2007-02-20 04:59:07,121.569000,31.339500,  0,157,0
70367,2007-02-20 05:00:08,121.569000,31.339500,  0,157,0
70367,2007-02-20 05:02:10,121.569000,31.339500,  0,157,0
70367,2007-02-20 05:03:11,121.569000,31.339500,  0,157,0
70367,2007-02-20 05:04:12,121.569000,31.339500,  0,157,0
70367,2007-02-20 05:05:13,121.569000,31.339500,  0,157,0
70367,2007-02-20 05:06:14,121.568500,31.339000,  0,112,0
70367,2007-02-20 05:07:15,121.569100,31.339500,  0,112,0
70367,2007-02-20 05:08:16,121.569100,31.339500,  0,112,0
70367,2007-02-20 05:09:17,121.569100,31.339500,  0,112,0
70367,2007-02-20 05:10:18,121.569300,31.339000,  0,112,0
70367,2007-02-20 05:11:19,121.569100,31.339300,  0,112,0
70367,2007-02-20 05:12:20,121.569000,31.339600,  0,  0,0
70367,2007-02-20 05:14:22,121.569000,31.339600,  0,  0,0
70367,2007-02-20 05:16:24,121.569100,31.339500,  0,  0,0
70367,2007-02-20 05:17:25,121.569100,31.339500,  0,  0,0
70367,2007-02-20 05:18:26,121.569100,31.339500,  0,  0,0
70367,2007-02-20 05:19:26,121.569100,31.339500,  0,  0,0
70367,2007-02-20 05:20:28,121.569000,31.339500,  0,  0,0
70367,2007-02-20 05:21:29,121.568800,31.339500,  0,157,0
70367,2007-02-20 05:22:30,121.568800,31.339500,  0,157,0
70367,2007-02-20 05:23:31,121.568800,31.339500,  0,157,0
70367,2007-02-20 05:24:31,121.568800,31.339500,  0,157,0
70367,2007-02-20 05:25:33,121.568800,31.339500,  0,157,0
70367,2007-02-20 05:26:34,121.568800,31.339500,  0,157,0
70367,2007-02-20 05:27:35,121.568800,31.339500,  0,157,0
70367,2007-02-20 05:28:36,121.569000,31.339500,  0,157,0
70367,2007-02-20 05:29:36,121.569000,31.339500,  0,157,0
70367,2007-02-20 05:31:39,121.569000,31.339500,  0,157,0
70367,2007-02-20 05:33:41,121.569000,31.339500,  0,157,0
70367,2007-02-20 05:35:43,121.569000,31.339500,  0,157,0
70367,2007-02-20 05:36:44,121.569000,31.339500,  0,157,0
70367,2007-02-20 05:37:45,121.569000,31.339500,  0,157,0
70367,2007-02-20 05:38:46,121.569000,31.339500,  0,157,0
70367,2007-02-20 05:39:46,121.569000,31.339500,  0,157,0
70367,2007-02-20 05:40:48,121.569000,31.339500,  0,157,0
70367,2007-02-20 05:42:50,121.569000,31.339500,  0,157,0
70367,2007-02-20 05:43:51,121.569000,31.339500,  0,157,0
70367,2007-02-20 05:44:51,121.569000,31.339500,  0,157,0
70367,2007-02-20 05:45:53,121.569000,31.339500,  0,157,0
70367,2007-02-20 05:46:54,121.569000,31.339500,  0,157,0
70367,2007-02-20 05:47:55,121.569000,31.339500,  0,157,0
70367,2007-02-20 05:48:56,121.569000,31.339500,  0,157,0
70367,2007-02-20 05:49:56,121.569000,31.339500,  0,157,0
70367,2007-02-20 05:50:58,121.569000,31.339500,  0,157,0
70367,2007-02-20 05:51:59,121.569000,31.339500,  0,157,0
70367,2007-02-20 05:53:00,121.569000,31.339500,  0,157,0
70367,2007-02-20 05:54:01,121.569000,31.339500,  0,157,0
70367,2007-02-20 05:55:01,121.569000,31.339500,  0,157,0
70367,2007-02-20 05:56:03,121.569000,31.339500,  0,157,0
70367,2007-02-20 05:57:04,121.569000,31.339500,  0,157,0
70367,2007-02-20 05:58:05,121.569000,31.339500,  0,157,0
70367,2007-02-20 05:59:06,121.569000,31.339500,  0,157,0
70367,2007-02-20 06:00:06,121.569000,31.339500,  0,157,0
70367,2007-02-20 06:01:08,121.569000,31.339500,  0,157,0
70367,2007-02-20 06:02:09,121.569000,31.339500,  0,157,0
70367,2007-02-20 06:03:10,121.569000,31.339500,  0,157,0
70367,2007-02-20 06:05:11,121.569000,31.339500,  0,157,0
70367,2007-02-20 06:06:13,121.569000,31.339500,  0,157,0
70367,2007-02-20 06:07:14,121.569000,31.339500,  0,157,0
70367,2007-02-20 06:08:15,121.569000,31.339500,  0,157,0
70367,2007-02-20 06:10:16,121.569000,31.339500,  0,157,0
70367,2007-02-20 06:11:18,121.569000,31.339300,  0,157,0
70367,2007-02-20 06:12:19,121.569000,31.339300,  0,157,0
70367,2007-02-20 06:13:20,121.569000,31.339300,  0,157,0
70367,2007-02-20 06:14:21,121.569000,31.339300,  0,157,0
70367,2007-02-20 06:15:21,121.569000,31.339300,  0,157,0
70367,2007-02-20 06:16:23,121.569100,31.339500,  8, 45,0
70367,2007-02-20 06:17:24,121.567000,31.335100, 36, 90,0
70367,2007-02-20 06:18:25,121.571600,31.328800, 80, 67,0
70367,2007-02-20 06:19:26,121.573600,31.318100, 78, 90,0
70367,2007-02-20 06:20:26,121.573600,31.306600, 48, 90,0
70367,2007-02-20 06:21:28,121.571000,31.300000, 86,112,0
70367,2007-02-20 06:22:29,121.566600,31.293800,  0,112,0
70367,2007-02-20 06:23:30,121.567600,31.292300, 62, 67,0
70367,2007-02-20 06:24:31,121.572000,31.283600, 74, 90,0
70367,2007-02-20 06:25:31,121.578000,31.279800, 66, 67,0
70367,2007-02-20 06:26:33,121.583300,31.274600, 20,135,0
70367,2007-02-20 06:27:34,121.583500,31.273300, 66, 90,0
70367,2007-02-20 06:28:35,121.581000,31.272100, 50,157,0
70367,2007-02-20 06:29:36,121.578600,31.277800, 56,  0,0
70367,2007-02-20 06:31:37,121.574300,31.286100, 52,135,0
70367,2007-02-20 06:32:38,121.569300,31.289800, 62,157,0
70367,2007-02-20 06:33:39,121.571100,31.293600, 42, 45,0
70367,2007-02-20 06:36:42,121.563600,31.302100, 56,  0,0
70367,2007-02-20 06:37:43,121.562500,31.310800, 68,  0,0
70367,2007-02-20 06:38:44,121.562000,31.317500, 10, 22,0
70367,2007-02-20 06:39:45,121.563300,31.325300, 66,  0,0
70367,2007-02-20 06:40:45,121.565000,31.333000, 56, 22,0
70367,2007-02-20 06:41:47,121.568500,31.337600, 54, 22,0
70367,2007-02-20 06:42:48,121.568100,31.343100, 50,157,0
70367,2007-02-20 06:43:49,121.569500,31.348000, 58,  0,0
70367,2007-02-20 06:44:50,121.575300,31.351100, 34, 45,0
70367,2007-02-20 06:45:50,121.576000,31.351300, 44,135,0
70367,2007-02-20 06:46:52,121.569100,31.349100,  0,112,0
70367,2007-02-20 06:48:54,121.575000,31.345100, 34, 67,0
70367,2007-02-20 06:49:55,121.575100,31.345000, 26,  0,0
70367,2007-02-20 06:51:43,121.578000,31.352000, 62, 45,1
70367,2007-02-20 06:53:45,121.593000,31.352600, 88, 67,1
70367,2007-02-20 06:56:48,121.628500,31.324600,  0, 45,1
70367,2007-02-20 06:57:49,121.633500,31.330600, 38, 22,1
70367,2007-02-20 06:58:10,121.634600,31.332300,  0, 22,0
70367,2007-02-20 06:59:10,121.633600,31.330800, 38,112,0
70367,2007-02-20 07:00:12,121.629100,31.325000,  0,112,0
70367,2007-02-20 07:01:13,121.625100,31.321800,  0, 45,0
70367,2007-02-20 07:01:33,121.625300,31.322000, 20, 22,1
70367,2007-02-20 07:02:34,121.633600,31.320500,100, 67,1
70367,2007-02-20 07:03:35,121.639600,31.306600, 94, 90,1
70367,2007-02-20 07:04:35,121.639600,31.290600,120, 90,1
70367,2007-02-20 07:05:37,121.639600,31.275100, 96, 90,1
70367,2007-02-20 07:06:38,121.636500,31.266300, 86,135,1
70367,2007-02-20 07:07:39,121.627600,31.266300,  0,135,1
70367,2007-02-20 07:08:40,121.621300,31.266300,  0,135,1
70367,2007-02-20 07:10:42,121.620800,31.258000, 32, 90,1
70367,2007-02-20 07:11:43,121.619000,31.255600, 70,135,1
70367,2007-02-20 07:12:08,121.617000,31.255600,  0,135,0
70367,2007-02-20 07:13:09,121.614600,31.257800, 60,157,0
70367,2007-02-20 07:14:10,121.613000,31.262000, 60,157,0
70367,2007-02-20 07:15:10,121.609600,31.263500,  0,157,0
70367,2007-02-20 07:17:13,121.604000,31.270300,  0,157,0
70367,2007-02-20 07:20:15,121.596000,31.279600, 54,135,0
70367,2007-02-20 07:21:00,121.594600,31.280800, 28, 90,1
70367,2007-02-20 07:22:00,121.594300,31.276800, 34,112,1
70367,2007-02-20 07:23:02,121.588000,31.272500, 42,135,1
70367,2007-02-20 07:24:03,121.582600,31.267000, 60, 90,1
70367,2007-02-20 07:25:04,121.578100,31.260100, 64,112,1
70367,2007-02-20 07:26:05,121.571100,31.254600, 64,112,1
70367,2007-02-20 07:27:05,121.561800,31.248800, 82,112,1
70367,2007-02-20 07:28:07,121.557800,31.251100, 40,157,1
70367,2007-02-20 07:29:04,121.552100,31.256600,  0,157,0
70367,2007-02-20 07:30:05,121.554000,31.255100, 28, 22,0
70367,2007-02-20 07:31:05,121.557100,31.257300, 52, 22,0
70367,2007-02-20 07:32:07,121.562800,31.260500, 52, 22,0
70367,2007-02-20 07:34:09,121.569100,31.265500,  8,157,0
70367,2007-02-20 07:35:10,121.569100,31.266000,  0, 22,0
70367,2007-02-20 07:37:12,121.569600,31.266000,  0, 22,0
70367,2007-02-20 07:37:50,121.569600,31.266000,  8,112,1
70367,2007-02-20 07:38:50,121.569100,31.265300, 62, 67,1
70367,2007-02-20 07:39:52,121.570500,31.258600, 72,112,1
70367,2007-02-20 07:40:53,121.570500,31.254000,  4,112,1
70367,2007-02-20 07:41:54,121.563500,31.249600, 68,112,1
70367,2007-02-20 07:42:55,121.557000,31.245800,  0,112,1
70367,2007-02-20 07:43:55,121.553300,31.243800, 70,112,1
70367,2007-02-20 07:44:57,121.544000,31.239500, 58,112,1
70367,2007-02-20 07:45:58,121.540000,31.238100, 28,112,1
70367,2007-02-20 07:46:59,121.533800,31.236300, 10,112,1
70367,2007-02-20 07:48:00,121.525100,31.233500, 76,135,1
70367,2007-02-20 07:49:00,121.518000,31.231100,  0,112,1
70367,2007-02-20 07:50:02,121.514000,31.230000, 52,135,1
70367,2007-02-20 07:51:03,121.512100,31.229100,  0,112,1
70367,2007-02-20 07:52:04,121.506500,31.227100,  0,112,1
70367,2007-02-20 07:53:05,121.506500,31.227100,  0,112,1
70367,2007-02-20 07:54:05,121.486500,31.223800, 68,135,1
70367,2007-02-20 07:55:07,121.479300,31.222800, 36,  0,1
70367,2007-02-20 07:56:08,121.478500,31.225800,  0,  0,1
70367,2007-02-20 07:58:10,121.478500,31.225500,  0, 90,1
70367,2007-02-20 07:59:10,121.479000,31.223600,  0, 90,1
70367,2007-02-20 08:01:13,121.480600,31.220500, 42, 67,1
70367,2007-02-20 08:02:14,121.483500,31.217100, 24, 67,1
70367,2007-02-20 08:03:15,121.482800,31.217600, 14,157,1
70367,2007-02-20 08:04:15,121.481800,31.218500, 16,157,1
70367,2007-02-20 08:05:17,121.481500,31.219000, 30, 67,1
70367,2007-02-20 08:06:18,121.485100,31.216300, 34, 45,1
70367,2007-02-20 08:07:19,121.491500,31.216800, 34, 45,1
70367,2007-02-20 08:08:20,121.494500,31.219100, 26,  0,1
70367,2007-02-20 08:09:20,121.493800,31.220600,  4,112,1
70367,2007-02-20 08:09:45,121.494000,31.219600,  0, 90,0
70367,2007-02-20 08:10:45,121.494300,31.218600,  0,112,0
70367,2007-02-20 08:11:46,121.491500,31.216800, 42,135,0
70367,2007-02-20 08:12:47,121.488300,31.217000,  0,135,0
70367,2007-02-20 08:13:48,121.482600,31.217800, 38,157,0
70367,2007-02-20 08:14:49,121.480500,31.220600,  0,157,0
70367,2007-02-20 08:15:50,121.485500,31.223800, 62, 22,0
70367,2007-02-20 08:16:51,121.495300,31.222600, 60, 45,0
70367,2007-02-20 08:17:52,121.496600,31.222500,  0, 45,0
70367,2007-02-20 08:18:53,121.511800,31.229000,  0, 22,0
70367,2007-02-20 08:19:54,121.516500,31.230800, 74, 22,0
70367,2007-02-20 08:20:55,121.522300,31.232300, 66, 45,0
70367,2007-02-20 08:21:56,121.529800,31.234800, 36, 45,0
70367,2007-02-20 08:22:57,121.539300,31.237800, 38, 45,0
70367,2007-02-20 08:23:58,121.543800,31.239100, 56, 22,0
70367,2007-02-20 08:24:59,121.548100,31.241100, 54, 22,0
70367,2007-02-20 08:27:01,121.557100,31.250500, 46, 22,0
70367,2007-02-20 08:28:02,121.562300,31.253600, 42, 22,0
70367,2007-02-20 08:29:03,121.566000,31.256000, 44, 22,0
70367,2007-02-20 08:30:04,121.566300,31.261300, 58,157,0
70367,2007-02-20 08:31:05,121.569600,31.264800, 46,157,0
70367,2007-02-20 08:32:06,121.566600,31.268300,  0,157,0
70367,2007-02-20 08:33:07,121.566600,31.268300,  0,157,0
70367,2007-02-20 08:34:08,121.571800,31.273600, 48,  0,0
70367,2007-02-20 08:35:09,121.572800,31.279600, 28,  0,0
70367,2007-02-20 08:35:25,121.572800,31.279800, 14,  0,1
70367,2007-02-20 08:36:25,121.578600,31.279500, 50, 67,1
70367,2007-02-20 08:38:27,121.586600,31.274100, 40, 90,1
70367,2007-02-20 08:39:28,121.588100,31.271300, 48, 67,1
70367,2007-02-20 08:40:29,121.591300,31.265500, 54, 67,1
70367,2007-02-20 08:41:30,121.594500,31.260300, 34, 67,1
70367,2007-02-20 08:42:31,121.595600,31.259000,  8,135,1
70367,2007-02-20 08:42:50,121.595100,31.259000,  0,135,0
70367,2007-02-20 08:43:50,121.595500,31.259000, 22, 45,0
70367,2007-02-20 08:44:51,121.594500,31.260300, 24,157,0
70367,2007-02-20 08:45:52,121.592300,31.263800, 50,157,0
70367,2007-02-20 08:46:53,121.590100,31.267600, 42,157,0
70367,2007-02-20 08:47:54,121.594300,31.270800, 38, 22,0
70367,2007-02-20 08:48:55,121.597100,31.275000,  6,  0,0
70367,2007-02-20 08:49:56,121.595800,31.276100, 38,157,0
70367,2007-02-20 08:50:57,121.594800,31.280000, 22,  0,0
70367,2007-02-20 08:51:58,121.599500,31.282100, 32, 45,0
70367,2007-02-20 08:54:00,121.604000,31.282300, 68, 45,0
70367,2007-02-20 08:55:01,121.605800,31.284100,  0,  0,0
70367,2007-02-20 08:56:02,121.605600,31.287800, 52,  0,0
70367,2007-02-20 08:57:03,121.605600,31.294300, 42,157,0
70367,2007-02-20 08:58:04,121.605600,31.297800, 36, 45,0
70367,2007-02-20 08:59:05,121.607100,31.302300, 16,157,0
70367,2007-02-20 09:00:06,121.600300,31.301000, 10,135,0
70367,2007-02-20 09:01:07,121.598500,31.304300, 44,157,0
70367,2007-02-20 09:02:08,121.594600,31.310000, 50,157,0
70367,2007-02-20 09:04:10,121.590100,31.323500, 54,157,0
70367,2007-02-20 09:05:11,121.585300,31.329000, 54,  0,0
70367,2007-02-20 09:06:12,121.587800,31.333600, 44,157,0
70367,2007-02-20 09:06:54,121.585300,31.337800, 30,157,0
70367,2007-02-20 09:07:40,121.584800,31.338300, 24, 67,1
70367,2007-02-20 09:08:41,121.591000,31.335000, 78, 67,1
70367,2007-02-20 09:11:44,121.600000,31.300600, 82, 90,1
70367,2007-02-20 09:12:45,121.600000,31.292800, 56, 90,1
70367,2007-02-20 09:13:46,121.600100,31.286600, 28,  0,1
70367,2007-02-20 09:14:20,121.602500,31.286500,  0, 45,0
70367,2007-02-20 09:15:21,121.604500,31.284300, 50, 45,0
70367,2007-02-20 09:16:22,121.605800,31.285600, 52,  0,0
70367,2007-02-20 09:17:23,121.606300,31.291500, 54,  0,0
70367,2007-02-20 09:18:13,121.605600,31.294100, 30,157,1
70367,2007-02-20 09:19:13,121.599800,31.292500, 54, 90,1
70367,2007-02-20 09:20:14,121.599500,31.282100, 36,135,1
70367,2007-02-20 09:21:15,121.589300,31.282100, 20,135,1
70367,2007-02-20 09:23:47,121.581600,31.264500, 30,112,1
70367,2007-02-20 09:24:48,121.579600,31.261800, 62,112,1
70367,2007-02-20 09:25:49,121.574100,31.256500, 70,112,1
70367,2007-02-20 09:26:50,121.567500,31.252100, 32,135,1
70367,2007-02-20 09:27:50,121.562600,31.260000, 28,157,1
70367,2007-02-20 09:28:52,121.558300,31.261600, 74,112,1
70367,2007-02-20 09:29:15,121.556800,31.261000,  0,112,0
70367,2007-02-20 09:30:15,121.556800,31.260800, 10, 45,0
70367,2007-02-20 09:31:16,121.561100,31.259500, 48, 22,0
70367,2007-02-20 09:32:18,121.564600,31.261300,  0, 22,0
70367,2007-02-20 09:33:18,121.564600,31.261300,  0, 22,0
70367,2007-02-20 09:34:20,121.564600,31.261300,  0, 22,0
70367,2007-02-20 09:35:20,121.564600,31.261300,  0, 22,0
70367,2007-02-20 09:36:44,121.565100,31.255600, 56, 67,1
70367,2007-02-20 09:37:45,121.564800,31.250500,  0,112,1
70367,2007-02-20 09:38:46,121.561800,31.248800, 68,112,1
70367,2007-02-20 09:39:47,121.557000,31.246000,  0,112,1
70367,2007-02-20 09:40:48,121.552000,31.243000, 80,112,1
70367,2007-02-20 09:41:49,121.545600,31.241000,  0,157,1
70367,2007-02-20 09:42:19,121.545600,31.241000,  0,157,0
70367,2007-02-20 09:43:19,121.546000,31.240600,  4, 90,0
70367,2007-02-20 09:44:20,121.547500,31.240800, 54, 22,0
70367,2007-02-20 09:45:21,121.553800,31.243800,  0, 22,0
70367,2007-02-20 09:46:22,121.552100,31.245600, 50,157,0
70367,2007-02-20 09:47:23,121.553600,31.248300,  0, 22,0
70367,2007-02-20 09:48:24,121.556800,31.250300, 38, 22,0
70367,2007-02-20 09:50:26,121.562500,31.253800, 34, 22,0
70367,2007-02-20 09:51:27,121.568000,31.257300, 44, 22,0
70367,2007-02-20 09:52:28,121.573300,31.260500,  0, 22,0
70367,2007-02-20 09:53:29,121.574600,31.261600,  0, 22,0
70367,2007-02-20 09:54:30,121.574600,31.261600,  0, 22,0
70367,2007-02-20 09:56:32,121.574500,31.261100, 32,112,0
70367,2007-02-20 09:57:33,121.570100,31.264000, 58,157,0
70367,2007-02-20 09:58:12,121.569600,31.264300, 22,112,1
70367,2007-02-20 09:59:12,121.564600,31.261500, 38,112,1
70367,2007-02-20 10:00:13,121.559300,31.258600,  0,112,1
70367,2007-02-20 10:01:14,121.554800,31.255800, 36,112,1
70367,2007-02-20 10:02:15,121.550600,31.252500, 68,112,1
70367,2007-02-20 10:04:17,121.548500,31.248100, 40,157,1
70367,2007-02-20 10:04:45,121.546600,31.249100,  0,157,0
70367,2007-02-20 10:05:18,121.546500,31.249300, 26,157,1
70367,2007-02-20 10:06:18,121.546600,31.252300, 42, 22,1
70367,2007-02-20 10:07:19,121.552300,31.252300, 68, 90,1
70367,2007-02-20 10:08:20,121.545000,31.254100, 78,157,1
70367,2007-02-20 10:09:21,121.535500,31.262000, 76,157,1
70367,2007-02-20 10:10:22,121.528600,31.271500, 70,157,1
70367,2007-02-20 10:11:23,121.520800,31.280800, 70,157,1
70367,2007-02-20 10:12:24,121.518000,31.287300,  0,  0,1
70367,2007-02-20 10:13:25,121.518000,31.287300,  0,  0,1
70367,2007-02-20 10:14:26,121.516000,31.291300, 58,  0,1
70367,2007-02-20 10:15:27,121.515300,31.293000,  0,  0,1
70367,2007-02-20 10:16:28,121.515300,31.293000,  0,  0,1
70367,2007-02-20 10:17:29,121.515500,31.297100, 60, 22,1
70367,2007-02-20 10:18:30,121.515500,31.302800,  0,  0,1
70367,2007-02-20 10:19:31,121.515000,31.305300, 46,  0,1
70367,2007-02-20 10:20:32,121.514800,31.306600, 38,  0,1
70367,2007-02-20 10:22:14,121.514800,31.311000, 26,  0,1
70367,2007-02-20 10:23:15,121.515000,31.316000, 32, 22,1
70367,2007-02-20 10:24:16,121.518300,31.319500, 34, 22,1
70367,2007-02-20 10:25:17,121.521500,31.320300, 20, 22,1
70367,2007-02-20 10:26:18,121.521600,31.325600, 54,  0,1
70367,2007-02-20 10:27:09,121.526500,31.326800,  0, 45,0
70367,2007-02-20 10:28:09,121.526300,31.326800,  0, 45,0
70367,2007-02-20 10:28:25,121.526600,31.326800, 22, 45,1
70367,2007-02-20 10:29:25,121.527500,31.323500, 32, 90,1
70367,2007-02-20 10:30:26,121.525800,31.320100, 32,135,1
70367,2007-02-20 10:31:27,121.519500,31.320000, 16,135,1
70367,2007-02-20 10:32:28,121.517300,31.318500, 30,112,1
70367,2007-02-20 10:33:29,121.514500,31.313600, 26,112,1
70367,2007-02-20 10:34:30,121.514800,31.311800,  4, 90,1
70367,2007-02-20 10:35:31,121.514800,31.305800, 52, 90,1
70367,2007-02-20 10:36:28,121.513000,31.303500,  0,112,0
70367,2007-02-20 10:37:28,121.512000,31.302500, 14, 90,0
70367,2007-02-20 10:39:30,121.515800,31.303100,  0, 45,0
70367,2007-02-20 10:40:31,121.521600,31.305100, 76, 45,0
70367,2007-02-20 10:41:32,121.533800,31.308800, 66, 45,0
70367,2007-02-20 10:42:33,121.545500,31.308600, 80, 45,0
70367,2007-02-20 10:44:35,121.571500,31.305600, 80, 45,0
70367,2007-02-20 10:45:36,121.573800,31.314100, 82,  0,0
70367,2007-02-20 10:46:37,121.573600,31.324000, 66,  0,0
70367,2007-02-20 10:47:38,121.569300,31.332300, 58,157,0
70367,2007-02-20 10:48:39,121.568000,31.336800,  4, 22,0
70367,2007-02-20 10:49:40,121.571800,31.341600, 42, 22,0
70367,2007-02-20 10:50:41,121.575300,31.345000, 16,  0,0
70367,2007-02-20 10:51:42,121.577600,31.347500, 22, 22,0
70367,2007-02-20 10:52:43,121.581100,31.343300, 26, 67,0
70367,2007-02-20 10:53:44,121.584100,31.345100,  6,  0,0
70367,2007-02-20 10:54:45,121.583100,31.345600, 16,135,0
70367,2007-02-20 10:55:46,121.582500,31.343800, 50,112,0
70367,2007-02-20 10:56:47,121.581000,31.343500, 26,157,0
70367,2007-02-20 10:57:48,121.577800,31.347600, 30,  0,0
70367,2007-02-20 10:58:49,121.576000,31.350100,  0,112,0
70367,2007-02-20 10:59:50,121.576000,31.350100,  0,112,0
70367,2007-02-20 11:00:51,121.574000,31.350800, 54,135,0
70367,2007-02-20 11:01:52,121.566800,31.348600, 48,135,0
70367,2007-02-20 11:02:53,121.565100,31.350000,  0,157,0
70367,2007-02-20 11:03:54,121.566100,31.347300, 38, 90,0
70367,2007-02-20 11:04:45,121.567500,31.344600, 24, 67,1
70367,2007-02-20 11:05:46,121.571300,31.344300, 58, 67,1
70367,2007-02-20 11:06:47,121.580000,31.337000, 68, 67,1
70367,2007-02-20 11:07:48,121.584800,31.335000, 30, 45,1
70367,2007-02-20 11:07:56,121.585000,31.335000,  0, 67,0
70367,2007-02-20 11:08:56,121.584300,31.339100, 62,157,0
70367,2007-02-20 11:09:57,121.581800,31.342800,  0,157,0
70367,2007-02-20 11:10:58,121.577000,31.339100, 56,157,0
70367,2007-02-20 11:11:58,121.572000,31.341600, 46,112,0
70367,2007-02-20 11:12:59,121.568300,31.338800, 26,157,0
70367,2007-02-20 11:14:00,121.568000,31.339500,  0,  0,0
70367,2007-02-20 11:15:01,121.568000,31.339500,  0,  0,0
70367,2007-02-20 11:16:02,121.568000,31.339500,  0,  0,0
70367,2007-02-20 11:17:03,121.568000,31.339500,  0,  0,0
70367,2007-02-20 11:19:05,121.568000,31.339500,  0,  0,0
70367,2007-02-20 11:20:06,121.568000,31.339500,  0,  0,0
70367,2007-02-20 11:21:07,121.568000,31.339500,  0,  0,0
70367,2007-02-20 11:22:08,121.568000,31.339500,  0,  0,0
70367,2007-02-20 11:23:09,121.568000,31.339500,  0,  0,0
70367,2007-02-20 11:25:11,121.568000,31.339500,  0,  0,0
70367,2007-02-20 11:26:12,121.568000,31.339500,  0,  0,0
70367,2007-02-20 11:27:13,121.568000,31.339500,  0,  0,0
70367,2007-02-20 11:28:14,121.568000,31.339500,  0,  0,0
70367,2007-02-20 11:29:15,121.568000,31.339500,  0,  0,0
70367,2007-02-20 11:30:16,121.568000,31.339500,  0,  0,0
70367,2007-02-20 11:31:17,121.568000,31.339500,  0,  0,0
70367,2007-02-20 11:32:18,121.568000,31.339500,  0,  0,0
70367,2007-02-20 11:33:19,121.568000,31.339500,  0,  0,0
70367,2007-02-20 11:34:20,121.568000,31.339500,  0,  0,0
70367,2007-02-20 11:34:56,121.567600,31.336300, 20,112,1
70367,2007-02-20 11:35:57,121.563100,31.340500, 10,157,1
70367,2007-02-20 11:36:58,121.556600,31.349600, 92,157,1
70367,2007-02-20 11:37:59,121.552000,31.356600, 56,157,1
70367,2007-02-20 11:39:00,121.548000,31.363500, 20,157,1
70367,2007-02-20 11:40:01,121.547300,31.364300,  0,157,1
70367,2007-02-20 11:41:51,121.550300,31.360000, 68, 67,0
70367,2007-02-20 11:42:52,121.556000,31.354300, 64, 45,0
70367,2007-02-20 11:43:53,121.564000,31.353300, 48, 90,0
70367,2007-02-20 11:44:54,121.565600,31.348500,  0, 90,0
70367,2007-02-20 11:45:55,121.566800,31.346000, 44, 90,0
70367,2007-02-20 11:46:56,121.569800,31.344600,  4, 22,0
70367,2007-02-20 11:46:59,121.570000,31.344600, 14, 22,1
70367,2007-02-20 11:48:00,121.574100,31.341300, 72, 67,1
70367,2007-02-20 11:49:01,121.584100,31.334000, 64, 67,1
70367,2007-02-20 11:50:02,121.592000,31.333100, 18, 45,1
70367,2007-02-20 11:51:03,121.592000,31.333100,  0, 45,1
70367,2007-02-20 11:52:04,121.595000,31.333100, 70, 45,1
70367,2007-02-20 11:53:05,121.606500,31.336300, 68, 22,1
70367,2007-02-20 11:54:06,121.612500,31.332500, 38, 67,1
70367,2007-02-20 11:55:07,121.618800,31.327500, 40, 45,1
70367,2007-02-20 11:55:21,121.619300,31.327100,  0, 90,0
70367,2007-02-20 11:56:22,121.619100,31.329300, 62,157,0
70367,2007-02-20 11:57:23,121.613500,31.334000, 16,135,0
70367,2007-02-20 11:58:24,121.607800,31.337000, 40,157,0
70367,2007-02-20 11:59:21,121.608300,31.338300, 24,112,1
70367,2007-02-20 12:00:21,121.601300,31.333500, 92,135,1
70367,2007-02-20 12:01:22,121.590100,31.336800, 92,157,1
70367,2007-02-20 12:02:23,121.587300,31.339000, 54,112,1
70367,2007-02-20 12:03:17,121.584000,31.338000,  0,135,0
70367,2007-02-20 12:04:18,121.585100,31.338000, 16,  0,0
70367,2007-02-20 12:05:19,121.581500,31.343100, 42,157,0
70367,2007-02-20 12:06:20,121.577600,31.348100, 44,  0,0
70367,2007-02-20 12:07:21,121.575100,31.351100, 18,157,0
70367,2007-02-20 12:08:22,121.568300,31.349000, 38,135,0
70367,2007-02-20 12:10:24,121.569000,31.344100, 40, 22,0
70367,2007-02-20 12:11:25,121.572500,31.343000,  0, 67,0
70367,2007-02-20 12:12:26,121.575100,31.344300, 26, 22,0
70367,2007-02-20 12:13:27,121.575300,31.348000, 36,157,0
70367,2007-02-20 12:14:28,121.574800,31.345500, 10, 67,0
70367,2007-02-20 12:15:29,121.572600,31.343000, 26,157,0
70367,2007-02-20 12:16:30,121.569300,31.348500, 44,  0,0
70367,2007-02-20 12:17:31,121.575000,31.351000, 54, 45,0
70367,2007-02-20 12:18:32,121.575300,31.351100, 32,112,0
70367,2007-02-20 12:19:33,121.574800,31.348300, 26, 67,0
70367,2007-02-20 12:20:34,121.578000,31.347100, 32, 90,0
70367,2007-02-20 12:21:34,121.582000,31.342500, 30, 67,0
70367,2007-02-20 12:22:36,121.581000,31.338100, 36,112,0
70367,2007-02-20 12:23:37,121.579600,31.340500, 48, 22,0
70367,2007-02-20 12:24:38,121.583300,31.340500, 22, 67,0
70367,2007-02-20 12:25:39,121.587800,31.340300, 64, 67,0
70367,2007-02-20 12:26:39,121.583600,31.340100, 42,157,0
70367,2007-02-20 12:27:41,121.580100,31.344100, 42,157,0
70367,2007-02-20 12:28:42,121.576800,31.349600, 46,157,0
70367,2007-02-20 12:29:43,121.574600,31.351000, 44,135,0
70367,2007-02-20 12:30:44,121.569500,31.349300, 32,112,0
70367,2007-02-20 12:31:44,121.570500,31.345300, 14, 90,0
70367,2007-02-20 12:32:46,121.567600,31.344100, 32,157,0
70367,2007-02-20 12:33:47,121.566000,31.348300, 12, 45,0
70367,2007-02-20 12:34:48,121.569500,31.348000, 42, 90,0
70367,2007-02-20 12:35:49,121.570300,31.345300,  4, 67,0
70367,2007-02-20 12:36:50,121.570500,31.345100, 22, 22,0
70367,2007-02-20 12:37:51,121.574100,31.346600, 28, 67,0
70367,2007-02-20 12:38:52,121.575300,31.344300,  0,  0,0
70367,2007-02-20 12:39:53,121.577100,31.347100, 36, 22,0
70367,2007-02-20 12:41:55,121.583800,31.340600, 28, 22,0
70367,2007-02-20 12:42:56,121.582800,31.341100, 44,157,0
70367,2007-02-20 12:43:57,121.579500,31.344500, 26,157,0
70367,2007-02-20 12:44:58,121.577300,31.348800, 32,157,0
70367,2007-02-20 12:45:59,121.573800,31.350600, 52,135,0
70367,2007-02-20 12:47:00,121.569300,31.348100, 50, 90,0
70367,2007-02-20 12:48:01,121.571000,31.345500, 30, 22,0
70367,2007-02-20 12:49:02,121.574100,31.346500, 34, 67,0
70367,2007-02-20 12:52:04,121.568600,31.344000, 22,112,0
70367,2007-02-20 12:53:06,121.570100,31.341500, 46, 67,0
70367,2007-02-20 12:54:07,121.567800,31.336800, 26,112,0
70367,2007-02-20 12:55:08,121.565300,31.333100,  0, 45,0
70367,2007-02-20 12:55:27,121.565300,31.333100, 18, 22,1
70367,2007-02-20 12:56:27,121.562800,31.340800, 80,157,1
70367,2007-02-20 12:57:28,121.557600,31.348000, 68,157,1
70367,2007-02-20 12:58:29,121.554800,31.353100, 54,157,1
70367,2007-02-20 12:59:29,121.552300,31.356000, 68,157,1
70367,2007-02-20 13:00:31,121.547300,31.364100, 34,157,1
70367,2007-02-20 13:01:32,121.539500,31.367300, 54,135,1
70367,2007-02-20 13:02:33,121.530800,31.370800, 74,157,1
70367,2007-02-20 13:03:34,121.522500,31.375100, 48,112,1
70367,2007-02-20 13:04:34,121.512800,31.376300, 74,157,1
70367,2007-02-20 13:05:36,121.505500,31.374500, 58,112,1
70367,2007-02-20 13:06:23,121.504000,31.372600,  0, 90,0
70367,2007-02-20 13:08:24,121.504000,31.372600,  0, 67,0
70367,2007-02-20 13:09:26,121.504000,31.372600,  0, 67,0
70367,2007-02-20 13:10:27,121.504000,31.372600,  0, 67,0
70367,2007-02-20 13:11:28,121.504000,31.372600,  0, 67,0
70367,2007-02-20 13:12:29,121.504000,31.372600,  0, 67,0
70367,2007-02-20 13:13:29,121.504100,31.373000, 22, 22,0
70367,2007-02-20 13:14:31,121.507300,31.376800, 46, 22,0
70367,2007-02-20 13:15:21,121.512300,31.376600, 24, 67,1
70367,2007-02-20 13:17:22,121.525100,31.374000, 66, 67,1
70367,2007-02-20 13:18:23,121.534500,31.367800, 58, 67,1
70367,2007-02-20 13:19:24,121.542600,31.366100, 46, 45,1
70367,2007-02-20 13:20:24,121.545800,31.365100,  0, 45,1
70367,2007-02-20 13:21:26,121.549600,31.361000, 66, 67,1
70367,2007-02-20 13:22:27,121.554800,31.353000, 70, 67,1
70367,2007-02-20 13:23:28,121.561300,31.342600, 98, 67,1
70367,2007-02-20 13:24:29,121.567800,31.343500,  8, 22,1
70367,2007-02-20 13:26:31,121.573300,31.347300, 16, 22,1
70367,2007-02-20 13:26:44,121.573600,31.347300,  0, 67,0
70367,2007-02-20 13:27:44,121.574000,31.346600,  4, 67,0
70367,2007-02-20 13:28:46,121.574800,31.345600, 10, 67,0
70367,2007-02-20 13:29:15,121.575100,31.344800, 22, 90,1
70367,2007-02-20 13:30:16,121.572000,31.343600, 58,157,1
70367,2007-02-20 13:31:17,121.570100,31.346100, 54,  0,1
70367,2007-02-20 13:33:19,121.569300,31.361600, 10, 22,1
70367,2007-02-20 13:35:21,121.556000,31.367100, 88,157,1
70367,2007-02-20 13:36:22,121.538500,31.373500,108,135,1
70367,2007-02-20 13:37:23,121.521500,31.376500,108,135,1
70367,2007-02-20 13:38:24,121.505500,31.378300, 82,135,1
70367,2007-02-20 13:39:24,121.503300,31.378600,  0,135,1
70367,2007-02-20 13:40:07,121.488500,31.375800,  0,112,0
70367,2007-02-20 13:41:08,121.488300,31.375100, 12, 22,0
70367,2007-02-20 13:42:09,121.494500,31.377800,  0, 22,0
70367,2007-02-20 13:43:09,121.494500,31.377800,  0, 22,0
70367,2007-02-20 13:44:11,121.518100,31.376600, 66, 45,0
70367,2007-02-20 13:45:12,121.526800,31.373100, 80, 67,0
70367,2007-02-20 13:46:13,121.536600,31.367600, 68, 45,0
70367,2007-02-20 13:47:14,121.546800,31.364600, 60, 67,0
70367,2007-02-20 13:48:14,121.551500,31.358000, 58, 67,0
70367,2007-02-20 13:49:16,121.555800,31.351100, 76, 67,0
70367,2007-02-20 13:50:17,121.560300,31.347000, 46, 45,0
70367,2007-02-20 13:51:18,121.567000,31.348600, 40, 45,0
70367,2007-02-20 13:52:19,121.570100,31.345800,  0, 90,0
70367,2007-02-20 13:53:19,121.572600,31.342800,  0, 67,0
70367,2007-02-20 13:54:21,121.577300,31.339000, 62, 67,0
70367,2007-02-20 13:55:22,121.578100,31.341600, 32,  0,0
70367,2007-02-20 13:56:23,121.579100,31.340600, 22, 67,0
70367,2007-02-20 13:57:24,121.581600,31.342800,  0, 22,0
70367,2007-02-20 13:58:24,121.580800,31.343600,  0,157,0
70367,2007-02-20 13:59:26,121.580300,31.343800, 10, 90,0
70367,2007-02-20 14:00:27,121.579100,31.340600, 34,157,0
70367,2007-02-20 14:01:28,121.578300,31.341300, 28, 67,0
70367,2007-02-20 14:02:29,121.581600,31.342800,  0, 22,0
70367,2007-02-20 14:03:29,121.578800,31.345100, 28,157,0
70367,2007-02-20 14:04:31,121.576800,31.346800, 10,112,0
70367,2007-02-20 14:05:32,121.575500,31.345300, 20,112,0
70367,2007-02-20 14:06:33,121.573000,31.347100, 34,112,0
70367,2007-02-20 14:07:34,121.570800,31.345500,  0,112,0
70367,2007-02-20 14:08:34,121.568000,31.343600, 12,112,0
70367,2007-02-20 14:09:05,121.567300,31.343100, 20,112,1
70367,2007-02-20 14:10:06,121.563300,31.340600,  0,112,1
70367,2007-02-20 14:11:07,121.565600,31.337100, 72, 67,1
70367,2007-02-20 14:12:08,121.568300,31.333500, 68, 67,1
70367,2007-02-20 14:13:09,121.573500,31.324500, 76, 90,1
70367,2007-02-20 14:14:09,121.573600,31.312800, 72, 90,1
70367,2007-02-20 14:15:11,121.573000,31.303000, 62,112,1
70367,2007-02-20 14:16:12,121.566600,31.293500, 26, 90,1
70367,2007-02-20 14:18:13,121.570500,31.292000, 32, 22,0
70367,2007-02-20 14:19:14,121.571300,31.293300,  0,  0,0
70367,2007-02-20 14:19:31,121.571300,31.293600,  8,  0,1
70367,2007-02-20 14:21:33,121.584300,31.290500, 70, 90,1
70367,2007-02-20 14:22:34,121.584100,31.282100, 10, 67,1
70367,2007-02-20 14:23:34,121.591800,31.282100, 44, 45,1
70367,2007-02-20 14:23:54,121.592100,31.282100,  0, 45,0
70367,2007-02-20 14:24:54,121.595300,31.282100, 34, 45,0
70367,2007-02-20 14:25:54,121.601300,31.282300, 48, 45,0
70367,2007-02-20 14:26:56,121.605800,31.283600, 26,  0,0
70367,2007-02-20 14:27:57,121.605800,31.286500, 56,  0,0
70367,2007-02-20 14:28:58,121.606300,31.292300, 54,  0,0
70367,2007-02-20 14:29:36,121.605300,31.294800, 24,157,1
70367,2007-02-20 14:30:36,121.600100,31.301100, 16,157,1
70367,2007-02-20 14:31:37,121.600100,31.312600, 86,  0,1
70367,2007-02-20 14:32:38,121.597300,31.324600, 90,157,1
70367,2007-02-20 14:33:39,121.592500,31.333100,  0,157,1
70367,2007-02-20 14:34:39,121.592000,31.333300, 42,135,1
70367,2007-02-20 14:36:42,121.583000,31.341100, 48,157,1
70367,2007-02-20 14:37:43,121.578600,31.345300, 30,157,1
70367,2007-02-20 14:37:47,121.578600,31.345500,  0,157,0
70367,2007-02-20 14:38:48,121.577100,31.349100, 36,157,0
70367,2007-02-20 14:39:49,121.574100,31.351000, 52,135,0
70367,2007-02-20 14:40:49,121.568800,31.349100, 26,135,1
70367,2007-02-20 14:42:51,121.556100,31.350800, 44,157,1
70367,2007-02-20 14:43:52,121.553300,31.355000, 46,157,1
70367,2007-02-20 14:44:53,121.549000,31.362100, 50,157,1
70367,2007-02-20 14:45:54,121.540000,31.361500, 44,135,1
70367,2007-02-20 14:46:54,121.538300,31.354800, 48,135,1
70367,2007-02-20 14:48:09,121.534600,31.353100,  0, 90,0
70367,2007-02-20 14:49:11,121.535000,31.354000, 16,  0,0
70367,2007-02-20 14:50:12,121.540300,31.354300, 62, 45,0
70367,2007-02-20 14:50:34,121.541800,31.354000, 12, 45,1
70367,2007-02-20 14:51:36,121.553000,31.354100, 60, 45,1
70367,2007-02-20 14:52:37,121.556500,31.350100, 74, 67,1
70367,2007-02-20 14:53:38,121.562600,31.341100, 60, 67,1
70367,2007-02-20 14:54:39,121.568000,31.343600, 28, 22,1
70367,2007-02-20 14:55:14,121.570100,31.345000,  0, 45,0
70367,2007-02-20 14:56:14,121.570600,31.345300, 18, 22,0
70367,2007-02-20 14:57:16,121.573800,31.346800, 16, 90,0
70367,2007-02-20 14:58:41,121.576800,31.349600, 44, 67,1
70367,2007-02-20 14:59:42,121.580300,31.344000, 42, 67,1
70367,2007-02-20 15:00:43,121.583600,31.340000, 48, 67,1
70367,2007-02-20 15:01:44,121.588100,31.333100, 32, 45,1
70367,2007-02-20 15:02:44,121.591800,31.333100,  0, 45,1
70367,2007-02-20 15:03:46,121.592000,31.333100, 18, 45,1
70367,2007-02-20 15:04:47,121.601100,31.333300, 76, 45,1
70367,2007-02-20 15:05:48,121.609000,31.339000, 58, 22,1
70367,2007-02-20 15:06:49,121.608100,31.341800, 54,157,1
70367,2007-02-20 15:07:49,121.608000,31.344500,  0,  0,0
70367,2007-02-20 15:08:49,121.608000,31.343600, 34, 90,0
70367,2007-02-20 15:09:51,121.604000,31.345100, 24,157,0
70367,2007-02-20 15:10:52,121.595600,31.351600, 80,157,0
70367,2007-02-20 15:11:53,121.585600,31.356800, 64,135,0
70367,2007-02-20 15:12:54,121.581300,31.356600,  0,135,0
70367,2007-02-20 15:13:54,121.579800,31.352600, 52,135,0
70367,2007-02-20 15:14:56,121.572600,31.350300, 56,135,0
70367,2007-02-20 15:15:57,121.570100,31.346000, 38, 90,0
70367,2007-02-20 15:16:40,121.569500,31.344600, 18,112,1
70367,2007-02-20 15:17:41,121.564000,31.341000, 56,112,1
70367,2007-02-20 15:18:42,121.558000,31.347300, 80,157,1
70367,2007-02-20 15:20:44,121.548100,31.363300, 72,157,1
70367,2007-02-20 15:21:44,121.539600,31.367100, 58,135,1
70367,2007-02-20 15:22:32,121.534300,31.367100,  0,112,0
70367,2007-02-20 15:23:32,121.534000,31.366800, 18, 22,0
70367,2007-02-20 15:24:33,121.540500,31.366800, 58, 45,0
70367,2007-02-20 15:25:34,121.548000,31.363300, 34, 67,0
70367,2007-02-20 15:26:35,121.552100,31.356100, 64, 67,0
70367,2007-02-20 15:27:36,121.555600,31.351300, 68, 67,0
70367,2007-02-20 15:28:37,121.560500,31.343600,  6, 67,0
70367,2007-02-20 15:28:42,121.560600,31.343500, 26, 67,1
70367,2007-02-20 15:29:42,121.563100,31.340100, 60, 67,1
70367,2007-02-20 15:30:43,121.568600,31.337800, 64, 22,1
70367,2007-02-20 15:31:44,121.572800,31.342500, 22, 45,1
70367,2007-02-20 15:32:45,121.580500,31.337500, 18, 22,1
70367,2007-02-20 15:33:11,121.581300,31.338300,  0, 22,0
70367,2007-02-20 15:34:11,121.583300,31.340300, 18, 22,0
70367,2007-02-20 15:35:12,121.581800,31.342800, 18,157,0
70367,2007-02-20 15:36:13,121.578500,31.345500, 42,157,0
70367,2007-02-20 15:37:14,121.576600,31.349800, 22,157,0
70367,2007-02-20 15:38:15,121.573000,31.350500,  4,135,0
70367,2007-02-20 15:39:16,121.569300,31.349100, 14,112,0
70367,2007-02-20 15:40:17,121.570300,31.345000,  8, 90,0
70367,2007-02-20 15:41:18,121.570500,31.345300,  8,  0,0
70367,2007-02-20 15:42:19,121.572000,31.350000, 66, 45,0
70367,2007-02-20 15:43:20,121.581000,31.352800, 64, 45,0
70367,2007-02-20 15:44:21,121.584100,31.354500, 28, 45,0
70367,2007-02-20 15:46:23,121.581800,31.354000, 12,135,0
70367,2007-02-20 15:47:24,121.577100,31.351600, 42,135,0
70367,2007-02-20 15:49:26,121.569600,31.347100, 44, 90,0
70367,2007-02-20 15:50:26,121.569000,31.344300, 32,112,0
70367,2007-02-20 15:51:27,121.566500,31.346600, 40,157,0
70367,2007-02-20 15:52:28,121.568800,31.349000, 12, 45,0
70367,2007-02-20 15:53:29,121.570300,31.345500,  0, 67,0
70367,2007-02-20 15:55:31,121.574800,31.345300, 26, 67,0
70367,2007-02-20 15:56:20,121.575500,31.345300, 20, 22,1
70367,2007-02-20 15:57:20,121.577000,31.347000, 28, 22,1
70367,2007-02-20 15:58:21,121.580600,31.343600, 30, 67,1
70367,2007-02-20 15:59:22,121.582600,31.341800, 22, 22,1
70367,2007-02-20 16:00:05,121.584600,31.343100,  0, 22,0
70367,2007-02-20 16:01:05,121.584300,31.342800, 12, 67,0
70367,2007-02-20 16:02:06,121.582000,31.342300,  8,157,0
70367,2007-02-20 16:03:07,121.578800,31.345100, 30,157,0
70367,2007-02-20 16:04:08,121.576100,31.347000, 32,157,0
70367,2007-02-20 16:05:09,121.573800,31.346800, 28, 67,0
70367,2007-02-20 16:06:10,121.574800,31.345500,  0, 67,0
70367,2007-02-20 16:07:11,121.572800,31.343000, 24,135,0
70367,2007-02-20 16:08:12,121.570600,31.345100, 14,157,0
70367,2007-02-20 16:09:13,121.567500,31.344500, 40,  0,0
70367,2007-02-20 16:10:14,121.567500,31.348800, 50, 45,0
70367,2007-02-20 16:11:15,121.570600,31.345300, 14, 22,0
70367,2007-02-20 16:12:16,121.573600,31.347300, 24, 67,0
70367,2007-02-20 16:13:17,121.574300,31.344000, 38,135,0
70367,2007-02-20 16:14:18,121.570500,31.345500, 18,157,0
70367,2007-02-20 16:15:19,121.570300,31.349500, 50, 45,0
70367,2007-02-20 16:16:20,121.576300,31.351500, 42, 22,0
70367,2007-02-20 16:17:21,121.581500,31.351000, 42, 67,0
70367,2007-02-20 16:19:23,121.579500,31.344500, 36, 67,0
70367,2007-02-20 16:20:24,121.582300,31.342000, 22, 67,0
70367,2007-02-20 16:21:25,121.585800,31.341500, 32, 22,0
70367,2007-02-20 16:22:26,121.587500,31.342100, 10,112,0
70367,2007-02-20 16:23:27,121.584300,31.340800, 34,112,0
70367,2007-02-20 16:24:28,121.581800,31.342800, 22,157,0
70367,2007-02-20 16:25:29,121.578500,31.345600, 46,157,0
70367,2007-02-20 16:27:31,121.575600,31.350100, 28,  0,0
70367,2007-02-20 16:28:32,121.570500,31.349600, 46,135,0
70367,2007-02-20 16:29:33,121.570000,31.346100, 20, 90,0
70367,2007-02-20 16:30:34,121.569300,31.344500, 42,112,0
70367,2007-02-20 16:31:35,121.566600,31.346100, 38,157,0
70367,2007-02-20 16:33:37,121.557500,31.348100, 64,157,0
70367,2007-02-20 16:34:38,121.556500,31.352100,  0, 45,0
70367,2007-02-20 16:35:39,121.555600,31.352000,  0,135,0
70367,2007-02-20 16:37:41,121.565100,31.348100, 40, 45,0
70367,2007-02-20 16:38:42,121.568500,31.349000, 18, 45,0
70367,2007-02-20 16:39:43,121.572000,31.350000, 52, 45,0
70367,2007-02-20 16:40:44,121.576600,31.350000, 24, 67,0
70367,2007-02-20 16:41:45,121.577800,31.347100, 36, 90,0
70367,2007-02-20 16:42:46,121.581000,31.343500, 14, 67,0
70367,2007-02-20 16:43:47,121.584300,31.344500, 24,135,0
70367,2007-02-20 16:44:48,121.584300,31.344500,  0, 22,0
70367,2007-02-20 16:46:50,121.578300,31.346000, 48,  0,0
70367,2007-02-20 16:47:51,121.576100,31.350100, 26,135,0
70367,2007-02-20 16:48:52,121.573500,31.350600, 38,135,0
70367,2007-02-20 16:49:53,121.569300,31.349300,  6,135,0
70367,2007-02-20 16:50:54,121.570300,31.345300,  0, 90,0
70367,2007-02-20 16:51:55,121.572600,31.342800, 18, 67,0
70367,2007-02-20 16:52:56,121.575600,31.340100, 82, 67,0
70367,2007-02-20 16:53:57,121.581600,31.342600, 32, 22,0
70367,2007-02-20 16:54:58,121.582000,31.342600, 10,157,0
70367,2007-02-20 16:55:59,121.578100,31.346100, 44,  0,0
70367,2007-02-20 16:57:00,121.575500,31.347600, 20,157,0
70367,2007-02-20 16:59:02,121.570000,31.346600,  6,157,0
70367,2007-02-20 17:00:03,121.569000,31.349000, 12, 90,0
70367,2007-02-20 17:01:04,121.569600,31.344600, 34,112,0
70367,2007-02-20 17:02:05,121.568800,31.343600,  0, 67,0
70367,2007-02-20 17:03:06,121.570300,31.345000, 12, 22,0
70367,2007-02-20 17:04:07,121.569000,31.349800, 14,  0,0
70367,2007-02-20 17:05:08,121.569500,31.349600,  0, 22,0
70367,2007-02-20 17:06:09,121.568500,31.350800, 14,157,0
70367,2007-02-20 17:07:10,121.565500,31.348300, 44,135,0
70367,2007-02-20 17:08:11,121.562300,31.347300, 18, 45,0
70367,2007-02-20 17:09:12,121.566500,31.348500, 32, 45,0
70367,2007-02-20 17:10:13,121.568000,31.349000,  0,135,0
70367,2007-02-20 17:10:21,121.568000,31.349000, 16,135,1
70367,2007-02-20 17:11:22,121.563500,31.347800, 38,135,1
70367,2007-02-20 17:12:23,121.558000,31.347100, 46,157,1
70367,2007-02-20 17:13:24,121.554300,31.354000,  0,157,1
70367,2007-02-20 17:14:25,121.550500,31.359600, 58,157,1
70367,2007-02-20 17:15:26,121.547000,31.364600, 46,157,1
70367,2007-02-20 17:16:27,121.541600,31.366500, 44,135,1
70367,2007-02-20 17:17:28,121.534000,31.368000, 48,157,1
70367,2007-02-20 17:18:29,121.527600,31.372800, 68,157,1
70367,2007-02-20 17:19:30,121.520600,31.378500, 40,157,1
70367,2007-02-20 17:19:44,121.520600,31.379300,  0,  0,0
70367,2007-02-20 17:20:44,121.521100,31.377800, 54, 67,0
70367,2007-02-20 17:21:45,121.526300,31.373300, 36, 67,0
70367,2007-02-20 17:23:47,121.538100,31.367500,  6, 45,0
70367,2007-02-20 17:24:48,121.544600,31.365500, 44, 67,0
70367,2007-02-20 17:25:49,121.548500,31.362600, 42, 67,0
70367,2007-02-20 17:26:50,121.552500,31.355500, 54, 67,0
70367,2007-02-20 17:27:51,121.557000,31.349000, 64, 67,0
70367,2007-02-20 17:28:52,121.561800,31.347100, 44, 45,0
70367,2007-02-20 17:29:53,121.565600,31.348300,  0, 45,0
70367,2007-02-20 17:30:54,121.569800,31.346600, 36, 90,0
70367,2007-02-20 17:32:56,121.570600,31.339800, 52,112,0
70367,2007-02-20 17:33:57,121.566300,31.336100, 46,157,0
70367,2007-02-20 17:34:58,121.565000,31.341600, 42, 22,0
70367,2007-02-20 17:35:59,121.567300,31.344600, 40,157,0
70367,2007-02-20 17:38:01,121.573800,31.350600, 50, 45,0
70367,2007-02-20 17:39:02,121.577100,31.349100, 44, 67,0
70367,2007-02-20 17:40:03,121.575800,31.345600, 30,112,0
70367,2007-02-20 17:41:04,121.575300,31.345100,  0,112,0
70367,2007-02-20 17:42:05,121.573000,31.343000,  6,112,0
70367,2007-02-20 17:43:06,121.570000,31.339000, 44,112,0
70367,2007-02-20 17:44:07,121.568000,31.339100,  0,112,0
70367,2007-02-20 17:45:08,121.568000,31.339100,  0,112,0
70367,2007-02-20 17:46:09,121.568000,31.339100,  0,112,0
70367,2007-02-20 17:47:10,121.568000,31.339100,  0,112,0
70367,2007-02-20 17:48:11,121.568000,31.339100,  0,112,0
70367,2007-02-20 17:49:12,121.568000,31.339100,  0,112,0
70367,2007-02-20 17:50:13,121.568000,31.339100,  0,112,0
70367,2007-02-20 17:51:14,121.568000,31.339100,  0,112,0
70367,2007-02-20 17:52:15,121.568000,31.339100,  0,112,0
70367,2007-02-20 17:53:16,121.568000,31.339100,  0,112,0
70367,2007-02-20 17:54:17,121.568000,31.339100,  0,112,0
70367,2007-02-20 17:55:18,121.568000,31.339100,  0,112,0
70367,2007-02-20 17:56:19,121.568000,31.339100,  0,112,0
70367,2007-02-20 17:57:20,121.568000,31.339100,  0,112,0
70367,2007-02-20 17:58:21,121.568000,31.339100,  0,112,0
70367,2007-02-20 17:59:22,121.568000,31.339100,  0,112,0
70367,2007-02-20 18:01:24,121.568000,31.339100,  0,112,0
70367,2007-02-20 18:02:25,121.568000,31.339100,  0,112,0
70367,2007-02-20 18:03:26,121.568000,31.339100,  0,112,0
70367,2007-02-20 18:04:27,121.568000,31.339100,  0,112,0
70367,2007-02-20 18:05:28,121.568000,31.339100,  0,112,0
70367,2007-02-20 18:06:48,121.568000,31.339100,  0,112,0
70367,2007-02-20 18:07:49,121.568000,31.339100,  0,112,0
70367,2007-02-20 18:08:50,121.568000,31.339100,  0,112,0
70367,2007-02-20 18:09:51,121.568000,31.339100,  0,112,0
70367,2007-02-20 18:10:52,121.568000,31.339100,  0,112,0
70367,2007-02-20 18:11:53,121.568000,31.339100,  0,112,0
70367,2007-02-20 18:12:54,121.568000,31.339100,  0,112,0
70367,2007-02-20 18:14:56,121.568000,31.339100,  0,112,0
70367,2007-02-20 18:15:57,121.568000,31.339100,  0,112,0
70367,2007-02-20 18:16:58,121.568000,31.339100,  0,112,0
70367,2007-02-20 18:17:59,121.568000,31.339100,  0,112,0
70367,2007-02-20 18:19:00,121.568000,31.339100,  0,112,0
70367,2007-02-20 18:20:01,121.568000,31.339100,  0,112,0
70367,2007-02-20 18:21:02,121.568000,31.339100,  0,112,0
70367,2007-02-20 18:22:03,121.568000,31.339100,  0,112,0
70367,2007-02-20 18:23:04,121.568000,31.339100,  0,112,0
70367,2007-02-20 18:24:05,121.568000,31.339100,  0,112,0
70367,2007-02-20 18:25:06,121.568000,31.339100,  0,112,0
70367,2007-02-20 18:26:07,121.568000,31.339100,  0,112,0
70367,2007-02-20 18:27:08,121.568000,31.339100,  0,112,0
70367,2007-02-20 18:29:10,121.568000,31.339100,  0,112,0
70367,2007-02-20 18:30:11,121.568600,31.338500, 26, 67,0
70367,2007-02-20 18:31:12,121.569300,31.342000, 52,157,0
70367,2007-02-20 18:32:13,121.566500,31.346800, 18,157,0
70367,2007-02-20 18:33:14,121.567500,31.348600,  0, 45,0
70367,2007-02-20 18:34:15,121.570300,31.345500, 10, 67,0
70367,2007-02-20 18:35:13,121.571500,31.344000, 24, 67,1
70367,2007-02-20 18:36:13,121.571500,31.341100, 30,112,1
70367,2007-02-20 18:37:14,121.567100,31.335800, 36,112,1
70367,2007-02-20 18:38:15,121.569000,31.332600, 66, 67,1
70367,2007-02-20 18:39:16,121.571800,31.327100,  0,112,0
70367,2007-02-20 18:40:16,121.572500,31.327500, 10, 67,0
70367,2007-02-20 18:41:17,121.569500,31.332100, 34,157,0
70367,2007-02-20 18:42:18,121.568500,31.337600, 48, 22,0
70367,2007-02-20 18:43:19,121.571100,31.340600,  4,  0,0
70367,2007-02-20 18:44:20,121.568600,31.344000, 24, 22,0
70367,2007-02-20 18:45:08,121.571000,31.344600, 46, 67,1
70367,2007-02-20 18:46:08,121.578100,31.338600, 38, 22,1
70367,2007-02-20 18:47:08,121.582100,31.342500, 34, 67,1
70367,2007-02-20 18:48:10,121.584800,31.342100,  0, 90,1
70367,2007-02-20 18:48:18,121.584800,31.342100,  0, 90,0
70367,2007-02-20 18:49:18,121.583800,31.342300, 32,135,0
70367,2007-02-20 18:50:19,121.580600,31.343600, 38,157,0
70367,2007-02-20 18:51:20,121.577600,31.348100, 34,  0,0
70367,2007-02-20 18:52:21,121.575300,31.350800, 18,  0,0
70367,2007-02-20 18:53:22,121.571100,31.349800, 14,135,0
70367,2007-02-20 18:55:24,121.568600,31.349000, 30, 45,0
70367,2007-02-20 18:56:25,121.570600,31.345000, 40, 67,0
70367,2007-02-20 18:57:26,121.571600,31.341500, 14,157,0
70367,2007-02-20 18:58:27,121.570800,31.341500,  0,112,0
70367,2007-02-20 18:59:28,121.571100,31.341800,  6, 45,0
70367,2007-02-20 19:00:29,121.569000,31.342300, 42,157,0
70367,2007-02-20 19:01:30,121.570100,31.345000, 34, 22,0
70367,2007-02-20 19:01:48,121.570600,31.345000, 22, 67,1
70367,2007-02-20 19:02:48,121.571100,31.340600, 38,112,1
70367,2007-02-20 19:03:50,121.569100,31.340100,  0,135,1
70367,2007-02-20 19:05:53,121.569000,31.342300, 40,157,0
70367,2007-02-20 19:06:55,121.570300,31.345000, 12, 22,0
70367,2007-02-20 19:07:56,121.570100,31.345100,  0,112,0
70367,2007-02-20 19:08:36,121.570100,31.345000,  6,135,1
70367,2007-02-20 19:09:36,121.568000,31.343600, 22,112,1
70367,2007-02-20 19:10:37,121.563100,31.340500, 18,112,1
70367,2007-02-20 19:11:38,121.565600,31.333600, 66,112,1
70367,2007-02-20 19:12:38,121.564500,31.327800, 42, 90,1
70367,2007-02-20 19:13:40,121.562500,31.321100, 16,112,1
70367,2007-02-20 19:14:02,121.561600,31.321100,  0,112,0
70367,2007-02-20 19:15:02,121.561600,31.321100,  0,112,0
70367,2007-02-20 19:16:03,121.562800,31.322800, 54,  0,0
70367,2007-02-20 19:17:03,121.564300,31.330500, 24,  0,0
70367,2007-02-20 19:18:05,121.565000,31.333000,  0, 22,0
70367,2007-02-20 19:18:15,121.565100,31.333000, 16, 22,1
70367,2007-02-20 19:20:17,121.580600,31.333100, 64, 45,1
70367,2007-02-20 19:21:18,121.590800,31.333100, 64, 45,1
70367,2007-02-20 19:22:18,121.597100,31.324500, 84, 67,1
70367,2007-02-20 19:23:20,121.599800,31.318800,  0, 90,1
70367,2007-02-20 19:24:21,121.599800,31.312000, 92, 90,1
70367,2007-02-20 19:25:22,121.600000,31.301100,  0, 90,1
70367,2007-02-20 19:26:23,121.600000,31.301100,  0, 90,1
70367,2007-02-20 19:27:23,121.605600,31.301600, 74, 22,1
70367,2007-02-20 19:28:25,121.611100,31.299500, 80, 90,1
70367,2007-02-20 19:29:26,121.614300,31.295500, 34, 90,1
70367,2007-02-20 19:30:12,121.614600,31.293500,  0, 90,0
70367,2007-02-20 19:31:53,121.614500,31.294300, 12,157,1
70367,2007-02-20 19:32:53,121.621000,31.296100, 48, 90,1
70367,2007-02-20 19:33:55,121.621000,31.283300, 74, 90,1
70367,2007-02-20 19:34:56,121.623100,31.281800, 72, 45,1
70367,2007-02-20 19:35:57,121.633600,31.281300, 80, 45,1
70367,2007-02-20 19:36:58,121.646300,31.277800, 56, 45,1
70367,2007-02-20 19:37:50,121.648500,31.275100,  0, 90,0
70367,2007-02-20 19:38:51,121.649600,31.273100, 30, 67,0
70367,2007-02-20 19:39:52,121.648500,31.275100, 22,157,0
70367,2007-02-20 19:40:53,121.647000,31.277500, 30,135,0
70367,2007-02-20 19:41:53,121.644300,31.276300, 20,112,0
70367,2007-02-20 19:41:55,121.644100,31.276300, 28,112,1
70367,2007-02-20 19:42:55,121.642000,31.275000, 50, 22,1
70367,2007-02-20 19:43:56,121.651600,31.278500, 84, 45,1
70367,2007-02-20 19:44:57,121.659000,31.279500, 68, 45,1
70367,2007-02-20 19:45:58,121.663500,31.280300, 34, 22,1
70367,2007-02-20 19:46:58,121.665100,31.285300, 58,157,1
70367,2007-02-20 19:48:00,121.660300,31.294300, 52,157,1
70367,2007-02-20 19:49:01,121.657100,31.299800, 34,157,1
70367,2007-02-20 19:50:02,121.656500,31.304000, 58, 45,1
70367,2007-02-20 19:51:51,121.668100,31.303300,  0, 90,0
70367,2007-02-20 19:52:52,121.668000,31.303800, 34,  0,0
70367,2007-02-20 19:53:53,121.662300,31.304800, 44,135,0
70367,2007-02-20 19:55:55,121.656600,31.300500, 42, 67,0
70367,2007-02-20 19:56:56,121.658800,31.297000,  0,  0,0
70367,2007-02-20 19:57:16,121.658800,31.297100, 12,157,1
70367,2007-02-20 19:58:16,121.655000,31.303100, 48,157,1
70367,2007-02-20 19:59:17,121.647800,31.302500, 60,112,1
70367,2007-02-20 20:00:18,121.639000,31.298800, 56,112,1
70367,2007-02-20 20:01:18,121.629800,31.295600, 72,135,1
70367,2007-02-20 20:02:20,121.620600,31.292500, 50,135,1
70367,2007-02-20 20:03:21,121.612800,31.290100, 62,112,1
70367,2007-02-20 20:04:22,121.606300,31.291500, 42,  0,1
70367,2007-02-20 20:05:23,121.603500,31.296800,  0,157,1
70367,2007-02-20 20:06:23,121.600500,31.301000, 20,135,1
70367,2007-02-20 20:08:26,121.598100,31.323100, 96,157,1
70367,2007-02-20 20:09:27,121.592300,31.333000,  0,157,1
70367,2007-02-20 20:10:28,121.592300,31.333000,  0,157,1
70367,2007-02-20 20:11:28,121.590600,31.336000, 84,157,1
70367,2007-02-20 20:12:30,121.584100,31.347100, 98,157,1
70367,2007-02-20 20:13:31,121.582000,31.349800, 38,112,1
70367,2007-02-20 20:13:47,121.580800,31.349500,  0,135,0
70367,2007-02-20 20:14:48,121.579800,31.349100, 38,135,0
70367,2007-02-20 20:15:48,121.578000,31.347100, 44, 90,0
70367,2007-02-20 20:16:50,121.578300,31.345800, 26,157,0
70367,2007-02-20 20:17:51,121.575100,31.349300, 50,112,0
70367,2007-02-20 20:18:52,121.571300,31.345800,  0,112,0
70367,2007-02-20 20:19:53,121.570300,31.345800, 38,  0,0
70367,2007-02-20 20:20:53,121.570600,31.349600, 52, 45,0
70367,2007-02-20 20:22:56,121.569600,31.349300, 42,135,0
70367,2007-02-20 20:23:48,121.569000,31.349000, 24, 67,1
70367,2007-02-20 20:24:48,121.571100,31.344300, 56, 67,1
70367,2007-02-20 20:25:50,121.576500,31.339300, 84, 67,1
70367,2007-02-20 20:27:51,121.585300,31.338000, 32, 22,1
70367,2007-02-20 20:28:16,121.587600,31.338800,  0, 45,0
70367,2007-02-20 20:29:17,121.584800,31.338300,  0,157,0
70367,2007-02-20 20:29:36,121.584800,31.338100, 18, 67,1
70367,2007-02-20 20:30:37,121.584500,31.333300, 18, 67,1
70367,2007-02-20 20:31:37,121.585000,31.326800, 50, 90,1
70367,2007-02-20 20:32:39,121.585000,31.315000, 96, 90,1
70367,2007-02-20 20:33:40,121.585000,31.306100, 22, 90,1
70367,2007-02-20 20:34:41,121.584600,31.298300, 14, 90,1
70367,2007-02-20 20:35:42,121.584300,31.292000, 32, 90,1
70367,2007-02-20 20:36:42,121.583800,31.282600, 64, 90,1
70367,2007-02-20 20:37:44,121.583600,31.276500,  0, 90,1
70367,2007-02-20 20:38:45,121.583300,31.271600, 14,112,1
70367,2007-02-20 20:39:46,121.581000,31.270300, 22, 67,1
70367,2007-02-20 20:40:47,121.582600,31.269800,  0, 22,0
70367,2007-02-20 20:41:47,121.582600,31.269800,  0, 22,0
70367,2007-02-20 20:42:47,121.581000,31.271100, 28, 22,0
70367,2007-02-20 20:43:49,121.580100,31.273100, 36,157,0
70367,2007-02-20 20:44:50,121.578000,31.276600, 12, 22,0
70367,2007-02-20 20:45:32,121.577800,31.276600, 20,112,1
70367,2007-02-20 20:46:32,121.578800,31.274300, 16, 67,1
70367,2007-02-20 20:47:32,121.582800,31.271500, 36, 45,1
70367,2007-02-20 20:49:35,121.580300,31.262500, 34,112,1
70367,2007-02-20 20:50:36,121.577800,31.259600,  0,112,1
70367,2007-02-20 20:51:37,121.577000,31.258800,  0,112,1
70367,2007-02-20 20:52:37,121.577000,31.258600,  8, 90,1
70367,2007-02-20 20:53:39,121.581000,31.257100, 28, 67,1
70367,2007-02-20 20:54:40,121.581800,31.252500, 50,112,1
70367,2007-02-20 20:55:16,121.581300,31.252300,  0, 22,0
70367,2007-02-20 20:56:17,121.581100,31.252300,  4,112,0
70367,2007-02-20 20:58:19,121.576600,31.252300, 24,  0,0
70367,2007-02-20 21:00:21,121.577300,31.258300,  0,135,0
70367,2007-02-20 21:01:22,121.574500,31.259800, 42,157,0
70367,2007-02-20 21:02:22,121.571300,31.262300, 58,157,0
70367,2007-02-20 21:03:24,121.566600,31.268600, 24, 22,0
70367,2007-02-20 21:04:25,121.569800,31.271100, 50, 22,0
70367,2007-02-20 21:05:26,121.572000,31.275300, 18,  0,0
70367,2007-02-20 21:06:47,121.572800,31.278600, 42,  0,1
70367,2007-02-20 21:08:49,121.570300,31.291100, 44,  0,1
70367,2007-02-20 21:09:50,121.571300,31.293600, 16,  0,1
70367,2007-02-20 21:10:51,121.571600,31.296800,  4,  0,1
70367,2007-02-20 21:11:34,121.572300,31.297600,  0, 45,0
70367,2007-02-20 21:12:35,121.572300,31.297600,  0,157,0
70367,2007-02-20 21:13:36,121.571300,31.295300, 34, 90,0
70367,2007-02-20 21:14:37,121.571300,31.293800, 12, 90,0
70367,2007-02-20 21:15:37,121.567100,31.294500, 36, 22,0
70367,2007-02-20 21:16:39,121.569100,31.297100, 34, 22,0
70367,2007-02-20 21:17:40,121.565800,31.294600, 56,157,0
70367,2007-02-20 21:19:42,121.562800,31.305100, 12,  0,0
70367,2007-02-20 21:20:42,121.562100,31.309100, 36,  0,0
70367,2007-02-20 21:21:02,121.562500,31.310800, 36,  0,0
70367,2007-02-20 21:21:12,121.562500,31.311800, 50,  0,0
70367,2007-02-20 21:21:27,121.562000,31.314100, 64,  0,0
70367,2007-02-20 21:21:44,121.562300,31.316600, 56,  0,0
70367,2007-02-20 21:22:00,121.562000,31.318500, 52,  0,0
70367,2007-02-20 21:22:16,121.562500,31.320800, 72,  0,0
70367,2007-02-20 21:22:32,121.563000,31.323100, 52,  0,0
70367,2007-02-20 21:22:47,121.563300,31.325500, 74,  0,0
70367,2007-02-20 21:23:04,121.564500,31.327800, 54,  0,0
70367,2007-02-20 21:23:20,121.564500,31.330000, 56,  0,0
70367,2007-02-20 21:23:36,121.564300,31.331600, 42,  0,0
70367,2007-02-20 21:23:52,121.565000,31.333000, 48, 22,0
70367,2007-02-20 21:24:07,121.566300,31.334300, 44, 22,0
70367,2007-02-20 21:24:26,121.567000,31.335300, 18, 22,0
70367,2007-02-20 21:24:55,121.567500,31.336100, 48, 22,0
70367,2007-02-20 21:25:11,121.568600,31.338000, 58, 22,0
70367,2007-02-20 21:25:27,121.570600,31.339500, 60, 22,0
70367,2007-02-20 21:25:42,121.571000,31.341000, 44,157,0
70367,2007-02-20 21:25:59,121.569000,31.342300, 60,157,0
70367,2007-02-20 21:26:15,121.567800,31.343600, 16,157,0
70367,2007-02-20 21:27:16,121.567600,31.344000, 28,157,0
70367,2007-02-20 21:27:32,121.567100,31.345500, 36,157,0
70367,2007-02-20 21:27:47,121.566500,31.346800, 50,157,0
70367,2007-02-20 21:28:04,121.565800,31.348100, 12,  0,0
70367,2007-02-20 21:28:20,121.567000,31.348600, 36, 45,0
70367,2007-02-20 21:28:36,121.568500,31.349000, 38, 45,0
70367,2007-02-20 21:28:52,121.569500,31.348000, 52, 90,0
70367,2007-02-20 21:29:07,121.570000,31.346100, 50, 90,0
70367,2007-02-20 21:29:39,121.570600,31.345300, 18, 45,0
70367,2007-02-20 21:29:55,121.571600,31.346000, 32, 22,0
70367,2007-02-20 21:30:11,121.572800,31.347000, 42, 22,0
70367,2007-02-20 21:30:29,121.573600,31.347500, 24,  0,0
70367,2007-02-20 21:30:45,121.574500,31.348500, 18, 22,0
70367,2007-02-20 21:31:14,121.575300,31.347800, 38, 67,0
70367,2007-02-20 21:31:57,121.576100,31.347000, 34, 67,0
70367,2007-02-20 21:32:12,121.576300,31.346100, 38,112,0
70367,2007-02-20 21:32:29,121.575300,31.345100,  2,112,0
70367,2007-02-20 21:33:30,121.575000,31.344100, 42,112,0
70367,2007-02-20 21:33:46,121.573300,31.343300, 40,112,0
70367,2007-02-20 21:34:02,121.572100,31.341800, 64,112,0
70367,2007-02-20 21:34:17,121.570800,31.341000, 38,157,0
70367,2007-02-20 21:34:34,121.569300,31.341800, 34,112,0
70367,2007-02-20 21:34:50,121.567600,31.340500, 50,112,0
70367,2007-02-20 21:35:06,121.566600,31.339600,  0,135,0
70367,2007-02-20 21:36:01,121.567500,31.340300, 44, 22,0
70367,2007-02-20 21:36:17,121.569300,31.341600, 46, 22,0
70367,2007-02-20 21:36:32,121.568800,31.342500, 50,157,0
70367,2007-02-20 21:36:49,121.568000,31.343500, 10,  0,0
70367,2007-02-20 21:37:14,121.569000,31.344100, 10, 22,0
70367,2007-02-20 21:37:30,121.570000,31.344800, 44, 22,0
70367,2007-02-20 21:38:17,121.571000,31.345500, 22, 22,0
70367,2007-02-20 21:38:32,121.571800,31.346100, 36, 22,0
70367,2007-02-20 21:38:49,121.573000,31.347000, 36, 22,0
70367,2007-02-20 21:39:05,121.574000,31.347800, 28, 22,0
70367,2007-02-20 21:39:22,121.574600,31.348300, 24, 67,0
70367,2007-02-20 21:40:30,121.576600,31.346600, 14, 45,0
70367,2007-02-20 21:40:46,121.577600,31.347500, 20, 45,0
70367,2007-02-20 21:41:02,121.578100,31.346100, 50, 90,0
70367,2007-02-20 21:41:17,121.579100,31.344600, 46, 67,0
70367,2007-02-20 21:41:34,121.580300,31.343800, 20, 67,0
70367,2007-02-20 21:41:50,121.581300,31.343100, 26, 67,0
70367,2007-02-20 21:42:16,121.582000,31.342500, 20, 67,0
70367,2007-02-20 21:42:56,121.582500,31.341800, 12, 67,1
70367,2007-02-20 21:43:57,121.584500,31.338800, 46, 67,1
70367,2007-02-20 21:44:57,121.587800,31.333300, 16, 67,1
70367,2007-02-20 21:45:59,121.592500,31.332600, 52, 67,1
70367,2007-02-20 21:47:00,121.598300,31.322300, 94, 67,1
70367,2007-02-20 21:48:01,121.600000,31.315600, 80, 90,1
70367,2007-02-20 21:49:02,121.600000,31.303600, 66, 90,1
70367,2007-02-20 21:50:02,121.600000,31.295600, 88, 90,1
70367,2007-02-20 21:51:04,121.600000,31.284000, 74, 90,1
70367,2007-02-20 21:52:05,121.600000,31.275000, 86, 90,1
70367,2007-02-20 21:53:06,121.599500,31.264800, 50, 90,1
70367,2007-02-20 21:54:07,121.597800,31.258800, 64,112,1
70367,2007-02-20 21:55:07,121.589800,31.252800, 68,112,1
70367,2007-02-20 21:56:09,121.578100,31.245300, 90,112,1
70367,2007-02-20 21:57:10,121.569500,31.241500, 64,112,1
70367,2007-02-20 21:58:11,121.564500,31.243300, 40,157,1
70367,2007-02-20 21:59:12,121.561300,31.245500, 54,112,1
70367,2007-02-20 22:00:12,121.556300,31.241800,  0,112,1
70367,2007-02-20 22:01:14,121.554300,31.243600,  0,157,1
70367,2007-02-20 22:02:15,121.551000,31.246600, 38,157,1
70367,2007-02-20 22:03:12,121.546000,31.249500,  0,135,0
70367,2007-02-20 22:03:27,121.546000,31.249500,  0,135,0
70367,2007-02-20 22:04:24,121.546600,31.249000, 20, 67,0
70367,2007-02-20 22:04:40,121.547800,31.248500, 34, 67,0
70367,2007-02-20 22:05:12,121.550500,31.246800,  0, 67,0
70367,2007-02-20 22:05:36,121.551500,31.246800, 34, 22,0
70367,2007-02-20 22:05:52,121.553000,31.247800, 30, 22,0
70367,2007-02-20 22:06:21,121.553800,31.248300, 26, 22,0
70367,2007-02-20 22:06:37,121.555100,31.249100, 26, 22,0
70367,2007-02-20 22:07:32,121.558600,31.251300, 40, 22,0
70367,2007-02-20 22:07:49,121.559800,31.252000, 18, 22,0
70367,2007-02-20 22:08:10,121.560600,31.252600, 36, 22,0
70367,2007-02-20 22:08:29,121.561100,31.252800, 32, 45,1
70367,2007-02-20 22:09:30,121.564100,31.254800, 36, 22,1
70367,2007-02-20 22:11:32,121.573100,31.244300, 38, 22,1
70367,2007-02-20 22:12:32,121.577500,31.246600, 30, 22,1
70367,2007-02-20 22:13:32,121.580800,31.248100,  0, 22,0
70367,2007-02-20 22:13:47,121.580800,31.248100,  0, 22,0
70367,2007-02-20 22:14:46,121.580000,31.248300, 26, 22,0
70367,2007-02-20 22:15:17,121.579600,31.250100, 12,157,0
70367,2007-02-20 22:16:10,121.577000,31.252000, 50,157,0
70367,2007-02-20 22:16:26,121.576800,31.253000, 36, 22,0
70367,2007-02-20 22:16:42,121.577800,31.254300, 44, 22,0
70367,2007-02-20 22:16:57,121.578800,31.255600, 46, 22,0
70367,2007-02-20 22:17:14,121.580000,31.256600, 26, 22,0
70367,2007-02-20 22:17:30,121.580600,31.257500, 22,157,0
70367,2007-02-20 22:17:46,121.579100,31.258100, 48,135,0
70367,2007-02-20 22:18:02,121.577100,31.258500, 26,135,0
70367,2007-02-20 22:19:02,121.576800,31.258600, 14,135,0
70367,2007-02-20 22:19:19,121.575600,31.259100, 50,157,0
70367,2007-02-20 22:19:35,121.573800,31.260300, 54,157,0
70367,2007-02-20 22:19:51,121.572000,31.261600, 62,157,0
70367,2007-02-20 22:20:07,121.570500,31.263500, 50,157,0
70367,2007-02-20 22:20:24,121.569800,31.264300, 24,157,0
70367,2007-02-20 22:20:40,121.569000,31.265600, 56,157,0
70367,2007-02-20 22:20:56,121.567500,31.267300, 48,157,0
70367,2007-02-20 22:21:27,121.567500,31.269300, 24, 22,0
70367,2007-02-20 22:21:44,121.568800,31.270500, 46, 22,0
70367,2007-02-20 22:22:00,121.570100,31.271500, 52, 22,0
70367,2007-02-20 22:22:16,121.571500,31.272800, 52, 22,0
70367,2007-02-20 22:22:32,121.571800,31.274500, 44,  0,0
70367,2007-02-20 22:22:47,121.572100,31.275800, 40,  0,0
70367,2007-02-20 22:23:04,121.572600,31.277300, 54,  0,0
70367,2007-02-20 22:24:27,121.577100,31.276100, 14, 45,0
70367,2007-02-20 22:24:44,121.578100,31.277000, 44, 22,0
70367,2007-02-20 22:25:00,121.579000,31.278600, 44,  0,0
70367,2007-02-20 22:25:16,121.579300,31.280300, 56,  0,0
70367,2007-02-20 22:25:32,121.579600,31.282300, 48,  0,0
70367,2007-02-20 22:25:47,121.579800,31.284000, 42,  0,0
70367,2007-02-20 22:26:04,121.580000,31.285300, 44,  0,0
70367,2007-02-20 22:26:20,121.579300,31.286000, 40,135,0
70367,2007-02-20 22:26:36,121.577500,31.286100, 30,135,0
70367,2007-02-20 22:27:06,121.576300,31.286100, 24,135,0
70367,2007-02-20 22:28:07,121.575800,31.286100, 10,135,0
70367,2007-02-20 22:28:12,121.575600,31.286100, 26,135,1
70367,2007-02-20 22:29:14,121.571100,31.286300,  0,135,1
70367,2007-02-20 22:31:16,121.571600,31.274500, 14, 90,1
70367,2007-02-20 22:33:00,121.566800,31.268800, 16,112,1
70367,2007-02-20 22:34:01,121.565100,31.267500, 52,112,1
70367,2007-02-20 22:35:02,121.560300,31.263100, 40,112,1
70367,2007-02-20 22:36:03,121.556500,31.260500, 50,112,1
70367,2007-02-20 22:37:04,121.551500,31.257300,  2,112,1
70367,2007-02-20 22:38:05,121.550100,31.256000,  0,135,1
70367,2007-02-20 22:39:06,121.552000,31.250800, 48,112,1
70367,2007-02-20 22:40:07,121.544300,31.254600, 80,157,1
70367,2007-02-20 22:41:08,121.535100,31.262100, 72,157,1
70367,2007-02-20 22:42:09,121.533800,31.269800, 46, 22,1
70367,2007-02-20 22:43:10,121.534000,31.266600, 54,112,1
70367,2007-02-20 22:44:11,121.533100,31.265800,  0,135,1
70367,2007-02-20 22:45:12,121.528500,31.263000, 48,112,1
70367,2007-02-20 22:46:13,121.528300,31.260800, 40, 67,1
70367,2007-02-20 22:47:14,121.525300,31.258600, 32,112,1
70367,2007-02-20 22:48:15,121.522100,31.256500, 16,157,1
70367,2007-02-20 22:48:54,121.521300,31.257600, 18,112,0
70367,2007-02-20 22:49:09,121.521000,31.257100, 18,112,0
70367,2007-02-20 22:49:30,121.520300,31.256300, 18,112,0
70367,2007-02-20 22:49:52,121.519500,31.255600, 18,112,0
70367,2007-02-20 22:50:12,121.518600,31.254800, 20,112,0
70367,2007-02-20 22:50:30,121.519000,31.254600, 28, 67,0
70367,2007-02-20 22:50:51,121.520000,31.254000, 28,112,0
70367,2007-02-20 22:51:07,121.519000,31.254300, 46,157,0
70367,2007-02-20 22:51:23,121.518100,31.255600, 48,  0,0
70367,2007-02-20 22:51:39,121.517800,31.257800, 32,157,0
70367,2007-02-20 22:51:55,121.519600,31.259300, 36, 22,0
70367,2007-02-20 22:52:11,121.522000,31.260300, 36, 45,0
70367,2007-02-20 22:52:27,121.524300,31.261100, 50, 45,0
70367,2007-02-20 22:52:42,121.526300,31.261800, 32, 45,0
70367,2007-02-20 22:53:17,121.528800,31.263100, 42, 22,0
70367,2007-02-20 22:53:34,121.530100,31.264000, 14, 22,0
70367,2007-02-20 22:53:50,121.529600,31.265000, 38,157,0
70367,2007-02-20 22:54:06,121.528500,31.266100, 40,157,0
70367,2007-02-20 22:54:22,121.529300,31.267300, 58, 22,0
70367,2007-02-20 22:54:37,121.531500,31.267500, 52, 67,0
70367,2007-02-20 22:54:54,121.533100,31.265100, 76, 67,0
70367,2007-02-20 22:55:10,121.534800,31.262600, 72, 67,0
70367,2007-02-20 22:55:26,121.537000,31.260500, 74, 67,0
70367,2007-02-20 22:55:42,121.539300,31.258600, 70, 67,0
70367,2007-02-20 22:55:57,121.541300,31.257000, 72, 67,0
70367,2007-02-20 22:56:14,121.544000,31.254800, 72, 67,0
70367,2007-02-20 22:56:30,121.545800,31.253100, 58, 67,0
70367,2007-02-20 22:56:46,121.548300,31.251600, 66, 67,0
70367,2007-02-20 22:57:02,121.550800,31.250000, 52, 45,0
70367,2007-02-20 22:57:17,121.552600,31.251300, 70,  0,0
70367,2007-02-20 22:57:34,121.551300,31.254100, 76,157,0
70367,2007-02-20 22:57:50,121.549500,31.256000, 42,  0,0
70367,2007-02-20 22:58:06,121.551100,31.257300, 38, 22,0
70367,2007-02-20 22:58:22,121.552800,31.258300, 44, 22,0
70367,2007-02-20 22:58:37,121.554800,31.259500, 52, 22,0
70367,2007-02-20 22:58:54,121.556600,31.260500, 40, 22,0
70367,2007-02-20 22:59:10,121.557600,31.260100, 42, 67,0
70367,2007-02-20 22:59:26,121.558600,31.258600, 24, 67,0
70367,2007-02-20 22:59:57,121.559600,31.258800, 40, 22,0
70367,2007-02-20 23:00:12,121.561100,31.259600, 52, 22,0
70367,2007-02-20 23:00:45,121.564500,31.261300, 50, 22,0
70367,2007-02-20 23:01:01,121.565500,31.261800,  0, 22,0
70367,2007-02-20 23:01:24,121.566500,31.262500, 52, 22,0
70367,2007-02-20 23:01:40,121.568600,31.263500, 44, 22,0
70367,2007-02-20 23:01:56,121.569800,31.264100, 16, 22,0
70367,2007-02-20 23:02:12,121.569100,31.265300, 60,157,0
70367,2007-02-20 23:02:27,121.567800,31.267000, 52,157,0
70367,2007-02-20 23:02:44,121.566600,31.268100, 32,157,0
70367,2007-02-20 23:03:06,121.566000,31.268500, 12,135,0
70367,2007-02-20 23:03:39,121.567000,31.269100, 48, 22,0
70367,2007-02-20 23:03:55,121.568800,31.270500, 58, 22,0
70367,2007-02-20 23:04:11,121.570600,31.271800, 60, 22,0
70367,2007-02-20 23:04:27,121.571600,31.273300, 14,  0,0
70367,2007-02-20 23:04:51,121.571600,31.274300, 46,  0,0
70367,2007-02-20 23:05:07,121.571800,31.275300,  0,135,0
70367,2007-02-20 23:05:17,121.571600,31.275500, 26,157,1
70367,2007-02-20 23:06:17,121.576000,31.276600, 26, 67,1
70367,2007-02-20 23:07:17,121.581300,31.271800, 14, 67,1
70367,2007-02-20 23:08:19,121.587000,31.272300, 38, 45,1
70367,2007-02-20 23:09:20,121.591800,31.274800, 34, 22,1
70367,2007-02-20 23:10:21,121.594800,31.281600, 50,  0,1
70367,2007-02-20 23:11:22,121.603600,31.282300, 64, 45,1
70367,2007-02-20 23:12:17,121.605800,31.284300,  0,  0,0
70367,2007-02-20 23:12:32,121.605800,31.284300,  0,  0,0
70367,2007-02-20 23:12:56,121.605600,31.283300, 40, 90,0
70367,2007-02-20 23:13:12,121.605100,31.282300, 40,135,0
70367,2007-02-20 23:13:27,121.603100,31.282500, 46,135,0
70367,2007-02-20 23:14:22,121.600000,31.282100, 38,135,0
70367,2007-02-20 23:14:37,121.597800,31.282100, 52,135,0
70367,2007-02-20 23:14:54,121.595500,31.282100, 54,135,0
70367,2007-02-20 23:15:26,121.594600,31.279600,  6, 90,0
70367,2007-02-20 23:15:42,121.594600,31.278800, 54, 90,0
70367,2007-02-20 23:15:59,121.594500,31.277100,  8,112,0
70367,2007-02-20 23:16:34,121.593600,31.276300, 46,112,0
70367,2007-02-20 23:16:50,121.592300,31.275100, 34,112,0
70367,2007-02-20 23:17:06,121.591500,31.274500, 22,112,0
70367,2007-02-20 23:17:22,121.590500,31.273800, 42,112,0
70367,2007-02-20 23:17:37,121.588800,31.272800, 32,112,0
70367,2007-02-20 23:17:54,121.587600,31.272600, 28,135,0
70367,2007-02-20 23:18:24,121.586600,31.272300, 42,135,0
70367,2007-02-20 23:18:40,121.585000,31.271800, 40,135,0
70367,2007-02-20 23:18:56,121.583600,31.271600,  0,135,0
70367,2007-02-20 23:19:45,121.582500,31.271600, 62,135,0
70367,2007-02-20 23:20:01,121.578500,31.273000, 20,135,0
70367,2007-02-20 23:20:52,121.578600,31.274000, 56,157,0
70367,2007-02-20 23:21:09,121.577100,31.275500, 50,157,0
70367,2007-02-20 23:21:25,121.575500,31.276600, 70,157,0
70367,2007-02-20 23:21:41,121.575600,31.277500, 40, 22,0
70367,2007-02-20 23:21:57,121.575100,31.279500, 54,  0,0
70367,2007-02-20 23:22:12,121.576300,31.280600, 58,  0,0
70367,2007-02-20 23:22:29,121.577600,31.282600, 54,  0,0
70367,2007-02-20 23:22:45,121.578800,31.284300, 44,  0,0
70367,2007-02-20 23:23:17,121.579000,31.286000, 46,135,0
70367,2007-02-20 23:23:52,121.576000,31.286100, 44,135,0
70367,2007-02-20 23:24:21,121.572500,31.286300, 40,135,0
70367,2007-02-20 23:24:36,121.571000,31.286500, 26,157,0
70367,2007-02-20 23:24:52,121.570100,31.288300, 68,157,0
70367,2007-02-20 23:25:08,121.569000,31.290300, 58,157,0
70367,2007-02-20 23:25:40,121.567000,31.293100, 26,157,0
70367,2007-02-20 23:26:14,121.569600,31.293600, 50, 45,0
70367,2007-02-20 23:26:30,121.571100,31.293600,  6, 45,0
70367,2007-02-20 23:27:25,121.571000,31.293600, 34,135,1
70367,2007-02-20 23:28:25,121.561800,31.301300, 70,  0,1
70367,2007-02-20 23:29:26,121.538600,31.318100,  0,  0,1
70367,2007-02-20 23:30:27,121.573800,31.310100, 86,  0,1
70367,2007-02-20 23:31:28,121.573600,31.322800, 82,  0,1
70367,2007-02-20 23:32:29,121.568800,31.333000,  0,157,1
70367,2007-02-20 23:33:30,121.563600,31.340600,  0, 22,1
70367,2007-02-20 23:34:19,121.568100,31.343600,  0,135,0
70367,2007-02-20 23:34:34,121.568100,31.343600,  0,135,0
70367,2007-02-20 23:35:24,121.568500,31.344000,  0, 45,1
70367,2007-02-20 23:36:25,121.563800,31.340300, 46, 67,1
70367,2007-02-20 23:37:26,121.575600,31.335300, 52, 67,1
70367,2007-02-20 23:38:27,121.581800,31.333300,  0, 67,1
70367,2007-02-20 23:40:29,121.587800,31.334100, 32, 45,1
70367,2007-02-20 23:41:30,121.596300,31.335000, 70, 22,1
70367,2007-02-20 23:42:31,121.605000,31.336000, 40, 67,1
70367,2007-02-20 23:43:32,121.613100,31.329600, 72, 67,1
70367,2007-02-20 23:44:07,121.616100,31.327800,  0, 45,0
70367,2007-02-20 23:44:23,121.616100,31.327800,  0, 45,0
70367,2007-02-20 23:45:24,121.616100,31.327800,  0, 45,0
70367,2007-02-20 23:45:43,121.616600,31.328500, 34,  0,0
70367,2007-02-20 23:45:59,121.617600,31.329500, 50, 22,0
70367,2007-02-20 23:46:31,121.615800,31.332100, 56,157,0
70367,2007-02-20 23:46:47,121.614000,31.333600, 56,157,0
70367,2007-02-20 23:47:03,121.613000,31.333500, 52,112,0
70367,2007-02-20 23:47:19,121.611800,31.333100, 52,157,0
70367,2007-02-20 23:47:35,121.610000,31.335100, 68,157,0
70367,2007-02-20 23:47:51,121.608000,31.336800, 38,157,0
70367,2007-02-20 23:48:43,121.607100,31.337000, 32,112,0
70367,2007-02-20 23:48:59,121.605800,31.335600, 54,112,0
70367,2007-02-20 23:49:15,121.604000,31.334100, 60,112,0
70367,2007-02-20 23:49:31,121.601100,31.333300, 74,135,0
70367,2007-02-20 23:49:47,121.598000,31.333300, 72,135,0
70367,2007-02-20 23:50:03,121.594600,31.333300, 74,135,0
70367,2007-02-20 23:50:35,121.589500,31.333300, 66,135,0
70367,2007-02-20 23:50:51,121.587500,31.333800, 54,157,0
70367,2007-02-20 23:51:23,121.585600,31.337100,  0,157,0
70367,2007-02-20 23:52:34,121.583500,31.340300, 14,157,1
70367,2007-02-20 23:53:35,121.578800,31.345100,  0,157,1
70367,2007-02-20 23:54:36,121.574800,31.344300, 12,112,1
70367,2007-02-20 23:54:41,121.574600,31.344300, 20,157,0
70367,2007-02-20 23:54:57,121.574100,31.344300, 40,135,0
70367,2007-02-20 23:55:13,121.573000,31.343500, 40,112,0
70367,2007-02-20 23:55:29,121.572100,31.343300, 44,157,0
70367,2007-02-20 23:55:45,121.570600,31.344800,  0,135,0
70367,2007-02-20 23:56:46,121.573000,31.347000,  0,135,0
70367,2007-02-20 23:57:27,121.564300,31.346800, 24,112,0
70367,2007-02-20 23:57:29,121.564300,31.346600, 28,112,1
70367,2007-02-20 23:58:29,121.566500,31.350000, 30,157,1
70367,2007-02-20 23:59:30,121.567600,31.349800,  0,135,1
70367,2007-02-20 23:59:57,121.567600,31.349800,  0,135,0
