85276,2007-02-20 00:00:18,121.483800,31.310000,  0,135,0
85276,2007-02-20 00:01:19,121.483800,31.310000,  0,135,0
85276,2007-02-20 00:02:20,121.483800,31.310000,  0,135,0
85276,2007-02-20 00:03:20,121.483800,31.310000,  0,135,0
85276,2007-02-20 00:04:22,121.483800,31.310000,  0,135,0
85276,2007-02-20 00:05:23,121.483800,31.310000,  0,135,0
85276,2007-02-20 00:06:24,121.483800,31.310000,  0,135,0
85276,2007-02-20 00:07:25,121.483800,31.310000,  0,135,0
85276,2007-02-20 00:08:25,121.483800,31.310000,  0,135,0
85276,2007-02-20 00:09:27,121.483800,31.310000,  0,135,0
85276,2007-02-20 00:10:28,121.483800,31.310000,  0,135,0
85276,2007-02-20 00:11:29,121.483800,31.310000,  0,135,0
85276,2007-02-20 00:12:30,121.483800,31.310000,  0,135,0
85276,2007-02-20 00:13:30,121.483800,31.310000,  0,135,0
85276,2007-02-20 00:15:33,121.483800,31.310000,  0,135,0
85276,2007-02-20 00:17:17,121.481000,31.309800,  2,135,1
85276,2007-02-20 00:18:18,121.480100,31.304500, 46, 90,1
85276,2007-02-20 00:19:19,121.485600,31.293800, 60, 67,1
85276,2007-02-20 00:20:20,121.486100,31.288100,  0, 90,1
85276,2007-02-20 00:23:22,121.504000,31.287600, 52, 45,1
85276,2007-02-20 00:24:23,121.509800,31.286100, 24, 45,1
85276,2007-02-20 00:25:24,121.515000,31.287500, 58, 45,1
85276,2007-02-20 00:27:26,121.524800,31.290800, 26, 22,1
85276,2007-02-20 00:28:27,121.531600,31.294300, 54, 22,1
85276,2007-02-20 00:29:28,121.538000,31.298500, 20, 22,1
85276,2007-02-20 00:30:29,121.538800,31.300500, 10,  0,1
85276,2007-02-20 00:31:11,121.539000,31.301600, 14,  0,0
85276,2007-02-20 00:32:11,121.539000,31.301500,  0,135,0
85276,2007-02-20 00:33:12,121.538800,31.300800, 10, 67,0
85276,2007-02-20 00:34:10,121.538600,31.300000, 20, 67,1
85276,2007-02-20 00:35:10,121.540000,31.295500, 68, 67,1
85276,2007-02-20 00:38:40,121.528000,31.283300,  0, 67,1
85276,2007-02-20 00:39:41,121.530100,31.279300, 34, 90,1
85276,2007-02-20 00:40:42,121.530800,31.277800, 20,135,1
85276,2007-02-20 00:41:43,121.531100,31.276100,  4, 67,1
85276,2007-02-20 00:41:47,121.531100,31.276100,  0, 67,0
85276,2007-02-20 00:42:47,121.531100,31.276100,  0, 67,0
85276,2007-02-20 00:43:48,121.531000,31.276300, 12,157,0
85276,2007-02-20 00:44:49,121.530100,31.277600,  6,  0,0
85276,2007-02-20 00:45:50,121.531000,31.278300, 10,157,0
85276,2007-02-20 00:46:51,121.528300,31.282600, 14,157,0
85276,2007-02-20 00:47:52,121.526300,31.285600,  0,  0,0
85276,2007-02-20 00:48:53,121.525300,31.287600, 22,157,0
85276,2007-02-20 00:49:54,121.522500,31.293100, 36,  0,0
85276,2007-02-20 00:50:55,121.521100,31.295800, 28,135,0
85276,2007-02-20 00:51:56,121.515100,31.293600,  0,112,0
85276,2007-02-20 00:52:57,121.511000,31.292800, 30,  0,0
85276,2007-02-20 00:53:58,121.510000,31.296000, 40,135,0
85276,2007-02-20 00:54:59,121.508600,31.296500, 10,135,0
85276,2007-02-20 00:56:00,121.505300,31.298300, 44,157,0
85276,2007-02-20 00:57:01,121.504600,31.299500,  0,157,0
85276,2007-02-20 00:58:02,121.502800,31.302300,  0,157,0
85276,2007-02-20 00:59:03,121.498800,31.303000, 50,135,0
85276,2007-02-20 01:00:04,121.492100,31.304500, 46,135,0
85276,2007-02-20 01:01:05,121.490000,31.305500,  8,  0,0
85276,2007-02-20 01:02:06,121.490000,31.306000,  0,  0,0
85276,2007-02-20 01:03:07,121.488100,31.305800, 36,135,0
85276,2007-02-20 01:04:08,121.485600,31.309600, 12,157,0
85276,2007-02-20 01:05:09,121.485600,31.309600,  0,157,0
85276,2007-02-20 01:06:10,121.484100,31.310000,  0,135,0
85276,2007-02-20 01:07:11,121.484100,31.310000,  0,135,0
85276,2007-02-20 01:08:12,121.484100,31.310000,  0,135,0
85276,2007-02-20 01:09:13,121.484100,31.310000,  0,135,0
85276,2007-02-20 01:10:14,121.484100,31.310000,  0,135,0
85276,2007-02-20 01:11:15,121.484100,31.310000,  0,135,0
85276,2007-02-20 01:13:17,121.484100,31.310000,  0,135,0
85276,2007-02-20 01:14:18,121.484100,31.310000,  0,135,0
85276,2007-02-20 01:15:19,121.484100,31.310000,  0,135,0
85276,2007-02-20 01:16:20,121.484100,31.310000,  0,135,0
85276,2007-02-20 01:18:22,121.484100,31.310000,  0,135,0
85276,2007-02-20 01:20:24,121.484100,31.310000,  0,135,0
85276,2007-02-20 01:21:25,121.484100,31.310000,  0,135,0
85276,2007-02-20 01:22:26,121.484100,31.310000,  0,135,0
85276,2007-02-20 01:23:27,121.484100,31.310000,  0,135,0
85276,2007-02-20 01:25:29,121.484100,31.310000,  0,135,0
85276,2007-02-20 01:26:30,121.484100,31.310000,  0,135,0
85276,2007-02-20 01:27:31,121.484100,31.310000,  0,135,0
85276,2007-02-20 01:28:32,121.484100,31.310000,  0,135,0
85276,2007-02-20 01:29:33,121.484100,31.310000,  0,135,0
85276,2007-02-20 01:30:34,121.484100,31.310000,  0,135,0
85276,2007-02-20 01:31:35,121.484100,31.310000,  0,135,0
85276,2007-02-20 01:32:36,121.484100,31.310000,  0,135,0
85276,2007-02-20 01:33:37,121.484100,31.310000,  0,135,0
85276,2007-02-20 01:34:38,121.484100,31.310000,  0,135,0
85276,2007-02-20 01:35:39,121.484100,31.310000,  0,135,0
85276,2007-02-20 01:36:40,121.484100,31.310000,  0,135,0
85276,2007-02-20 01:37:41,121.484100,31.310000,  0,135,0
85276,2007-02-20 01:38:42,121.484100,31.310000,  0,135,0
85276,2007-02-20 01:39:43,121.484100,31.310000,  0,135,0
85276,2007-02-20 01:40:44,121.484100,31.310000,  0,135,0
85276,2007-02-20 01:41:45,121.484100,31.310000,  0,135,0
85276,2007-02-20 01:42:46,121.484100,31.310000,  0,135,0
85276,2007-02-20 01:43:47,121.484100,31.310000,  0,135,0
85276,2007-02-20 01:44:48,121.484100,31.310000,  0,135,0
85276,2007-02-20 01:45:49,121.484100,31.310000,  0,135,0
85276,2007-02-20 01:46:50,121.484100,31.310000,  0,135,0
85276,2007-02-20 01:47:51,121.484100,31.310000,  0,135,0
85276,2007-02-20 01:48:52,121.484100,31.310000,  0,135,0
85276,2007-02-20 01:49:53,121.484100,31.310000,  0,135,0
85276,2007-02-20 01:50:54,121.484100,31.310000,  0,135,0
85276,2007-02-20 01:51:55,121.484100,31.310000,  0,135,0
85276,2007-02-20 01:52:56,121.484100,31.310000,  0,135,0
85276,2007-02-20 01:53:57,121.484100,31.310000,  0,135,0
85276,2007-02-20 01:54:58,121.484100,31.310000,  0,135,0
85276,2007-02-20 01:55:59,121.484100,31.310000,  0,135,0
85276,2007-02-20 01:57:00,121.484100,31.310000,  0,135,0
85276,2007-02-20 01:58:01,121.484100,31.310000,  0,135,0
85276,2007-02-20 01:59:02,121.484100,31.310000,  0,135,0
85276,2007-02-20 02:00:03,121.484100,31.310000,  0,135,0
85276,2007-02-20 02:01:04,121.484100,31.310000,  0,135,0
85276,2007-02-20 02:02:05,121.484100,31.310000,  0,135,0
85276,2007-02-20 02:03:06,121.484100,31.310000,  0,135,0
85276,2007-02-20 02:04:07,121.484100,31.310000,  0,135,0
85276,2007-02-20 02:05:08,121.484100,31.310000,  0,135,0
85276,2007-02-20 02:06:09,121.484100,31.310000,  0,135,0
85276,2007-02-20 02:07:10,121.484100,31.310000,  0,135,0
85276,2007-02-20 02:08:11,121.484100,31.310000,  0,135,0
85276,2007-02-20 02:09:12,121.484100,31.310000,  0,135,0
85276,2007-02-20 02:10:13,121.484100,31.310000,  0,135,0
85276,2007-02-20 02:11:14,121.484100,31.310000,  0,135,0
85276,2007-02-20 02:12:15,121.484100,31.310000,  0,135,0
85276,2007-02-20 02:13:16,121.484100,31.310000,  0,135,0
85276,2007-02-20 02:14:17,121.484000,31.309800,  0,135,0
85276,2007-02-20 02:15:18,121.484000,31.309800,  0,135,0
85276,2007-02-20 02:16:19,121.484000,31.309800,  0,135,0
85276,2007-02-20 02:17:20,121.484000,31.309800,  0,135,0
85276,2007-02-20 02:18:21,121.484000,31.309800,  0,135,0
85276,2007-02-20 02:19:22,121.484000,31.309800,  0,135,0
85276,2007-02-20 02:20:23,121.484000,31.309800,  0,135,0
85276,2007-02-20 02:21:24,121.484000,31.309800,  0,135,0
85276,2007-02-20 02:22:25,121.484000,31.309800,  0,135,0
85276,2007-02-20 02:23:26,121.484000,31.309800,  0,135,0
85276,2007-02-20 02:24:27,121.484000,31.309800,  0,135,0
85276,2007-02-20 02:25:28,121.484000,31.309800,  6,135,0
85276,2007-02-20 02:26:29,121.483800,31.310000,  0,135,0
85276,2007-02-20 02:27:30,121.483800,31.310000,  0,135,0
85276,2007-02-20 02:28:31,121.483800,31.310000,  0,135,0
85276,2007-02-20 02:29:32,121.483800,31.310000,  0,135,0
85276,2007-02-20 02:30:33,121.483800,31.310000,  0,135,0
85276,2007-02-20 02:31:34,121.483800,31.310000,  0,135,0
85276,2007-02-20 02:32:35,121.483800,31.310000,  0,135,0
85276,2007-02-20 02:33:36,121.483800,31.310000,  0,135,0
85276,2007-02-20 02:34:37,121.483800,31.310000,  0,135,0
85276,2007-02-20 02:35:38,121.483800,31.310000,  0,135,0
85276,2007-02-20 02:36:39,121.483800,31.310000,  0,135,0
85276,2007-02-20 02:37:40,121.483800,31.310000,  0,135,0
85276,2007-02-20 02:38:40,121.483800,31.310000,  0,135,0
85276,2007-02-20 02:39:42,121.483800,31.310000,  0,135,0
85276,2007-02-20 02:40:43,121.483800,31.310000,  0,135,0
85276,2007-02-20 02:41:44,121.483800,31.310000,  0,135,0
85276,2007-02-20 02:42:45,121.483800,31.310000,  0,135,0
85276,2007-02-20 02:45:48,121.483800,31.310000,  0,135,0
85276,2007-02-20 02:46:49,121.483800,31.310000,  0,135,0
85276,2007-02-20 02:48:50,121.483800,31.310000,  0,135,0
85276,2007-02-20 02:50:53,121.483800,31.310000,  0,135,0
85276,2007-02-20 02:51:54,121.483800,31.310000,  0,135,0
85276,2007-02-20 02:52:55,121.483800,31.310000,  0,135,0
85276,2007-02-20 02:53:55,121.483800,31.310000,  0,135,0
85276,2007-02-20 02:54:57,121.483800,31.310000,  0,135,0
85276,2007-02-20 02:55:58,121.483800,31.310000,  0,135,0
85276,2007-02-20 02:56:59,121.483800,31.310000,  0,135,0
85276,2007-02-20 02:58:00,121.483800,31.310000,  0,135,0
85276,2007-02-20 02:59:00,121.483800,31.310000,  0,135,0
85276,2007-02-20 03:00:02,121.484100,31.310000,  0, 22,0
85276,2007-02-20 03:01:03,121.484100,31.310000,  0, 22,0
85276,2007-02-20 03:02:04,121.484100,31.310000,  0, 22,0
85276,2007-02-20 03:03:05,121.484000,31.310000,  0, 22,0
85276,2007-02-20 03:04:05,121.484000,31.310000,  0, 22,0
85276,2007-02-20 03:05:07,121.484000,31.310000,  0, 22,0
85276,2007-02-20 03:05:32,121.483800,31.310000, 20,135,1
85276,2007-02-20 03:06:33,121.481000,31.309800,  0,135,1
85276,2007-02-20 03:07:34,121.481000,31.302000, 78, 90,1
85276,2007-02-20 03:08:35,121.482000,31.292100, 78,112,1
85276,2007-02-20 03:09:36,121.477300,31.283300, 66, 90,1
85276,2007-02-20 03:10:37,121.478000,31.284500, 52, 90,1
85276,2007-02-20 03:12:39,121.472600,31.278000, 28,112,1
85276,2007-02-20 03:13:25,121.471500,31.277300,  0,  0,0
85276,2007-02-20 03:14:25,121.471500,31.277100,  6, 90,0
85276,2007-02-20 03:15:27,121.472300,31.278600, 20,157,0
85276,2007-02-20 03:16:28,121.471100,31.282100, 44,  0,0
85276,2007-02-20 03:17:29,121.471800,31.285500,  0,  0,0
85276,2007-02-20 03:18:30,121.472100,31.287300, 44,  0,0
85276,2007-02-20 03:19:30,121.474500,31.291300, 38, 45,0
85276,2007-02-20 03:20:32,121.476500,31.296100, 40,  0,0
85276,2007-02-20 03:21:33,121.477100,31.296800,  0,135,0
85276,2007-02-20 03:22:34,121.477100,31.296800,  0,135,0
85276,2007-02-20 03:23:35,121.477100,31.296800,  0,135,0
85276,2007-02-20 03:24:36,121.477100,31.296800,  0,135,0
85276,2007-02-20 03:26:38,121.477000,31.296800,  0,135,0
85276,2007-02-20 03:27:39,121.477000,31.296800,  0,135,0
85276,2007-02-20 03:29:41,121.477500,31.296800,  0,135,0
85276,2007-02-20 03:30:42,121.477500,31.296800,  0,135,0
85276,2007-02-20 03:31:43,121.477500,31.296100,  0,135,0
85276,2007-02-20 03:32:44,121.477600,31.296300,  0, 22,0
85276,2007-02-20 03:33:45,121.477600,31.296100,  0, 22,0
85276,2007-02-20 03:34:45,121.477600,31.296500,  0, 22,0
85276,2007-02-20 03:35:47,121.477600,31.296500,  0, 22,0
85276,2007-02-20 03:36:48,121.477600,31.296500,  0, 22,0
85276,2007-02-20 03:37:49,121.477600,31.296500,  0, 22,0
85276,2007-02-20 03:38:50,121.477600,31.296500,  0, 22,0
85276,2007-02-20 03:39:50,121.477600,31.296500,  0, 22,0
85276,2007-02-20 03:40:52,121.477600,31.296500,  0, 22,0
85276,2007-02-20 03:41:53,121.477600,31.296500,  0, 22,0
85276,2007-02-20 03:42:54,121.477600,31.296500,  0, 22,0
85276,2007-02-20 03:43:55,121.477600,31.296500,  0, 22,0
85276,2007-02-20 03:44:55,121.477600,31.296500,  0, 22,0
85276,2007-02-20 03:45:57,121.477600,31.296500,  0, 22,0
85276,2007-02-20 03:46:58,121.477600,31.296500,  0, 22,0
85276,2007-02-20 03:47:59,121.477600,31.296500,  0, 22,0
85276,2007-02-20 03:50:00,121.477500,31.296500,  0, 22,0
85276,2007-02-20 03:51:02,121.477500,31.296600,  0, 22,0
85276,2007-02-20 03:52:03,121.477300,31.296600,  0, 22,0
85276,2007-02-20 03:53:04,121.477300,31.296600,  0, 22,0
85276,2007-02-20 03:54:05,121.477300,31.296600,  0, 22,0
85276,2007-02-20 03:55:05,121.477300,31.296600,  0, 22,0
85276,2007-02-20 03:56:07,121.477100,31.296600,  0, 22,0
85276,2007-02-20 03:57:08,121.477100,31.296800,  0, 22,0
85276,2007-02-20 03:58:09,121.477100,31.296800,  0, 22,0
85276,2007-02-20 03:59:10,121.477100,31.296800,  0, 22,0
85276,2007-02-20 04:00:10,121.477100,31.296800,  0, 22,0
85276,2007-02-20 04:01:12,121.477100,31.296800,  0, 22,0
85276,2007-02-20 04:02:13,121.477100,31.296800,  0, 22,0
85276,2007-02-20 04:03:14,121.477100,31.296800,  0, 22,0
85276,2007-02-20 04:04:15,121.477100,31.296800,  0, 22,0
85276,2007-02-20 04:05:15,121.477100,31.296800,  0, 22,0
85276,2007-02-20 04:06:17,121.477100,31.296800,  0, 22,0
85276,2007-02-20 04:07:18,121.477100,31.296800,  0, 22,0
85276,2007-02-20 04:08:19,121.477100,31.296800,  0, 22,0
85276,2007-02-20 04:09:20,121.477100,31.296800,  0, 22,0
85276,2007-02-20 04:10:20,121.477100,31.296800,  0, 22,0
85276,2007-02-20 04:11:22,121.477100,31.296800,  0, 22,0
85276,2007-02-20 04:12:23,121.477100,31.296800,  0, 22,0
85276,2007-02-20 04:13:24,121.477100,31.296800,  0, 22,0
85276,2007-02-20 04:14:25,121.477100,31.296800,  0, 22,0
85276,2007-02-20 04:15:25,121.477100,31.296800,  0, 22,0
85276,2007-02-20 04:16:27,121.477100,31.296800,  0, 22,0
85276,2007-02-20 04:17:28,121.477100,31.296800,  0, 22,0
85276,2007-02-20 04:18:13,121.477100,31.296800,  0, 22,0
85276,2007-02-20 04:19:12,121.477100,31.296800,  0, 22,0
85276,2007-02-20 04:20:13,121.477100,31.296800,  0, 22,0
85276,2007-02-20 04:21:14,121.477100,31.296800,  0, 22,0
85276,2007-02-20 04:22:14,121.477100,31.296800,  0, 22,0
85276,2007-02-20 04:23:16,121.477100,31.296800,  0, 22,0
85276,2007-02-20 04:24:17,121.477100,31.296800,  0, 22,0
85276,2007-02-20 04:25:18,121.477100,31.296800,  0, 22,0
85276,2007-02-20 04:26:19,121.477100,31.296800,  0, 22,0
85276,2007-02-20 04:27:19,121.477100,31.296800,  0, 22,0
85276,2007-02-20 04:28:21,121.477000,31.297000,  0, 22,0
85276,2007-02-20 04:29:22,121.477000,31.297000,  0, 22,0
85276,2007-02-20 04:30:23,121.477000,31.297000,  0, 22,0
85276,2007-02-20 04:31:24,121.477000,31.297000,  0, 22,0
85276,2007-02-20 04:32:24,121.477000,31.297000,  0, 22,0
85276,2007-02-20 04:33:26,121.477000,31.297000,  0, 22,0
85276,2007-02-20 04:34:27,121.477000,31.297000,  0, 22,0
85276,2007-02-20 04:35:28,121.477000,31.297000,  0, 22,0
85276,2007-02-20 04:36:29,121.477000,31.297000,  0, 22,0
85276,2007-02-20 04:37:29,121.477100,31.296600,  0, 67,0
85276,2007-02-20 04:38:31,121.477100,31.296600,  0, 67,0
85276,2007-02-20 04:39:32,121.477100,31.296600,  0, 67,0
85276,2007-02-20 04:40:33,121.477100,31.296600,  0, 67,0
85276,2007-02-20 04:41:34,121.477100,31.296600,  0, 67,0
85276,2007-02-20 04:42:34,121.477100,31.296600,  0, 67,0
85276,2007-02-20 04:43:36,121.477100,31.296600,  0, 67,0
85276,2007-02-20 04:44:37,121.477100,31.296600,  0, 67,0
85276,2007-02-20 04:45:38,121.477100,31.296600,  0, 67,0
85276,2007-02-20 04:46:39,121.477100,31.296600,  0, 67,0
85276,2007-02-20 04:47:39,121.476800,31.297000,  0, 67,0
85276,2007-02-20 04:48:41,121.476800,31.297000,  0, 67,0
85276,2007-02-20 04:49:42,121.476800,31.297000,  0, 67,0
85276,2007-02-20 04:50:43,121.476800,31.297000,  0, 67,0
85276,2007-02-20 04:51:44,121.476800,31.297000,  0, 67,0
85276,2007-02-20 04:52:44,121.476800,31.297000,  0, 67,0
85276,2007-02-20 04:53:46,121.476800,31.297000,  0, 67,0
85276,2007-02-20 04:54:47,121.476800,31.297100,  0,157,0
85276,2007-02-20 04:55:48,121.477000,31.297000,  0,157,0
85276,2007-02-20 04:57:49,121.477100,31.296800,  0, 90,0
85276,2007-02-20 04:58:51,121.477100,31.296800,  0, 90,0
85276,2007-02-20 04:59:52,121.477100,31.296800,  0, 90,0
85276,2007-02-20 05:00:53,121.477100,31.296800,  0, 90,0
85276,2007-02-20 05:01:54,121.477100,31.296800,  0, 90,0
85276,2007-02-20 05:02:54,121.477100,31.296800,  0, 90,0
85276,2007-02-20 05:03:56,121.477100,31.296800,  0, 90,0
85276,2007-02-20 05:04:57,121.477100,31.296800,  0, 90,0
85276,2007-02-20 05:05:58,121.477100,31.296800,  0, 90,0
85276,2007-02-20 05:06:59,121.477100,31.296800,  0, 90,0
85276,2007-02-20 05:07:59,121.477100,31.296800,  0, 90,0
85276,2007-02-20 05:09:01,121.477100,31.296800,  0, 90,0
85276,2007-02-20 05:10:02,121.477100,31.296800,  0, 90,0
85276,2007-02-20 05:11:03,121.477100,31.296800,  0, 90,0
85276,2007-02-20 05:12:04,121.476300,31.298000, 18,  0,0
85276,2007-02-20 05:13:04,121.476300,31.301000, 22,  0,0
85276,2007-02-20 05:14:06,121.476600,31.303100, 18, 22,0
85276,2007-02-20 05:15:07,121.480500,31.304000, 20, 45,0
85276,2007-02-20 05:16:08,121.481300,31.304300, 12, 45,0
85276,2007-02-20 05:17:09,121.483600,31.306100, 32, 45,0
85276,2007-02-20 05:18:09,121.486100,31.303000, 36, 90,0
85276,2007-02-20 05:19:11,121.488600,31.301300, 32, 45,0
85276,2007-02-20 05:20:12,121.489800,31.303100,  0, 90,0
85276,2007-02-20 05:20:46,121.489600,31.303000, 18,112,1
85276,2007-02-20 05:21:47,121.484100,31.300000, 34,135,1
85276,2007-02-20 05:22:48,121.486100,31.293100, 68, 90,1
85276,2007-02-20 05:23:49,121.487000,31.291100,  0, 90,1
85276,2007-02-20 05:24:49,121.487000,31.291100,  0, 90,1
85276,2007-02-20 05:25:51,121.487000,31.291100,  0, 90,1
85276,2007-02-20 05:26:52,121.487000,31.291100,  0, 90,1
85276,2007-02-20 05:27:53,121.472500,31.288500,  0, 90,1
85276,2007-02-20 05:29:15,121.471600,31.285100,  6, 90,1
85276,2007-02-20 05:30:16,121.474500,31.284300, 20, 90,1
85276,2007-02-20 05:31:20,121.472500,31.279500, 18,112,0
85276,2007-02-20 05:32:20,121.470800,31.280000, 36,  0,0
85276,2007-02-20 05:33:21,121.471600,31.284600,  0,  0,0
85276,2007-02-20 05:34:46,121.472500,31.288100,  0,  0,0
85276,2007-02-20 05:35:46,121.473000,31.291600, 24,  0,0
85276,2007-02-20 05:37:48,121.476300,31.297500, 32,  0,0
85276,2007-02-20 05:38:49,121.476300,31.301500, 26,  0,0
85276,2007-02-20 05:39:50,121.479300,31.304000, 24, 22,0
85276,2007-02-20 05:40:51,121.481800,31.305600, 34, 45,0
85276,2007-02-20 05:41:52,121.485800,31.308000, 42,  0,0
85276,2007-02-20 05:42:53,121.485500,31.313300, 10,  0,0
85276,2007-02-20 05:44:55,121.485500,31.314000,  0,  0,0
85276,2007-02-20 05:45:56,121.485500,31.314000,  0,  0,0
85276,2007-02-20 05:46:57,121.485500,31.314000,  0,  0,0
85276,2007-02-20 05:47:58,121.485500,31.314000,  0,  0,0
85276,2007-02-20 05:48:59,121.485500,31.314000,  0,  0,0
85276,2007-02-20 05:50:00,121.485500,31.314000,  0,  0,0
85276,2007-02-20 05:51:01,121.485500,31.314000,  0,  0,0
85276,2007-02-20 05:52:02,121.485500,31.314000,  0,  0,0
85276,2007-02-20 05:53:03,121.485500,31.314000,  0,  0,0
85276,2007-02-20 05:54:04,121.485500,31.314000,  0,  0,0
85276,2007-02-20 05:55:05,121.485500,31.314000,  0,  0,0
85276,2007-02-20 05:56:06,121.485500,31.314000,  0,  0,0
85276,2007-02-20 05:57:07,121.485500,31.314000,  0,  0,0
85276,2007-02-20 05:58:08,121.485800,31.317100, 24,  0,0
85276,2007-02-20 05:59:09,121.488600,31.317500,  0, 45,0
85276,2007-02-20 05:59:48,121.488300,31.317600, 22,135,1
85276,2007-02-20 06:00:49,121.485500,31.315300, 32, 90,1
85276,2007-02-20 06:02:51,121.485800,31.304500, 56, 90,1
85276,2007-02-20 06:03:52,121.481800,31.304100,  0,135,1
85276,2007-02-20 06:05:54,121.483000,31.293800, 74,112,1
85276,2007-02-20 06:07:56,121.452800,31.296300,104,135,1
85276,2007-02-20 06:11:04,121.426100,31.298300,  0,  0,1
85276,2007-02-20 06:12:05,121.421500,31.297300, 78,135,1
85276,2007-02-20 06:12:24,121.419100,31.296600,  0,112,0
85276,2007-02-20 06:13:25,121.419100,31.296600,  0,112,0
85276,2007-02-20 06:14:26,121.418800,31.297000, 20,  0,0
85276,2007-02-20 06:15:27,121.415000,31.301800, 36,135,0
85276,2007-02-20 06:16:28,121.416100,31.304600, 44, 45,0
85276,2007-02-20 06:17:29,121.424100,31.305100, 48, 45,0
85276,2007-02-20 06:18:17,121.426800,31.305300, 26, 45,1
85276,2007-02-20 06:19:17,121.434100,31.306500, 46, 45,1
85276,2007-02-20 06:20:18,121.440500,31.307100, 12, 45,1
85276,2007-02-20 06:21:19,121.443800,31.306000, 58, 90,1
85276,2007-02-20 06:22:20,121.445500,31.294100, 98, 90,1
85276,2007-02-20 06:23:21,121.447000,31.282800, 66, 90,1
85276,2007-02-20 06:24:22,121.447100,31.281300,  0, 90,1
85276,2007-02-20 06:26:24,121.453600,31.281300,  0, 45,1
85276,2007-02-20 06:27:25,121.458000,31.281600, 70, 45,1
85276,2007-02-20 06:28:26,121.464800,31.281500, 42, 45,1
85276,2007-02-20 06:29:27,121.470300,31.279600,  0, 45,1
85276,2007-02-20 06:30:28,121.473300,31.277800,  0, 67,1
85276,2007-02-20 06:32:30,121.474800,31.276000, 38,112,1
85276,2007-02-20 06:32:59,121.474500,31.272300,  0, 90,0
85276,2007-02-20 06:34:00,121.474800,31.271300,  0, 90,0
85276,2007-02-20 06:35:01,121.475000,31.272500,  8,  0,0
85276,2007-02-20 06:36:02,121.477000,31.279500, 62, 22,0
85276,2007-02-20 06:37:03,121.478100,31.285000, 38,  0,0
85276,2007-02-20 06:38:04,121.478500,31.287100,  4, 45,0
85276,2007-02-20 06:39:05,121.479000,31.287100,  0, 45,0
85276,2007-02-20 06:41:07,121.480800,31.311600,110,  0,0
85276,2007-02-20 06:42:08,121.481000,31.321800, 10,  0,0
85276,2007-02-20 06:43:09,121.482300,31.323100, 20, 22,0
85276,2007-02-20 06:44:10,121.481500,31.323800,  4,135,0
85276,2007-02-20 06:45:11,121.482000,31.323600,  0,135,0
85276,2007-02-20 06:46:12,121.482800,31.325000, 12, 45,0
85276,2007-02-20 06:47:13,121.483800,31.325000,  0, 45,0
85276,2007-02-20 06:48:14,121.483800,31.325000,  0, 45,0
85276,2007-02-20 06:50:16,121.483800,31.325000,  0, 45,0
85276,2007-02-20 06:51:17,121.483800,31.325000,  0, 45,0
85276,2007-02-20 06:52:18,121.483800,31.325000,  0, 45,0
85276,2007-02-20 06:54:20,121.483800,31.325100,  0, 45,0
85276,2007-02-20 06:55:21,121.483800,31.325100,  0, 45,0
85276,2007-02-20 06:56:22,121.483800,31.325100,  0, 45,0
85276,2007-02-20 06:57:23,121.483800,31.325100,  0, 45,0
85276,2007-02-20 06:59:25,121.483800,31.325100,  0, 45,0
85276,2007-02-20 07:00:26,121.483800,31.325100,  0, 45,0
85276,2007-02-20 07:01:27,121.483800,31.325100,  0, 45,0
85276,2007-02-20 07:02:28,121.483800,31.325100,  0, 45,0
85276,2007-02-20 07:03:29,121.483800,31.325100,  0, 45,0
85276,2007-02-20 07:05:31,121.483800,31.325100,  0, 45,0
85276,2007-02-20 07:06:32,121.483800,31.325100,  0, 45,0
85276,2007-02-20 07:07:33,121.483800,31.325100,  0, 45,0
85276,2007-02-20 07:08:34,121.483800,31.325100,  0, 45,0
85276,2007-02-20 07:09:35,121.483800,31.325100,  0, 45,0
85276,2007-02-20 07:10:36,121.483800,31.325100,  0, 45,0
85276,2007-02-20 07:11:37,121.483800,31.325100,  0, 45,0
85276,2007-02-20 07:13:39,121.483800,31.325100,  0, 45,0
85276,2007-02-20 07:14:39,121.483800,31.325100,  0, 45,0
85276,2007-02-20 07:15:41,121.483800,31.325100,  0, 45,0
85276,2007-02-20 07:16:42,121.483800,31.325100,  0, 45,0
85276,2007-02-20 07:17:43,121.483800,31.325100,  0, 45,0
85276,2007-02-20 07:18:44,121.483800,31.325100,  0, 45,0
85276,2007-02-20 07:19:44,121.483800,31.325100,  0, 45,0
85276,2007-02-20 07:20:46,121.483800,31.325100,  0, 45,0
85276,2007-02-20 07:21:47,121.483800,31.325000,  0, 90,0
85276,2007-02-20 07:22:48,121.483800,31.325000,  0, 90,0
85276,2007-02-20 07:23:49,121.483800,31.325000,  0, 90,0
85276,2007-02-20 07:24:49,121.483800,31.325000,  0, 90,0
85276,2007-02-20 07:25:51,121.483800,31.325000,  0, 90,0
85276,2007-02-20 07:26:52,121.483800,31.325000,  0, 90,0
85276,2007-02-20 07:27:53,121.483800,31.325000,  0, 90,0
85276,2007-02-20 07:28:54,121.483800,31.325000,  0, 90,0
85276,2007-02-20 07:29:54,121.483800,31.325000,  0, 90,0
85276,2007-02-20 07:30:56,121.483800,31.325000,  0, 90,0
85276,2007-02-20 07:31:57,121.483800,31.325000,  0, 90,0
85276,2007-02-20 07:32:58,121.483800,31.325000,  0, 90,0
85276,2007-02-20 07:33:59,121.483800,31.325000,  0, 90,0
85276,2007-02-20 07:36:01,121.484000,31.325000,  0, 67,0
85276,2007-02-20 07:37:02,121.484000,31.325000,  0, 67,0
85276,2007-02-20 07:39:04,121.484000,31.325000,  0, 67,0
85276,2007-02-20 07:40:04,121.483800,31.325000,  0, 67,0
85276,2007-02-20 07:41:06,121.483800,31.325000,  0, 67,0
85276,2007-02-20 07:42:07,121.483800,31.325000,  0, 67,0
85276,2007-02-20 07:43:08,121.483600,31.325300,  0, 67,0
85276,2007-02-20 07:44:09,121.483600,31.325300,  0, 67,0
85276,2007-02-20 07:45:09,121.483600,31.325100,  0,157,0
85276,2007-02-20 07:46:11,121.483600,31.325100,  0,157,0
85276,2007-02-20 07:47:12,121.483800,31.325000,  0,157,0
85276,2007-02-20 07:48:13,121.483800,31.325000,  0,157,0
85276,2007-02-20 07:49:14,121.483800,31.325000,  0,157,0
85276,2007-02-20 07:50:14,121.483800,31.325000,  0,157,0
85276,2007-02-20 07:51:16,121.483800,31.325000,  0,157,0
85276,2007-02-20 07:52:17,121.483800,31.325000,  0,157,0
85276,2007-02-20 07:53:18,121.483800,31.325000,  0,157,0
85276,2007-02-20 07:54:19,121.483800,31.325000,  0,157,0
85276,2007-02-20 07:55:19,121.484000,31.324800,  0,157,0
85276,2007-02-20 07:56:21,121.485000,31.323800, 10,157,0
85276,2007-02-20 07:57:22,121.484000,31.324800,  4, 90,0
85276,2007-02-20 07:58:23,121.484100,31.324600,  0, 67,0
85276,2007-02-20 07:59:24,121.483300,31.325600, 18,157,0
85276,2007-02-20 08:00:24,121.484000,31.324800,  0, 90,0
85276,2007-02-20 08:01:26,121.483800,31.325000,  0,157,0
85276,2007-02-20 08:02:27,121.483800,31.325000,  0,157,0
85276,2007-02-20 08:03:28,121.483600,31.325100,  0,157,0
85276,2007-02-20 08:04:29,121.483600,31.325100,  0,157,0
85276,2007-02-20 08:05:29,121.483600,31.325100,  0,157,0
85276,2007-02-20 08:06:31,121.483600,31.325100,  0,157,0
85276,2007-02-20 08:07:32,121.484000,31.324800,  0,157,0
85276,2007-02-20 08:08:33,121.484000,31.324800,  0,157,0
85276,2007-02-20 08:09:34,121.484000,31.324800,  0,157,0
85276,2007-02-20 08:10:34,121.484000,31.324800,  0,157,0
85276,2007-02-20 08:11:36,121.484000,31.324800,  0,157,0
85276,2007-02-20 08:13:38,121.484100,31.324800,  0, 90,0
85276,2007-02-20 08:15:39,121.483800,31.325300,  0,157,0
85276,2007-02-20 08:16:41,121.483600,31.325500,  0, 45,0
85276,2007-02-20 08:17:42,121.483800,31.325300,  0, 22,0
85276,2007-02-20 08:18:43,121.483800,31.325300,  0, 22,0
85276,2007-02-20 08:19:44,121.483800,31.325300,  0, 22,0
85276,2007-02-20 08:20:44,121.483800,31.325300,  0, 22,0
85276,2007-02-20 08:21:46,121.483800,31.325300,  0, 22,0
85276,2007-02-20 08:22:47,121.483800,31.325300,  0, 22,0
85276,2007-02-20 08:23:48,121.483800,31.325300,  0, 22,0
85276,2007-02-20 08:24:49,121.483800,31.325300,  0, 22,0
85276,2007-02-20 08:25:49,121.483800,31.325300,  0, 22,0
85276,2007-02-20 08:26:51,121.483800,31.325300,  0, 22,0
85276,2007-02-20 08:27:52,121.483800,31.325300,  0, 22,0
85276,2007-02-20 08:28:53,121.483800,31.325300,  0, 22,0
85276,2007-02-20 08:29:54,121.483800,31.325300,  0, 22,0
85276,2007-02-20 08:30:54,121.483800,31.325300,  0,  0,0
85276,2007-02-20 08:31:56,121.483600,31.325600,  0,  0,0
85276,2007-02-20 08:32:57,121.483600,31.325300,  0,  0,0
85276,2007-02-20 08:34:59,121.483600,31.325500,  0,  0,0
85276,2007-02-20 08:35:59,121.483600,31.325500,  0,  0,0
85276,2007-02-20 08:37:01,121.483600,31.325500,  0,  0,0
85276,2007-02-20 08:38:02,121.483600,31.325500,  0,  0,0
85276,2007-02-20 08:39:03,121.483600,31.325500,  0,  0,0
85276,2007-02-20 08:40:04,121.483600,31.325500,  0,  0,0
85276,2007-02-20 08:41:04,121.483600,31.325500,  0,  0,0
85276,2007-02-20 08:42:06,121.483600,31.325300,  0,  0,0
85276,2007-02-20 08:43:07,121.483600,31.325300,  0,  0,0
85276,2007-02-20 08:44:08,121.483600,31.325300,  0,  0,0
85276,2007-02-20 08:45:09,121.483600,31.325300,  0,  0,0
85276,2007-02-20 08:46:09,121.483600,31.325300,  0,  0,0
85276,2007-02-20 08:47:11,121.483600,31.325300,  0,  0,0
85276,2007-02-20 08:49:13,121.483600,31.325300,  0,  0,0
85276,2007-02-20 08:50:14,121.483600,31.325300,  0,  0,0
85276,2007-02-20 08:51:13,121.483600,31.325300,  0,  0,0
85276,2007-02-20 08:52:15,121.483600,31.325300,  0,  0,0
85276,2007-02-20 08:53:16,121.483600,31.325300,  0,  0,0
85276,2007-02-20 08:54:17,121.483600,31.325300,  0,  0,0
85276,2007-02-20 08:55:18,121.483600,31.325300,  0,  0,0
85276,2007-02-20 08:56:18,121.483600,31.325300,  0,  0,0
85276,2007-02-20 08:57:20,121.483600,31.325300,  0,  0,0
85276,2007-02-20 08:58:21,121.483600,31.325300,  0,  0,0
85276,2007-02-20 09:00:23,121.483600,31.325300,  0,  0,0
85276,2007-02-20 09:01:23,121.483600,31.325300,  0,  0,0
85276,2007-02-20 09:02:25,121.483600,31.325300,  0,  0,0
85276,2007-02-20 09:03:26,121.483600,31.325300,  0,  0,0
85276,2007-02-20 09:05:28,121.483800,31.325300,  0,  0,0
85276,2007-02-20 09:06:28,121.483800,31.325300,  0,  0,0
85276,2007-02-20 09:07:30,121.483800,31.325300,  0,  0,0
85276,2007-02-20 09:08:31,121.483800,31.325300,  0,  0,0
85276,2007-02-20 09:09:32,121.483800,31.325300,  0,  0,0
85276,2007-02-20 09:11:33,121.483800,31.325300,  0,  0,0
85276,2007-02-20 09:13:36,121.483800,31.325300,  0,  0,0
85276,2007-02-20 09:14:37,121.483800,31.325300,  0,  0,0
85276,2007-02-20 09:16:38,121.483800,31.325500,  0,  0,0
85276,2007-02-20 09:17:40,121.483800,31.325500,  0,  0,0
85276,2007-02-20 09:18:41,121.483800,31.325500,  0,  0,0
85276,2007-02-20 09:19:31,121.483800,31.325500,  0,  0,0
85276,2007-02-20 09:20:31,121.483800,31.325500,  0,  0,0
85276,2007-02-20 09:21:32,121.484000,31.325100,  0,  0,0
85276,2007-02-20 09:22:33,121.484000,31.325100,  0,  0,0
85276,2007-02-20 09:23:34,121.484000,31.325100,  0,  0,0
85276,2007-02-20 09:24:35,121.484000,31.325000,  0,  0,0
85276,2007-02-20 09:25:36,121.484100,31.325300,  0,  0,0
85276,2007-02-20 09:26:37,121.484100,31.325300,  0,  0,0
85276,2007-02-20 09:27:38,121.484100,31.325100,  0,  0,0
85276,2007-02-20 09:30:41,121.483800,31.325000,  0,  0,0
85276,2007-02-20 09:31:42,121.483800,31.325000,  0,  0,0
85276,2007-02-20 09:32:43,121.483800,31.325000,  0,  0,0
85276,2007-02-20 09:33:44,121.483800,31.325000,  0,  0,0
85276,2007-02-20 09:34:45,121.483800,31.325000,  0,  0,0
85276,2007-02-20 09:35:46,121.483800,31.325000,  0,  0,0
85276,2007-02-20 09:36:47,121.483800,31.325000,  0,  0,0
85276,2007-02-20 09:37:48,121.483800,31.325000,  0,  0,0
85276,2007-02-20 09:38:49,121.483800,31.325100,  0,  0,0
85276,2007-02-20 09:39:50,121.483800,31.325100,  0,  0,0
85276,2007-02-20 09:40:51,121.483800,31.325100,  0,  0,0
85276,2007-02-20 09:41:52,121.483800,31.325100,  0,  0,0
85276,2007-02-20 09:42:53,121.483800,31.325100,  0,  0,0
85276,2007-02-20 09:43:54,121.483800,31.325100,  0,  0,0
85276,2007-02-20 09:44:55,121.483800,31.325100,  0,  0,0
85276,2007-02-20 09:45:56,121.483800,31.325100,  0,  0,0
85276,2007-02-20 09:46:57,121.483800,31.325100,  0,  0,0
85276,2007-02-20 09:47:58,121.483800,31.325100,  0,  0,0
85276,2007-02-20 09:48:59,121.483800,31.325100,  0,  0,0
85276,2007-02-20 09:50:00,121.483600,31.325300,  0,  0,0
85276,2007-02-20 09:51:01,121.483600,31.325300,  0,  0,0
85276,2007-02-20 09:52:02,121.483600,31.325300,  0,  0,0
85276,2007-02-20 09:53:03,121.483600,31.325300,  0,  0,0
85276,2007-02-20 09:54:04,121.483600,31.325300,  0,  0,0
85276,2007-02-20 09:55:05,121.483600,31.325300,  0,  0,0
85276,2007-02-20 09:56:06,121.483600,31.325300,  0,  0,0
85276,2007-02-20 09:57:07,121.483600,31.325300,  0,  0,0
85276,2007-02-20 09:58:08,121.483600,31.325300,  0,  0,0
85276,2007-02-20 09:59:09,121.483600,31.325300,  0,  0,0
85276,2007-02-20 10:00:10,121.483600,31.325300,  0,  0,0
85276,2007-02-20 10:01:11,121.483600,31.325300,  0,  0,0
85276,2007-02-20 10:02:12,121.483600,31.325300,  0,  0,0
85276,2007-02-20 10:03:13,121.483600,31.325300,  0,  0,0
85276,2007-02-20 10:04:14,121.483600,31.325300,  0,  0,0
85276,2007-02-20 10:05:15,121.483600,31.325300,  0,  0,0
85276,2007-02-20 10:06:16,121.483600,31.325300,  0,  0,0
85276,2007-02-20 10:07:17,121.483600,31.325300,  0,  0,0
85276,2007-02-20 10:08:18,121.483600,31.325300,  0,  0,0
85276,2007-02-20 10:09:19,121.483600,31.325300,  0,  0,0
85276,2007-02-20 10:10:20,121.483600,31.325300,  0,  0,0
85276,2007-02-20 10:11:21,121.483600,31.325300,  0,  0,0
85276,2007-02-20 10:13:23,121.483600,31.325500,  0,  0,0
85276,2007-02-20 10:14:24,121.483600,31.325500,  0,  0,0
85276,2007-02-20 10:15:25,121.483600,31.325500,  0,  0,0
85276,2007-02-20 10:16:26,121.483600,31.325500,  0,  0,0
85276,2007-02-20 10:18:28,121.483600,31.325500,  0,  0,0
85276,2007-02-20 10:19:29,121.483600,31.325500,  0,  0,0
85276,2007-02-20 10:20:30,121.483600,31.325500,  0,  0,0
85276,2007-02-20 10:21:31,121.483600,31.325500,  0,  0,0
85276,2007-02-20 10:22:32,121.483600,31.325500,  0,  0,0
85276,2007-02-20 10:24:34,121.483600,31.325300,  0,  0,0
85276,2007-02-20 10:25:35,121.483600,31.325300,  0,  0,0
85276,2007-02-20 10:27:37,121.483600,31.325300,  0,  0,0
85276,2007-02-20 10:28:38,121.483800,31.325100,  0,  0,0
85276,2007-02-20 10:29:39,121.483800,31.325100,  0,  0,0
85276,2007-02-20 10:30:40,121.483800,31.325100,  0,  0,0
85276,2007-02-20 10:31:41,121.483800,31.325100,  0,  0,0
85276,2007-02-20 10:32:42,121.483800,31.325100,  0,  0,0
85276,2007-02-20 10:33:43,121.483800,31.325100,  0,  0,0
85276,2007-02-20 10:34:44,121.483800,31.325100,  0,  0,0
85276,2007-02-20 10:36:46,121.483800,31.325100,  0,  0,0
85276,2007-02-20 10:37:47,121.483800,31.325100,  0,  0,0
85276,2007-02-20 10:38:48,121.483800,31.325100,  0,  0,0
85276,2007-02-20 10:39:49,121.483800,31.325100,  0,  0,0
85276,2007-02-20 10:40:50,121.483800,31.325100,  0,  0,0
85276,2007-02-20 10:41:51,121.483800,31.325100,  0,  0,0
85276,2007-02-20 10:42:52,121.483800,31.325100,  0,  0,0
85276,2007-02-20 10:43:53,121.483800,31.325100,  0,  0,0
85276,2007-02-20 10:46:56,121.483800,31.325100,  0,  0,0
85276,2007-02-20 10:47:57,121.483800,31.325100,  0,  0,0
85276,2007-02-20 10:48:58,121.483800,31.325100,  0,  0,0
85276,2007-02-20 10:49:59,121.483800,31.325100,  0,  0,0
85276,2007-02-20 10:51:00,121.483800,31.325100,  0,  0,0
85276,2007-02-20 10:52:01,121.483800,31.325100,  0,  0,0
85276,2007-02-20 10:53:02,121.483800,31.325100,  0,  0,0
85276,2007-02-20 10:54:03,121.483800,31.325100,  0,  0,0
85276,2007-02-20 10:55:04,121.483600,31.325100,  0,  0,0
85276,2007-02-20 10:56:05,121.483600,31.325100,  0,  0,0
85276,2007-02-20 10:57:06,121.483600,31.325100,  0,  0,0
85276,2007-02-20 10:58:07,121.483600,31.325100,  0,  0,0
85276,2007-02-20 10:59:08,121.483600,31.325100,  0,  0,0
85276,2007-02-20 11:00:09,121.483600,31.325100,  0,  0,0
85276,2007-02-20 11:01:10,121.483600,31.325100,  0,  0,0
85276,2007-02-20 11:02:11,121.483600,31.325100,  0,  0,0
85276,2007-02-20 11:03:12,121.483600,31.325100,  0,  0,0
85276,2007-02-20 11:04:13,121.483600,31.325100,  0,  0,0
85276,2007-02-20 11:05:14,121.483600,31.325100,  0,  0,0
85276,2007-02-20 11:06:15,121.483600,31.325100,  0,  0,0
85276,2007-02-20 11:07:16,121.483600,31.325100,  0,  0,0
85276,2007-02-20 11:08:17,121.483600,31.325100,  0,  0,0
85276,2007-02-20 11:10:19,121.483600,31.325100,  0,  0,0
85276,2007-02-20 11:12:21,121.483600,31.325100,  0,  0,0
85276,2007-02-20 11:13:22,121.483600,31.325100,  0,  0,0
85276,2007-02-20 11:14:23,121.483600,31.325100,  0,  0,0
85276,2007-02-20 11:15:24,121.483600,31.325100,  0,  0,0
85276,2007-02-20 11:17:26,121.483600,31.325100,  0,  0,0
85276,2007-02-20 11:20:29,121.483600,31.325100,  0,  0,0
85276,2007-02-20 11:21:30,121.483600,31.325100,  0,  0,0
85276,2007-02-20 11:22:31,121.483600,31.325100,  0,  0,0
85276,2007-02-20 11:23:32,121.483600,31.325100,  0,  0,0
85276,2007-02-20 11:25:34,121.483600,31.325100,  0,  0,0
85276,2007-02-20 11:26:35,121.483600,31.325100,  0,  0,0
85276,2007-02-20 11:27:36,121.483600,31.325100,  0,  0,0
85276,2007-02-20 11:28:37,121.483600,31.325100,  0,  0,0
85276,2007-02-20 11:29:38,121.483600,31.325100,  0,  0,0
85276,2007-02-20 11:30:39,121.483600,31.325100,  0,  0,0
85276,2007-02-20 11:31:40,121.483800,31.325100,  0,  0,0
85276,2007-02-20 11:32:41,121.483800,31.325100,  0,  0,0
85276,2007-02-20 11:33:42,121.483800,31.325100,  0,  0,0
85276,2007-02-20 11:34:43,121.483800,31.325100,  0,  0,0
85276,2007-02-20 11:35:44,121.483800,31.325100,  0,  0,0
85276,2007-02-20 11:36:45,121.483800,31.325100,  0,  0,0
85276,2007-02-20 11:37:46,121.483800,31.325100,  0,  0,0
85276,2007-02-20 11:38:47,121.483800,31.325100,  0,  0,0
85276,2007-02-20 11:39:48,121.483800,31.325100,  0,  0,0
85276,2007-02-20 11:40:48,121.483800,31.325100,  0,  0,0
85276,2007-02-20 11:41:50,121.483800,31.325100,  0,  0,0
85276,2007-02-20 11:42:51,121.483800,31.325100,  0,  0,0
85276,2007-02-20 11:43:52,121.483800,31.325100,  0,  0,0
85276,2007-02-20 11:45:53,121.483800,31.325100,  0,  0,0
85276,2007-02-20 11:46:55,121.483800,31.325100,  0,  0,0
85276,2007-02-20 11:47:56,121.483800,31.325100,  0,  0,0
85276,2007-02-20 11:48:57,121.483800,31.325100,  0,  0,0
85276,2007-02-20 11:49:58,121.483800,31.325100,  0,  0,0
85276,2007-02-20 11:50:58,121.483800,31.325100,  0,  0,0
85276,2007-02-20 11:52:00,121.483800,31.325100,  0,  0,0
85276,2007-02-20 11:53:01,121.483800,31.325100,  0,  0,0
85276,2007-02-20 11:54:02,121.483800,31.325100,  0,  0,0
85276,2007-02-20 11:55:03,121.483800,31.325100,  0,  0,0
85276,2007-02-20 11:56:03,121.483800,31.325100,  0,  0,0
85276,2007-02-20 11:58:06,121.483800,31.325100,  0,  0,0
85276,2007-02-20 11:59:07,121.483800,31.325100,  0,  0,0
85276,2007-02-20 12:00:08,121.483800,31.325100,  0,  0,0
85276,2007-02-20 12:01:08,121.483800,31.325100,  0,  0,0
85276,2007-02-20 12:02:10,121.483800,31.325100,  0,  0,0
85276,2007-02-20 12:03:11,121.483800,31.325100,  0,  0,0
85276,2007-02-20 12:04:12,121.483800,31.325100,  0,  0,0
85276,2007-02-20 12:05:13,121.483800,31.325100,  0,  0,0
85276,2007-02-20 12:06:13,121.483800,31.325100,  0,  0,0
85276,2007-02-20 12:07:15,121.483800,31.325100,  0,  0,0
85276,2007-02-20 12:08:16,121.483800,31.325100,  0,  0,0
85276,2007-02-20 12:09:17,121.483800,31.325100,  0,  0,0
85276,2007-02-20 12:10:18,121.483800,31.325100,  0,  0,0
85276,2007-02-20 12:11:18,121.483800,31.325100,  0,  0,0
85276,2007-02-20 12:12:20,121.483800,31.325100,  0,  0,0
85276,2007-02-20 12:13:21,121.483800,31.325100,  0,  0,0
85276,2007-02-20 12:14:22,121.483800,31.325100,  0,  0,0
85276,2007-02-20 12:15:23,121.483800,31.325100,  0,  0,0
85276,2007-02-20 12:16:23,121.483800,31.325100,  0,  0,0
85276,2007-02-20 12:17:25,121.483800,31.325100,  0,  0,0
85276,2007-02-20 12:18:26,121.483800,31.325100,  0,  0,0
85276,2007-02-20 12:20:28,121.483800,31.325100,  0,  0,0
85276,2007-02-20 12:21:28,121.483800,31.325100,  0,  0,0
85276,2007-02-20 12:22:30,121.483800,31.325100,  0,  0,0
85276,2007-02-20 12:24:32,121.483800,31.325100,  0,  0,0
85276,2007-02-20 12:25:33,121.483800,31.325100,  0,  0,0
85276,2007-02-20 12:26:33,121.483800,31.325100,  0,  0,0
85276,2007-02-20 12:27:35,121.483800,31.325100,  0,  0,0
85276,2007-02-20 12:29:37,121.484000,31.325300,  0,  0,0
85276,2007-02-20 12:30:38,121.484000,31.325300,  0,  0,0
85276,2007-02-20 12:32:40,121.484000,31.325300,  0,  0,0
85276,2007-02-20 12:33:41,121.484000,31.325300,  0,  0,0
85276,2007-02-20 12:34:42,121.484000,31.325300,  0,  0,0
85276,2007-02-20 12:35:43,121.484000,31.325300,  0,  0,0
85276,2007-02-20 12:36:43,121.484000,31.325300,  0,  0,0
85276,2007-02-20 12:37:45,121.484000,31.325300,  0,  0,0
85276,2007-02-20 12:38:46,121.484000,31.325300,  0,  0,0
85276,2007-02-20 12:39:47,121.484000,31.325300,  0,  0,0
85276,2007-02-20 12:40:48,121.484000,31.325300,  0,  0,0
85276,2007-02-20 12:42:50,121.484000,31.325300,  0,  0,0
85276,2007-02-20 12:43:51,121.484000,31.325300,  0,  0,0
85276,2007-02-20 12:44:52,121.484000,31.325300,  0,  0,0
85276,2007-02-20 12:45:53,121.484000,31.325300,  0,  0,0
85276,2007-02-20 12:46:53,121.484000,31.325300,  0,  0,0
85276,2007-02-20 12:48:56,121.484000,31.325300,  0,  0,0
85276,2007-02-20 12:49:57,121.484000,31.325300,  0,  0,0
85276,2007-02-20 12:51:58,121.484000,31.325300,  0,  0,0
85276,2007-02-20 12:53:00,121.484000,31.325300,  0,  0,0
85276,2007-02-20 12:54:01,121.484000,31.325300,  0,  0,0
85276,2007-02-20 12:55:02,121.484000,31.325300,  0,  0,0
85276,2007-02-20 12:56:03,121.484000,31.325300,  0,  0,0
85276,2007-02-20 12:57:03,121.484000,31.325300,  0,  0,0
85276,2007-02-20 12:58:05,121.484000,31.325300,  0,  0,0
85276,2007-02-20 12:59:06,121.484000,31.325300,  0,  0,0
85276,2007-02-20 13:01:08,121.484000,31.325300,  0,  0,0
85276,2007-02-20 13:02:08,121.484000,31.325300,  0,  0,0
85276,2007-02-20 13:03:10,121.484000,31.325300,  0,  0,0
85276,2007-02-20 13:04:11,121.483800,31.325300,  0,  0,0
85276,2007-02-20 13:05:12,121.483600,31.325300,  0,  0,0
85276,2007-02-20 13:06:13,121.483600,31.325300,  0,  0,0
85276,2007-02-20 13:07:13,121.483600,31.325300,  0,  0,0
85276,2007-02-20 13:08:15,121.483500,31.325100,  0,  0,0
85276,2007-02-20 13:09:16,121.483600,31.325100,  0,  0,0
85276,2007-02-20 13:10:17,121.483600,31.325100,  0,  0,0
85276,2007-02-20 13:11:18,121.483600,31.325100,  0,  0,0
85276,2007-02-20 13:12:18,121.483600,31.325100,  0,  0,0
85276,2007-02-20 13:14:21,121.483600,31.325100,  0,  0,0
85276,2007-02-20 13:15:22,121.483600,31.325100,  0,  0,0
85276,2007-02-20 13:16:23,121.483600,31.325100,  0,  0,0
85276,2007-02-20 13:17:23,121.483600,31.325100,  0,  0,0
85276,2007-02-20 13:18:25,121.483600,31.325100,  0,  0,0
85276,2007-02-20 13:19:26,121.483600,31.325100,  0,  0,0
85276,2007-02-20 13:20:27,121.483800,31.325100,  0,  0,0
85276,2007-02-20 13:21:28,121.483800,31.325100,  0,  0,0
85276,2007-02-20 13:23:30,121.483800,31.325100,  0,  0,0
85276,2007-02-20 13:25:31,121.483800,31.325100,  0,  0,0
85276,2007-02-20 13:26:32,121.483800,31.325100,  0,  0,0
85276,2007-02-20 13:27:32,121.483800,31.325100,  0,  0,0
85276,2007-02-20 13:28:34,121.483800,31.325100,  0,  0,0
85276,2007-02-20 13:29:35,121.483800,31.325100,  0,  0,0
85276,2007-02-20 13:30:36,121.483800,31.325100,  0,  0,0
85276,2007-02-20 13:31:37,121.483800,31.325100,  0,  0,0
85276,2007-02-20 13:32:37,121.483800,31.325100,  0,  0,0
85276,2007-02-20 13:33:39,121.483800,31.325100,  0,  0,0
85276,2007-02-20 13:34:40,121.483800,31.325100,  0,  0,0
85276,2007-02-20 13:35:41,121.483800,31.325100,  0,  0,0
85276,2007-02-20 13:36:42,121.483800,31.325100,  0,  0,0
85276,2007-02-20 13:37:42,121.484000,31.325100,  0,  0,0
85276,2007-02-20 13:38:44,121.483800,31.325100,  0,  0,0
85276,2007-02-20 13:39:45,121.483800,31.325100,  0,  0,0
85276,2007-02-20 13:40:46,121.483800,31.325100,  0,  0,0
85276,2007-02-20 13:41:47,121.483800,31.325100,  0,  0,0
85276,2007-02-20 13:42:47,121.483800,31.325100,  0,  0,0
85276,2007-02-20 13:43:49,121.483800,31.325100,  0,  0,0
85276,2007-02-20 13:44:50,121.483800,31.325100,  0,  0,0
85276,2007-02-20 13:45:51,121.483800,31.325100,  0,  0,0
85276,2007-02-20 13:46:51,121.483800,31.325100,  0,  0,0
85276,2007-02-20 13:47:52,121.483800,31.325100,  0,  0,0
85276,2007-02-20 13:48:53,121.483800,31.325100,  0,  0,0
85276,2007-02-20 13:50:55,121.483800,31.325100,  0,  0,0
85276,2007-02-20 13:51:56,121.483800,31.325100,  0,  0,0
85276,2007-02-20 13:52:57,121.483800,31.325100,  0,  0,0
85276,2007-02-20 13:53:58,121.483800,31.325100,  0,  0,0
85276,2007-02-20 13:54:59,121.483800,31.325100,  0,  0,0
85276,2007-02-20 13:56:00,121.483800,31.325100,  0,  0,0
85276,2007-02-20 13:57:01,121.483800,31.325100,  0,  0,0
85276,2007-02-20 13:58:02,121.483800,31.325100,  0,  0,0
85276,2007-02-20 13:59:03,121.484000,31.325100,  0,  0,0
85276,2007-02-20 14:00:04,121.483800,31.325100,  0,  0,0
85276,2007-02-20 14:01:05,121.483800,31.325100,  0,  0,0
85276,2007-02-20 14:02:06,121.483800,31.325100,  0,  0,0
85276,2007-02-20 14:03:07,121.483800,31.325100,  0,  0,0
85276,2007-02-20 14:04:08,121.483800,31.325100,  0,  0,0
85276,2007-02-20 14:05:09,121.483800,31.325100,  0,  0,0
85276,2007-02-20 14:06:10,121.483800,31.325100,  0,  0,0
85276,2007-02-20 14:07:11,121.483800,31.325100,  0,  0,0
85276,2007-02-20 14:08:12,121.483800,31.325100,  0,  0,0
85276,2007-02-20 14:09:13,121.483800,31.325100,  0,  0,0
85276,2007-02-20 14:10:14,121.483800,31.325100,  0,  0,0
85276,2007-02-20 14:11:15,121.483800,31.325100,  0,  0,0
85276,2007-02-20 14:12:16,121.483800,31.325100,  0,  0,0
85276,2007-02-20 14:13:17,121.483800,31.325100,  0,  0,0
85276,2007-02-20 14:14:18,121.483800,31.325100,  0,  0,0
85276,2007-02-20 14:15:19,121.483800,31.325100,  0,  0,0
85276,2007-02-20 14:16:20,121.483800,31.325100,  0,  0,0
85276,2007-02-20 14:17:21,121.483800,31.325100,  0,  0,0
85276,2007-02-20 14:18:22,121.483800,31.325100,  0,  0,0
85276,2007-02-20 14:19:23,121.483800,31.325100,  0,  0,0
85276,2007-02-20 14:20:24,121.483800,31.325100,  0,  0,0
85276,2007-02-20 14:21:21,121.483800,31.325100,  0,  0,0
85276,2007-02-20 14:22:21,121.483800,31.325100,  0,  0,0
85276,2007-02-20 14:23:22,121.483800,31.325100,  0,  0,0
85276,2007-02-20 14:24:23,121.483800,31.325100,  0,  0,0
85276,2007-02-20 14:25:24,121.483800,31.325100,  0,  0,0
85276,2007-02-20 14:26:25,121.483800,31.325100,  0,  0,0
85276,2007-02-20 14:27:26,121.483800,31.325100,  0,  0,0
85276,2007-02-20 14:28:27,121.483800,31.325100,  0,  0,0
85276,2007-02-20 14:29:28,121.483800,31.325100,  0,  0,0
85276,2007-02-20 14:30:29,121.483800,31.325100,  0,  0,0
85276,2007-02-20 14:31:30,121.483800,31.325100,  0,  0,0
85276,2007-02-20 14:32:31,121.483800,31.325100,  0,  0,0
85276,2007-02-20 14:33:32,121.483800,31.325100,  0,  0,0
85276,2007-02-20 14:34:33,121.483800,31.325100,  0,  0,0
85276,2007-02-20 14:35:34,121.483800,31.325100,  0,  0,0
85276,2007-02-20 14:36:35,121.483800,31.325100,  0,  0,0
85276,2007-02-20 14:37:36,121.483800,31.325100,  0,  0,0
85276,2007-02-20 14:38:37,121.483800,31.325100,  0,  0,0
85276,2007-02-20 14:39:38,121.483800,31.325100,  0,  0,0
85276,2007-02-20 14:40:39,121.483800,31.325100,  0,  0,0
85276,2007-02-20 14:41:40,121.483800,31.325100,  0,  0,0
85276,2007-02-20 14:42:41,121.483800,31.325100,  0,  0,0
85276,2007-02-20 14:43:42,121.483800,31.325100,  0,  0,0
85276,2007-02-20 14:44:43,121.483800,31.325100,  0,  0,0
85276,2007-02-20 14:45:44,121.483800,31.325100,  0,  0,0
85276,2007-02-20 14:46:45,121.483800,31.325100,  0,  0,0
85276,2007-02-20 14:47:46,121.483800,31.325100,  0,  0,0
85276,2007-02-20 14:48:47,121.483800,31.325100,  0,  0,0
85276,2007-02-20 14:49:48,121.483800,31.325100,  0,  0,0
85276,2007-02-20 14:50:49,121.483800,31.325100,  0,  0,0
85276,2007-02-20 14:51:50,121.483800,31.325100,  0,  0,0
85276,2007-02-20 14:52:51,121.483800,31.325100,  0,  0,0
85276,2007-02-20 14:54:53,121.483800,31.325100,  0,  0,0
85276,2007-02-20 14:56:55,121.483800,31.325100,  0,  0,0
85276,2007-02-20 14:57:56,121.483800,31.325100,  0,  0,0
85276,2007-02-20 14:58:57,121.483800,31.325100,  0,  0,0
85276,2007-02-20 14:59:58,121.483800,31.325100,  0,  0,0
85276,2007-02-20 15:00:59,121.483800,31.325100,  0,  0,0
85276,2007-02-20 15:02:00,121.483800,31.325100,  0,  0,0
85276,2007-02-20 15:03:01,121.483800,31.325100,  0,  0,0
85276,2007-02-20 15:04:02,121.483800,31.325100,  0,  0,0
85276,2007-02-20 15:05:03,121.483800,31.325100,  0,  0,0
85276,2007-02-20 15:06:01,121.483800,31.325100,  0,  0,0
85276,2007-02-20 15:08:26,121.483800,31.325100,  0,  0,0
85276,2007-02-20 15:09:26,121.483800,31.325100,  0,  0,0
85276,2007-02-20 15:10:26,121.483800,31.325100,  0,  0,0
85276,2007-02-20 15:11:27,121.483800,31.325100,  0,  0,0
85276,2007-02-20 15:12:28,121.483800,31.325100,  0,  0,0
85276,2007-02-20 15:13:29,121.483800,31.325100,  0,  0,0
85276,2007-02-20 15:14:30,121.483800,31.325100,  0,  0,0
85276,2007-02-20 15:15:31,121.483800,31.325100,  0,  0,0
85276,2007-02-20 15:16:32,121.483800,31.325100,  0,  0,0
85276,2007-02-20 15:17:32,121.483800,31.325100,  0,  0,0
85276,2007-02-20 15:18:34,121.483800,31.325100,  0,  0,0
85276,2007-02-20 15:19:35,121.483800,31.325100,  0,  0,0
85276,2007-02-20 15:20:36,121.483800,31.325100,  0,  0,0
85276,2007-02-20 15:21:37,121.483800,31.325100,  0,  0,0
85276,2007-02-20 15:22:37,121.483800,31.325100,  0,  0,0
85276,2007-02-20 15:23:39,121.483800,31.325100,  0,  0,0
85276,2007-02-20 15:24:40,121.483800,31.325100,  0,  0,0
85276,2007-02-20 15:25:41,121.483800,31.325100,  0,  0,0
85276,2007-02-20 15:27:42,121.483800,31.325100,  0,  0,0
85276,2007-02-20 15:28:44,121.483800,31.325100,  0,  0,0
85276,2007-02-20 15:29:45,121.483800,31.325100,  0,  0,0
85276,2007-02-20 15:30:46,121.484000,31.325100,  0,  0,0
85276,2007-02-20 15:31:47,121.483600,31.325100,  0,  0,0
85276,2007-02-20 15:32:47,121.483600,31.325100,  0,  0,0
85276,2007-02-20 15:33:49,121.483600,31.325100,  0,  0,0
85276,2007-02-20 15:34:50,121.483600,31.325100,  0,  0,0
85276,2007-02-20 15:35:51,121.483600,31.325100,  0,  0,0
85276,2007-02-20 15:36:52,121.483600,31.325100,  0,  0,0
85276,2007-02-20 15:38:54,121.483800,31.325100,  0,  0,0
85276,2007-02-20 15:39:55,121.483800,31.325100,  0,  0,0
85276,2007-02-20 15:40:56,121.483800,31.325100,  0,  0,0
85276,2007-02-20 15:42:57,121.483800,31.325100,  0,  0,0
85276,2007-02-20 15:43:59,121.483800,31.325100,  0,  0,0
85276,2007-02-20 15:45:00,121.483800,31.325100,  0,  0,0
85276,2007-02-20 15:46:01,121.483800,31.325100,  0,  0,0
85276,2007-02-20 15:47:02,121.483800,31.325100,  0,  0,0
85276,2007-02-20 15:48:02,121.483800,31.325100,  0,  0,0
85276,2007-02-20 15:49:04,121.483800,31.325100,  0,  0,0
85276,2007-02-20 15:51:06,121.483800,31.325100,  0,  0,0
85276,2007-02-20 15:52:07,121.483800,31.325100,  0,  0,0
85276,2007-02-20 15:53:07,121.483800,31.325100,  0,  0,0
85276,2007-02-20 15:54:09,121.483800,31.325100,  0,  0,0
85276,2007-02-20 15:55:10,121.483800,31.325100,  0,  0,0
85276,2007-02-20 15:56:11,121.483800,31.325100,  0,  0,0
85276,2007-02-20 15:57:12,121.483800,31.325100,  0,  0,0
85276,2007-02-20 15:58:35,121.483800,31.325100,  0,  0,0
85276,2007-02-20 15:59:35,121.483800,31.325100,  0,  0,0
85276,2007-02-20 16:00:36,121.483800,31.325100,  0,  0,0
85276,2007-02-20 16:01:37,121.483800,31.325100,  0,  0,0
85276,2007-02-20 16:02:38,121.483800,31.325100,  0,  0,0
85276,2007-02-20 16:03:39,121.483800,31.325100,  0,  0,0
85276,2007-02-20 16:04:40,121.483800,31.325100,  0,  0,0
85276,2007-02-20 16:05:41,121.483800,31.325100,  0,  0,0
85276,2007-02-20 16:06:42,121.483800,31.325100,  0,  0,0
85276,2007-02-20 16:07:43,121.483800,31.325100,  0,  0,0
85276,2007-02-20 16:08:44,121.483800,31.325100,  0,  0,0
85276,2007-02-20 16:09:45,121.483800,31.325100,  0,  0,0
85276,2007-02-20 16:10:46,121.483800,31.325100,  0,  0,0
85276,2007-02-20 16:11:47,121.483800,31.325100,  0,  0,0
85276,2007-02-20 16:12:48,121.483800,31.325100,  0,  0,0
85276,2007-02-20 16:13:49,121.483800,31.325100,  0,  0,0
85276,2007-02-20 16:14:50,121.483800,31.325100,  0,  0,0
85276,2007-02-20 16:15:51,121.483800,31.325100,  0,  0,0
85276,2007-02-20 16:16:52,121.483800,31.325100,  0,  0,0
85276,2007-02-20 16:17:53,121.483800,31.325100,  0,  0,0
85276,2007-02-20 16:18:54,121.483800,31.325100,  0,  0,0
85276,2007-02-20 16:19:55,121.483800,31.325100,  0,  0,0
85276,2007-02-20 16:20:56,121.483800,31.325100,  0,  0,0
85276,2007-02-20 16:21:57,121.483800,31.325100,  0,  0,0
85276,2007-02-20 16:22:58,121.483800,31.325100,  0,  0,0
85276,2007-02-20 16:23:59,121.483800,31.325100,  0,  0,0
85276,2007-02-20 16:25:00,121.483800,31.325100,  0,  0,0
85276,2007-02-20 16:27:02,121.483800,31.325100,  0,  0,0
85276,2007-02-20 16:28:03,121.483800,31.325100,  0,  0,0
85276,2007-02-20 16:29:04,121.483800,31.325100,  0,  0,0
85276,2007-02-20 16:30:05,121.483800,31.325100,  0,  0,0
85276,2007-02-20 16:31:06,121.483800,31.325100,  0,  0,0
85276,2007-02-20 16:32:07,121.483800,31.325100,  0,  0,0
85276,2007-02-20 16:33:07,121.483800,31.325100,  0,  0,0
85276,2007-02-20 16:34:09,121.483800,31.325100,  0,  0,0
85276,2007-02-20 16:35:10,121.483800,31.325100,  0,  0,0
85276,2007-02-20 16:36:11,121.483800,31.325100,  0,  0,0
85276,2007-02-20 16:37:12,121.483800,31.325100,  0,  0,0
85276,2007-02-20 16:38:12,121.483800,31.325100,  0,  0,0
85276,2007-02-20 16:39:14,121.483800,31.325100,  0,  0,0
85276,2007-02-20 16:40:15,121.483800,31.325100,  0,  0,0
85276,2007-02-20 16:41:16,121.483800,31.325100,  0,  0,0
85276,2007-02-20 16:42:17,121.483800,31.325100,  0,  0,0
85276,2007-02-20 16:43:17,121.483800,31.325100,  0,  0,0
85276,2007-02-20 16:44:19,121.483800,31.325100,  0,  0,0
85276,2007-02-20 16:45:20,121.483800,31.325100,  0,  0,0
85276,2007-02-20 16:46:21,121.483800,31.325100,  0,  0,0
85276,2007-02-20 16:47:22,121.483800,31.325100,  0,  0,0
85276,2007-02-20 16:48:22,121.483800,31.325100,  0,  0,0
85276,2007-02-20 16:49:24,121.483800,31.325100,  0,  0,0
85276,2007-02-20 16:52:27,121.483800,31.325100,  0,  0,0
85276,2007-02-20 16:53:27,121.483800,31.325100,  0,  0,0
85276,2007-02-20 16:54:29,121.483800,31.325100,  0,  0,0
85276,2007-02-20 16:55:30,121.483800,31.325100,  0,  0,0
85276,2007-02-20 16:56:31,121.483800,31.325100,  0,  0,0
85276,2007-02-20 16:57:32,121.483800,31.325100,  0,  0,0
85276,2007-02-20 16:58:32,121.483800,31.325100,  0,  0,0
85276,2007-02-20 16:59:34,121.483800,31.325100,  0,  0,0
85276,2007-02-20 17:00:35,121.483800,31.325100,  0,  0,0
85276,2007-02-20 17:01:36,121.483800,31.325100,  0,  0,0
85276,2007-02-20 17:02:37,121.483800,31.325100,  0,  0,0
85276,2007-02-20 17:04:39,121.483800,31.325100,  0,  0,0
85276,2007-02-20 17:05:40,121.483800,31.325100,  0,  0,0
85276,2007-02-20 17:06:41,121.483800,31.325100,  0,  0,0
85276,2007-02-20 17:07:42,121.483800,31.325100,  0,  0,0
85276,2007-02-20 17:08:42,121.483800,31.325100,  0,  0,0
85276,2007-02-20 17:09:44,121.483800,31.325100,  0,  0,0
85276,2007-02-20 17:13:47,121.483800,31.325100,  0,  0,0
85276,2007-02-20 17:14:49,121.483800,31.325100,  0,  0,0
85276,2007-02-20 17:17:52,121.483800,31.325100,  0,  0,0
85276,2007-02-20 17:18:52,121.483800,31.325100,  0,  0,0
85276,2007-02-20 17:19:54,121.483800,31.325100,  0,  0,0
85276,2007-02-20 17:22:57,121.483800,31.325100,  0,  0,0
85276,2007-02-20 17:23:57,121.483800,31.325100,  0,  0,0
85276,2007-02-20 17:24:59,121.483800,31.325100,  0,  0,0
85276,2007-02-20 17:26:00,121.483800,31.325100,  0,  0,0
85276,2007-02-20 17:27:01,121.483800,31.325100,  0,  0,0
85276,2007-02-20 17:28:02,121.483800,31.325100,  0,  0,0
85276,2007-02-20 17:29:02,121.483800,31.325100,  0,  0,0
85276,2007-02-20 17:30:04,121.483800,31.325100,  0,  0,0
85276,2007-02-20 17:31:05,121.483800,31.325100,  0,  0,0
85276,2007-02-20 17:32:06,121.483800,31.325100,  0,  0,0
85276,2007-02-20 17:34:07,121.483800,31.325100,  0,  0,0
85276,2007-02-20 17:35:09,121.483800,31.325100,  0,  0,0
85276,2007-02-20 17:36:10,121.483800,31.325100,  0,  0,0
85276,2007-02-20 17:37:11,121.483800,31.325100,  0,  0,0
85276,2007-02-20 17:38:12,121.483800,31.325100,  0,  0,0
85276,2007-02-20 17:39:12,121.483800,31.325100,  0,  0,0
85276,2007-02-20 17:40:14,121.483800,31.325100,  0,  0,0
85276,2007-02-20 17:41:15,121.483800,31.325100,  0,  0,0
85276,2007-02-20 17:42:16,121.483800,31.325100,  0,  0,0
85276,2007-02-20 17:43:17,121.483800,31.325100,  0,  0,0
85276,2007-02-20 17:44:17,121.483800,31.325100,  0,  0,0
85276,2007-02-20 17:45:19,121.483800,31.325100,  0,  0,0
85276,2007-02-20 17:46:20,121.483800,31.325100,  0,  0,0
85276,2007-02-20 17:47:21,121.483800,31.325100,  0,  0,0
85276,2007-02-20 17:49:22,121.483800,31.325100,  0,  0,0
85276,2007-02-20 17:50:24,121.483800,31.325100,  0,  0,0
85276,2007-02-20 17:51:25,121.483800,31.325100,  0,  0,0
85276,2007-02-20 17:52:26,121.483800,31.325100,  0,  0,0
85276,2007-02-20 17:53:27,121.483800,31.325100,  0,  0,0
85276,2007-02-20 17:54:27,121.483800,31.325100,  0,  0,0
85276,2007-02-20 17:56:30,121.483800,31.325100,  0,  0,0
85276,2007-02-20 17:57:31,121.483800,31.325100,  0,  0,0
85276,2007-02-20 17:58:32,121.483800,31.325100,  0,  0,0
85276,2007-02-20 17:59:32,121.483800,31.325100,  0,  0,0
85276,2007-02-20 18:00:33,121.483800,31.325100,  0,  0,0
85276,2007-02-20 18:01:41,121.483800,31.325100,  0,  0,0
85276,2007-02-20 18:02:41,121.483800,31.325100,  0,  0,0
85276,2007-02-20 18:03:43,121.483800,31.325100,  0,  0,0
85276,2007-02-20 18:04:44,121.483800,31.325100,  0,  0,0
85276,2007-02-20 18:05:45,121.483800,31.325100,  0,  0,0
85276,2007-02-20 18:06:46,121.483800,31.325100,  0,  0,0
85276,2007-02-20 18:07:46,121.483800,31.325100,  0,  0,0
85276,2007-02-20 18:09:49,121.483800,31.325100,  0,  0,0
85276,2007-02-20 18:10:50,121.484500,31.325100,  0,  0,0
85276,2007-02-20 18:11:51,121.484500,31.325100,  0,  0,0
85276,2007-02-20 18:12:51,121.484500,31.325100,  0,  0,0
85276,2007-02-20 18:13:53,121.484500,31.325100,  0,  0,0
85276,2007-02-20 18:14:54,121.484500,31.325100,  0,  0,0
85276,2007-02-20 18:15:55,121.484300,31.325100,  0,  0,0
85276,2007-02-20 18:16:56,121.484300,31.325100,  0,  0,0
85276,2007-02-20 18:17:56,121.484300,31.325100,  0,  0,0
85276,2007-02-20 18:18:58,121.484300,31.325100,  0,  0,0
85276,2007-02-20 18:21:00,121.484300,31.325100,  0,  0,0
85276,2007-02-20 18:22:01,121.484300,31.325100,  0,  0,0
85276,2007-02-20 18:23:01,121.484300,31.325100,  0,  0,0
85276,2007-02-20 18:25:04,121.484100,31.325100,  0,  0,0
85276,2007-02-20 18:26:05,121.484100,31.325100,  0,  0,0
85276,2007-02-20 18:27:06,121.484100,31.325100,  0,  0,0
85276,2007-02-20 18:28:06,121.484100,31.325100,  0,  0,0
85276,2007-02-20 18:29:08,121.484100,31.325100,  0,  0,0
85276,2007-02-20 18:30:09,121.483800,31.325100,  0,  0,0
85276,2007-02-20 18:31:10,121.483800,31.325100,  0,  0,0
85276,2007-02-20 18:32:11,121.483800,31.325100,  0,  0,0
85276,2007-02-20 18:33:11,121.483800,31.325100,  0,  0,0
85276,2007-02-20 18:34:13,121.483800,31.325100,  0,  0,0
85276,2007-02-20 18:35:14,121.483800,31.325100,  0,  0,0
85276,2007-02-20 18:36:15,121.483800,31.325100,  0,  0,0
85276,2007-02-20 18:37:16,121.483800,31.325100,  0,  0,0
85276,2007-02-20 18:38:16,121.483800,31.325100,  0,  0,0
85276,2007-02-20 18:39:18,121.483800,31.325100,  0,  0,0
85276,2007-02-20 18:40:19,121.483800,31.325100,  0,  0,0
85276,2007-02-20 18:41:20,121.483800,31.325100,  0,  0,0
85276,2007-02-20 18:42:21,121.483800,31.325100,  0,  0,0
85276,2007-02-20 18:43:21,121.483800,31.325100,  0,  0,0
85276,2007-02-20 18:44:23,121.483800,31.325100,  0,  0,0
85276,2007-02-20 18:45:24,121.483800,31.325100,  0,  0,0
85276,2007-02-20 18:46:25,121.483800,31.325100,  0,  0,0
85276,2007-02-20 18:47:26,121.483800,31.325100,  0,  0,0
85276,2007-02-20 18:48:26,121.483800,31.325100,  0,  0,0
85276,2007-02-20 18:49:28,121.483800,31.325100,  0,  0,0
85276,2007-02-20 18:50:29,121.483800,31.325100,  0,  0,0
85276,2007-02-20 18:51:30,121.483600,31.325500,  0,  0,0
85276,2007-02-20 18:52:31,121.483600,31.325500,  0,  0,0
85276,2007-02-20 18:53:31,121.483600,31.325500,  0,  0,0
85276,2007-02-20 18:54:33,121.483600,31.325500,  0,  0,0
85276,2007-02-20 18:55:34,121.483600,31.325500,  0,  0,0
85276,2007-02-20 18:56:34,121.483600,31.325500,  0,  0,0
85276,2007-02-20 18:57:35,121.483600,31.325500,  0,  0,0
85276,2007-02-20 18:58:36,121.483600,31.325500,  0,  0,0
85276,2007-02-20 18:59:37,121.483600,31.325500,  0,  0,0
85276,2007-02-20 19:00:38,121.483600,31.325500,  0,  0,0
85276,2007-02-20 19:01:39,121.483600,31.325500,  0,  0,0
85276,2007-02-20 19:02:40,121.483600,31.325500,  0,  0,0
85276,2007-02-20 19:03:41,121.483600,31.325500,  0,  0,0
85276,2007-02-20 19:04:42,121.483600,31.325500,  0,  0,0
85276,2007-02-20 19:05:43,121.483600,31.325500,  0,  0,0
85276,2007-02-20 19:06:44,121.483600,31.325500,  0,  0,0
85276,2007-02-20 19:07:45,121.483600,31.325500,  0,  0,0
85276,2007-02-20 19:08:46,121.483600,31.325500,  0,  0,0
85276,2007-02-20 19:09:47,121.483600,31.325500,  0,  0,0
85276,2007-02-20 19:10:48,121.483600,31.325500,  0,  0,0
85276,2007-02-20 19:11:49,121.483600,31.325500,  0,  0,0
85276,2007-02-20 19:12:50,121.483600,31.325500,  0,  0,0
85276,2007-02-20 19:13:51,121.483600,31.325500,  0,  0,0
85276,2007-02-20 19:14:52,121.483600,31.325500,  0,  0,0
85276,2007-02-20 19:15:53,121.483600,31.325500,  0,  0,0
85276,2007-02-20 19:16:54,121.483600,31.325500,  0,  0,0
85276,2007-02-20 19:17:55,121.483600,31.325500,  0,  0,0
85276,2007-02-20 19:18:56,121.483600,31.325500,  0,  0,0
85276,2007-02-20 19:19:57,121.483600,31.325500,  0,  0,0
85276,2007-02-20 19:20:58,121.483600,31.325500,  0,  0,0
85276,2007-02-20 19:21:59,121.483600,31.325500,  0,  0,0
85276,2007-02-20 19:23:00,121.483600,31.325500,  0,  0,0
85276,2007-02-20 19:24:01,121.483600,31.325500,  0,  0,0
85276,2007-02-20 19:25:02,121.483600,31.325500,  0,  0,0
85276,2007-02-20 19:26:03,121.483600,31.325500,  0,  0,0
85276,2007-02-20 19:27:04,121.483600,31.325500,  0,  0,0
85276,2007-02-20 19:29:06,121.483600,31.325500,  0,  0,0
85276,2007-02-20 19:30:07,121.483600,31.325500,  0,  0,0
85276,2007-02-20 19:31:08,121.483600,31.325500,  0,  0,0
85276,2007-02-20 19:33:10,121.483800,31.325300,  0,  0,0
85276,2007-02-20 19:34:11,121.484000,31.325300,  0,  0,0
85276,2007-02-20 19:35:12,121.484000,31.325300,  0,  0,0
85276,2007-02-20 19:36:13,121.484000,31.325300,  0,  0,0
85276,2007-02-20 19:37:14,121.484000,31.325300,  0,  0,0
85276,2007-02-20 19:38:15,121.484000,31.325300,  0,  0,0
85276,2007-02-20 19:39:16,121.484000,31.325300,  0,  0,0
85276,2007-02-20 19:40:17,121.484000,31.325300,  0,  0,0
85276,2007-02-20 19:41:18,121.484000,31.325300,  0,  0,0
85276,2007-02-20 19:42:19,121.484000,31.325300,  0,  0,0
85276,2007-02-20 19:43:20,121.484000,31.325300,  0,  0,0
85276,2007-02-20 19:44:21,121.484000,31.325300,  0,  0,0
85276,2007-02-20 19:45:22,121.484000,31.325300,  0,  0,0
85276,2007-02-20 19:46:23,121.484000,31.325300,  0,  0,0
85276,2007-02-20 19:47:24,121.484000,31.325300,  0,  0,0
85276,2007-02-20 19:48:25,121.484000,31.325300,  0,  0,0
85276,2007-02-20 19:49:26,121.484000,31.325300,  0,  0,0
85276,2007-02-20 19:50:27,121.484000,31.325300,  0,  0,0
85276,2007-02-20 19:51:28,121.484000,31.325300,  0,  0,0
85276,2007-02-20 19:52:29,121.484000,31.325300,  0,  0,0
85276,2007-02-20 19:54:31,121.484000,31.325300,  0,  0,0
85276,2007-02-20 19:55:32,121.484000,31.325300,  0,  0,0
85276,2007-02-20 19:57:34,121.484000,31.325300,  0,  0,0
85276,2007-02-20 19:58:35,121.484000,31.325300,  0,  0,0
85276,2007-02-20 19:59:36,121.484000,31.325300,  0,  0,0
85276,2007-02-20 20:00:37,121.484000,31.325300,  0,  0,0
85276,2007-02-20 20:01:38,121.484000,31.325300,  0,  0,0
85276,2007-02-20 20:02:39,121.484000,31.325300,  0,  0,0
85276,2007-02-20 20:03:40,121.484000,31.325300,  0,  0,0
85276,2007-02-20 20:04:41,121.484000,31.325300,  0,  0,0
85276,2007-02-20 20:05:42,121.484000,31.325300,  0,  0,0
85276,2007-02-20 20:06:43,121.484000,31.325300,  0,  0,0
85276,2007-02-20 20:07:44,121.484000,31.325300,  0,  0,0
85276,2007-02-20 20:08:45,121.484000,31.325300,  0,  0,0
85276,2007-02-20 20:09:46,121.484000,31.325300,  0,  0,0
85276,2007-02-20 20:10:47,121.484000,31.325300,  0,  0,0
85276,2007-02-20 20:11:48,121.484000,31.325300,  0,  0,0
85276,2007-02-20 20:12:49,121.484000,31.325300,  0,  0,0
85276,2007-02-20 20:13:50,121.484000,31.325300,  0,  0,0
85276,2007-02-20 20:14:51,121.484000,31.325100,  0,  0,0
85276,2007-02-20 20:15:52,121.484000,31.325100,  0,  0,0
85276,2007-02-20 20:17:54,121.484000,31.325100,  0,  0,0
85276,2007-02-20 20:18:55,121.484000,31.325100,  0,  0,0
85276,2007-02-20 20:20:57,121.484000,31.325100,  0,  0,0
85276,2007-02-20 20:21:58,121.484000,31.325100,  0,  0,0
85276,2007-02-20 20:22:59,121.484000,31.325100,  0,  0,0
85276,2007-02-20 20:24:00,121.484000,31.325100,  0,  0,0
85276,2007-02-20 20:25:01,121.484000,31.325100,  0,  0,0
85276,2007-02-20 20:27:03,121.484000,31.325100,  0,  0,0
85276,2007-02-20 20:28:04,121.484000,31.325100,  0,  0,0
85276,2007-02-20 20:29:05,121.484000,31.325100,  0,  0,0
85276,2007-02-20 20:30:06,121.484000,31.325100,  0,  0,0
85276,2007-02-20 20:31:07,121.484000,31.325100,  0,  0,0
85276,2007-02-20 20:32:08,121.484000,31.325100,  0,  0,0
85276,2007-02-20 20:33:09,121.484000,31.325100,  0,  0,0
85276,2007-02-20 20:34:10,121.484000,31.325100,  0,  0,0
85276,2007-02-20 20:35:11,121.484000,31.325100,  0,  0,0
85276,2007-02-20 20:36:12,121.484000,31.325100,  0,  0,0
85276,2007-02-20 20:37:13,121.484000,31.325100,  0,  0,0
85276,2007-02-20 20:38:14,121.484000,31.325100,  0,  0,0
85276,2007-02-20 20:39:15,121.484000,31.325100,  0,  0,0
85276,2007-02-20 20:41:17,121.484000,31.325100,  0,  0,0
85276,2007-02-20 20:42:18,121.484000,31.325100,  0,  0,0
85276,2007-02-20 20:43:19,121.484000,31.325100,  0,  0,0
85276,2007-02-20 20:44:20,121.484000,31.325100,  0,  0,0
85276,2007-02-20 20:45:21,121.484000,31.325100,  0,  0,0
85276,2007-02-20 20:46:22,121.484000,31.325100,  0,  0,0
85276,2007-02-20 20:47:23,121.484000,31.325100,  0,  0,0
85276,2007-02-20 20:48:24,121.484000,31.325100,  0,  0,0
85276,2007-02-20 20:49:25,121.484000,31.325100,  0,  0,0
85276,2007-02-20 20:50:26,121.484000,31.325100,  0,  0,0
85276,2007-02-20 20:51:27,121.484000,31.325100,  0,  0,0
85276,2007-02-20 20:52:28,121.484000,31.325100,  0,  0,0
85276,2007-02-20 20:53:29,121.484000,31.325100,  0,  0,0
85276,2007-02-20 20:54:30,121.484000,31.325100,  0,  0,0
85276,2007-02-20 20:55:31,121.484000,31.325100,  0,  0,0
85276,2007-02-20 20:56:32,121.484000,31.325100,  0,  0,0
85276,2007-02-20 20:57:33,121.484000,31.325100,  0,  0,0
85276,2007-02-20 20:58:34,121.484000,31.325100,  0,  0,0
85276,2007-02-20 20:59:35,121.484000,31.325100,  0,  0,0
85276,2007-02-20 21:01:37,121.484000,31.325100,  0,  0,0
85276,2007-02-20 21:02:38,121.484000,31.325100,  0,  0,0
85276,2007-02-20 21:03:39,121.484000,31.325100,  0,  0,0
85276,2007-02-20 21:04:40,121.484000,31.325100,  0,  0,0
85276,2007-02-20 21:05:41,121.484000,31.325100,  0,  0,0
85276,2007-02-20 21:06:42,121.484000,31.325100,  0,  0,0
85276,2007-02-20 21:07:43,121.483800,31.325100,  0,  0,0
85276,2007-02-20 21:08:44,121.483800,31.325100,  0,  0,0
85276,2007-02-20 21:09:45,121.483800,31.325100,  0,  0,0
85276,2007-02-20 21:10:46,121.483800,31.325100,  0,  0,0
85276,2007-02-20 21:11:47,121.483800,31.325100,  0,  0,0
85276,2007-02-20 21:12:48,121.483800,31.325100,  0,  0,0
85276,2007-02-20 21:13:49,121.483800,31.325100,  0,  0,0
85276,2007-02-20 21:14:50,121.483800,31.325100,  0,  0,0
85276,2007-02-20 21:15:51,121.483800,31.325100,  0,  0,0
85276,2007-02-20 21:16:52,121.483800,31.325100,  0,  0,0
85276,2007-02-20 21:17:53,121.483800,31.325100,  0,  0,0
85276,2007-02-20 21:18:54,121.483800,31.325100,  0,  0,0
85276,2007-02-20 21:19:55,121.483800,31.325100,  0,  0,0
85276,2007-02-20 21:21:57,121.483800,31.325100,  0,  0,0
85276,2007-02-20 21:22:58,121.483800,31.325100,  0,  0,0
85276,2007-02-20 21:23:59,121.483800,31.325100,  0,  0,0
85276,2007-02-20 21:25:00,121.483800,31.325100,  0,  0,0
85276,2007-02-20 21:26:01,121.483800,31.325100,  0,  0,0
85276,2007-02-20 21:28:03,121.483800,31.325100,  0,  0,0
85276,2007-02-20 21:29:04,121.483800,31.325100,  0,  0,0
85276,2007-02-20 21:30:05,121.483800,31.325100,  0,  0,0
85276,2007-02-20 21:31:06,121.483800,31.325100,  0,  0,0
85276,2007-02-20 21:32:06,121.483800,31.325100,  0,  0,0
85276,2007-02-20 21:33:08,121.483800,31.325100,  0,  0,0
85276,2007-02-20 21:34:09,121.483800,31.325100,  0,  0,0
85276,2007-02-20 21:35:10,121.483800,31.325100,  0,  0,0
85276,2007-02-20 21:36:11,121.483800,31.325100,  0,  0,0
85276,2007-02-20 21:37:11,121.483800,31.325100,  0,  0,0
85276,2007-02-20 21:38:13,121.483800,31.325100,  0,  0,0
85276,2007-02-20 21:39:14,121.483800,31.325100,  0,  0,0
85276,2007-02-20 21:40:15,121.483800,31.325100,  0,  0,0
85276,2007-02-20 21:41:16,121.483800,31.325100,  0,  0,0
85276,2007-02-20 21:42:16,121.483800,31.325100,  0,  0,0
85276,2007-02-20 21:43:18,121.483800,31.325100,  0,  0,0
85276,2007-02-20 21:44:19,121.483800,31.325100,  0,  0,0
85276,2007-02-20 21:45:20,121.483800,31.325100,  0,  0,0
85276,2007-02-20 21:46:21,121.483800,31.325100,  0,  0,0
85276,2007-02-20 21:47:21,121.483800,31.325100,  0,  0,0
85276,2007-02-20 21:48:23,121.483800,31.325100,  0,  0,0
85276,2007-02-20 21:49:24,121.483800,31.325100,  0,  0,0
85276,2007-02-20 21:50:25,121.483800,31.325100,  0,  0,0
85276,2007-02-20 21:51:26,121.483800,31.325100,  0,  0,0
85276,2007-02-20 21:52:26,121.483800,31.325100,  0,  0,0
85276,2007-02-20 21:53:28,121.483800,31.325100,  0,  0,0
85276,2007-02-20 21:54:29,121.483800,31.325100,  0,  0,0
85276,2007-02-20 21:55:30,121.483800,31.325100,  0,  0,0
85276,2007-02-20 21:56:31,121.483800,31.325100,  0,  0,0
85276,2007-02-20 21:57:31,121.483800,31.325100,  0,  0,0
85276,2007-02-20 21:58:33,121.483800,31.325100,  0,  0,0
85276,2007-02-20 21:59:34,121.483800,31.325100,  0,  0,0
85276,2007-02-20 22:00:35,121.483800,31.325100,  0,  0,0
85276,2007-02-20 22:01:36,121.483800,31.325100,  0,  0,0
85276,2007-02-20 22:02:36,121.483800,31.325100,  0,  0,0
85276,2007-02-20 22:03:38,121.483800,31.325100,  0,  0,0
85276,2007-02-20 22:04:39,121.483800,31.325100,  0,  0,0
85276,2007-02-20 22:05:40,121.483800,31.325100,  0,  0,0
85276,2007-02-20 22:06:41,121.483800,31.325100,  0,  0,0
85276,2007-02-20 22:07:41,121.483800,31.325100,  0,  0,0
85276,2007-02-20 22:08:43,121.483800,31.325100,  0,  0,0
85276,2007-02-20 22:09:44,121.483800,31.325100,  0,  0,0
85276,2007-02-20 22:10:45,121.483800,31.325100,  0,  0,0
85276,2007-02-20 22:11:46,121.483800,31.325100,  0,  0,0
85276,2007-02-20 22:12:46,121.483800,31.325100,  0,  0,0
85276,2007-02-20 22:13:48,121.483800,31.325100,  0,  0,0
85276,2007-02-20 22:14:49,121.483800,31.325100,  0,  0,0
85276,2007-02-20 22:15:50,121.483800,31.325100,  0,  0,0
85276,2007-02-20 22:16:51,121.483800,31.325100,  0,  0,0
85276,2007-02-20 22:17:51,121.483800,31.325100,  0,  0,0
85276,2007-02-20 22:18:53,121.483800,31.325100,  0,  0,0
85276,2007-02-20 22:19:54,121.483800,31.325300,  0,  0,0
85276,2007-02-20 22:20:55,121.483800,31.325300,  0,  0,0
85276,2007-02-20 22:21:56,121.483800,31.325300,  0,  0,0
85276,2007-02-20 22:22:56,121.483800,31.325300,  0,  0,0
85276,2007-02-20 22:23:58,121.483800,31.325300,  0,  0,0
85276,2007-02-20 22:24:59,121.483800,31.325300,  0,  0,0
85276,2007-02-20 22:26:00,121.483800,31.325300,  0,  0,0
85276,2007-02-20 22:28:01,121.483800,31.325300,  0,  0,0
85276,2007-02-20 22:29:03,121.483600,31.325500,  0,  0,0
85276,2007-02-20 22:30:04,121.483600,31.325500,  0,  0,0
85276,2007-02-20 22:31:05,121.483600,31.325500,  0,  0,0
85276,2007-02-20 22:32:06,121.483600,31.325500,  0,  0,0
85276,2007-02-20 22:33:06,121.483600,31.325500,  0,  0,0
85276,2007-02-20 22:34:08,121.483600,31.325500,  0,  0,0
85276,2007-02-20 22:35:08,121.483600,31.325500,  0,  0,0
85276,2007-02-20 22:36:09,121.483600,31.325500,  0,  0,0
85276,2007-02-20 22:37:10,121.483600,31.325500,  0,  0,0
85276,2007-02-20 22:38:10,121.483600,31.325500,  0,  0,0
85276,2007-02-20 22:39:12,121.483800,31.325300,  0,  0,0
85276,2007-02-20 22:40:13,121.483800,31.325300,  0,  0,0
85276,2007-02-20 22:41:14,121.483800,31.325300,  0,  0,0
85276,2007-02-20 22:42:15,121.483800,31.325300,  0,  0,0
85276,2007-02-20 22:43:15,121.483800,31.325300,  0,  0,0
85276,2007-02-20 22:44:17,121.483800,31.325300,  0,  0,0
85276,2007-02-20 22:45:18,121.483800,31.325300,  0,  0,0
85276,2007-02-20 22:46:19,121.483800,31.325300,  0,  0,0
85276,2007-02-20 22:47:20,121.483800,31.325300,  0,  0,0
85276,2007-02-20 22:48:20,121.483800,31.325300,  0,  0,0
85276,2007-02-20 22:49:22,121.483800,31.325300,  0,  0,0
85276,2007-02-20 22:50:23,121.483800,31.325300,  0,  0,0
85276,2007-02-20 22:51:24,121.483800,31.325300,  0,  0,0
85276,2007-02-20 22:52:25,121.483800,31.325300,  0,  0,0
85276,2007-02-20 22:53:25,121.483800,31.325300,  0,  0,0
85276,2007-02-20 22:54:27,121.483800,31.325300,  0,  0,0
85276,2007-02-20 22:55:28,121.483800,31.325300,  0,  0,0
85276,2007-02-20 22:56:29,121.483800,31.325300,  0,  0,0
85276,2007-02-20 22:57:30,121.483800,31.325300,  0,  0,0
85276,2007-02-20 22:58:30,121.483800,31.325300,  0,  0,0
85276,2007-02-20 22:59:32,121.483800,31.325300,  0,  0,0
85276,2007-02-20 23:00:33,121.483800,31.325300,  0,  0,0
85276,2007-02-20 23:01:34,121.483800,31.325300,  0,  0,0
85276,2007-02-20 23:03:35,121.483800,31.325300,  0,  0,0
85276,2007-02-20 23:04:37,121.483800,31.325300,  0,  0,0
85276,2007-02-20 23:06:39,121.483800,31.325300,  0,  0,0
85276,2007-02-20 23:07:40,121.483800,31.325300,  0,  0,0
85276,2007-02-20 23:08:40,121.483800,31.325300,  0,  0,0
85276,2007-02-20 23:09:42,121.483800,31.325300,  0,  0,0
85276,2007-02-20 23:11:44,121.483800,31.325300,  0,  0,0
85276,2007-02-20 23:12:45,121.483800,31.325300,  0,  0,0
85276,2007-02-20 23:14:47,121.483800,31.325300,  0,  0,0
85276,2007-02-20 23:15:48,121.483800,31.325300,  0,  0,0
85276,2007-02-20 23:16:49,121.483800,31.325300,  0,  0,0
85276,2007-02-20 23:17:50,121.483800,31.325300,  0,  0,0
85276,2007-02-20 23:18:50,121.483800,31.325300,  0,  0,0
85276,2007-02-20 23:19:52,121.483800,31.325300,  0,  0,0
85276,2007-02-20 23:20:53,121.483800,31.325300,  0,  0,0
85276,2007-02-20 23:21:54,121.483800,31.325300,  0,  0,0
85276,2007-02-20 23:22:55,121.483800,31.325300,  0,  0,0
85276,2007-02-20 23:24:54,121.483800,31.325300,  0,  0,0
85276,2007-02-20 23:25:55,121.483800,31.325300,  0,  0,0
85276,2007-02-20 23:26:55,121.483800,31.325300,  0,  0,0
85276,2007-02-20 23:28:53,121.483800,31.325300,  0,  0,0
85276,2007-02-20 23:29:53,121.483800,31.325300,  0,  0,0
85276,2007-02-20 23:31:55,121.483800,31.325300,  0,  0,0
85276,2007-02-20 23:32:56,121.483800,31.325300,  0,  0,0
85276,2007-02-20 23:33:57,121.483800,31.325300,  0,  0,0
85276,2007-02-20 23:34:58,121.483800,31.325300,  0,  0,0
85276,2007-02-20 23:35:59,121.483800,31.325300,  0,  0,0
85276,2007-02-20 23:37:00,121.483800,31.325300,  0,  0,0
85276,2007-02-20 23:39:02,121.483800,31.325300,  0,  0,0
85276,2007-02-20 23:41:04,121.483800,31.325300,  0,  0,0
85276,2007-02-20 23:42:05,121.483800,31.325300,  0,  0,0
85276,2007-02-20 23:43:06,121.483800,31.325300,  0,  0,0
85276,2007-02-20 23:44:07,121.483800,31.325300,  0,  0,0
85276,2007-02-20 23:45:08,121.483800,31.325300,  0,  0,0
85276,2007-02-20 23:46:09,121.483800,31.325300,  0,  0,0
85276,2007-02-20 23:47:10,121.483800,31.325300,  0,  0,0
85276,2007-02-20 23:48:11,121.483800,31.325300,  0,  0,0
85276,2007-02-20 23:49:12,121.483800,31.325300,  0,  0,0
85276,2007-02-20 23:50:13,121.483800,31.325300,  0,  0,0
85276,2007-02-20 23:51:14,121.483800,31.325300,  0,  0,0
85276,2007-02-20 23:52:15,121.483800,31.325300,  0,  0,0
85276,2007-02-20 23:53:16,121.483800,31.325300,  0,  0,0
85276,2007-02-20 23:54:17,121.483800,31.325300,  0,  0,0
85276,2007-02-20 23:55:18,121.483800,31.325300,  0,  0,0
85276,2007-02-20 23:57:20,121.483800,31.325300,  0,  0,0
85276,2007-02-20 23:58:21,121.483800,31.325300,  0,  0,0
85276,2007-02-20 23:59:22,121.483800,31.325300,  0,  0,0
