6574,2007-02-20 00:00:08,121.529800,31.323500,  0, 45,0
6574,2007-02-20 00:01:09,121.529800,31.323500,  0, 45,0
6574,2007-02-20 00:02:10,121.529800,31.323500,  0, 45,0
6574,2007-02-20 00:03:10,121.529800,31.323500,  0, 45,0
6574,2007-02-20 00:04:12,121.529800,31.323500,  0, 45,0
6574,2007-02-20 00:05:13,121.529800,31.323500,  0, 45,0
6574,2007-02-20 00:06:14,121.529800,31.323500,  0, 45,0
6574,2007-02-20 00:07:15,121.529800,31.323500,  0, 45,0
6574,2007-02-20 00:08:15,121.529800,31.323500,  0, 45,0
6574,2007-02-20 00:09:17,121.529800,31.323500,  0, 45,0
6574,2007-02-20 00:10:18,121.529800,31.323500,  0, 45,0
6574,2007-02-20 00:11:19,121.529800,31.323500,  0, 45,0
6574,2007-02-20 00:12:20,121.529800,31.323500,  0, 45,0
6574,2007-02-20 00:13:20,121.529800,31.323500,  0, 45,0
6574,2007-02-20 00:14:22,121.529800,31.323500,  0, 45,0
6574,2007-02-20 00:15:23,121.529800,31.323500,  0, 45,0
6574,2007-02-20 00:16:24,121.529800,31.323500,  0, 45,0
6574,2007-02-20 00:17:25,121.529800,31.323500,  0, 45,0
6574,2007-02-20 00:18:25,121.529800,31.323500,  0, 45,0
6574,2007-02-20 00:19:27,121.529800,31.323500,  0, 45,0
6574,2007-02-20 00:21:29,121.529800,31.323500,  0, 45,0
6574,2007-02-20 00:22:30,121.529800,31.323500,  0, 45,0
6574,2007-02-20 00:23:30,121.529800,31.323500,  0, 45,0
6574,2007-02-20 00:24:32,121.529800,31.323500,  0, 45,0
6574,2007-02-20 00:25:33,121.529800,31.323500,  0, 45,0
6574,2007-02-20 00:26:34,121.530000,31.323500,  0, 45,0
6574,2007-02-20 00:27:35,121.530000,31.323500,  0, 45,0
6574,2007-02-20 00:28:35,121.530000,31.323500,  0, 45,0
6574,2007-02-20 00:29:37,121.530000,31.323500,  0, 45,0
6574,2007-02-20 00:30:37,121.530000,31.323500,  0, 45,0
6574,2007-02-20 00:31:38,121.530000,31.323500,  0, 45,0
6574,2007-02-20 00:32:39,121.530000,31.323600,  0, 45,0
6574,2007-02-20 00:33:40,121.530000,31.323600,  0, 45,0
6574,2007-02-20 00:34:41,121.530000,31.323600,  0, 45,0
6574,2007-02-20 00:35:42,121.530000,31.323600,  0, 45,0
6574,2007-02-20 00:36:43,121.530000,31.323600,  0, 45,0
6574,2007-02-20 00:37:44,121.529800,31.323500,  0,112,0
6574,2007-02-20 00:38:45,121.529800,31.323500,  0,112,0
6574,2007-02-20 00:39:46,121.529800,31.323500,  0, 45,0
6574,2007-02-20 00:40:47,121.529800,31.323500,  0, 45,0
6574,2007-02-20 00:41:48,121.529800,31.323500,  0, 45,0
6574,2007-02-20 00:42:49,121.529800,31.323500,  0, 45,0
6574,2007-02-20 00:43:50,121.529800,31.323500,  0, 45,0
6574,2007-02-20 00:44:51,121.529800,31.323500,  0, 45,0
6574,2007-02-20 00:45:52,121.529800,31.323500,  0, 45,0
6574,2007-02-20 00:46:53,121.529600,31.323500,  0, 45,0
6574,2007-02-20 00:47:54,121.529600,31.323500,  0, 45,0
6574,2007-02-20 00:48:55,121.529600,31.323500,  0, 45,0
6574,2007-02-20 00:49:56,121.529600,31.323500,  0, 45,0
6574,2007-02-20 00:50:57,121.529600,31.323500,  0, 45,0
6574,2007-02-20 00:51:58,121.529600,31.323500,  0, 45,0
6574,2007-02-20 00:52:59,121.529600,31.323500,  0, 45,0
6574,2007-02-20 00:54:00,121.529600,31.323500,  0, 45,0
6574,2007-02-20 00:55:01,121.529600,31.323500,  0, 45,0
6574,2007-02-20 00:56:02,121.529600,31.323500,  0, 45,0
6574,2007-02-20 00:57:03,121.529600,31.323500,  0, 45,0
6574,2007-02-20 00:58:04,121.529600,31.323500,  0, 45,0
6574,2007-02-20 00:59:05,121.529600,31.323500,  0, 45,0
6574,2007-02-20 01:00:06,121.529600,31.323500,  0, 45,0
6574,2007-02-20 01:01:07,121.529600,31.323500,  0, 45,0
6574,2007-02-20 01:02:08,121.529600,31.323500,  0, 45,0
6574,2007-02-20 01:03:09,121.529600,31.323500,  0, 45,0
6574,2007-02-20 01:04:10,121.529600,31.323500,  0, 45,0
6574,2007-02-20 01:05:11,121.529600,31.323500,  0, 45,0
6574,2007-02-20 01:06:12,121.529600,31.323500,  0, 45,0
6574,2007-02-20 01:07:13,121.529600,31.323500,  0, 45,0
6574,2007-02-20 01:08:14,121.529600,31.323500,  0, 45,0
6574,2007-02-20 01:09:15,121.529600,31.323500,  0, 45,0
6574,2007-02-20 01:10:16,121.529600,31.323500,  0, 45,0
6574,2007-02-20 01:11:17,121.529600,31.323500,  0, 45,0
6574,2007-02-20 01:12:18,121.529600,31.323500,  0, 45,0
6574,2007-02-20 01:13:19,121.529600,31.323500,  0, 45,0
6574,2007-02-20 01:14:20,121.529600,31.323500,  0, 45,0
6574,2007-02-20 01:15:21,121.529600,31.323500,  0, 45,0
6574,2007-02-20 01:16:22,121.529600,31.323500,  0, 45,0
6574,2007-02-20 01:17:23,121.529600,31.323500,  0, 45,0
6574,2007-02-20 01:18:24,121.529600,31.323500,  0, 45,0
6574,2007-02-20 01:19:25,121.529600,31.323500,  0, 45,0
6574,2007-02-20 01:20:26,121.529600,31.323500,  0, 45,0
6574,2007-02-20 01:21:27,121.529600,31.323500,  0, 45,0
6574,2007-02-20 01:22:28,121.529600,31.323500,  0, 45,0
6574,2007-02-20 01:23:29,121.529600,31.323500,  0, 45,0
6574,2007-02-20 01:25:31,121.529600,31.323500,  0, 45,0
6574,2007-02-20 01:26:32,121.529600,31.323500,  0, 45,0
6574,2007-02-20 01:27:33,121.529600,31.323500,  0, 45,0
6574,2007-02-20 01:28:34,121.529600,31.323500,  0, 45,0
6574,2007-02-20 01:29:35,121.529600,31.323500,  0, 45,0
6574,2007-02-20 01:30:36,121.529600,31.323500,  0, 45,0
6574,2007-02-20 01:31:37,121.529600,31.323500,  0, 45,0
6574,2007-02-20 01:32:38,121.529600,31.323500,  0, 45,0
6574,2007-02-20 01:33:39,121.529600,31.323500,  0, 45,0
6574,2007-02-20 01:34:40,121.529600,31.323500,  0, 45,0
6574,2007-02-20 01:35:41,121.529600,31.323500,  0, 45,0
6574,2007-02-20 01:36:42,121.529600,31.323500,  0, 45,0
6574,2007-02-20 01:37:43,121.529600,31.323500,  0, 45,0
6574,2007-02-20 01:38:44,121.529600,31.323500,  0, 45,0
6574,2007-02-20 01:39:45,121.529600,31.323500,  0, 45,0
6574,2007-02-20 01:40:46,121.529600,31.323500,  0, 45,0
6574,2007-02-20 01:41:47,121.529600,31.323500,  0, 45,0
6574,2007-02-20 01:42:48,121.529600,31.323500,  0, 45,0
6574,2007-02-20 01:43:49,121.529600,31.323500,  0, 45,0
6574,2007-02-20 01:45:51,121.529600,31.323500,  0, 45,0
6574,2007-02-20 01:46:52,121.529600,31.323500,  0, 45,0
6574,2007-02-20 01:47:53,121.529600,31.323500,  0, 45,0
6574,2007-02-20 01:48:54,121.529600,31.323500,  0, 45,0
6574,2007-02-20 01:49:55,121.529600,31.323500,  0, 45,0
6574,2007-02-20 01:51:57,121.529600,31.323500,  0, 45,0
6574,2007-02-20 01:52:58,121.529600,31.323500,  0, 45,0
6574,2007-02-20 01:55:00,121.529600,31.323500,  0, 45,0
6574,2007-02-20 01:56:01,121.529600,31.323500,  0, 45,0
6574,2007-02-20 01:57:02,121.529600,31.323500,  0, 45,0
6574,2007-02-20 01:58:03,121.529600,31.323500,  0, 45,0
6574,2007-02-20 01:59:04,121.529600,31.323500,  0, 45,0
6574,2007-02-20 02:00:05,121.529600,31.323500,  0, 45,0
6574,2007-02-20 02:01:06,121.529600,31.323500,  0, 45,0
6574,2007-02-20 02:02:07,121.529600,31.323500,  0, 45,0
6574,2007-02-20 02:03:08,121.529600,31.323500,  0, 45,0
6574,2007-02-20 02:04:09,121.529600,31.323500,  0, 45,0
6574,2007-02-20 02:05:10,121.529600,31.323500,  0, 45,0
6574,2007-02-20 02:06:11,121.529600,31.323500,  0, 45,0
6574,2007-02-20 02:07:12,121.529600,31.323500,  0, 45,0
6574,2007-02-20 02:08:13,121.529600,31.323500,  0, 45,0
6574,2007-02-20 02:09:14,121.529600,31.323500,  0, 45,0
6574,2007-02-20 02:10:15,121.529600,31.323500,  0, 45,0
6574,2007-02-20 02:11:16,121.529600,31.323500,  0, 45,0
6574,2007-02-20 02:12:17,121.529600,31.323500,  0, 45,0
6574,2007-02-20 02:13:18,121.529600,31.323500,  0, 45,0
6574,2007-02-20 02:14:19,121.529600,31.323500,  0, 45,0
6574,2007-02-20 02:15:20,121.529600,31.323500,  0, 45,0
6574,2007-02-20 02:16:21,121.529600,31.323500,  0, 45,0
6574,2007-02-20 02:17:22,121.529600,31.323500,  0, 45,0
6574,2007-02-20 02:18:23,121.529600,31.323500,  0, 45,0
6574,2007-02-20 02:19:24,121.529600,31.323500,  0, 45,0
6574,2007-02-20 02:21:26,121.529600,31.323500,  0, 45,0
6574,2007-02-20 02:23:28,121.529600,31.323500,  0, 45,0
6574,2007-02-20 02:24:29,121.529600,31.323500,  0, 45,0
6574,2007-02-20 02:25:30,121.529600,31.323500,  0, 45,0
6574,2007-02-20 02:28:33,121.529600,31.323500,  0, 45,0
6574,2007-02-20 02:29:34,121.529600,31.323500,  0, 45,0
6574,2007-02-20 02:30:35,121.529600,31.323500,  0, 45,0
6574,2007-02-20 02:31:36,121.529600,31.323500,  0, 45,0
6574,2007-02-20 02:32:37,121.529600,31.323500,  0, 45,0
6574,2007-02-20 02:33:38,121.529600,31.323500,  0, 45,0
6574,2007-02-20 02:34:39,121.529600,31.323500,  0, 45,0
6574,2007-02-20 02:35:40,121.529600,31.323500,  0, 45,0
6574,2007-02-20 02:36:41,121.529600,31.323500,  0, 45,0
6574,2007-02-20 02:37:41,121.529600,31.323500,  0, 45,0
6574,2007-02-20 02:38:42,121.529600,31.323500,  0, 45,0
6574,2007-02-20 02:39:43,121.529600,31.323500,  0, 45,0
6574,2007-02-20 02:42:46,121.529600,31.323500,  0, 45,0
6574,2007-02-20 02:43:47,121.529600,31.323500,  0, 45,0
6574,2007-02-20 02:44:48,121.529600,31.323500,  0, 45,0
6574,2007-02-20 02:45:49,121.529600,31.323500,  0, 45,0
6574,2007-02-20 02:47:51,121.529600,31.323500,  0, 45,0
6574,2007-02-20 02:48:52,121.529600,31.323500,  0, 45,0
6574,2007-02-20 02:49:53,121.529600,31.323500,  0, 45,0
6574,2007-02-20 02:50:54,121.529600,31.323500,  0, 45,0
6574,2007-02-20 02:51:55,121.529600,31.323500,  0, 45,0
6574,2007-02-20 02:52:56,121.529600,31.323500,  0, 45,0
6574,2007-02-20 02:53:57,121.529600,31.323500,  0, 45,0
6574,2007-02-20 02:54:58,121.529600,31.323500,  0, 45,0
6574,2007-02-20 02:55:59,121.529600,31.323500,  0, 45,0
6574,2007-02-20 02:57:00,121.529600,31.323500,  0, 45,0
6574,2007-02-20 02:58:01,121.529600,31.323500,  0, 45,0
6574,2007-02-20 02:59:02,121.529600,31.323500,  0, 45,0
6574,2007-02-20 03:01:04,121.529600,31.323500,  0, 45,0
6574,2007-02-20 03:02:05,121.529600,31.323500,  0, 45,0
6574,2007-02-20 03:03:06,121.529600,31.323500,  0, 45,0
6574,2007-02-20 03:04:07,121.529600,31.323500,  0, 45,0
6574,2007-02-20 03:05:08,121.529600,31.323500,  0, 45,0
6574,2007-02-20 03:06:09,121.529600,31.323500,  0, 45,0
6574,2007-02-20 03:07:10,121.529600,31.323500,  0, 45,0
6574,2007-02-20 03:08:11,121.529600,31.323500,  0, 45,0
6574,2007-02-20 03:09:12,121.529600,31.323500,  0, 45,0
6574,2007-02-20 03:10:13,121.529600,31.323500,  0, 45,0
6574,2007-02-20 03:11:14,121.529600,31.323500,  0, 45,0
6574,2007-02-20 03:12:15,121.529600,31.323500,  0, 45,0
6574,2007-02-20 03:13:16,121.529600,31.323500,  0, 45,0
6574,2007-02-20 03:14:17,121.529600,31.323500,  0, 45,0
6574,2007-02-20 03:15:18,121.529600,31.323500,  0, 45,0
6574,2007-02-20 03:16:19,121.529600,31.323500,  0, 45,0
6574,2007-02-20 03:17:20,121.529600,31.323500,  0, 45,0
6574,2007-02-20 03:18:21,121.529600,31.323500,  0, 45,0
6574,2007-02-20 03:19:22,121.529600,31.323500,  0, 45,0
6574,2007-02-20 03:20:23,121.529600,31.323500,  0, 45,0
6574,2007-02-20 03:22:25,121.529600,31.323500,  0, 45,0
6574,2007-02-20 03:23:26,121.529600,31.323500,  0, 45,0
6574,2007-02-20 03:24:27,121.529600,31.323500,  0, 45,0
6574,2007-02-20 03:25:28,121.529600,31.323500,  0, 45,0
6574,2007-02-20 03:26:29,121.529600,31.323500,  0, 45,0
6574,2007-02-20 03:27:30,121.529600,31.323500,  0, 45,0
6574,2007-02-20 03:28:31,121.529600,31.323500,  0, 45,0
6574,2007-02-20 03:29:28,121.529600,31.323500,  0, 45,1
6574,2007-02-20 03:29:34,121.529600,31.323500,  0, 45,0
6574,2007-02-20 03:29:36,121.529600,31.323500,  0, 45,1
6574,2007-02-20 03:29:40,121.529600,31.323500,  0, 45,0
6574,2007-02-20 03:30:40,121.529600,31.323500,  0, 45,0
6574,2007-02-20 03:32:42,121.529600,31.323500,  0, 45,0
6574,2007-02-20 03:34:44,121.529600,31.323500,  0, 45,0
6574,2007-02-20 03:35:45,121.529600,31.323500,  0, 45,0
6574,2007-02-20 03:37:47,121.529600,31.323500,  0, 45,0
6574,2007-02-20 03:38:48,121.529600,31.323500,  0, 45,0
6574,2007-02-20 03:40:50,121.529600,31.323500,  0, 45,0
6574,2007-02-20 03:41:51,121.529600,31.323500,  0, 45,0
6574,2007-02-20 03:42:52,121.529600,31.323500,  0, 45,0
6574,2007-02-20 03:43:53,121.529600,31.323500,  0, 45,0
6574,2007-02-20 03:44:54,121.529600,31.323500,  0, 45,0
6574,2007-02-20 03:45:55,121.529600,31.323500,  0, 45,0
6574,2007-02-20 03:46:56,121.529600,31.323500,  0, 45,0
6574,2007-02-20 03:47:57,121.529600,31.323500,  0, 45,0
6574,2007-02-20 03:48:58,121.529600,31.323500,  0, 45,0
6574,2007-02-20 03:49:59,121.529600,31.323500,  0, 45,0
6574,2007-02-20 03:51:00,121.529600,31.323500,  0, 45,0
6574,2007-02-20 03:52:01,121.529600,31.323500,  0, 45,0
6574,2007-02-20 03:53:02,121.529800,31.323500,  0, 45,0
6574,2007-02-20 03:54:03,121.529800,31.323500,  0, 45,0
6574,2007-02-20 03:55:04,121.529800,31.323500,  0, 45,0
6574,2007-02-20 03:56:05,121.529800,31.323500,  0, 45,0
6574,2007-02-20 03:58:07,121.529800,31.323500,  0, 45,0
6574,2007-02-20 03:59:08,121.529800,31.323500,  0, 45,0
6574,2007-02-20 04:00:09,121.529800,31.323500,  0, 45,0
6574,2007-02-20 04:01:10,121.529800,31.323500,  0, 45,0
6574,2007-02-20 04:02:11,121.529800,31.323500,  0, 45,0
6574,2007-02-20 04:03:12,121.529800,31.323500,  0, 45,0
6574,2007-02-20 04:04:13,121.529800,31.323500,  0, 45,0
6574,2007-02-20 04:05:14,121.529800,31.323500,  0, 45,0
6574,2007-02-20 04:06:30,121.529800,31.323500,  0, 45,0
6574,2007-02-20 04:07:31,121.529600,31.323500,  0, 45,0
6574,2007-02-20 04:08:32,121.529600,31.323500,  0, 45,0
6574,2007-02-20 04:09:33,121.529600,31.323500,  0, 45,0
6574,2007-02-20 04:10:34,121.529600,31.323500,  0, 45,0
6574,2007-02-20 04:11:35,121.529800,31.323300,  0, 45,0
6574,2007-02-20 04:12:36,121.529800,31.323300,  0, 45,0
6574,2007-02-20 04:13:37,121.529800,31.323300,  0, 45,0
6574,2007-02-20 04:14:38,121.529800,31.323500,  0, 45,0
6574,2007-02-20 04:15:39,121.529800,31.323500,  0, 45,0
6574,2007-02-20 04:16:40,121.529800,31.323500,  0, 45,0
6574,2007-02-20 04:17:41,121.529800,31.323500,  0, 45,0
6574,2007-02-20 04:18:42,121.529800,31.323500,  0, 45,0
6574,2007-02-20 04:19:43,121.529800,31.323500,  0, 45,0
6574,2007-02-20 04:20:44,121.529800,31.323500,  0, 45,0
6574,2007-02-20 04:21:45,121.529800,31.323500,  0, 45,0
6574,2007-02-20 04:22:46,121.529800,31.323500,  0, 45,0
6574,2007-02-20 04:23:47,121.529800,31.323500,  0, 45,0
6574,2007-02-20 04:24:48,121.529800,31.323500,  0, 45,0
6574,2007-02-20 04:25:49,121.529800,31.323500,  0, 45,0
6574,2007-02-20 04:27:51,121.529800,31.323500,  0, 45,0
6574,2007-02-20 04:28:52,121.529800,31.323500,  0, 45,0
6574,2007-02-20 04:29:53,121.529800,31.323500,  0, 45,0
6574,2007-02-20 04:30:54,121.529800,31.323500,  0, 45,0
6574,2007-02-20 04:31:55,121.529800,31.323500,  0, 45,0
6574,2007-02-20 04:32:56,121.529800,31.323500,  0, 45,0
6574,2007-02-20 04:33:57,121.529800,31.323500,  0, 45,0
6574,2007-02-20 04:34:58,121.529800,31.323500,  0, 45,0
6574,2007-02-20 04:35:59,121.529800,31.323500,  0, 45,0
6574,2007-02-20 04:37:00,121.529800,31.323500,  0, 45,0
6574,2007-02-20 04:38:01,121.529800,31.323500,  0, 45,0
6574,2007-02-20 04:39:02,121.529800,31.323500,  0, 45,0
6574,2007-02-20 04:40:03,121.529800,31.323500,  0, 45,0
6574,2007-02-20 04:41:04,121.529800,31.323500,  0, 45,0
6574,2007-02-20 04:42:05,121.529800,31.323500,  0, 45,0
6574,2007-02-20 04:43:06,121.529800,31.323500,  0, 45,0
6574,2007-02-20 04:44:07,121.529800,31.323500,  0, 45,0
6574,2007-02-20 04:45:08,121.529800,31.323500,  0, 45,0
6574,2007-02-20 04:46:09,121.529800,31.323500,  0, 45,0
6574,2007-02-20 04:47:10,121.529800,31.323500,  0, 45,0
6574,2007-02-20 04:48:11,121.529800,31.323500,  0, 45,0
6574,2007-02-20 04:49:12,121.529800,31.323500,  0, 45,0
6574,2007-02-20 04:50:13,121.529800,31.323500,  0, 45,0
6574,2007-02-20 04:51:14,121.529800,31.323500,  0, 45,0
6574,2007-02-20 04:52:15,121.529800,31.323500,  0, 45,0
6574,2007-02-20 04:53:16,121.529800,31.323500,  0, 45,0
6574,2007-02-20 04:54:17,121.529800,31.323500,  0, 45,0
6574,2007-02-20 04:56:19,121.529800,31.323500,  0, 45,0
6574,2007-02-20 04:57:20,121.529800,31.323500,  0, 45,0
6574,2007-02-20 04:58:21,121.529800,31.323500,  0, 45,0
6574,2007-02-20 05:00:23,121.529800,31.323500,  0, 45,0
6574,2007-02-20 05:01:24,121.529800,31.323500,  0, 45,0
6574,2007-02-20 05:02:25,121.529800,31.323500,  0, 45,0
6574,2007-02-20 05:03:26,121.529800,31.323500,  0, 45,0
6574,2007-02-20 05:04:27,121.529800,31.323500,  0, 45,0
6574,2007-02-20 05:05:28,121.529800,31.323500,  0, 45,0
6574,2007-02-20 05:06:29,121.529800,31.323500,  0, 45,0
6574,2007-02-20 05:09:32,121.529800,31.323500,  0, 45,0
6574,2007-02-20 05:10:33,121.529800,31.323500,  0, 45,0
6574,2007-02-20 05:11:34,121.529800,31.323500,  0, 45,0
6574,2007-02-20 05:12:35,121.529800,31.323500,  0, 45,0
6574,2007-02-20 05:13:36,121.529800,31.323500,  0, 45,0
6574,2007-02-20 05:15:38,121.529800,31.323500,  0, 45,0
6574,2007-02-20 05:16:39,121.529800,31.323500,  0, 45,0
6574,2007-02-20 05:17:40,121.529800,31.323500,  0, 45,0
6574,2007-02-20 05:18:41,121.529800,31.323600,  0, 45,0
6574,2007-02-20 05:19:42,121.529800,31.323600,  0, 45,0
6574,2007-02-20 05:20:43,121.529800,31.323600,  0, 45,0
6574,2007-02-20 05:21:44,121.529800,31.323600,  0, 45,0
6574,2007-02-20 05:23:46,121.529800,31.323600,  0, 45,0
6574,2007-02-20 05:24:47,121.529800,31.323600,  0, 45,0
6574,2007-02-20 05:25:48,121.529800,31.323600,  0, 45,0
6574,2007-02-20 05:26:49,121.529800,31.323600,  0, 45,0
6574,2007-02-20 05:27:50,121.529800,31.323600,  0, 45,0
6574,2007-02-20 05:28:51,121.530000,31.323500,  0, 45,0
6574,2007-02-20 05:29:52,121.530000,31.323500,  0, 45,0
6574,2007-02-20 05:30:53,121.530000,31.323500,  0, 45,0
6574,2007-02-20 05:31:54,121.530000,31.323500,  0, 45,0
6574,2007-02-20 05:32:54,121.530000,31.323500,  0, 45,0
6574,2007-02-20 05:33:56,121.530000,31.323500,  0, 45,0
6574,2007-02-20 05:34:57,121.530000,31.323500,  0, 45,0
6574,2007-02-20 05:35:58,121.530000,31.323500,  0, 45,0
6574,2007-02-20 05:36:59,121.530000,31.323500,  0, 45,0
6574,2007-02-20 05:37:59,121.530000,31.323500,  0, 45,0
6574,2007-02-20 05:39:01,121.530000,31.323500,  0, 45,0
6574,2007-02-20 05:40:02,121.530000,31.323500,  0, 45,0
6574,2007-02-20 05:42:04,121.530000,31.323500,  0, 45,0
6574,2007-02-20 05:43:04,121.530000,31.323500,  0, 45,0
6574,2007-02-20 05:45:07,121.530000,31.323500,  0, 45,0
6574,2007-02-20 05:46:08,121.530000,31.323500,  0, 45,0
6574,2007-02-20 05:47:09,121.530000,31.323500,  0, 45,0
6574,2007-02-20 05:48:09,121.529800,31.323600,  0, 45,0
6574,2007-02-20 05:49:11,121.529800,31.323600,  0, 45,0
6574,2007-02-20 05:50:12,121.529800,31.323600,  0, 45,0
6574,2007-02-20 05:51:13,121.529800,31.323600,  0, 45,0
6574,2007-02-20 05:53:14,121.530000,31.323500,  0, 45,0
6574,2007-02-20 05:54:16,121.530000,31.323500,  0, 45,0
6574,2007-02-20 05:55:17,121.530000,31.323500,  0, 45,0
6574,2007-02-20 05:56:18,121.530000,31.323500,  0, 45,0
6574,2007-02-20 05:57:19,121.530000,31.323500,  0, 45,0
6574,2007-02-20 05:58:19,121.530000,31.323500,  0, 45,0
6574,2007-02-20 05:59:21,121.530000,31.323500,  0, 45,0
6574,2007-02-20 06:00:22,121.530000,31.323500,  0, 45,0
6574,2007-02-20 06:01:23,121.530000,31.323500,  0, 45,0
6574,2007-02-20 06:02:24,121.530000,31.323500,  0, 45,0
6574,2007-02-20 06:03:24,121.530000,31.323500,  0, 45,0
6574,2007-02-20 06:04:26,121.530000,31.323500,  0, 45,0
6574,2007-02-20 06:05:27,121.530000,31.323500,  0, 45,0
6574,2007-02-20 06:06:28,121.530000,31.323500,  0, 45,0
6574,2007-02-20 06:07:29,121.530000,31.323500,  0, 45,0
6574,2007-02-20 06:08:29,121.530000,31.323500,  0, 45,0
6574,2007-02-20 06:09:31,121.530000,31.323500,  0, 45,0
6574,2007-02-20 06:10:32,121.530000,31.323500,  0, 45,0
6574,2007-02-20 06:11:33,121.530000,31.323500,  0, 45,0
6574,2007-02-20 06:12:34,121.530000,31.323500,  0, 45,0
6574,2007-02-20 06:13:34,121.530000,31.323600,  0, 45,0
6574,2007-02-20 06:14:36,121.530000,31.323600,  0, 45,0
6574,2007-02-20 06:17:32,121.530000,31.323600,  0, 45,0
6574,2007-02-20 06:18:32,121.530000,31.323500,  0, 45,0
6574,2007-02-20 06:19:33,121.530000,31.323500,  0, 45,0
6574,2007-02-20 06:20:34,121.530000,31.323500,  0, 45,0
6574,2007-02-20 06:21:35,121.530000,31.323500,  0, 45,0
6574,2007-02-20 06:22:36,121.530000,31.323500,  0, 45,0
6574,2007-02-20 06:23:37,121.530000,31.323500,  0, 45,0
6574,2007-02-20 06:24:38,121.530000,31.323500,  0, 45,0
6574,2007-02-20 06:26:40,121.530000,31.323500,  0, 45,0
6574,2007-02-20 06:27:41,121.530000,31.323500,  0, 45,0
6574,2007-02-20 06:29:43,121.530000,31.323500,  0, 45,0
6574,2007-02-20 06:30:44,121.530000,31.323500,  0, 45,0
6574,2007-02-20 06:31:45,121.530000,31.323500,  0, 45,0
6574,2007-02-20 06:32:46,121.530000,31.323500,  0, 45,0
6574,2007-02-20 06:33:47,121.530000,31.323500,  0, 45,0
6574,2007-02-20 06:34:48,121.530000,31.323500,  0, 45,0
6574,2007-02-20 06:35:49,121.530000,31.323500,  0, 45,0
6574,2007-02-20 06:36:50,121.530000,31.323500,  0, 45,0
6574,2007-02-20 06:37:51,121.530000,31.323500,  0, 45,0
6574,2007-02-20 06:38:52,121.530000,31.323500,  0, 45,0
6574,2007-02-20 06:39:53,121.530000,31.323500,  0, 45,0
6574,2007-02-20 06:40:54,121.530000,31.323500,  0, 45,0
6574,2007-02-20 06:41:55,121.530000,31.323500,  0, 45,0
6574,2007-02-20 06:42:37,121.530300,31.322800, 42, 90,0
6574,2007-02-20 06:42:53,121.529800,31.321800, 20,112,0
6574,2007-02-20 06:43:09,121.529600,31.320500, 42, 90,0
6574,2007-02-20 06:43:25,121.528800,31.320100, 32,135,0
6574,2007-02-20 06:43:58,121.527500,31.318100, 74, 90,0
6574,2007-02-20 06:44:14,121.527500,31.315600, 56, 90,0
6574,2007-02-20 06:44:30,121.527500,31.314100, 42, 90,0
6574,2007-02-20 06:45:02,121.527500,31.312000,  4, 90,0
6574,2007-02-20 06:45:36,121.527300,31.311000, 66, 90,0
6574,2007-02-20 06:45:52,121.527500,31.308800, 48, 90,0
6574,2007-02-20 06:46:08,121.527300,31.307600,  0, 90,0
6574,2007-02-20 06:47:09,121.527500,31.307500,  0, 90,0
6574,2007-02-20 06:47:53,121.526800,31.304800, 54,135,0
6574,2007-02-20 06:48:09,121.524500,31.304000, 50,135,0
6574,2007-02-20 06:48:25,121.523500,31.304500, 28,  0,0
6574,2007-02-20 06:49:05,121.523100,31.305500, 20,  0,0
6574,2007-02-20 06:49:21,121.524100,31.305800, 38, 45,0
6574,2007-02-20 06:49:37,121.526500,31.306500, 68, 45,0
6574,2007-02-20 06:49:53,121.527500,31.307800, 60,  0,0
6574,2007-02-20 06:50:09,121.527500,31.310800, 84,  0,0
6574,2007-02-20 06:50:49,121.527500,31.311800, 38,  0,0
6574,2007-02-20 06:51:05,121.527500,31.313100, 16,  0,0
6574,2007-02-20 06:51:21,121.527500,31.315000, 66,  0,0
6574,2007-02-20 06:51:37,121.527500,31.317100, 60,  0,0
6574,2007-02-20 06:51:53,121.527500,31.319500, 52,  0,0
6574,2007-02-20 06:52:09,121.528600,31.320100, 50, 45,0
6574,2007-02-20 06:52:25,121.529800,31.320500, 28,  0,0
6574,2007-02-20 06:52:57,121.530100,31.323000, 38,  0,0
6574,2007-02-20 06:53:14,121.531000,31.323500, 44, 45,0
6574,2007-02-20 06:53:30,121.533500,31.323500, 28, 22,0
6574,2007-02-20 06:54:31,121.533600,31.324000,  0,157,0
6574,2007-02-20 06:55:32,121.533600,31.324100,  0,157,0
6574,2007-02-20 06:56:31,121.534000,31.323100, 36, 90,0
6574,2007-02-20 06:56:47,121.534000,31.321600, 32, 90,0
6574,2007-02-20 06:57:03,121.534000,31.320000, 38, 90,0
6574,2007-02-20 06:57:19,121.534000,31.318600, 38, 90,0
6574,2007-02-20 06:57:35,121.534000,31.317500,  0, 90,0
6574,2007-02-20 06:57:50,121.534000,31.317300, 16, 90,1
6574,2007-02-20 06:58:51,121.531000,31.313500, 64,135,1
6574,2007-02-20 06:59:52,121.527800,31.313500,  0,135,1
6574,2007-02-20 07:00:53,121.527300,31.309500, 58, 90,1
6574,2007-02-20 07:01:54,121.521300,31.305300, 72,135,1
6574,2007-02-20 07:02:55,121.515500,31.303600,  0,135,1
6574,2007-02-20 07:03:56,121.513500,31.302600, 38,112,1
6574,2007-02-20 07:05:58,121.504300,31.294800, 48,157,1
6574,2007-02-20 07:06:59,121.497600,31.291300, 36,135,1
6574,2007-02-20 07:08:00,121.493500,31.291000, 36, 90,1
6574,2007-02-20 07:09:01,121.488600,31.290000, 34,112,1
6574,2007-02-20 07:10:02,121.485100,31.288800, 44,157,1
6574,2007-02-20 07:11:03,121.483800,31.289800,  0,157,1
6574,2007-02-20 07:12:04,121.483800,31.289800,  0,157,1
6574,2007-02-20 07:13:05,121.482600,31.284600,  0, 90,1
6574,2007-02-20 07:14:22,121.483100,31.281300,  0, 67,0
6574,2007-02-20 07:14:39,121.483800,31.281100, 42, 45,0
6574,2007-02-20 07:14:54,121.485800,31.281100, 24, 45,0
6574,2007-02-20 07:15:10,121.486100,31.282800, 58,  0,0
6574,2007-02-20 07:15:26,121.486100,31.284500, 34,  0,0
6574,2007-02-20 07:15:42,121.486100,31.286500, 66,  0,0
6574,2007-02-20 07:16:43,121.486300,31.287300,  0,  0,0
6574,2007-02-20 07:17:28,121.486300,31.288300, 38,  0,0
6574,2007-02-20 07:17:44,121.486500,31.291000, 64,  0,0
6574,2007-02-20 07:18:00,121.486800,31.292600, 38, 22,0
6574,2007-02-20 07:18:16,121.488600,31.293100, 30, 22,0
6574,2007-02-20 07:18:32,121.488500,31.294500, 44,  0,0
6574,2007-02-20 07:18:48,121.489000,31.295600, 44, 45,0
6574,2007-02-20 07:19:04,121.490300,31.295800, 10, 45,0
6574,2007-02-20 07:20:05,121.490500,31.295800,  0, 45,0
6574,2007-02-20 07:21:06,121.490500,31.295800,  0, 45,0
6574,2007-02-20 07:22:07,121.490500,31.295800,  0, 45,0
6574,2007-02-20 07:23:08,121.490500,31.295800,  0, 45,0
6574,2007-02-20 07:24:09,121.490500,31.295800,  0, 45,0
6574,2007-02-20 07:25:10,121.490500,31.295800,  0, 45,0
6574,2007-02-20 07:26:11,121.490500,31.295800,  0, 45,0
6574,2007-02-20 07:27:12,121.490500,31.295800,  0, 45,0
6574,2007-02-20 07:28:13,121.490500,31.295800,  0, 45,0
6574,2007-02-20 07:29:13,121.490500,31.295800,  0, 45,0
6574,2007-02-20 07:30:15,121.490500,31.295800,  0, 45,0
6574,2007-02-20 07:31:15,121.490500,31.295800,  0, 45,0
6574,2007-02-20 07:32:05,121.491600,31.296100, 44, 45,0
6574,2007-02-20 07:32:20,121.493500,31.296500, 30, 45,0
6574,2007-02-20 07:32:36,121.493800,31.295300, 44, 90,0
6574,2007-02-20 07:32:52,121.493600,31.293600, 44, 90,0
6574,2007-02-20 07:33:08,121.493600,31.292000, 44, 90,0
6574,2007-02-20 07:33:25,121.493600,31.290300, 38, 90,0
6574,2007-02-20 07:33:40,121.492500,31.290000, 34,135,0
6574,2007-02-20 07:33:56,121.491000,31.290000, 30,135,0
6574,2007-02-20 07:34:12,121.489500,31.290000, 36,135,0
6574,2007-02-20 07:34:28,121.488600,31.289500, 36, 90,0
6574,2007-02-20 07:34:45,121.488500,31.288000, 26, 90,0
6574,2007-02-20 07:35:10,121.489300,31.287300, 44, 45,0
6574,2007-02-20 07:35:26,121.491600,31.287300, 50, 45,0
6574,2007-02-20 07:36:32,121.493600,31.283100, 46, 67,0
6574,2007-02-20 07:36:47,121.495300,31.282500, 28, 67,0
6574,2007-02-20 07:37:11,121.496500,31.282000, 44, 67,0
6574,2007-02-20 07:37:27,121.498300,31.281300, 46, 67,0
6574,2007-02-20 07:37:43,121.499600,31.280800,  4, 67,0
6574,2007-02-20 07:38:51,121.501600,31.281100, 32, 67,0
6574,2007-02-20 07:39:07,121.502800,31.280600, 30, 67,0
6574,2007-02-20 07:39:23,121.502600,31.279600, 34, 90,0
6574,2007-02-20 07:39:40,121.502000,31.278500, 26,112,0
6574,2007-02-20 07:39:55,121.501500,31.277500, 30,112,0
6574,2007-02-20 07:40:18,121.501100,31.276500, 14, 67,0
6574,2007-02-20 07:40:35,121.502600,31.275500, 44, 67,0
6574,2007-02-20 07:40:50,121.503300,31.275000, 12, 67,0
6574,2007-02-20 07:41:48,121.503100,31.275100, 32,157,0
6574,2007-02-20 07:42:05,121.502300,31.276000,  0,157,0
6574,2007-02-20 07:42:10,121.502300,31.276000, 12,157,1
6574,2007-02-20 07:43:10,121.502800,31.279800, 44,  0,1
6574,2007-02-20 07:44:11,121.501300,31.283300, 48, 22,1
6574,2007-02-20 07:46:13,121.503600,31.287600,  0, 22,1
6574,2007-02-20 07:47:15,121.507000,31.293000, 10, 45,1
6574,2007-02-20 07:48:15,121.507100,31.294100, 42, 22,1
6574,2007-02-20 07:49:16,121.511300,31.301500, 44, 22,1
6574,2007-02-20 07:50:17,121.514500,31.305800,  0, 22,1
6574,2007-02-20 07:52:20,121.515100,31.313500, 40,  0,1
6574,2007-02-20 07:53:20,121.518300,31.319500, 50, 22,1
6574,2007-02-20 07:54:13,121.522500,31.320000, 16, 45,0
6574,2007-02-20 07:54:28,121.522500,31.320000,  4, 45,0
6574,2007-02-20 07:54:45,121.524100,31.320100, 46, 45,0
6574,2007-02-20 07:55:00,121.525800,31.320100, 18, 45,0
6574,2007-02-20 07:56:17,121.533500,31.320000, 30, 45,1
6574,2007-02-20 07:57:18,121.534100,31.320500, 34,  0,1
6574,2007-02-20 07:58:20,121.533000,31.326800, 34,135,1
6574,2007-02-20 07:58:54,121.532100,31.328100,  0,  0,0
6574,2007-02-20 08:00:01,121.532500,31.327300, 18, 90,0
6574,2007-02-20 08:00:20,121.533100,31.326800, 30, 45,0
6574,2007-02-20 08:00:36,121.534000,31.326100, 44, 90,0
6574,2007-02-20 08:00:52,121.534000,31.324500, 44, 90,0
6574,2007-02-20 08:01:24,121.534000,31.321300, 40, 90,0
6574,2007-02-20 08:01:40,121.534000,31.319800, 34, 90,0
6574,2007-02-20 08:01:56,121.534000,31.318300, 34, 90,0
6574,2007-02-20 08:02:12,121.534100,31.317300, 16, 90,0
6574,2007-02-20 08:02:28,121.534000,31.316300, 34, 90,0
6574,2007-02-20 08:02:44,121.534100,31.314800, 46, 90,0
6574,2007-02-20 08:03:00,121.533800,31.313500, 32,135,0
6574,2007-02-20 08:03:16,121.532300,31.313500, 32,135,0
6574,2007-02-20 08:03:32,121.530600,31.313500, 26,135,0
6574,2007-02-20 08:04:33,121.530600,31.313500,  0, 45,0
6574,2007-02-20 08:05:34,121.530600,31.313500,  0, 45,0
6574,2007-02-20 08:06:35,121.530600,31.313500,  0, 45,0
6574,2007-02-20 08:07:36,121.530600,31.313500,  0, 45,0
6574,2007-02-20 08:08:37,121.530600,31.313500,  0, 45,0
6574,2007-02-20 08:09:38,121.530600,31.313500,  0, 45,0
6574,2007-02-20 08:10:40,121.530600,31.313500,  0, 45,0
6574,2007-02-20 08:11:41,121.530600,31.313600,  0, 45,0
6574,2007-02-20 08:12:42,121.530600,31.313600,  0, 45,0
6574,2007-02-20 08:13:43,121.530600,31.313600,  0, 45,0
6574,2007-02-20 08:14:44,121.530600,31.313600,  0, 45,0
6574,2007-02-20 08:15:44,121.530600,31.313600,  0, 45,0
6574,2007-02-20 08:16:47,121.528100,31.313500, 26,135,0
6574,2007-02-20 08:17:44,121.527300,31.311600, 26,112,0
6574,2007-02-20 08:18:24,121.526100,31.311600, 28,135,0
6574,2007-02-20 08:18:39,121.524300,31.311600, 42,135,0
6574,2007-02-20 08:19:12,121.520800,31.311600, 50,135,0
6574,2007-02-20 08:19:28,121.519600,31.311600,  0,135,0
6574,2007-02-20 08:20:12,121.518500,31.311600, 36,135,0
6574,2007-02-20 08:20:28,121.518100,31.310600, 48, 90,0
6574,2007-02-20 08:20:44,121.518100,31.308800, 44, 90,0
6574,2007-02-20 08:20:59,121.518100,31.307500, 34,112,0
6574,2007-02-20 08:21:16,121.516000,31.307000, 44,135,0
6574,2007-02-20 08:22:17,121.515100,31.306600,  0,112,0
6574,2007-02-20 08:23:14,121.512300,31.305800, 40,135,0
6574,2007-02-20 08:23:29,121.510800,31.305300, 28,135,0
6574,2007-02-20 08:23:46,121.511000,31.304300, 34, 67,0
6574,2007-02-20 08:24:02,121.511600,31.303100, 30, 67,0
6574,2007-02-20 08:24:18,121.512000,31.302300, 22,112,0
6574,2007-02-20 08:24:34,121.510000,31.302000, 44,135,0
6574,2007-02-20 08:24:49,121.508100,31.301500, 60,135,0
6574,2007-02-20 08:25:06,121.505300,31.300500, 66,135,0
6574,2007-02-20 08:25:38,121.505600,31.297300, 36,112,0
6574,2007-02-20 08:25:54,121.504000,31.296100, 48,112,0
6574,2007-02-20 08:26:09,121.502500,31.295100, 42,112,0
6574,2007-02-20 08:26:26,121.502800,31.294300, 28, 45,0
6574,2007-02-20 08:26:42,121.504000,31.294000, 30, 67,0
6574,2007-02-20 08:27:43,121.504500,31.293800,  0,  0,0
6574,2007-02-20 08:28:43,121.504500,31.294000,  0,  0,0
6574,2007-02-20 08:29:44,121.504600,31.294100,  0,  0,0
6574,2007-02-20 08:30:45,121.504600,31.294100,  0,  0,0
6574,2007-02-20 08:31:47,121.504300,31.294000,  0,157,0
6574,2007-02-20 08:32:48,121.504300,31.294300,  0,157,0
6574,2007-02-20 08:33:49,121.504300,31.294300,  0,  0,0
6574,2007-02-20 08:34:13,121.504500,31.294100, 26, 67,1
6574,2007-02-20 08:35:13,121.504000,31.288300, 38,112,1
6574,2007-02-20 08:36:13,121.503600,31.286800,  0, 90,1
6574,2007-02-20 08:37:14,121.503100,31.286600, 60,112,1
6574,2007-02-20 08:38:16,121.502000,31.284500,  0, 90,1
6574,2007-02-20 08:39:17,121.503500,31.283800, 50, 67,1
6574,2007-02-20 08:40:18,121.502800,31.279800, 34,112,1
6574,2007-02-20 08:41:19,121.501100,31.276800,  0,112,1
6574,2007-02-20 08:42:06,121.502500,31.275800,  0, 67,0
6574,2007-02-20 08:42:22,121.502500,31.275800, 12, 67,0
6574,2007-02-20 08:42:44,121.503500,31.275500, 28, 22,0
6574,2007-02-20 08:42:59,121.504800,31.276300, 42, 22,0
6574,2007-02-20 08:43:32,121.507600,31.278000, 28, 67,0
6574,2007-02-20 08:43:48,121.508500,31.277000, 16, 67,0
6574,2007-02-20 08:44:17,121.509300,31.277300, 32, 22,0
6574,2007-02-20 08:44:46,121.510300,31.278000, 22, 22,0
6574,2007-02-20 08:45:02,121.511800,31.278500, 32, 45,0
6574,2007-02-20 08:45:18,121.513000,31.278800, 12,  0,0
6574,2007-02-20 08:46:19,121.512600,31.278600,  0,135,0
6574,2007-02-20 08:47:18,121.512600,31.278600,  0,135,0
6574,2007-02-20 08:48:20,121.512600,31.278600,  0,135,0
6574,2007-02-20 08:49:21,121.512600,31.278600,  0,135,0
6574,2007-02-20 08:50:22,121.512600,31.278600,  0,135,0
6574,2007-02-20 08:51:23,121.512600,31.278600,  0,135,0
6574,2007-02-20 08:52:23,121.512600,31.278500,  0,135,0
6574,2007-02-20 08:53:25,121.512600,31.278500,  0,135,0
6574,2007-02-20 08:54:26,121.512600,31.278500,  0,135,0
6574,2007-02-20 08:55:27,121.512600,31.278500,  0,135,0
6574,2007-02-20 08:56:28,121.512500,31.278500, 14, 90,0
6574,2007-02-20 08:56:54,121.512600,31.278500, 14, 45,1
6574,2007-02-20 08:57:55,121.511800,31.284100, 74,  0,1
6574,2007-02-20 08:58:56,121.513500,31.287000,  0, 45,1
6574,2007-02-20 08:59:57,121.517300,31.287800,  0, 45,1
6574,2007-02-20 09:00:58,121.516800,31.291300, 42, 45,1
6574,2007-02-20 09:01:58,121.520300,31.295500, 42, 22,1
6574,2007-02-20 09:03:00,121.527000,31.299300, 32, 22,1
6574,2007-02-20 09:04:01,121.529000,31.300600, 32, 22,1
6574,2007-02-20 09:05:02,121.533800,31.303600, 32, 22,1
6574,2007-02-20 09:06:03,121.534300,31.307600, 36,  0,1
6574,2007-02-20 09:07:03,121.534300,31.312500, 36,  0,1
6574,2007-02-20 09:08:05,121.534100,31.316600, 26,  0,1
6574,2007-02-20 09:09:06,121.534100,31.321300,  0,  0,1
6574,2007-02-20 09:09:31,121.533500,31.321300,  4,135,0
6574,2007-02-20 09:10:31,121.534000,31.321300, 14, 45,0
6574,2007-02-20 09:10:51,121.534000,31.320300, 34, 90,0
6574,2007-02-20 09:11:07,121.532600,31.320100, 44,135,0
6574,2007-02-20 09:11:23,121.530600,31.320100, 46,135,0
6574,2007-02-20 09:11:38,121.528800,31.320100, 42,135,0
6574,2007-02-20 09:12:16,121.527600,31.320100, 20,112,0
6574,2007-02-20 09:12:32,121.527500,31.318600, 46, 90,0
6574,2007-02-20 09:12:48,121.527500,31.317300, 28, 90,0
6574,2007-02-20 09:13:48,121.527500,31.316500, 26, 90,0
6574,2007-02-20 09:14:37,121.527500,31.314300, 12, 90,0
6574,2007-02-20 09:14:39,121.527500,31.314300, 16, 90,1
6574,2007-02-20 09:15:40,121.525600,31.311600, 46,135,1
6574,2007-02-20 09:16:41,121.519800,31.311600,  0,135,1
6574,2007-02-20 09:17:42,121.515300,31.311600,  0,135,1
6574,2007-02-20 09:18:43,121.514500,31.310000, 28,135,1
6574,2007-02-20 09:19:43,121.509300,31.310000, 58,135,1
6574,2007-02-20 09:20:45,121.502800,31.310000,  8,135,1
6574,2007-02-20 09:21:46,121.499000,31.310000,  0,135,1
6574,2007-02-20 09:22:47,121.494300,31.310000, 66,135,1
6574,2007-02-20 09:23:48,121.490000,31.310000, 36,135,1
6574,2007-02-20 09:24:48,121.481800,31.309800,  0,135,1
6574,2007-02-20 09:25:49,121.481000,31.309800, 14,112,1
6574,2007-02-20 09:26:21,121.480500,31.307800,  6, 90,0
6574,2007-02-20 09:26:37,121.480300,31.307600,  0, 90,0
6574,2007-02-20 09:27:07,121.480300,31.306600, 28, 90,0
6574,2007-02-20 09:27:23,121.480100,31.305500, 24, 90,0
6574,2007-02-20 09:27:55,121.477600,31.304500, 34,135,0
6574,2007-02-20 09:28:12,121.476500,31.304300, 14, 90,0
6574,2007-02-20 09:28:48,121.476600,31.303100, 16, 90,0
6574,2007-02-20 09:29:08,121.477600,31.303500, 18, 45,0
6574,2007-02-20 09:29:33,121.479000,31.303600, 28, 22,0
6574,2007-02-20 09:29:52,121.480100,31.304000, 20, 45,0
6574,2007-02-20 09:30:49,121.481500,31.304000, 14, 45,0
6574,2007-02-20 09:31:06,121.483100,31.304100, 44, 45,0
6574,2007-02-20 09:31:22,121.485000,31.304000, 46, 67,0
6574,2007-02-20 09:31:38,121.486000,31.304100, 44,  0,0
6574,2007-02-20 09:31:53,121.485800,31.306100, 42,  0,0
6574,2007-02-20 09:32:10,121.487100,31.306000, 48, 45,0
6574,2007-02-20 09:32:26,121.489100,31.305300, 42, 45,0
6574,2007-02-20 09:33:00,121.490100,31.304800, 10, 67,0
6574,2007-02-20 09:34:01,121.490100,31.304100,  0, 90,0
6574,2007-02-20 09:35:02,121.490100,31.304100,  0, 90,0
6574,2007-02-20 09:36:03,121.490100,31.304100,  0, 90,0
6574,2007-02-20 09:37:03,121.490100,31.304100,  0, 90,0
6574,2007-02-20 09:37:24,121.490100,31.304000, 26, 90,1
6574,2007-02-20 09:39:26,121.483600,31.300100,  0,135,1
6574,2007-02-20 09:40:26,121.478100,31.297100, 48,112,1
6574,2007-02-20 09:41:27,121.472100,31.296500, 32,135,1
6574,2007-02-20 09:42:28,121.471800,31.299100,  0,  0,1
6574,2007-02-20 09:43:29,121.468600,31.302000, 42,135,1
6574,2007-02-20 09:44:11,121.467100,31.302500,  0,135,0
6574,2007-02-20 09:44:26,121.467100,31.302500,  0,135,0
6574,2007-02-20 09:45:17,121.468300,31.302300, 18, 45,0
6574,2007-02-20 09:45:42,121.469300,31.301800, 44, 45,0
6574,2007-02-20 09:45:58,121.471300,31.301600, 44, 45,0
6574,2007-02-20 09:46:15,121.471800,31.300500, 40, 90,0
6574,2007-02-20 09:46:30,121.471800,31.299000, 40, 90,0
6574,2007-02-20 09:46:46,121.471800,31.297300, 44, 90,0
6574,2007-02-20 09:47:19,121.471800,31.296100, 22, 90,0
6574,2007-02-20 09:47:35,121.472000,31.295300, 34, 90,0
6574,2007-02-20 09:47:51,121.472500,31.294000, 48, 90,0
6574,2007-02-20 09:48:08,121.472600,31.292100, 32, 90,0
6574,2007-02-20 09:49:08,121.472600,31.291800,  0, 90,0
6574,2007-02-20 09:50:07,121.472500,31.289000, 34, 90,0
6574,2007-02-20 09:50:31,121.472600,31.288300, 22, 45,0
6574,2007-02-20 09:50:52,121.474000,31.288100, 34, 45,0
6574,2007-02-20 09:51:08,121.475000,31.287800, 18, 67,0
6574,2007-02-20 09:51:29,121.474800,31.286600, 36, 90,0
6574,2007-02-20 09:51:45,121.474600,31.285100, 40, 90,0
6574,2007-02-20 09:52:08,121.475100,31.284500, 26, 45,0
6574,2007-02-20 09:52:24,121.476300,31.284300, 28, 45,0
6574,2007-02-20 09:52:40,121.477600,31.284000, 20, 45,0
6574,2007-02-20 09:53:04,121.478500,31.283500, 16, 67,0
6574,2007-02-20 09:53:27,121.479000,31.282100, 32, 45,0
6574,2007-02-20 09:53:50,121.479600,31.282000, 22, 45,1
6574,2007-02-20 09:54:50,121.485000,31.281100,  0, 45,1
6574,2007-02-20 09:55:51,121.488600,31.281000, 42, 45,1
6574,2007-02-20 09:56:52,121.491500,31.281000,  0, 45,1
6574,2007-02-20 09:58:54,121.495600,31.282500, 24, 45,1
6574,2007-02-20 09:59:55,121.500500,31.281100, 40, 22,1
6574,2007-02-20 10:00:56,121.503500,31.287000,  0, 22,1
6574,2007-02-20 10:01:57,121.503500,31.287000,  0, 22,1
6574,2007-02-20 10:02:58,121.508300,31.286300, 88, 45,1
6574,2007-02-20 10:03:59,121.517500,31.287600, 40, 45,1
6574,2007-02-20 10:04:56,121.519100,31.288100,  0, 22,0
6574,2007-02-20 10:05:12,121.519100,31.288100,  0, 22,0
6574,2007-02-20 10:05:44,121.519300,31.288100, 22, 45,1
6574,2007-02-20 10:06:44,121.525500,31.291100, 52, 22,1
6574,2007-02-20 10:07:45,121.530500,31.293000, 44, 90,1
6574,2007-02-20 10:09:00,121.531800,31.291000,  0, 22,0
6574,2007-02-20 10:10:00,121.534000,31.292100, 30, 22,0
6574,2007-02-20 10:10:16,121.535100,31.292000, 42, 67,0
6574,2007-02-20 10:10:32,121.536500,31.290800, 38, 67,0
6574,2007-02-20 10:10:48,121.536000,31.290000, 10,112,0
6574,2007-02-20 10:11:23,121.535100,31.289300, 48,112,0
6574,2007-02-20 10:11:39,121.534000,31.288300, 40,112,0
6574,2007-02-20 10:11:55,121.532600,31.287800,  0,135,0
6574,2007-02-20 10:12:06,121.532600,31.287800, 14,135,1
6574,2007-02-20 10:13:06,121.529000,31.286600, 36,135,1
6574,2007-02-20 10:14:07,121.522100,31.284000, 38,112,1
6574,2007-02-20 10:16:09,121.512800,31.281300, 34,157,1
6574,2007-02-20 10:17:10,121.508500,31.281300, 28,112,1
6574,2007-02-20 10:18:11,121.506000,31.280100,  0,112,1
6574,2007-02-20 10:19:12,121.502100,31.279000, 26,112,1
6574,2007-02-20 10:20:13,121.498000,31.276000,  4,157,1
6574,2007-02-20 10:21:14,121.497000,31.276600, 22,157,1
6574,2007-02-20 10:22:28,121.494800,31.278100,  0,157,1
6574,2007-02-20 10:23:29,121.487500,31.278500, 60,135,1
6574,2007-02-20 10:24:30,121.486100,31.278500,  0,135,1
6574,2007-02-20 10:25:31,121.486100,31.278500,  0,135,1
6574,2007-02-20 10:26:32,121.480300,31.277600, 68,112,1
6574,2007-02-20 10:27:33,121.474300,31.277300,  0,157,1
6574,2007-02-20 10:28:34,121.474300,31.277300,  0,157,1
6574,2007-02-20 10:29:35,121.473600,31.277600, 22,135,1
6574,2007-02-20 10:30:36,121.471300,31.272300, 32,112,1
6574,2007-02-20 10:31:37,121.465100,31.266600, 58,112,1
6574,2007-02-20 10:32:38,121.453100,31.261800,104,135,1
6574,2007-02-20 10:34:18,121.432600,31.256100, 84,112,1
6574,2007-02-20 10:36:36,121.426800,31.254800,  0,  0,1
6574,2007-02-20 10:38:38,121.426300,31.263600,  0,  0,1
6574,2007-02-20 10:39:39,121.425600,31.267100,  0,  0,1
6574,2007-02-20 10:40:40,121.422100,31.267300, 36,  0,1
6574,2007-02-20 10:41:08,121.422300,31.270100, 24, 22,0
6574,2007-02-20 10:41:24,121.422500,31.270100,  0,  0,0
6574,2007-02-20 10:42:53,121.425600,31.270000, 54, 90,1
6574,2007-02-20 10:43:54,121.425500,31.267500,  0, 90,1
6574,2007-02-20 10:44:55,121.425500,31.267500,  0, 90,1
6574,2007-02-20 10:45:56,121.428500,31.267500, 34, 90,1
6574,2007-02-20 10:47:58,121.435800,31.264800, 36, 22,1
6574,2007-02-20 10:48:51,121.437100,31.265800, 26, 22,0
6574,2007-02-20 10:49:06,121.438300,31.266500,  4, 22,0
6574,2007-02-20 10:49:46,121.439300,31.267100, 30, 22,0
6574,2007-02-20 10:50:02,121.440500,31.267800, 34, 22,0
6574,2007-02-20 10:50:18,121.441600,31.268500, 38, 22,0
6574,2007-02-20 10:50:34,121.443500,31.269600, 48, 22,0
6574,2007-02-20 10:50:50,121.444600,31.270300, 26, 22,0
6574,2007-02-20 10:51:51,121.445100,31.270800,  0, 45,0
6574,2007-02-20 10:52:33,121.445600,31.271000, 16, 22,1
6574,2007-02-20 10:53:33,121.450000,31.272800,  0, 45,1
6574,2007-02-20 10:54:34,121.450500,31.273100,  0, 45,1
6574,2007-02-20 10:56:36,121.450800,31.273100,  0, 22,1
6574,2007-02-20 10:57:37,121.447100,31.282100, 88,  0,1
6574,2007-02-20 10:58:38,121.446600,31.289100, 84,  0,1
6574,2007-02-20 10:59:39,121.444100,31.303100, 98,  0,1
6574,2007-02-20 11:00:40,121.443500,31.317600, 98,  0,1
6574,2007-02-20 11:01:41,121.439300,31.328000, 42,157,1
6574,2007-02-20 11:02:42,121.439000,31.328600,  0,157,1
6574,2007-02-20 11:03:43,121.436300,31.334600, 62,157,1
6574,2007-02-20 11:04:44,121.438300,31.339100, 48, 45,1
6574,2007-02-20 11:05:23,121.438300,31.340500,  6,135,0
6574,2007-02-20 11:13:07,121.439800,31.325300, 46, 67,1
6574,2007-02-20 11:14:08,121.440600,31.323100,  0, 67,1
6574,2007-02-20 11:15:09,121.443000,31.316500, 38,135,1
6574,2007-02-20 11:15:49,121.438300,31.315500,  0,135,0
6574,2007-02-20 11:16:04,121.438300,31.315500,  0,135,0
6574,2007-02-20 11:16:59,121.441000,31.316100, 46, 45,0
6574,2007-02-20 11:17:15,121.442800,31.316500, 22, 45,0
6574,2007-02-20 11:18:16,121.443000,31.316500,  0, 45,0
6574,2007-02-20 11:19:02,121.444100,31.316800, 44, 45,0
6574,2007-02-20 11:19:18,121.445800,31.317100, 32, 45,0
6574,2007-02-20 11:19:36,121.447000,31.317500,  8, 22,0
6574,2007-02-20 11:20:05,121.448100,31.317600, 36, 45,0
6574,2007-02-20 11:20:21,121.449800,31.318100, 40, 45,0
6574,2007-02-20 11:20:52,121.451000,31.318300, 26, 45,0
6574,2007-02-20 11:21:08,121.452300,31.318600, 20, 45,0
6574,2007-02-20 11:21:24,121.453500,31.319000, 36, 45,0
6574,2007-02-20 11:21:40,121.454800,31.319300, 16, 45,0
6574,2007-02-20 11:21:58,121.455100,31.318500, 32, 90,0
6574,2007-02-20 11:22:32,121.455100,31.316500, 24, 90,0
6574,2007-02-20 11:22:49,121.455100,31.315500, 30, 90,0
6574,2007-02-20 11:23:05,121.455100,31.314300, 30, 90,0
6574,2007-02-20 11:23:21,121.455300,31.313100, 28, 90,0
6574,2007-02-20 11:23:41,121.455300,31.312500, 16, 67,1
6574,2007-02-20 11:25:42,121.462600,31.301600, 78, 90,1
6574,2007-02-20 11:26:43,121.462500,31.297500, 54, 90,1
6574,2007-02-20 11:27:44,121.462500,31.294500, 10, 90,1
6574,2007-02-20 11:28:45,121.473600,31.291300,100, 45,1
6574,2007-02-20 11:29:46,121.490100,31.296000,104, 45,1
6574,2007-02-20 11:31:26,121.504300,31.296500, 36,112,1
6574,2007-02-20 11:32:26,121.503500,31.293600, 34,112,1
6574,2007-02-20 11:34:28,121.515800,31.291100,  2, 22,1
6574,2007-02-20 11:35:29,121.515800,31.291100,  0, 22,1
6574,2007-02-20 11:36:30,121.516800,31.291300, 30, 45,1
6574,2007-02-20 11:37:31,121.521500,31.292000, 10, 45,1
6574,2007-02-20 11:38:08,121.522600,31.291300,  4, 22,0
6574,2007-02-20 11:38:24,121.522600,31.291300,  0, 22,0
6574,2007-02-20 11:39:25,121.522000,31.291100, 10,135,0
6574,2007-02-20 11:40:26,121.521800,31.291800, 28,157,0
6574,2007-02-20 11:40:42,121.520600,31.292000, 18,157,0
6574,2007-02-20 11:42:05,121.521800,31.292600,  0, 22,0
6574,2007-02-20 11:43:06,121.522600,31.292500, 36, 90,0
6574,2007-02-20 11:44:30,121.521000,31.288800, 52,135,0
6574,2007-02-20 11:44:46,121.518800,31.288100, 48,135,0
6574,2007-02-20 11:45:43,121.517600,31.287800, 26,112,0
6574,2007-02-20 11:45:59,121.518300,31.286100, 46, 90,0
6574,2007-02-20 11:47:15,121.515500,31.284800, 46,135,0
6574,2007-02-20 11:47:31,121.514100,31.284000,  0,112,0
6574,2007-02-20 11:47:49,121.514000,31.283800, 22,112,1
6574,2007-02-20 11:48:49,121.513300,31.279100, 26, 90,1
6574,2007-02-20 11:50:35,121.512600,31.276300, 10,  0,1
6574,2007-02-20 11:51:36,121.512100,31.274000, 42, 67,1
6574,2007-02-20 11:53:38,121.514100,31.266800, 22, 67,1
6574,2007-02-20 11:54:39,121.517600,31.263100, 34, 67,1
6574,2007-02-20 11:55:40,121.518500,31.260000, 32,112,1
6574,2007-02-20 11:56:18,121.515800,31.258300,  6, 90,0
6574,2007-02-20 11:56:33,121.515600,31.258300, 26,112,0
6574,2007-02-20 11:56:49,121.514300,31.257600, 40,112,0
6574,2007-02-20 11:57:21,121.511600,31.256300, 38,157,0
6574,2007-02-20 11:57:53,121.509100,31.259600, 60,157,0
6574,2007-02-20 11:58:09,121.508000,31.261000, 16,157,0
6574,2007-02-20 11:59:05,121.507800,31.261000, 22,157,1
6574,2007-02-20 12:00:05,121.508100,31.266100, 78, 22,1
6574,2007-02-20 12:01:06,121.511800,31.269300, 12, 22,1
6574,2007-02-20 12:02:07,121.511000,31.271100,  0,157,1
6574,2007-02-20 12:03:45,121.511600,31.276500,  0, 22,0
6574,2007-02-20 12:04:01,121.511600,31.276500,  0, 22,0
6574,2007-02-20 12:05:02,121.512800,31.276600, 34, 45,0
6574,2007-02-20 12:06:03,121.514000,31.277000, 10, 22,0
6574,2007-02-20 12:06:19,121.513800,31.278000, 30,  0,0
6574,2007-02-20 12:06:35,121.513100,31.278800, 24,135,0
6574,2007-02-20 12:06:51,121.511600,31.278500, 46,135,0
6574,2007-02-20 12:07:07,121.509800,31.278000, 48,112,0
6574,2007-02-20 12:07:23,121.508500,31.277100,  6,135,0
6574,2007-02-20 12:07:42,121.507800,31.277600, 22,157,0
6574,2007-02-20 12:08:03,121.507300,31.278600, 26,157,0
6574,2007-02-20 12:08:19,121.506500,31.279500, 30,157,0
6574,2007-02-20 12:08:35,121.505500,31.280000, 32,112,0
6574,2007-02-20 12:08:51,121.504000,31.278800, 40,112,0
6574,2007-02-20 12:09:07,121.502600,31.279100, 38,157,0
6574,2007-02-20 12:09:29,121.502000,31.278500, 38, 90,0
6574,2007-02-20 12:09:45,121.501100,31.276800, 30,112,0
6574,2007-02-20 12:10:22,121.501800,31.276300, 32, 67,0
6574,2007-02-20 12:10:38,121.502800,31.275500, 30, 67,0
6574,2007-02-20 12:11:12,121.505300,31.277000, 42, 22,0
6574,2007-02-20 12:11:28,121.506500,31.277600, 20, 22,0
6574,2007-02-20 12:12:29,121.506500,31.278300,  0,  0,0
6574,2007-02-20 12:13:30,121.506500,31.278300,  0,  0,0
6574,2007-02-20 12:15:21,121.506500,31.277800, 12,135,1
6574,2007-02-20 12:16:22,121.501500,31.276300, 28,157,1
6574,2007-02-20 12:17:23,121.499300,31.275100, 26,135,1
6574,2007-02-20 12:18:24,121.497500,31.276100,  0,157,1
6574,2007-02-20 12:19:25,121.495300,31.277800, 46,157,1
6574,2007-02-20 12:20:26,121.485500,31.278500, 36,135,1
6574,2007-02-20 12:21:27,121.481600,31.278300, 10,135,1
6574,2007-02-20 12:22:28,121.476500,31.277000, 12,135,1
6574,2007-02-20 12:23:29,121.474500,31.277500,  0,135,1
6574,2007-02-20 12:24:30,121.471300,31.279100,  0,157,1
6574,2007-02-20 12:25:31,121.469800,31.279800, 26,135,1
6574,2007-02-20 12:26:32,121.462800,31.282000, 20,135,1
6574,2007-02-20 12:28:34,121.459000,31.282000, 38,135,1
6574,2007-02-20 12:29:35,121.453800,31.281300, 40,135,1
6574,2007-02-20 12:30:36,121.448600,31.281300, 32,135,1
6574,2007-02-20 12:30:46,121.448500,31.281100,  0, 45,0
6574,2007-02-20 12:31:44,121.449300,31.281100, 42, 45,0
6574,2007-02-20 12:32:00,121.451300,31.281300, 48, 45,0
6574,2007-02-20 12:32:32,121.455600,31.281300, 48, 45,0
6574,2007-02-20 12:32:48,121.456800,31.281300, 34, 90,0
6574,2007-02-20 12:33:04,121.457100,31.279600, 44, 90,0
6574,2007-02-20 12:33:20,121.457800,31.277800, 40, 67,0
6574,2007-02-20 12:33:57,121.458000,31.277300, 18, 67,1
6574,2007-02-20 12:34:58,121.454300,31.280500, 48,  0,1
6574,2007-02-20 12:35:58,121.450800,31.281300,  0,135,1
6574,2007-02-20 12:37:00,121.447600,31.283300, 58,  0,1
6574,2007-02-20 12:38:01,121.445600,31.294500, 92,  0,1
6574,2007-02-20 12:39:02,121.444000,31.307800, 82,  0,1
6574,2007-02-20 12:40:03,121.442500,31.312500, 48,135,1
6574,2007-02-20 12:40:44,121.437800,31.312500,  0,135,0
6574,2007-02-20 12:42:01,121.437800,31.312500,  8,135,0
6574,2007-02-20 12:42:02,121.437800,31.312500, 14,135,1
6574,2007-02-20 12:43:03,121.436600,31.307600, 32, 90,1
6574,2007-02-20 12:44:04,121.437300,31.307000, 36, 45,1
6574,2007-02-20 12:44:34,121.438500,31.306000,  2, 67,0
6574,2007-02-20 12:44:50,121.438500,31.306000,  0, 67,0
6574,2007-02-20 12:45:29,121.438100,31.307000, 20, 22,0
6574,2007-02-20 12:45:49,121.440300,31.307100, 44, 45,0
6574,2007-02-20 12:46:01,121.441800,31.307300, 46, 45,0
6574,2007-02-20 12:46:17,121.443500,31.307500, 14, 45,0
6574,2007-02-20 12:47:34,121.444100,31.305100, 64, 90,0
6574,2007-02-20 12:47:50,121.444300,31.302600, 64, 90,0
6574,2007-02-20 12:48:55,121.444600,31.296500, 68, 90,0
6574,2007-02-20 12:49:27,121.446000,31.291800, 66, 90,0
6574,2007-02-20 12:49:43,121.446300,31.289000, 90, 90,0
6574,2007-02-20 12:49:59,121.446600,31.285800, 80, 90,0
6574,2007-02-20 12:50:15,121.447000,31.283000, 68, 90,0
6574,2007-02-20 12:50:31,121.446800,31.281600, 18, 90,0
6574,2007-02-20 12:51:15,121.448100,31.281100, 44, 45,0
6574,2007-02-20 12:51:31,121.450300,31.281100, 44, 45,0
6574,2007-02-20 12:51:47,121.452300,31.281100, 50, 45,0
6574,2007-02-20 12:52:03,121.454100,31.281300, 36, 45,0
6574,2007-02-20 12:52:19,121.456300,31.281300, 36, 45,0
6574,2007-02-20 12:52:56,121.457500,31.281600, 40, 45,0
6574,2007-02-20 12:53:28,121.460500,31.281500, 36, 90,0
6574,2007-02-20 12:53:44,121.460600,31.279600, 50, 90,0
6574,2007-02-20 12:54:00,121.461000,31.278100, 14, 90,0
6574,2007-02-20 12:55:01,121.461000,31.277800,  0,  0,0
6574,2007-02-20 12:56:02,121.461000,31.277800,  0,  0,0
6574,2007-02-20 12:57:03,121.461000,31.277800,  0,  0,0
6574,2007-02-20 12:58:04,121.461000,31.277800,  0,  0,0
6574,2007-02-20 12:59:05,121.461000,31.277800,  0,  0,0
6574,2007-02-20 13:00:06,121.461000,31.277800,  0,  0,0
6574,2007-02-20 13:01:07,121.461000,31.277800,  0,  0,0
6574,2007-02-20 13:02:08,121.460800,31.277600,  0,  0,0
6574,2007-02-20 13:03:09,121.460800,31.277600,  0,  0,0
6574,2007-02-20 13:04:10,121.460800,31.277600,  0,  0,0
6574,2007-02-20 13:05:11,121.460800,31.277600,  0,  0,0
6574,2007-02-20 13:06:12,121.460800,31.277600,  0,  0,0
6574,2007-02-20 13:07:13,121.460800,31.277600,  0,  0,0
6574,2007-02-20 13:09:15,121.460800,31.277800,  0,  0,0
6574,2007-02-20 13:10:16,121.460800,31.277800,  0,  0,0
6574,2007-02-20 13:11:17,121.460800,31.277800,  0,  0,0
6574,2007-02-20 13:12:18,121.460800,31.277800,  0,  0,0
6574,2007-02-20 13:13:19,121.460800,31.277800,  0,  0,0
6574,2007-02-20 13:14:20,121.460800,31.277800,  0,  0,0
6574,2007-02-20 13:15:21,121.460800,31.277800,  0,  0,0
6574,2007-02-20 13:16:22,121.460800,31.277800,  0,  0,0
6574,2007-02-20 13:17:23,121.460800,31.277800,  0,  0,0
6574,2007-02-20 13:18:24,121.460800,31.277800,  0,  0,0
6574,2007-02-20 13:19:25,121.460800,31.277800,  0,  0,0
6574,2007-02-20 13:20:26,121.460800,31.277800,  0,  0,0
6574,2007-02-20 13:21:27,121.460800,31.277800,  0,  0,0
6574,2007-02-20 13:22:28,121.460800,31.277800,  0,  0,0
6574,2007-02-20 13:23:29,121.460800,31.277800,  0,  0,0
6574,2007-02-20 13:24:30,121.460800,31.277800,  0,  0,0
6574,2007-02-20 13:25:31,121.460800,31.277800,  0,  0,0
6574,2007-02-20 13:26:32,121.460800,31.277800,  0,  0,0
6574,2007-02-20 13:27:33,121.460800,31.277800,  0,  0,0
6574,2007-02-20 13:28:34,121.460800,31.277800,  0,  0,0
6574,2007-02-20 13:30:36,121.460800,31.277800,  0,  0,0
6574,2007-02-20 13:31:37,121.460800,31.277800,  0,  0,0
6574,2007-02-20 13:32:38,121.460600,31.277600,  0,112,0
6574,2007-02-20 13:34:40,121.461000,31.278000, 30,  0,0
6574,2007-02-20 13:34:56,121.460800,31.279100, 36,  0,0
6574,2007-02-20 13:35:12,121.460500,31.280800, 44,  0,0
6574,2007-02-20 13:36:07,121.460500,31.281800, 18,  0,0
6574,2007-02-20 13:36:23,121.462000,31.281800, 46, 45,0
6574,2007-02-20 13:36:52,121.463100,31.281600, 14, 45,0
6574,2007-02-20 13:37:35,121.465500,31.281300, 32, 67,0
6574,2007-02-20 13:37:51,121.466800,31.280800, 40, 45,0
6574,2007-02-20 13:38:07,121.469000,31.280100, 50, 67,0
6574,2007-02-20 13:39:37,121.468800,31.275800, 20,112,1
6574,2007-02-20 13:40:38,121.465100,31.273500, 56,112,1
6574,2007-02-20 13:41:39,121.463100,31.272100, 24, 90,1
6574,2007-02-20 13:42:40,121.466100,31.268300,  0, 67,1
6574,2007-02-20 13:43:41,121.466100,31.268300,  0, 67,1
6574,2007-02-20 13:44:42,121.468500,31.266100, 14, 67,1
6574,2007-02-20 13:46:22,121.472800,31.261800, 26,112,1
6574,2007-02-20 13:47:23,121.469600,31.258600,  0,112,1
6574,2007-02-20 13:48:24,121.469800,31.256100,  0, 67,1
6574,2007-02-20 13:49:25,121.471600,31.253600, 32,112,1
6574,2007-02-20 13:50:26,121.467100,31.252300, 24,112,1
6574,2007-02-20 13:51:08,121.466800,31.252600,  0, 45,0
6574,2007-02-20 13:51:24,121.467100,31.252800, 30, 22,0
6574,2007-02-20 13:52:03,121.469500,31.253600, 42, 45,0
6574,2007-02-20 13:52:20,121.471500,31.254100, 38, 45,0
6574,2007-02-20 13:52:36,121.472600,31.254300, 32, 22,0
6574,2007-02-20 13:52:52,121.473800,31.255000, 22, 22,0
6574,2007-02-20 13:53:28,121.474600,31.256100, 32,157,0
6574,2007-02-20 13:53:44,121.474100,31.257100, 30,  0,0
6574,2007-02-20 13:54:00,121.473500,31.258100, 32,157,0
6574,2007-02-20 13:54:16,121.472800,31.259100, 26,  0,0
6574,2007-02-20 13:54:45,121.473100,31.260100, 32,  0,0
6574,2007-02-20 13:55:01,121.473800,31.261500, 34, 22,0
6574,2007-02-20 13:55:24,121.475500,31.260500, 30, 67,0
6574,2007-02-20 13:55:33,121.476100,31.260300, 26, 45,0
6574,2007-02-20 13:55:49,121.477300,31.260000, 40, 45,0
6574,2007-02-20 13:56:07,121.478500,31.260100, 28,  0,0
6574,2007-02-20 13:56:39,121.478600,31.261100, 14,  0,0
6574,2007-02-20 13:57:12,121.479500,31.260800,  8, 45,1
6574,2007-02-20 13:58:13,121.483600,31.260000,  0, 67,1
6574,2007-02-20 13:59:13,121.483600,31.260000,  0, 67,1
6574,2007-02-20 14:00:07,121.487300,31.259500, 42, 45,0
6574,2007-02-20 14:00:48,121.487000,31.259500, 38,135,0
6574,2007-02-20 14:01:05,121.485100,31.259600, 34,135,0
6574,2007-02-20 14:02:06,121.485000,31.259600,  0,112,0
6574,2007-02-20 14:03:07,121.485000,31.259600,  4,135,0
6574,2007-02-20 14:03:26,121.484100,31.260300, 36,  0,0
6574,2007-02-20 14:04:43,121.484600,31.262100, 24,  0,0
6574,2007-02-20 14:05:20,121.485000,31.263100, 40,  0,0
6574,2007-02-20 14:05:36,121.485600,31.265000, 46,  0,0
6574,2007-02-20 14:05:52,121.486300,31.266300, 18,  0,0
6574,2007-02-20 14:06:23,121.486600,31.267300, 24,  0,0
6574,2007-02-20 14:06:38,121.487500,31.268300, 30, 22,0
6574,2007-02-20 14:07:33,121.487800,31.268600, 14, 22,1
6574,2007-02-20 14:08:33,121.493600,31.272000, 58, 45,1
6574,2007-02-20 14:09:34,121.499500,31.270500, 32, 45,1
6574,2007-02-20 14:10:35,121.502000,31.272000,  0,157,1
6574,2007-02-20 14:11:36,121.504000,31.274500, 30, 22,1
6574,2007-02-20 14:12:37,121.507300,31.275500,  0, 45,1
6574,2007-02-20 14:13:38,121.511800,31.276500,  0, 45,1
6574,2007-02-20 14:14:39,121.513600,31.276800,  0, 45,1
6574,2007-02-20 14:15:40,121.513600,31.276800,  0, 45,1
6574,2007-02-20 14:16:41,121.517300,31.277800, 38, 45,1
6574,2007-02-20 14:17:42,121.519100,31.275600, 16, 90,1
6574,2007-02-20 14:17:52,121.519000,31.275300,  6,112,0
6574,2007-02-20 14:18:52,121.518800,31.275300,  0, 22,0
6574,2007-02-20 14:19:22,121.519300,31.276100, 30, 22,0
6574,2007-02-20 14:19:41,121.520100,31.276800, 18, 22,0
6574,2007-02-20 14:20:00,121.520600,31.277500, 30,157,0
6574,2007-02-20 14:21:01,121.520300,31.278100,  0,  0,0
6574,2007-02-20 14:22:47,121.514300,31.277100,  0,135,1
6574,2007-02-20 14:24:49,121.513500,31.271000, 74,112,1
6574,2007-02-20 14:25:50,121.504300,31.264800,  8,135,1
6574,2007-02-20 14:26:51,121.504000,31.264800, 34,135,1
6574,2007-02-20 14:27:52,121.500600,31.262800,  0,112,1
6574,2007-02-20 14:28:53,121.495100,31.258600, 76,112,1
6574,2007-02-20 14:29:54,121.491300,31.256100, 66,112,1
6574,2007-02-20 14:30:55,121.487800,31.255500,  0,135,1
6574,2007-02-20 14:31:56,121.484600,31.254300, 26,112,1
6574,2007-02-20 14:32:57,121.484100,31.254100, 26,112,1
6574,2007-02-20 14:34:30,121.478000,31.253000, 22,  0,0
6574,2007-02-20 14:34:50,121.477100,31.252300, 24,157,0
6574,2007-02-20 14:35:06,121.477800,31.252800, 30, 22,0
6574,2007-02-20 14:35:22,121.479000,31.253300, 20, 22,0
6574,2007-02-20 14:36:23,121.479300,31.253500,  0, 22,0
6574,2007-02-20 14:36:46,121.479800,31.254100, 34,  0,0
6574,2007-02-20 14:37:02,121.479300,31.255800, 44,  0,0
6574,2007-02-20 14:37:18,121.478800,31.257000, 26,  0,0
6574,2007-02-20 14:37:51,121.478800,31.258000, 20,  0,0
6574,2007-02-20 14:38:52,121.478300,31.259000,  0,  0,0
6574,2007-02-20 14:39:52,121.478300,31.259300,  8,  0,1
6574,2007-02-20 14:40:52,121.476800,31.262000, 44,157,1
6574,2007-02-20 14:41:53,121.475100,31.264100,  0,  0,1
6574,2007-02-20 14:42:54,121.475000,31.266800,  0,  0,1
6574,2007-02-20 14:43:55,121.475100,31.271000, 50,  0,1
6574,2007-02-20 14:44:26,121.474800,31.274000, 24,  0,0
6574,2007-02-20 14:44:41,121.474800,31.274000,  0,  0,0
6574,2007-02-20 14:45:24,121.475300,31.276300, 28, 22,0
6574,2007-02-20 14:45:40,121.476300,31.276300, 32, 67,0
6574,2007-02-20 14:45:56,121.477500,31.275800, 24, 22,0
6574,2007-02-20 14:46:12,121.477800,31.276800, 18, 22,0
6574,2007-02-20 14:46:28,121.479000,31.277000, 26, 45,0
6574,2007-02-20 14:46:44,121.480500,31.277500, 38, 22,0
6574,2007-02-20 14:47:01,121.481300,31.277500, 34, 67,0
6574,2007-02-20 14:47:17,121.481800,31.276000, 44, 90,0
6574,2007-02-20 14:47:33,121.482100,31.274600, 34, 90,0
6574,2007-02-20 14:48:00,121.482300,31.273600, 18, 90,0
6574,2007-02-20 14:48:43,121.483500,31.273300, 28, 45,0
6574,2007-02-20 14:49:05,121.484600,31.273000, 24, 45,0
6574,2007-02-20 14:49:22,121.485800,31.273000, 40, 45,0
6574,2007-02-20 14:50:07,121.486500,31.273000, 12, 45,1
6574,2007-02-20 14:51:07,121.487100,31.273300,  0,  0,1
6574,2007-02-20 14:52:08,121.489300,31.270600, 26, 90,1
6574,2007-02-20 14:53:09,121.491500,31.272000, 26, 22,1
6574,2007-02-20 14:54:10,121.496100,31.271300, 30, 45,1
6574,2007-02-20 14:55:11,121.500000,31.270300, 42, 45,1
6574,2007-02-20 14:56:12,121.501300,31.270600,  0,  0,1
6574,2007-02-20 14:57:13,121.502000,31.267000, 86, 67,1
6574,2007-02-20 14:58:14,121.503800,31.264800,  0, 67,1
6574,2007-02-20 14:59:15,121.504100,31.264500, 42, 67,1
6574,2007-02-20 15:00:16,121.511500,31.256100, 54, 67,1
6574,2007-02-20 15:01:17,121.513500,31.253500,  0, 67,1
6574,2007-02-20 15:02:18,121.513500,31.253500,  0, 67,1
6574,2007-02-20 15:03:19,121.517500,31.237800,  0, 67,1
6574,2007-02-20 15:04:20,121.519000,31.234800,  0, 67,1
6574,2007-02-20 15:05:21,121.520500,31.235300,  0,  0,1
6574,2007-02-20 15:06:22,121.520500,31.235300,  0,  0,1
6574,2007-02-20 15:07:23,121.520500,31.235300,  0,  0,1
6574,2007-02-20 15:08:25,121.520600,31.235500, 24, 22,1
6574,2007-02-20 15:09:26,121.525600,31.237600, 66, 45,1
6574,2007-02-20 15:10:27,121.532600,31.238300, 54, 67,1
6574,2007-02-20 15:11:27,121.533500,31.236500,  0, 67,1
6574,2007-02-20 15:12:28,121.535500,31.233300,  0, 67,1
6574,2007-02-20 15:13:30,121.542300,31.235600, 42, 45,1
6574,2007-02-20 15:14:09,121.543500,31.236000,  8,  0,0
6574,2007-02-20 15:14:25,121.543600,31.236300,  6,  0,0
6574,2007-02-20 15:15:26,121.543600,31.236300, 10,135,0
6574,2007-02-20 15:15:53,121.542500,31.235800, 40,112,0
6574,2007-02-20 15:16:09,121.540100,31.235000, 62,112,0
6574,2007-02-20 15:16:25,121.538000,31.234100, 52,112,0
6574,2007-02-20 15:16:41,121.536100,31.233500, 20,135,0
6574,2007-02-20 15:17:31,121.535100,31.233000, 38,112,0
6574,2007-02-20 15:17:47,121.533100,31.231800, 58,112,0
6574,2007-02-20 15:18:03,121.531800,31.231000, 32,135,0
6574,2007-02-20 15:18:18,121.530800,31.232500, 56,157,0
6574,2007-02-20 15:18:34,121.529500,31.234500, 44,157,0
6574,2007-02-20 15:18:51,121.528100,31.234600, 42,135,0
6574,2007-02-20 15:19:11,121.527500,31.234500, 24,112,1
6574,2007-02-20 15:20:10,121.519500,31.231600, 66,135,1
6574,2007-02-20 15:21:12,121.518100,31.231300,  0,112,1
6574,2007-02-20 15:22:13,121.516800,31.231100,  0,135,1
6574,2007-02-20 15:23:13,121.515100,31.230300,  0,135,1
6574,2007-02-20 15:24:15,121.515000,31.230300,  0,112,1
6574,2007-02-20 15:25:07,121.513500,31.229600,  0, 90,0
6574,2007-02-20 15:25:23,121.513500,31.229600,  0,112,0
6574,2007-02-20 15:26:01,121.513100,31.229300, 20,135,1
6574,2007-02-20 15:27:02,121.514000,31.222800, 60, 90,1
6574,2007-02-20 15:28:03,121.514300,31.219000, 48, 90,1
6574,2007-02-20 15:29:03,121.512600,31.212600, 48,112,1
6574,2007-02-20 15:30:05,121.517500,31.210300, 50, 45,1
6574,2007-02-20 15:31:06,121.520800,31.210000,  0, 45,1
6574,2007-02-20 15:32:07,121.521000,31.210000, 16, 45,1
6574,2007-02-20 15:33:07,121.526800,31.209500, 32, 67,1
6574,2007-02-20 15:34:08,121.523000,31.199100, 84, 90,1
6574,2007-02-20 15:35:09,121.521500,31.195500,  0, 90,1
6574,2007-02-20 15:36:10,121.519500,31.190500,  0, 90,1
6574,2007-02-20 15:37:11,121.518300,31.187500, 84, 90,1
6574,2007-02-20 15:38:12,121.516100,31.181800,  0, 90,1
6574,2007-02-20 15:39:13,121.516100,31.181600, 24, 90,1
6574,2007-02-20 15:40:14,121.514300,31.176600,  0, 90,1
6574,2007-02-20 15:41:15,121.514300,31.176300,  0, 90,1
6574,2007-02-20 15:43:16,121.521600,31.170800, 66, 67,1
6574,2007-02-20 15:44:17,121.524000,31.168000, 24, 67,1
6574,2007-02-20 15:45:18,121.530600,31.167800, 48, 67,1
6574,2007-02-20 15:46:19,121.531300,31.161600,  6,112,1
6574,2007-02-20 15:46:20,121.531300,31.161600,  0,112,0
6574,2007-02-20 15:47:21,121.531000,31.161500, 26,112,0
6574,2007-02-20 15:48:22,121.530300,31.161100,  0,112,0
6574,2007-02-20 15:49:05,121.531300,31.161500, 28, 22,0
6574,2007-02-20 15:49:22,121.533000,31.162300, 36, 22,0
6574,2007-02-20 15:50:01,121.533300,31.163100, 32,157,0
6574,2007-02-20 15:50:17,121.532500,31.164500, 38,157,0
6574,2007-02-20 15:50:33,121.532000,31.165500, 30,157,0
6574,2007-02-20 15:50:49,121.530500,31.165100, 40,112,0
6574,2007-02-20 15:51:05,121.529100,31.164600, 22,135,0
6574,2007-02-20 15:51:21,121.527500,31.164100, 44,135,0
6574,2007-02-20 15:51:37,121.526000,31.163600, 44,112,0
6574,2007-02-20 15:51:53,121.524300,31.162800, 38,135,0
6574,2007-02-20 15:52:09,121.523000,31.162600, 14,135,0
6574,2007-02-20 15:52:29,121.521800,31.162300, 34,135,0
6574,2007-02-20 15:52:45,121.520800,31.162000, 16,135,0
6574,2007-02-20 15:53:01,121.519600,31.161800, 32,112,0
6574,2007-02-20 15:53:17,121.518500,31.162800, 56,157,0
6574,2007-02-20 15:53:33,121.517600,31.165000, 66,  0,0
6574,2007-02-20 15:53:49,121.516800,31.167300, 64,  0,0
6574,2007-02-20 15:54:05,121.516000,31.169600, 64,  0,0
6574,2007-02-20 15:54:21,121.515100,31.171800, 62,  0,0
6574,2007-02-20 15:54:37,121.514500,31.174000, 56,  0,0
6574,2007-02-20 15:54:53,121.514500,31.175500, 16,  0,0
6574,2007-02-20 15:55:54,121.514500,31.175800, 22,  0,0
6574,2007-02-20 15:56:10,121.514600,31.177100, 56,  0,0
6574,2007-02-20 15:56:26,121.515500,31.179300, 62,  0,0
6574,2007-02-20 15:56:58,121.515600,31.182100, 36,  0,0
6574,2007-02-20 15:57:30,121.514600,31.184500, 24,  0,0
6574,2007-02-20 16:01:52,121.506600,31.199800, 32,157,1
6574,2007-02-20 16:02:53,121.509600,31.206300, 64,  0,1
6574,2007-02-20 16:03:54,121.512300,31.212100,  0, 22,1
6574,2007-02-20 16:05:34,121.512300,31.212500, 24,157,1
6574,2007-02-20 16:06:35,121.510000,31.213300, 30,157,1
6574,2007-02-20 16:07:08,121.510300,31.214300, 28,  0,0
6574,2007-02-20 16:07:24,121.510600,31.215500, 38,  0,0
6574,2007-02-20 16:07:40,121.510500,31.216800, 22,  0,0
6574,2007-02-20 16:07:56,121.510300,31.217800, 26,  0,0
6574,2007-02-20 16:08:16,121.510000,31.218800, 18,  0,0
6574,2007-02-20 16:08:39,121.510800,31.219300, 16, 22,0
6574,2007-02-20 16:09:40,121.511500,31.219500,  8, 45,0
6574,2007-02-20 16:10:15,121.512000,31.219600, 14, 45,1
6574,2007-02-20 16:11:15,121.514300,31.220100,  0, 45,1
6574,2007-02-20 16:12:16,121.516000,31.220500, 56, 45,1
6574,2007-02-20 16:13:17,121.522100,31.222000, 56, 45,1
6574,2007-02-20 16:14:18,121.523600,31.222500,  0, 45,1
6574,2007-02-20 16:15:19,121.523600,31.224600, 40,  0,1
6574,2007-02-20 16:16:20,121.522600,31.227300, 72,  0,1
6574,2007-02-20 16:17:21,121.519000,31.235100, 46,  0,1
6574,2007-02-20 16:18:22,121.514500,31.243500,  0,157,1
6574,2007-02-20 16:19:23,121.514500,31.243500,  0,157,1
6574,2007-02-20 16:21:32,121.508800,31.259800,  0,157,1
6574,2007-02-20 16:22:33,121.503800,31.255800, 40,135,1
6574,2007-02-20 16:23:34,121.496600,31.253300, 36,112,1
6574,2007-02-20 16:24:48,121.495000,31.254300,  2,112,0
6574,2007-02-20 16:25:21,121.495600,31.254000, 16, 22,0
6574,2007-02-20 16:25:52,121.496300,31.253300, 14, 90,0
6574,2007-02-20 16:26:10,121.495300,31.252800, 28,112,0
6574,2007-02-20 16:26:27,121.494500,31.253300, 30,157,0
6574,2007-02-20 16:26:45,121.493800,31.254000, 16, 22,0
6574,2007-02-20 16:27:06,121.494600,31.254300, 18, 22,1
6574,2007-02-20 16:28:06,121.497300,31.255300, 30, 45,1
6574,2007-02-20 16:29:07,121.500000,31.256100,  0, 22,1
6574,2007-02-20 16:30:08,121.497300,31.260000, 22,157,1
6574,2007-02-20 16:31:09,121.492800,31.263300, 34,157,1
6574,2007-02-20 16:32:10,121.488300,31.265100,  0,157,1
6574,2007-02-20 16:33:11,121.487800,31.268600, 52, 22,1
6574,2007-02-20 16:34:12,121.489500,31.270100,  0, 22,1
6574,2007-02-20 16:35:13,121.487500,31.274000, 52,157,1
6574,2007-02-20 16:35:31,121.486500,31.275800,  0,157,0
6574,2007-02-20 16:35:47,121.486500,31.275800,  0,157,0
6574,2007-02-20 16:36:31,121.486800,31.276300, 38, 45,0
6574,2007-02-20 16:36:47,121.488300,31.276100, 24, 45,0
6574,2007-02-20 16:37:03,121.489600,31.276100, 34, 45,0
6574,2007-02-20 16:37:19,121.491100,31.276000, 34, 45,0
6574,2007-02-20 16:37:35,121.491800,31.276600, 28,  0,0
6574,2007-02-20 16:38:15,121.492000,31.277800,  6,  0,0
6574,2007-02-20 16:38:44,121.492000,31.278800, 42,  0,0
6574,2007-02-20 16:39:00,121.491800,31.280300, 38,  0,0
6574,2007-02-20 16:39:57,121.491800,31.281300, 42,  0,0
6574,2007-02-20 16:40:13,121.491600,31.283100, 48,  0,0
6574,2007-02-20 16:40:29,121.492300,31.283600, 34, 67,0
6574,2007-02-20 16:40:45,121.493800,31.283000, 42, 67,0
6574,2007-02-20 16:41:01,121.495100,31.282500, 16, 67,0
6574,2007-02-20 16:41:31,121.496100,31.282100, 50, 67,0
6574,2007-02-20 16:42:32,121.499600,31.280800, 24, 67,0
6574,2007-02-20 16:42:48,121.500500,31.281300, 22, 22,0
6574,2007-02-20 16:43:11,121.501600,31.281100, 24, 67,0
6574,2007-02-20 16:43:28,121.502600,31.280800, 20, 67,0
6574,2007-02-20 16:43:59,121.502800,31.280000, 42,112,0
6574,2007-02-20 16:44:15,121.502000,31.278500, 42,112,0
6574,2007-02-20 16:44:31,121.501300,31.277100, 22,112,0
6574,2007-02-20 16:44:54,121.501500,31.276300, 32, 67,0
6574,2007-02-20 16:45:10,121.503000,31.275300, 32, 67,0
6574,2007-02-20 16:45:26,121.504000,31.275800, 44, 22,0
6574,2007-02-20 16:45:42,121.505500,31.277000, 38, 22,0
6574,2007-02-20 16:45:58,121.506800,31.277800, 30, 22,0
6574,2007-02-20 16:46:59,121.507300,31.278100, 10, 45,0
6574,2007-02-20 16:47:17,121.508100,31.277300, 38, 67,0
6574,2007-02-20 16:47:33,121.509100,31.277300, 36, 22,0
6574,2007-02-20 16:47:49,121.510600,31.278300, 36, 22,0
6574,2007-02-20 16:48:05,121.510300,31.279100, 38,157,0
6574,2007-02-20 16:48:21,121.509500,31.280100, 36,157,0
6574,2007-02-20 16:48:37,121.508800,31.281100,  8,157,0
6574,2007-02-20 16:49:32,121.507600,31.281000, 26,112,0
6574,2007-02-20 16:49:48,121.506500,31.280300, 26,112,0
6574,2007-02-20 16:50:33,121.505500,31.280000, 26,112,0
6574,2007-02-20 16:50:49,121.504500,31.279100, 32,112,0
6574,2007-02-20 16:51:07,121.503600,31.278500, 22,157,0
6574,2007-02-20 16:51:23,121.502500,31.279100, 10,157,0
6574,2007-02-20 16:51:45,121.502000,31.278300, 34,112,0
6574,2007-02-20 16:52:01,121.501300,31.277100, 20, 90,0
6574,2007-02-20 16:52:28,121.501500,31.276300, 30, 67,0
6574,2007-02-20 16:52:44,121.502600,31.275600, 30, 67,0
6574,2007-02-20 16:53:01,121.503300,31.275000, 18, 67,0
6574,2007-02-20 16:54:02,121.503500,31.274600,  0, 67,0
6574,2007-02-20 16:55:03,121.503500,31.274600,  0, 67,0
6574,2007-02-20 16:56:04,121.503500,31.274600,  0, 67,0
6574,2007-02-20 16:57:05,121.503500,31.274600,  0, 67,0
6574,2007-02-20 16:58:06,121.503600,31.274600,  0, 67,0
6574,2007-02-20 16:58:19,121.503500,31.274600, 14,157,1
6574,2007-02-20 16:59:19,121.502100,31.278500, 22, 22,1
6574,2007-02-20 17:00:20,121.501300,31.281300, 18,135,1
6574,2007-02-20 17:01:21,121.502000,31.284100,  0, 22,1
6574,2007-02-20 17:02:22,121.503600,31.287500, 26, 22,1
6574,2007-02-20 17:03:23,121.503600,31.287500,  0,  0,1
6574,2007-02-20 17:04:24,121.495000,31.289300, 20,112,1
6574,2007-02-20 17:05:25,121.492800,31.288000, 72,112,1
6574,2007-02-20 17:06:26,121.486300,31.289600, 64,  0,1
6574,2007-02-20 17:07:38,121.485600,31.290000,  0,112,0
6574,2007-02-20 17:08:37,121.486000,31.289500, 36, 90,0
6574,2007-02-20 17:09:33,121.486100,31.288500, 12, 90,0
6574,2007-02-20 17:09:50,121.486100,31.287300, 46, 90,0
6574,2007-02-20 17:10:06,121.486000,31.285500, 56, 90,0
6574,2007-02-20 17:10:22,121.486000,31.283100, 62, 90,0
6574,2007-02-20 17:10:38,121.486000,31.281600,  4, 90,0
6574,2007-02-20 17:10:54,121.486000,31.281500, 22, 90,1
6574,2007-02-20 17:11:54,121.486100,31.281300,  0, 90,1
6574,2007-02-20 17:12:55,121.485800,31.278500,  0, 90,1
6574,2007-02-20 17:13:56,121.485800,31.278500,  0, 90,1
6574,2007-02-20 17:14:57,121.486300,31.275600, 66, 67,1
6574,2007-02-20 17:15:58,121.489500,31.270500,  0, 67,1
6574,2007-02-20 17:16:59,121.489000,31.269800, 40,112,1
6574,2007-02-20 17:18:00,121.487000,31.267600, 54,112,1
6574,2007-02-20 17:19:01,121.485300,31.263600, 14, 90,1
6574,2007-02-20 17:20:02,121.482500,31.256600, 56, 90,1
6574,2007-02-20 17:21:03,121.483000,31.255100, 30, 67,1
6574,2007-02-20 17:22:04,121.484600,31.251800, 48, 90,1
6574,2007-02-20 17:23:05,121.485600,31.243300, 76, 90,1
6574,2007-02-20 17:24:06,121.485800,31.237600,  0, 90,1
6574,2007-02-20 17:25:07,121.484800,31.234100, 62,112,1
6574,2007-02-20 17:26:08,121.478500,31.233300,  0,135,1
6574,2007-02-20 17:27:09,121.477600,31.233100, 42,112,1
6574,2007-02-20 17:28:10,121.473600,31.230800,  0,112,1
6574,2007-02-20 17:29:11,121.474600,31.229000,  4, 67,1
6574,2007-02-20 17:30:12,121.476300,31.225600, 28, 90,1
6574,2007-02-20 17:30:17,121.476300,31.225500,  0, 67,0
6574,2007-02-20 17:31:02,121.476300,31.225300, 18,112,1
6574,2007-02-20 17:32:02,121.473600,31.226500, 14,112,1
6574,2007-02-20 17:33:03,121.469300,31.224800, 28,135,1
6574,2007-02-20 17:34:04,121.467100,31.224000,  0,112,1
6574,2007-02-20 17:36:06,121.463600,31.222300, 44,112,1
6574,2007-02-20 17:37:07,121.459800,31.220800,  8,112,1
6574,2007-02-20 17:38:08,121.459800,31.220600,  0,112,1
6574,2007-02-20 17:39:09,121.457300,31.219800,  0,135,1
6574,2007-02-20 17:40:10,121.456800,31.219600,  6,112,1
6574,2007-02-20 17:41:05,121.456000,31.221600,  0,157,0
6574,2007-02-20 17:41:21,121.456000,31.221600,  0,157,0
6574,2007-02-20 17:41:39,121.455600,31.222500, 22, 22,0
6574,2007-02-20 17:41:55,121.457000,31.222600, 24, 45,0
6574,2007-02-20 17:42:14,121.458100,31.222800, 22, 45,0
6574,2007-02-20 17:42:30,121.458600,31.223600, 16,  0,0
6574,2007-02-20 17:42:41,121.458600,31.223800, 20,  0,1
6574,2007-02-20 17:43:41,121.463100,31.225600, 68, 45,1
6574,2007-02-20 17:44:42,121.472000,31.229100, 44, 22,1
6574,2007-02-20 17:45:43,121.475800,31.231800,  0, 22,1
6574,2007-02-20 17:46:38,121.472100,31.230000,  4,112,0
6574,2007-02-20 17:46:54,121.472100,31.230000,  0,112,0
6574,2007-02-20 17:47:07,121.472100,31.230000, 14,112,1
6574,2007-02-20 17:48:08,121.468000,31.227300,  0,112,1
6574,2007-02-20 17:49:09,121.468000,31.227300,  0,112,1
6574,2007-02-20 17:50:10,121.456300,31.226000, 48,135,1
6574,2007-02-20 17:51:11,121.445300,31.223800, 78,112,1
6574,2007-02-20 17:52:12,121.433300,31.219500, 66,112,1
6574,2007-02-20 17:53:13,121.428300,31.216600,  4,157,1
6574,2007-02-20 17:54:14,121.423500,31.212000, 48,112,1
6574,2007-02-20 17:55:15,121.424000,31.212300,  0, 67,1
6574,2007-02-20 17:57:15,121.425300,31.205600,  0, 67,0
6574,2007-02-20 17:57:31,121.425300,31.205600,  0, 67,0
6574,2007-02-20 17:58:12,121.424800,31.206500, 32,157,0
6574,2007-02-20 17:58:44,121.424600,31.209300, 32,  0,0
6574,2007-02-20 17:59:22,121.424600,31.210300, 32,  0,0
6574,2007-02-20 17:59:54,121.425100,31.213100, 44, 22,0
6574,2007-02-20 18:00:26,121.428100,31.215600, 42, 45,0
6574,2007-02-20 18:00:42,121.429600,31.216600, 46, 22,0
6574,2007-02-20 18:00:58,121.431100,31.217800, 46, 22,0
6574,2007-02-20 18:01:13,121.432500,31.218800, 46, 22,0
6574,2007-02-20 18:01:30,121.434100,31.220100, 46, 22,0
6574,2007-02-20 18:02:31,121.434500,31.220300,  0, 22,0
6574,2007-02-20 18:03:32,121.439000,31.221600, 28, 22,0
6574,2007-02-20 18:03:48,121.440600,31.222100, 44, 45,0
6574,2007-02-20 18:04:19,121.445000,31.223500, 58, 22,0
6574,2007-02-20 18:04:36,121.447300,31.224300, 54, 22,0
6574,2007-02-20 18:04:52,121.449300,31.225100, 50, 22,0
6574,2007-02-20 18:05:08,121.450600,31.225500, 48, 22,0
6574,2007-02-20 18:05:24,121.452600,31.225600, 38, 22,0
6574,2007-02-20 18:05:40,121.454100,31.226300, 38, 22,0
6574,2007-02-20 18:05:55,121.455500,31.227000, 38, 22,0
6574,2007-02-20 18:06:57,121.451300,31.225100,  0,112,0
6574,2007-02-20 18:07:16,121.452000,31.224300, 32, 90,0
6574,2007-02-20 18:08:17,121.452100,31.224000,  0, 90,0
6574,2007-02-20 18:08:41,121.453000,31.224000, 40, 22,0
6574,2007-02-20 18:08:57,121.454800,31.224500, 38, 45,0
6574,2007-02-20 18:09:38,121.455600,31.224300, 36, 90,0
6574,2007-02-20 18:09:54,121.455500,31.223000, 16, 90,0
6574,2007-02-20 18:10:55,121.456100,31.222600,  0, 22,0
6574,2007-02-20 18:12:10,121.458600,31.225500,  0,  0,1
6574,2007-02-20 18:13:11,121.458600,31.225500,  0,  0,1
6574,2007-02-20 18:14:12,121.457800,31.230100, 42,157,1
6574,2007-02-20 18:15:12,121.456800,31.232000,  0,157,0
6574,2007-02-20 18:15:27,121.456800,31.232100, 10,157,0
6574,2007-02-20 18:15:46,121.457600,31.232600, 30, 45,0
6574,2007-02-20 18:16:02,121.459300,31.232600, 26, 45,0
6574,2007-02-20 18:16:20,121.459300,31.232600,  8, 45,1
6574,2007-02-20 18:17:21,121.461800,31.232800,  0, 45,1
6574,2007-02-20 18:18:22,121.463300,31.235300, 70, 22,1
6574,2007-02-20 18:19:23,121.462100,31.236000,  0, 90,1
6574,2007-02-20 18:20:24,121.459000,31.242100, 56,  0,1
6574,2007-02-20 18:21:25,121.461300,31.246000,  8, 45,1
6574,2007-02-20 18:22:26,121.470000,31.247300, 72, 45,1
6574,2007-02-20 18:23:27,121.476600,31.249500,  0, 22,1
6574,2007-02-20 18:24:28,121.476600,31.249500,  0, 22,1
6574,2007-02-20 18:25:29,121.478800,31.250500, 42, 22,1
6574,2007-02-20 18:26:30,121.486800,31.255000, 34, 22,1
6574,2007-02-20 18:27:31,121.487100,31.255100, 12, 45,1
6574,2007-02-20 18:28:32,121.493500,31.257600, 56, 22,1
6574,2007-02-20 18:29:33,121.502100,31.263800, 80, 22,1
6574,2007-02-20 18:30:21,121.509600,31.266300, 14, 22,0
6574,2007-02-20 18:30:36,121.509500,31.266800, 18,  0,0
6574,2007-02-20 18:31:53,121.510100,31.267100, 12,157,0
6574,2007-02-20 18:32:09,121.510600,31.268000, 46, 22,0
6574,2007-02-20 18:32:25,121.511800,31.269100, 20, 22,0
6574,2007-02-20 18:33:26,121.511600,31.270000, 32,157,0
6574,2007-02-20 18:33:47,121.511000,31.270800, 26,157,0
6574,2007-02-20 18:34:22,121.510500,31.271800, 14,157,0
6574,2007-02-20 18:35:22,121.509600,31.271500,  0,112,0
6574,2007-02-20 18:36:26,121.507000,31.270600, 36,135,0
6574,2007-02-20 18:36:42,121.506300,31.271500, 34,157,0
6574,2007-02-20 18:36:57,121.505600,31.272600, 32,157,0
6574,2007-02-20 18:37:14,121.504500,31.273800, 42,157,0
6574,2007-02-20 18:37:30,121.503600,31.274600, 26,157,0
6574,2007-02-20 18:37:46,121.503100,31.275300, 24, 22,0
6574,2007-02-20 18:38:17,121.505600,31.277000, 40, 22,0
6574,2007-02-20 18:38:34,121.507100,31.277800, 24, 22,0
6574,2007-02-20 18:39:32,121.506100,31.279500, 36,157,0
6574,2007-02-20 18:39:49,121.505000,31.279600, 32,112,0
6574,2007-02-20 18:40:05,121.503800,31.278600, 32,112,0
6574,2007-02-20 18:40:42,121.503800,31.278300, 18, 67,1
6574,2007-02-20 18:41:42,121.503100,31.275100, 22, 67,1
6574,2007-02-20 18:42:42,121.505500,31.272600, 40, 67,1
6574,2007-02-20 18:43:44,121.502100,31.270600, 10,135,1
6574,2007-02-20 18:44:45,121.501600,31.268800, 62, 90,1
6574,2007-02-20 18:45:46,121.503600,31.264800,  0, 67,1
6574,2007-02-20 18:46:47,121.505500,31.263100, 66, 67,1
6574,2007-02-20 18:47:47,121.512500,31.254600, 74, 67,1
6574,2007-02-20 18:59:29,121.516300,31.262600, 40, 22,0
6574,2007-02-20 19:00:57,121.516300,31.265100, 42, 22,0
6574,2007-02-20 19:08:25,121.506500,31.283100, 42,135,1
6574,2007-02-20 19:42:56,121.447800,31.337600,  0, 45,0
6574,2007-02-20 19:43:12,121.448800,31.338100, 42, 22,0
6574,2007-02-20 19:43:28,121.450600,31.339000, 40, 22,0
6574,2007-02-20 19:43:54,121.451100,31.339100, 18, 22,1
6574,2007-02-20 19:44:54,121.453100,31.338600, 34, 67,1
6574,2007-02-20 19:45:55,121.455000,31.334500, 32, 90,1
6574,2007-02-20 19:46:56,121.455100,31.329300, 46, 90,1
6574,2007-02-20 19:47:36,121.457500,31.328800,  0, 45,0
6574,2007-02-20 19:47:51,121.457500,31.328800,  8, 22,0
6574,2007-02-20 19:48:19,121.456500,31.328800, 34,135,0
6574,2007-02-20 19:48:35,121.455100,31.328600, 28,112,0
6574,2007-02-20 19:49:07,121.455000,31.325300, 44, 90,0
6574,2007-02-20 19:49:46,121.454600,31.325000, 14,135,1
6574,2007-02-20 19:50:46,121.451100,31.324500, 18,135,1
6574,2007-02-20 19:51:47,121.450600,31.329600, 56,  0,1
6574,2007-02-20 19:52:48,121.448600,31.332100, 32,135,1
6574,2007-02-20 19:53:13,121.446500,31.331300,  0,112,0
6574,2007-02-20 19:53:28,121.446500,31.331300,  0,112,0
6574,2007-02-20 19:54:28,121.447500,31.331600, 42, 22,0
6574,2007-02-20 19:54:44,121.449000,31.332100, 40, 45,0
6574,2007-02-20 19:55:00,121.450600,31.332800, 16, 45,0
6574,2007-02-20 19:55:16,121.450600,31.331300, 48, 90,0
6574,2007-02-20 19:55:32,121.450800,31.329600, 28, 90,0
6574,2007-02-20 19:56:19,121.450800,31.327500, 32, 90,0
6574,2007-02-20 19:57:01,121.450800,31.326800, 26, 90,0
6574,2007-02-20 19:57:30,121.450800,31.326300, 18, 90,1
6574,2007-02-20 19:58:30,121.451100,31.322300, 42, 90,1
6574,2007-02-20 19:59:31,121.448300,31.319500, 44,112,1
6574,2007-02-20 20:00:32,121.445000,31.317100,  6, 90,1
6574,2007-02-20 20:01:33,121.443600,31.314800, 54, 90,1
6574,2007-02-20 20:02:34,121.443600,31.312600,  0, 90,1
6574,2007-02-20 20:04:36,121.443800,31.304600, 32, 90,1
6574,2007-02-20 20:05:37,121.444500,31.296800, 66, 90,1
6574,2007-02-20 20:06:38,121.435000,31.292500, 78,135,1
6574,2007-02-20 20:07:39,121.421100,31.290100, 88,135,1
6574,2007-02-20 20:08:40,121.406500,31.289300, 84,135,1
6574,2007-02-20 20:10:41,121.390600,31.275000, 60,112,1
6574,2007-02-20 20:11:41,121.388600,31.271300,  0,112,1
6574,2007-02-20 20:12:42,121.388600,31.271300,  0,112,1
6574,2007-02-20 20:13:43,121.390000,31.270800, 40, 45,1
6574,2007-02-20 20:14:44,121.397300,31.270800, 64, 45,1
6574,2007-02-20 20:15:45,121.400600,31.268000, 32, 67,1
6574,2007-02-20 20:16:46,121.405000,31.267800,  0, 45,1
6574,2007-02-20 20:17:35,121.406500,31.267100, 28, 67,0
6574,2007-02-20 20:17:51,121.406500,31.267000,  0, 67,0
6574,2007-02-20 20:18:23,121.406600,31.267000, 16, 67,1
6574,2007-02-20 20:19:23,121.410300,31.265600, 26, 45,1
6574,2007-02-20 20:20:24,121.413800,31.267100,  0, 45,1
6574,2007-02-20 20:21:25,121.416000,31.266800,  0, 45,1
6574,2007-02-20 20:23:27,121.417300,31.260100, 64, 90,1
6574,2007-02-20 20:24:28,121.417300,31.256000, 18, 67,1
6574,2007-02-20 20:25:29,121.418100,31.253600, 22, 67,1
6574,2007-02-20 20:26:30,121.420800,31.249500, 26, 67,1
6574,2007-02-20 20:27:31,121.421800,31.248000,  0, 67,1
6574,2007-02-20 20:28:32,121.424000,31.248000,  4, 45,1
6574,2007-02-20 20:29:33,121.426600,31.250100,  0, 22,1
6574,2007-02-20 20:30:08,121.426800,31.250500,  0, 22,0
6574,2007-02-20 20:30:42,121.427300,31.250800, 34, 22,0
6574,2007-02-20 20:30:58,121.428500,31.251800, 38, 22,0
6574,2007-02-20 20:31:14,121.430000,31.253300, 60, 22,0
6574,2007-02-20 20:31:30,121.431000,31.254500, 30, 22,0
6574,2007-02-20 20:31:47,121.431800,31.255100, 20, 22,0
6574,2007-02-20 20:32:15,121.435100,31.256800, 56, 22,0
6574,2007-02-20 20:32:19,121.435600,31.257000, 54, 22,0
6574,2007-02-20 20:32:35,121.437800,31.257800, 52, 22,0
6574,2007-02-20 20:39:38,121.458800,31.252000, 42, 90,1
6574,2007-02-20 20:40:39,121.457500,31.246000, 68, 90,1
6574,2007-02-20 20:43:42,121.469000,31.227800, 50, 22,1
6574,2007-02-20 20:44:43,121.474500,31.230800, 10, 22,1
6574,2007-02-20 20:46:45,121.477500,31.232300,  0, 22,1
6574,2007-02-20 20:47:46,121.480100,31.232800, 54, 45,1
6574,2007-02-20 20:48:47,121.483500,31.232800,  0, 45,1
6574,2007-02-20 20:50:49,121.502000,31.236800, 24, 90,1
6574,2007-02-20 20:51:50,121.502500,31.234800,  0, 90,1
6574,2007-02-20 20:52:51,121.506100,31.233000, 52, 67,1
6574,2007-02-20 20:54:53,121.511300,31.221100, 64, 90,1
6574,2007-02-20 20:55:54,121.514300,31.220100,  0, 45,1
6574,2007-02-20 20:56:55,121.518300,31.220800, 28, 67,1
6574,2007-02-20 20:57:52,121.519000,31.216500, 16, 45,0
6574,2007-02-20 20:58:08,121.519100,31.216500,  0, 45,0
6574,2007-02-20 20:58:46,121.520300,31.216500, 42, 45,0
6574,2007-02-20 20:59:02,121.522100,31.216500, 44, 45,0
6574,2007-02-20 20:59:34,121.525000,31.217500, 28,  0,0
6574,2007-02-20 21:00:02,121.525100,31.218500, 42,  0,0
6574,2007-02-20 21:00:18,121.525000,31.220800, 64,  0,0
6574,2007-02-20 21:00:34,121.524100,31.223100, 66,  0,0
6574,2007-02-20 21:00:50,121.523600,31.224500,  0,  0,0
6574,2007-02-20 21:01:21,121.523600,31.224500, 14,  0,1
6574,2007-02-20 21:02:21,121.521000,31.230800, 44,  0,1
6574,2007-02-20 21:03:22,121.528100,31.234100, 66, 45,1
6574,2007-02-20 21:04:23,121.533500,31.231800, 42, 22,1
6574,2007-02-20 21:05:24,121.540800,31.235100, 42, 22,1
6574,2007-02-20 21:06:25,121.547500,31.237600, 58, 22,1
6574,2007-02-20 21:07:26,121.555500,31.241500,  0, 22,1
6574,2007-02-20 21:08:27,121.556000,31.241600, 26, 22,1
6574,2007-02-20 21:09:28,121.561000,31.245000, 56, 22,1
6574,2007-02-20 21:10:29,121.563100,31.244600,  0, 67,1
6574,2007-02-20 21:10:36,121.563100,31.244600,  0, 67,0
6574,2007-02-20 21:12:02,121.561800,31.246300, 36,157,0
6574,2007-02-20 21:12:18,121.560800,31.247600, 20,157,0
6574,2007-02-20 21:13:05,121.560100,31.248500, 46,157,0
6574,2007-02-20 21:13:21,121.559000,31.249800, 46,157,0
6574,2007-02-20 21:13:37,121.558100,31.250800,  6,157,0
6574,2007-02-20 21:13:56,121.557500,31.251500, 36,157,0
6574,2007-02-20 21:14:12,121.556300,31.252500, 26,157,0
6574,2007-02-20 21:14:28,121.555100,31.253600, 50,157,0
6574,2007-02-20 21:14:44,121.554100,31.254600, 24,157,0
6574,2007-02-20 21:15:06,121.553300,31.255500, 16,  0,0
6574,2007-02-20 21:16:07,121.553000,31.255600,  0,157,0
6574,2007-02-20 21:17:08,121.552800,31.255800,  0,157,0
6574,2007-02-20 21:18:09,121.552100,31.256500, 10,157,0
6574,2007-02-20 21:18:25,121.551300,31.257100, 22,135,0
6574,2007-02-20 21:18:41,121.550300,31.256300, 52,112,0
6574,2007-02-20 21:18:57,121.548500,31.254500, 64,112,0
6574,2007-02-20 21:19:13,121.546800,31.252600, 56,112,0
6574,2007-02-20 21:19:29,121.545300,31.250800, 62,112,0
6574,2007-02-20 21:19:45,121.543100,31.249500, 64,112,0
6574,2007-02-20 21:20:01,121.540600,31.248100, 52,112,0
6574,2007-02-20 21:22:46,121.544100,31.250000, 34, 22,1
6574,2007-02-20 21:23:47,121.546500,31.252000, 60, 22,1
6574,2007-02-20 21:24:48,121.551100,31.257000,  0, 22,1
6574,2007-02-20 21:26:50,121.561500,31.264000, 46, 22,1
6574,2007-02-20 21:27:51,121.566100,31.268100, 10, 22,1
6574,2007-02-20 21:28:52,121.566100,31.268300,  0, 22,1
6574,2007-02-20 21:29:53,121.571500,31.272800, 44, 22,1
6574,2007-02-20 21:31:55,121.571300,31.286300, 32,  0,1
6574,2007-02-20 21:32:56,121.567100,31.293100, 40,157,1
6574,2007-02-20 21:33:57,121.563000,31.299300, 52,  0,1
6574,2007-02-20 21:34:58,121.563100,31.304300,  0,  0,1
6574,2007-02-20 21:35:59,121.562500,31.311000, 64,  0,1
6574,2007-02-20 21:37:00,121.562300,31.320100, 62,  0,1
6574,2007-02-20 21:40:03,121.570800,31.339800, 40, 22,1
6574,2007-02-20 21:40:40,121.569300,31.341800,  0,112,0
6574,2007-02-20 21:40:56,121.569300,31.341800,  0,112,0
6574,2007-02-20 21:41:57,121.569300,31.341800,  0,112,0
6574,2007-02-20 21:42:58,121.568800,31.341300, 24,112,0
6574,2007-02-20 21:43:20,121.568100,31.340600, 10, 22,0
6574,2007-02-20 21:43:36,121.569100,31.341500, 44, 22,0
6574,2007-02-20 21:43:52,121.570300,31.341300, 36, 67,0
6574,2007-02-20 21:44:08,121.571100,31.340500, 34, 90,0
6574,2007-02-20 21:44:24,121.570000,31.339000, 48,112,0
6574,2007-02-20 21:44:40,121.568300,31.337600, 56,112,0
6574,2007-02-20 21:44:56,121.567300,31.336100, 46,112,0
6574,2007-02-20 21:45:12,121.567300,31.334800, 46, 67,0
6574,2007-02-20 21:45:28,121.568600,31.333000, 60, 67,0
6574,2007-02-20 21:46:00,121.571600,31.329000, 66, 67,0
6574,2007-02-20 21:46:16,121.572800,31.326800, 60, 90,0
6574,2007-02-20 21:46:32,121.573300,31.324600, 56, 90,0
6574,2007-02-20 21:46:48,121.573600,31.322300, 62, 90,0
6574,2007-02-20 21:47:04,121.573600,31.320300, 34, 90,0
6574,2007-02-20 21:47:20,121.573600,31.318600, 54, 90,0
6574,2007-02-20 21:47:36,121.573600,31.316600, 60, 90,0
6574,2007-02-20 21:47:52,121.573600,31.315000,  0, 90,0
6574,2007-02-20 21:48:09,121.573600,31.314800, 22, 90,1
6574,2007-02-20 21:50:10,121.573600,31.304000, 26,112,1
6574,2007-02-20 21:51:11,121.568600,31.296600, 66,112,1
6574,2007-02-20 21:52:12,121.568600,31.290800, 62, 67,1
6574,2007-02-20 21:53:13,121.572000,31.283300, 70, 90,1
6574,2007-02-20 21:54:14,121.574300,31.281000, 52, 45,1
6574,2007-02-20 21:55:06,121.578500,31.277800,  6, 90,0
6574,2007-02-20 21:55:50,121.578000,31.277000, 34,112,0
6574,2007-02-20 21:57:25,121.572300,31.276600, 60, 90,1
6574,2007-02-20 21:58:26,121.571100,31.272500, 42,112,1
6574,2007-02-20 21:59:27,121.565300,31.267600, 52,112,1
6574,2007-02-20 22:00:28,121.559800,31.262600, 62,112,1
6574,2007-02-20 22:01:29,121.556000,31.260300, 44,112,1
6574,2007-02-20 22:02:30,121.551100,31.257100, 30,112,1
6574,2007-02-20 22:03:31,121.550100,31.256000, 22,112,1
6574,2007-02-20 22:04:32,121.552300,31.251100, 48, 90,1
6574,2007-02-20 22:05:33,121.544300,31.254600, 72,157,1
6574,2007-02-20 22:06:34,121.534600,31.263100, 90,157,1
6574,2007-02-20 22:07:35,121.527300,31.273800, 84,157,1
6574,2007-02-20 22:08:36,121.519600,31.283300, 78,  0,1
6574,2007-02-20 22:09:37,121.509300,31.286600, 72,135,1
6574,2007-02-20 22:10:38,121.495300,31.289300, 80,135,1
6574,2007-02-20 22:11:39,121.483300,31.287800, 50,135,1
6574,2007-02-20 22:12:40,121.478100,31.287600, 18,135,1
6574,2007-02-20 22:13:41,121.476100,31.287800, 30,135,1
6574,2007-02-20 22:14:42,121.469500,31.288800, 54,135,1
6574,2007-02-20 22:15:43,121.466100,31.290800, 34,  0,1
6574,2007-02-20 22:16:44,121.464100,31.294000, 66,135,1
6574,2007-02-20 22:17:45,121.453100,31.296500, 74,135,1
6574,2007-02-20 22:18:46,121.444800,31.298600, 66,  0,1
6574,2007-02-20 22:19:47,121.444000,31.307600, 46,  0,1
6574,2007-02-20 22:20:48,121.443600,31.312500, 18,135,1
6574,2007-02-20 22:21:49,121.440100,31.312300, 28,135,1
6574,2007-02-20 22:22:46,121.434800,31.312300,  0,135,0
6574,2007-02-20 22:23:01,121.434800,31.312300,  0,135,0
6574,2007-02-20 22:23:46,121.436000,31.312300, 22, 45,0
6574,2007-02-20 22:24:07,121.437100,31.312300, 36, 45,0
6574,2007-02-20 22:24:23,121.439000,31.312300, 44, 45,0
6574,2007-02-20 22:24:39,121.440800,31.312300, 44, 45,0
6574,2007-02-20 22:24:55,121.442600,31.312500, 30, 45,0
6574,2007-02-20 22:25:56,121.443300,31.312500,  0, 45,0
6574,2007-02-20 22:26:57,121.443600,31.312500, 24, 45,0
6574,2007-02-20 22:27:16,121.444800,31.312500, 26, 45,0
6574,2007-02-20 22:27:32,121.446100,31.312500, 30, 45,0
6574,2007-02-20 22:27:47,121.447500,31.312600, 26, 45,0
6574,2007-02-20 22:28:03,121.448800,31.312500, 32, 45,0
6574,2007-02-20 22:28:20,121.450000,31.312500, 16, 45,0
6574,2007-02-20 22:28:37,121.451100,31.312500, 38, 45,0
6574,2007-02-20 22:29:29,121.453100,31.312600, 20,135,1
6574,2007-02-20 22:30:29,121.447600,31.312600, 16,157,1
6574,2007-02-20 22:31:30,121.444500,31.315300,  0,135,1
6574,2007-02-20 22:32:31,121.444500,31.315300,  0,135,1
6574,2007-02-20 22:33:32,121.443800,31.316600, 30,  0,1
6574,2007-02-20 22:34:33,121.441800,31.322500, 52,157,1
6574,2007-02-20 22:36:35,121.438000,31.330600, 66,  0,1
6574,2007-02-20 22:37:36,121.435100,31.337000, 78,  0,1
6574,2007-02-20 22:38:37,121.430600,31.348000, 66,  0,1
6574,2007-02-20 22:39:38,121.430600,31.355500, 26,  0,1
6574,2007-02-20 22:41:40,121.424100,31.355800, 78,135,1
6574,2007-02-20 22:43:42,121.410000,31.353100, 70,135,1
6574,2007-02-20 22:44:43,121.398300,31.349600, 74,135,1
6574,2007-02-20 22:45:44,121.393800,31.348600, 22, 90,1
6574,2007-02-20 22:46:45,121.393600,31.344500, 12,135,1
6574,2007-02-20 22:47:46,121.387000,31.341800, 42,112,1
6574,2007-02-20 22:48:47,121.384800,31.340500,  6, 90,1
6574,2007-02-20 22:49:48,121.388300,31.342300, 52, 22,1
6574,2007-02-20 22:50:49,121.395100,31.345100, 22,  0,1
6574,2007-02-20 22:51:50,121.396800,31.348600, 64, 45,1
6574,2007-02-20 22:52:51,121.407600,31.351800, 66, 45,1
6574,2007-02-20 22:53:51,121.416600,31.353500, 28, 67,1
6574,2007-02-20 22:54:53,121.418000,31.348600, 54, 90,1
6574,2007-02-20 22:55:54,121.420800,31.345100, 14, 45,1
6574,2007-02-20 22:56:55,121.421300,31.343600, 28, 90,1
6574,2007-02-20 22:59:41,121.421100,31.344100, 14,  0,0
6574,2007-02-20 23:00:16,121.420800,31.345100, 12,  0,0
6574,2007-02-20 23:01:04,121.425500,31.346800, 46, 45,0
6574,2007-02-20 23:01:20,121.427300,31.347500, 44, 22,0
6574,2007-02-20 23:01:39,121.427500,31.347600, 32,112,0
6574,2007-02-20 23:02:11,121.424500,31.347500, 40,  0,0
6574,2007-02-20 23:02:26,121.424000,31.349100, 46,  0,0
6574,2007-02-20 23:02:59,121.424500,31.351300, 30, 45,0
6574,2007-02-20 23:03:15,121.426100,31.351600, 44, 45,0
6574,2007-02-20 23:03:49,121.426800,31.351800, 24,112,1
6574,2007-02-20 23:04:50,121.422100,31.354600, 34, 22,1
6574,2007-02-20 23:05:51,121.429300,31.356100, 36, 45,1
6574,2007-02-20 23:06:51,121.430000,31.358000, 16,  0,1
6574,2007-02-20 23:07:53,121.428500,31.363600,  0,  0,1
6574,2007-02-20 23:08:54,121.433100,31.365500, 62, 22,1
6574,2007-02-20 23:09:55,121.441800,31.368500, 22,  0,1
6574,2007-02-20 23:10:56,121.452800,31.373000, 88, 22,1
6574,2007-02-20 23:12:46,121.458800,31.375100, 42, 22,1
6574,2007-02-20 23:13:46,121.469000,31.379000, 16, 22,1
6574,2007-02-20 23:14:46,121.476500,31.381100, 74, 45,1
6574,2007-02-20 23:15:48,121.484600,31.384600, 54, 22,1
6574,2007-02-20 23:16:49,121.488300,31.382500, 20, 67,1
6574,2007-02-20 23:17:11,121.489300,31.380800,  4, 67,0
6574,2007-02-20 23:18:20,121.489800,31.380000, 38, 67,0
6574,2007-02-20 23:18:36,121.490600,31.378600, 36, 67,0
6574,2007-02-20 23:18:51,121.491300,31.377600, 32, 67,0
6574,2007-02-20 23:19:08,121.491100,31.376800, 40,112,0
6574,2007-02-20 23:19:24,121.489100,31.375800, 52,112,0
6574,2007-02-20 23:19:40,121.487600,31.375000, 32,112,0
6574,2007-02-20 23:19:56,121.488000,31.373500, 34,112,0
6574,2007-02-20 23:20:11,121.486600,31.372800, 36,112,0
6574,2007-02-20 23:20:28,121.485100,31.372100, 34,112,0
6574,2007-02-20 23:20:44,121.483800,31.371300, 40,112,0
6574,2007-02-20 23:21:00,121.483300,31.370300, 40, 67,0
6574,2007-02-20 23:21:16,121.484300,31.370000, 30, 22,0
6574,2007-02-20 23:21:31,121.485500,31.370500, 32, 22,0
6574,2007-02-20 23:21:48,121.486800,31.371100, 18, 22,0
6574,2007-02-20 23:22:06,121.486300,31.372100, 24,  0,0
6574,2007-02-20 23:22:26,121.486300,31.372600, 24,112,0
6574,2007-02-20 23:22:43,121.485100,31.372100, 30,112,0
6574,2007-02-20 23:22:59,121.484100,31.371600, 30,112,0
6574,2007-02-20 23:23:21,121.483500,31.371100, 16, 22,0
6574,2007-02-20 23:23:55,121.484600,31.371600, 12, 22,0
6574,2007-02-20 23:24:30,121.485600,31.372300, 18, 22,0
6574,2007-02-20 23:24:46,121.486600,31.372800, 32, 22,0
6574,2007-02-20 23:25:01,121.487800,31.373300, 18, 22,0
6574,2007-02-20 23:26:03,121.488000,31.373500,  0, 45,0
6574,2007-02-20 23:27:04,121.488000,31.373500,  0, 45,0
6574,2007-02-20 23:27:34,121.488600,31.372500, 44, 67,0
6574,2007-02-20 23:27:50,121.489600,31.370600, 66, 67,0
6574,2007-02-20 23:28:06,121.491000,31.368300, 68, 90,0
6574,2007-02-20 23:28:21,121.492000,31.366000, 66, 90,0
6574,2007-02-20 23:28:38,121.492800,31.363600, 50, 90,0
6574,2007-02-20 23:29:03,121.493100,31.362600,  4, 90,0
6574,2007-02-20 23:29:45,121.493300,31.362300, 24, 67,1
6574,2007-02-20 23:30:45,121.495800,31.356500, 22, 90,1
6574,2007-02-20 23:32:46,121.497600,31.350100, 52, 90,1
6574,2007-02-20 23:33:48,121.491300,31.339000, 94,112,1
6574,2007-02-20 23:35:50,121.480600,31.315100, 80, 90,1
6574,2007-02-20 23:36:51,121.482600,31.301000, 90, 90,1
6574,2007-02-20 23:37:51,121.486300,31.291500, 74, 90,1
6574,2007-02-20 23:38:53,121.486100,31.287800,  0, 90,1
6574,2007-02-20 23:39:54,121.486100,31.287600, 24, 90,1
6574,2007-02-20 23:40:55,121.486000,31.279300, 60, 90,1
6574,2007-02-20 23:41:56,121.493800,31.278100, 30, 45,1
6574,2007-02-20 23:42:56,121.496600,31.276800,  0, 67,1
6574,2007-02-20 23:43:51,121.497100,31.276300, 10, 67,0
6574,2007-02-20 23:44:36,121.497300,31.276100, 24, 67,0
6574,2007-02-20 23:45:09,121.499800,31.275100, 36, 22,0
6574,2007-02-20 23:45:25,121.500600,31.276100, 32, 22,0
6574,2007-02-20 23:45:55,121.501300,31.277000, 38, 22,0
6574,2007-02-20 23:46:11,121.502000,31.278300, 36, 22,0
6574,2007-02-20 23:46:26,121.502600,31.279500, 42, 22,0
6574,2007-02-20 23:46:43,121.503300,31.280800, 42, 22,0
6574,2007-02-20 23:46:59,121.504300,31.281100, 34, 67,0
6574,2007-02-20 23:47:15,121.505300,31.280300, 18, 67,0
6574,2007-02-20 23:47:40,121.505000,31.279600, 28,112,0
6574,2007-02-20 23:47:56,121.503800,31.278600, 30,112,0
6574,2007-02-20 23:48:11,121.503000,31.278800, 32,157,0
6574,2007-02-20 23:48:28,121.502100,31.278600, 30,112,0
6574,2007-02-20 23:48:44,121.501500,31.277300, 42,112,0
6574,2007-02-20 23:49:16,121.502600,31.275600, 42, 67,0
6574,2007-02-20 23:49:31,121.503600,31.274600, 26, 67,0
6574,2007-02-20 23:50:19,121.504500,31.273800, 36, 67,0
6574,2007-02-20 23:50:35,121.505500,31.272600, 40, 67,0
6574,2007-02-20 23:50:51,121.506500,31.271500, 44, 90,0
6574,2007-02-20 23:51:06,121.506500,31.270500, 16,112,0
6574,2007-02-20 23:51:23,121.505100,31.270500, 26,135,0
6574,2007-02-20 23:51:55,121.502500,31.270500, 24,135,0
6574,2007-02-20 23:52:56,121.502000,31.270600, 18,135,0
6574,2007-02-20 23:53:11,121.500800,31.270500, 32,135,0
6574,2007-02-20 23:53:29,121.499600,31.270500, 26,135,0
6574,2007-02-20 23:53:45,121.498300,31.270800, 28,135,0
6574,2007-02-20 23:54:03,121.497100,31.271000, 24,135,0
6574,2007-02-20 23:54:19,121.496000,31.271300, 22,135,0
6574,2007-02-20 23:54:44,121.494800,31.271600, 34,135,0
6574,2007-02-20 23:55:00,121.493100,31.272000, 42,135,0
6574,2007-02-20 23:55:16,121.491600,31.272100, 36,112,0
6574,2007-02-20 23:55:31,121.490000,31.270800, 46,112,0
6574,2007-02-20 23:55:48,121.489000,31.271300, 46,157,0
6574,2007-02-20 23:56:04,121.488100,31.272800, 40,157,0
6574,2007-02-20 23:56:20,121.487100,31.273100, 30,135,0
6574,2007-02-20 23:56:36,121.485300,31.272800, 48,135,0
6574,2007-02-20 23:56:51,121.483600,31.273300, 38,135,0
6574,2007-02-20 23:57:36,121.482300,31.273500, 16,135,0
6574,2007-02-20 23:58:36,121.482100,31.273500,  0,135,0
6574,2007-02-20 23:59:38,121.482100,31.273500,  0,135,0
