83997,2007-02-20 00:00:24,121.333000,31.263000, 10, 22,0
83997,2007-02-20 00:00:40,121.334100,31.263000, 36, 67,0
83997,2007-02-20 00:00:56,121.334100,31.260800, 70, 90,0
83997,2007-02-20 00:01:12,121.334500,31.258100, 72, 67,0
83997,2007-02-20 00:01:44,121.331600,31.256500, 58,135,0
83997,2007-02-20 00:02:00,121.331100,31.257300, 16,  0,0
83997,2007-02-20 00:03:01,121.331100,31.257500,  0, 22,0
83997,2007-02-20 00:04:02,121.331100,31.257500,  0, 22,0
83997,2007-02-20 00:05:03,121.331100,31.257500,  0, 22,0
83997,2007-02-20 00:06:04,121.331100,31.257500,  0, 22,0
83997,2007-02-20 00:08:06,121.331100,31.257500,  0, 22,0
83997,2007-02-20 00:09:07,121.330600,31.257600,  8,135,0
83997,2007-02-20 00:10:08,121.331100,31.257300,  0,135,0
83997,2007-02-20 00:11:09,121.331100,31.257300,  0,135,0
83997,2007-02-20 00:12:10,121.331100,31.257300,  0,135,0
83997,2007-02-20 00:13:11,121.331100,31.257300,  0,135,0
83997,2007-02-20 00:14:12,121.331100,31.257300,  0,135,0
83997,2007-02-20 00:15:13,121.331100,31.257300,  0,135,0
83997,2007-02-20 00:16:14,121.331100,31.257300,  0,135,0
83997,2007-02-20 00:17:15,121.331100,31.257300,  0,135,0
83997,2007-02-20 00:18:16,121.331100,31.257300,  0,135,0
83997,2007-02-20 00:20:18,121.331100,31.257300,  0,135,0
83997,2007-02-20 00:21:19,121.331100,31.257300,  0,135,0
83997,2007-02-20 00:22:20,121.331100,31.257300,  0,135,0
83997,2007-02-20 00:23:21,121.331100,31.257300,  0,135,0
83997,2007-02-20 00:24:22,121.331100,31.257300,  0,135,0
83997,2007-02-20 00:25:23,121.331100,31.257300,  0,135,0
83997,2007-02-20 00:26:24,121.331100,31.257300,  0,135,0
83997,2007-02-20 00:27:25,121.331100,31.257300,  0,135,0
83997,2007-02-20 00:28:26,121.331100,31.257300,  0,135,0
83997,2007-02-20 00:29:27,121.331100,31.257300,  0,135,0
83997,2007-02-20 00:30:28,121.331100,31.257300,  0,135,0
83997,2007-02-20 00:31:29,121.331100,31.257300,  0,135,0
83997,2007-02-20 00:32:30,121.331100,31.257300,  0,135,0
83997,2007-02-20 00:33:31,121.331100,31.257300,  0,135,0
83997,2007-02-20 00:35:33,121.331100,31.257300,  0,135,0
83997,2007-02-20 00:37:35,121.331100,31.257300,  0,135,0
83997,2007-02-20 00:38:36,121.331100,31.257300,  0,135,0
83997,2007-02-20 00:39:37,121.331100,31.257300,  0,135,0
83997,2007-02-20 00:40:38,121.331100,31.257300,  0,135,0
83997,2007-02-20 00:41:39,121.331100,31.257300,  0,135,0
83997,2007-02-20 00:42:40,121.331100,31.257300,  0,135,0
83997,2007-02-20 00:43:41,121.331100,31.257300,  0,135,0
83997,2007-02-20 00:44:42,121.331100,31.257300,  0,135,0
83997,2007-02-20 00:45:43,121.331100,31.257300,  0,135,0
83997,2007-02-20 00:46:44,121.331100,31.257300,  0,135,0
83997,2007-02-20 00:47:45,121.331100,31.257300,  0,135,0
83997,2007-02-20 00:48:46,121.331100,31.257300,  0,135,0
83997,2007-02-20 00:49:47,121.331100,31.257300,  0,135,0
83997,2007-02-20 00:50:48,121.331100,31.257300,  0,135,0
83997,2007-02-20 00:51:49,121.331100,31.257300,  0,135,0
83997,2007-02-20 00:52:50,121.331100,31.257300,  0,135,0
83997,2007-02-20 00:53:51,121.331100,31.257300,  0,135,0
83997,2007-02-20 00:54:52,121.331100,31.257300,  0,135,0
83997,2007-02-20 00:55:53,121.331100,31.257300,  0,135,0
83997,2007-02-20 00:56:54,121.331100,31.257300,  0,135,0
83997,2007-02-20 00:57:55,121.331100,31.257300,  0,135,0
83997,2007-02-20 00:58:56,121.331100,31.257300,  0,135,0
83997,2007-02-20 00:59:57,121.331100,31.257300,  0,135,0
83997,2007-02-20 01:00:58,121.331100,31.257300,  0,135,0
83997,2007-02-20 01:01:59,121.331100,31.257300,  0,135,0
83997,2007-02-20 01:04:01,121.331100,31.257300,  0,135,0
83997,2007-02-20 01:07:04,121.331100,31.257300,  0,135,0
83997,2007-02-20 01:08:05,121.331100,31.257300,  0,135,0
83997,2007-02-20 01:09:06,121.331100,31.257300,  0,135,0
83997,2007-02-20 01:10:07,121.331100,31.257300,  0,135,0
83997,2007-02-20 01:11:08,121.331100,31.257300,  0,135,0
83997,2007-02-20 01:12:09,121.331100,31.257300,  0,135,0
83997,2007-02-20 01:13:10,121.331100,31.257300,  0,135,0
83997,2007-02-20 01:14:11,121.331100,31.257300,  0,135,0
83997,2007-02-20 01:15:12,121.331100,31.257300,  0,135,0
83997,2007-02-20 01:16:13,121.331100,31.257300,  0,135,0
83997,2007-02-20 01:17:14,121.331100,31.257300,  0,135,0
83997,2007-02-20 01:18:15,121.331100,31.257300,  0,135,0
83997,2007-02-20 01:19:16,121.331100,31.257300,  0,135,0
83997,2007-02-20 01:20:17,121.331100,31.257300,  0,135,0
83997,2007-02-20 01:21:18,121.331100,31.257300,  0,135,0
83997,2007-02-20 01:22:19,121.331100,31.257300,  0,135,0
83997,2007-02-20 01:23:19,121.331100,31.257300,  0,135,0
83997,2007-02-20 01:24:21,121.331100,31.257300,  0,135,0
83997,2007-02-20 01:25:22,121.331100,31.257300,  0,135,0
83997,2007-02-20 01:26:23,121.331100,31.257300,  0,135,0
83997,2007-02-20 01:27:24,121.331100,31.257300,  0,135,0
83997,2007-02-20 01:28:24,121.331100,31.257300,  0,135,0
83997,2007-02-20 01:29:26,121.331100,31.257300,  0,135,0
83997,2007-02-20 01:30:27,121.331100,31.257300,  0,135,0
83997,2007-02-20 01:31:28,121.331100,31.257300,  0,135,0
83997,2007-02-20 01:32:29,121.331100,31.257300,  0,135,0
83997,2007-02-20 01:33:29,121.331100,31.257300,  0,135,0
83997,2007-02-20 01:34:31,121.331100,31.257300,  0,135,0
83997,2007-02-20 01:35:32,121.331100,31.257300,  0,135,0
83997,2007-02-20 01:36:33,121.331100,31.257300,  0,135,0
83997,2007-02-20 01:37:34,121.331100,31.257300,  0,135,0
83997,2007-02-20 01:38:34,121.331100,31.257300,  0,135,0
83997,2007-02-20 01:39:36,121.331100,31.257300,  0,135,0
83997,2007-02-20 01:40:37,121.331100,31.257300,  0,135,0
83997,2007-02-20 01:41:38,121.331100,31.257300,  0,135,0
83997,2007-02-20 01:43:39,121.331100,31.257300,  0,135,0
83997,2007-02-20 01:44:41,121.331100,31.257300,  0,135,0
83997,2007-02-20 01:45:42,121.331100,31.257300,  0,135,0
83997,2007-02-20 01:46:43,121.331100,31.257300,  0,135,0
83997,2007-02-20 01:47:44,121.331100,31.257300,  0,135,0
83997,2007-02-20 01:49:46,121.331100,31.257300,  0,135,0
83997,2007-02-20 01:50:47,121.331100,31.257300,  0,135,0
83997,2007-02-20 01:51:48,121.331100,31.257300,  0,135,0
83997,2007-02-20 01:52:49,121.331100,31.257300,  0,135,0
83997,2007-02-20 01:53:49,121.331100,31.257300,  0,135,0
83997,2007-02-20 01:55:52,121.331100,31.257300,  0,135,0
83997,2007-02-20 01:56:53,121.331100,31.257300,  0,135,0
83997,2007-02-20 01:57:54,121.331100,31.257300,  0,135,0
83997,2007-02-20 01:58:54,121.331100,31.257300,  0,135,0
83997,2007-02-20 01:59:56,121.331100,31.257300,  0,135,0
83997,2007-02-20 02:00:57,121.331100,31.257300,  0,135,0
83997,2007-02-20 02:01:58,121.331100,31.257300,  0,135,0
83997,2007-02-20 02:02:59,121.331100,31.257300,  0,135,0
83997,2007-02-20 02:03:59,121.331100,31.257300,  0,135,0
83997,2007-02-20 02:05:01,121.331100,31.257300,  0,135,0
83997,2007-02-20 02:06:02,121.331100,31.257300,  0,135,0
83997,2007-02-20 02:07:03,121.331100,31.257300,  0,135,0
83997,2007-02-20 02:08:04,121.331100,31.257300,  0,135,0
83997,2007-02-20 02:09:04,121.331100,31.257300,  0,135,0
83997,2007-02-20 02:11:07,121.331100,31.257300,  0,135,0
83997,2007-02-20 02:12:08,121.331100,31.257300,  0,135,0
83997,2007-02-20 02:13:09,121.331100,31.257300,  0,135,0
83997,2007-02-20 02:14:09,121.331100,31.257300,  0,135,0
83997,2007-02-20 02:15:11,121.331100,31.257300,  0,135,0
83997,2007-02-20 02:16:12,121.331100,31.257300,  0,135,0
83997,2007-02-20 02:17:13,121.331100,31.257300,  0,135,0
83997,2007-02-20 02:18:14,121.331100,31.257300,  0,135,0
83997,2007-02-20 02:19:14,121.331100,31.257300,  0,135,0
83997,2007-02-20 02:20:16,121.331100,31.257300,  0,135,0
83997,2007-02-20 02:21:17,121.331100,31.257300,  0,135,0
83997,2007-02-20 02:22:18,121.331100,31.257300,  0,135,0
83997,2007-02-20 02:23:19,121.331100,31.257300,  0,135,0
83997,2007-02-20 02:24:19,121.331100,31.257300,  0,135,0
83997,2007-02-20 02:25:21,121.331100,31.257300,  0,135,0
83997,2007-02-20 02:26:22,121.331100,31.257300,  0,135,0
83997,2007-02-20 02:28:24,121.331100,31.257300,  0,135,0
83997,2007-02-20 02:29:24,121.331100,31.257300,  0,135,0
83997,2007-02-20 02:30:26,121.331100,31.257300,  0,135,0
83997,2007-02-20 02:31:27,121.331100,31.257300,  0,135,0
83997,2007-02-20 02:32:28,121.331100,31.257300,  0,135,0
83997,2007-02-20 02:33:29,121.331100,31.257300,  0,135,0
83997,2007-02-20 02:34:29,121.331100,31.257300,  0,135,0
83997,2007-02-20 02:35:31,121.331100,31.257300,  0,135,0
83997,2007-02-20 02:36:32,121.331100,31.257300,  0,135,0
83997,2007-02-20 02:37:33,121.331100,31.257300,  0,135,0
83997,2007-02-20 02:38:34,121.331100,31.257300,  0,135,0
83997,2007-02-20 02:39:34,121.331100,31.257300,  0,135,0
83997,2007-02-20 02:40:36,121.331100,31.257300,  0,135,0
83997,2007-02-20 02:41:37,121.331100,31.257300,  0,135,0
83997,2007-02-20 02:42:38,121.331100,31.257300,  0,135,0
83997,2007-02-20 02:43:39,121.331100,31.257300,  0,135,0
83997,2007-02-20 02:45:41,121.331100,31.257300,  0,135,0
83997,2007-02-20 02:46:42,121.331100,31.257300,  0,135,0
83997,2007-02-20 02:47:43,121.331100,31.257300,  0,135,0
83997,2007-02-20 02:48:44,121.331000,31.257100,  0,135,0
83997,2007-02-20 02:49:44,121.331000,31.257100,  0,135,0
83997,2007-02-20 02:51:47,121.331100,31.257100,  0,135,0
83997,2007-02-20 02:52:48,121.331100,31.257300,  0,135,0
83997,2007-02-20 02:53:49,121.331100,31.257300,  0,135,0
83997,2007-02-20 02:54:49,121.331100,31.257300,  0,135,0
83997,2007-02-20 02:56:52,121.331000,31.257100,  0,135,0
83997,2007-02-20 02:57:53,121.331000,31.257100,  0,135,0
83997,2007-02-20 02:58:54,121.331000,31.257100,  0,135,0
83997,2007-02-20 02:59:54,121.331000,31.257100,  0,135,0
83997,2007-02-20 03:00:56,121.331000,31.257100,  0,135,0
83997,2007-02-20 03:01:57,121.331000,31.257100,  0,135,0
83997,2007-02-20 03:02:58,121.331000,31.257100,  0,135,0
83997,2007-02-20 03:03:59,121.331000,31.257100,  0,135,0
83997,2007-02-20 03:04:59,121.331000,31.257100,  0,135,0
83997,2007-02-20 03:06:01,121.331000,31.257100,  0,135,0
83997,2007-02-20 03:07:02,121.331000,31.257100,  0,135,0
83997,2007-02-20 03:08:03,121.331000,31.257100,  0,135,0
83997,2007-02-20 03:09:04,121.331000,31.257100,  0,135,0
83997,2007-02-20 03:10:04,121.331000,31.257100,  0,135,0
83997,2007-02-20 03:11:06,121.331000,31.257100,  0,135,0
83997,2007-02-20 03:12:07,121.331000,31.257100,  0,135,0
83997,2007-02-20 03:13:08,121.331000,31.257100,  0,135,0
83997,2007-02-20 03:14:09,121.331000,31.257100,  0,135,0
83997,2007-02-20 03:15:09,121.331000,31.257100,  0,135,0
83997,2007-02-20 03:16:11,121.331000,31.257100,  0,135,0
83997,2007-02-20 03:17:12,121.331000,31.257100,  0,135,0
83997,2007-02-20 03:18:13,121.331000,31.257100,  0,135,0
83997,2007-02-20 03:19:14,121.331000,31.257100,  0,135,0
83997,2007-02-20 03:20:14,121.331000,31.257100,  0,135,0
83997,2007-02-20 03:23:18,121.331000,31.257100,  0,135,0
83997,2007-02-20 03:24:19,121.331000,31.257100,  0,135,0
83997,2007-02-20 03:25:19,121.331000,31.257100,  0,135,0
83997,2007-02-20 03:26:21,121.331000,31.257100,  0,135,0
83997,2007-02-20 03:27:22,121.331000,31.257100,  0,135,0
83997,2007-02-20 03:28:23,121.331000,31.257100,  0,135,0
83997,2007-02-20 03:29:24,121.331000,31.257100,  0,135,0
83997,2007-02-20 03:30:24,121.331000,31.257100,  0,135,0
83997,2007-02-20 03:31:26,121.331000,31.257100,  0,135,0
83997,2007-02-20 03:32:27,121.331000,31.257100,  0,135,0
83997,2007-02-20 03:33:28,121.331000,31.257100,  0,135,0
83997,2007-02-20 03:34:29,121.331000,31.257100,  0,135,0
83997,2007-02-20 03:35:29,121.331000,31.257100,  0,135,0
83997,2007-02-20 03:36:31,121.331000,31.257100,  0,135,0
83997,2007-02-20 03:38:33,121.331000,31.257100,  0,135,0
83997,2007-02-20 03:39:34,121.331000,31.257100,  0,135,0
83997,2007-02-20 03:40:34,121.331000,31.257100,  0,135,0
83997,2007-02-20 03:41:36,121.331000,31.257100,  0,135,0
83997,2007-02-20 03:42:37,121.331000,31.257100,  0,135,0
83997,2007-02-20 03:43:38,121.331000,31.257100,  0,135,0
83997,2007-02-20 03:44:39,121.331000,31.257100,  0,135,0
83997,2007-02-20 03:46:41,121.331000,31.257100,  0,135,0
83997,2007-02-20 03:47:42,121.331000,31.257100,  0,135,0
83997,2007-02-20 03:48:43,121.331000,31.257100,  0,135,0
83997,2007-02-20 03:49:44,121.331000,31.257100,  0,135,0
83997,2007-02-20 03:50:44,121.331000,31.257100,  0,135,0
83997,2007-02-20 03:51:46,121.331000,31.257100,  0,135,0
83997,2007-02-20 03:52:47,121.331000,31.257100,  0,135,0
83997,2007-02-20 03:53:48,121.331000,31.257100,  0,135,0
83997,2007-02-20 03:55:49,121.331000,31.257100,  0,135,0
83997,2007-02-20 03:57:52,121.331000,31.257100,  0,135,0
83997,2007-02-20 03:58:53,121.331000,31.257100,  0,135,0
83997,2007-02-20 03:59:54,121.331000,31.257100,  0,135,0
83997,2007-02-20 04:00:54,121.331000,31.257100,  0,135,0
83997,2007-02-20 04:02:06,121.331000,31.257100,  0,135,0
83997,2007-02-20 04:03:07,121.331000,31.257100,  0,135,0
83997,2007-02-20 04:04:08,121.331000,31.257100,  0,135,0
83997,2007-02-20 04:05:09,121.331000,31.257100,  0,135,0
83997,2007-02-20 04:06:09,121.331000,31.257100,  0,135,0
83997,2007-02-20 04:07:11,121.331000,31.257100,  0,135,0
83997,2007-02-20 04:08:12,121.331000,31.257100,  0,135,0
83997,2007-02-20 04:09:13,121.331000,31.257100,  0,135,0
83997,2007-02-20 04:10:14,121.331000,31.257100,  0,135,0
83997,2007-02-20 04:11:14,121.331000,31.257100,  0,135,0
83997,2007-02-20 04:12:16,121.331000,31.257100,  0,135,0
83997,2007-02-20 04:13:16,121.331000,31.257100,  0,135,0
83997,2007-02-20 04:14:17,121.331000,31.257100,  0,135,0
83997,2007-02-20 04:15:18,121.331000,31.257100,  0,135,0
83997,2007-02-20 04:17:20,121.331000,31.257100,  0,135,0
83997,2007-02-20 04:18:21,121.331000,31.257100,  0,135,0
83997,2007-02-20 04:19:22,121.331000,31.257100,  0,135,0
83997,2007-02-20 04:20:23,121.331000,31.257100,  0,135,0
83997,2007-02-20 04:21:23,121.331000,31.257100,  0,135,0
83997,2007-02-20 04:23:26,121.331000,31.257100,  0,135,0
83997,2007-02-20 04:24:27,121.331000,31.257100,  0,135,0
83997,2007-02-20 04:25:28,121.331000,31.257100,  0,135,0
83997,2007-02-20 04:26:28,121.331000,31.257100,  0,135,0
83997,2007-02-20 04:27:30,121.331000,31.257100,  0,135,0
83997,2007-02-20 04:28:31,121.331000,31.257100,  0,135,0
83997,2007-02-20 04:29:32,121.331000,31.257100,  0,135,0
83997,2007-02-20 04:30:33,121.331000,31.257100,  0,135,0
83997,2007-02-20 04:31:33,121.331000,31.257100,  0,135,0
83997,2007-02-20 04:32:35,121.331000,31.257100,  0,135,0
83997,2007-02-20 04:34:37,121.331000,31.257100,  0,135,0
83997,2007-02-20 04:35:38,121.331000,31.257100,  0,135,0
83997,2007-02-20 04:36:38,121.331000,31.257100,  0,135,0
83997,2007-02-20 04:37:40,121.331000,31.257100,  0,135,0
83997,2007-02-20 04:38:41,121.331000,31.257100,  0,135,0
83997,2007-02-20 04:39:42,121.331000,31.257100,  0,135,0
83997,2007-02-20 04:40:43,121.331000,31.257100,  0,135,0
83997,2007-02-20 04:41:43,121.331000,31.257100,  0,135,0
83997,2007-02-20 04:42:45,121.331000,31.257100,  0,135,0
83997,2007-02-20 04:43:46,121.331000,31.257100,  0,135,0
83997,2007-02-20 04:44:47,121.331000,31.257100,  0,135,0
83997,2007-02-20 04:46:48,121.331000,31.257100,  0,135,0
83997,2007-02-20 04:47:50,121.331000,31.257100,  0,135,0
83997,2007-02-20 04:48:51,121.331000,31.257100,  0,135,0
83997,2007-02-20 04:49:20,121.331000,31.257100,  0,135,0
83997,2007-02-20 04:50:20,121.331000,31.257100,  0,135,0
83997,2007-02-20 04:51:21,121.331000,31.257100,  0,135,0
83997,2007-02-20 04:52:22,121.331000,31.257100,  0,135,0
83997,2007-02-20 04:54:24,121.331000,31.257100,  0,135,0
83997,2007-02-20 04:56:26,121.331000,31.257100,  0,135,0
83997,2007-02-20 04:57:27,121.331000,31.257100,  0,135,0
83997,2007-02-20 04:58:28,121.331000,31.257100,  0,135,0
83997,2007-02-20 04:59:29,121.331000,31.257100,  0,135,0
83997,2007-02-20 05:00:30,121.331000,31.257100,  0,135,0
83997,2007-02-20 05:01:31,121.331000,31.257100,  0,135,0
83997,2007-02-20 05:03:33,121.331000,31.257100,  0,135,0
83997,2007-02-20 05:04:34,121.331000,31.257100,  0,135,0
83997,2007-02-20 05:05:35,121.331000,31.257100,  0,135,0
83997,2007-02-20 05:06:36,121.331000,31.257100,  0,135,0
83997,2007-02-20 05:07:37,121.331000,31.257100,  0,135,0
83997,2007-02-20 05:08:38,121.331000,31.257100,  0,135,0
83997,2007-02-20 05:10:40,121.331000,31.257100,  0,135,0
83997,2007-02-20 05:11:41,121.331000,31.257100,  0,135,0
83997,2007-02-20 05:12:42,121.331000,31.257100,  0,135,0
83997,2007-02-20 05:13:43,121.331000,31.257100,  0,135,0
83997,2007-02-20 05:14:44,121.331000,31.257100,  0,135,0
83997,2007-02-20 05:16:46,121.331000,31.257100,  0,135,0
83997,2007-02-20 05:17:47,121.331000,31.257100,  0,135,0
83997,2007-02-20 05:19:49,121.331000,31.257100,  0,135,0
83997,2007-02-20 05:20:50,121.331000,31.257100,  0,135,0
83997,2007-02-20 05:21:51,121.331000,31.257100,  0,135,0
83997,2007-02-20 05:22:52,121.331000,31.257100,  0,135,0
83997,2007-02-20 05:23:53,121.331000,31.257100,  0,135,0
83997,2007-02-20 05:25:03,121.331000,31.257100,  0,135,0
83997,2007-02-20 05:27:04,121.331000,31.257100,  0,135,0
83997,2007-02-20 05:28:05,121.331000,31.257100,  0,135,0
83997,2007-02-20 05:29:06,121.331000,31.257100,  0,135,0
83997,2007-02-20 05:30:07,121.331000,31.257100,  0,135,0
83997,2007-02-20 05:31:08,121.331000,31.257100,  0,135,0
83997,2007-02-20 05:32:09,121.331000,31.257100,  0,135,0
83997,2007-02-20 05:33:10,121.331000,31.257100,  0,135,0
83997,2007-02-20 05:34:11,121.331000,31.257100,  0,135,0
83997,2007-02-20 05:35:12,121.331000,31.257100,  0,135,0
83997,2007-02-20 05:36:13,121.331000,31.257100,  0,135,0
83997,2007-02-20 05:37:14,121.331000,31.257100,  0,135,0
83997,2007-02-20 05:38:15,121.331000,31.257100,  0,135,0
83997,2007-02-20 05:39:16,121.331000,31.257100,  0,135,0
83997,2007-02-20 05:40:17,121.331000,31.257100,  0,135,0
83997,2007-02-20 05:41:18,121.331000,31.257100,  0,135,0
83997,2007-02-20 05:42:19,121.331000,31.257100,  0,135,0
83997,2007-02-20 05:43:43,121.331000,31.257100,  0,135,0
83997,2007-02-20 05:44:44,121.331000,31.257100,  0,135,0
83997,2007-02-20 05:45:45,121.330800,31.257500,  2,157,0
83997,2007-02-20 05:46:46,121.331100,31.257100,  0, 67,0
83997,2007-02-20 05:47:47,121.331300,31.256800, 16, 67,0
83997,2007-02-20 05:48:48,121.331100,31.257100,  0, 67,0
83997,2007-02-20 05:49:49,121.331100,31.257100,  0, 67,0
83997,2007-02-20 05:50:50,121.331100,31.257100,  0, 67,0
83997,2007-02-20 05:51:51,121.331100,31.257100,  0, 67,0
83997,2007-02-20 05:52:52,121.331100,31.257100,  0, 67,0
83997,2007-02-20 05:53:53,121.331100,31.257100,  0, 67,0
83997,2007-02-20 05:54:54,121.331100,31.257100,  0, 67,0
83997,2007-02-20 05:55:55,121.331100,31.257100,  0, 67,0
83997,2007-02-20 05:56:56,121.331100,31.257100,  0, 67,0
83997,2007-02-20 05:57:57,121.331100,31.257100,  0, 67,0
83997,2007-02-20 05:58:58,121.331100,31.257100,  0, 67,0
83997,2007-02-20 05:59:59,121.331100,31.257300,  0, 67,0
83997,2007-02-20 06:01:00,121.331100,31.257300,  0, 67,0
83997,2007-02-20 06:02:01,121.331100,31.257300,  0, 67,0
83997,2007-02-20 06:03:02,121.331100,31.257100,  0, 67,0
83997,2007-02-20 06:04:03,121.331100,31.257100,  0, 67,0
83997,2007-02-20 06:05:04,121.331100,31.257100,  0, 67,0
83997,2007-02-20 06:06:05,121.331100,31.257100,  0, 67,0
83997,2007-02-20 06:07:06,121.331100,31.257100,  0, 67,0
83997,2007-02-20 06:08:07,121.331100,31.257100,  0, 67,0
83997,2007-02-20 06:09:08,121.331100,31.257100,  0, 67,0
83997,2007-02-20 06:10:09,121.331100,31.257100,  0, 67,0
83997,2007-02-20 06:11:10,121.331100,31.257100,  0, 67,0
83997,2007-02-20 06:12:11,121.331100,31.257100,  0, 67,0
83997,2007-02-20 06:13:12,121.331100,31.257100,  0, 67,0
83997,2007-02-20 06:14:13,121.331100,31.257100,  0, 67,0
83997,2007-02-20 06:16:15,121.331100,31.257100,  0, 67,0
83997,2007-02-20 06:17:16,121.331100,31.257100,  0, 67,0
83997,2007-02-20 06:19:18,121.331100,31.257100,  0, 67,0
83997,2007-02-20 06:20:19,121.331100,31.257100,  0, 67,0
83997,2007-02-20 06:21:20,121.331100,31.257100,  0, 67,0
83997,2007-02-20 06:22:21,121.331100,31.257100,  0, 67,0
83997,2007-02-20 06:23:22,121.331100,31.257100,  0, 67,0
83997,2007-02-20 06:24:23,121.331100,31.257100,  0, 67,0
83997,2007-02-20 06:25:24,121.331100,31.257100,  0, 67,0
83997,2007-02-20 06:26:25,121.331100,31.257100,  0, 67,0
83997,2007-02-20 06:27:26,121.331100,31.257100,  0, 67,0
83997,2007-02-20 06:28:27,121.331100,31.257100,  0, 67,0
83997,2007-02-20 06:29:28,121.331100,31.257100,  0, 67,0
83997,2007-02-20 06:30:29,121.331100,31.257100,  0, 67,0
83997,2007-02-20 06:31:30,121.331100,31.257100,  0, 67,0
83997,2007-02-20 06:32:31,121.331100,31.257100,  0, 67,0
83997,2007-02-20 06:33:32,121.331100,31.257100,  0, 67,0
83997,2007-02-20 06:34:33,121.331100,31.257100,  0, 67,0
83997,2007-02-20 06:36:35,121.331100,31.257100,  0, 67,0
83997,2007-02-20 06:37:36,121.331100,31.257100,  0, 67,0
83997,2007-02-20 06:38:37,121.331100,31.257100,  0, 67,0
83997,2007-02-20 06:39:38,121.331100,31.257100,  0, 67,0
83997,2007-02-20 06:40:39,121.331100,31.257100,  0, 67,0
83997,2007-02-20 06:41:40,121.331100,31.257100,  0, 67,0
83997,2007-02-20 06:42:41,121.331100,31.257100,  0, 67,0
83997,2007-02-20 06:43:42,121.331100,31.257100,  0, 67,0
83997,2007-02-20 06:44:43,121.331100,31.257100,  0, 67,0
83997,2007-02-20 06:45:44,121.331100,31.257300,  0, 67,0
83997,2007-02-20 06:46:45,121.331100,31.257300,  0, 67,0
83997,2007-02-20 06:47:46,121.331100,31.257300,  0, 67,0
83997,2007-02-20 06:48:47,121.331100,31.257300,  0, 67,0
83997,2007-02-20 06:49:48,121.331100,31.257300,  0, 67,0
83997,2007-02-20 06:50:49,121.331100,31.257300,  0, 67,0
83997,2007-02-20 06:51:50,121.331100,31.257300,  0, 67,0
83997,2007-02-20 06:53:52,121.331100,31.257300,  0, 67,0
83997,2007-02-20 06:54:53,121.331100,31.257300,  0, 67,0
83997,2007-02-20 06:55:54,121.331100,31.257300,  0, 67,0
83997,2007-02-20 06:56:55,121.331100,31.257300,  0, 67,0
83997,2007-02-20 06:57:56,121.331100,31.257300,  0, 67,0
83997,2007-02-20 06:58:57,121.331100,31.257300,  0, 67,0
83997,2007-02-20 06:59:58,121.331100,31.257300,  0, 67,0
83997,2007-02-20 07:00:59,121.331100,31.257300,  0, 67,0
83997,2007-02-20 07:03:01,121.331100,31.257300,  0, 67,0
83997,2007-02-20 07:04:02,121.331100,31.257300,  0, 67,0
83997,2007-02-20 07:05:03,121.331100,31.257300,  0, 67,0
83997,2007-02-20 07:06:04,121.331100,31.257300,  0, 67,0
83997,2007-02-20 07:07:05,121.331100,31.257300,  0, 67,0
83997,2007-02-20 07:08:06,121.331100,31.257300,  0, 67,0
83997,2007-02-20 07:09:07,121.331100,31.257300,  0, 67,0
83997,2007-02-20 07:10:08,121.331100,31.257300,  0, 67,0
83997,2007-02-20 07:11:09,121.331100,31.257300,  0, 67,0
83997,2007-02-20 07:12:10,121.331100,31.257300,  0, 67,0
83997,2007-02-20 07:13:11,121.331100,31.257300,  0, 67,0
83997,2007-02-20 07:14:12,121.331100,31.257300,  0, 67,0
83997,2007-02-20 07:15:13,121.331100,31.257300,  0, 67,0
83997,2007-02-20 07:16:14,121.331100,31.257300,  0, 67,0
83997,2007-02-20 07:17:15,121.331100,31.257300,  0, 67,0
83997,2007-02-20 07:18:16,121.331100,31.257300,  0, 67,0
83997,2007-02-20 07:19:17,121.331100,31.257300,  0, 67,0
83997,2007-02-20 07:21:19,121.331100,31.257300,  0, 67,0
83997,2007-02-20 07:22:20,121.331100,31.257300,  0, 67,0
83997,2007-02-20 07:23:21,121.331100,31.257300,  0, 67,0
83997,2007-02-20 07:24:22,121.331100,31.257300,  0, 67,0
83997,2007-02-20 07:25:23,121.331100,31.257300,  0, 67,0
83997,2007-02-20 07:26:24,121.331100,31.257300,  0, 67,0
83997,2007-02-20 07:27:25,121.331100,31.257300,  0, 67,0
83997,2007-02-20 07:28:26,121.331100,31.257300,  0, 67,0
83997,2007-02-20 07:29:27,121.331100,31.257300,  0, 90,0
83997,2007-02-20 07:30:28,121.331100,31.257300,  0, 90,0
83997,2007-02-20 07:31:29,121.331100,31.257300,  0, 90,0
83997,2007-02-20 07:32:30,121.331100,31.257100,  0, 90,0
83997,2007-02-20 07:34:32,121.331100,31.257100,  0, 90,0
83997,2007-02-20 07:35:33,121.331100,31.257100,  0, 90,0
83997,2007-02-20 07:36:34,121.331100,31.257100,  0, 90,0
83997,2007-02-20 07:38:36,121.331100,31.257100,  0, 90,0
83997,2007-02-20 07:39:37,121.331100,31.257100,  0, 90,0
83997,2007-02-20 07:40:38,121.331100,31.257100,  0, 90,0
83997,2007-02-20 07:41:39,121.331100,31.257100,  0, 90,0
83997,2007-02-20 07:42:40,121.331100,31.257100,  0, 90,0
83997,2007-02-20 07:43:41,121.331100,31.257100,  0, 90,0
83997,2007-02-20 07:44:42,121.331100,31.257100,  0, 90,0
83997,2007-02-20 07:45:43,121.331100,31.257100,  0, 90,0
83997,2007-02-20 07:46:44,121.331100,31.257100,  0, 90,0
83997,2007-02-20 07:47:45,121.331100,31.257100,  0, 90,0
83997,2007-02-20 07:48:46,121.331100,31.257100,  0, 90,0
83997,2007-02-20 07:50:48,121.331100,31.257100,  0, 90,0
83997,2007-02-20 07:51:49,121.331100,31.257100,  0, 90,0
83997,2007-02-20 07:52:50,121.331100,31.257100,  0, 90,0
83997,2007-02-20 07:53:51,121.331100,31.257100,  0, 90,0
83997,2007-02-20 07:54:52,121.331100,31.257100,  0, 90,0
83997,2007-02-20 07:55:53,121.331100,31.257100,  0, 90,0
83997,2007-02-20 07:56:54,121.331100,31.257100,  0, 90,0
83997,2007-02-20 07:57:55,121.331100,31.257100,  0, 90,0
83997,2007-02-20 07:58:56,121.331100,31.257100,  0, 90,0
83997,2007-02-20 07:59:57,121.331100,31.257100,  0, 90,0
83997,2007-02-20 08:00:58,121.331100,31.257100,  0, 90,0
83997,2007-02-20 08:03:00,121.331100,31.257100,  0, 90,0
83997,2007-02-20 08:04:01,121.331100,31.257100,  0, 90,0
83997,2007-02-20 08:05:02,121.331100,31.257100,  0, 90,0
83997,2007-02-20 08:06:03,121.331100,31.257100,  0, 90,0
83997,2007-02-20 08:07:04,121.331100,31.257100,  0, 90,0
83997,2007-02-20 08:08:05,121.331100,31.257100,  0, 90,0
83997,2007-02-20 08:10:07,121.331000,31.257300,  0,157,0
83997,2007-02-20 08:11:08,121.331100,31.257300,  0,157,0
83997,2007-02-20 08:12:09,121.331100,31.257300,  0,157,0
83997,2007-02-20 08:13:10,121.331100,31.257300,  0,157,0
83997,2007-02-20 08:14:11,121.331100,31.257300,  0,157,0
83997,2007-02-20 08:15:12,121.331100,31.257300,  0,157,0
83997,2007-02-20 08:16:13,121.331100,31.257300,  0,157,0
83997,2007-02-20 08:17:13,121.331100,31.257300,  0,157,0
83997,2007-02-20 08:18:15,121.331100,31.257300,  0,157,0
83997,2007-02-20 08:19:16,121.331100,31.257300,  0,157,0
83997,2007-02-20 08:20:17,121.331100,31.257300,  0,157,0
83997,2007-02-20 08:21:18,121.331100,31.257300,  0,157,0
83997,2007-02-20 08:23:21,121.333500,31.256100, 40, 67,0
83997,2007-02-20 08:23:37,121.334300,31.254500, 32, 67,0
83997,2007-02-20 08:23:53,121.335500,31.255100, 40, 22,0
83997,2007-02-20 08:24:13,121.336300,31.255600, 34, 22,0
83997,2007-02-20 08:24:30,121.338000,31.256600, 42, 22,0
83997,2007-02-20 08:24:46,121.339300,31.257600, 36, 22,0
83997,2007-02-20 08:25:02,121.340500,31.258600, 50, 22,0
83997,2007-02-20 08:25:18,121.341600,31.260000, 46, 22,0
83997,2007-02-20 08:25:33,121.342500,31.260500, 28, 45,0
83997,2007-02-20 08:25:50,121.345000,31.259600, 66, 45,0
83997,2007-02-20 08:26:06,121.347500,31.258800, 60, 45,0
83997,2007-02-20 08:26:22,121.349600,31.258000, 24, 45,0
83997,2007-02-20 08:26:46,121.350000,31.257300, 36,112,0
83997,2007-02-20 08:27:02,121.349300,31.255800, 56, 90,0
83997,2007-02-20 08:27:18,121.348100,31.253100, 96, 90,0
83997,2007-02-20 08:27:33,121.346300,31.249600,104,112,0
83997,2007-02-20 08:27:50,121.344500,31.246000,108, 90,0
83997,2007-02-20 08:28:06,121.343300,31.241600,116, 90,0
83997,2007-02-20 08:28:22,121.342500,31.237300,120, 90,0
83997,2007-02-20 08:28:38,121.342800,31.233000,108, 90,0
83997,2007-02-20 08:28:53,121.343000,31.229100,112, 90,0
83997,2007-02-20 08:29:10,121.343600,31.224600,106, 90,0
83997,2007-02-20 08:29:26,121.345100,31.221000,104, 67,0
83997,2007-02-20 08:29:42,121.347000,31.217500,102, 67,0
83997,2007-02-20 08:29:58,121.348100,31.214100, 96, 90,0
83997,2007-02-20 08:30:13,121.349000,31.211000, 92, 90,0
83997,2007-02-20 08:30:30,121.350000,31.206800,120, 90,0
83997,2007-02-20 08:31:02,121.351600,31.198500, 96, 90,0
83997,2007-02-20 08:31:33,121.352500,31.191500,104, 90,0
83997,2007-02-20 08:31:50,121.353000,31.187800, 78, 90,0
83997,2007-02-20 08:32:06,121.353100,31.185300, 60, 90,0
83997,2007-02-20 08:32:22,121.353000,31.183300, 46, 67,0
83997,2007-02-20 08:32:38,121.354600,31.184100, 58, 22,0
83997,2007-02-20 08:32:53,121.356600,31.186000, 76, 22,0
83997,2007-02-20 08:33:10,121.360100,31.187300, 88, 45,0
83997,2007-02-20 08:33:26,121.364100,31.188600,102, 45,0
83997,2007-02-20 08:33:42,121.368100,31.189800, 98, 45,0
83997,2007-02-20 08:33:58,121.371500,31.191000, 78, 45,0
83997,2007-02-20 08:34:13,121.375000,31.192000, 96, 45,0
83997,2007-02-20 08:34:30,121.379100,31.193600, 96, 22,0
83997,2007-02-20 08:35:02,121.386500,31.197800,100, 22,0
83997,2007-02-20 08:35:18,121.390000,31.200000, 98, 22,0
83997,2007-02-20 08:35:33,121.393500,31.201500, 92, 45,0
83997,2007-02-20 08:35:50,121.397300,31.202500, 86, 45,0
83997,2007-02-20 08:36:06,121.401000,31.203500, 84, 22,0
83997,2007-02-20 08:36:22,121.403800,31.205300, 82, 22,0
83997,2007-02-20 08:36:38,121.406500,31.207300, 72, 22,0
83997,2007-02-20 08:36:53,121.409000,31.209000, 74, 22,0
83997,2007-02-20 08:37:10,121.412500,31.210000, 96, 45,0
83997,2007-02-20 08:37:58,121.424600,31.212100, 76, 45,0
83997,2007-02-20 08:38:13,121.426300,31.214300, 72, 22,0
83997,2007-02-20 08:38:30,121.428100,31.216300, 62, 22,0
83997,2007-02-20 08:38:46,121.429000,31.214300, 50, 67,0
83997,2007-02-20 08:39:02,121.429500,31.212500, 46,112,0
83997,2007-02-20 08:39:18,121.429500,31.212300, 26, 22,0
83997,2007-02-20 08:39:33,121.431100,31.212800, 52, 45,0
83997,2007-02-20 08:39:50,121.433100,31.213000, 38, 67,0
83997,2007-02-20 08:40:06,121.434100,31.212500, 10, 45,0
83997,2007-02-20 08:40:38,121.437100,31.212500, 40, 45,0
83997,2007-02-20 08:40:53,121.439000,31.212300, 34, 45,0
83997,2007-02-20 08:41:11,121.439300,31.213000, 26,  0,0
83997,2007-02-20 08:41:27,121.440000,31.214100, 40, 45,0
83997,2007-02-20 08:41:43,121.441300,31.214300, 14, 45,0
83997,2007-02-20 08:42:02,121.441800,31.213100, 24, 90,0
83997,2007-02-20 08:43:03,121.441800,31.212600,  4, 90,0
83997,2007-02-20 08:44:03,121.442000,31.213000,  0, 45,0
83997,2007-02-20 08:45:05,121.442000,31.213000,  0, 45,0
83997,2007-02-20 08:46:05,121.442000,31.213000,  0, 45,0
83997,2007-02-20 08:47:06,121.442000,31.212500,  0, 45,0
83997,2007-02-20 08:47:29,121.444500,31.210100, 38, 22,0
83997,2007-02-20 08:47:55,121.444600,31.210800, 14,157,0
83997,2007-02-20 08:48:26,121.444500,31.211000, 42, 90,0
83997,2007-02-20 08:48:42,121.444500,31.209100,  0, 90,0
83997,2007-02-20 08:49:42,121.444500,31.211600,  0, 90,0
83997,2007-02-20 08:50:02,121.444600,31.213600, 28,  0,0
83997,2007-02-20 08:50:22,121.444600,31.212800, 16,  0,0
83997,2007-02-20 08:51:24,121.444600,31.213300,  0,  0,0
83997,2007-02-20 08:52:25,121.444600,31.213300,  0,  0,0
83997,2007-02-20 08:53:26,121.444600,31.213500,  0,  0,0
83997,2007-02-20 08:54:27,121.444500,31.213600,  0,  0,0
83997,2007-02-20 08:55:27,121.444500,31.213800,  0,  0,0
83997,2007-02-20 08:56:29,121.444500,31.213800,  0,  0,0
83997,2007-02-20 08:57:30,121.444500,31.213800,  0,  0,0
83997,2007-02-20 08:59:32,121.444500,31.214000,  0,  0,0
83997,2007-02-20 09:00:32,121.444500,31.214000,  0,  0,0
83997,2007-02-20 09:01:34,121.444500,31.214000,  0,  0,0
83997,2007-02-20 09:02:35,121.444800,31.214000,  6, 67,0
83997,2007-02-20 09:02:54,121.444100,31.213100, 38,112,0
83997,2007-02-20 09:03:10,121.443100,31.212100, 20,135,0
83997,2007-02-20 09:03:26,121.441600,31.212100, 40,135,0
83997,2007-02-20 09:03:42,121.439800,31.212300, 46,135,0
83997,2007-02-20 09:03:57,121.437600,31.212500, 50,135,0
83997,2007-02-20 09:04:14,121.436500,31.212600,  0,135,0
83997,2007-02-20 09:04:39,121.435100,31.212600, 48,135,0
83997,2007-02-20 09:04:55,121.433300,31.212800, 40,157,0
83997,2007-02-20 09:05:49,121.432300,31.213100, 28,112,0
83997,2007-02-20 09:06:05,121.431300,31.213600, 38,157,0
83997,2007-02-20 09:06:21,121.430800,31.214600,  0,  0,0
83997,2007-02-20 09:07:22,121.431000,31.214300,  0,  0,0
83997,2007-02-20 09:08:22,121.431000,31.214300,  0,  0,0
83997,2007-02-20 09:09:24,121.431000,31.214500,  4,  0,0
83997,2007-02-20 09:10:25,121.431000,31.214500,  0,  0,0
83997,2007-02-20 09:11:26,121.431000,31.214500,  0,  0,0
83997,2007-02-20 09:12:27,121.431000,31.214500,  0,  0,0
83997,2007-02-20 09:13:27,121.431000,31.214500,  0,  0,0
83997,2007-02-20 09:14:29,121.431000,31.214500,  0,  0,0
83997,2007-02-20 09:15:30,121.431000,31.214500,  0,  0,0
83997,2007-02-20 09:16:31,121.431000,31.214500,  0,  0,0
83997,2007-02-20 09:17:32,121.431000,31.214500,  0,  0,0
83997,2007-02-20 09:17:55,121.431100,31.214300,  0,  0,0
83997,2007-02-20 09:18:56,121.431100,31.214300,  0,  0,0
83997,2007-02-20 09:19:57,121.431100,31.214300,  0,  0,0
83997,2007-02-20 09:20:57,121.431100,31.214300,  0,  0,0
83997,2007-02-20 09:23:00,121.431100,31.214500,  0,  0,0
83997,2007-02-20 09:24:01,121.431100,31.214500,  0,  0,0
83997,2007-02-20 09:25:02,121.431100,31.214500,  0,  0,0
83997,2007-02-20 09:26:02,121.431100,31.214500,  0,  0,0
83997,2007-02-20 09:27:04,121.431100,31.214500,  0,  0,0
83997,2007-02-20 09:28:05,121.431100,31.214500,  0,  0,0
83997,2007-02-20 09:29:06,121.431100,31.214500,  0,  0,0
83997,2007-02-20 09:30:07,121.430500,31.214800,  0,  0,0
83997,2007-02-20 09:30:45,121.429500,31.215800, 36,157,0
83997,2007-02-20 09:31:01,121.429000,31.216800, 30,  0,0
83997,2007-02-20 09:31:17,121.429300,31.218100, 38,  0,0
83997,2007-02-20 09:31:32,121.429500,31.219300,  0,  0,0
83997,2007-02-20 09:32:15,121.432300,31.220300, 20,157,0
83997,2007-02-20 09:32:57,121.431500,31.222100, 36,157,0
83997,2007-02-20 09:33:16,121.430500,31.222500, 34,135,0
83997,2007-02-20 09:33:32,121.428800,31.222000, 38,135,0
83997,2007-02-20 09:33:47,121.427500,31.221500, 22,112,0
83997,2007-02-20 09:34:06,121.426500,31.221500, 24,135,0
83997,2007-02-20 09:34:22,121.425800,31.223000, 48,  0,0
83997,2007-02-20 09:35:11,121.425600,31.226000, 36, 22,0
83997,2007-02-20 09:35:27,121.426800,31.226300, 22, 45,0
83997,2007-02-20 09:35:42,121.428100,31.226800, 38, 22,0
83997,2007-02-20 09:35:59,121.429300,31.227500,  4, 45,0
83997,2007-02-20 09:36:24,121.429000,31.228100, 30,157,0
83997,2007-02-20 09:36:40,121.427800,31.228500, 26,157,0
83997,2007-02-20 09:36:57,121.426800,31.229000, 34,157,0
83997,2007-02-20 09:37:14,121.425500,31.229600, 30,157,0
83997,2007-02-20 09:37:51,121.424500,31.230000, 20,112,0
83997,2007-02-20 09:38:10,121.423600,31.229500, 26,112,0
83997,2007-02-20 09:38:32,121.424300,31.228300, 34, 90,0
83997,2007-02-20 09:39:09,121.424000,31.227100, 10,112,0
83997,2007-02-20 09:40:10,121.423800,31.227000,  0,112,0
83997,2007-02-20 09:41:11,121.423800,31.227000,  0,112,0
83997,2007-02-20 09:42:12,121.424600,31.228000, 18,157,0
83997,2007-02-20 09:43:12,121.424500,31.228600,  6,157,1
83997,2007-02-20 09:44:12,121.423100,31.231000,  0,157,1
83997,2007-02-20 09:45:14,121.423100,31.231000,  4,135,1
83997,2007-02-20 09:46:15,121.423000,31.226300,  0, 90,1
83997,2007-02-20 09:47:16,121.423000,31.226300,  0, 90,1
83997,2007-02-20 09:48:17,121.419600,31.222600, 52,112,1
83997,2007-02-20 09:48:56,121.416500,31.221100,  0,112,0
83997,2007-02-20 09:53:50,121.408100,31.232600,  0,  0,1
83997,2007-02-20 09:54:51,121.404600,31.233100, 38,135,1
83997,2007-02-20 09:58:22,121.392100,31.233600, 16,135,1
83997,2007-02-20 09:59:22,121.385300,31.233300, 62,135,1
83997,2007-02-20 10:00:24,121.379800,31.233600, 30,135,1
83997,2007-02-20 10:01:25,121.371000,31.235500, 26,157,1
83997,2007-02-20 10:02:26,121.367800,31.237000,  8,157,1
83997,2007-02-20 10:03:27,121.365100,31.238100,  0,157,1
83997,2007-02-20 10:04:27,121.361600,31.240000, 36,157,1
83997,2007-02-20 10:05:29,121.357100,31.242500, 52,157,1
83997,2007-02-20 10:06:30,121.357800,31.247000, 42, 22,1
83997,2007-02-20 10:07:31,121.360000,31.247800,  0,112,1
83997,2007-02-20 10:07:37,121.360000,31.247800,  0,112,0
83997,2007-02-20 10:08:37,121.359800,31.247500,  0, 90,0
83997,2007-02-20 10:09:39,121.359800,31.247500,  0, 90,0
83997,2007-02-20 10:10:40,121.359800,31.247500,  0, 67,0
83997,2007-02-20 10:11:37,121.359800,31.248100, 14, 45,0
83997,2007-02-20 10:11:39,121.360000,31.248100, 20, 45,1
83997,2007-02-20 10:13:41,121.367000,31.251100, 38,  0,1
83997,2007-02-20 10:15:42,121.369600,31.258500, 58, 22,1
83997,2007-02-20 10:16:44,121.371800,31.266800, 46,  0,1
83997,2007-02-20 10:17:45,121.373500,31.273100, 56, 45,1
83997,2007-02-20 10:18:46,121.379500,31.271800, 50, 45,1
83997,2007-02-20 10:19:47,121.385600,31.270600,  0, 45,1
83997,2007-02-20 10:22:40,121.388000,31.270600, 12, 45,1
83997,2007-02-20 10:23:41,121.389100,31.266000, 42, 90,1
83997,2007-02-20 10:25:42,121.391800,31.262000, 50, 45,1
83997,2007-02-20 10:26:44,121.399600,31.261500, 50, 90,1
83997,2007-02-20 10:27:45,121.400000,31.260300,  0, 90,1
83997,2007-02-20 10:28:46,121.401000,31.257100, 50, 90,1
83997,2007-02-20 10:29:47,121.402500,31.252300, 14, 90,1
83997,2007-02-20 10:30:47,121.403500,31.249000, 38, 90,1
83997,2007-02-20 10:31:48,121.404000,31.247600, 22, 90,1
83997,2007-02-20 10:32:49,121.404800,31.245000, 20, 67,1
83997,2007-02-20 10:33:50,121.407800,31.243000, 42, 67,1
83997,2007-02-20 10:34:51,121.409300,31.241800,  0, 67,1
83997,2007-02-20 10:36:53,121.413800,31.238300, 26,112,1
83997,2007-02-20 10:37:54,121.411800,31.235600, 12, 90,1
83997,2007-02-20 10:38:13,121.412100,31.234800,  0, 90,0
83997,2007-02-20 10:39:13,121.412100,31.234800,  0, 90,0
83997,2007-02-20 10:40:02,121.412600,31.234000, 20, 67,0
83997,2007-02-20 10:40:18,121.413100,31.233000, 18, 90,0
83997,2007-02-20 10:40:39,121.414000,31.232800, 36, 45,0
83997,2007-02-20 10:41:40,121.415100,31.233100,  0, 22,0
83997,2007-02-20 10:42:41,121.415100,31.233100,  0, 22,0
83997,2007-02-20 10:43:42,121.415100,31.233100,  0, 67,0
83997,2007-02-20 10:44:43,121.415000,31.233300,  0, 67,0
83997,2007-02-20 10:45:44,121.415000,31.233300,  0, 67,0
83997,2007-02-20 10:46:45,121.415100,31.233300,  0, 22,0
83997,2007-02-20 10:47:03,121.415100,31.233300,  8, 22,1
83997,2007-02-20 10:49:04,121.420100,31.228800, 72, 67,1
83997,2007-02-20 10:50:05,121.422500,31.226100,  0, 67,1
83997,2007-02-20 10:51:06,121.422500,31.226100,  0, 67,1
83997,2007-02-20 10:52:07,121.422800,31.230300, 40,  0,1
83997,2007-02-20 10:53:08,121.424800,31.235100,  0,  0,1
83997,2007-02-20 10:54:09,121.426300,31.237000, 56, 22,1
83997,2007-02-20 10:56:11,121.432600,31.242100,  0, 22,1
83997,2007-02-20 10:57:12,121.430800,31.243300,  4,157,1
83997,2007-02-20 10:58:05,121.428800,31.244500,  0,157,0
83997,2007-02-20 10:59:21,121.428100,31.245300,  6,112,0
83997,2007-02-20 11:00:22,121.428500,31.244600,  4, 90,0
83997,2007-02-20 11:01:23,121.428500,31.244300,  0, 90,0
83997,2007-02-20 11:02:24,121.428500,31.244300,  0, 90,0
83997,2007-02-20 11:03:43,121.430500,31.243500,  0, 90,1
83997,2007-02-20 11:04:44,121.437800,31.245500, 54, 22,1
83997,2007-02-20 11:05:45,121.446100,31.247300, 14, 22,1
83997,2007-02-20 11:06:46,121.448800,31.247500, 52, 45,1
83997,2007-02-20 11:07:47,121.456000,31.247300, 42, 45,1
83997,2007-02-20 11:08:48,121.459600,31.240000, 76, 90,1
83997,2007-02-20 11:09:49,121.462300,31.231600, 60, 90,1
83997,2007-02-20 11:10:50,121.467100,31.227000, 60, 22,1
83997,2007-02-20 11:11:51,121.473300,31.230000,  0, 22,1
83997,2007-02-20 11:12:52,121.473000,31.229300,  0, 22,1
83997,2007-02-20 11:13:53,121.472500,31.232800,  0,135,0
83997,2007-02-20 11:14:08,121.472500,31.232800,  4,157,0
83997,2007-02-20 11:14:40,121.471600,31.233600, 18,157,0
83997,2007-02-20 11:14:56,121.471100,31.234600, 26,  0,0
83997,2007-02-20 11:15:19,121.472100,31.235100, 18, 45,0
83997,2007-02-20 11:15:41,121.473100,31.236000, 12, 45,0
83997,2007-02-20 11:15:57,121.474100,31.236500, 26, 45,0
83997,2007-02-20 11:16:14,121.474800,31.235000, 22, 90,0
83997,2007-02-20 11:16:34,121.473800,31.234100, 32,112,0
83997,2007-02-20 11:17:35,121.472600,31.234000,  0,135,0
83997,2007-02-20 11:18:36,121.471800,31.233600, 24,112,0
83997,2007-02-20 11:18:52,121.470600,31.232500, 48,112,0
83997,2007-02-20 11:19:08,121.468800,31.231300, 50,112,0
83997,2007-02-20 11:19:41,121.466500,31.231000, 34,  0,0
83997,2007-02-20 11:20:05,121.466100,31.231600,  8, 22,0
83997,2007-02-20 11:21:03,121.465100,31.232600, 20,135,0
83997,2007-02-20 11:21:19,121.463500,31.232800, 24,135,0
83997,2007-02-20 11:22:14,121.462500,31.233300, 38,  0,0
83997,2007-02-20 11:22:30,121.462500,31.234500, 22,  0,0
83997,2007-02-20 11:22:49,121.462300,31.235500, 22,  0,0
83997,2007-02-20 11:22:50,121.462300,31.235500, 22,  0,1
83997,2007-02-20 11:23:50,121.461800,31.236300, 40,  0,1
83997,2007-02-20 11:24:51,121.458800,31.241100, 26,157,1
83997,2007-02-20 11:25:52,121.458600,31.241500,  0,157,1
83997,2007-02-20 11:26:53,121.458000,31.247600, 52,  0,1
83997,2007-02-20 11:27:54,121.460800,31.251600, 46, 45,1
83997,2007-02-20 11:28:55,121.467000,31.252800, 40, 22,1
83997,2007-02-20 11:29:46,121.470600,31.254100, 12, 22,0
83997,2007-02-20 11:30:01,121.470600,31.254100,  0, 45,0
83997,2007-02-20 11:30:28,121.471800,31.254000, 26, 45,0
83997,2007-02-20 11:30:47,121.472800,31.254000, 36, 67,0
83997,2007-02-20 11:31:03,121.473600,31.253100,  0, 67,0
83997,2007-02-20 11:31:08,121.473600,31.253100, 14, 67,1
83997,2007-02-20 11:32:08,121.470300,31.251000, 34,112,1
83997,2007-02-20 11:33:09,121.466500,31.249000, 14,112,1
83997,2007-02-20 11:34:10,121.465300,31.248300, 30,112,1
83997,2007-02-20 11:36:12,121.461800,31.246300, 30,135,1
83997,2007-02-20 11:37:13,121.455600,31.247800, 40,135,1
83997,2007-02-20 11:38:14,121.453000,31.248100,  0,157,1
83997,2007-02-20 11:39:15,121.447600,31.247500, 44,135,1
83997,2007-02-20 11:40:16,121.447000,31.247500, 12,135,1
83997,2007-02-20 11:40:32,121.446800,31.246800, 10, 90,0
83997,2007-02-20 11:41:32,121.446800,31.246500,  0, 90,0
83997,2007-02-20 11:42:33,121.446800,31.247000,  0,  0,0
83997,2007-02-20 11:43:34,121.447000,31.247600,  0,  0,0
83997,2007-02-20 11:44:21,121.447000,31.247500, 14,  0,1
83997,2007-02-20 11:45:22,121.447500,31.248800, 10, 67,1
83997,2007-02-20 11:46:23,121.447100,31.256000, 60,  0,1
83997,2007-02-20 11:47:24,121.444600,31.260800, 18,157,1
83997,2007-02-20 11:48:25,121.443000,31.262800,  0,157,1
83997,2007-02-20 11:49:26,121.440100,31.266600, 70,157,1
83997,2007-02-20 11:49:44,121.438800,31.267000, 18,112,0
83997,2007-02-20 11:49:59,121.438800,31.267100,  0,112,0
83997,2007-02-20 11:50:17,121.437800,31.266300, 38,112,0
83997,2007-02-20 11:50:33,121.437000,31.265600, 36,112,0
83997,2007-02-20 11:50:49,121.435500,31.264800, 40,112,0
83997,2007-02-20 11:51:05,121.434000,31.264000, 36,112,0
83997,2007-02-20 11:52:45,121.433000,31.263300,  0,112,0
83997,2007-02-20 11:53:46,121.433000,31.263300,  0,112,0
83997,2007-02-20 11:55:22,121.431800,31.262800, 46,112,0
83997,2007-02-20 11:55:38,121.430500,31.262000, 22,135,0
83997,2007-02-20 11:55:54,121.429800,31.263000, 40,  0,0
83997,2007-02-20 11:56:10,121.429300,31.264500, 36,  0,0
83997,2007-02-20 11:56:59,121.429000,31.265600, 38,  0,0
83997,2007-02-20 11:57:15,121.428600,31.267100, 42,  0,0
83997,2007-02-20 11:58:16,121.428500,31.267800,  0,  0,0
83997,2007-02-20 11:58:40,121.428300,31.268000, 16,157,0
83997,2007-02-20 11:58:55,121.427100,31.267800, 26,135,0
83997,2007-02-20 11:59:56,121.426800,31.267600,  0,135,0
83997,2007-02-20 12:00:50,121.425500,31.268600,  0, 22,0
83997,2007-02-20 12:01:07,121.425500,31.268600,  8,157,1
83997,2007-02-20 12:02:07,121.427000,31.274000,  0, 22,1
83997,2007-02-20 12:03:47,121.424500,31.277500, 46,157,1
83997,2007-02-20 12:04:48,121.419300,31.283000, 36,157,1
83997,2007-02-20 12:05:49,121.418300,31.284100,  0,  0,1
83997,2007-02-20 12:06:50,121.418500,31.285000, 18,  0,1
83997,2007-02-20 12:07:51,121.424800,31.286100, 36, 45,1
83997,2007-02-20 12:08:43,121.426000,31.286300, 38, 45,0
83997,2007-02-20 12:08:59,121.427300,31.286300, 16, 67,0
83997,2007-02-20 12:09:15,121.427500,31.284600, 50, 90,0
83997,2007-02-20 12:09:31,121.428000,31.282800, 48, 67,0
83997,2007-02-20 12:09:47,121.429300,31.281100, 44, 67,0
83997,2007-02-20 12:10:03,121.429100,31.280300, 36,112,0
83997,2007-02-20 12:10:19,121.428000,31.279100, 38,112,0
83997,2007-02-20 12:10:37,121.427100,31.278500, 24,112,0
83997,2007-02-20 12:11:42,121.425500,31.277000,  0, 90,0
83997,2007-02-20 12:12:43,121.425000,31.276600, 36,112,0
83997,2007-02-20 12:12:59,121.423600,31.275500, 44,112,0
83997,2007-02-20 12:13:15,121.422000,31.274000, 50,112,0
83997,2007-02-20 12:13:31,121.420600,31.272600, 46,112,0
83997,2007-02-20 12:13:47,121.419800,31.272100, 18,157,0
83997,2007-02-20 12:14:03,121.419000,31.273300, 44,157,0
83997,2007-02-20 12:14:19,121.418000,31.274100, 36,135,0
83997,2007-02-20 12:14:35,121.416100,31.274000, 42,112,0
83997,2007-02-20 12:14:51,121.415500,31.272800, 32,112,0
83997,2007-02-20 12:15:08,121.414500,31.272600, 34,157,0
83997,2007-02-20 12:15:40,121.413600,31.275100, 42, 22,0
83997,2007-02-20 12:15:56,121.415000,31.276500, 40, 22,0
83997,2007-02-20 12:17:04,121.414100,31.277300, 28,135,0
83997,2007-02-20 12:17:25,121.413000,31.277500, 30,135,0
83997,2007-02-20 12:17:41,121.411300,31.277600, 40,135,0
83997,2007-02-20 12:17:57,121.410000,31.277500, 32, 90,0
83997,2007-02-20 12:18:13,121.409800,31.275800, 44, 90,0
83997,2007-02-20 12:18:29,121.410100,31.274500, 30, 67,0
83997,2007-02-20 12:18:45,121.411300,31.274300, 22, 45,0
83997,2007-02-20 12:19:02,121.412500,31.274100, 34, 45,0
83997,2007-02-20 12:19:34,121.413800,31.272500, 30, 67,0
83997,2007-02-20 12:19:57,121.415100,31.272300, 26, 45,0
83997,2007-02-20 12:20:13,121.416600,31.271800, 38, 45,0
83997,2007-02-20 12:20:29,121.418300,31.271500, 38, 45,0
83997,2007-02-20 12:20:45,121.419300,31.271300, 20, 90,0
83997,2007-02-20 12:21:01,121.418500,31.270100, 34, 90,0
83997,2007-02-20 12:21:17,121.418300,31.268800, 34, 90,0
83997,2007-02-20 12:21:33,121.418100,31.267300, 36, 90,0
83997,2007-02-20 12:21:50,121.417600,31.266500, 26,135,0
83997,2007-02-20 12:22:06,121.415800,31.266800, 44,135,0
83997,2007-02-20 12:22:22,121.414300,31.267100, 16,135,0
83997,2007-02-20 12:22:56,121.413100,31.267300, 42,135,0
83997,2007-02-20 12:23:12,121.411100,31.267600, 48,135,0
83997,2007-02-20 12:23:28,121.409000,31.268100, 44,157,0
83997,2007-02-20 12:23:44,121.407600,31.269100, 50,157,0
83997,2007-02-20 12:24:00,121.406100,31.270500, 32,157,0
83997,2007-02-20 12:24:16,121.405800,31.271600, 44,  0,0
83997,2007-02-20 12:24:32,121.406100,31.273500, 48,  0,0
83997,2007-02-20 12:24:48,121.406300,31.275100, 44,  0,0
83997,2007-02-20 12:25:04,121.406500,31.277000, 48,  0,0
83997,2007-02-20 12:25:20,121.407000,31.278000, 32, 45,0
83997,2007-02-20 12:25:36,121.408600,31.277800, 36, 45,0
83997,2007-02-20 12:26:09,121.409800,31.277600, 12, 45,0
83997,2007-02-20 12:26:25,121.411300,31.277500, 40, 45,0
83997,2007-02-20 12:26:41,121.413000,31.277300, 38, 45,0
83997,2007-02-20 12:26:57,121.414100,31.277100, 22, 45,0
83997,2007-02-20 12:27:58,121.414300,31.277100,  0, 45,0
83997,2007-02-20 12:28:59,121.414300,31.277100,  0, 45,0
83997,2007-02-20 12:30:00,121.414300,31.277100,  0, 45,0
83997,2007-02-20 12:31:01,121.414300,31.277100,  0, 45,0
83997,2007-02-20 12:32:02,121.414300,31.277100,  0, 45,0
83997,2007-02-20 12:33:03,121.414300,31.277100,  0, 45,0
83997,2007-02-20 12:34:04,121.414300,31.277100,  0, 45,0
83997,2007-02-20 12:35:05,121.414300,31.277100,  0, 45,0
83997,2007-02-20 12:36:06,121.414300,31.277100,  0, 45,0
83997,2007-02-20 12:37:07,121.414300,31.277100,  0, 45,0
83997,2007-02-20 12:38:08,121.414300,31.277100,  0, 45,0
83997,2007-02-20 12:39:09,121.414300,31.277100,  0, 45,0
83997,2007-02-20 12:40:10,121.414300,31.277100,  0, 45,0
83997,2007-02-20 12:41:11,121.414300,31.277100,  0, 45,0
83997,2007-02-20 12:42:12,121.414300,31.277100,  0, 45,0
83997,2007-02-20 12:43:06,121.415300,31.277000, 20, 90,0
83997,2007-02-20 12:44:07,121.415100,31.276500,  0,112,0
83997,2007-02-20 12:45:08,121.415100,31.276500,  0,112,0
83997,2007-02-20 12:46:09,121.415100,31.276500,  0,112,0
83997,2007-02-20 12:46:56,121.414100,31.275800, 34,112,0
83997,2007-02-20 12:47:12,121.413300,31.274500, 44, 90,0
83997,2007-02-20 12:47:44,121.411100,31.274300, 22,135,0
83997,2007-02-20 12:48:39,121.410100,31.274300, 20, 90,0
83997,2007-02-20 12:48:55,121.410300,31.273000, 36, 90,0
83997,2007-02-20 12:49:11,121.410300,31.271600, 22, 90,0
83997,2007-02-20 12:50:12,121.410300,31.271600,  0, 90,0
83997,2007-02-20 12:51:13,121.410300,31.271600,  0, 90,0
83997,2007-02-20 12:53:15,121.410300,31.271600,  0, 90,0
83997,2007-02-20 12:54:16,121.410300,31.271600,  0, 90,0
83997,2007-02-20 12:55:17,121.410300,31.271600,  0, 90,0
83997,2007-02-20 12:56:18,121.410300,31.271600,  0, 90,0
83997,2007-02-20 12:57:19,121.410300,31.271600,  0, 90,0
83997,2007-02-20 12:58:20,121.410300,31.271600,  0, 90,0
83997,2007-02-20 12:59:21,121.410300,31.271600,  0, 90,0
83997,2007-02-20 12:59:45,121.410300,31.271600,  0, 90,0
83997,2007-02-20 13:00:45,121.410300,31.271600,  0, 90,0
83997,2007-02-20 13:01:46,121.410300,31.271600,  0, 90,0
83997,2007-02-20 13:02:47,121.410300,31.271600,  0, 90,0
83997,2007-02-20 13:03:48,121.410300,31.271600,  0, 90,0
83997,2007-02-20 13:04:49,121.410300,31.272000,  0, 90,0
83997,2007-02-20 13:05:50,121.410300,31.272000,  0, 90,0
83997,2007-02-20 13:06:51,121.410300,31.272000,  0, 90,0
83997,2007-02-20 13:07:52,121.410300,31.272000,  0, 90,0
83997,2007-02-20 13:08:53,121.410100,31.271800,  0, 90,0
83997,2007-02-20 13:09:54,121.410100,31.271800,  0, 90,0
83997,2007-02-20 13:10:55,121.410100,31.271800,  0, 90,0
83997,2007-02-20 13:11:56,121.410100,31.271800,  0, 90,0
83997,2007-02-20 13:12:57,121.410100,31.271800,  0, 90,0
83997,2007-02-20 13:13:58,121.410100,31.271800,  0, 90,0
83997,2007-02-20 13:14:59,121.410100,31.271800,  0, 90,0
83997,2007-02-20 13:16:00,121.410100,31.271800,  0, 90,0
83997,2007-02-20 13:17:01,121.410100,31.271800,  0, 90,0
83997,2007-02-20 13:18:02,121.410100,31.271800,  0, 90,0
83997,2007-02-20 13:19:03,121.410100,31.271800,  0, 90,0
83997,2007-02-20 13:20:04,121.410100,31.271800,  0, 90,0
83997,2007-02-20 13:22:05,121.410100,31.271800,  0, 90,0
83997,2007-02-20 13:23:06,121.410100,31.271800,  0, 90,0
83997,2007-02-20 13:24:07,121.410100,31.271800,  0, 90,0
83997,2007-02-20 13:25:08,121.410100,31.271800,  0, 90,0
83997,2007-02-20 13:26:09,121.410100,31.271800,  0, 90,0
83997,2007-02-20 13:27:10,121.410100,31.271800,  0, 90,0
83997,2007-02-20 13:28:11,121.410100,31.271800,  0, 90,0
83997,2007-02-20 13:29:12,121.410100,31.271800,  0, 90,0
83997,2007-02-20 13:30:13,121.410100,31.271800,  0, 90,0
83997,2007-02-20 13:31:14,121.410300,31.271800,  0, 90,0
83997,2007-02-20 13:35:18,121.410300,31.271800,  0, 90,0
83997,2007-02-20 13:37:20,121.410300,31.271600,  0, 90,0
83997,2007-02-20 13:38:21,121.410300,31.271600,  0, 90,0
83997,2007-02-20 13:39:22,121.410300,31.271600,  0, 90,0
83997,2007-02-20 13:40:23,121.410300,31.271600,  0, 90,0
83997,2007-02-20 13:41:24,121.410300,31.271600,  0, 90,0
83997,2007-02-20 13:42:25,121.410300,31.271600,  0, 90,0
83997,2007-02-20 13:44:27,121.410500,31.270800, 38, 90,0
83997,2007-02-20 13:44:43,121.410800,31.269100, 50, 90,0
83997,2007-02-20 13:44:59,121.410800,31.267600, 18,112,0
83997,2007-02-20 13:45:16,121.409600,31.268000, 24,135,0
83997,2007-02-20 13:45:32,121.408000,31.268800, 62,157,0
83997,2007-02-20 13:45:48,121.406100,31.270500, 38,157,0
83997,2007-02-20 13:46:49,121.405800,31.270600,  0,157,0
83997,2007-02-20 13:47:43,121.405500,31.269800, 46, 90,0
83997,2007-02-20 13:47:59,121.405300,31.268100, 20, 90,0
83997,2007-02-20 13:48:48,121.405100,31.267100, 40, 90,0
83997,2007-02-20 13:49:20,121.404800,31.264000, 50, 90,0
83997,2007-02-20 13:49:36,121.404600,31.262100, 48, 90,0
83997,2007-02-20 13:49:52,121.403100,31.260800, 60,112,0
83997,2007-02-20 13:50:08,121.400800,31.260000, 50,135,0
83997,2007-02-20 13:50:40,121.399800,31.260000,  8,135,1
83997,2007-02-20 13:51:41,121.391800,31.258100, 42,135,1
83997,2007-02-20 13:52:42,121.388800,31.258600, 12,135,1
83997,2007-02-20 13:53:43,121.383800,31.259000, 64,135,1
83997,2007-02-20 13:54:44,121.376500,31.259600,  0,135,1
83997,2007-02-20 13:55:45,121.372500,31.256100, 52,135,1
83997,2007-02-20 13:57:46,121.364300,31.257600, 40,135,1
83997,2007-02-20 13:58:48,121.359000,31.258000, 30, 90,1
83997,2007-02-20 13:59:49,121.355000,31.256500, 50,135,1
83997,2007-02-20 14:00:50,121.354300,31.256600,  0,135,1
83997,2007-02-20 14:01:51,121.351500,31.257600,  0,157,1
83997,2007-02-20 14:02:51,121.351500,31.257600,  0,157,1
83997,2007-02-20 14:03:53,121.351300,31.257600, 16,135,1
83997,2007-02-20 14:04:54,121.344000,31.260100, 44,135,1
83997,2007-02-20 14:05:55,121.341500,31.261000,  0,157,1
83997,2007-02-20 14:05:56,121.341500,31.261000,  0,157,0
83997,2007-02-20 14:06:56,121.341100,31.261000, 30,135,0
83997,2007-02-20 14:07:13,121.339100,31.261600, 48,135,0
83997,2007-02-20 14:07:29,121.337300,31.262300, 44,135,0
83997,2007-02-20 14:07:45,121.335600,31.262800, 30,135,0
83997,2007-02-20 14:08:13,121.334600,31.263100, 20,135,0
83997,2007-02-20 14:08:29,121.334100,31.262300, 40, 90,0
83997,2007-02-20 14:08:45,121.334100,31.260600, 22, 90,0
83997,2007-02-20 14:09:11,121.334100,31.259600, 56, 90,0
83997,2007-02-20 14:09:26,121.334800,31.257600, 34, 67,0
83997,2007-02-20 14:10:09,121.335000,31.257300, 10, 67,1
83997,2007-02-20 14:11:10,121.331800,31.252000, 60,112,1
83997,2007-02-20 14:12:11,121.324800,31.245300, 64,112,1
83997,2007-02-20 14:13:11,121.320300,31.237500, 68, 90,1
83997,2007-02-20 14:14:13,121.321500,31.230800, 46, 90,1
83997,2007-02-20 14:15:14,121.323100,31.226500, 62, 90,1
83997,2007-02-20 14:17:16,121.323300,31.224500,  0, 90,1
83997,2007-02-20 14:18:16,121.324800,31.224500, 46, 45,1
83997,2007-02-20 14:19:18,121.325300,31.220800,  8, 67,1
83997,2007-02-20 14:20:19,121.325000,31.220100, 24, 90,0
83997,2007-02-20 14:20:36,121.325500,31.219600, 38, 45,0
83997,2007-02-20 14:20:53,121.327300,31.219600, 18, 45,0
83997,2007-02-20 14:21:09,121.327300,31.220800, 24,  0,0
83997,2007-02-20 14:21:45,121.326800,31.222300, 28,135,0
83997,2007-02-20 14:22:04,121.325600,31.222500, 24,135,0
83997,2007-02-20 14:22:20,121.324100,31.222500, 34,135,0
83997,2007-02-20 14:22:36,121.323100,31.222600, 14,157,0
83997,2007-02-20 14:22:53,121.323300,31.224000, 28,  0,0
83997,2007-02-20 14:23:54,121.323300,31.224100,  0,  0,0
83997,2007-02-20 14:24:55,121.323300,31.224100,  0,  0,0
83997,2007-02-20 14:25:49,121.323500,31.225100, 34,  0,0
83997,2007-02-20 14:26:21,121.323300,31.225500, 14, 90,1
83997,2007-02-20 14:27:21,121.331300,31.225600, 50, 45,1
83997,2007-02-20 14:28:23,121.338600,31.225500, 38, 45,1
83997,2007-02-20 14:30:25,121.343100,31.225300,  0, 45,1
83997,2007-02-20 14:31:26,121.349800,31.225000, 46, 90,1
83997,2007-02-20 14:32:26,121.351000,31.220500,  0, 90,1
83997,2007-02-20 14:33:28,121.353300,31.220000, 14, 45,1
83997,2007-02-20 14:33:51,121.353800,31.220000,  0, 45,0
83997,2007-02-20 14:34:51,121.354300,31.220000,  0, 45,0
83997,2007-02-20 14:35:51,121.354500,31.220000,  0, 45,0
83997,2007-02-20 14:36:05,121.354500,31.220000, 10,157,1
83997,2007-02-20 14:37:05,121.348500,31.220600,  0,135,1
83997,2007-02-20 14:38:06,121.342800,31.221300, 32, 67,1
83997,2007-02-20 14:39:06,121.347500,31.216500, 78, 90,1
83997,2007-02-20 14:40:08,121.351000,31.203300,100, 90,1
83997,2007-02-20 14:41:09,121.352500,31.191000, 68, 90,1
83997,2007-02-20 14:42:10,121.350100,31.187300,  0,135,1
83997,2007-02-20 14:43:10,121.345500,31.187000,  0,135,0
83997,2007-02-20 14:43:41,121.344600,31.187500, 42,  0,0
83997,2007-02-20 14:43:58,121.344100,31.188500,  0,  0,0
83997,2007-02-20 14:44:59,121.344100,31.188600,  0,  0,0
83997,2007-02-20 14:46:00,121.343800,31.189600, 38,  0,0
83997,2007-02-20 14:46:16,121.343800,31.191000,  0,  0,0
83997,2007-02-20 14:46:50,121.343800,31.192000, 44,  0,0
83997,2007-02-20 14:47:06,121.343800,31.193100, 18,  0,0
83997,2007-02-20 14:47:40,121.344300,31.195000, 36, 45,0
83997,2007-02-20 14:47:56,121.346000,31.195100, 30, 45,0
83997,2007-02-20 14:48:11,121.346800,31.194800, 34, 67,0
83997,2007-02-20 14:48:28,121.348000,31.193600, 44, 67,0
83997,2007-02-20 14:48:44,121.349500,31.191800, 54, 67,0
83997,2007-02-20 14:49:00,121.350800,31.190100, 60, 67,0
83997,2007-02-20 14:49:16,121.352300,31.188500, 44, 67,0
83997,2007-02-20 14:49:31,121.353000,31.187500, 44, 90,0
83997,2007-02-20 14:49:48,121.353300,31.185500, 50, 90,0
83997,2007-02-20 14:50:49,121.353500,31.185300,  0, 45,0
83997,2007-02-20 14:51:50,121.353500,31.185300,  0, 45,0
83997,2007-02-20 14:52:16,121.354800,31.185300, 40, 22,0
83997,2007-02-20 14:52:33,121.356500,31.186100, 42, 22,0
83997,2007-02-20 14:52:49,121.358500,31.186800, 46, 45,0
83997,2007-02-20 14:53:05,121.360500,31.187300, 40, 45,0
83997,2007-02-20 14:53:21,121.362500,31.188000, 48, 45,0
83997,2007-02-20 14:53:36,121.363800,31.188300, 10, 45,0
83997,2007-02-20 14:53:53,121.364000,31.187100, 30,135,0
83997,2007-02-20 14:54:09,121.362300,31.187000, 42,135,0
83997,2007-02-20 14:54:25,121.360800,31.186800,  4,135,0
83997,2007-02-20 14:54:51,121.361000,31.186600, 14, 45,1
83997,2007-02-20 14:55:51,121.364300,31.187500, 26,  0,1
83997,2007-02-20 14:56:53,121.368500,31.189100, 14, 67,1
83997,2007-02-20 14:57:54,121.371800,31.190800,  6, 45,1
83997,2007-02-20 14:58:55,121.379600,31.193600, 30, 22,1
83997,2007-02-20 14:59:56,121.379800,31.193600,  0,157,1
83997,2007-02-20 15:00:56,121.383600,31.196000, 28, 22,1
83997,2007-02-20 15:01:58,121.388100,31.198500, 22, 45,1
83997,2007-02-20 15:02:59,121.388800,31.197100,  6, 67,1
83997,2007-02-20 15:03:29,121.390000,31.197300,  0, 22,0
83997,2007-02-20 15:03:46,121.390000,31.197500,  8,135,0
83997,2007-02-20 15:04:38,121.389000,31.197500, 10,  0,0
83997,2007-02-20 15:05:39,121.388600,31.198100,  0,  0,0
83997,2007-02-20 15:06:40,121.388600,31.198100,  0,  0,0
83997,2007-02-20 15:07:26,121.388500,31.199100, 36,  0,0
83997,2007-02-20 15:07:41,121.387800,31.200600, 42,  0,0
83997,2007-02-20 15:07:58,121.387500,31.202100, 28,  0,0
83997,2007-02-20 15:08:14,121.387100,31.203300, 30,  0,0
83997,2007-02-20 15:08:30,121.387000,31.204100, 24,  0,0
83997,2007-02-20 15:08:46,121.386600,31.205300, 32,  0,0
83997,2007-02-20 15:09:01,121.385600,31.205500, 28,135,0
83997,2007-02-20 15:09:36,121.384500,31.205500, 26,135,0
83997,2007-02-20 15:09:53,121.383000,31.205500, 26,135,0
83997,2007-02-20 15:10:09,121.381300,31.205500, 46,135,0
83997,2007-02-20 15:10:25,121.379800,31.205800, 46,157,0
83997,2007-02-20 15:10:41,121.378600,31.207300, 34,157,0
83997,2007-02-20 15:10:59,121.377800,31.208000, 46,157,0
83997,2007-02-20 15:11:15,121.376500,31.209100,  0,157,0
83997,2007-02-20 15:12:16,121.376500,31.209100,  0,157,0
83997,2007-02-20 15:13:16,121.376500,31.209100,  4,157,0
83997,2007-02-20 15:13:33,121.374600,31.209500, 56,135,0
83997,2007-02-20 15:13:49,121.372300,31.209600, 42,135,0
83997,2007-02-20 15:14:05,121.370800,31.209600,  0,135,0
83997,2007-02-20 15:14:29,121.369600,31.209800, 48,135,0
83997,2007-02-20 15:14:45,121.367300,31.210000, 44,135,0
83997,2007-02-20 15:15:31,121.366300,31.210000, 42,135,0
83997,2007-02-20 15:15:48,121.364500,31.210100, 18,157,0
83997,2007-02-20 15:16:49,121.364300,31.210800,  0,  0,0
83997,2007-02-20 15:17:50,121.364300,31.210800,  0,  0,0
83997,2007-02-20 15:18:35,121.364300,31.211000,  8,157,1
83997,2007-02-20 15:19:35,121.363500,31.215000, 44,  0,1
83997,2007-02-20 15:20:36,121.363300,31.218800, 28,  0,1
83997,2007-02-20 15:21:36,121.363600,31.223600, 54,  0,1
83997,2007-02-20 15:22:38,121.368100,31.221600, 30, 67,1
83997,2007-02-20 15:23:39,121.375600,31.221000, 72, 45,1
83997,2007-02-20 15:25:41,121.392100,31.220000, 54, 45,1
83997,2007-02-20 15:26:41,121.400500,31.219600,  6, 45,1
83997,2007-02-20 15:27:43,121.401500,31.222100, 32,  0,1
83997,2007-02-20 15:28:44,121.406300,31.224000, 38, 45,1
83997,2007-02-20 15:29:45,121.407100,31.223100,  0, 67,1
83997,2007-02-20 15:29:47,121.407100,31.223100,  0, 67,0
83997,2007-02-20 15:30:48,121.408000,31.223000, 20, 45,0
83997,2007-02-20 15:31:14,121.408300,31.223800, 18,  0,0
83997,2007-02-20 15:31:41,121.407500,31.224100, 10,  0,0
83997,2007-02-20 15:32:04,121.406300,31.224000, 26,135,0
83997,2007-02-20 15:32:20,121.404500,31.224000, 38,135,0
83997,2007-02-20 15:32:36,121.403000,31.223300, 42,112,0
83997,2007-02-20 15:32:51,121.401800,31.222800, 10,112,0
83997,2007-02-20 15:33:09,121.401300,31.222000, 32, 90,0
83997,2007-02-20 15:33:25,121.401000,31.220600, 38, 90,0
83997,2007-02-20 15:33:41,121.400800,31.219800,  0,112,0
83997,2007-02-20 15:34:34,121.401600,31.219100, 46, 45,0
83997,2007-02-20 15:34:50,121.403800,31.218600, 46, 45,0
83997,2007-02-20 15:35:06,121.405800,31.218800, 46, 45,0
83997,2007-02-20 15:35:21,121.407800,31.219000, 40, 45,0
83997,2007-02-20 15:35:38,121.409800,31.219300, 32, 45,0
83997,2007-02-20 15:37:40,121.411100,31.219600,  0, 45,0
83997,2007-02-20 15:38:41,121.411300,31.219800,  0, 67,0
83997,2007-02-20 15:39:24,121.411300,31.220100,  8,157,1
83997,2007-02-20 15:40:25,121.407600,31.227300, 58,  0,1
83997,2007-02-20 15:41:26,121.408000,31.232100,  0,  0,1
83997,2007-02-20 15:42:26,121.408000,31.232100,  0,  0,1
83997,2007-02-20 15:43:28,121.406600,31.232800,  0,135,1
83997,2007-02-20 15:44:29,121.405600,31.233000, 34,135,1
83997,2007-02-20 15:45:30,121.400300,31.233600,  0,135,1
83997,2007-02-20 15:47:31,121.397100,31.237800, 46,157,1
83997,2007-02-20 15:48:33,121.394600,31.242800, 22,  0,1
83997,2007-02-20 15:49:34,121.394500,31.243800, 36,  0,1
83997,2007-02-20 15:50:35,121.394100,31.246100,  0,  0,1
83997,2007-02-20 15:52:36,121.392800,31.246600,  2,135,1
83997,2007-02-20 15:53:38,121.385800,31.248300, 60,135,1
83997,2007-02-20 15:54:39,121.379000,31.250100, 14,157,1
83997,2007-02-20 15:56:26,121.377300,31.253800,  0, 22,0
83997,2007-02-20 15:56:41,121.377300,31.254100, 24,  0,0
83997,2007-02-20 15:57:16,121.377800,31.255100, 16, 22,0
83997,2007-02-20 15:57:36,121.379000,31.255000, 18, 45,0
83997,2007-02-20 15:58:36,121.379300,31.255000,  0, 45,0
83997,2007-02-20 15:59:38,121.380500,31.254800,  0, 45,0
83997,2007-02-20 16:00:21,121.381600,31.254500, 38, 45,0
83997,2007-02-20 16:00:36,121.383100,31.254100, 40, 45,0
83997,2007-02-20 16:00:53,121.383100,31.253100, 42, 90,0
83997,2007-02-20 16:01:25,121.380600,31.252300, 38,135,0
83997,2007-02-20 16:01:41,121.379600,31.252100, 26, 90,0
83997,2007-02-20 16:02:16,121.379000,31.250100, 12, 90,0
83997,2007-02-20 16:02:41,121.378500,31.249000, 30, 90,0
83997,2007-02-20 16:03:41,121.378000,31.248300,  0, 90,0
83997,2007-02-20 16:04:43,121.378000,31.248300,  0, 90,0
83997,2007-02-20 16:05:44,121.378300,31.248600,  0, 22,0
83997,2007-02-20 16:06:45,121.378300,31.248600,  0, 22,0
83997,2007-02-20 16:07:46,121.378300,31.248600,  0, 22,0
83997,2007-02-20 16:08:46,121.378300,31.248600,  0, 22,0
83997,2007-02-20 16:09:48,121.378300,31.248600,  0, 22,0
83997,2007-02-20 16:10:49,121.378300,31.248600,  0, 22,0
83997,2007-02-20 16:11:50,121.378300,31.248600,  0, 22,0
83997,2007-02-20 16:12:51,121.378300,31.248600,  0, 22,0
83997,2007-02-20 16:14:15,121.379600,31.249500, 40, 45,0
83997,2007-02-20 16:14:31,121.381500,31.249000, 52, 45,0
83997,2007-02-20 16:14:46,121.383100,31.248500, 20, 67,0
83997,2007-02-20 16:15:03,121.382800,31.247100, 56,112,0
83997,2007-02-20 16:15:19,121.381500,31.244800, 76,112,0
83997,2007-02-20 16:15:35,121.380600,31.243500, 14,112,0
83997,2007-02-20 16:15:51,121.379600,31.243600, 32,157,0
83997,2007-02-20 16:16:06,121.378100,31.244500, 48,157,0
83997,2007-02-20 16:16:23,121.376600,31.245500, 22,  0,0
83997,2007-02-20 16:16:39,121.377300,31.246600, 26, 22,0
83997,2007-02-20 16:17:04,121.377800,31.247500, 16, 22,0
83997,2007-02-20 16:20:26,121.378600,31.249300, 26, 22,1
83997,2007-02-20 16:21:26,121.371300,31.252100, 64,135,1
83997,2007-02-20 16:23:29,121.367300,31.257100, 24,135,1
83997,2007-02-20 16:24:16,121.366600,31.256800,  0,135,0
83997,2007-02-20 16:24:59,121.366500,31.256600, 14, 90,0
83997,2007-02-20 16:25:35,121.367300,31.256800, 18,  0,0
83997,2007-02-20 16:25:54,121.366500,31.257300, 38,135,0
83997,2007-02-20 16:26:39,121.365300,31.257100, 34, 90,0
83997,2007-02-20 16:26:55,121.365000,31.255800, 18, 90,0
83997,2007-02-20 16:27:16,121.364500,31.254800, 26, 90,0
83997,2007-02-20 16:27:36,121.364000,31.254100, 22,135,0
83997,2007-02-20 16:28:09,121.361000,31.255000, 38,135,0
83997,2007-02-20 16:28:35,121.360000,31.255100, 14,135,1
83997,2007-02-20 16:29:36,121.355800,31.256300, 10,135,1
83997,2007-02-20 16:30:36,121.351100,31.257800,  0,135,1
83997,2007-02-20 16:31:38,121.351100,31.257800,  0,135,1
83997,2007-02-20 16:33:18,121.342300,31.262000, 38,  0,1
83997,2007-02-20 16:34:19,121.343100,31.269300, 46,  0,1
83997,2007-02-20 16:35:20,121.344600,31.272600, 26,157,1
83997,2007-02-20 16:37:21,121.341500,31.278600, 48,157,1
83997,2007-02-20 16:37:38,121.340500,31.279100,  0,157,0
83997,2007-02-20 16:37:54,121.340500,31.279100, 14,135,0
83997,2007-02-20 16:38:10,121.338800,31.279600, 50,135,0
83997,2007-02-20 16:38:26,121.337000,31.280000, 40,135,0
83997,2007-02-20 16:38:41,121.336300,31.281000, 42,  0,0
83997,2007-02-20 16:39:14,121.339000,31.282500, 20, 45,0
83997,2007-02-20 16:39:45,121.339100,31.282500,  0, 22,1
83997,2007-02-20 16:40:46,121.343500,31.285500, 20,  0,1
83997,2007-02-20 16:41:46,121.347000,31.286000, 46, 45,1
83997,2007-02-20 16:42:48,121.349000,31.286000, 14, 90,1
83997,2007-02-20 16:43:49,121.349600,31.283100,  0, 90,1
83997,2007-02-20 16:44:50,121.353300,31.282100, 36, 45,1
83997,2007-02-20 16:45:51,121.360500,31.281100, 24, 67,1
83997,2007-02-20 16:46:51,121.364600,31.274600, 68, 67,1
83997,2007-02-20 16:47:53,121.371500,31.273000, 10, 45,1
83997,2007-02-20 16:48:54,121.371100,31.265300, 92, 90,1
83997,2007-02-20 16:49:55,121.368000,31.254500, 66, 90,1
83997,2007-02-20 16:50:56,121.367500,31.253300, 18, 90,1
83997,2007-02-20 16:57:20,121.372800,31.247500, 22,157,1
83997,2007-02-20 16:58:21,121.371800,31.248000,  0,157,1
83997,2007-02-20 16:59:21,121.367000,31.250600, 24,157,1
83997,2007-02-20 17:00:23,121.368800,31.256600,  0,  0,1
83997,2007-02-20 17:01:24,121.368800,31.256800, 18,  0,1
83997,2007-02-20 17:02:00,121.367100,31.256600,  0, 90,0
83997,2007-02-20 17:02:16,121.367100,31.256600,  0, 90,0
83997,2007-02-20 17:03:16,121.367300,31.256800,  0,  0,0
83997,2007-02-20 17:03:48,121.367300,31.256800,  6, 22,1
83997,2007-02-20 17:04:49,121.370600,31.262000, 62,  0,1
83997,2007-02-20 17:05:50,121.372300,31.271800, 62,  0,1
83997,2007-02-20 17:06:51,121.378600,31.272000, 14, 45,1
83997,2007-02-20 17:07:51,121.379600,31.275800, 32,  0,1
83997,2007-02-20 17:08:53,121.380300,31.281100, 20,  0,1
83997,2007-02-20 17:09:01,121.380300,31.281500,  0,  0,0
83997,2007-02-20 17:10:01,121.380300,31.281100,  0, 90,0
83997,2007-02-20 17:11:03,121.380300,31.281100,  0, 90,0
83997,2007-02-20 17:25:31,121.387800,31.270600, 20, 45,1
83997,2007-02-20 17:29:12,121.395000,31.274100, 60, 45,1
83997,2007-02-20 17:30:13,121.400500,31.274600, 24, 45,1
83997,2007-02-20 17:31:14,121.406500,31.274800, 30, 45,1
83997,2007-02-20 17:32:15,121.410000,31.276500, 48,  0,1
83997,2007-02-20 17:32:46,121.412100,31.277500,  0, 45,0
83997,2007-02-20 17:33:01,121.412100,31.277500,  0, 45,0
83997,2007-02-20 17:34:00,121.411000,31.277600, 38,135,0
83997,2007-02-20 17:34:32,121.410000,31.278000, 34,  0,0
83997,2007-02-20 17:34:48,121.410600,31.279800, 56,  0,0
83997,2007-02-20 17:35:04,121.411000,31.281100,  0,  0,0
83997,2007-02-20 17:35:31,121.410000,31.281300, 44,135,0
83997,2007-02-20 17:35:47,121.407800,31.281300, 52,135,0
83997,2007-02-20 17:36:03,121.406500,31.281800, 36,  0,0
83997,2007-02-20 17:36:24,121.406600,31.282800, 28,  0,0
83997,2007-02-20 17:36:40,121.406500,31.284100, 46,  0,0
83997,2007-02-20 17:37:12,121.406500,31.285100, 20,157,0
83997,2007-02-20 17:37:28,121.405000,31.285300, 34,135,0
83997,2007-02-20 17:37:44,121.403100,31.285100, 38,135,0
83997,2007-02-20 17:52:24,121.413600,31.289500, 54, 45,1
83997,2007-02-20 17:53:25,121.414500,31.289500,  0,135,1
83997,2007-02-20 17:54:26,121.417000,31.289600, 34, 45,1
83997,2007-02-20 17:55:27,121.425000,31.290600, 68, 45,1
83997,2007-02-20 17:56:28,121.438800,31.293100, 86, 45,1
83997,2007-02-20 17:58:29,121.462000,31.294100, 16, 67,1
83997,2007-02-20 17:59:30,121.467100,31.290600,  0, 67,1
83997,2007-02-20 18:00:31,121.467100,31.290600,  0, 67,1
83997,2007-02-20 18:01:32,121.467100,31.290600,  0, 67,1
83997,2007-02-20 18:02:33,121.467100,31.290600,  0, 67,1
83997,2007-02-20 18:03:34,121.478600,31.292000,  0, 67,1
83997,2007-02-20 18:04:35,121.483800,31.293000, 40, 45,1
83997,2007-02-20 18:05:36,121.488600,31.294000, 42, 90,1
83997,2007-02-20 18:05:57,121.489100,31.292600,  0, 67,0
83997,2007-02-20 18:06:12,121.489100,31.292600,  0, 67,0
83997,2007-02-20 18:06:42,121.489500,31.291800, 40, 90,0
83997,2007-02-20 18:07:14,121.488600,31.288600, 38, 90,0
83997,2007-02-20 18:07:30,121.488300,31.287600, 38,135,0
83997,2007-02-20 18:07:46,121.486600,31.287800,  6,135,0
83997,2007-02-20 18:08:47,121.486600,31.287800,  0,135,0
83997,2007-02-20 18:09:48,121.486600,31.287800,  0,135,0
83997,2007-02-20 18:10:06,121.485500,31.287800, 34,135,0
83997,2007-02-20 18:10:22,121.484100,31.287800, 32,135,0
83997,2007-02-20 18:10:38,121.482100,31.287800, 40,135,0
83997,2007-02-20 18:10:54,121.480300,31.287600, 28,135,0
83997,2007-02-20 18:11:55,121.479800,31.287800,  0,112,0
83997,2007-02-20 18:12:56,121.479100,31.287600, 26,135,0
83997,2007-02-20 18:13:12,121.477600,31.287800, 38,135,0
83997,2007-02-20 18:13:44,121.474100,31.288100, 36,135,0
83997,2007-02-20 18:14:26,121.473500,31.288100, 10, 45,0
83997,2007-02-20 18:16:28,121.481800,31.287500, 74, 45,1
83997,2007-02-20 18:17:29,121.486000,31.286500,  0, 67,1
83997,2007-02-20 18:18:30,121.486000,31.286500,  0, 67,1
83997,2007-02-20 18:19:31,121.492600,31.287100, 64, 45,1
83997,2007-02-20 18:20:32,121.499600,31.289000, 42, 45,1
83997,2007-02-20 18:21:33,121.503500,31.287800,  0, 45,1
83997,2007-02-20 18:22:34,121.503500,31.287800,  0, 45,1
83997,2007-02-20 18:23:35,121.504800,31.289600, 18, 22,1
83997,2007-02-20 18:24:36,121.507600,31.295100, 62, 22,1
83997,2007-02-20 18:26:00,121.513800,31.295600,  0,112,0
83997,2007-02-20 18:26:29,121.514000,31.295300, 18, 90,0
83997,2007-02-20 18:27:06,121.514500,31.294500, 26, 67,0
83997,2007-02-20 18:27:25,121.514800,31.293500, 18,112,0
83997,2007-02-20 18:27:42,121.513600,31.293100, 34,135,0
83997,2007-02-20 18:28:43,121.513500,31.293100,  0,112,0
83997,2007-02-20 18:29:44,121.513500,31.293100,  0,112,0
83997,2007-02-20 18:30:45,121.513500,31.293100,  0,112,0
83997,2007-02-20 18:32:00,121.513500,31.293100,  0,112,0
83997,2007-02-20 18:33:00,121.513600,31.293300,  0,112,0
83997,2007-02-20 18:33:19,121.512300,31.292600, 30,135,0
83997,2007-02-20 18:33:40,121.511000,31.292500, 28,135,0
83997,2007-02-20 18:33:56,121.509300,31.292800, 44,157,0
83997,2007-02-20 18:34:12,121.507800,31.293300, 30,135,0
83997,2007-02-20 18:34:28,121.506500,31.294000, 34,157,0
83997,2007-02-20 18:35:00,121.503300,31.295600, 34, 22,0
83997,2007-02-20 18:35:16,121.504800,31.296800, 52, 22,0
83997,2007-02-20 18:36:13,121.505800,31.297600, 18,  0,0
83997,2007-02-20 18:36:29,121.505100,31.298600, 38,157,0
83997,2007-02-20 18:36:45,121.504100,31.299800, 26,157,0
83997,2007-02-20 18:37:01,121.502500,31.299500, 50,135,0
83997,2007-02-20 18:37:17,121.501300,31.299000,  0,135,0
83997,2007-02-20 18:37:59,121.500100,31.298600, 42,135,0
83997,2007-02-20 18:38:15,121.498500,31.298100, 26,135,0
83997,2007-02-20 18:39:04,121.497300,31.298000, 38,135,0
83997,2007-02-20 18:39:20,121.495100,31.297300, 54,135,0
83997,2007-02-20 18:39:36,121.492800,31.296800, 58,135,0
83997,2007-02-20 18:39:52,121.490300,31.296300, 56,135,0
83997,2007-02-20 18:40:08,121.488100,31.295600, 52,135,0
83997,2007-02-20 18:40:24,121.486100,31.295100, 44,112,0
83997,2007-02-20 18:40:41,121.485800,31.294800, 42,135,0
83997,2007-02-20 18:40:57,121.484100,31.294300, 28,135,0
83997,2007-02-20 18:41:13,121.483000,31.294100, 28,135,0
83997,2007-02-20 18:41:29,121.481500,31.293600, 20,112,0
83997,2007-02-20 18:41:45,121.480000,31.293300, 52,135,0
83997,2007-02-20 18:42:01,121.478800,31.293100, 38,  0,0
83997,2007-02-20 18:42:33,121.479300,31.296800, 48,  0,0
83997,2007-02-20 18:42:50,121.479500,31.297800, 14,135,0
83997,2007-02-20 18:43:06,121.478000,31.297000, 54,112,0
83997,2007-02-20 18:43:22,121.476300,31.296800, 26,  0,0
83997,2007-02-20 18:43:38,121.476300,31.298300, 30,  0,0
83997,2007-02-20 18:43:54,121.476100,31.299600, 36,  0,0
83997,2007-02-20 18:44:10,121.476100,31.300800, 38,  0,0
83997,2007-02-20 18:44:36,121.475800,31.301600, 34,135,0
83997,2007-02-20 18:44:52,121.474100,31.301600, 36,135,0
83997,2007-02-20 18:45:08,121.472600,31.301600, 34,135,0
83997,2007-02-20 18:45:24,121.471600,31.302100, 28,  0,0
83997,2007-02-20 18:45:47,121.470800,31.302500, 20,135,0
83997,2007-02-20 18:46:10,121.469600,31.302600, 20,135,0
83997,2007-02-20 18:47:11,121.469100,31.302600,  0,135,0
83997,2007-02-20 18:48:12,121.469100,31.302600,  0,135,0
83997,2007-02-20 18:49:13,121.469100,31.302600,  0,135,0
83997,2007-02-20 18:50:14,121.469100,31.302600,  0,135,0
83997,2007-02-20 18:51:15,121.469100,31.302600,  0,135,0
83997,2007-02-20 18:52:16,121.469100,31.302600,  0,135,0
83997,2007-02-20 18:53:17,121.469300,31.302600,  0,135,0
83997,2007-02-20 18:55:19,121.469300,31.302600,  0,135,0
83997,2007-02-20 18:56:20,121.469300,31.302600,  0,135,0
83997,2007-02-20 18:57:21,121.469300,31.302600,  0,135,0
83997,2007-02-20 18:58:22,121.469300,31.302600,  0,135,0
83997,2007-02-20 18:59:23,121.469300,31.302600,  0,135,0
83997,2007-02-20 19:00:24,121.469300,31.302600,  0,135,0
83997,2007-02-20 19:01:25,121.469300,31.302600,  0,135,0
83997,2007-02-20 19:02:26,121.469300,31.302600,  0,135,0
83997,2007-02-20 19:03:27,121.469300,31.302600,  0,135,0
83997,2007-02-20 19:04:28,121.469300,31.302600,  0,135,0
83997,2007-02-20 19:05:29,121.469300,31.302600,  0,135,0
83997,2007-02-20 19:06:30,121.469300,31.302600,  0,135,0
83997,2007-02-20 19:07:31,121.469300,31.302600,  0,135,0
83997,2007-02-20 19:08:32,121.469300,31.302600,  0,135,0
83997,2007-02-20 19:09:33,121.469300,31.302600,  0,135,0
83997,2007-02-20 19:10:34,121.469300,31.302600,  0,135,0
83997,2007-02-20 19:11:00,121.468100,31.302800, 34,135,0
83997,2007-02-20 19:11:16,121.466600,31.303000, 16,135,0
83997,2007-02-20 19:12:17,121.466500,31.302800, 12,112,0
83997,2007-02-20 19:12:51,121.466300,31.302000, 28, 90,0
83997,2007-02-20 19:13:07,121.466500,31.300600, 38, 90,0
83997,2007-02-20 19:13:51,121.466300,31.298300, 26, 90,0
83997,2007-02-20 19:14:07,121.466500,31.297000, 36, 90,0
83997,2007-02-20 19:14:41,121.466500,31.296000, 30, 90,0
83997,2007-02-20 19:14:57,121.466500,31.294800, 36, 90,0
83997,2007-02-20 19:15:13,121.466500,31.293500, 22, 90,0
83997,2007-02-20 19:15:31,121.465300,31.293500, 22,135,0
83997,2007-02-20 19:15:54,121.464300,31.294000, 24,135,0
83997,2007-02-20 19:16:44,121.463100,31.294100, 16,135,0
83997,2007-02-20 19:17:00,121.462000,31.294600, 32,157,0
83997,2007-02-20 19:17:16,121.460500,31.295100, 44,157,0
83997,2007-02-20 19:17:32,121.458800,31.296000, 40,157,0
83997,2007-02-20 19:17:48,121.456500,31.296600, 70,135,0
83997,2007-02-20 19:18:20,121.450300,31.295600, 72,135,0
83997,2007-02-20 19:18:36,121.447500,31.295000, 68,135,0
83997,2007-02-20 19:18:52,121.444600,31.294500, 46,135,0
83997,2007-02-20 19:19:08,121.444300,31.295600, 38, 45,0
83997,2007-02-20 19:19:24,121.445500,31.294300, 56, 90,0
83997,2007-02-20 19:19:40,121.446000,31.291800, 72, 90,0
83997,2007-02-20 19:19:56,121.446500,31.289300, 72, 90,0
83997,2007-02-20 19:20:12,121.446800,31.286600, 60, 90,0
83997,2007-02-20 19:20:28,121.447000,31.284600, 60, 90,0
83997,2007-02-20 19:21:16,121.448800,31.276100, 76, 67,0
83997,2007-02-20 19:21:48,121.452100,31.271300, 72, 67,0
83997,2007-02-20 19:22:04,121.453600,31.269000, 74, 67,0
83997,2007-02-20 19:22:20,121.454600,31.266600, 54, 90,0
83997,2007-02-20 19:22:36,121.455300,31.264800, 52, 90,0
83997,2007-02-20 19:22:52,121.456300,31.262800, 58, 67,0
83997,2007-02-20 19:23:08,121.458000,31.261100, 58, 67,0
83997,2007-02-20 19:23:24,121.458600,31.259500, 42, 90,0
83997,2007-02-20 19:23:40,121.459000,31.258000, 44, 90,0
83997,2007-02-20 19:23:55,121.459000,31.256300, 48, 90,0
83997,2007-02-20 19:24:12,121.459000,31.254100, 56, 90,0
83997,2007-02-20 19:24:28,121.458800,31.252000, 58, 90,0
83997,2007-02-20 19:24:44,121.458300,31.249800, 68, 90,0
83997,2007-02-20 19:25:15,121.457600,31.244500, 66, 90,0
83997,2007-02-20 19:25:48,121.459800,31.239500, 60, 67,0
83997,2007-02-20 19:26:04,121.460800,31.237600, 52, 67,0
83997,2007-02-20 19:26:20,121.461600,31.235600, 54, 90,0
83997,2007-02-20 19:26:35,121.462000,31.233800, 52, 90,0
83997,2007-02-20 19:26:52,121.462300,31.231600, 58, 90,0
83997,2007-02-20 19:27:08,121.462300,31.229600, 52, 90,0
83997,2007-02-20 19:27:24,121.462800,31.227800, 48, 67,0
83997,2007-02-20 19:27:40,121.464000,31.226300, 48, 67,0
83997,2007-02-20 19:27:55,121.466000,31.226500, 50, 22,0
83997,2007-02-20 19:28:12,121.468100,31.227500, 54, 22,0
83997,2007-02-20 19:28:28,121.470000,31.228100, 38, 22,0
83997,2007-02-20 19:28:44,121.471300,31.228800, 40, 22,0
83997,2007-02-20 19:29:00,121.472800,31.229600, 42, 22,0
83997,2007-02-20 19:29:15,121.473800,31.230100, 18, 67,0
83997,2007-02-20 19:29:32,121.474800,31.228800, 34, 67,0
83997,2007-02-20 19:30:33,121.475000,31.228500,  0, 90,0
83997,2007-02-20 19:31:14,121.475500,31.227600, 36, 67,0
83997,2007-02-20 19:31:30,121.476000,31.226800, 18, 90,0
83997,2007-02-20 19:31:50,121.476300,31.225600, 30, 90,0
83997,2007-02-20 19:32:50,121.475600,31.225300,  0, 67,0
83997,2007-02-20 19:33:52,121.476000,31.225100,  0, 67,0
83997,2007-02-20 19:34:53,121.476100,31.225100,  0, 67,0
83997,2007-02-20 19:35:54,121.475800,31.225500,  0, 67,0
83997,2007-02-20 19:36:55,121.475800,31.225500,  0, 67,0
83997,2007-02-20 19:37:55,121.475800,31.225500,  0, 67,0
83997,2007-02-20 19:38:57,121.475800,31.225300,  0, 67,0
83997,2007-02-20 19:39:58,121.476500,31.225100,  0, 67,0
83997,2007-02-20 19:40:59,121.476300,31.225100,  0, 67,0
83997,2007-02-20 19:42:00,121.476500,31.225300,  0, 67,0
83997,2007-02-20 19:43:00,121.476500,31.225300,  0, 67,0
83997,2007-02-20 19:45:03,121.476500,31.225300,  0, 67,0
83997,2007-02-20 19:46:04,121.476300,31.225300,  0, 67,0
83997,2007-02-20 19:47:05,121.476100,31.225300,  0, 67,0
83997,2007-02-20 19:48:05,121.476100,31.225300,  0, 67,0
83997,2007-02-20 19:49:07,121.475800,31.225500,  0,135,0
83997,2007-02-20 19:50:08,121.475800,31.225500,  0,135,0
83997,2007-02-20 19:52:10,121.476000,31.225300,  0,135,0
83997,2007-02-20 19:53:10,121.476000,31.225300,  0,135,0
83997,2007-02-20 19:54:12,121.476000,31.225300,  0,135,0
83997,2007-02-20 19:55:13,121.476000,31.225300,  0,135,0
83997,2007-02-20 19:56:14,121.476100,31.225500,  0,135,0
83997,2007-02-20 19:57:15,121.476000,31.225500,  0,135,0
83997,2007-02-20 19:58:15,121.476000,31.225300,  0,135,0
83997,2007-02-20 19:59:17,121.476000,31.225300,  0,135,0
83997,2007-02-20 20:00:18,121.476000,31.225300,  0,135,0
83997,2007-02-20 20:02:20,121.475800,31.225100,  0,135,0
83997,2007-02-20 20:04:22,121.475800,31.225300,  0,135,0
83997,2007-02-20 20:05:23,121.475800,31.225300,  0,135,0
83997,2007-02-20 20:06:24,121.475800,31.225300,  0,135,0
83997,2007-02-20 20:07:25,121.475800,31.225300,  0,135,0
83997,2007-02-20 20:08:25,121.475800,31.225300,  0,135,0
83997,2007-02-20 20:10:28,121.475800,31.225300,  0,135,0
83997,2007-02-20 20:11:29,121.475800,31.225300,  0,135,0
83997,2007-02-20 20:12:30,121.475800,31.225300,  0,135,0
83997,2007-02-20 20:13:30,121.475800,31.225300,  0,135,0
83997,2007-02-20 20:14:32,121.475800,31.225300,  0,135,0
83997,2007-02-20 20:15:33,121.475800,31.225300,  0,135,0
83997,2007-02-20 20:17:35,121.475800,31.225100,  0,135,0
83997,2007-02-20 20:18:35,121.476000,31.225100,  0,135,0
83997,2007-02-20 20:19:37,121.476000,31.225100,  0,135,0
83997,2007-02-20 20:20:38,121.476000,31.225100,  0,135,0
83997,2007-02-20 20:21:39,121.476000,31.225100,  0,135,0
83997,2007-02-20 20:22:40,121.476000,31.225100,  0,135,0
83997,2007-02-20 20:23:40,121.476000,31.225100,  0,135,0
83997,2007-02-20 20:24:42,121.476000,31.225100,  0,135,0
83997,2007-02-20 20:25:43,121.476000,31.225100,  0,135,0
83997,2007-02-20 20:27:45,121.476000,31.225100,  0,135,0
83997,2007-02-20 20:28:45,121.476000,31.225100,  0,135,0
83997,2007-02-20 20:29:47,121.476000,31.225100,  0,135,0
83997,2007-02-20 20:30:48,121.476000,31.225100,  0,135,0
83997,2007-02-20 20:31:49,121.476000,31.225100,  0,135,0
83997,2007-02-20 20:32:50,121.476000,31.225100,  0,135,0
83997,2007-02-20 20:33:50,121.476100,31.225300,  0,135,0
83997,2007-02-20 20:34:52,121.476100,31.225300,  0,135,0
83997,2007-02-20 20:35:45,121.475500,31.226100, 22,157,0
83997,2007-02-20 20:36:02,121.474800,31.227300, 38,  0,0
83997,2007-02-20 20:36:37,121.475500,31.228100, 24,  0,0
83997,2007-02-20 20:38:25,121.474600,31.229100, 36,157,0
83997,2007-02-20 20:38:40,121.474000,31.230100, 20,157,0
83997,2007-02-20 20:39:42,121.471300,31.229300, 44,112,0
83997,2007-02-20 20:39:58,121.469500,31.228300, 52,112,0
83997,2007-02-20 20:40:14,121.467300,31.227500, 52,112,0
83997,2007-02-20 20:40:30,121.465800,31.227000, 30,112,0
83997,2007-02-20 20:40:45,121.464500,31.226600, 36,135,0
83997,2007-02-20 20:41:02,121.463100,31.227800, 44,157,0
83997,2007-02-20 20:41:18,121.462600,31.229600, 44,  0,0
83997,2007-02-20 20:41:50,121.462300,31.233000, 46,  0,0
83997,2007-02-20 20:42:05,121.462000,31.234800, 52,  0,0
83997,2007-02-20 20:42:22,121.461500,31.237000, 60,  0,0
83997,2007-02-20 20:42:38,121.460300,31.239000, 56,157,0
83997,2007-02-20 20:42:54,121.459500,31.240800, 48,  0,0
83997,2007-02-20 20:43:25,121.458100,31.243800, 44,  0,0
83997,2007-02-20 20:43:42,121.457600,31.245800, 46,  0,0
83997,2007-02-20 20:43:58,121.458000,31.247300, 42,  0,0
83997,2007-02-20 20:44:14,121.458300,31.249100, 50,  0,0
83997,2007-02-20 20:44:30,121.458600,31.251000, 46,  0,0
83997,2007-02-20 20:44:45,121.459000,31.252600, 48,  0,0
83997,2007-02-20 20:45:02,121.459100,31.254600, 50,  0,0
83997,2007-02-20 20:45:18,121.459100,31.256300, 44,  0,0
83997,2007-02-20 20:45:34,121.459100,31.258600, 70,  0,0
83997,2007-02-20 20:45:50,121.458500,31.261000, 56,  0,0
83997,2007-02-20 20:46:05,121.458000,31.262600, 46,157,0
83997,2007-02-20 20:46:22,121.455800,31.263000, 50,112,0
83997,2007-02-20 20:46:38,121.454100,31.262000, 52,135,0
83997,2007-02-20 20:46:54,121.451600,31.261300, 58,135,0
83997,2007-02-20 20:47:10,121.449100,31.260800, 58,135,0
83997,2007-02-20 20:47:25,121.446800,31.260500, 54,135,0
83997,2007-02-20 20:47:42,121.444500,31.260000, 54,135,0
83997,2007-02-20 20:47:58,121.442000,31.259300, 56,135,0
83997,2007-02-20 20:48:47,121.434000,31.256600, 66,112,0
83997,2007-02-20 20:49:02,121.431600,31.255500, 68,112,0
83997,2007-02-20 20:49:18,121.429600,31.253300, 76,112,0
83997,2007-02-20 20:49:34,121.427300,31.251500, 66,112,0
83997,2007-02-20 20:49:50,121.425500,31.249600, 64,112,0
83997,2007-02-20 20:50:05,121.423600,31.248100, 60,112,0
83997,2007-02-20 20:50:38,121.419000,31.246000, 58,112,0
83997,2007-02-20 20:50:54,121.417000,31.244800, 46,112,0
83997,2007-02-20 20:51:10,121.415600,31.244100, 28,112,0
83997,2007-02-20 20:51:27,121.414800,31.243600, 20,135,0
83997,2007-02-20 20:51:43,121.413500,31.244300, 40,157,0
83997,2007-02-20 20:51:59,121.412000,31.245500, 48,157,0
83997,2007-02-20 20:52:15,121.410300,31.246500, 46,157,0
83997,2007-02-20 20:52:30,121.408800,31.247000, 18,135,0
83997,2007-02-20 20:53:32,121.408600,31.247000,  0,135,0
83997,2007-02-20 20:54:02,121.407500,31.247300, 50,135,0
83997,2007-02-20 20:55:19,121.404500,31.247300,  0,135,0
83997,2007-02-20 20:56:20,121.404100,31.247300,  0,135,0
83997,2007-02-20 20:57:20,121.404100,31.247000, 30, 90,0
83997,2007-02-20 20:57:37,121.404600,31.245300, 38, 90,0
83997,2007-02-20 20:57:53,121.405300,31.244100, 28, 67,0
83997,2007-02-20 20:58:09,121.404600,31.243500, 22,112,0
83997,2007-02-20 20:58:30,121.403800,31.243500, 32,157,0
83997,2007-02-20 20:58:45,121.403000,31.243600, 40,112,0
83997,2007-02-20 20:59:02,121.402100,31.242300, 18,112,0
83997,2007-02-20 20:59:44,121.400600,31.241100, 20,157,0
83997,2007-02-20 21:01:04,121.399500,31.242100,  0, 22,0
83997,2007-02-20 21:02:05,121.399500,31.242100,  0, 22,0
83997,2007-02-20 21:03:05,121.399500,31.242100,  0, 22,0
83997,2007-02-20 21:04:07,121.399500,31.242100,  0, 22,0
83997,2007-02-20 21:05:08,121.399500,31.242100,  0, 22,0
83997,2007-02-20 21:06:09,121.399500,31.242100,  0, 22,0
83997,2007-02-20 21:07:10,121.399500,31.242100,  0, 22,0
83997,2007-02-20 21:08:10,121.399500,31.242100,  0, 22,0
83997,2007-02-20 21:09:12,121.399500,31.242100,  0, 22,0
83997,2007-02-20 21:10:13,121.399500,31.242100,  0, 22,0
83997,2007-02-20 21:11:14,121.399500,31.242100,  0, 22,0
83997,2007-02-20 21:12:15,121.399500,31.242100,  0, 22,0
83997,2007-02-20 21:13:15,121.399500,31.242100,  0, 22,0
83997,2007-02-20 21:14:17,121.399500,31.242100,  0, 22,0
83997,2007-02-20 21:15:18,121.399500,31.242100,  0, 22,0
83997,2007-02-20 21:16:19,121.399500,31.242100,  0, 22,0
83997,2007-02-20 21:17:20,121.399500,31.242100,  0, 22,0
83997,2007-02-20 21:19:22,121.399500,31.242100,  0, 22,0
83997,2007-02-20 21:20:23,121.399500,31.242100,  0, 22,0
83997,2007-02-20 21:21:24,121.399500,31.242100,  0, 22,0
83997,2007-02-20 21:22:25,121.399500,31.242100,  0, 22,0
83997,2007-02-20 21:23:25,121.399500,31.242100,  0, 22,0
83997,2007-02-20 21:24:27,121.399500,31.242100,  0, 22,0
83997,2007-02-20 21:25:28,121.399500,31.242100,  0, 22,0
83997,2007-02-20 21:26:29,121.399500,31.242100,  0, 22,0
83997,2007-02-20 21:27:30,121.399500,31.242100,  0, 22,0
83997,2007-02-20 21:28:30,121.399500,31.242100,  0, 22,0
83997,2007-02-20 21:29:32,121.399500,31.242100,  0, 22,0
83997,2007-02-20 21:31:34,121.399500,31.242100,  0, 22,0
83997,2007-02-20 21:32:35,121.399500,31.242100,  0, 22,0
83997,2007-02-20 21:33:35,121.399500,31.242100,  0, 22,0
83997,2007-02-20 21:34:37,121.399500,31.242100,  0, 22,0
83997,2007-02-20 21:35:38,121.399500,31.242100,  0, 22,0
83997,2007-02-20 21:36:39,121.399500,31.242100,  0, 22,0
83997,2007-02-20 21:37:40,121.399500,31.242100,  0, 22,0
83997,2007-02-20 21:38:40,121.399500,31.242100,  0, 22,0
83997,2007-02-20 21:39:42,121.399500,31.242100,  0, 22,0
83997,2007-02-20 21:41:44,121.399500,31.242100,  0, 22,0
83997,2007-02-20 21:42:08,121.399500,31.242100,  0, 22,0
83997,2007-02-20 21:43:09,121.399500,31.242100,  0, 22,0
83997,2007-02-20 21:44:10,121.399500,31.242100,  0, 22,0
83997,2007-02-20 21:45:10,121.399500,31.242100,  0, 22,0
83997,2007-02-20 21:46:12,121.399500,31.242100,  0, 22,0
83997,2007-02-20 21:47:13,121.399500,31.242100,  0, 22,0
83997,2007-02-20 21:48:14,121.399500,31.242100,  0, 22,0
83997,2007-02-20 21:49:15,121.399500,31.242100,  0, 22,0
83997,2007-02-20 21:50:15,121.399600,31.242100,  0, 22,0
83997,2007-02-20 21:51:17,121.399600,31.242100,  0, 22,0
83997,2007-02-20 21:52:18,121.399600,31.242100,  0, 22,0
83997,2007-02-20 21:53:19,121.399600,31.242100,  0, 22,0
83997,2007-02-20 21:54:20,121.399600,31.242100,  0, 22,0
83997,2007-02-20 21:55:20,121.399600,31.242100,  0, 22,0
83997,2007-02-20 21:57:23,121.399600,31.242100,  0, 22,0
83997,2007-02-20 21:58:24,121.399600,31.242100,  0, 22,0
83997,2007-02-20 21:59:24,121.399600,31.242100,  0, 22,0
83997,2007-02-20 22:00:25,121.399600,31.242100,  0, 22,0
83997,2007-02-20 22:01:26,121.399600,31.242100,  0, 22,0
83997,2007-02-20 22:02:27,121.399600,31.242100,  0, 22,0
83997,2007-02-20 22:03:28,121.399600,31.242100,  0, 22,0
83997,2007-02-20 22:04:29,121.399600,31.242100,  0, 22,0
83997,2007-02-20 22:05:30,121.399600,31.242100,  0, 22,0
83997,2007-02-20 22:06:31,121.399600,31.242100,  0, 22,0
83997,2007-02-20 22:07:32,121.399600,31.242100,  0, 22,0
83997,2007-02-20 22:08:14,121.398600,31.242600, 32,157,0
83997,2007-02-20 22:08:38,121.398000,31.243600, 24,  0,0
83997,2007-02-20 22:08:54,121.397600,31.244600, 28,  0,0
83997,2007-02-20 22:09:10,121.397600,31.245600, 40,  0,0
83997,2007-02-20 22:09:26,121.396600,31.246500, 44,135,0
83997,2007-02-20 22:10:20,121.393800,31.246600, 38,135,0
83997,2007-02-20 22:10:50,121.392500,31.246600, 34,135,0
83997,2007-02-20 22:11:39,121.384100,31.248600, 76,135,0
83997,2007-02-20 22:11:54,121.381600,31.249300, 48,135,0
83997,2007-02-20 22:12:10,121.379800,31.249800, 44,135,0
83997,2007-02-20 22:12:26,121.378100,31.250300, 36,135,0
83997,2007-02-20 22:12:42,121.376500,31.250800, 44,135,0
83997,2007-02-20 22:12:58,121.374600,31.251300, 38,135,0
83997,2007-02-20 22:13:14,121.373500,31.251500,  0,135,0
83997,2007-02-20 22:14:15,121.373100,31.251600, 28,135,0
83997,2007-02-20 22:14:31,121.371500,31.252100, 50,135,0
83997,2007-02-20 22:14:47,121.369300,31.252600, 50,135,0
83997,2007-02-20 22:15:03,121.367800,31.253100,  6,157,0
83997,2007-02-20 22:15:23,121.368000,31.254100, 32,  0,0
83997,2007-02-20 22:16:24,121.368600,31.254300,  0,112,0
83997,2007-02-20 22:17:25,121.368600,31.254300,  0,112,0
83997,2007-02-20 22:17:59,121.367600,31.253800, 40, 90,0
83997,2007-02-20 22:18:15,121.366600,31.253300, 46,135,0
83997,2007-02-20 22:18:31,121.364500,31.254000, 54,135,0
83997,2007-02-20 22:18:47,121.362500,31.254500, 22,135,0
83997,2007-02-20 22:19:03,121.360600,31.255000, 60,135,0
83997,2007-02-20 22:19:19,121.358500,31.255600, 48,135,0
83997,2007-02-20 22:19:35,121.356100,31.256100, 52,135,0
83997,2007-02-20 22:19:51,121.354300,31.256600, 34,135,0
83997,2007-02-20 22:20:07,121.352100,31.257300, 56,135,0
83997,2007-02-20 22:20:24,121.350300,31.258000, 38,135,0
83997,2007-02-20 22:20:39,121.348500,31.258600, 54,135,0
83997,2007-02-20 22:20:55,121.346100,31.259300, 56,135,0
83997,2007-02-20 22:21:11,121.343600,31.260100, 58,135,0
83997,2007-02-20 22:21:27,121.342500,31.260300, 20,157,0
83997,2007-02-20 22:21:48,121.341600,31.260000, 36,112,0
83997,2007-02-20 22:22:04,121.340600,31.259000, 34,112,0
83997,2007-02-20 22:22:20,121.339500,31.257800, 44,112,0
83997,2007-02-20 22:22:36,121.337800,31.256800, 52,112,0
83997,2007-02-20 22:22:52,121.336000,31.255500, 54,112,0
83997,2007-02-20 22:23:08,121.334500,31.254300, 28,112,0
83997,2007-02-20 22:23:24,121.333600,31.255600, 50,157,0
83997,2007-02-20 22:23:40,121.332600,31.256600, 34,135,0
83997,2007-02-20 22:23:56,121.331300,31.256500, 24,135,0
83997,2007-02-20 22:25:58,121.331100,31.257100,  0,  0,0
83997,2007-02-20 22:26:59,121.331100,31.257100,  0,  0,0
83997,2007-02-20 22:28:00,121.331100,31.257100,  0,  0,0
83997,2007-02-20 22:29:01,121.331100,31.257100,  0,  0,0
83997,2007-02-20 22:30:02,121.331100,31.257300,  0,  0,0
83997,2007-02-20 22:31:03,121.331100,31.257300,  0,  0,0
83997,2007-02-20 22:33:05,121.331100,31.257300,  0,  0,0
83997,2007-02-20 22:34:06,121.331100,31.257300,  0,  0,0
83997,2007-02-20 22:35:06,121.331100,31.257300,  0,  0,0
83997,2007-02-20 22:36:07,121.331100,31.257300,  0,  0,0
83997,2007-02-20 22:37:08,121.331100,31.257300,  0,  0,0
83997,2007-02-20 22:38:09,121.331100,31.257300,  0,  0,0
83997,2007-02-20 22:39:10,121.331100,31.257300,  0,  0,0
83997,2007-02-20 22:40:11,121.331100,31.257300,  0,  0,0
83997,2007-02-20 22:41:12,121.331100,31.257300,  0,  0,0
83997,2007-02-20 22:42:13,121.331100,31.257300,  0,  0,0
83997,2007-02-20 22:43:14,121.331100,31.257300,  0,  0,0
83997,2007-02-20 22:44:15,121.331100,31.257300,  0,  0,0
83997,2007-02-20 22:45:16,121.331100,31.257300,  0,  0,0
83997,2007-02-20 22:46:17,121.331100,31.257300,  0,  0,0
83997,2007-02-20 22:47:18,121.331100,31.257300,  0,  0,0
83997,2007-02-20 22:48:19,121.331100,31.257300,  0,  0,0
83997,2007-02-20 22:49:20,121.331100,31.257300,  0,  0,0
83997,2007-02-20 22:50:21,121.331100,31.257300,  0,  0,0
83997,2007-02-20 22:51:22,121.331100,31.257300,  0,  0,0
83997,2007-02-20 22:52:23,121.331100,31.257300,  0,  0,0
83997,2007-02-20 22:53:24,121.331100,31.257300,  0,  0,0
83997,2007-02-20 22:54:25,121.331100,31.257300,  0,  0,0
83997,2007-02-20 22:55:26,121.331100,31.257300,  0,  0,0
83997,2007-02-20 22:56:27,121.331100,31.257300,  0,  0,0
83997,2007-02-20 22:57:28,121.331100,31.257300,  0,  0,0
83997,2007-02-20 22:58:29,121.331100,31.257300,  0,  0,0
83997,2007-02-20 22:59:30,121.331100,31.257300,  0,  0,0
83997,2007-02-20 23:00:31,121.331100,31.257300,  0,  0,0
83997,2007-02-20 23:01:32,121.331100,31.257300,  0,  0,0
83997,2007-02-20 23:02:33,121.331100,31.257300,  0,  0,0
83997,2007-02-20 23:03:34,121.331100,31.257300,  0,  0,0
83997,2007-02-20 23:04:35,121.331100,31.257300,  0,  0,0
83997,2007-02-20 23:05:36,121.331100,31.257300,  0,  0,0
83997,2007-02-20 23:06:37,121.331100,31.257300,  0,  0,0
83997,2007-02-20 23:07:38,121.331100,31.257300,  0,  0,0
83997,2007-02-20 23:08:39,121.331100,31.257300,  0,  0,0
83997,2007-02-20 23:10:41,121.331100,31.257300,  0,  0,0
83997,2007-02-20 23:11:42,121.331100,31.257300,  0,  0,0
83997,2007-02-20 23:13:44,121.331100,31.257300,  0,  0,0
83997,2007-02-20 23:15:46,121.331100,31.257300,  0,  0,0
83997,2007-02-20 23:16:47,121.331100,31.257300,  0,  0,0
83997,2007-02-20 23:17:48,121.331100,31.257300,  0,  0,0
83997,2007-02-20 23:18:49,121.331100,31.257300,  0,  0,0
83997,2007-02-20 23:19:50,121.331100,31.257300,  0,  0,0
83997,2007-02-20 23:20:51,121.331100,31.257300,  0,  0,0
83997,2007-02-20 23:21:52,121.331100,31.257300,  0,  0,0
83997,2007-02-20 23:22:53,121.331100,31.257300,  0,  0,0
83997,2007-02-20 23:24:45,121.331100,31.257300,  0,  0,0
83997,2007-02-20 23:26:47,121.331100,31.257300,  0,  0,0
83997,2007-02-20 23:27:48,121.331100,31.257300,  0,  0,0
83997,2007-02-20 23:28:49,121.331100,31.257300,  0,  0,0
83997,2007-02-20 23:29:50,121.331100,31.257300,  0,  0,0
83997,2007-02-20 23:30:51,121.331100,31.257300,  0,  0,0
83997,2007-02-20 23:31:52,121.331100,31.257300,  0,  0,0
83997,2007-02-20 23:32:53,121.331100,31.257300,  0,  0,0
83997,2007-02-20 23:33:54,121.331100,31.257300,  0,  0,0
83997,2007-02-20 23:34:55,121.331100,31.257300,  0,  0,0
83997,2007-02-20 23:35:56,121.331100,31.257300,  0,  0,0
83997,2007-02-20 23:36:57,121.331100,31.257300,  0,  0,0
83997,2007-02-20 23:37:58,121.331100,31.257300,  0,  0,0
83997,2007-02-20 23:40:00,121.331100,31.257300,  0,  0,0
83997,2007-02-20 23:41:01,121.331100,31.257300,  0,  0,0
83997,2007-02-20 23:42:02,121.331100,31.257300,  0,  0,0
83997,2007-02-20 23:43:03,121.331100,31.257300,  0,  0,0
83997,2007-02-20 23:44:04,121.331100,31.257300,  0,  0,0
83997,2007-02-20 23:45:05,121.331100,31.257300,  0,  0,0
83997,2007-02-20 23:46:06,121.331100,31.257300,  0,  0,0
83997,2007-02-20 23:47:07,121.331100,31.257300,  0,  0,0
83997,2007-02-20 23:48:08,121.331100,31.257300,  0,  0,0
83997,2007-02-20 23:49:09,121.331100,31.257300,  0,  0,0
83997,2007-02-20 23:50:10,121.331100,31.257100,  0, 67,0
83997,2007-02-20 23:51:11,121.331100,31.257100,  0, 67,0
83997,2007-02-20 23:52:12,121.331100,31.257100,  0, 67,0
83997,2007-02-20 23:53:13,121.331100,31.257300,  0, 67,0
83997,2007-02-20 23:54:14,121.331100,31.257300,  0, 67,0
83997,2007-02-20 23:55:15,121.331100,31.257300,  0, 67,0
83997,2007-02-20 23:56:16,121.331100,31.257300,  0, 67,0
83997,2007-02-20 23:57:17,121.331100,31.257300,  0, 67,0
83997,2007-02-20 23:58:18,121.331100,31.257300,  0, 67,0
83997,2007-02-20 23:59:19,121.331100,31.257300,  0, 67,0
