6374,2007-02-20 00:00:03,121.450600,31.250000,  0,135,0
6374,2007-02-20 00:01:04,121.450600,31.250000,  0,135,0
6374,2007-02-20 00:02:05,121.450600,31.250000,  0,135,0
6374,2007-02-20 00:03:06,121.450600,31.250000,  0,135,0
6374,2007-02-20 00:04:07,121.450600,31.250000,  0,135,0
6374,2007-02-20 00:05:08,121.450600,31.250000,  0,135,0
6374,2007-02-20 00:06:09,121.450600,31.250000,  0,135,0
6374,2007-02-20 00:07:10,121.450600,31.250000,  0,135,0
6374,2007-02-20 00:08:11,121.450600,31.250000,  0,135,0
6374,2007-02-20 00:09:12,121.450600,31.250000,  0,135,0
6374,2007-02-20 00:11:14,121.450600,31.250000,  0,135,0
6374,2007-02-20 00:13:16,121.450600,31.250000,  0,135,0
6374,2007-02-20 00:14:17,121.450600,31.250000,  0,135,0
6374,2007-02-20 00:15:18,121.450600,31.250000,  0,135,0
6374,2007-02-20 00:16:19,121.450600,31.250000,  0,135,0
6374,2007-02-20 00:17:20,121.450600,31.250000,  0,135,0
6374,2007-02-20 00:18:21,121.450600,31.250000,  0,135,0
6374,2007-02-20 00:19:22,121.450600,31.250000,  0,135,0
6374,2007-02-20 00:20:23,121.450600,31.250000,  0,135,0
6374,2007-02-20 00:22:25,121.450600,31.250000,  0,135,0
6374,2007-02-20 00:24:03,121.450600,31.250000,  0,  0,0
6374,2007-02-20 00:25:03,121.450600,31.250000,  0,  0,0
6374,2007-02-20 00:26:04,121.450600,31.250000,  0,  0,0
6374,2007-02-20 00:27:05,121.450600,31.250000,  0,  0,0
6374,2007-02-20 00:28:06,121.450600,31.250000,  0,  0,0
6374,2007-02-20 00:29:07,121.450600,31.250000,  0,  0,0
6374,2007-02-20 00:30:08,121.450600,31.250000,  0,  0,0
6374,2007-02-20 00:32:10,121.450600,31.250000,  0,  0,0
6374,2007-02-20 00:33:11,121.450600,31.250000,  0,  0,0
6374,2007-02-20 00:34:12,121.450600,31.250000,  0,  0,0
6374,2007-02-20 00:35:13,121.450600,31.250000,  0,  0,0
6374,2007-02-20 00:36:14,121.450600,31.250000,  0,  0,0
6374,2007-02-20 00:37:14,121.450600,31.250000,  0,  0,0
6374,2007-02-20 00:38:15,121.450600,31.250000,  0,  0,0
6374,2007-02-20 00:39:16,121.450600,31.250000,  0,  0,0
6374,2007-02-20 00:40:17,121.450600,31.250000,  0,  0,0
6374,2007-02-20 00:41:18,121.450600,31.250000,  0,  0,0
6374,2007-02-20 00:43:20,121.450600,31.250000,  0,  0,0
6374,2007-02-20 00:44:21,121.450600,31.250000,  0,  0,0
6374,2007-02-20 00:45:22,121.450600,31.250000,  0,  0,0
6374,2007-02-20 00:46:23,121.450600,31.250000,  0,  0,0
6374,2007-02-20 00:47:24,121.450600,31.250000,  0,  0,0
6374,2007-02-20 00:48:25,121.450600,31.250000,  0,  0,0
6374,2007-02-20 00:50:27,121.450600,31.250000,  0,  0,0
6374,2007-02-20 00:51:28,121.450600,31.250000,  0,  0,0
6374,2007-02-20 00:52:29,121.450600,31.250000,  0,  0,0
6374,2007-02-20 00:53:30,121.450600,31.250000,  0,  0,0
6374,2007-02-20 00:55:32,121.450600,31.250000,  0,  0,0
6374,2007-02-20 00:56:33,121.450600,31.250000,  0,  0,0
6374,2007-02-20 00:58:35,121.450600,31.250000,  0,  0,0
6374,2007-02-20 00:59:36,121.450600,31.250000,  0,  0,0
6374,2007-02-20 01:01:38,121.450600,31.250000,  0,  0,0
6374,2007-02-20 01:03:40,121.450600,31.250000,  0,  0,0
6374,2007-02-20 01:05:41,121.450600,31.250000,  0,  0,0
6374,2007-02-20 01:06:43,121.450600,31.250000,  0,  0,0
6374,2007-02-20 01:07:43,121.450600,31.250000,  0,  0,0
6374,2007-02-20 01:08:44,121.450600,31.250000,  0,  0,0
6374,2007-02-20 01:09:28,121.450600,31.250000,  0,  0,1
6374,2007-02-20 01:10:29,121.446600,31.253000, 82,  0,1
6374,2007-02-20 01:11:30,121.447100,31.256600,  0,  0,1
6374,2007-02-20 01:12:31,121.448100,31.256600, 16,157,1
6374,2007-02-20 01:13:32,121.444800,31.257000, 48,135,1
6374,2007-02-20 01:13:55,121.443500,31.256800,  0,135,0
6374,2007-02-20 01:14:11,121.443500,31.256800,  0,135,0
6374,2007-02-20 01:14:46,121.443300,31.256500, 38, 90,0
6374,2007-02-20 01:15:02,121.443000,31.255600, 22,135,0
6374,2007-02-20 01:15:18,121.441300,31.256300, 56,157,0
6374,2007-02-20 01:15:34,121.438800,31.257100, 60,157,0
6374,2007-02-20 01:15:50,121.436800,31.257800, 38,157,0
6374,2007-02-20 01:16:06,121.436100,31.258100, 32,  0,0
6374,2007-02-20 01:16:22,121.435800,31.259800, 52,  0,0
6374,2007-02-20 01:16:38,121.435100,31.261600, 36,157,0
6374,2007-02-20 01:16:54,121.434100,31.263000, 48,157,0
6374,2007-02-20 01:17:23,121.433500,31.263800, 30,157,0
6374,2007-02-20 01:17:39,121.432500,31.265100, 50,157,0
6374,2007-02-20 01:17:55,121.431500,31.266600, 38,157,0
6374,2007-02-20 01:18:11,121.431000,31.268100, 16,  0,0
6374,2007-02-20 01:18:27,121.432000,31.268600, 44, 45,0
6374,2007-02-20 01:18:43,121.433600,31.269000, 44, 45,0
6374,2007-02-20 01:18:59,121.435800,31.269300, 42, 45,0
6374,2007-02-20 01:20:07,121.434100,31.270600, 74,135,0
6374,2007-02-20 01:20:22,121.432600,31.271300, 16,  0,0
6374,2007-02-20 01:20:39,121.433500,31.272000, 40, 22,0
6374,2007-02-20 01:20:55,121.434000,31.273000, 42,157,0
6374,2007-02-20 01:21:11,121.432500,31.274800, 76,157,0
6374,2007-02-20 01:21:27,121.431100,31.276300,  0,157,0
6374,2007-02-20 01:21:44,121.430300,31.277000, 48,157,0
6374,2007-02-20 01:22:24,121.427300,31.278500, 22,157,0
6374,2007-02-20 01:22:40,121.426500,31.280000, 54,157,0
6374,2007-02-20 01:22:56,121.425300,31.281800, 54,157,0
6374,2007-02-20 01:23:12,121.424300,31.283600, 56,157,0
6374,2007-02-20 01:23:27,121.423600,31.285500, 54,  0,0
6374,2007-02-20 01:23:44,121.423300,31.287600, 38,  0,0
6374,2007-02-20 01:24:04,121.423100,31.288600, 38,  0,0
6374,2007-02-20 01:24:20,121.423000,31.290300, 50,  0,0
6374,2007-02-20 01:24:52,121.423000,31.294500, 54,  0,0
6374,2007-02-20 01:25:07,121.422000,31.295100, 48,135,0
6374,2007-02-20 01:25:24,121.419800,31.295000, 40,135,0
6374,2007-02-20 01:25:40,121.419100,31.295500, 36,  0,0
6374,2007-02-20 01:33:07,121.436600,31.307800, 28,  0,0
6374,2007-02-20 01:33:23,121.436600,31.308800, 20,  0,0
6374,2007-02-20 01:33:46,121.437000,31.309600, 20, 45,0
6374,2007-02-20 01:36:31,121.443800,31.308600, 40, 90,0
6374,2007-02-20 01:36:47,121.443500,31.307500, 24,112,0
6374,2007-02-20 01:37:03,121.442000,31.307300, 36,135,0
6374,2007-02-20 01:37:19,121.440100,31.307300, 40,135,0
6374,2007-02-20 01:37:35,121.438100,31.307100, 46,135,0
6374,2007-02-20 01:37:51,121.436600,31.307100, 22,  0,0
6374,2007-02-20 01:38:52,121.436600,31.307300,  0,  0,0
6374,2007-02-20 01:39:53,121.436600,31.307300,  0,135,0
6374,2007-02-20 01:40:54,121.436600,31.307300,  4,112,0
6374,2007-02-20 01:41:55,121.436600,31.307300,  0,112,0
6374,2007-02-20 01:42:56,121.436600,31.307300,  0,112,0
6374,2007-02-20 01:43:57,121.436500,31.307300,  0, 90,0
6374,2007-02-20 01:44:58,121.436500,31.307300,  0, 90,0
6374,2007-02-20 01:45:59,121.436500,31.307300,  0, 90,0
6374,2007-02-20 01:47:00,121.436500,31.307300,  0, 90,0
6374,2007-02-20 01:48:01,121.436500,31.307300,  0, 90,0
6374,2007-02-20 01:50:03,121.436600,31.307100,  8, 90,0
6374,2007-02-20 01:50:26,121.436600,31.307800, 30,  0,0
6374,2007-02-20 01:50:58,121.436500,31.310500, 40,  0,0
6374,2007-02-20 01:51:14,121.436500,31.311500,  0,  0,0
6374,2007-02-20 01:52:15,121.436500,31.311500,  0,  0,0
6374,2007-02-20 01:53:16,121.436500,31.311500,  0,  0,0
6374,2007-02-20 01:54:17,121.436500,31.311500,  0,  0,0
6374,2007-02-20 01:55:18,121.436500,31.311500,  0,  0,0
6374,2007-02-20 01:56:19,121.436500,31.311500,  0,  0,0
6374,2007-02-20 01:57:20,121.436500,31.311500,  0,  0,0
6374,2007-02-20 01:58:21,121.436500,31.311500,  0,  0,0
6374,2007-02-20 02:00:23,121.436500,31.311500,  0,  0,0
6374,2007-02-20 02:01:24,121.436500,31.311500,  0,  0,0
6374,2007-02-20 02:03:26,121.436500,31.312300, 26,  0,0
6374,2007-02-20 02:03:42,121.436300,31.313600, 50,  0,0
6374,2007-02-20 02:03:58,121.436100,31.315800, 50,  0,0
6374,2007-02-20 02:04:14,121.436100,31.317100, 34,  0,0
6374,2007-02-20 02:04:52,121.436000,31.317100, 22, 90,1
6374,2007-02-20 02:05:52,121.436500,31.311300, 28, 90,1
6374,2007-02-20 02:06:53,121.438300,31.307000, 54, 45,1
6374,2007-02-20 02:07:54,121.443500,31.307500,  0, 45,1
6374,2007-02-20 02:08:55,121.444300,31.300500, 84, 90,1
6374,2007-02-20 02:09:56,121.446800,31.287500, 78, 90,1
6374,2007-02-20 02:10:57,121.448100,31.277100, 76, 90,1
6374,2007-02-20 02:11:58,121.453000,31.270000,  0, 67,1
6374,2007-02-20 02:12:59,121.453500,31.269000, 58, 67,1
6374,2007-02-20 02:14:00,121.456300,31.262800,  0, 67,1
6374,2007-02-20 02:16:02,121.458100,31.249600, 42, 90,1
6374,2007-02-20 02:18:04,121.455600,31.237800, 12,112,1
6374,2007-02-20 02:19:05,121.449800,31.234600, 42,135,1
6374,2007-02-20 02:20:06,121.447500,31.234000,  0,135,1
6374,2007-02-20 02:20:52,121.445500,31.232600,  0, 67,0
6374,2007-02-20 02:21:08,121.445500,31.232600,  0, 67,0
6374,2007-02-20 02:21:56,121.445500,31.232800, 18,157,1
6374,2007-02-20 02:22:56,121.442000,31.235300, 48,135,1
6374,2007-02-20 02:23:57,121.435600,31.232600, 56,112,1
6374,2007-02-20 02:24:36,121.434000,31.233800,  0,157,0
6374,2007-02-20 02:24:52,121.434000,31.233800,  0,157,0
6374,2007-02-20 02:25:14,121.433500,31.234600, 18,  0,0
6374,2007-02-20 02:26:28,121.436100,31.235600, 28, 22,0
6374,2007-02-20 02:26:44,121.437800,31.236100, 42, 22,0
6374,2007-02-20 02:27:00,121.439800,31.237000, 56, 45,0
6374,2007-02-20 02:28:01,121.441000,31.237300, 32, 22,0
6374,2007-02-20 02:28:17,121.443000,31.238100, 54, 22,0
6374,2007-02-20 02:28:33,121.444800,31.238600, 30, 45,0
6374,2007-02-20 02:29:19,121.444600,31.239500, 18,157,0
6374,2007-02-20 02:29:40,121.445000,31.239100, 32, 67,0
6374,2007-02-20 02:32:11,121.446500,31.239500, 24, 22,0
6374,2007-02-20 02:32:27,121.445500,31.240600, 46,157,0
6374,2007-02-20 02:32:43,121.444500,31.241600,  0,157,0
6374,2007-02-20 02:33:04,121.444500,31.241600, 16,157,1
6374,2007-02-20 02:34:04,121.440800,31.246100, 34, 45,1
6374,2007-02-20 02:35:05,121.447000,31.247300, 28, 45,1
6374,2007-02-20 02:36:06,121.456600,31.247100, 50, 67,1
6374,2007-02-20 02:37:07,121.461500,31.246000,  0, 45,1
6374,2007-02-20 02:38:34,121.466500,31.246000,  0, 90,0
6374,2007-02-20 02:39:15,121.466500,31.245600, 28, 90,0
6374,2007-02-20 02:40:20,121.466800,31.245800, 14,  0,1
6374,2007-02-20 02:41:21,121.469800,31.247300, 54, 45,1
6374,2007-02-20 02:43:23,121.477500,31.249800, 44, 45,1
6374,2007-02-20 02:44:24,121.480100,31.251500, 10, 22,1
6374,2007-02-20 02:45:25,121.483800,31.253600,  0, 67,1
6374,2007-02-20 02:46:26,121.485000,31.254100, 48, 22,1
6374,2007-02-20 02:47:27,121.487500,31.255300, 36, 45,1
6374,2007-02-20 02:48:28,121.492000,31.256300,  4, 22,1
6374,2007-02-20 02:49:29,121.498500,31.261100, 16, 22,1
6374,2007-02-20 02:50:30,121.501500,31.263100, 54, 22,1
6374,2007-02-20 02:51:31,121.506100,31.265100, 66, 45,1
6374,2007-02-20 02:52:32,121.511300,31.268600, 64, 22,1
6374,2007-02-20 02:53:33,121.517800,31.273500, 64, 22,1
6374,2007-02-20 02:54:34,121.518500,31.273800, 12, 22,1
6374,2007-02-20 02:55:35,121.524000,31.276800, 14, 22,1
6374,2007-02-20 02:57:05,121.524100,31.278600,  0, 22,0
6374,2007-02-20 02:58:06,121.524000,31.279000, 10, 22,0
6374,2007-02-20 02:58:32,121.523100,31.279000, 22,112,0
6374,2007-02-20 02:59:27,121.522000,31.278600, 26,135,0
6374,2007-02-20 02:59:59,121.521000,31.279300, 36,112,0
6374,2007-02-20 03:00:36,121.520000,31.278800, 16,112,0
6374,2007-02-20 03:00:52,121.518500,31.278100, 40,135,0
6374,2007-02-20 03:01:18,121.517800,31.278000, 26,135,1
6374,2007-02-20 03:03:20,121.507100,31.275500, 38,135,1
6374,2007-02-20 03:04:21,121.502300,31.272600,  0,112,1
6374,2007-02-20 03:05:22,121.501800,31.270800,  8, 90,1
6374,2007-02-20 03:06:23,121.499000,31.265100, 68,112,1
6374,2007-02-20 03:07:24,121.498300,31.261000, 50,112,1
6374,2007-02-20 03:08:25,121.493600,31.257800, 24,112,1
6374,2007-02-20 03:09:26,121.487600,31.255500, 54,135,1
6374,2007-02-20 03:10:27,121.482000,31.252600, 74,112,1
6374,2007-02-20 03:11:27,121.480300,31.251800,  6,112,1
6374,2007-02-20 03:12:29,121.477000,31.249800,  0,135,1
6374,2007-02-20 03:14:31,121.471000,31.247800,  0,135,1
6374,2007-02-20 03:15:32,121.466800,31.246800,  0,135,1
6374,2007-02-20 03:16:32,121.465300,31.246500, 54,135,1
6374,2007-02-20 03:17:34,121.462500,31.246100,  0,135,1
6374,2007-02-20 03:18:35,121.458600,31.247000, 46,157,1
6374,2007-02-20 03:19:36,121.459100,31.252100, 12,  0,1
6374,2007-02-20 03:21:38,121.455500,31.260300, 22,135,1
6374,2007-02-20 03:22:39,121.456100,31.262800, 16,135,1
6374,2007-02-20 03:23:40,121.452600,31.261500, 58,135,1
6374,2007-02-20 03:26:43,121.431600,31.255800,  8,112,1
6374,2007-02-20 03:27:44,121.427000,31.254100, 58,  0,1
6374,2007-02-20 03:29:46,121.420600,31.252300, 52,135,1
6374,2007-02-20 03:31:47,121.419500,31.251800,  0,112,1
6374,2007-02-20 03:32:49,121.413600,31.249000, 54,135,1
6374,2007-02-20 03:33:04,121.412600,31.248800,  0,135,0
6374,2007-02-20 03:34:20,121.415500,31.249100, 44, 22,0
6374,2007-02-20 03:34:36,121.417000,31.250300, 50, 22,0
6374,2007-02-20 03:34:52,121.418600,31.251300, 40, 22,0
6374,2007-02-20 03:35:07,121.420000,31.252000, 42, 22,0
6374,2007-02-20 03:35:24,121.421800,31.252600, 26, 22,0
6374,2007-02-20 03:36:16,121.423000,31.253100, 22, 22,0
6374,2007-02-20 03:36:32,121.424300,31.254000, 46, 22,0
6374,2007-02-20 03:36:47,121.425600,31.254800, 34, 22,0
6374,2007-02-20 03:37:15,121.426500,31.255600, 32,  0,0
6374,2007-02-20 03:37:31,121.426000,31.257300, 54,  0,0
6374,2007-02-20 03:37:47,121.426100,31.259500, 62,  0,0
6374,2007-02-20 03:38:02,121.426300,31.262000, 66,  0,0
6374,2007-02-20 03:38:35,121.425800,31.266800, 48,  0,0
6374,2007-02-20 03:38:55,121.425500,31.267800, 40,  0,0
6374,2007-02-20 03:39:11,121.425600,31.269600, 60,  0,0
6374,2007-02-20 03:39:27,121.426300,31.272100, 76,  0,0
6374,2007-02-20 03:39:42,121.427000,31.274000, 26, 22,0
6374,2007-02-20 03:39:59,121.426300,31.275100, 56,157,0
6374,2007-02-20 03:40:49,121.422100,31.279600, 66,157,0
6374,2007-02-20 03:41:21,121.418600,31.283800, 82,157,0
6374,2007-02-20 03:41:52,121.416300,31.287600, 68,157,0
6374,2007-02-20 03:42:09,121.414800,31.290300, 82,157,0
6374,2007-02-20 03:42:25,121.413300,31.292800, 68,157,0
6374,2007-02-20 03:42:41,121.413100,31.293800, 20, 67,0
6374,2007-02-20 03:43:42,121.413300,31.293600,  0,157,0
6374,2007-02-20 03:44:42,121.413300,31.293600,  0,157,0
6374,2007-02-20 03:45:11,121.412500,31.294300, 50,157,0
6374,2007-02-20 03:45:27,121.411100,31.296500, 68,157,0
6374,2007-02-20 03:45:42,121.409800,31.298600, 66,157,0
6374,2007-02-20 03:45:59,121.409100,31.301100, 58,  0,0
6374,2007-02-20 03:46:15,121.409100,31.303500, 60,  0,0
6374,2007-02-20 03:46:31,121.410100,31.304300, 46, 45,0
6374,2007-02-20 03:46:47,121.411800,31.304500, 48, 45,0
6374,2007-02-20 03:47:02,121.413300,31.304500,  8, 45,0
6374,2007-02-20 03:48:19,121.420000,31.304800, 66, 45,0
6374,2007-02-20 03:48:51,121.425800,31.305300, 60, 45,0
6374,2007-02-20 03:49:07,121.428100,31.305500, 56, 45,0
6374,2007-02-20 03:49:22,121.429300,31.305600, 14, 45,0
6374,2007-02-20 03:49:44,121.429600,31.306500, 44,  0,0
6374,2007-02-20 03:50:03,121.429500,31.309100, 62,  0,0
6374,2007-02-20 03:50:16,121.429000,31.311100, 72,  0,0
6374,2007-02-20 03:50:32,121.428600,31.312800, 38,157,0
6374,2007-02-20 03:50:47,121.428100,31.313600,  8,135,0
6374,2007-02-20 03:51:07,121.427300,31.313800, 34,  0,0
6374,2007-02-20 03:51:22,121.427100,31.315300, 20,  0,0
6374,2007-02-20 03:52:24,121.427500,31.315500,  0, 22,0
6374,2007-02-20 03:54:26,121.427500,31.315500,  0, 22,0
6374,2007-02-20 03:55:27,121.427500,31.315500,  0, 22,0
6374,2007-02-20 03:56:27,121.427500,31.315500,  0, 22,0
6374,2007-02-20 03:57:29,121.427500,31.315500,  0, 22,0
6374,2007-02-20 03:58:30,121.427500,31.315500,  0, 22,0
6374,2007-02-20 03:59:31,121.427500,31.315500,  0, 22,0
6374,2007-02-20 04:00:32,121.427500,31.315500,  0, 22,0
6374,2007-02-20 04:01:32,121.427500,31.315500,  0, 22,0
6374,2007-02-20 04:02:34,121.427500,31.315500,  0, 22,0
6374,2007-02-20 04:03:35,121.427500,31.315500,  0, 22,0
6374,2007-02-20 04:04:36,121.427500,31.315500,  0, 22,0
6374,2007-02-20 04:05:37,121.427500,31.315500,  0, 22,0
6374,2007-02-20 04:06:37,121.427500,31.315500,  0, 22,0
6374,2007-02-20 04:07:39,121.427500,31.315500,  0, 22,0
6374,2007-02-20 04:08:40,121.427500,31.315500,  0, 22,0
6374,2007-02-20 04:10:42,121.427500,31.315500,  0, 22,0
6374,2007-02-20 04:11:42,121.427500,31.315500,  0, 22,0
6374,2007-02-20 04:13:45,121.427500,31.315500,  0, 22,0
6374,2007-02-20 04:14:46,121.427500,31.315500,  0, 22,0
6374,2007-02-20 04:15:47,121.427500,31.315500,  0, 22,0
6374,2007-02-20 04:16:47,121.427500,31.315500,  0, 22,0
6374,2007-02-20 04:17:49,121.427500,31.315500,  0, 22,0
6374,2007-02-20 04:18:50,121.427500,31.315500,  0, 22,0
6374,2007-02-20 04:19:51,121.427500,31.315500,  0, 22,0
6374,2007-02-20 04:20:51,121.427500,31.315500,  0, 22,0
6374,2007-02-20 04:21:52,121.427500,31.315500,  0, 22,0
6374,2007-02-20 04:22:53,121.427500,31.315500,  0, 22,0
6374,2007-02-20 04:23:54,121.427500,31.315500,  0, 22,0
6374,2007-02-20 04:24:55,121.427500,31.315500,  0, 22,0
6374,2007-02-20 04:25:56,121.427500,31.315500,  0, 22,0
6374,2007-02-20 04:26:57,121.427500,31.315500,  0, 22,0
6374,2007-02-20 04:27:58,121.427500,31.315500,  0, 22,0
6374,2007-02-20 04:28:59,121.427500,31.315500,  0, 22,0
6374,2007-02-20 04:30:00,121.427500,31.315500,  0, 22,0
6374,2007-02-20 04:31:01,121.427500,31.315500,  0, 22,0
6374,2007-02-20 04:32:02,121.427500,31.315500,  0, 22,0
6374,2007-02-20 04:33:03,121.427500,31.315500,  0, 22,0
6374,2007-02-20 04:34:04,121.427500,31.315500,  0, 22,0
6374,2007-02-20 04:35:05,121.427500,31.315500,  0, 22,0
6374,2007-02-20 04:36:06,121.427500,31.315500,  0, 22,0
6374,2007-02-20 04:37:07,121.427500,31.315500,  0, 22,0
6374,2007-02-20 04:38:08,121.427500,31.315500,  0, 22,0
6374,2007-02-20 04:39:09,121.427500,31.315500,  0, 22,0
6374,2007-02-20 04:40:10,121.427500,31.315500,  0, 22,0
6374,2007-02-20 04:41:11,121.427500,31.315500,  0, 22,0
6374,2007-02-20 04:42:12,121.427500,31.315500,  0, 22,0
6374,2007-02-20 04:43:13,121.427500,31.315500,  0, 22,0
6374,2007-02-20 04:44:14,121.427500,31.315500,  0, 22,0
6374,2007-02-20 04:46:16,121.427500,31.315500,  0, 22,0
6374,2007-02-20 04:47:17,121.427500,31.315500,  0, 22,0
6374,2007-02-20 04:48:18,121.427500,31.315500,  0, 22,0
6374,2007-02-20 04:49:19,121.427500,31.315500,  0, 22,0
6374,2007-02-20 04:50:20,121.427500,31.315500,  0, 22,0
6374,2007-02-20 04:51:21,121.427500,31.315500,  0, 22,0
6374,2007-02-20 04:52:22,121.427500,31.315500,  0, 22,0
6374,2007-02-20 04:53:23,121.427500,31.315500,  0, 22,0
6374,2007-02-20 04:54:24,121.427500,31.315500,  0, 22,0
6374,2007-02-20 04:55:25,121.427500,31.315500,  0, 22,0
6374,2007-02-20 04:57:27,121.427500,31.315500,  0, 22,0
6374,2007-02-20 04:58:28,121.427500,31.315500,  0, 22,0
6374,2007-02-20 04:59:29,121.427500,31.315500,  0, 22,0
6374,2007-02-20 05:00:30,121.427500,31.315500,  0, 22,0
6374,2007-02-20 05:01:31,121.427500,31.315500,  0, 22,0
6374,2007-02-20 05:02:32,121.427500,31.315500,  0, 22,0
6374,2007-02-20 05:03:33,121.427500,31.315500,  0, 22,0
6374,2007-02-20 05:04:34,121.427500,31.315500,  0, 22,0
6374,2007-02-20 05:05:35,121.427500,31.315500,  0, 22,0
6374,2007-02-20 05:06:36,121.427500,31.315500,  0, 22,0
6374,2007-02-20 05:07:37,121.427500,31.315500,  0, 22,0
6374,2007-02-20 05:08:38,121.427500,31.315500,  0, 22,0
6374,2007-02-20 05:09:39,121.427500,31.315500,  0, 22,0
6374,2007-02-20 05:10:40,121.427500,31.315500,  0, 22,0
6374,2007-02-20 05:11:41,121.427500,31.315500,  0, 22,0
6374,2007-02-20 05:12:42,121.427500,31.315500,  0, 22,0
6374,2007-02-20 05:14:44,121.427500,31.315500,  0, 22,0
6374,2007-02-20 05:16:46,121.427500,31.315500,  0, 22,0
6374,2007-02-20 05:17:47,121.427500,31.315500,  0, 22,0
6374,2007-02-20 05:18:48,121.427500,31.315500,  0, 22,0
6374,2007-02-20 05:19:49,121.427500,31.315500,  0, 22,0
6374,2007-02-20 05:20:50,121.427500,31.315500,  0, 22,0
6374,2007-02-20 05:21:51,121.427500,31.315500,  0, 22,0
6374,2007-02-20 05:22:52,121.427500,31.315500,  0, 22,0
6374,2007-02-20 05:23:53,121.427500,31.315500,  0, 22,0
6374,2007-02-20 05:24:54,121.427500,31.315500,  0, 22,0
6374,2007-02-20 06:53:11,121.427500,31.315500,  0, 22,0
6374,2007-02-20 09:51:56,121.427500,31.315500,  0, 22,0
6374,2007-02-20 09:55:27,121.427500,31.315500,  0, 22,0
6374,2007-02-20 09:56:28,121.427500,31.315500,  0, 22,0
6374,2007-02-20 09:57:29,121.427500,31.315500,  0, 22,0
6374,2007-02-20 11:28:26,121.427500,31.315600,  0,  0,0
6374,2007-02-20 11:29:42,121.427500,31.315500,  0,  0,0
6374,2007-02-20 11:31:43,121.427500,31.315500,  0,  0,0
6374,2007-02-20 13:02:51,121.427500,31.315500,  0,  0,0
6374,2007-02-20 13:39:22,121.435100,31.332000, 42, 22,0
6374,2007-02-20 13:39:38,121.437300,31.333000, 58, 22,0
6374,2007-02-20 13:40:10,121.440600,31.334600, 40, 22,0
6374,2007-02-20 13:41:04,121.442600,31.334600, 34, 67,0
6374,2007-02-20 13:41:20,121.443300,31.333300, 36, 67,0
6374,2007-02-20 13:41:36,121.444100,31.332000, 44, 67,0
6374,2007-02-20 13:41:52,121.445000,31.330800, 22, 67,0
6374,2007-02-20 13:42:10,121.446000,31.331100, 20, 22,0
6374,2007-02-20 13:42:26,121.447600,31.331800, 48, 45,0
6374,2007-02-20 13:42:57,121.448500,31.332000, 24, 45,1
6374,2007-02-20 13:43:57,121.455100,31.333100, 24, 45,1
6374,2007-02-20 13:44:58,121.455800,31.332000, 12, 45,1
6374,2007-02-20 13:45:59,121.458000,31.332800,  4, 90,1
6374,2007-02-20 13:46:38,121.458800,31.332800,  0, 45,0
6374,2007-02-20 13:47:08,121.458600,31.332600,  6,  0,0
6374,2007-02-20 13:47:37,121.458000,31.332500,  8, 90,0
6374,2007-02-20 13:47:58,121.457500,31.332000, 22,135,0
6374,2007-02-20 13:48:14,121.456300,31.332000, 22,135,0
6374,2007-02-20 13:48:39,121.455100,31.332100, 20,  0,0
6374,2007-02-20 13:48:57,121.455300,31.333100, 24,  0,0
6374,2007-02-20 13:49:13,121.455100,31.334600, 54,  0,0
6374,2007-02-20 13:49:29,121.454500,31.336500, 38,  0,0
6374,2007-02-20 13:49:45,121.454000,31.337500,  4,157,0
6374,2007-02-20 13:50:24,121.453500,31.338500, 20,157,0
6374,2007-02-20 13:50:48,121.452800,31.339500, 14,157,0
6374,2007-02-20 13:51:49,121.452800,31.339500,  0,157,0
6374,2007-02-20 13:52:09,121.451800,31.339500, 38,112,0
6374,2007-02-20 13:52:25,121.450100,31.338800, 54,112,0
6374,2007-02-20 13:52:41,121.448500,31.338100, 36,112,0
6374,2007-02-20 13:52:57,121.447600,31.338300, 32,157,0
6374,2007-02-20 13:53:13,121.447000,31.339500,  8,157,0
6374,2007-02-20 13:53:36,121.446500,31.340500, 50,157,0
6374,2007-02-20 13:53:52,121.445100,31.341600, 40,112,0
6374,2007-02-20 13:54:08,121.443300,31.341000, 60,135,0
6374,2007-02-20 13:54:24,121.440600,31.340000, 42,112,0
6374,2007-02-20 13:55:14,121.440800,31.338100,  0,157,0
6374,2007-02-20 13:55:18,121.440800,31.338100, 12,  0,1
6374,2007-02-20 13:56:19,121.445300,31.341500, 46, 22,1
6374,2007-02-20 13:57:08,121.448500,31.342800,  0, 90,1
6374,2007-02-20 13:57:10,121.448500,31.342800,  0, 90,0
6374,2007-02-20 13:57:43,121.447500,31.342500, 40,112,0
6374,2007-02-20 13:57:59,121.445800,31.341800, 16,112,0
6374,2007-02-20 13:58:15,121.446100,31.340800, 42, 67,0
6374,2007-02-20 13:58:31,121.447500,31.338800, 60, 67,0
6374,2007-02-20 13:58:47,121.447300,31.337600, 48,112,0
6374,2007-02-20 13:59:03,121.445500,31.336800, 56,112,0
6374,2007-02-20 13:59:19,121.443100,31.335800, 50,112,0
6374,2007-02-20 13:59:35,121.442300,31.335100, 18, 90,0
6374,2007-02-20 13:59:54,121.442800,31.334300, 20, 67,0
6374,2007-02-20 14:00:10,121.443500,31.333100, 34, 67,0
6374,2007-02-20 14:00:26,121.444300,31.331800, 42, 67,0
6374,2007-02-20 14:00:42,121.444600,31.330800, 24,112,0
6374,2007-02-20 14:00:58,121.443300,31.330300, 46,112,0
6374,2007-02-20 14:01:14,121.441600,31.329800,  0,112,0
6374,2007-02-20 14:01:50,121.441500,31.329800, 14,112,1
6374,2007-02-20 14:02:51,121.439600,31.329100,  0,112,1
6374,2007-02-20 14:03:52,121.440600,31.324000, 78, 67,1
6374,2007-02-20 14:04:53,121.444000,31.310300,118, 90,1
6374,2007-02-20 14:05:54,121.444800,31.297500, 80, 90,1
6374,2007-02-20 14:06:55,121.446800,31.286300, 74, 90,1
6374,2007-02-20 14:07:56,121.447100,31.281300,  0, 67,1
6374,2007-02-20 14:08:57,121.447100,31.281300,  0, 67,1
6374,2007-02-20 14:10:59,121.441500,31.273800, 36,135,1
6374,2007-02-20 14:11:20,121.439600,31.274800,  0,157,0
6374,2007-02-20 14:11:36,121.439600,31.274800,  0,157,0
6374,2007-02-20 14:12:26,121.442800,31.273100, 52, 67,0
6374,2007-02-20 14:12:42,121.444600,31.271800, 54, 67,0
6374,2007-02-20 14:13:01,121.445300,31.271000, 20, 45,0
6374,2007-02-20 14:13:33,121.448300,31.272300, 54, 22,0
6374,2007-02-20 14:13:49,121.449500,31.272800, 30, 22,0
6374,2007-02-20 14:14:05,121.450800,31.273100, 24, 45,0
6374,2007-02-20 14:14:21,121.451600,31.272000, 42, 67,0
6374,2007-02-20 14:14:37,121.452800,31.270300, 30, 67,0
6374,2007-02-20 14:14:53,121.452300,31.269600, 42,112,0
6374,2007-02-20 14:15:09,121.450600,31.268800, 46,112,0
6374,2007-02-20 14:15:25,121.448100,31.267800, 66,112,0
6374,2007-02-20 14:15:41,121.446800,31.267100, 14,112,0
6374,2007-02-20 14:16:03,121.446600,31.266600, 42, 67,0
6374,2007-02-20 14:16:19,121.447600,31.265000, 46, 67,0
6374,2007-02-20 14:16:35,121.449000,31.264300, 32, 45,0
6374,2007-02-20 14:17:07,121.452300,31.266300, 54, 45,0
6374,2007-02-20 14:17:23,121.454300,31.267000, 32, 45,0
6374,2007-02-20 14:17:39,121.455000,31.265500, 48, 67,0
6374,2007-02-20 14:17:55,121.455600,31.263800, 30, 90,0
6374,2007-02-20 14:18:11,121.456100,31.263000, 30, 67,0
6374,2007-02-20 14:18:27,121.455000,31.262100, 48,135,0
6374,2007-02-20 14:18:43,121.453800,31.262000, 24,135,0
6374,2007-02-20 14:18:59,121.452500,31.261600, 38,135,0
6374,2007-02-20 14:19:15,121.451000,31.261100, 28,112,0
6374,2007-02-20 14:20:00,121.449800,31.260300,  8,135,0
6374,2007-02-20 14:21:01,121.450000,31.260100, 24, 90,0
6374,2007-02-20 14:21:33,121.450100,31.258000, 36,135,0
6374,2007-02-20 14:21:49,121.448600,31.257600, 32,135,0
6374,2007-02-20 14:22:50,121.448000,31.257500,  0,112,0
6374,2007-02-20 14:23:45,121.447100,31.257000, 36, 90,0
6374,2007-02-20 14:24:02,121.446800,31.254600, 62, 90,0
6374,2007-02-20 14:24:18,121.446500,31.252100, 68, 90,0
6374,2007-02-20 14:24:35,121.447100,31.250300, 10, 67,0
6374,2007-02-20 14:25:15,121.447800,31.249500, 20, 67,0
6374,2007-02-20 14:25:33,121.448300,31.248500, 14, 67,0
6374,2007-02-20 14:26:33,121.448500,31.247600, 32,112,0
6374,2007-02-20 14:27:34,121.447300,31.247500,  0,135,0
6374,2007-02-20 14:27:59,121.446100,31.247300, 40,135,0
6374,2007-02-20 14:28:15,121.443800,31.247100, 60,135,0
6374,2007-02-20 14:28:30,121.441100,31.246500, 56,135,0
6374,2007-02-20 14:28:47,121.439300,31.246000, 58,135,0
6374,2007-02-20 14:29:03,121.437100,31.245300, 24,135,0
6374,2007-02-20 14:29:47,121.436100,31.245000, 48,112,0
6374,2007-02-20 14:30:03,121.434500,31.243500, 58,112,0
6374,2007-02-20 14:30:49,121.433100,31.242500,  0,112,0
6374,2007-02-20 14:31:50,121.433800,31.241800, 32, 45,0
6374,2007-02-20 14:32:08,121.434300,31.241000, 18, 90,0
6374,2007-02-20 14:32:24,121.435500,31.239500, 48, 67,0
6374,2007-02-20 14:32:40,121.436000,31.238000, 34,112,0
6374,2007-02-20 14:33:13,121.435000,31.237800, 14,135,0
6374,2007-02-20 14:33:29,121.433800,31.237500, 20,135,0
6374,2007-02-20 14:33:45,121.432500,31.237000, 26,112,0
6374,2007-02-20 14:34:20,121.431300,31.236300, 22,112,0
6374,2007-02-20 14:34:36,121.430100,31.235500, 36,112,0
6374,2007-02-20 14:34:52,121.428500,31.233800, 48,112,0
6374,2007-02-20 14:35:15,121.427800,31.233300, 14,112,0
6374,2007-02-20 14:36:03,121.426600,31.237600, 56,  0,0
6374,2007-02-20 14:36:28,121.427100,31.238500, 12, 22,0
6374,2007-02-20 14:37:00,121.429800,31.239500,  0, 45,0
6374,2007-02-20 14:37:14,121.429800,31.239500, 16, 45,1
6374,2007-02-20 14:38:14,121.431300,31.239800, 28, 45,1
6374,2007-02-20 14:39:15,121.435500,31.236800, 58, 67,1
6374,2007-02-20 14:40:16,121.437600,31.232600, 30, 90,1
6374,2007-02-20 14:41:17,121.438300,31.230600, 30, 90,1
6374,2007-02-20 14:42:18,121.438500,31.230100, 10, 67,1
6374,2007-02-20 14:43:19,121.439800,31.228000, 14, 90,1
6374,2007-02-20 14:44:55,121.440000,31.225300, 20, 67,0
6374,2007-02-20 14:45:11,121.440100,31.225100,  0, 90,0
6374,2007-02-20 14:45:36,121.441000,31.224500, 20, 22,0
6374,2007-02-20 14:45:59,121.442000,31.225000, 26, 22,0
6374,2007-02-20 14:46:22,121.442300,31.225300, 14, 22,1
6374,2007-02-20 14:48:24,121.446800,31.227600, 52, 22,1
6374,2007-02-20 14:49:25,121.450100,31.229100,  0, 22,1
6374,2007-02-20 14:50:26,121.450100,31.229100,  0, 22,1
6374,2007-02-20 14:51:07,121.452100,31.230600,  0,  0,0
6374,2007-02-20 14:51:22,121.452100,31.230500,  0,  0,0
6374,2007-02-20 14:51:54,121.453300,31.230800, 32, 45,0
6374,2007-02-20 14:52:11,121.454100,31.231600, 16,  0,0
6374,2007-02-20 14:52:31,121.454800,31.232500, 26, 22,0
6374,2007-02-20 14:52:55,121.455800,31.232600, 20, 22,0
6374,2007-02-20 14:53:53,121.456100,31.231300,  4, 90,0
6374,2007-02-20 14:55:25,121.457000,31.232600,  4, 22,1
6374,2007-02-20 14:56:26,121.453600,31.233300, 42,112,1
6374,2007-02-20 14:57:27,121.448800,31.234800, 40,157,1
6374,2007-02-20 14:58:28,121.445100,31.239300, 44,157,1
6374,2007-02-20 14:59:29,121.441800,31.242600,  4,157,1
6374,2007-02-20 15:00:30,121.439100,31.244300, 32,112,1
6374,2007-02-20 15:00:57,121.437500,31.243500, 20,112,0
6374,2007-02-20 15:01:12,121.438000,31.244000,  0,112,0
6374,2007-02-20 15:02:24,121.435500,31.243800, 18,  0,0
6374,2007-02-20 15:02:40,121.436500,31.244800, 24, 22,0
6374,2007-02-20 15:03:16,121.437600,31.245100, 50, 22,0
6374,2007-02-20 15:03:34,121.438000,31.245500, 14, 22,1
6374,2007-02-20 15:04:34,121.446600,31.247100, 52, 45,1
6374,2007-02-20 15:05:35,121.448800,31.247500, 26, 45,1
6374,2007-02-20 15:06:52,121.452000,31.243800,  0, 67,0
6374,2007-02-20 15:07:07,121.452100,31.243800,  0, 67,0
6374,2007-02-20 15:08:08,121.451600,31.243000, 24,112,0
6374,2007-02-20 15:08:27,121.451600,31.242300, 24, 67,0
6374,2007-02-20 15:08:53,121.451500,31.242500, 26,135,0
6374,2007-02-20 15:09:25,121.451500,31.244600, 40,157,0
6374,2007-02-20 15:09:44,121.449800,31.246500, 46,157,0
6374,2007-02-20 15:09:57,121.449300,31.247100,  6,157,0
6374,2007-02-20 15:10:58,121.449300,31.247100,  0,157,0
6374,2007-02-20 15:11:59,121.449100,31.247500,  0,157,0
6374,2007-02-20 15:12:48,121.448000,31.247500, 46,135,0
6374,2007-02-20 15:13:11,121.446600,31.247300, 22,135,0
6374,2007-02-20 15:13:27,121.444800,31.247100, 58,135,0
6374,2007-02-20 15:13:43,121.442100,31.246600, 64,135,0
6374,2007-02-20 15:13:59,121.439800,31.246100, 52,135,0
6374,2007-02-20 15:14:15,121.437800,31.245600, 52,112,0
6374,2007-02-20 15:14:31,121.435800,31.244600, 46,112,0
6374,2007-02-20 15:15:15,121.435000,31.244000, 30,112,0
6374,2007-02-20 15:15:31,121.433300,31.242500, 54,112,0
6374,2007-02-20 15:15:47,121.432300,31.241800, 22,112,0
6374,2007-02-20 15:16:03,121.431300,31.240600, 24,112,0
6374,2007-02-20 15:17:04,121.431100,31.240500,  6,112,0
6374,2007-02-20 15:17:20,121.429800,31.239800, 56,135,0
6374,2007-02-20 15:17:36,121.427500,31.239000, 62,112,0
6374,2007-02-20 15:17:52,121.426300,31.237300, 20, 90,0
6374,2007-02-20 15:18:45,121.425800,31.236300, 44,112,0
6374,2007-02-20 15:19:01,121.424600,31.235600, 40,157,0
6374,2007-02-20 15:19:17,121.422500,31.237300, 74,157,0
6374,2007-02-20 15:19:49,121.418600,31.240300, 28,157,0
6374,2007-02-20 15:20:05,121.417600,31.241100, 30,157,0
6374,2007-02-20 15:20:21,121.416500,31.242000, 30,157,0
6374,2007-02-20 15:21:13,121.415300,31.243600, 38, 22,0
6374,2007-02-20 15:21:29,121.417300,31.244800, 56, 22,0
6374,2007-02-20 15:21:45,121.419500,31.246100, 60, 22,0
6374,2007-02-20 15:22:01,121.422100,31.247300, 62, 22,0
6374,2007-02-20 15:22:17,121.424100,31.248100, 62, 22,0
6374,2007-02-20 15:22:33,121.425300,31.248800,  0, 22,0
6374,2007-02-20 15:22:55,121.425300,31.249000, 12,  0,1
6374,2007-02-20 15:23:56,121.427300,31.251100, 38, 22,1
6374,2007-02-20 15:24:57,121.430500,31.253800, 60, 22,1
6374,2007-02-20 15:25:58,121.433800,31.256300, 60, 22,1
6374,2007-02-20 15:26:59,121.441600,31.259100, 16, 45,1
6374,2007-02-20 15:28:00,121.444300,31.260000,  0, 45,1
6374,2007-02-20 15:29:01,121.444300,31.260000,  0, 45,1
6374,2007-02-20 15:30:02,121.444800,31.260500, 26,157,1
6374,2007-02-20 15:32:04,121.439800,31.267000,  0,157,1
6374,2007-02-20 15:33:05,121.438600,31.268500, 48,157,1
6374,2007-02-20 15:34:06,121.429100,31.272800, 74,157,1
6374,2007-02-20 15:36:08,121.418500,31.284000,  0,157,1
6374,2007-02-20 15:37:09,121.418300,31.284300,  0,157,1
6374,2007-02-20 15:38:10,121.418300,31.284300,  0,157,1
6374,2007-02-20 15:40:12,121.417600,31.283600, 42, 90,1
6374,2007-02-20 15:42:14,121.417000,31.281600,  8, 90,1
6374,2007-02-20 15:42:27,121.416800,31.281100,  0, 90,0
6374,2007-02-20 15:43:14,121.416600,31.280600, 38, 90,0
6374,2007-02-20 15:43:30,121.416000,31.279100, 36,112,0
6374,2007-02-20 15:43:46,121.415600,31.278000, 26, 90,0
6374,2007-02-20 15:44:03,121.415300,31.277100, 20,135,0
6374,2007-02-20 15:45:04,121.414500,31.277300,  0,135,0
6374,2007-02-20 15:46:05,121.414500,31.277300,  0,135,0
6374,2007-02-20 15:47:06,121.414500,31.277300,  0,135,0
6374,2007-02-20 15:48:07,121.414500,31.277300,  0,135,0
6374,2007-02-20 15:49:08,121.414500,31.277300,  0,135,0
6374,2007-02-20 15:50:09,121.414500,31.277300,  0,135,0
6374,2007-02-20 15:51:10,121.414500,31.277300,  0,135,0
6374,2007-02-20 15:52:11,121.414500,31.277300,  0,135,0
6374,2007-02-20 15:53:12,121.414500,31.277300,  0,135,0
6374,2007-02-20 15:54:13,121.414500,31.277300,  0,135,0
6374,2007-02-20 15:55:14,121.414500,31.277300,  0,135,0
6374,2007-02-20 15:56:15,121.414000,31.277300, 34,135,0
6374,2007-02-20 15:56:31,121.412100,31.277500, 44,135,0
6374,2007-02-20 15:56:47,121.410100,31.277600, 32,157,0
6374,2007-02-20 15:57:03,121.410500,31.279500, 58,  0,0
6374,2007-02-20 15:57:19,121.411100,31.281300, 46,  0,0
6374,2007-02-20 15:57:35,121.411600,31.282800, 48,  0,0
6374,2007-02-20 15:57:51,121.412000,31.284300, 34,  0,0
6374,2007-02-20 15:58:07,121.411800,31.285300, 26,  0,0
6374,2007-02-20 15:58:23,121.410800,31.285500, 54,135,0
6374,2007-02-20 15:58:39,121.408800,31.285300, 56,135,0
6374,2007-02-20 15:58:55,121.406800,31.285300, 22,135,0
6374,2007-02-20 15:59:22,121.405600,31.285300, 44,135,0
6374,2007-02-20 16:00:04,121.404500,31.285300, 16,135,0
6374,2007-02-20 16:00:14,121.404600,31.285100, 26, 45,1
6374,2007-02-20 16:02:15,121.412800,31.289500, 30, 45,1
6374,2007-02-20 16:03:16,121.418100,31.289600, 30, 45,1
6374,2007-02-20 16:04:17,121.418300,31.289600,  0, 67,1
6374,2007-02-20 16:07:38,121.434500,31.286000, 28, 90,1
6374,2007-02-20 16:08:08,121.435600,31.285800,  0, 90,0
6374,2007-02-20 16:08:23,121.435600,31.285800,  0, 90,0
6374,2007-02-20 16:09:23,121.434500,31.285800, 16,135,0
6374,2007-02-20 16:09:39,121.434300,31.286800, 34,  0,0
6374,2007-02-20 16:09:55,121.434000,31.288500, 42,  0,0
6374,2007-02-20 16:10:11,121.433000,31.288800, 46,135,0
6374,2007-02-20 16:10:27,121.430300,31.288600, 56,135,0
6374,2007-02-20 16:10:43,121.428300,31.288500, 40,135,0
6374,2007-02-20 16:10:59,121.427100,31.289000, 48,  0,0
6374,2007-02-20 16:11:31,121.428100,31.291100, 58, 45,0
6374,2007-02-20 16:11:47,121.431000,31.291600, 66, 45,0
6374,2007-02-20 16:12:03,121.434500,31.292300, 76, 45,0
6374,2007-02-20 16:12:19,121.436300,31.292500, 12, 45,0
6374,2007-02-20 16:13:04,121.437500,31.292600, 52, 45,0
6374,2007-02-20 16:13:20,121.440300,31.293300, 76, 45,0
6374,2007-02-20 16:13:36,121.443800,31.294000, 82, 45,0
6374,2007-02-20 16:13:52,121.445500,31.293800, 30, 67,0
6374,2007-02-20 16:14:08,121.446000,31.291600, 70, 90,0
6374,2007-02-20 16:14:24,121.447300,31.291000, 34, 45,0
6374,2007-02-20 16:14:40,121.446800,31.291000, 42,135,0
6374,2007-02-20 16:14:56,121.446100,31.292600, 62,  0,0
6374,2007-02-20 16:15:12,121.446000,31.294500, 34, 22,0
6374,2007-02-20 16:15:28,121.449000,31.295100, 76, 45,0
6374,2007-02-20 16:15:44,121.452300,31.296000, 72, 45,0
6374,2007-02-20 16:16:00,121.454300,31.296500, 30, 45,0
6374,2007-02-20 16:16:16,121.456100,31.296300, 62, 45,0
6374,2007-02-20 16:16:31,121.458500,31.295800, 60, 45,0
6374,2007-02-20 16:16:48,121.460100,31.294800, 46, 67,0
6374,2007-02-20 16:17:04,121.461600,31.294300, 38, 67,0
6374,2007-02-20 16:17:36,121.462000,31.292100, 54, 90,0
6374,2007-02-20 16:17:52,121.461600,31.290600, 52, 90,0
6374,2007-02-20 16:18:08,121.461300,31.288800, 46, 90,0
6374,2007-02-20 16:18:34,121.461100,31.287800, 34, 90,0
6374,2007-02-20 16:18:50,121.460800,31.285800, 52, 90,0
6374,2007-02-20 16:19:10,121.460600,31.285300, 16, 90,1
6374,2007-02-20 16:20:11,121.458300,31.281800, 10,135,1
6374,2007-02-20 16:21:12,121.453500,31.281300, 14,135,1
6374,2007-02-20 16:22:13,121.449100,31.281100, 48,135,1
6374,2007-02-20 16:23:09,121.447300,31.280300,  0, 90,0
6374,2007-02-20 16:23:49,121.447300,31.279800, 36, 90,0
6374,2007-02-20 16:24:21,121.447500,31.277100, 48,112,0
6374,2007-02-20 16:24:37,121.446300,31.276500, 24,112,0
6374,2007-02-20 16:25:44,121.443500,31.274600, 56,112,0
6374,2007-02-20 16:26:00,121.442000,31.273800, 34,112,0
6374,2007-02-20 16:26:16,121.442600,31.273100, 40, 67,0
6374,2007-02-20 16:26:32,121.444100,31.272300, 18, 67,0
6374,2007-02-20 16:27:07,121.444800,31.271300, 38, 67,0
6374,2007-02-20 16:28:08,121.445100,31.271000,  0,112,0
6374,2007-02-20 16:28:36,121.446100,31.271300, 44, 22,0
6374,2007-02-20 16:28:52,121.447800,31.272100, 46, 22,0
6374,2007-02-20 16:29:26,121.450100,31.272800, 14, 22,1
6374,2007-02-20 16:30:27,121.452500,31.270300,  0, 67,1
6374,2007-02-20 16:31:28,121.454300,31.267100, 70, 90,1
6374,2007-02-20 16:32:29,121.450600,31.261100, 80,135,1
6374,2007-02-20 16:38:26,121.410100,31.241800, 26, 67,1
6374,2007-02-20 16:39:05,121.410600,31.243000,  0, 22,0
6374,2007-02-20 16:39:21,121.410800,31.243000,  0, 22,0
6374,2007-02-20 16:40:22,121.410600,31.243000,  0,112,0
6374,2007-02-20 16:40:40,121.410000,31.242300, 42,112,0
6374,2007-02-20 16:41:41,121.409800,31.241600,  0,112,0
6374,2007-02-20 16:42:42,121.410100,31.241100,  0, 67,0
6374,2007-02-20 16:43:37,121.411100,31.240600, 42, 67,0
6374,2007-02-20 16:43:53,121.412600,31.239800, 48, 67,0
6374,2007-02-20 16:44:09,121.413600,31.239100, 12, 67,0
6374,2007-02-20 16:44:25,121.415000,31.238300, 50, 67,0
6374,2007-02-20 16:44:41,121.416000,31.236600, 40, 67,0
6374,2007-02-20 16:44:57,121.416500,31.235500, 22, 90,0
6374,2007-02-20 16:46:58,121.417500,31.234000, 40, 67,0
6374,2007-02-20 16:47:14,121.418500,31.232000, 54, 67,0
6374,2007-02-20 16:47:30,121.419600,31.229800, 72, 67,0
6374,2007-02-20 16:47:46,121.420800,31.227300, 58, 67,0
6374,2007-02-20 16:48:02,121.422500,31.226100, 26, 67,0
6374,2007-02-20 16:49:39,121.422800,31.226100,  0, 67,0
6374,2007-02-20 16:50:17,121.423100,31.227000, 54,  0,0
6374,2007-02-20 16:50:33,121.423000,31.229500, 64,  0,0
6374,2007-02-20 16:50:49,121.422800,31.230800,  0,  0,0
6374,2007-02-20 16:51:40,121.423000,31.231800, 58,  0,0
6374,2007-02-20 16:51:56,121.424100,31.234100, 66, 22,0
6374,2007-02-20 16:52:12,121.425000,31.235500, 24,157,0
6374,2007-02-20 16:52:28,121.423300,31.236600, 66,157,0
6374,2007-02-20 16:53:00,121.420000,31.239300,  0,157,0
6374,2007-02-20 16:53:49,121.419100,31.240000, 36,157,0
6374,2007-02-20 16:54:07,121.418100,31.240600, 36,157,0
6374,2007-02-20 16:54:23,121.417100,31.241500, 32,157,0
6374,2007-02-20 16:54:39,121.416100,31.242300, 24,157,0
6374,2007-02-20 16:54:55,121.415300,31.243000, 26,157,0
6374,2007-02-20 16:55:25,121.415500,31.243800, 28, 22,0
6374,2007-02-20 16:55:41,121.416500,31.244500, 28, 22,0
6374,2007-02-20 16:55:57,121.417800,31.246100, 40, 22,0
6374,2007-02-20 16:56:13,121.418800,31.247300, 40, 22,0
6374,2007-02-20 16:56:29,121.420000,31.248500,  0, 22,0
6374,2007-02-20 16:57:06,121.426300,31.250000, 28, 22,0
6374,2007-02-20 16:57:22,121.427500,31.251100, 32, 22,0
6374,2007-02-20 16:57:42,121.428300,31.251500, 26, 67,0
6374,2007-02-20 16:57:59,121.429100,31.251300, 46, 22,0
6374,2007-02-20 16:58:15,121.431500,31.250600, 56, 67,0
6374,2007-02-20 16:58:31,121.433600,31.250500, 50, 45,0
6374,2007-02-20 16:58:47,121.434800,31.250000, 30, 67,0
6374,2007-02-20 16:59:50,121.436500,31.248300, 30, 67,0
6374,2007-02-20 17:00:22,121.437100,31.247600, 20, 67,1
6374,2007-02-20 17:01:22,121.441000,31.243500,  0, 67,1
6374,2007-02-20 17:02:23,121.444000,31.240300, 64, 67,1
6374,2007-02-20 17:03:24,121.441600,31.237600, 56,135,1
6374,2007-02-20 17:04:25,121.442100,31.236100, 30, 67,1
6374,2007-02-20 17:05:26,121.445000,31.233300, 12, 67,1
6374,2007-02-20 17:06:27,121.446500,31.231000,  0, 90,1
6374,2007-02-20 17:07:28,121.443100,31.229300, 30,112,1
6374,2007-02-20 17:08:29,121.439600,31.228100, 38,157,1
6374,2007-02-20 17:09:30,121.437600,31.232100, 18,157,1
6374,2007-02-20 17:10:31,121.437100,31.233600, 28,157,1
6374,2007-02-20 17:10:43,121.436600,31.234300,  0,157,0
6374,2007-02-20 17:11:00,121.436600,31.234600, 20,157,0
6374,2007-02-20 17:11:16,121.435800,31.236000, 30,157,0
6374,2007-02-20 17:11:32,121.434800,31.237300, 22,157,0
6374,2007-02-20 17:12:32,121.435300,31.237800, 38, 45,0
6374,2007-02-20 17:13:08,121.436300,31.238100, 34, 22,0
6374,2007-02-20 17:13:24,121.438000,31.238600, 50, 45,0
6374,2007-02-20 17:13:56,121.441100,31.240000, 28, 22,0
6374,2007-02-20 17:14:08,121.441800,31.240100, 26, 22,0
6374,2007-02-20 17:14:19,121.442500,31.240500, 38, 22,0
6374,2007-02-20 17:14:30,121.443500,31.241000, 34, 22,0
6374,2007-02-20 17:14:41,121.443800,31.241300,  0, 22,0
6374,2007-02-20 17:14:52,121.444000,31.241500, 22, 22,0
6374,2007-02-20 17:15:03,121.444300,31.241600, 14, 22,0
6374,2007-02-20 17:15:14,121.445000,31.241800,  2, 22,0
6374,2007-02-20 17:16:08,121.445000,31.241600,  0,112,0
6374,2007-02-20 17:16:19,121.445000,31.241600,  0,112,0
6374,2007-02-20 17:16:30,121.445000,31.241600,  0,112,0
6374,2007-02-20 17:16:52,121.445000,31.241600,  0,112,0
6374,2007-02-20 17:17:03,121.445000,31.241600,  0,112,0
6374,2007-02-20 17:17:14,121.445000,31.241600,  0,112,0
6374,2007-02-20 17:17:25,121.445000,31.241600,  0,112,0
6374,2007-02-20 17:17:36,121.445000,31.241600,  0,112,0
6374,2007-02-20 17:17:47,121.445000,31.241600,  0,112,0
6374,2007-02-20 17:17:58,121.445000,31.241600,  0,112,0
6374,2007-02-20 17:18:09,121.445000,31.241600,  0,112,0
6374,2007-02-20 17:18:20,121.445000,31.241600,  0,112,0
6374,2007-02-20 17:18:31,121.445000,31.241600,  0,112,0
6374,2007-02-20 17:18:53,121.445000,31.241600,  0,112,0
6374,2007-02-20 17:19:04,121.445000,31.241600,  0,112,0
6374,2007-02-20 17:19:15,121.445000,31.241600,  0,112,0
6374,2007-02-20 17:19:26,121.445000,31.241600,  0,112,0
6374,2007-02-20 17:19:37,121.445000,31.241600,  0,112,0
6374,2007-02-20 17:19:48,121.445000,31.241600,  0,112,0
6374,2007-02-20 17:19:59,121.445000,31.241600,  0,112,0
6374,2007-02-20 17:20:10,121.445000,31.241600,  0,112,0
6374,2007-02-20 17:20:21,121.445000,31.241600,  0,112,0
6374,2007-02-20 17:20:30,121.444800,31.241600, 14,112,1
6374,2007-02-20 17:21:30,121.446300,31.240000, 30,112,1
6374,2007-02-20 17:22:31,121.448500,31.238000, 12,112,1
6374,2007-02-20 17:23:32,121.451000,31.235100,  4,112,1
6374,2007-02-20 17:24:33,121.451000,31.235100,  0,112,1
6374,2007-02-20 17:25:34,121.452600,31.235300, 32,112,1
6374,2007-02-20 17:26:35,121.455800,31.236500,  6,112,1
6374,2007-02-20 17:27:36,121.458500,31.235300, 26,112,1
6374,2007-02-20 17:28:37,121.462600,31.234300, 42,112,1
6374,2007-02-20 17:29:38,121.463100,31.233500,  0,112,1
6374,2007-02-20 17:30:39,121.466300,31.234100, 48,112,1
6374,2007-02-20 17:31:40,121.470300,31.235500, 16,112,1
6374,2007-02-20 17:32:41,121.472500,31.235600,  4,112,1
6374,2007-02-20 17:32:51,121.472500,31.235500,  0,112,0
6374,2007-02-20 17:33:33,121.472500,31.235500, 10,112,1
6374,2007-02-20 17:34:33,121.475800,31.236500, 30,112,1
6374,2007-02-20 17:35:34,121.479500,31.238100,  0,112,1
6374,2007-02-20 17:36:35,121.482000,31.238800, 26,112,1
6374,2007-02-20 17:37:36,121.484600,31.240500,  0,112,1
6374,2007-02-20 17:38:37,121.485000,31.240600, 22,112,1
6374,2007-02-20 17:39:38,121.485600,31.245500, 44,112,1
6374,2007-02-20 17:40:39,121.491600,31.249000, 54,112,1
6374,2007-02-20 17:41:40,121.496000,31.251300, 48,112,1
6374,2007-02-20 17:42:04,121.497800,31.251800,  0,112,0
6374,2007-02-20 17:42:53,121.498800,31.252300, 48,112,0
6374,2007-02-20 17:43:09,121.500000,31.252600,  0,112,0
6374,2007-02-20 17:43:40,121.500100,31.252600, 16,112,1
6374,2007-02-20 17:44:40,121.495500,31.252800, 60,112,1
6374,2007-02-20 17:45:41,121.487300,31.248300,  0,112,1
6374,2007-02-20 17:46:42,121.484800,31.247300, 30,112,1
6374,2007-02-20 17:47:43,121.485600,31.239100, 72,112,1
6374,2007-02-20 17:48:44,121.489800,31.232500, 40,112,1
6374,2007-02-20 17:49:45,121.489500,31.231300,  0,112,1
6374,2007-02-20 17:50:46,121.488000,31.231300,  0,112,1
6374,2007-02-20 17:51:40,121.485800,31.231500,  0,112,0
6374,2007-02-20 17:51:55,121.485800,31.231500,  0,112,0
6374,2007-02-20 17:52:45,121.484600,31.231300, 32,112,0
6374,2007-02-20 17:53:01,121.483500,31.231000, 10,112,0
6374,2007-02-20 17:53:18,121.484500,31.231100, 48,112,0
6374,2007-02-20 17:53:34,121.486000,31.231300, 12,112,0
6374,2007-02-20 17:53:51,121.486000,31.230300, 18,112,0
6374,2007-02-20 17:55:20,121.486300,31.229800,  4,112,1
6374,2007-02-20 17:58:23,121.483300,31.229500,  0,112,1
6374,2007-02-20 17:59:24,121.482500,31.231100,  0,112,1
6374,2007-02-20 18:00:25,121.482500,31.231100,  0,112,1
6374,2007-02-20 18:01:26,121.482300,31.231600, 10,112,1
6374,2007-02-20 18:02:27,121.482100,31.232800, 24,112,1
6374,2007-02-20 18:03:28,121.478800,31.233000, 18,112,1
6374,2007-02-20 18:04:29,121.473800,31.230800, 26,112,1
6374,2007-02-20 18:05:30,121.472500,31.232500,  0,112,1
6374,2007-02-20 18:06:31,121.472100,31.233000,  0,112,1
6374,2007-02-20 18:07:32,121.472100,31.233000,  0,112,1
6374,2007-02-20 18:08:33,121.470300,31.232300, 52,112,1
6374,2007-02-20 18:09:25,121.466600,31.230500,  0,112,0
6374,2007-02-20 18:09:41,121.466600,31.230500,  0,112,0
6374,2007-02-20 18:10:42,121.466100,31.231300, 16,112,0
6374,2007-02-20 18:11:11,121.465600,31.232300, 28,112,0
6374,2007-02-20 18:11:27,121.466100,31.233500, 38,112,0
6374,2007-02-20 18:11:43,121.467000,31.234800, 32,112,0
6374,2007-02-20 18:11:59,121.468600,31.235300, 40,112,0
6374,2007-02-20 18:12:15,121.470100,31.235500, 36,112,0
6374,2007-02-20 18:12:31,121.471100,31.234100, 34,112,0
6374,2007-02-20 18:14:22,121.473100,31.231300,  0,112,0
6374,2007-02-20 18:15:23,121.473500,31.231000,  0,112,0
6374,2007-02-20 18:16:24,121.473500,31.231000,  0,112,0
6374,2007-02-20 18:17:17,121.474300,31.230600, 42,112,0
6374,2007-02-20 18:17:33,121.476000,31.231600, 44,112,0
6374,2007-02-20 18:17:49,121.478500,31.232800, 56,112,0
6374,2007-02-20 18:18:05,121.480300,31.233500, 42,112,0
6374,2007-02-20 18:18:21,121.483000,31.233000, 54,112,0
6374,2007-02-20 18:18:37,121.484600,31.233500, 34,112,0
6374,2007-02-20 18:19:38,121.484800,31.234300,  4,112,0
6374,2007-02-20 18:19:54,121.484600,31.233500, 50,112,0
6374,2007-02-20 18:20:10,121.486500,31.234600, 52,112,0
6374,2007-02-20 18:20:26,121.487500,31.235500, 22,112,0
6374,2007-02-20 18:20:58,121.486000,31.238100, 58,112,0
6374,2007-02-20 18:21:14,121.485800,31.239600, 10,112,0
6374,2007-02-20 18:21:42,121.485600,31.240600, 14,112,0
6374,2007-02-20 18:21:58,121.485600,31.241800, 32,112,0
6374,2007-02-20 18:22:14,121.485500,31.244000, 72,112,0
6374,2007-02-20 18:22:30,121.484800,31.246600, 76,112,0
6374,2007-02-20 18:22:46,121.485100,31.249300, 72,112,0
6374,2007-02-20 18:23:02,121.484800,31.251600, 54,112,0
6374,2007-02-20 18:23:18,121.485300,31.252500, 38,112,0
6374,2007-02-20 18:23:34,121.485300,31.253500, 44,112,0
6374,2007-02-20 18:23:50,121.485600,31.254500, 50,112,0
6374,2007-02-20 18:24:06,121.487500,31.255300, 26,112,0
6374,2007-02-20 18:24:58,121.485000,31.256500, 44,112,0
6374,2007-02-20 18:25:23,121.484000,31.256800, 38,112,0
6374,2007-02-20 18:25:39,121.484600,31.257800, 46,112,0
6374,2007-02-20 18:25:55,121.484500,31.258800, 40,112,0
6374,2007-02-20 18:26:11,121.484000,31.259600,  6,112,0
6374,2007-02-20 18:27:02,121.484100,31.260800, 50,112,0
6374,2007-02-20 18:27:18,121.484600,31.262600, 54,112,0
6374,2007-02-20 18:27:34,121.485600,31.264600, 56,112,0
6374,2007-02-20 18:27:50,121.486100,31.265800,  0,112,0
6374,2007-02-20 18:28:51,121.486100,31.265800,  0,112,0
6374,2007-02-20 18:29:08,121.486500,31.266800, 60,112,0
6374,2007-02-20 18:29:24,121.488100,31.269000, 70,112,0
6374,2007-02-20 18:29:40,121.489500,31.270100,  0,112,0
6374,2007-02-20 18:31:34,121.487500,31.274000, 52,112,0
6374,2007-02-20 18:31:50,121.486300,31.276000, 66,112,0
6374,2007-02-20 18:32:06,121.486000,31.278000, 20,112,0
6374,2007-02-20 18:33:07,121.486000,31.278000,  0,112,0
6374,2007-02-20 18:33:49,121.486000,31.279000, 56,112,0
6374,2007-02-20 18:34:05,121.486000,31.281000, 30,112,0
6374,2007-02-20 18:34:21,121.486000,31.282300, 44,112,0
6374,2007-02-20 18:34:37,121.486100,31.283800, 20,112,0
6374,2007-02-20 18:35:32,121.486100,31.284600, 46,112,0
6374,2007-02-20 18:35:48,121.486100,31.286500, 36,112,0
6374,2007-02-20 18:36:29,121.486100,31.287500, 34,112,0
6374,2007-02-20 18:36:45,121.486300,31.289000, 34,112,0
6374,2007-02-20 18:37:17,121.485800,31.293800, 58,112,0
6374,2007-02-20 18:38:18,121.485600,31.294300,  0,112,0
6374,2007-02-20 18:39:02,121.485300,31.295300, 36,112,0
6374,2007-02-20 18:39:18,121.484600,31.296600, 40,112,0
6374,2007-02-20 18:39:34,121.483600,31.298800, 62,112,0
6374,2007-02-20 18:39:50,121.483100,31.301000, 52,112,0
6374,2007-02-20 18:40:06,121.482300,31.302600, 34,112,0
6374,2007-02-20 18:40:25,121.482000,31.303600, 12,112,0
6374,2007-02-20 18:40:45,121.481600,31.304600, 22,112,0
6374,2007-02-20 18:41:32,121.481000,31.307600, 42,112,0
6374,2007-02-20 18:41:48,121.481000,31.308800, 16,112,0
6374,2007-02-20 18:42:21,121.481100,31.309600, 16,112,0
6374,2007-02-20 18:42:37,121.482500,31.309800, 52,112,0
6374,2007-02-20 18:42:53,121.484800,31.309800, 38,112,0
6374,2007-02-20 18:43:09,121.486300,31.309800, 52,112,0
6374,2007-02-20 18:43:25,121.488300,31.309800, 22,112,0
6374,2007-02-20 18:43:41,121.490100,31.309800, 58,112,0
6374,2007-02-20 18:44:30,121.490800,31.309800,  8,112,1
6374,2007-02-20 18:45:31,121.492000,31.309800, 50,112,1
6374,2007-02-20 19:00:56,121.514100,31.306300,  8, 22,0
6374,2007-02-20 19:15:00,121.533300,31.320100, 36,135,0
6374,2007-02-20 19:17:00,121.523500,31.320100, 16, 45,1
6374,2007-02-20 19:42:13,121.527600,31.301100, 42,  0,0
6374,2007-02-20 19:42:29,121.527600,31.303000, 44,  0,0
6374,2007-02-20 19:42:45,121.527600,31.304300,  8,  0,0
6374,2007-02-20 19:43:34,121.527500,31.304600,  8,  0,1
6374,2007-02-20 19:44:35,121.527500,31.306600,  0,  0,1
6374,2007-02-20 19:45:36,121.525600,31.306600, 66,135,1
6374,2007-02-20 19:46:37,121.515600,31.303600, 14,135,1
6374,2007-02-20 19:47:38,121.514800,31.306300,  0,  0,1
6374,2007-02-20 19:48:39,121.514800,31.303300, 52,112,1
6374,2007-02-20 19:49:40,121.503000,31.299600, 70,135,1
6374,2007-02-20 19:50:41,121.490100,31.296100, 82,135,1
6374,2007-02-20 19:51:42,121.476500,31.292000, 78,135,1
6374,2007-02-20 19:52:43,121.459000,31.295600, 80,157,1
6374,2007-02-20 19:53:44,121.445000,31.294600, 72,135,1
6374,2007-02-20 19:54:45,121.446800,31.287600, 84, 90,1
6374,2007-02-20 19:55:46,121.450800,31.273100,100, 67,1
6374,2007-02-20 19:56:47,121.455500,31.264300, 74, 90,1
6374,2007-02-20 19:57:48,121.459000,31.254300, 80, 90,1
6374,2007-02-20 19:58:49,121.457500,31.246100, 66, 90,1
6374,2007-02-20 19:59:50,121.461000,31.237300, 64, 67,1
6374,2007-02-20 20:00:17,121.461800,31.234800,  0, 90,0
6374,2007-02-20 20:01:29,121.463300,31.234600, 14, 67,0
6374,2007-02-20 20:01:57,121.463000,31.235600, 46,  0,0
6374,2007-02-20 20:02:13,121.460500,31.239000, 44,157,0
6374,2007-02-20 20:02:58,121.460300,31.240000,  8,  0,0
6374,2007-02-20 20:04:24,121.460300,31.240300,  0,135,0
6374,2007-02-20 20:05:10,121.459000,31.240000, 34,135,0
6374,2007-02-20 20:05:42,121.456800,31.239000, 36,112,0
6374,2007-02-20 20:06:07,121.456600,31.238100, 10, 67,0
6374,2007-02-20 20:07:08,121.456800,31.238000,  0, 90,0
6374,2007-02-20 20:07:42,121.457000,31.237100, 14, 67,0
6374,2007-02-20 20:08:20,121.455600,31.237300, 18,157,0
6374,2007-02-20 20:08:46,121.456000,31.238100, 24, 22,0
6374,2007-02-20 20:09:55,121.457600,31.239000, 28, 67,0
6374,2007-02-20 20:10:11,121.458100,31.238000, 14, 90,0
6374,2007-02-20 20:12:13,121.458300,31.238000,  0, 67,0
6374,2007-02-20 20:14:15,121.458600,31.238800,  0, 90,0
6374,2007-02-20 20:15:16,121.458600,31.238800,  0, 90,0
6374,2007-02-20 20:16:17,121.458600,31.238800,  0, 90,0
6374,2007-02-20 20:17:18,121.458600,31.238600,  0, 90,0
6374,2007-02-20 20:18:19,121.458600,31.238600,  0, 90,0
6374,2007-02-20 20:19:20,121.458600,31.238600,  0, 90,0
6374,2007-02-20 20:20:21,121.458600,31.238600,  0, 90,0
6374,2007-02-20 20:21:22,121.458600,31.238600,  0, 90,0
6374,2007-02-20 20:22:23,121.458600,31.238600,  0, 90,0
6374,2007-02-20 20:23:24,121.458600,31.238600,  0, 90,0
6374,2007-02-20 20:24:25,121.458600,31.238600,  0, 90,0
6374,2007-02-20 20:25:26,121.458600,31.238600,  0, 90,0
6374,2007-02-20 20:26:27,121.457600,31.238600,  0,135,0
6374,2007-02-20 20:27:28,121.457300,31.239000,  6,  0,0
6374,2007-02-20 20:29:30,121.457300,31.239100,  0,  0,0
6374,2007-02-20 20:30:30,121.457300,31.239100,  0,  0,0
6374,2007-02-20 20:31:31,121.457300,31.239100,  0,  0,0
6374,2007-02-20 20:32:32,121.457300,31.239100,  0,  0,0
6374,2007-02-20 20:33:33,121.457300,31.239100,  0,  0,0
6374,2007-02-20 20:34:34,121.457300,31.239100,  0,  0,0
6374,2007-02-20 20:35:35,121.457300,31.239100,  0,  0,0
6374,2007-02-20 20:36:36,121.457300,31.239100,  0,  0,0
6374,2007-02-20 20:37:37,121.457300,31.239100,  0,  0,0
6374,2007-02-20 20:38:38,121.457300,31.239100,  0,  0,0
6374,2007-02-20 20:39:40,121.457300,31.239100,  0,  0,0
6374,2007-02-20 20:40:40,121.456500,31.238300,  0,  0,0
6374,2007-02-20 20:41:42,121.456300,31.238100,  0,  0,0
6374,2007-02-20 20:42:43,121.456300,31.238100,  0,  0,0
6374,2007-02-20 20:43:44,121.458100,31.238000,  0,  0,0
6374,2007-02-20 20:44:45,121.458100,31.238000,  0,  0,0
6374,2007-02-20 20:45:29,121.457500,31.167100,120, 90,0
6374,2007-02-20 20:45:44,121.457600,31.150600, 30,  0,0
6374,2007-02-20 20:46:01,121.458000,31.152300, 30,  0,0
6374,2007-02-20 20:46:17,121.458300,31.153500, 30,  0,0
6374,2007-02-20 20:46:49,121.459300,31.158500, 24,  0,0
6374,2007-02-20 20:47:04,121.458500,31.160000, 32,157,0
6374,2007-02-20 20:47:24,121.457800,31.160800, 18,  0,0
6374,2007-02-20 20:49:25,121.458000,31.161000,  0,157,0
6374,2007-02-20 20:50:26,121.458000,31.161000,  0,157,0
6374,2007-02-20 20:51:27,121.458000,31.161000,  0,157,0
6374,2007-02-20 20:52:28,121.458000,31.161000,  0,157,0
6374,2007-02-20 20:53:29,121.458000,31.237800,  0,112,0
6374,2007-02-20 20:54:31,121.458000,31.237800,  0,112,0
6374,2007-02-20 20:55:32,121.458000,31.237800,  0,112,0
6374,2007-02-20 20:56:33,121.458000,31.237800,  0,157,0
6374,2007-02-20 20:57:34,121.458000,31.237800,  0,157,0
6374,2007-02-20 20:58:34,121.458000,31.237800,  0,157,0
6374,2007-02-20 20:59:36,121.458000,31.237800,  0,157,0
6374,2007-02-20 21:00:37,121.458000,31.237800,  0,112,0
6374,2007-02-20 21:02:16,121.459500,31.238100, 54, 22,0
6374,2007-02-20 21:02:32,121.460300,31.239300, 36,  0,0
6374,2007-02-20 21:03:01,121.460000,31.240100, 26,157,0
6374,2007-02-20 21:03:17,121.459100,31.241500, 62,  0,0
6374,2007-02-20 21:03:33,121.458500,31.243100, 38,157,0
6374,2007-02-20 21:03:49,121.457800,31.244800, 60,  0,0
6374,2007-02-20 21:04:04,121.457800,31.247000, 64,  0,0
6374,2007-02-20 21:04:21,121.458500,31.249800, 60,  0,0
6374,2007-02-20 21:04:37,121.458800,31.251600, 36,  0,0
6374,2007-02-20 21:04:53,121.459100,31.253300, 64,  0,0
6374,2007-02-20 21:05:24,121.459100,31.257500, 62,  0,0
6374,2007-02-20 21:05:41,121.458800,31.259500, 42,  0,0
6374,2007-02-20 21:05:57,121.457800,31.261500, 76,157,0
6374,2007-02-20 21:06:13,121.456000,31.263300, 38,157,0
6374,2007-02-20 21:06:29,121.455300,31.264800, 50,  0,0
6374,2007-02-20 21:06:44,121.454600,31.266600, 64,  0,0
6374,2007-02-20 21:07:01,121.453500,31.269500, 82,157,0
6374,2007-02-20 21:07:17,121.451500,31.272600,112,157,0
6374,2007-02-20 21:07:33,121.449000,31.276100, 94,157,0
6374,2007-02-20 21:07:49,121.447600,31.279300, 88,  0,0
6374,2007-02-20 21:08:04,121.447300,31.282800,114,  0,0
6374,2007-02-20 21:21:21,121.441100,31.323000, 36, 45,0
6374,2007-02-20 21:21:38,121.323600,31.328500, 28, 90,0
6374,2007-02-20 21:21:54,121.440600,31.325800, 44, 22,0
6374,2007-02-20 21:22:09,121.443000,31.326600, 74, 22,0
6374,2007-02-20 21:22:26,121.446100,31.327600,  0, 67,0
6374,2007-02-20 21:22:58,121.451300,31.328600, 60, 45,0
6374,2007-02-20 21:24:14,121.454800,31.328600,  0, 45,0
6374,2007-02-20 21:25:16,121.454800,31.328600,  0, 45,0
6374,2007-02-20 21:26:17,121.454800,31.328600,  0, 45,0
6374,2007-02-20 21:28:19,121.454800,31.328600,  0, 45,0
6374,2007-02-20 21:29:19,121.454800,31.328600,  0, 45,0
6374,2007-02-20 21:30:21,121.454800,31.328600,  0, 45,0
6374,2007-02-20 21:31:22,121.454600,31.328600,  6, 67,0
6374,2007-02-20 21:32:23,121.454800,31.328600,  0,135,0
6374,2007-02-20 21:33:24,121.454600,31.328600,  0,135,0
6374,2007-02-20 21:34:24,121.454600,31.328600,  0,135,0
6374,2007-02-20 21:35:26,121.454600,31.328600,  0,135,0
6374,2007-02-20 21:36:27,121.454300,31.328800,  0,135,0
6374,2007-02-20 21:37:28,121.454300,31.328800,  0,135,0
6374,2007-02-20 21:38:29,121.454300,31.328800,  0,135,0
6374,2007-02-20 21:39:29,121.454300,31.328800,  0,135,0
6374,2007-02-20 21:40:31,121.454300,31.328800,  0,135,0
6374,2007-02-20 21:41:32,121.454300,31.328800,  0,135,0
6374,2007-02-20 21:42:33,121.454300,31.328800,  0,135,0
6374,2007-02-20 21:43:34,121.454300,31.328800,  0,135,0
6374,2007-02-20 21:44:34,121.454000,31.328600,  0,135,0
6374,2007-02-20 21:46:37,121.454000,31.328600,  0,135,0
6374,2007-02-20 21:48:39,121.454500,31.328800,  0, 45,0
6374,2007-02-20 21:49:39,121.454500,31.328800,  0, 45,0
6374,2007-02-20 21:50:41,121.454500,31.328800,  0, 45,0
6374,2007-02-20 21:51:42,121.454500,31.328800,  0, 45,0
6374,2007-02-20 21:52:29,121.453500,31.328600, 34,135,0
6374,2007-02-20 21:52:46,121.451100,31.328600, 38,135,0
6374,2007-02-20 21:53:02,121.449800,31.328000, 36,112,0
6374,2007-02-20 21:53:18,121.448600,31.327100, 48,112,0
6374,2007-02-20 21:53:49,121.448000,31.330500, 68,  0,0
6374,2007-02-20 21:54:06,121.449500,31.331600, 46, 45,0
6374,2007-02-20 21:54:22,121.452800,31.332300, 64, 45,0
6374,2007-02-20 21:54:58,121.455000,31.334100,  4,  0,0
6374,2007-02-20 21:55:14,121.454800,31.335100, 44,157,0
6374,2007-02-20 21:55:31,121.454000,31.337300, 62,157,0
6374,2007-02-20 21:55:47,121.453300,31.338500, 50,157,0
6374,2007-02-20 21:56:19,121.435800,31.330800, 44,157,0
6374,2007-02-20 21:56:34,121.434600,31.332300, 46,157,0
6374,2007-02-20 21:56:51,121.433800,31.334500, 70,157,0
6374,2007-02-20 21:57:07,121.432500,31.337000, 20,157,0
6374,2007-02-20 21:57:23,121.434000,31.338000, 66, 22,0
6374,2007-02-20 21:57:39,121.437000,31.339100, 74, 22,0
6374,2007-02-20 21:57:54,121.439500,31.340300, 58, 22,0
6374,2007-02-20 21:58:11,121.441000,31.341500, 28,  0,0
6374,2007-02-20 21:58:26,121.456800,31.352500, 60,  0,0
6374,2007-02-20 21:58:58,121.454500,31.358300,100,  0,0
6374,2007-02-20 21:59:14,121.453100,31.361500, 82,  0,0
6374,2007-02-20 21:59:30,121.452100,31.363800, 16,  0,0
6374,2007-02-20 22:00:32,121.452100,31.363800,  0,  0,0
6374,2007-02-20 22:00:49,121.451600,31.364800, 50,  0,0
6374,2007-02-20 22:01:06,121.450600,31.367500, 92,  0,0
6374,2007-02-20 22:01:22,121.449100,31.370800, 86,  0,0
6374,2007-02-20 22:01:38,121.448100,31.373300, 86,  0,0
6374,2007-02-20 22:01:54,121.446600,31.376600, 88,  0,0
6374,2007-02-20 22:03:04,121.441500,31.389600, 80,  0,0
6374,2007-02-20 22:03:20,121.440500,31.392300, 80,  0,0
6374,2007-02-20 22:03:36,121.439100,31.395600,106,  0,0
6374,2007-02-20 22:03:52,121.437600,31.399500,106,  0,0
6374,2007-02-20 22:04:08,121.436300,31.403000, 88,  0,0
6374,2007-02-20 22:04:24,121.435500,31.405300, 52,157,0
6374,2007-02-20 22:04:40,121.434500,31.407800, 74,157,0
6374,2007-02-20 22:04:56,121.433500,31.409000, 30,135,0
6374,2007-02-20 22:05:12,121.432000,31.408600, 30,135,0
6374,2007-02-20 22:05:28,121.430600,31.408300, 48,135,0
6374,2007-02-20 22:05:58,121.429500,31.408100, 14,135,0
6374,2007-02-20 22:06:14,121.429100,31.409300, 54,  0,0
6374,2007-02-20 22:06:30,121.429000,31.411800, 66,  0,0
6374,2007-02-20 22:06:46,121.428800,31.413300, 22,  0,0
6374,2007-02-20 22:07:47,121.429300,31.413600,  0, 67,0
6374,2007-02-20 22:08:48,121.429300,31.413600,  0, 67,0
6374,2007-02-20 22:09:49,121.429300,31.413600,  0, 67,0
6374,2007-02-20 22:10:50,121.429300,31.413600,  0, 67,0
6374,2007-02-20 22:11:51,121.429300,31.413600,  0, 67,0
6374,2007-02-20 22:12:52,121.428800,31.413100, 40, 90,0
6374,2007-02-20 22:13:08,121.429000,31.411000, 68, 90,0
6374,2007-02-20 22:13:24,121.429100,31.408100, 40, 90,0
6374,2007-02-20 22:13:40,121.431100,31.408500, 34, 45,0
6374,2007-02-20 22:13:56,121.433000,31.408800, 60, 45,0
6374,2007-02-20 22:14:12,121.434000,31.408300, 52, 90,0
6374,2007-02-20 22:14:28,121.435000,31.405800, 74, 90,0
6374,2007-02-20 22:15:00,121.437500,31.399300,110, 90,0
6374,2007-02-20 22:15:16,121.439100,31.395300,112, 90,0
6374,2007-02-20 22:15:32,121.440300,31.392000, 56, 90,0
6374,2007-02-20 22:16:04,121.437500,31.390100, 84,112,0
6374,2007-02-20 22:16:20,121.433800,31.388800, 82,112,0
6374,2007-02-20 22:16:36,121.431100,31.387800, 62,112,0
6374,2007-02-20 22:17:08,121.424500,31.385300, 72,112,0
6374,2007-02-20 22:18:09,121.423500,31.385000,  0,112,0
6374,2007-02-20 22:18:47,121.423300,31.384000, 54, 90,0
6374,2007-02-20 22:19:03,121.424000,31.381300, 92, 90,0
6374,2007-02-20 22:19:35,121.426000,31.374000,118, 90,0
6374,2007-02-20 22:19:51,121.427000,31.369500,116, 90,0
6374,2007-02-20 22:21:57,121.431000,31.345800,114, 90,1
6374,2007-02-20 22:22:58,121.434000,31.336600, 46, 90,1
6374,2007-02-20 22:24:43,121.430100,31.327500, 50, 90,0
6374,2007-02-20 22:24:59,121.430800,31.325800, 42, 67,0
6374,2007-02-20 22:25:15,121.431500,31.324100, 46, 90,0
6374,2007-02-20 22:25:31,121.431600,31.323100,  6, 90,0
6374,2007-02-20 22:26:32,121.431800,31.322100,  0, 90,0
6374,2007-02-20 22:27:33,121.431800,31.322100,  0, 90,0
6374,2007-02-20 22:29:35,121.431800,31.322100,  0, 90,0
6374,2007-02-20 22:30:36,121.431800,31.322100,  0, 90,0
6374,2007-02-20 22:31:37,121.431800,31.322100,  0, 90,0
6374,2007-02-20 22:32:38,121.431800,31.322100,  0, 90,0
6374,2007-02-20 22:33:39,121.431800,31.322100,  0, 90,0
6374,2007-02-20 22:34:40,121.431800,31.322100,  0, 90,0
6374,2007-02-20 22:35:41,121.431800,31.322100,  0, 90,0
6374,2007-02-20 22:36:42,121.431800,31.322100,  0, 90,0
6374,2007-02-20 22:37:43,121.431800,31.322100,  0, 90,0
6374,2007-02-20 22:38:44,121.431800,31.322100,  0, 90,0
6374,2007-02-20 22:39:45,121.431800,31.322100,  0, 90,0
6374,2007-02-20 22:40:46,121.431800,31.322100,  0, 90,0
6374,2007-02-20 22:42:48,121.431800,31.322100,  0, 90,0
6374,2007-02-20 22:43:49,121.431800,31.322100,  0, 90,0
6374,2007-02-20 22:44:50,121.431800,31.322100,  0, 90,0
6374,2007-02-20 22:45:51,121.431800,31.322100,  0, 90,0
6374,2007-02-20 22:46:52,121.431800,31.322100,  0, 90,0
6374,2007-02-20 22:47:53,121.431800,31.322100,  0, 90,0
6374,2007-02-20 22:48:54,121.431800,31.322100,  0, 90,0
6374,2007-02-20 22:49:55,121.431800,31.322100,  0, 90,0
6374,2007-02-20 22:50:56,121.431800,31.322100,  0, 90,0
6374,2007-02-20 22:51:57,121.431800,31.322100,  0, 90,0
6374,2007-02-20 22:52:58,121.431800,31.322100,  0, 90,0
6374,2007-02-20 22:53:59,121.431800,31.322100,  0, 90,0
6374,2007-02-20 22:55:00,121.431800,31.322100,  0, 90,0
6374,2007-02-20 22:56:01,121.431800,31.322100,  0, 90,0
6374,2007-02-20 22:57:02,121.431800,31.322100,  0, 90,0
6374,2007-02-20 22:58:03,121.431800,31.322100,  0, 90,0
6374,2007-02-20 22:59:04,121.431800,31.322100,  0, 90,0
6374,2007-02-20 23:00:05,121.431800,31.322100,  0, 90,0
6374,2007-02-20 23:01:06,121.431800,31.322100,  0, 90,0
6374,2007-02-20 23:03:08,121.431800,31.322100,  0, 90,0
6374,2007-02-20 23:04:09,121.431800,31.322100,  0, 90,0
6374,2007-02-20 23:05:10,121.431800,31.322100,  0, 90,0
6374,2007-02-20 23:06:11,121.431800,31.322100,  0, 90,0
6374,2007-02-20 23:07:12,121.431800,31.322100,  0, 90,0
6374,2007-02-20 23:09:14,121.431800,31.322100,  0, 90,0
6374,2007-02-20 23:10:15,121.431800,31.322100,  0, 90,0
6374,2007-02-20 23:11:16,121.431800,31.322100,  0, 90,0
6374,2007-02-20 23:12:17,121.431800,31.322100,  0, 90,0
6374,2007-02-20 23:13:18,121.431800,31.322100,  0, 90,0
6374,2007-02-20 23:14:19,121.431800,31.322100,  0, 90,0
6374,2007-02-20 23:15:20,121.431800,31.322100,  0, 90,0
6374,2007-02-20 23:16:21,121.431800,31.322100,  0, 90,0
6374,2007-02-20 23:17:22,121.431800,31.322100,  0, 90,0
6374,2007-02-20 23:19:24,121.431800,31.322100,  0, 90,0
6374,2007-02-20 23:20:25,121.431800,31.322100,  0, 90,0
6374,2007-02-20 23:21:26,121.431800,31.322100,  0, 90,0
6374,2007-02-20 23:22:27,121.431800,31.322100,  0, 90,0
6374,2007-02-20 23:23:28,121.431800,31.322100,  0, 90,0
6374,2007-02-20 23:25:23,121.432000,31.322600, 26, 45,0
6374,2007-02-20 23:25:39,121.434000,31.322600, 50, 45,0
6374,2007-02-20 23:25:55,121.436000,31.322800, 28, 22,0
6374,2007-02-20 23:26:11,121.436000,31.324500, 32,  0,0
6374,2007-02-20 23:26:43,121.434300,31.328000, 56,157,0
6374,2007-02-20 23:27:00,121.434000,31.329000, 24,157,0
6374,2007-02-20 23:27:16,121.433500,31.330100, 40,  0,0
6374,2007-02-20 23:27:32,121.433300,31.331100, 40, 22,0
6374,2007-02-20 23:27:48,121.435300,31.332100, 50, 22,0
6374,2007-02-20 23:28:04,121.436500,31.332600,  0, 22,0
6374,2007-02-20 23:29:05,121.436500,31.332600,  0, 22,0
6374,2007-02-20 23:29:39,121.437500,31.333100, 52, 22,0
6374,2007-02-20 23:29:55,121.439500,31.334100, 52, 22,0
6374,2007-02-20 23:30:11,121.441600,31.335100, 38, 22,0
6374,2007-02-20 23:31:12,121.442000,31.335100,  0, 22,0
6374,2007-02-20 23:31:45,121.441800,31.336000, 48, 22,0
6374,2007-02-20 23:32:01,121.440800,31.338000, 72, 22,0
6374,2007-02-20 23:32:33,121.443000,31.340600, 68, 22,0
6374,2007-02-20 23:33:13,121.445300,31.342300, 10, 22,0
6374,2007-02-20 23:33:50,121.445300,31.342300,  0, 22,0
6374,2007-02-20 23:34:51,121.445300,31.342300,  0, 22,0
6374,2007-02-20 23:35:52,121.445300,31.342300,  0, 22,0
6374,2007-02-20 23:36:53,121.445300,31.342300,  0, 22,0
6374,2007-02-20 23:37:54,121.445300,31.342300,  0, 22,0
6374,2007-02-20 23:38:55,121.445300,31.342300,  0, 22,0
6374,2007-02-20 23:39:56,121.445300,31.342300,  0, 22,0
6374,2007-02-20 23:40:57,121.445300,31.342300,  0, 22,0
6374,2007-02-20 23:41:58,121.445300,31.342300,  0, 22,0
6374,2007-02-20 23:42:59,121.445300,31.342300,  0, 22,0
6374,2007-02-20 23:44:00,121.445300,31.342300,  0, 22,0
6374,2007-02-20 23:45:01,121.445300,31.342300,  0, 22,0
6374,2007-02-20 23:46:02,121.445300,31.342300,  0, 22,0
6374,2007-02-20 23:47:03,121.445300,31.342300,  0, 22,0
6374,2007-02-20 23:48:04,121.445300,31.342300,  0, 22,0
6374,2007-02-20 23:49:05,121.445300,31.342300,  0, 22,0
6374,2007-02-20 23:50:06,121.445300,31.342300,  0, 22,0
6374,2007-02-20 23:51:07,121.445300,31.342300,  0, 22,0
6374,2007-02-20 23:52:08,121.445300,31.342300,  0, 22,0
6374,2007-02-20 23:53:09,121.445300,31.342300,  0, 22,0
6374,2007-02-20 23:54:10,121.445300,31.342300,  0, 22,0
6374,2007-02-20 23:55:11,121.445300,31.342300,  0, 22,0
6374,2007-02-20 23:56:12,121.445300,31.342300,  0, 22,0
6374,2007-02-20 23:57:13,121.445300,31.342300,  0, 22,0
6374,2007-02-20 23:59:15,121.445300,31.342300,  0, 22,0
