84047,2007-02-20 00:00:16,121.463100,31.226800, 44,135,0
84047,2007-02-20 00:00:32,121.461800,31.226500,  0,135,0
84047,2007-02-20 00:01:33,121.461800,31.226500,  0,135,0
84047,2007-02-20 00:01:59,121.469000,31.226600, 36, 90,0
84047,2007-02-20 00:02:15,121.469500,31.225600, 28, 67,0
84047,2007-02-20 00:03:13,121.468000,31.224000, 28,112,0
84047,2007-02-20 00:04:14,121.466600,31.223600, 12,112,0
84047,2007-02-20 00:04:58,121.465500,31.223100, 30,112,0
84047,2007-02-20 00:05:14,121.464300,31.222500, 16,112,0
84047,2007-02-20 00:05:44,121.463100,31.222100, 44,112,0
84047,2007-02-20 00:06:16,121.459800,31.220800, 14,112,0
84047,2007-02-20 00:06:35,121.459300,31.221500, 44,  0,0
84047,2007-02-20 00:06:51,121.458800,31.222600, 16,  0,0
84047,2007-02-20 00:07:52,121.458800,31.222800,  0,  0,0
84047,2007-02-20 00:09:09,121.456600,31.222600, 24,135,0
84047,2007-02-20 00:10:03,121.455500,31.222300, 36,135,0
84047,2007-02-20 00:10:19,121.453100,31.222000, 32,112,0
84047,2007-02-20 00:10:35,121.453500,31.220600, 36, 90,0
84047,2007-02-20 00:10:51,121.452500,31.220000, 46,135,0
84047,2007-02-20 00:11:07,121.451100,31.219600,  0,112,0
84047,2007-02-20 00:11:41,121.450000,31.219100, 40,135,0
84047,2007-02-20 00:11:57,121.448500,31.218600, 26,135,0
84047,2007-02-20 00:12:21,121.447500,31.219100, 12,  0,0
84047,2007-02-20 00:12:37,121.446500,31.218800, 38,112,0
84047,2007-02-20 00:12:53,121.444600,31.218100, 42,135,0
84047,2007-02-20 00:13:09,121.443500,31.218000, 28,  0,0
84047,2007-02-20 00:13:25,121.442600,31.219300, 38,157,0
84047,2007-02-20 00:13:41,121.441800,31.220100, 32,157,0
84047,2007-02-20 00:13:57,121.441100,31.221500, 38,  0,0
84047,2007-02-20 00:14:13,121.440800,31.222500, 26,157,0
84047,2007-02-20 00:14:29,121.439300,31.222100, 52,112,0
84047,2007-02-20 00:14:45,121.437600,31.221100, 48,112,0
84047,2007-02-20 00:15:01,121.437000,31.221000,  8,135,0
84047,2007-02-20 00:15:51,121.435600,31.221000, 26,135,0
84047,2007-02-20 00:16:07,121.434300,31.220300, 44,112,0
84047,2007-02-20 00:16:23,121.433000,31.219300, 22,112,0
84047,2007-02-20 00:16:40,121.432500,31.220100, 32,157,0
84047,2007-02-20 00:16:57,121.431100,31.220100, 38,135,0
84047,2007-02-20 00:17:13,121.429600,31.220000, 28,135,0
84047,2007-02-20 00:17:46,121.427100,31.219800, 16,135,0
84047,2007-02-20 00:18:47,121.427000,31.219800,  0,135,0
84047,2007-02-20 00:19:21,121.425800,31.219600, 40,135,0
84047,2007-02-20 00:19:37,121.424000,31.219500, 44,135,0
84047,2007-02-20 00:20:09,121.420100,31.218800, 44,135,0
84047,2007-02-20 00:20:25,121.418300,31.218800, 44,135,0
84047,2007-02-20 00:20:41,121.417500,31.218600, 38, 67,0
84047,2007-02-20 00:20:57,121.418000,31.217000, 20, 90,0
84047,2007-02-20 00:21:22,121.418100,31.216000, 38, 90,0
84047,2007-02-20 00:21:38,121.418000,31.214800, 32,135,0
84047,2007-02-20 00:21:54,121.416000,31.214500, 44,135,0
84047,2007-02-20 00:22:10,121.414500,31.214500, 36,135,0
84047,2007-02-20 00:22:26,121.413000,31.214600, 10,135,0
84047,2007-02-20 00:23:27,121.412500,31.214600, 30,135,0
84047,2007-02-20 00:23:43,121.410600,31.214500, 42,135,0
84047,2007-02-20 00:23:59,121.409000,31.214300, 34,135,0
84047,2007-02-20 00:24:47,121.408000,31.213800, 30, 90,0
84047,2007-02-20 00:25:03,121.407600,31.212300, 46, 90,0
84047,2007-02-20 00:25:19,121.407300,31.210600, 44, 90,0
84047,2007-02-20 00:25:35,121.406800,31.209000, 44, 90,0
84047,2007-02-20 00:25:51,121.407000,31.209800, 30, 90,0
84047,2007-02-20 00:26:07,121.406600,31.209000, 40, 90,0
84047,2007-02-20 00:26:23,121.405800,31.209100, 26,135,0
84047,2007-02-20 00:26:58,121.404800,31.207800, 30,112,0
84047,2007-02-20 00:27:14,121.403100,31.208100, 48,135,0
84047,2007-02-20 00:27:46,121.402300,31.209800, 44,  0,0
84047,2007-02-20 00:28:02,121.401800,31.210800, 36,135,0
84047,2007-02-20 00:28:18,121.400000,31.211100, 36,135,0
84047,2007-02-20 00:29:09,121.399000,31.211500, 38,135,0
84047,2007-02-20 00:29:25,121.397000,31.211600, 44,135,0
84047,2007-02-20 00:29:48,121.395800,31.211500, 26,135,0
84047,2007-02-20 00:30:04,121.394000,31.211500, 30,135,0
84047,2007-02-20 00:30:20,121.392100,31.211500, 36,135,0
84047,2007-02-20 00:30:36,121.390800,31.211500, 10,135,0
84047,2007-02-20 00:30:58,121.389600,31.211600, 46,135,0
84047,2007-02-20 00:31:14,121.387500,31.211600, 48,135,0
84047,2007-02-20 00:31:30,121.385300,31.211800, 54,135,0
84047,2007-02-20 00:32:26,121.380000,31.212500, 16,135,0
84047,2007-02-20 00:32:42,121.378300,31.212500, 52,135,0
84047,2007-02-20 00:32:58,121.376000,31.212600, 36,135,0
84047,2007-02-20 00:33:14,121.375600,31.213500, 40,  0,0
84047,2007-02-20 00:33:30,121.375800,31.215000, 24,  0,0
84047,2007-02-20 00:34:02,121.376000,31.216000, 42,  0,0
84047,2007-02-20 00:34:18,121.376000,31.217300,  0,  0,0
84047,2007-02-20 00:35:15,121.375100,31.217600, 42,135,0
84047,2007-02-20 00:36:22,121.368800,31.218500, 28,135,0
84047,2007-02-20 00:36:38,121.367300,31.219000, 42,135,0
84047,2007-02-20 00:36:54,121.365100,31.219300, 46,135,0
84047,2007-02-20 00:37:10,121.363500,31.219500, 16,157,0
84047,2007-02-20 00:37:26,121.363500,31.220600, 40,  0,0
84047,2007-02-20 00:37:42,121.362800,31.221600, 40,135,0
84047,2007-02-20 00:37:58,121.360500,31.221800, 46,135,0
84047,2007-02-20 00:38:14,121.360100,31.222800, 40,  0,0
84047,2007-02-20 00:38:30,121.360500,31.224100, 22,  0,0
84047,2007-02-20 00:39:31,121.360600,31.224600,  0, 22,0
84047,2007-02-20 00:40:32,121.360600,31.224600,  0, 22,0
84047,2007-02-20 00:41:33,121.360600,31.224600,  0, 22,0
84047,2007-02-20 00:43:35,121.360600,31.224600,  0, 22,0
84047,2007-02-20 00:44:36,121.360600,31.224600,  0, 22,0
84047,2007-02-20 00:45:37,121.360600,31.224600,  0, 22,0
84047,2007-02-20 00:46:38,121.360600,31.224600,  0, 22,0
84047,2007-02-20 00:47:39,121.360600,31.224600,  0, 22,0
84047,2007-02-20 00:48:40,121.360600,31.224600,  0, 22,0
84047,2007-02-20 00:49:41,121.360600,31.224600,  0, 22,0
84047,2007-02-20 00:50:42,121.360600,31.224600,  0, 22,0
84047,2007-02-20 00:51:43,121.360600,31.224600,  0, 22,0
84047,2007-02-20 00:52:44,121.360600,31.224600,  0, 22,0
84047,2007-02-20 00:53:45,121.360600,31.224600,  0, 22,0
84047,2007-02-20 00:54:36,121.360600,31.224600,  0, 22,1
84047,2007-02-20 00:54:42,121.360600,31.224600,  0, 22,0
84047,2007-02-20 00:55:42,121.360600,31.224600,  0, 22,0
84047,2007-02-20 00:56:43,121.360600,31.224600,  0, 22,0
84047,2007-02-20 00:57:24,121.361300,31.225300, 34, 67,0
84047,2007-02-20 00:57:40,121.363100,31.224600, 42, 67,0
84047,2007-02-20 00:57:56,121.363500,31.223500, 40, 90,0
84047,2007-02-20 00:58:12,121.363300,31.221800, 40, 90,0
84047,2007-02-20 00:58:28,121.363300,31.220100, 46, 90,0
84047,2007-02-20 00:59:10,121.363300,31.219100, 36, 90,0
84047,2007-02-20 00:59:26,121.363100,31.217500, 30, 90,0
84047,2007-02-20 00:59:55,121.363300,31.215100, 20, 90,0
84047,2007-02-20 00:59:58,121.363300,31.215000, 10, 90,0
84047,2007-02-20 01:00:25,121.363500,31.214300, 28, 90,1
84047,2007-02-20 01:02:26,121.370800,31.209600, 28, 45,1
84047,2007-02-20 01:04:28,121.383800,31.208000, 50, 45,1
84047,2007-02-20 01:05:29,121.389800,31.207600, 42, 45,1
84047,2007-02-20 01:06:30,121.395600,31.207600, 70, 45,1
84047,2007-02-20 01:07:31,121.402800,31.206600, 52, 45,1
84047,2007-02-20 01:08:32,121.407100,31.206500,  0, 45,1
84047,2007-02-20 01:09:33,121.411500,31.207000,  0, 45,1
84047,2007-02-20 01:10:34,121.418600,31.206100, 24,  0,1
84047,2007-02-20 01:11:32,121.416800,31.208500,  0,157,0
84047,2007-02-20 01:12:48,121.416000,31.208800, 28,157,0
84047,2007-02-20 01:13:04,121.415100,31.208500, 34,112,0
84047,2007-02-20 01:13:39,121.413100,31.207500, 18,135,0
84047,2007-02-20 01:13:57,121.412600,31.208300, 38,  0,0
84047,2007-02-20 01:14:13,121.412300,31.209500,  8,  0,0
84047,2007-02-20 01:15:14,121.412300,31.209800, 12,157,0
84047,2007-02-20 01:15:30,121.411000,31.210000, 48,135,0
84047,2007-02-20 01:15:46,121.409300,31.210300, 48,157,0
84047,2007-02-20 01:16:02,121.408000,31.210800,  6,157,0
84047,2007-02-20 01:16:50,121.406800,31.211300, 40,135,0
84047,2007-02-20 01:17:06,121.405000,31.211800, 48,135,0
84047,2007-02-20 01:17:38,121.402600,31.211100, 36, 90,0
84047,2007-02-20 01:17:54,121.401800,31.210800, 36,135,0
84047,2007-02-20 01:18:10,121.400100,31.211100, 38,135,0
84047,2007-02-20 01:19:11,121.399300,31.211300, 24,135,0
84047,2007-02-20 01:19:27,121.397600,31.211600, 44,135,0
84047,2007-02-20 01:19:43,121.395600,31.211600, 38,135,0
84047,2007-02-20 01:19:59,121.393600,31.211500, 54,135,0
84047,2007-02-20 01:20:15,121.391100,31.211500, 58,135,0
84047,2007-02-20 01:20:31,121.388800,31.211600, 50,135,0
84047,2007-02-20 01:20:47,121.386800,31.211800, 28,135,0
84047,2007-02-20 01:21:25,121.385600,31.212000, 40,135,0
84047,2007-02-20 01:21:41,121.383600,31.212100, 42,135,0
84047,2007-02-20 01:21:57,121.381800,31.212300, 44,135,0
84047,2007-02-20 01:22:13,121.380100,31.212500, 26,135,0
84047,2007-02-20 01:22:29,121.379600,31.211500, 36, 90,0
84047,2007-02-20 01:22:45,121.379300,31.210100, 40, 90,0
84047,2007-02-20 01:23:01,121.378600,31.209300, 40,135,0
84047,2007-02-20 01:23:17,121.376800,31.209500, 34,135,0
84047,2007-02-20 01:24:18,121.375600,31.209500, 38,135,0
84047,2007-02-20 01:24:34,121.373600,31.209500, 32,135,0
84047,2007-02-20 01:24:50,121.372100,31.209600, 48,135,0
84047,2007-02-20 01:25:22,121.367300,31.210000, 48,135,0
84047,2007-02-20 01:25:38,121.365600,31.210100, 44,135,0
84047,2007-02-20 01:26:06,121.364500,31.210100, 20,112,1
84047,2007-02-20 01:27:06,121.363300,31.206300,  0,112,1
84047,2007-02-20 01:28:07,121.360800,31.202500, 50, 90,1
84047,2007-02-20 01:29:08,121.363100,31.197300,  0, 67,1
84047,2007-02-20 01:30:09,121.365300,31.192100, 22, 90,1
84047,2007-02-20 01:31:10,121.363300,31.189600, 40, 90,1
84047,2007-02-20 01:32:11,121.363800,31.188100, 30, 90,1
84047,2007-02-20 01:33:12,121.364600,31.185300, 56, 90,1
84047,2007-02-20 01:35:00,121.362100,31.178500,  0,135,0
84047,2007-02-20 01:35:16,121.362100,31.178300,  0, 90,0
84047,2007-02-20 01:36:07,121.360800,31.178300, 28,135,0
84047,2007-02-20 01:36:23,121.359500,31.178000, 20,135,0
84047,2007-02-20 01:36:41,121.358300,31.177600, 30,135,0
84047,2007-02-20 01:36:57,121.357300,31.178300, 36,  0,0
84047,2007-02-20 01:37:13,121.356800,31.180000, 48,  0,0
84047,2007-02-20 01:37:29,121.356800,31.181300, 42, 45,0
84047,2007-02-20 01:37:45,121.358600,31.182000, 44, 45,0
84047,2007-02-20 01:38:31,121.359600,31.183100, 30,  0,0
84047,2007-02-20 01:39:03,121.359500,31.186100, 40, 22,0
84047,2007-02-20 01:39:19,121.361600,31.186600, 52, 45,0
84047,2007-02-20 01:39:35,121.363600,31.187100, 38, 45,0
84047,2007-02-20 01:40:36,121.364300,31.187300, 20, 22,0
84047,2007-02-20 01:41:18,121.363800,31.188300, 10,  0,0
84047,2007-02-20 01:41:34,121.363300,31.189500, 48,  0,0
84047,2007-02-20 01:41:50,121.362600,31.191300, 50,157,0
84047,2007-02-20 01:42:06,121.363000,31.192000, 40, 45,0
84047,2007-02-20 01:42:22,121.364600,31.191800, 30, 22,0
84047,2007-02-20 01:43:23,121.365300,31.192300, 34,  0,0
84047,2007-02-20 01:43:39,121.365000,31.193800, 42,  0,0
84047,2007-02-20 01:43:55,121.364800,31.195500, 48,  0,0
84047,2007-02-20 01:44:11,121.363300,31.197100, 52,157,0
84047,2007-02-20 01:44:27,121.362000,31.198600, 46,157,0
84047,2007-02-20 01:44:59,121.360800,31.201800, 50,  0,0
84047,2007-02-20 01:45:15,121.361500,31.203500, 52, 22,0
84047,2007-02-20 01:45:31,121.362600,31.205000, 38, 22,0
84047,2007-02-20 01:46:09,121.363100,31.206000, 32, 22,0
84047,2007-02-20 01:46:25,121.364300,31.207100, 42, 22,0
84047,2007-02-20 01:46:41,121.364800,31.208100, 38,  0,0
84047,2007-02-20 01:47:58,121.364000,31.209800,  0,112,0
84047,2007-02-20 01:50:00,121.364000,31.209800,  0,112,0
84047,2007-02-20 01:51:01,121.364100,31.211100,  0,  0,0
84047,2007-02-20 01:52:02,121.363800,31.210100,  0, 90,0
84047,2007-02-20 01:53:03,121.363800,31.210100,  0, 90,0
84047,2007-02-20 01:54:04,121.363800,31.210000,  0, 45,0
84047,2007-02-20 01:55:05,121.364000,31.210000,  0, 90,0
84047,2007-02-20 01:56:06,121.364100,31.210100,  0, 90,0
84047,2007-02-20 01:57:07,121.364000,31.211800, 24,  0,0
84047,2007-02-20 01:58:08,121.363100,31.216100,  6, 22,0
84047,2007-02-20 01:59:09,121.364600,31.216100,  0, 45,0
84047,2007-02-20 02:01:11,121.364600,31.216100,  0, 67,0
84047,2007-02-20 02:02:12,121.364600,31.216100,  0, 67,0
84047,2007-02-20 02:03:13,121.364600,31.216100,  0, 67,0
84047,2007-02-20 02:04:14,121.364600,31.216100,  0, 67,0
84047,2007-02-20 02:06:16,121.364500,31.216000,  0, 67,0
84047,2007-02-20 02:07:17,121.364500,31.216000,  0, 67,0
84047,2007-02-20 02:08:18,121.364800,31.216100,  0, 67,0
84047,2007-02-20 02:09:19,121.364800,31.216100,  0, 67,0
84047,2007-02-20 02:10:20,121.364800,31.216100,  0, 67,0
84047,2007-02-20 02:11:21,121.364500,31.216100,  0, 67,0
84047,2007-02-20 02:12:22,121.364500,31.216100,  0, 67,0
84047,2007-02-20 02:13:23,121.364500,31.216100,  0, 67,0
84047,2007-02-20 02:14:24,121.364500,31.216100,  0, 67,0
84047,2007-02-20 02:15:25,121.364500,31.216100,  0, 67,0
84047,2007-02-20 02:16:26,121.364500,31.216100,  0, 67,0
84047,2007-02-20 02:17:27,121.364500,31.216100,  0, 67,0
84047,2007-02-20 02:18:28,121.364500,31.216100,  0, 67,0
84047,2007-02-20 02:19:29,121.364500,31.216100,  0, 67,0
84047,2007-02-20 02:20:30,121.364500,31.216100,  0, 67,0
84047,2007-02-20 02:21:31,121.364500,31.216500,  0, 67,0
84047,2007-02-20 02:22:32,121.364500,31.216300,  0, 67,0
84047,2007-02-20 02:23:33,121.364500,31.216300,  0, 67,0
84047,2007-02-20 02:24:34,121.364600,31.216300,  0, 67,0
84047,2007-02-20 02:25:35,121.364500,31.216100,  0, 67,0
84047,2007-02-20 02:26:36,121.364500,31.216300,  0, 67,0
84047,2007-02-20 02:27:37,121.364500,31.216100,  0, 67,0
84047,2007-02-20 02:28:38,121.364600,31.216100,  0, 67,0
84047,2007-02-20 02:29:39,121.364600,31.216100,  0, 67,0
84047,2007-02-20 02:30:40,121.364600,31.216500,  0, 67,0
84047,2007-02-20 02:31:41,121.364600,31.216500,  0, 67,0
84047,2007-02-20 02:32:42,121.364600,31.216500,  0, 67,0
84047,2007-02-20 02:33:43,121.364600,31.216500,  0, 67,0
84047,2007-02-20 02:34:44,121.364600,31.216500,  0, 67,0
84047,2007-02-20 02:35:45,121.364600,31.216300,  0, 67,0
84047,2007-02-20 02:36:46,121.364600,31.216300,  0, 67,0
84047,2007-02-20 02:37:47,121.364600,31.216300,  0, 67,0
84047,2007-02-20 02:38:48,121.364600,31.216300,  0, 67,0
84047,2007-02-20 02:40:50,121.364600,31.216300,  0, 67,0
84047,2007-02-20 02:41:51,121.364600,31.216300,  0, 67,0
84047,2007-02-20 02:42:52,121.364600,31.216300,  0, 67,0
84047,2007-02-20 02:43:53,121.364600,31.216300,  0, 67,0
84047,2007-02-20 02:44:54,121.364600,31.216300,  0, 67,0
84047,2007-02-20 02:45:55,121.364600,31.216300,  0, 67,0
84047,2007-02-20 02:46:56,121.364600,31.216300,  0, 67,0
84047,2007-02-20 02:47:57,121.364600,31.216300,  0, 67,0
84047,2007-02-20 02:48:58,121.364600,31.216300,  0, 67,0
84047,2007-02-20 02:49:59,121.364600,31.216300,  0, 67,0
84047,2007-02-20 02:51:00,121.364600,31.216300,  0, 67,0
84047,2007-02-20 02:52:01,121.364600,31.216300,  0, 67,0
84047,2007-02-20 02:53:02,121.364600,31.216300,  0, 67,0
84047,2007-02-20 02:54:03,121.364600,31.216300,  0, 67,0
84047,2007-02-20 02:54:59,121.364600,31.216300,  0,  0,0
84047,2007-02-20 02:56:23,121.364600,31.216300,  0,  0,0
84047,2007-02-20 02:57:23,121.364600,31.216300,  0,  0,0
84047,2007-02-20 02:58:24,121.364600,31.216300,  0,  0,0
84047,2007-02-20 02:59:25,121.364600,31.216300,  0,  0,0
84047,2007-02-20 03:00:26,121.364600,31.216300,  0,  0,0
84047,2007-02-20 03:01:27,121.364600,31.216300,  0,  0,0
84047,2007-02-20 03:02:28,121.364500,31.216100,  0,  0,0
84047,2007-02-20 03:03:29,121.364600,31.216300,  0,  0,0
84047,2007-02-20 03:04:30,121.364600,31.216300,  0,  0,0
84047,2007-02-20 03:05:31,121.364600,31.216500,  0,  0,0
84047,2007-02-20 03:06:32,121.364600,31.216500,  0,  0,0
84047,2007-02-20 03:07:33,121.364600,31.216500,  0,  0,0
84047,2007-02-20 03:08:34,121.364600,31.216500,  0,  0,0
84047,2007-02-20 03:09:35,121.364600,31.216500,  0,  0,0
84047,2007-02-20 03:10:36,121.364600,31.216500,  0,  0,0
84047,2007-02-20 03:11:37,121.364600,31.216500,  0,  0,0
84047,2007-02-20 03:12:38,121.364600,31.216500,  0,  0,0
84047,2007-02-20 03:13:39,121.364600,31.216500,  0,  0,0
84047,2007-02-20 03:14:40,121.364600,31.216500,  0,  0,0
84047,2007-02-20 03:15:41,121.364600,31.216500,  0,  0,0
84047,2007-02-20 03:16:42,121.364600,31.216500,  0,  0,0
84047,2007-02-20 03:17:43,121.364600,31.216500,  0,  0,0
84047,2007-02-20 03:18:44,121.364600,31.216500,  0,  0,0
84047,2007-02-20 03:19:45,121.364600,31.216500,  0,  0,0
84047,2007-02-20 03:21:47,121.364600,31.216500,  0,  0,0
84047,2007-02-20 03:22:48,121.364600,31.216500,  0,  0,0
84047,2007-02-20 03:23:49,121.364600,31.216500,  0,  0,0
84047,2007-02-20 03:24:50,121.364600,31.216500,  0,  0,0
84047,2007-02-20 03:26:52,121.364600,31.216500,  0,  0,0
84047,2007-02-20 03:27:53,121.364600,31.216500,  0,  0,0
84047,2007-02-20 03:28:54,121.364600,31.216500,  0,  0,0
84047,2007-02-20 03:29:55,121.364600,31.216300,  0,  0,0
84047,2007-02-20 03:30:56,121.364600,31.216300,  0,  0,0
84047,2007-02-20 03:31:57,121.364600,31.216300,  0,  0,0
84047,2007-02-20 03:32:58,121.364600,31.216300,  0,  0,0
84047,2007-02-20 03:33:59,121.364600,31.216300,  0,  0,0
84047,2007-02-20 03:36:01,121.364600,31.216300,  0,  0,0
84047,2007-02-20 03:37:02,121.364600,31.216300,  0,  0,0
84047,2007-02-20 03:38:03,121.364600,31.216300,  0,  0,0
84047,2007-02-20 03:39:04,121.364600,31.216300,  0,  0,0
84047,2007-02-20 03:40:05,121.364600,31.216300,  0,  0,0
84047,2007-02-20 03:41:06,121.364600,31.216300,  0,  0,0
84047,2007-02-20 03:42:07,121.364600,31.216300,  0,  0,0
84047,2007-02-20 03:43:08,121.364600,31.216300,  0,  0,0
84047,2007-02-20 03:44:09,121.364600,31.216300,  0,  0,0
84047,2007-02-20 03:45:10,121.364600,31.216300,  0,  0,0
84047,2007-02-20 03:46:11,121.364600,31.216300,  0,  0,0
84047,2007-02-20 03:47:12,121.364600,31.216300,  0,  0,0
84047,2007-02-20 03:48:13,121.364600,31.216300,  0,  0,0
84047,2007-02-20 03:49:14,121.364600,31.216300,  0,  0,0
84047,2007-02-20 03:50:15,121.364600,31.216300,  0,  0,0
84047,2007-02-20 03:51:16,121.364600,31.216300,  0,  0,0
84047,2007-02-20 03:53:18,121.364600,31.216300,  0,  0,0
84047,2007-02-20 03:54:19,121.364600,31.216300,  0,  0,0
84047,2007-02-20 03:55:20,121.364600,31.216300,  0,  0,0
84047,2007-02-20 03:56:21,121.364600,31.216300,  0,  0,0
84047,2007-02-20 03:57:22,121.364600,31.216300,  0,  0,0
84047,2007-02-20 03:58:23,121.364600,31.216300,  0,  0,0
84047,2007-02-20 03:59:24,121.364600,31.216300,  0,  0,0
84047,2007-02-20 04:00:25,121.364600,31.216300,  0,  0,0
84047,2007-02-20 04:01:26,121.364600,31.216300,  0,  0,0
84047,2007-02-20 04:02:27,121.364600,31.216300,  0,  0,0
84047,2007-02-20 04:03:28,121.364600,31.216300,  0,  0,0
84047,2007-02-20 04:04:29,121.364600,31.216300,  0,  0,0
84047,2007-02-20 04:05:30,121.364600,31.216300,  0,  0,0
84047,2007-02-20 04:06:31,121.364600,31.216300,  0,  0,0
84047,2007-02-20 04:07:32,121.364600,31.216300,  0,  0,0
84047,2007-02-20 04:08:33,121.364600,31.216300,  0,  0,0
84047,2007-02-20 04:10:13,121.364600,31.216300,  0,  0,0
84047,2007-02-20 04:11:14,121.364600,31.216300,  0,  0,0
84047,2007-02-20 04:12:15,121.364600,31.216300,  0,  0,0
84047,2007-02-20 04:14:17,121.364600,31.216300,  0,  0,0
84047,2007-02-20 04:15:18,121.364600,31.216300,  0,  0,0
84047,2007-02-20 04:16:19,121.364600,31.216300,  0,  0,0
84047,2007-02-20 04:17:20,121.364600,31.216300,  0,  0,0
84047,2007-02-20 04:18:21,121.364600,31.216300,  0,  0,0
84047,2007-02-20 04:19:22,121.364600,31.216300,  0,  0,0
84047,2007-02-20 04:20:23,121.364600,31.216300,  0,  0,0
84047,2007-02-20 04:21:24,121.364600,31.216300,  0,  0,0
84047,2007-02-20 04:22:25,121.364600,31.216300,  0,  0,0
84047,2007-02-20 04:23:55,121.364600,31.216300,  0,  0,0
84047,2007-02-20 04:25:57,121.364600,31.216300,  0,  0,0
84047,2007-02-20 04:26:58,121.364600,31.216300,  0,  0,0
84047,2007-02-20 04:27:59,121.364600,31.216300,  0,  0,0
84047,2007-02-20 04:29:00,121.364600,31.216300,  0,  0,0
84047,2007-02-20 04:30:01,121.364600,31.216300,  0,  0,0
84047,2007-02-20 04:31:02,121.364600,31.216300,  0,  0,0
84047,2007-02-20 04:32:03,121.364600,31.216300,  0,  0,0
84047,2007-02-20 04:33:04,121.364600,31.216300,  0,  0,0
84047,2007-02-20 04:34:05,121.364600,31.216300,  0,  0,0
84047,2007-02-20 04:35:06,121.364600,31.216300,  0,  0,0
84047,2007-02-20 04:37:08,121.364600,31.216300,  0,  0,0
84047,2007-02-20 04:38:09,121.364600,31.216300,  0,  0,0
84047,2007-02-20 04:39:10,121.364600,31.216300,  0,  0,0
84047,2007-02-20 04:40:11,121.364600,31.216300,  0,  0,0
84047,2007-02-20 04:41:12,121.364600,31.216300,  0,  0,0
84047,2007-02-20 04:42:13,121.364600,31.216300,  0,  0,0
84047,2007-02-20 04:43:14,121.364600,31.216300,  0,  0,0
84047,2007-02-20 04:44:15,121.364600,31.216300,  0,  0,0
84047,2007-02-20 04:45:16,121.364600,31.216300,  0,  0,0
84047,2007-02-20 04:46:17,121.364600,31.216300,  0,  0,0
84047,2007-02-20 04:47:18,121.364600,31.216300,  0,  0,0
84047,2007-02-20 04:48:19,121.364600,31.216300,  0,  0,0
84047,2007-02-20 04:49:20,121.364600,31.216300,  0,  0,0
84047,2007-02-20 04:50:21,121.364600,31.216300,  0,  0,0
84047,2007-02-20 04:51:22,121.364600,31.216300,  0,  0,0
84047,2007-02-20 04:52:23,121.364600,31.216300,  0,  0,0
84047,2007-02-20 04:53:24,121.364600,31.216300,  0,  0,0
84047,2007-02-20 04:54:24,121.364600,31.216300,  0,  0,0
84047,2007-02-20 04:55:25,121.364600,31.216300,  0,  0,0
84047,2007-02-20 04:56:26,121.364600,31.216300,  0,  0,0
84047,2007-02-20 04:57:27,121.364600,31.216300,  0,  0,0
84047,2007-02-20 04:58:29,121.364600,31.216300,  0,  0,0
84047,2007-02-20 04:59:29,121.364600,31.216300,  0,  0,0
84047,2007-02-20 05:00:30,121.364600,31.216300,  0,  0,0
84047,2007-02-20 05:01:31,121.364600,31.216300,  0,  0,0
84047,2007-02-20 05:02:32,121.364600,31.216300,  0,  0,0
84047,2007-02-20 05:03:34,121.364600,31.216300,  0,  0,0
84047,2007-02-20 05:04:34,121.364600,31.216300,  0,  0,0
84047,2007-02-20 05:05:35,121.364600,31.216300,  0,  0,0
84047,2007-02-20 05:07:37,121.364600,31.216300,  0,  0,0
84047,2007-02-20 05:08:39,121.364600,31.216300,  0,  0,0
84047,2007-02-20 05:09:39,121.364600,31.216300,  0,  0,0
84047,2007-02-20 05:11:41,121.364600,31.216300,  0,  0,0
84047,2007-02-20 05:14:44,121.364600,31.216300,  0,  0,0
84047,2007-02-20 05:15:45,121.364500,31.216300,  0,  0,0
84047,2007-02-20 05:16:46,121.364600,31.216100,  0,  0,0
84047,2007-02-20 05:17:47,121.364600,31.216100,  0,  0,0
84047,2007-02-20 05:18:48,121.364600,31.216100,  0,  0,0
84047,2007-02-20 05:19:49,121.364600,31.216100,  0,  0,0
84047,2007-02-20 05:20:50,121.364600,31.216100,  0,  0,0
84047,2007-02-20 05:22:52,121.364600,31.216100,  0,  0,0
84047,2007-02-20 05:24:54,121.364500,31.216600,  0,  0,0
84047,2007-02-20 05:26:56,121.364500,31.216600,  0,  0,0
84047,2007-02-20 05:27:57,121.364500,31.216600,  0,  0,0
84047,2007-02-20 05:28:59,121.364500,31.216600,  0,  0,0
84047,2007-02-20 05:29:59,121.364500,31.216600,  0,  0,0
84047,2007-02-20 05:31:00,121.364500,31.216600,  0,  0,0
84047,2007-02-20 05:32:01,121.364500,31.216600,  0,  0,0
84047,2007-02-20 05:33:02,121.364500,31.216600,  0,  0,0
84047,2007-02-20 05:35:04,121.364500,31.216600,  0,  0,0
84047,2007-02-20 05:37:06,121.364500,31.216600,  0,  0,0
84047,2007-02-20 05:38:07,121.364500,31.216600,  0,  0,0
84047,2007-02-20 05:39:08,121.364500,31.216600,  0,  0,0
84047,2007-02-20 05:40:09,121.364500,31.216600,  0,  0,0
84047,2007-02-20 05:41:10,121.364500,31.216600,  0,  0,0
84047,2007-02-20 05:42:11,121.364500,31.216600,  0,  0,0
84047,2007-02-20 05:43:12,121.364500,31.216600,  0,  0,0
84047,2007-02-20 05:44:13,121.364500,31.216600,  0,  0,0
84047,2007-02-20 05:45:14,121.364500,31.216600,  0,  0,0
84047,2007-02-20 05:46:15,121.364500,31.216600,  0,  0,0
84047,2007-02-20 05:47:16,121.364500,31.216600,  0,  0,0
84047,2007-02-20 05:48:17,121.364500,31.216600,  0,  0,0
84047,2007-02-20 05:49:18,121.364500,31.216600,  0,  0,0
84047,2007-02-20 05:50:19,121.364500,31.216600,  0,  0,0
84047,2007-02-20 05:51:20,121.364500,31.216600,  0,  0,0
84047,2007-02-20 05:52:21,121.364500,31.216600,  0,  0,0
84047,2007-02-20 05:53:22,121.364500,31.216600,  0,  0,0
84047,2007-02-20 05:54:23,121.364500,31.216600,  0,  0,0
84047,2007-02-20 05:55:24,121.364500,31.216600,  0,  0,0
84047,2007-02-20 05:56:25,121.364500,31.216600,  0,  0,0
84047,2007-02-20 05:57:26,121.364500,31.216600,  0,  0,0
84047,2007-02-20 05:58:27,121.364500,31.216600,  0,  0,0
84047,2007-02-20 05:59:28,121.364500,31.216600,  0,  0,0
84047,2007-02-20 06:00:29,121.364500,31.216600,  0,  0,0
84047,2007-02-20 06:01:29,121.364500,31.216600,  0,  0,0
84047,2007-02-20 06:02:30,121.364500,31.216600,  0,  0,0
84047,2007-02-20 06:03:31,121.364500,31.216600,  0,  0,0
84047,2007-02-20 06:04:32,121.364500,31.216600,  0,  0,0
84047,2007-02-20 06:05:33,121.364500,31.216600,  0,  0,0
84047,2007-02-20 06:06:34,121.364500,31.216600,  0,  0,0
84047,2007-02-20 06:07:35,121.364500,31.216600,  0,  0,0
84047,2007-02-20 06:08:36,121.364500,31.216600,  0,  0,0
84047,2007-02-20 06:09:37,121.364500,31.216600,  0,  0,0
84047,2007-02-20 06:10:39,121.364500,31.216300,  0,  0,0
84047,2007-02-20 06:11:40,121.364500,31.216300,  0,  0,0
84047,2007-02-20 06:12:41,121.364500,31.216300,  0,  0,0
84047,2007-02-20 06:13:42,121.364500,31.216300,  0,  0,0
84047,2007-02-20 06:14:42,121.364500,31.216300,  0,  0,0
84047,2007-02-20 06:15:44,121.364500,31.216300,  0,  0,0
84047,2007-02-20 06:16:45,121.364500,31.216300,  0,  0,0
84047,2007-02-20 06:17:46,121.364500,31.216300,  0,  0,0
84047,2007-02-20 06:18:47,121.364500,31.216300,  0,  0,0
84047,2007-02-20 06:19:47,121.364500,31.216300,  0,  0,0
84047,2007-02-20 06:20:49,121.364500,31.216300,  0,  0,0
84047,2007-02-20 06:21:50,121.364500,31.216300,  0,  0,0
84047,2007-02-20 06:22:51,121.364500,31.216300,  0,  0,0
84047,2007-02-20 06:23:52,121.364500,31.216300,  0,  0,0
84047,2007-02-20 06:24:52,121.364500,31.216300,  0,  0,0
84047,2007-02-20 06:25:53,121.364500,31.216300,  0,  0,0
84047,2007-02-20 06:26:54,121.364500,31.216300,  0,  0,0
84047,2007-02-20 06:27:55,121.364500,31.216300,  0,  0,0
84047,2007-02-20 06:28:56,121.364500,31.216300,  0,  0,0
84047,2007-02-20 06:29:57,121.364500,31.216300,  0,  0,0
84047,2007-02-20 06:30:58,121.364500,31.216300,  0,  0,0
84047,2007-02-20 06:32:00,121.365000,31.216500,  0,  0,0
84047,2007-02-20 06:33:01,121.365000,31.216500,  0,  0,0
84047,2007-02-20 06:34:02,121.365000,31.216500,  0,  0,0
84047,2007-02-20 06:36:04,121.365000,31.216500,  0,  0,0
84047,2007-02-20 06:37:05,121.365000,31.216500,  0,  0,0
84047,2007-02-20 06:38:06,121.365100,31.216800,  0,  0,0
84047,2007-02-20 06:41:09,121.364800,31.216300,  0,  0,0
84047,2007-02-20 06:44:12,121.364800,31.216300,  0,  0,0
84047,2007-02-20 06:45:12,121.364800,31.216300,  0,  0,0
84047,2007-02-20 06:46:14,121.364800,31.216300,  0,  0,0
84047,2007-02-20 06:47:15,121.364800,31.216300,  0,  0,0
84047,2007-02-20 06:48:16,121.364800,31.216300,  0,  0,0
84047,2007-02-20 06:49:17,121.364800,31.216300,  0,  0,0
84047,2007-02-20 06:50:17,121.364500,31.216100,  0,  0,0
84047,2007-02-20 06:51:19,121.364500,31.216100,  0,  0,0
84047,2007-02-20 06:52:20,121.364500,31.216100,  0,  0,0
84047,2007-02-20 06:53:21,121.364500,31.216100,  0,  0,0
84047,2007-02-20 06:54:22,121.364800,31.216500,  0, 22,0
84047,2007-02-20 06:55:22,121.365100,31.216600,  0, 22,0
84047,2007-02-20 06:56:24,121.365100,31.216600,  0, 22,0
84047,2007-02-20 06:57:25,121.365100,31.216600,  0, 22,0
84047,2007-02-20 06:59:27,121.365100,31.216600,  0, 22,0
84047,2007-02-20 07:00:27,121.365100,31.216600,  0, 22,0
84047,2007-02-20 07:01:29,121.365100,31.216600,  0, 22,0
84047,2007-02-20 07:02:30,121.365100,31.216600,  0, 22,0
84047,2007-02-20 07:03:31,121.365100,31.216600,  0, 22,0
84047,2007-02-20 07:04:32,121.365100,31.216600,  0, 22,0
84047,2007-02-20 07:05:32,121.365100,31.216600,  0, 22,0
84047,2007-02-20 07:06:34,121.365100,31.216600,  0, 22,0
84047,2007-02-20 07:07:35,121.365100,31.216600,  0, 22,0
84047,2007-02-20 07:08:36,121.365100,31.216600,  0, 22,0
84047,2007-02-20 07:09:37,121.365100,31.216600,  0, 22,0
84047,2007-02-20 07:10:37,121.365100,31.216600,  0, 22,0
84047,2007-02-20 07:11:39,121.365100,31.216600,  0, 22,0
84047,2007-02-20 07:12:40,121.365100,31.216600,  0, 22,0
84047,2007-02-20 07:13:41,121.365100,31.216600,  0, 22,0
84047,2007-02-20 07:14:42,121.365100,31.216600,  0, 22,0
84047,2007-02-20 07:15:42,121.365100,31.216600,  0, 22,0
84047,2007-02-20 07:16:43,121.365100,31.216600,  0, 22,0
84047,2007-02-20 07:17:44,121.365100,31.216600,  0, 22,0
84047,2007-02-20 07:18:45,121.365100,31.216600,  0, 22,0
84047,2007-02-20 07:19:47,121.364600,31.216300,  0, 22,0
84047,2007-02-20 07:21:49,121.364600,31.216300,  0, 22,0
84047,2007-02-20 07:22:50,121.364600,31.216300,  0, 22,0
84047,2007-02-20 07:23:51,121.364600,31.216300,  0, 22,0
84047,2007-02-20 07:24:52,121.364600,31.216300,  0, 22,0
84047,2007-02-20 07:25:52,121.364600,31.216300,  0, 22,0
84047,2007-02-20 07:26:54,121.364600,31.216300,  0, 22,0
84047,2007-02-20 07:27:55,121.364600,31.216300,  0, 22,0
84047,2007-02-20 07:28:56,121.364600,31.216300,  0, 22,0
84047,2007-02-20 07:29:57,121.364600,31.216300,  0, 22,0
84047,2007-02-20 07:30:57,121.364600,31.216300,  0, 22,0
84047,2007-02-20 07:31:59,121.364600,31.216300,  0, 22,0
84047,2007-02-20 07:33:00,121.364600,31.216300,  0, 22,0
84047,2007-02-20 07:34:00,121.364600,31.216100,  0, 67,0
84047,2007-02-20 07:35:02,121.363300,31.216300,  6,157,0
84047,2007-02-20 07:36:02,121.360000,31.219800, 22,  0,0
84047,2007-02-20 07:38:04,121.361000,31.225100,  0,  0,0
84047,2007-02-20 07:39:05,121.355000,31.225600, 40,135,0
84047,2007-02-20 07:41:07,121.344300,31.225300,  0,135,0
84047,2007-02-20 07:43:09,121.340600,31.225300, 46,135,0
84047,2007-02-20 07:44:10,121.332800,31.225600, 34,135,0
84047,2007-02-20 07:45:11,121.327600,31.225100, 16,135,0
84047,2007-02-20 07:46:12,121.327000,31.222500, 12,135,0
84047,2007-02-20 07:47:13,121.327000,31.222300,  0,135,0
84047,2007-02-20 07:48:14,121.327000,31.222300,  0,135,0
84047,2007-02-20 07:49:15,121.327000,31.222300,  0,135,0
84047,2007-02-20 07:52:18,121.326300,31.222300, 10,135,0
84047,2007-02-20 07:53:19,121.323300,31.223000, 26,  0,0
84047,2007-02-20 07:54:20,121.322500,31.228300, 36,  0,0
84047,2007-02-20 07:55:21,121.321000,31.232300, 40,  0,0
84047,2007-02-20 07:56:22,121.320500,31.237300, 48,  0,0
84047,2007-02-20 07:57:23,121.324100,31.244300, 42, 22,0
84047,2007-02-20 07:58:24,121.330300,31.250100, 66, 22,0
84047,2007-02-20 07:59:25,121.335600,31.255000, 38, 22,0
84047,2007-02-20 08:00:26,121.338500,31.257000,  4, 22,0
84047,2007-02-20 08:01:27,121.342100,31.260300,  8, 22,0
84047,2007-02-20 08:02:28,121.342100,31.260300,  0, 22,0
84047,2007-02-20 08:03:29,121.342300,31.260800, 22,  0,0
84047,2007-02-20 08:04:30,121.342500,31.263100,  0, 90,0
84047,2007-02-20 08:05:31,121.342500,31.263100,  0, 90,0
84047,2007-02-20 08:06:32,121.342500,31.263100,  0, 90,0
84047,2007-02-20 08:07:33,121.342500,31.263100,  0, 90,0
84047,2007-02-20 08:09:35,121.342300,31.261300, 24, 90,0
84047,2007-02-20 08:10:36,121.342100,31.260800,  0, 90,0
84047,2007-02-20 08:11:37,121.342100,31.260800,  0, 90,0
84047,2007-02-20 08:12:38,121.342100,31.260800,  0, 90,0
84047,2007-02-20 08:13:39,121.342100,31.260800,  0, 90,0
84047,2007-02-20 08:14:40,121.342100,31.260800,  0, 90,0
84047,2007-02-20 08:15:41,121.342100,31.260800,  0, 90,0
84047,2007-02-20 08:16:03,121.342100,31.260800, 14,112,1
84047,2007-02-20 08:17:03,121.332600,31.263600, 70,135,1
84047,2007-02-20 08:18:04,121.319100,31.265800, 82,135,1
84047,2007-02-20 08:19:05,121.310100,31.267000, 50,135,1
84047,2007-02-20 08:19:59,121.309000,31.270600,  0,157,0
84047,2007-02-20 08:20:59,121.309300,31.269800, 28, 90,0
84047,2007-02-20 08:22:00,121.308000,31.267300, 50,135,0
84047,2007-02-20 08:23:01,121.304000,31.265500, 44, 90,0
84047,2007-02-20 08:24:02,121.303800,31.264500,  0, 90,0
84047,2007-02-20 08:25:03,121.303800,31.264500,  0, 90,0
84047,2007-02-20 08:26:04,121.303800,31.264500,  0, 90,0
84047,2007-02-20 08:27:05,121.303800,31.264500,  0, 90,0
84047,2007-02-20 08:29:07,121.304100,31.266100, 40,  0,0
84047,2007-02-20 08:30:08,121.299800,31.268500, 48,135,0
84047,2007-02-20 08:31:09,121.296000,31.270500, 32,157,0
84047,2007-02-20 08:32:10,121.294800,31.271600, 14,157,0
84047,2007-02-20 08:33:11,121.292100,31.273500, 26,135,0
84047,2007-02-20 08:34:12,121.290300,31.272600,  0, 90,0
84047,2007-02-20 08:34:52,121.290300,31.272500, 18, 90,1
84047,2007-02-20 08:35:53,121.290300,31.270300,  0, 90,1
84047,2007-02-20 08:36:54,121.290300,31.270300,  0, 90,1
84047,2007-02-20 08:37:55,121.282500,31.270600, 90,135,1
84047,2007-02-20 08:38:56,121.272300,31.272000, 14,135,1
84047,2007-02-20 08:39:57,121.271000,31.265000, 60,135,1
84047,2007-02-20 08:42:02,121.258000,31.267500,  0,  0,0
84047,2007-02-20 08:44:03,121.262800,31.264600, 38, 45,0
84047,2007-02-20 08:45:04,121.264300,31.267100,  0,  0,0
84047,2007-02-20 08:46:05,121.264300,31.267100,  0,  0,0
84047,2007-02-20 08:46:16,121.264300,31.267100, 20,  0,1
84047,2007-02-20 08:47:17,121.267000,31.274300, 10, 22,1
84047,2007-02-20 08:48:18,121.271800,31.272000,  0, 45,1
84047,2007-02-20 08:49:19,121.280300,31.270800, 80, 45,1
84047,2007-02-20 08:50:20,121.292000,31.269300, 78, 45,1
84047,2007-02-20 08:51:21,121.304300,31.267800, 82, 45,1
84047,2007-02-20 08:52:22,121.314800,31.266300, 52, 45,1
84047,2007-02-20 08:54:24,121.337600,31.262000, 52, 45,1
84047,2007-02-20 08:55:25,121.343000,31.260300, 56, 45,1
84047,2007-02-20 08:56:26,121.349500,31.258100,  0, 67,1
84047,2007-02-20 08:57:27,121.350000,31.258000, 24, 45,1
84047,2007-02-20 08:58:28,121.357300,31.255800, 40, 45,1
84047,2007-02-20 08:59:29,121.362000,31.254600,  0, 45,1
84047,2007-02-20 09:00:30,121.365500,31.253600, 62, 45,1
84047,2007-02-20 09:01:31,121.376100,31.250800, 66, 45,1
84047,2007-02-20 09:02:32,121.381100,31.248600,  0, 67,1
84047,2007-02-20 09:03:33,121.381100,31.248600,  0, 67,1
84047,2007-02-20 09:04:34,121.389100,31.247000, 72, 45,1
84047,2007-02-20 09:05:35,121.398000,31.246300, 44, 45,1
84047,2007-02-20 09:06:36,121.403800,31.247300, 36, 45,1
84047,2007-02-20 09:07:37,121.408000,31.247100,  0, 67,1
84047,2007-02-20 09:09:35,121.408600,31.247500,  0,  0,0
84047,2007-02-20 09:10:36,121.409000,31.248100, 24, 22,0
84047,2007-02-20 09:11:37,121.414600,31.249000, 34, 45,0
84047,2007-02-20 09:12:38,121.419100,31.251500, 32, 22,0
84047,2007-02-20 09:13:39,121.421800,31.253500,  0,  0,0
84047,2007-02-20 09:14:40,121.420600,31.254600, 36,157,0
84047,2007-02-20 09:15:01,121.420100,31.255100, 20,157,1
84047,2007-02-20 09:17:03,121.417800,31.254600, 12,112,1
84047,2007-02-20 09:18:04,121.419100,31.251800,  0, 90,1
84047,2007-02-20 09:19:05,121.420300,31.249800, 36, 67,1
84047,2007-02-20 09:20:06,121.418000,31.245100, 52,112,1
84047,2007-02-20 09:21:07,121.414800,31.244000,  0,112,1
84047,2007-02-20 09:22:08,121.414800,31.244000,  0,112,1
84047,2007-02-20 09:23:09,121.413000,31.242600, 50,112,1
84047,2007-02-20 09:24:10,121.408000,31.237000, 76,112,1
84047,2007-02-20 09:25:11,121.406100,31.226800, 70, 90,1
84047,2007-02-20 09:26:12,121.406500,31.217000, 80, 90,1
84047,2007-02-20 09:27:13,121.406600,31.207800, 50,112,1
84047,2007-02-20 09:28:14,121.398800,31.203500,  2,112,1
84047,2007-02-20 09:29:15,121.394300,31.202500, 16,135,1
84047,2007-02-20 09:30:16,121.385300,31.200500, 68,112,1
84047,2007-02-20 09:30:29,121.384000,31.200100,  0,135,0
84047,2007-02-20 09:31:30,121.382800,31.199600,  4,112,0
84047,2007-02-20 09:32:31,121.383100,31.196600,  0, 67,0
84047,2007-02-20 09:33:32,121.383500,31.196100, 36, 67,0
84047,2007-02-20 09:34:33,121.387500,31.189500, 60, 90,0
84047,2007-02-20 09:35:34,121.389600,31.183300,  0, 90,0
84047,2007-02-20 09:36:35,121.390300,31.181500, 58, 90,0
84047,2007-02-20 09:37:36,121.392600,31.173000,  0, 90,0
84047,2007-02-20 09:38:37,121.392600,31.173000, 24, 90,0
84047,2007-02-20 09:39:38,121.395500,31.167300, 10, 90,0
84047,2007-02-20 09:40:39,121.395500,31.167100,  0, 67,0
84047,2007-02-20 09:41:40,121.395500,31.167100,  0, 67,0
84047,2007-02-20 09:42:41,121.395500,31.167100,  0, 67,0
84047,2007-02-20 09:43:42,121.395500,31.167100,  0, 67,0
84047,2007-02-20 09:44:43,121.395500,31.167100,  0, 67,0
84047,2007-02-20 09:45:44,121.395500,31.167100,  0, 67,0
84047,2007-02-20 09:46:45,121.395500,31.167100,  0, 67,0
84047,2007-02-20 09:47:46,121.395500,31.167100,  0, 67,0
84047,2007-02-20 09:48:47,121.395500,31.167100,  0, 90,0
84047,2007-02-20 09:49:48,121.395500,31.167100,  0, 90,0
84047,2007-02-20 09:50:49,121.395500,31.167100,  0, 90,0
84047,2007-02-20 09:51:50,121.395500,31.167100,  0, 90,0
84047,2007-02-20 09:53:52,121.395500,31.167100,  0, 90,0
84047,2007-02-20 09:54:53,121.395500,31.167100,  0, 90,0
84047,2007-02-20 09:55:54,121.395500,31.167100,  0, 90,0
84047,2007-02-20 09:56:55,121.395500,31.167100,  0, 90,0
84047,2007-02-20 09:58:57,121.395500,31.167100,  0, 90,0
84047,2007-02-20 10:02:00,121.399000,31.160800, 42, 90,0
84047,2007-02-20 10:03:01,121.395300,31.158800, 24,135,0
84047,2007-02-20 10:04:02,121.390500,31.157500, 28,135,0
84047,2007-02-20 10:05:03,121.387300,31.156600,  0,112,0
84047,2007-02-20 10:06:04,121.387800,31.154500, 34, 90,0
84047,2007-02-20 10:07:05,121.381300,31.151500, 72,112,0
84047,2007-02-20 10:08:06,121.379800,31.147000, 36, 90,0
84047,2007-02-20 10:09:07,121.381300,31.142100, 16, 90,0
84047,2007-02-20 10:10:08,121.379300,31.139800, 36,135,0
84047,2007-02-20 10:11:09,121.376500,31.142000, 32,  0,0
84047,2007-02-20 10:12:10,121.376100,31.145800, 52,  0,0
84047,2007-02-20 10:13:11,121.374800,31.153100, 46,  0,0
84047,2007-02-20 10:14:12,121.372800,31.158800, 22,  0,0
84047,2007-02-20 10:15:13,121.372600,31.159300, 22,  0,0
84047,2007-02-20 10:16:14,121.370500,31.164000, 38,157,0
84047,2007-02-20 10:17:15,121.367500,31.171000, 54,  0,0
84047,2007-02-20 10:18:16,121.367100,31.173600,  0,  0,0
84047,2007-02-20 10:19:17,121.365100,31.173500, 46,112,0
84047,2007-02-20 10:20:18,121.361300,31.172100,  0,112,0
84047,2007-02-20 10:21:19,121.357100,31.170600, 56,112,0
84047,2007-02-20 10:22:20,121.350000,31.167500, 46,112,0
84047,2007-02-20 10:23:21,121.351000,31.163300,  4, 90,0
84047,2007-02-20 10:24:22,121.352600,31.159500,  6, 90,0
84047,2007-02-20 10:25:23,121.350300,31.158600,  0,135,0
84047,2007-02-20 10:26:24,121.345600,31.157300, 22,112,0
84047,2007-02-20 10:27:25,121.344600,31.156600,  0,112,0
84047,2007-02-20 10:28:26,121.344500,31.156600, 14,112,0
84047,2007-02-20 10:29:27,121.340600,31.155100, 36,112,0
84047,2007-02-20 10:30:28,121.335800,31.152500,  0,112,0
84047,2007-02-20 10:31:29,121.330600,31.149800, 64,112,0
84047,2007-02-20 10:33:31,121.322800,31.154500, 52,157,0
84047,2007-02-20 10:34:32,121.319600,31.159500,  4,157,0
84047,2007-02-20 10:34:45,121.319600,31.159600, 24, 22,1
84047,2007-02-20 10:35:46,121.319500,31.159600, 10, 90,1
84047,2007-02-20 10:36:47,121.315300,31.156600, 46,112,1
84047,2007-02-20 10:37:48,121.312000,31.154800, 18,112,1
84047,2007-02-20 10:38:53,121.310600,31.152100,  4, 67,0
84047,2007-02-20 10:39:50,121.311500,31.151600,  0, 67,0
84047,2007-02-20 10:40:52,121.311600,31.154500, 20, 22,0
84047,2007-02-20 10:41:29,121.312100,31.155300, 14, 22,1
84047,2007-02-20 10:42:29,121.320600,31.158500, 34, 67,1
84047,2007-02-20 10:43:30,121.324600,31.150500, 60, 67,1
84047,2007-02-20 10:44:31,121.331600,31.150000, 64, 22,1
84047,2007-02-20 10:45:32,121.334800,31.151500,  0, 22,1
84047,2007-02-20 10:46:33,121.339100,31.154100, 56, 22,1
84047,2007-02-20 10:47:34,121.345000,31.154800, 32, 67,1
84047,2007-02-20 10:48:16,121.345800,31.153500,  0, 67,0
84047,2007-02-20 10:49:17,121.345600,31.154100,  4,157,0
84047,2007-02-20 10:51:19,121.342000,31.160000, 40,157,0
84047,2007-02-20 10:52:20,121.342600,31.164600, 18,157,0
84047,2007-02-20 10:53:21,121.340800,31.168000, 26,157,0
84047,2007-02-20 10:54:22,121.338600,31.170600, 40,157,0
84047,2007-02-20 10:55:23,121.335300,31.174300, 24,157,0
84047,2007-02-20 10:56:24,121.337500,31.176000, 66, 22,0
84047,2007-02-20 10:57:25,121.342600,31.180000,  0, 22,0
84047,2007-02-20 10:58:26,121.344500,31.182600, 36,157,0
84047,2007-02-20 10:59:27,121.344000,31.186800, 42, 45,0
84047,2007-02-20 11:00:28,121.350000,31.187100,  0, 45,0
84047,2007-02-20 11:01:28,121.353100,31.190500, 48,  0,0
84047,2007-02-20 11:02:29,121.352500,31.198100, 54,  0,0
84047,2007-02-20 11:03:30,121.353000,31.203800, 38, 45,0
84047,2007-02-20 11:04:31,121.355500,31.205800,  0,  0,0
84047,2007-02-20 11:06:33,121.361000,31.210600, 32,  0,0
84047,2007-02-20 11:07:34,121.359600,31.215100, 36,  0,0
84047,2007-02-20 11:08:35,121.363100,31.215000,  0, 45,0
84047,2007-02-20 11:09:36,121.364000,31.216300,  0, 45,0
84047,2007-02-20 11:10:38,121.364000,31.216300,  0, 45,0
84047,2007-02-20 11:11:38,121.364000,31.216300,  0, 45,0
84047,2007-02-20 11:12:39,121.364000,31.216300,  0, 45,0
84047,2007-02-20 11:14:41,121.363800,31.216500,  0, 45,0
84047,2007-02-20 11:15:43,121.363800,31.216500,  0, 45,0
84047,2007-02-20 11:16:43,121.363800,31.216500,  0, 45,0
84047,2007-02-20 11:17:44,121.363800,31.216500,  0, 45,0
84047,2007-02-20 11:18:45,121.363800,31.216500,  0, 45,0
84047,2007-02-20 11:19:46,121.363800,31.216500,  0, 45,0
84047,2007-02-20 11:20:48,121.363800,31.216500,  0, 45,0
84047,2007-02-20 11:21:48,121.363800,31.216500,  0, 45,0
84047,2007-02-20 11:22:49,121.363800,31.216500,  0, 45,0
84047,2007-02-20 11:23:50,121.363800,31.216500,  0, 45,0
84047,2007-02-20 11:24:51,121.363800,31.216500,  0, 45,0
84047,2007-02-20 11:25:53,121.363800,31.216500,  0, 45,0
84047,2007-02-20 11:26:53,121.363800,31.216500,  0, 45,0
84047,2007-02-20 11:27:54,121.363800,31.216500,  0, 45,0
84047,2007-02-20 11:28:55,121.363800,31.216500,  0, 45,0
84047,2007-02-20 11:29:56,121.364000,31.216600,  0, 45,0
84047,2007-02-20 11:30:58,121.364000,31.216600,  0, 45,0
84047,2007-02-20 11:31:58,121.364000,31.216600,  0, 45,0
84047,2007-02-20 11:32:59,121.364000,31.216600,  0, 45,0
84047,2007-02-20 11:34:00,121.364000,31.216600,  0, 45,0
84047,2007-02-20 11:35:01,121.364000,31.216600,  0, 45,0
84047,2007-02-20 11:36:03,121.364000,31.216600,  0, 45,0
84047,2007-02-20 11:37:03,121.364000,31.216600,  0, 45,0
84047,2007-02-20 11:38:04,121.364000,31.216600,  0, 45,0
84047,2007-02-20 11:39:06,121.364000,31.216600,  0, 45,0
84047,2007-02-20 11:40:07,121.364000,31.216600,  0, 45,0
84047,2007-02-20 11:41:07,121.364000,31.216600,  0, 45,0
84047,2007-02-20 11:42:09,121.364000,31.216600,  0, 45,0
84047,2007-02-20 11:43:10,121.364000,31.216600,  0, 45,0
84047,2007-02-20 11:44:11,121.364000,31.216600,  0, 45,0
84047,2007-02-20 11:45:12,121.364000,31.216600,  0, 45,0
84047,2007-02-20 11:46:12,121.364000,31.216600,  0, 45,0
84047,2007-02-20 11:50:04,121.364000,31.216600,  0, 45,0
84047,2007-02-20 11:51:04,121.364000,31.216600,  0, 45,0
84047,2007-02-20 11:52:05,121.364000,31.216600,  0, 45,0
84047,2007-02-20 11:53:06,121.364000,31.216600,  0, 45,0
84047,2007-02-20 11:54:08,121.364000,31.216600,  0, 45,0
84047,2007-02-20 11:55:08,121.364000,31.216600,  0, 45,0
84047,2007-02-20 11:56:09,121.364000,31.216600,  0, 45,0
84047,2007-02-20 11:57:36,121.364000,31.216600,  0, 45,0
84047,2007-02-20 11:58:04,121.364000,31.216600,  0, 45,1
84047,2007-02-20 11:59:04,121.364000,31.216600,  0, 45,1
84047,2007-02-20 12:01:06,121.364000,31.216600,  0, 45,1
84047,2007-02-20 12:02:07,121.364000,31.216600,  0, 45,1
84047,2007-02-20 12:02:37,121.364000,31.216300,  0, 45,0
84047,2007-02-20 12:03:37,121.364100,31.216600,  0, 45,0
84047,2007-02-20 12:05:40,121.364000,31.216500,  0, 45,0
84047,2007-02-20 12:06:41,121.364100,31.216500,  6, 45,0
84047,2007-02-20 12:07:42,121.363100,31.216100,  6,157,0
84047,2007-02-20 12:08:42,121.363300,31.219000, 18,  0,0
84047,2007-02-20 12:09:44,121.357300,31.219800, 28,135,0
84047,2007-02-20 12:10:45,121.354800,31.219800, 28,135,0
84047,2007-02-20 12:11:46,121.348300,31.220500, 50,135,0
84047,2007-02-20 12:12:46,121.339500,31.221100, 26,157,0
84047,2007-02-20 12:13:46,121.340800,31.225000,  0, 22,0
84047,2007-02-20 12:14:48,121.339300,31.225500, 54,135,0
84047,2007-02-20 12:15:49,121.331600,31.225800,  0,135,0
84047,2007-02-20 12:16:50,121.325800,31.224800, 64,135,0
84047,2007-02-20 12:17:51,121.323000,31.226800, 44,  0,0
84047,2007-02-20 12:18:51,121.320800,31.232600, 42,  0,0
84047,2007-02-20 12:19:53,121.321100,31.239100, 56,  0,0
84047,2007-02-20 12:20:54,121.322800,31.243100, 38, 22,0
84047,2007-02-20 12:21:55,121.327300,31.247500, 16, 22,0
84047,2007-02-20 12:22:56,121.332500,31.252600, 50, 22,0
84047,2007-02-20 12:23:56,121.336100,31.255500, 22, 22,0
84047,2007-02-20 12:24:58,121.340800,31.259100, 30, 22,0
84047,2007-02-20 12:25:59,121.345100,31.259600, 64, 45,0
84047,2007-02-20 12:27:00,121.349300,31.258300,  0, 45,0
84047,2007-02-20 12:28:01,121.349300,31.258300,  6, 45,0
84047,2007-02-20 12:30:03,121.359100,31.257600, 34,  0,0
84047,2007-02-20 12:30:42,121.359300,31.258800, 12, 90,1
84047,2007-02-20 12:31:43,121.365100,31.257500,  2, 45,1
84047,2007-02-20 12:32:44,121.368600,31.256100, 22, 90,1
84047,2007-02-20 12:33:45,121.367600,31.253300,  0, 90,1
84047,2007-02-20 12:36:47,121.383300,31.248300, 52, 45,1
84047,2007-02-20 12:37:48,121.385100,31.247600,  0, 45,1
84047,2007-02-20 12:38:49,121.385100,31.247600,  0, 45,1
84047,2007-02-20 12:39:51,121.394300,31.246500, 62, 45,1
84047,2007-02-20 12:40:51,121.398000,31.246500, 46, 45,1
84047,2007-02-20 12:41:53,121.404300,31.246300, 44, 90,1
84047,2007-02-20 12:42:54,121.405100,31.244600, 14, 67,1
84047,2007-02-20 12:43:55,121.408600,31.242100, 20, 67,1
84047,2007-02-20 12:44:56,121.410500,31.241100,  0, 67,1
84047,2007-02-20 12:49:38,121.420600,31.227800, 46, 67,1
84047,2007-02-20 12:50:39,121.422500,31.226500,  0, 67,1
84047,2007-02-20 12:51:40,121.425800,31.222000, 36, 90,1
84047,2007-02-20 12:53:41,121.428300,31.215800, 24, 67,1
84047,2007-02-20 12:54:43,121.429500,31.212800, 26, 90,1
84047,2007-02-20 12:55:44,121.428600,31.207500, 14, 90,1
84047,2007-02-20 12:56:45,121.430300,31.204100, 44, 67,1
84047,2007-02-20 12:57:46,121.432500,31.200100,  0, 45,0
84047,2007-02-20 12:58:46,121.433300,31.200500,  0, 45,0
84047,2007-02-20 12:59:48,121.436500,31.199800, 24, 67,0
84047,2007-02-20 13:01:50,121.432800,31.191500,  2,135,0
84047,2007-02-20 13:05:31,121.430800,31.182600,  0, 90,1
84047,2007-02-20 13:06:31,121.430800,31.182600,  0, 90,1
84047,2007-02-20 13:07:33,121.430500,31.175600, 54, 90,1
84047,2007-02-20 13:09:35,121.430000,31.170600,  0,  0,1
84047,2007-02-20 13:11:36,121.424300,31.158300, 10, 90,1
84047,2007-02-20 13:12:37,121.424300,31.158800, 26, 67,1
84047,2007-02-20 13:13:38,121.429800,31.155100,  0, 45,1
84047,2007-02-20 13:14:39,121.437000,31.158100, 72, 22,1
84047,2007-02-20 13:15:10,121.439800,31.159100,  0, 45,0
84047,2007-02-20 13:16:10,121.442500,31.159800, 44, 45,0
84047,2007-02-20 13:17:11,121.445300,31.156800, 32, 90,0
84047,2007-02-20 13:18:12,121.445500,31.155500,  0, 90,0
84047,2007-02-20 13:19:13,121.445600,31.151100, 54, 90,0
84047,2007-02-20 13:20:14,121.446000,31.143500, 54, 90,0
84047,2007-02-20 13:21:15,121.448300,31.137500, 16, 90,0
84047,2007-02-20 13:22:16,121.443000,31.136000, 42,135,0
84047,2007-02-20 13:23:17,121.438300,31.134800, 32,135,0
84047,2007-02-20 13:24:13,121.435100,31.134000, 22,135,1
84047,2007-02-20 13:25:13,121.430600,31.133500, 22,135,1
84047,2007-02-20 13:26:14,121.425300,31.132600, 38,135,1
84047,2007-02-20 13:27:15,121.419000,31.131500, 42,135,1
84047,2007-02-20 13:28:16,121.416000,31.131000,  0,135,1
84047,2007-02-20 13:29:17,121.416300,31.129500, 62, 67,1
84047,2007-02-20 13:30:18,121.419300,31.125000, 22, 90,1
84047,2007-02-20 13:31:06,121.417300,31.124000,  0,112,0
84047,2007-02-20 13:32:07,121.414500,31.122500, 38,112,0
84047,2007-02-20 13:33:08,121.412000,31.124600,  0,135,0
84047,2007-02-20 13:33:46,121.412100,31.124600, 20, 67,1
84047,2007-02-20 13:34:46,121.416100,31.123300, 46, 22,1
84047,2007-02-20 13:36:48,121.422600,31.117600, 42, 90,1
84047,2007-02-20 13:37:49,121.422100,31.111600, 46,135,1
84047,2007-02-20 13:38:50,121.422100,31.109100,  6, 90,1
84047,2007-02-20 13:39:51,121.421500,31.108100, 12,112,1
84047,2007-02-20 13:40:36,121.420100,31.107600,  0,112,0
84047,2007-02-20 13:41:36,121.420100,31.107800,  0, 45,0
84047,2007-02-20 13:43:39,121.421800,31.110000, 30,  0,0
84047,2007-02-20 13:44:39,121.424000,31.112300,  8, 45,0
84047,2007-02-20 13:45:40,121.426100,31.107000, 52, 90,0
84047,2007-02-20 13:46:41,121.426600,31.105500,  0, 90,0
84047,2007-02-20 13:47:42,121.427500,31.103300, 46, 90,0
84047,2007-02-20 13:48:43,121.427800,31.103000,  4,  0,0
84047,2007-02-20 13:48:46,121.427800,31.103100, 22,  0,1
84047,2007-02-20 13:50:47,121.437300,31.107100, 82, 45,1
84047,2007-02-20 13:51:48,121.449500,31.108500, 32, 22,1
84047,2007-02-20 13:52:49,121.451800,31.117000, 28,  0,1
84047,2007-02-20 13:53:50,121.452500,31.121800,  4,  0,1
84047,2007-02-20 13:54:51,121.452300,31.123600, 56,  0,1
84047,2007-02-20 13:55:52,121.450600,31.132000, 74,  0,1
84047,2007-02-20 13:56:53,121.448600,31.137600, 38,  0,1
84047,2007-02-20 13:57:54,121.446500,31.145600, 48,  0,1
84047,2007-02-20 13:58:55,121.446800,31.153600, 52,  0,1
84047,2007-02-20 13:59:56,121.450500,31.155500, 12, 22,1
84047,2007-02-20 14:00:57,121.451800,31.157100, 22,  0,1
84047,2007-02-20 14:01:43,121.452100,31.158300,  0,157,0
84047,2007-02-20 14:02:43,121.452100,31.158300,  0,157,0
84047,2007-02-20 14:03:44,121.451800,31.157300,  4, 22,0
84047,2007-02-20 14:04:11,121.451800,31.157300,  0,157,1
84047,2007-02-20 14:05:11,121.451000,31.155600,  0,135,1
84047,2007-02-20 14:06:12,121.445800,31.155500, 12,135,1
84047,2007-02-20 14:07:13,121.446000,31.146600, 74, 90,1
84047,2007-02-20 14:08:14,121.446600,31.141600, 14, 90,1
84047,2007-02-20 14:09:15,121.446600,31.138000,  0,135,1
84047,2007-02-20 14:09:22,121.446600,31.138000,  0,135,0
84047,2007-02-20 14:10:23,121.446600,31.138000,  0,135,0
84047,2007-02-20 14:11:24,121.447800,31.138500, 12, 45,0
84047,2007-02-20 14:12:25,121.445500,31.136800, 20,135,0
84047,2007-02-20 14:12:49,121.445500,31.136600, 24, 45,1
84047,2007-02-20 14:13:49,121.450100,31.132500, 86, 90,1
84047,2007-02-20 14:14:50,121.451100,31.129100, 14, 90,1
84047,2007-02-20 14:15:51,121.451800,31.126100, 38, 90,1
84047,2007-02-20 14:16:52,121.452100,31.119500,  0, 90,1
84047,2007-02-20 14:17:53,121.451800,31.118000,  0, 90,1
84047,2007-02-20 14:18:54,121.449800,31.110600, 66, 90,1
84047,2007-02-20 14:19:55,121.441500,31.107600, 66,135,1
84047,2007-02-20 14:20:35,121.439000,31.107600,  0, 45,0
84047,2007-02-20 14:21:35,121.437100,31.107100, 26,135,0
84047,2007-02-20 14:22:36,121.436300,31.107100,  0,135,0
84047,2007-02-20 14:23:37,121.436300,31.107100,  0,135,0
84047,2007-02-20 14:24:38,121.436300,31.107100,  0,135,0
84047,2007-02-20 14:25:39,121.433500,31.106100, 22, 90,0
84047,2007-02-20 14:26:40,121.431500,31.105000,  0,135,0
84047,2007-02-20 14:27:41,121.431500,31.105000,  0,135,0
84047,2007-02-20 14:28:42,121.431500,31.105000,  0,135,0
84047,2007-02-20 14:29:04,121.431500,31.105000, 14, 45,1
84047,2007-02-20 14:30:04,121.433300,31.106500, 34,135,1
84047,2007-02-20 14:31:05,121.422600,31.104300, 84,135,1
84047,2007-02-20 14:32:06,121.414800,31.102000, 72,135,1
84047,2007-02-20 14:33:07,121.409100,31.100500,  0,135,1
84047,2007-02-20 14:34:08,121.401500,31.098500, 26,135,1
84047,2007-02-20 14:35:09,121.396500,31.097800, 62,  0,1
84047,2007-02-20 14:36:10,121.393000,31.106100, 20,157,1
84047,2007-02-20 14:37:11,121.391800,31.106300, 40,112,1
84047,2007-02-20 14:38:12,121.387800,31.108600, 16,157,1
84047,2007-02-20 14:39:13,121.384600,31.111300, 44,112,1
84047,2007-02-20 14:39:48,121.382600,31.112000,  0, 90,0
84047,2007-02-20 14:40:49,121.382100,31.111100, 26, 90,0
84047,2007-02-20 14:42:51,121.380100,31.113600,  0, 22,0
84047,2007-02-20 14:43:39,121.380100,31.114000, 24,157,1
84047,2007-02-20 14:44:39,121.378600,31.115100, 30,157,1
84047,2007-02-20 14:45:40,121.376300,31.117800,  0,  0,1
84047,2007-02-20 14:46:41,121.374500,31.121300, 48,157,1
84047,2007-02-20 14:47:06,121.374100,31.122100,  0,  0,0
84047,2007-02-20 14:48:07,121.373600,31.123100, 32,  0,0
84047,2007-02-20 14:49:08,121.372000,31.127000, 50,157,0
84047,2007-02-20 14:50:09,121.369800,31.131000, 38,157,0
84047,2007-02-20 14:51:10,121.363600,31.130500, 44,112,0
84047,2007-02-20 14:52:11,121.360100,31.129300, 56,112,0
84047,2007-02-20 14:53:12,121.354000,31.127000, 46,157,0
84047,2007-02-20 14:54:13,121.349300,31.129800, 64,112,0
84047,2007-02-20 14:55:14,121.347000,31.128500, 48,112,0
84047,2007-02-20 14:56:15,121.340500,31.124800, 46,112,0
84047,2007-02-20 14:57:08,121.332600,31.121600, 26,  0,1
84047,2007-02-20 14:58:08,121.333500,31.131000, 48,  0,1
84047,2007-02-20 14:59:09,121.321500,31.095300, 56,112,1
84047,2007-02-20 15:00:10,121.328000,31.132500,  0,112,1
84047,2007-02-20 15:01:11,120.886000,31.029500,  0,  0,1
84047,2007-02-20 15:03:13,120.886100,31.039500,  0, 22,1
84047,2007-02-20 15:04:14,120.886600,31.047000, 42,  0,1
84047,2007-02-20 15:05:15,120.905100,31.055100,  0, 22,1
84047,2007-02-20 15:05:33,120.905100,31.055100,  0, 22,0
84047,2007-02-20 15:06:34,120.905100,31.055100,  0, 22,0
84047,2007-02-20 15:07:35,120.890000,31.066500,  0, 22,0
84047,2007-02-20 15:08:36,120.890000,31.066500,  0, 22,0
84047,2007-02-20 15:10:26,120.902800,31.069500, 36, 67,0
84047,2007-02-20 15:11:27,120.909500,31.073600, 30, 67,0
84047,2007-02-20 15:12:28,120.915000,31.071000, 24, 45,0
84047,2007-02-20 15:13:29,120.913100,31.071100, 14, 22,0
84047,2007-02-20 15:14:30,120.921100,31.069100, 68, 45,0
84047,2007-02-20 15:15:31,120.926100,31.067000, 26, 45,0
84047,2007-02-20 15:16:32,120.931100,31.069600, 40, 22,0
84047,2007-02-20 15:17:33,120.939000,31.070800, 78, 22,0
84047,2007-02-20 15:19:35,120.957300,31.083800,114, 45,0
84047,2007-02-20 15:20:36,120.963100,31.087100,100, 22,0
84047,2007-02-20 15:21:37,120.969300,31.091600, 42, 22,0
84047,2007-02-20 15:22:38,120.960300,31.077300,  0,  0,0
84047,2007-02-20 15:23:39,120.962100,31.083800, 32, 22,0
84047,2007-02-20 15:24:40,120.964600,31.089300,  0, 22,0
84047,2007-02-20 15:25:41,121.326300,31.147500,  0,157,0
84047,2007-02-20 15:26:42,121.326300,31.147500,  0, 90,0
84047,2007-02-20 15:27:43,121.326000,31.148000, 22,157,0
84047,2007-02-20 15:28:44,121.325800,31.148300,  0,157,0
84047,2007-02-20 15:29:45,121.319300,31.159600, 42,157,0
84047,2007-02-20 15:30:46,121.313500,31.162500,  0,157,0
84047,2007-02-20 15:31:47,121.310500,31.166100,  0,157,0
84047,2007-02-20 15:32:48,121.307000,31.170800, 48,157,0
84047,2007-02-20 15:33:49,121.305100,31.174000,  0,157,0
84047,2007-02-20 15:34:50,121.305100,31.174000,  0,157,0
84047,2007-02-20 15:35:51,121.303000,31.177500, 18,157,0
84047,2007-02-20 15:36:52,121.299800,31.181500, 28,157,0
84047,2007-02-20 15:37:53,121.295800,31.186500, 42,157,0
84047,2007-02-20 15:38:53,121.100800,31.166500,  0, 22,0
84047,2007-02-20 15:39:54,121.034500,31.188500,  0, 22,0
84047,2007-02-20 15:40:55,121.286000,31.199800,  0,157,0
84047,2007-02-20 15:41:57,121.290500,31.203600, 14, 45,0
84047,2007-02-20 15:42:58,121.291300,31.204600, 16,  0,1
84047,2007-02-20 15:43:58,121.293000,31.206800,  0, 22,1
84047,2007-02-20 15:44:59,121.291300,31.208500, 52,157,1
84047,2007-02-20 15:46:00,121.284300,31.213500, 44,157,1
84047,2007-02-20 15:47:01,121.280500,31.217600, 60,157,1
84047,2007-02-20 15:48:02,121.277300,31.222800,  0,157,1
84047,2007-02-20 15:49:03,121.274500,31.227600, 62,157,1
84047,2007-02-20 15:51:29,121.265500,31.243500,  0,157,0
84047,2007-02-20 15:52:30,121.265600,31.243500,  6, 45,0
84047,2007-02-20 15:53:31,121.266800,31.241100, 20, 67,0
84047,2007-02-20 15:54:32,121.265100,31.239600, 34,112,0
84047,2007-02-20 15:55:33,121.261100,31.238000, 18,112,0
84047,2007-02-20 15:56:34,121.263600,31.232000, 28, 67,0
84047,2007-02-20 15:57:35,121.267600,31.224500, 80, 67,0
84047,2007-02-20 15:58:36,121.270800,31.218000, 54, 67,0
84047,2007-02-20 16:00:38,121.274500,31.211000,  0, 67,0
84047,2007-02-20 16:01:39,121.277100,31.208100, 68, 67,0
84047,2007-02-20 16:02:40,121.282800,31.206000, 52, 22,0
84047,2007-02-20 16:03:41,121.287500,31.210600, 26, 22,0
84047,2007-02-20 16:04:42,121.292300,31.207600,  6,  0,0
84047,2007-02-20 16:05:23,121.292100,31.207800, 14,157,1
84047,2007-02-20 16:06:23,121.285800,31.211600, 56,157,1
84047,2007-02-20 16:07:24,121.283000,31.213500,  0,157,1
84047,2007-02-20 16:08:25,121.279500,31.219300, 58,157,1
84047,2007-02-20 16:08:53,121.278100,31.221600,  0,157,0
84047,2007-02-20 16:09:53,121.278300,31.221100,  0, 67,0
84047,2007-02-20 16:10:13,121.278300,31.221000, 18, 67,1
84047,2007-02-20 16:11:13,121.282100,31.214300, 56, 67,1
84047,2007-02-20 16:12:14,121.289600,31.216600, 68, 22,1
84047,2007-02-20 16:13:15,121.301000,31.219500, 78, 45,1
84047,2007-02-20 16:14:16,121.305800,31.219500,  0, 45,1
84047,2007-02-20 16:15:17,121.312000,31.222100,  0, 22,1
84047,2007-02-20 16:16:18,121.320300,31.223800, 66, 45,1
84047,2007-02-20 16:17:19,121.325100,31.224600, 52, 45,1
84047,2007-02-20 16:18:20,121.330800,31.225500,  0, 45,1
84047,2007-02-20 16:19:21,121.336300,31.225600, 72, 45,1
84047,2007-02-20 16:20:22,121.343500,31.225300, 44, 45,1
84047,2007-02-20 16:21:23,121.342800,31.234600, 86,  0,1
84047,2007-02-20 16:22:24,121.345100,31.247100, 90,  0,1
84047,2007-02-20 16:24:26,121.355500,31.271800, 84,  0,1
84047,2007-02-20 16:25:26,121.354800,31.283000, 74,  0,1
84047,2007-02-20 16:26:28,121.357100,31.288100, 22,112,1
84047,2007-02-20 16:27:29,121.350000,31.290500, 32,157,1
84047,2007-02-20 16:28:08,121.350300,31.294000,  0,  0,0
84047,2007-02-20 16:29:09,121.350100,31.292600, 46, 90,0
84047,2007-02-20 16:30:10,121.346000,31.291600, 54,135,0
84047,2007-02-20 16:31:11,121.346100,31.288500, 42, 67,0
84047,2007-02-20 16:32:11,121.348800,31.286500, 22, 67,0
84047,2007-02-20 16:33:13,121.349500,31.283600, 20, 90,0
84047,2007-02-20 16:34:14,121.351600,31.282500, 54, 45,0
84047,2007-02-20 16:35:15,121.360600,31.280800, 44, 90,0
84047,2007-02-20 16:37:16,121.372100,31.271800, 58, 90,0
84047,2007-02-20 16:38:18,121.371300,31.266100, 46, 90,0
84047,2007-02-20 16:39:19,121.370100,31.259600,  0, 90,0
84047,2007-02-20 16:40:20,121.370000,31.259300,  8, 90,0
84047,2007-02-20 16:40:36,121.370600,31.259800, 36, 45,1
84047,2007-02-20 16:41:36,121.374000,31.262800,  0,  0,1
84047,2007-02-20 16:42:38,121.373000,31.263300, 46,135,1
84047,2007-02-20 16:43:39,121.363800,31.265000, 56,135,1
84047,2007-02-20 16:44:40,121.357000,31.266000, 18,135,1
84047,2007-02-20 16:45:03,121.356800,31.265500,  0, 67,0
84047,2007-02-20 16:46:04,121.356800,31.265500,  0, 67,0
84047,2007-02-20 16:47:02,121.357800,31.265800, 18, 45,1
84047,2007-02-20 16:48:03,121.360000,31.262100, 48, 90,1
84047,2007-02-20 16:49:04,121.359100,31.258800,  0, 90,1
84047,2007-02-20 16:50:05,121.355600,31.256300, 22,135,1
84047,2007-02-20 16:51:06,121.351300,31.257600,  0,135,1
84047,2007-02-20 16:52:06,121.343100,31.260100, 58,135,1
84047,2007-02-20 16:55:17,121.309100,31.267100, 86,135,1
84047,2007-02-20 16:56:18,121.297000,31.268600, 32,135,1
84047,2007-02-20 16:58:20,121.278300,31.271100, 88,135,1
84047,2007-02-20 16:59:21,121.272500,31.272000,  0,135,1
84047,2007-02-20 17:00:22,121.272300,31.266000, 58, 90,1
84047,2007-02-20 17:01:23,121.270000,31.261500, 48, 90,1
84047,2007-02-20 17:01:51,121.269800,31.259500,  0, 90,0
84047,2007-02-20 17:02:51,121.271500,31.258000, 40, 67,0
84047,2007-02-20 17:03:52,121.271800,31.257800,  0, 67,0
84047,2007-02-20 17:04:53,121.272800,31.257100, 10, 22,0
84047,2007-02-20 17:05:54,121.272500,31.264100, 50,  0,0
84047,2007-02-20 17:06:55,121.272500,31.267500, 52,  0,0
84047,2007-02-20 17:07:56,121.275500,31.271500, 62, 45,0
84047,2007-02-20 17:08:57,121.285800,31.270100, 42, 45,0
84047,2007-02-20 17:09:58,121.295300,31.268800, 68, 45,0
84047,2007-02-20 17:10:59,121.304100,31.267600, 14, 45,0
84047,2007-02-20 17:12:00,121.313800,31.266500, 46, 45,0
84047,2007-02-20 17:13:01,121.322800,31.265300, 48, 45,0
84047,2007-02-20 17:14:02,121.331500,31.263800, 58, 45,0
84047,2007-02-20 17:15:03,121.334100,31.260000, 46, 90,0
84047,2007-02-20 17:16:04,121.336000,31.255500, 32, 90,0
84047,2007-02-20 17:17:05,121.334000,31.254100,  0,112,0
84047,2007-02-20 17:17:34,121.334000,31.254000, 18,112,1
84047,2007-02-20 17:18:34,121.327600,31.248000,  0,112,1
84047,2007-02-20 17:19:35,121.323100,31.243600, 40,112,1
84047,2007-02-20 17:20:36,121.314600,31.243000, 68,135,1
84047,2007-02-20 17:21:37,121.308100,31.243000, 72,135,1
84047,2007-02-20 17:22:10,121.306600,31.245300,  0,112,0
84047,2007-02-20 17:23:10,121.307000,31.243500, 34, 90,0
84047,2007-02-20 17:24:11,121.314000,31.242600, 52, 45,0
84047,2007-02-20 17:25:12,121.322300,31.242600, 36, 90,0
84047,2007-02-20 17:26:13,121.319800,31.235300, 28, 90,0
84047,2007-02-20 17:27:14,121.321500,31.230600, 48, 90,0
84047,2007-02-20 17:28:15,121.323300,31.224600, 12, 90,0
84047,2007-02-20 17:29:16,121.323300,31.224500,  0, 90,0
84047,2007-02-20 17:30:17,121.329300,31.225300, 44, 45,0
84047,2007-02-20 17:31:18,121.334100,31.225600, 46, 45,0
84047,2007-02-20 17:33:20,121.339600,31.224000, 38,112,0
84047,2007-02-20 17:36:23,121.354600,31.219800, 26, 45,0
84047,2007-02-20 17:37:24,121.358100,31.219600, 28, 45,0
84047,2007-02-20 17:38:25,121.359600,31.216300, 34, 90,0
84047,2007-02-20 17:40:27,121.362000,31.210100,  0, 45,0
84047,2007-02-20 17:40:33,121.362100,31.210100, 20, 45,1
84047,2007-02-20 17:41:33,121.366800,31.209800, 32, 45,1
84047,2007-02-20 17:42:34,121.373800,31.209300, 48, 45,1
84047,2007-02-20 17:43:35,121.378500,31.209100,  0, 45,1
84047,2007-02-20 17:44:36,121.384300,31.207800, 36, 45,1
84047,2007-02-20 17:45:37,121.389600,31.207500, 12, 45,1
84047,2007-02-20 17:46:38,121.390600,31.211100, 22,  0,1
84047,2007-02-20 17:47:39,121.390600,31.213000,  0,  0,1
84047,2007-02-20 17:48:40,121.395500,31.213500, 26, 22,1
84047,2007-02-20 17:49:41,121.396600,31.216500, 14, 22,1
84047,2007-02-20 17:50:42,121.400500,31.217300, 20, 45,1
84047,2007-02-20 17:58:14,121.403300,31.203800, 40,112,0
84047,2007-02-20 17:59:15,121.405100,31.202000, 40, 45,0
84047,2007-02-20 18:00:16,121.409300,31.201500, 26, 45,0
84047,2007-02-20 18:01:17,121.411000,31.198000,  0, 90,0
84047,2007-02-20 18:02:18,121.413600,31.197500, 44, 45,0
84047,2007-02-20 18:03:20,121.416500,31.199100, 24,  0,0
84047,2007-02-20 18:04:21,121.416100,31.199600,  0,157,0
84047,2007-02-20 18:05:21,121.415500,31.201000, 42,  0,0
84047,2007-02-20 18:06:22,121.417000,31.203300,  4, 45,0
84047,2007-02-20 18:07:24,121.418300,31.205100,  0,  0,0
84047,2007-02-20 18:20:37,121.420300,31.227500,  0, 22,0
84047,2007-02-20 18:21:38,121.420300,31.227500,  0, 22,0
84047,2007-02-20 18:22:39,121.420300,31.227500,  0, 22,0
84047,2007-02-20 18:23:40,121.420300,31.227500,  0, 22,0
84047,2007-02-20 18:24:41,121.420300,31.227500,  0, 22,0
84047,2007-02-20 18:25:41,121.420300,31.227500,  0, 22,0
84047,2007-02-20 18:26:43,121.420300,31.227500,  0, 22,0
84047,2007-02-20 18:27:44,121.420300,31.227500,  0, 22,0
84047,2007-02-20 18:28:45,121.420300,31.227500,  0, 22,0
84047,2007-02-20 18:29:46,121.422800,31.225600, 28,112,0
84047,2007-02-20 18:30:46,121.420000,31.223100,  0,112,0
84047,2007-02-20 18:31:48,121.414300,31.220500, 32,135,0
84047,2007-02-20 18:35:19,121.404000,31.218800, 50,135,0
84047,2007-02-20 18:36:20,121.397000,31.220100, 14,135,0
84047,2007-02-20 18:36:56,121.396100,31.220300, 14,135,1
84047,2007-02-20 18:37:57,121.394000,31.219500, 12, 67,1
84047,2007-02-20 18:38:58,121.400500,31.219500,  0, 45,1
84047,2007-02-20 18:47:09,121.408000,31.231800,  0,  0,0
84047,2007-02-20 18:57:13,121.380000,31.214300, 16, 90,0
84047,2007-02-20 18:58:14,121.379600,31.212500, 34, 90,0
84047,2007-02-20 18:59:15,121.375500,31.209500, 46,135,0
84047,2007-02-20 19:00:15,121.367800,31.210000, 46,135,0
84047,2007-02-20 19:01:16,121.365100,31.210100, 16,135,0
84047,2007-02-20 19:02:18,121.360800,31.209800, 50, 90,0
84047,2007-02-20 19:03:19,121.356100,31.208100, 38,135,0
84047,2007-02-20 19:04:19,121.353800,31.207000, 14,  0,0
84047,2007-02-20 19:05:20,121.353800,31.207300,  0,157,0
84047,2007-02-20 19:06:21,121.353800,31.207300,  0,157,0
84047,2007-02-20 19:07:22,121.353800,31.207300,  0,157,0
84047,2007-02-20 19:08:23,121.354000,31.207100,  8, 90,0
84047,2007-02-20 19:09:24,121.355100,31.206800, 12,  0,0
84047,2007-02-20 19:10:25,121.357600,31.208000, 32, 45,0
84047,2007-02-20 19:11:26,121.360100,31.207800,  0, 45,0
84047,2007-02-20 19:12:27,121.360100,31.207800,  0, 45,0
84047,2007-02-20 19:13:28,121.360300,31.207800, 18, 45,0
84047,2007-02-20 19:14:29,121.361000,31.209800, 28,  0,0
84047,2007-02-20 19:15:30,121.364000,31.209600,  0, 90,0
84047,2007-02-20 19:16:31,121.364000,31.210100,  0, 90,0
84047,2007-02-20 19:17:32,121.363800,31.210100,  6,157,0
84047,2007-02-20 19:19:34,121.354600,31.212100, 46,  0,0
84047,2007-02-20 19:20:35,121.354100,31.217500, 16, 45,0
84047,2007-02-20 19:21:36,121.354600,31.217000,  0,112,0
84047,2007-02-20 19:22:37,121.354100,31.216800,  0,112,0
84047,2007-02-20 19:23:38,121.354300,31.216800,  0,112,0
84047,2007-02-20 19:24:39,121.354300,31.216800,  0,112,0
84047,2007-02-20 19:25:40,121.354300,31.216800,  0,112,0
84047,2007-02-20 19:26:41,121.354300,31.216800,  0,112,0
84047,2007-02-20 19:27:42,121.354300,31.216800,  0,112,0
84047,2007-02-20 19:28:43,121.354300,31.216800,  0,112,0
84047,2007-02-20 19:29:44,121.354300,31.216800,  0,112,0
84047,2007-02-20 19:30:45,121.354300,31.216800,  0,112,0
84047,2007-02-20 19:31:46,121.354300,31.216800,  0,112,0
84047,2007-02-20 19:32:47,121.354300,31.216800,  0,112,0
84047,2007-02-20 19:33:48,121.354300,31.216800,  0,112,0
84047,2007-02-20 19:34:49,121.354300,31.216800,  0,112,0
84047,2007-02-20 19:35:50,121.354100,31.217000,  0,112,0
84047,2007-02-20 19:36:51,121.354100,31.217000,  0,112,0
84047,2007-02-20 19:37:52,121.354100,31.217000,  0,112,0
84047,2007-02-20 19:38:53,121.354100,31.217000,  0,112,0
84047,2007-02-20 19:39:54,121.354100,31.217000,  0,112,0
84047,2007-02-20 19:40:55,121.354100,31.217000,  0,112,0
84047,2007-02-20 19:41:56,121.354300,31.217000,  0,112,0
84047,2007-02-20 19:43:58,121.354300,31.217000,  0,112,0
84047,2007-02-20 19:44:59,121.354300,31.216800,  0,112,0
84047,2007-02-20 19:46:00,121.354300,31.216800,  0,112,0
84047,2007-02-20 19:47:01,121.354500,31.217000,  0,112,0
84047,2007-02-20 19:49:03,121.354500,31.217000,  0,112,0
84047,2007-02-20 19:50:32,121.354500,31.217000,  0,  0,0
84047,2007-02-20 19:52:34,121.354500,31.217000,  0,  0,0
84047,2007-02-20 19:53:35,121.354500,31.217000,  0,  0,0
84047,2007-02-20 19:54:36,121.354500,31.217000,  0,  0,0
84047,2007-02-20 19:56:38,121.354500,31.217000,  0,  0,0
84047,2007-02-20 19:57:39,121.354500,31.217000,  0,  0,0
84047,2007-02-20 19:59:41,121.354500,31.217000,  0,  0,0
84047,2007-02-20 20:00:42,121.354500,31.217000,  0,  0,0
84047,2007-02-20 20:01:43,121.354500,31.217000,  0,  0,0
84047,2007-02-20 20:03:45,121.354500,31.217000,  0,  0,0
84047,2007-02-20 20:04:46,121.354500,31.217000,  0,  0,0
84047,2007-02-20 20:05:47,121.354500,31.217000,  0,  0,0
84047,2007-02-20 20:06:48,121.354500,31.217000,  0,  0,0
84047,2007-02-20 20:07:49,121.354500,31.217000,  0,  0,0
84047,2007-02-20 20:08:50,121.354500,31.217000,  0,  0,0
84047,2007-02-20 20:09:51,121.354500,31.217000,  0,  0,0
84047,2007-02-20 20:10:52,121.354600,31.216500,  0,  0,0
84047,2007-02-20 20:11:53,121.354600,31.216500,  0,  0,0
84047,2007-02-20 20:12:54,121.354600,31.216500,  0,  0,0
84047,2007-02-20 20:13:55,121.354600,31.216500,  0,  0,0
84047,2007-02-20 20:14:56,121.354600,31.216500,  0,  0,0
84047,2007-02-20 20:15:57,121.354600,31.216500,  0,  0,0
84047,2007-02-20 20:16:58,121.354600,31.216500,  0,  0,0
84047,2007-02-20 20:17:59,121.354600,31.216500,  0,  0,0
84047,2007-02-20 20:19:00,121.354600,31.216500,  0,  0,0
84047,2007-02-20 20:20:01,121.354600,31.216500,  0,  0,0
84047,2007-02-20 20:21:02,121.354600,31.216500,  0,  0,0
84047,2007-02-20 20:22:03,121.354600,31.216500,  0,  0,0
84047,2007-02-20 20:23:04,121.354600,31.216500,  0,  0,0
84047,2007-02-20 20:24:05,121.354600,31.216500,  0,  0,0
84047,2007-02-20 20:25:06,121.354600,31.216500,  0,  0,0
84047,2007-02-20 20:26:07,121.354600,31.216500,  0,  0,0
84047,2007-02-20 20:27:08,121.354600,31.216500,  0,  0,0
84047,2007-02-20 20:28:09,121.354600,31.216500,  0,  0,0
84047,2007-02-20 20:29:10,121.354600,31.216500,  0,  0,0
84047,2007-02-20 20:30:11,121.354500,31.217000,  0,  0,0
84047,2007-02-20 20:31:12,121.354500,31.217000,  0,  0,0
84047,2007-02-20 20:32:13,121.354500,31.217000,  0,  0,0
84047,2007-02-20 20:33:14,121.354500,31.217000,  0,  0,0
84047,2007-02-20 20:34:15,121.354500,31.217000,  0,  0,0
84047,2007-02-20 20:35:16,121.354500,31.217000,  0,  0,0
84047,2007-02-20 20:36:17,121.354500,31.217000,  0,  0,0
84047,2007-02-20 20:37:18,121.354500,31.217000,  0,  0,0
84047,2007-02-20 20:38:19,121.354500,31.217000,  0,  0,0
84047,2007-02-20 20:39:20,121.354100,31.216800,  0,  0,0
84047,2007-02-20 20:40:21,121.354100,31.216800,  0,  0,0
84047,2007-02-20 20:41:22,121.354100,31.216800,  0,  0,0
84047,2007-02-20 20:42:23,121.354100,31.216800,  0,  0,0
84047,2007-02-20 20:43:24,121.354100,31.216800,  0,  0,0
84047,2007-02-20 20:44:25,121.355000,31.217500,  0,  0,0
84047,2007-02-20 20:45:26,121.355000,31.217500,  0,  0,0
84047,2007-02-20 20:46:27,121.354500,31.217000,  0,  0,0
84047,2007-02-20 20:47:28,121.354300,31.217000,  0,  0,0
84047,2007-02-20 20:48:29,121.354300,31.217000,  0,  0,0
84047,2007-02-20 20:49:30,121.354300,31.217000,  0,  0,0
84047,2007-02-20 20:50:31,121.354000,31.216600,  0,112,0
84047,2007-02-20 20:52:33,121.354000,31.216800,  0,112,0
84047,2007-02-20 20:53:34,121.354300,31.217000, 12, 22,0
84047,2007-02-20 20:54:35,121.354000,31.216500,  6,112,0
84047,2007-02-20 20:56:37,121.354300,31.216800,  0,112,0
84047,2007-02-20 20:57:38,121.354300,31.216800,  0,112,0
84047,2007-02-20 20:58:39,121.354300,31.216800,  0,112,0
84047,2007-02-20 21:00:41,121.354300,31.216800,  0,112,0
84047,2007-02-20 21:01:42,121.354300,31.216800,  0,112,0
84047,2007-02-20 21:02:43,121.354300,31.216800,  0,112,0
84047,2007-02-20 21:03:44,121.354300,31.216800,  0,112,0
84047,2007-02-20 21:04:45,121.354300,31.216800,  0,112,0
84047,2007-02-20 21:05:46,121.354300,31.216800,  0,112,0
84047,2007-02-20 21:06:51,121.354300,31.216800,  0,  0,0
84047,2007-02-20 21:07:52,121.354300,31.216800,  0,  0,0
84047,2007-02-20 21:08:53,121.354300,31.216800,  0,  0,0
84047,2007-02-20 21:09:54,121.354300,31.216800,  0,  0,0
84047,2007-02-20 21:10:55,121.354300,31.216800,  0,  0,0
84047,2007-02-20 21:11:56,121.354300,31.216800,  0,  0,0
84047,2007-02-20 21:12:57,121.354300,31.216800,  0,  0,0
84047,2007-02-20 21:13:58,121.354100,31.216600,  0,  0,0
84047,2007-02-20 21:14:59,121.354600,31.217100,  0,  0,0
84047,2007-02-20 21:16:00,121.354000,31.216800,  0,  0,0
84047,2007-02-20 21:17:01,121.354300,31.217000,  0,  0,0
84047,2007-02-20 21:18:02,121.354300,31.217000,  0,  0,0
84047,2007-02-20 21:19:03,121.354300,31.217000,  0,  0,0
84047,2007-02-20 21:20:04,121.354300,31.217000,  0,  0,0
84047,2007-02-20 21:21:05,121.354300,31.217000,  0,  0,0
84047,2007-02-20 21:22:06,121.354300,31.217000,  0,  0,0
84047,2007-02-20 21:23:07,121.354300,31.217000,  0,  0,0
84047,2007-02-20 21:24:08,121.354300,31.217000,  0,  0,0
84047,2007-02-20 21:25:09,121.354300,31.217000,  0,  0,0
84047,2007-02-20 21:26:10,121.354300,31.217000,  0,  0,0
84047,2007-02-20 21:27:11,121.354300,31.217000,  0,  0,0
84047,2007-02-20 21:28:12,121.354300,31.217000,  0,  0,0
84047,2007-02-20 21:30:14,121.354300,31.217000,  0,  0,0
84047,2007-02-20 21:31:15,121.354300,31.217000,  0,  0,0
84047,2007-02-20 21:32:16,121.354300,31.217000,  0,  0,0
84047,2007-02-20 21:34:18,121.354500,31.217000,  0,157,0
84047,2007-02-20 21:35:19,121.354300,31.216800,  0,157,0
84047,2007-02-20 21:36:20,121.354300,31.216800,  0,157,0
84047,2007-02-20 21:37:21,121.354300,31.216800,  0,157,0
84047,2007-02-20 21:38:22,121.354300,31.216800,  0,157,0
84047,2007-02-20 21:39:23,121.354300,31.216800,  0,157,0
84047,2007-02-20 21:41:25,121.354300,31.216800,  0,157,0
84047,2007-02-20 21:42:26,121.354300,31.216800,  0,157,0
84047,2007-02-20 21:43:27,121.354300,31.216800,  0,157,0
84047,2007-02-20 21:44:28,121.354300,31.216800,  0,157,0
84047,2007-02-20 21:46:30,121.354300,31.216800,  0,157,0
84047,2007-02-20 21:47:31,121.354300,31.216800,  0,157,0
84047,2007-02-20 21:48:32,121.354300,31.216800,  0,157,0
84047,2007-02-20 21:49:33,121.354300,31.216800,  0,157,0
84047,2007-02-20 21:50:34,121.354300,31.216800,  0,157,0
84047,2007-02-20 21:53:37,121.354300,31.216800,  0,157,0
84047,2007-02-20 21:54:38,121.354300,31.216800,  0,157,0
84047,2007-02-20 21:55:39,121.354300,31.216800,  0,157,0
84047,2007-02-20 21:56:40,121.354300,31.216800,  0,157,0
84047,2007-02-20 21:57:41,121.354300,31.216800,  0,157,0
84047,2007-02-20 21:58:42,121.354300,31.216800,  0,157,0
84047,2007-02-20 21:59:43,121.354300,31.216800,  0,157,0
84047,2007-02-20 22:00:44,121.354300,31.216800,  0,157,0
84047,2007-02-20 22:01:45,121.354300,31.216800,  0,157,0
84047,2007-02-20 22:02:46,121.354300,31.216800,  0,157,0
84047,2007-02-20 22:03:47,121.354300,31.216800,  0,157,0
84047,2007-02-20 22:04:48,121.354300,31.216800,  0,157,0
84047,2007-02-20 22:05:49,121.354300,31.216800,  0,157,0
84047,2007-02-20 22:06:50,121.354300,31.216800,  0,157,0
84047,2007-02-20 22:07:51,121.354300,31.216800,  0,157,0
84047,2007-02-20 22:08:52,121.354300,31.217000,  0,157,0
84047,2007-02-20 22:09:53,121.354300,31.217000,  0,157,0
84047,2007-02-20 22:10:54,121.354300,31.217000,  0,157,0
84047,2007-02-20 22:11:55,121.354300,31.217000,  0,157,0
84047,2007-02-20 22:12:56,121.354300,31.217000,  0,157,0
84047,2007-02-20 22:13:57,121.354300,31.217000,  0,157,0
84047,2007-02-20 22:14:58,121.354300,31.217000,  0,157,0
84047,2007-02-20 22:15:59,121.354300,31.217000,  0,157,0
84047,2007-02-20 22:17:00,121.354300,31.217000,  0,157,0
84047,2007-02-20 22:18:01,121.354300,31.217000,  0,157,0
84047,2007-02-20 22:19:02,121.354300,31.217000,  0,157,0
84047,2007-02-20 22:20:03,121.354300,31.217000,  0,157,0
84047,2007-02-20 22:21:04,121.354300,31.217000,  0,157,0
84047,2007-02-20 22:22:05,121.354300,31.217000,  0,157,0
84047,2007-02-20 22:23:06,121.354300,31.217000,  0,157,0
84047,2007-02-20 22:24:07,121.354300,31.217000,  0,157,0
84047,2007-02-20 22:25:08,121.354300,31.217000,  0,157,0
84047,2007-02-20 22:26:09,121.354300,31.217000,  0,157,0
84047,2007-02-20 22:27:10,121.354300,31.217000,  0,157,0
84047,2007-02-20 22:28:11,121.354300,31.217000,  0,157,0
84047,2007-02-20 22:29:12,121.354300,31.217000,  0,157,0
84047,2007-02-20 22:30:13,121.354300,31.217000,  0,157,0
84047,2007-02-20 22:31:14,121.354300,31.217000,  0,157,0
84047,2007-02-20 22:32:15,121.354300,31.217000,  0,157,0
84047,2007-02-20 22:33:16,121.354300,31.217000,  0,157,0
84047,2007-02-20 22:34:17,121.354300,31.216800,  0,157,0
84047,2007-02-20 22:36:19,121.354500,31.216600,  0,157,0
84047,2007-02-20 22:37:20,121.354500,31.216600,  0,157,0
84047,2007-02-20 22:38:21,121.354500,31.216800,  0,157,0
84047,2007-02-20 22:39:22,121.354500,31.216800,  0,157,0
84047,2007-02-20 22:40:23,121.354500,31.217000,  0,157,0
84047,2007-02-20 22:41:24,121.354500,31.217000,  0,157,0
84047,2007-02-20 22:42:25,121.354500,31.216800,  0, 67,0
84047,2007-02-20 22:43:26,121.354500,31.216800,  0, 67,0
84047,2007-02-20 22:44:27,121.354300,31.216800,  0, 67,0
84047,2007-02-20 22:45:28,121.354300,31.216800,  0, 67,0
84047,2007-02-20 22:47:30,121.354300,31.216800,  0, 67,0
84047,2007-02-20 22:48:31,121.354300,31.216800,  0, 67,0
84047,2007-02-20 22:49:32,121.354300,31.216800,  0, 67,0
84047,2007-02-20 22:50:33,121.354300,31.216800,  0, 67,0
84047,2007-02-20 22:51:34,121.354300,31.216800,  0, 67,0
84047,2007-02-20 22:53:36,121.354300,31.216800,  0, 67,0
84047,2007-02-20 22:54:37,121.354300,31.216800,  0, 67,0
84047,2007-02-20 22:55:38,121.354300,31.216800,  0, 67,0
84047,2007-02-20 22:56:39,121.354300,31.216800,  0, 67,0
84047,2007-02-20 22:57:40,121.354300,31.216800,  0, 67,0
84047,2007-02-20 22:59:42,121.354300,31.216800,  0, 67,0
84047,2007-02-20 23:00:43,121.355000,31.216500,  0, 67,0
84047,2007-02-20 23:02:45,121.355000,31.216500,  0, 67,0
84047,2007-02-20 23:04:47,121.354300,31.217000,  0, 67,0
84047,2007-02-20 23:05:48,121.354300,31.217000,  0, 67,0
84047,2007-02-20 23:06:49,121.354300,31.217000,  0, 67,0
84047,2007-02-20 23:07:50,121.354300,31.217000,  0, 67,0
84047,2007-02-20 23:08:50,121.354300,31.217000,  0, 67,0
84047,2007-02-20 23:09:52,121.354300,31.217000,  0, 67,0
84047,2007-02-20 23:10:53,121.354300,31.217000,  0, 67,0
84047,2007-02-20 23:11:54,121.354300,31.217000,  0, 67,0
84047,2007-02-20 23:12:55,121.354300,31.217000,  0, 67,0
84047,2007-02-20 23:13:55,121.354300,31.217000,  0, 67,0
84047,2007-02-20 23:14:57,121.354300,31.217000,  0, 67,0
84047,2007-02-20 23:15:58,121.354300,31.217000,  0, 67,0
84047,2007-02-20 23:16:59,121.354300,31.217000,  0, 67,0
84047,2007-02-20 23:18:00,121.354300,31.217000,  0, 67,0
84047,2007-02-20 23:19:00,121.354300,31.217000,  0, 67,0
84047,2007-02-20 23:20:02,121.354300,31.217000,  0, 67,0
84047,2007-02-20 23:21:03,121.354300,31.217000,  0, 67,0
84047,2007-02-20 23:22:04,121.354300,31.217000,  0, 67,0
84047,2007-02-20 23:23:05,121.354300,31.217000,  0, 67,0
84047,2007-02-20 23:24:05,121.354300,31.217000,  0, 67,0
84047,2007-02-20 23:25:07,121.354300,31.217000,  0, 67,0
84047,2007-02-20 23:26:08,121.354300,31.217000,  0, 67,0
84047,2007-02-20 23:27:09,121.354300,31.217000,  0, 67,0
84047,2007-02-20 23:28:09,121.354300,31.217000,  0, 67,0
84047,2007-02-20 23:30:11,121.354300,31.217000,  0, 67,0
84047,2007-02-20 23:31:12,121.354300,31.217000,  0, 67,0
84047,2007-02-20 23:32:14,121.354500,31.216800,  0, 67,0
84047,2007-02-20 23:33:14,121.354500,31.216800,  0, 67,0
84047,2007-02-20 23:34:15,121.354500,31.216800,  0, 67,0
84047,2007-02-20 23:36:17,121.354500,31.216800,  0, 67,0
84047,2007-02-20 23:37:18,121.354500,31.216800,  0, 67,0
84047,2007-02-20 23:38:19,121.354500,31.216800,  0, 67,0
84047,2007-02-20 23:39:20,121.354500,31.216800,  0, 67,0
84047,2007-02-20 23:40:21,121.354500,31.216800,  0, 67,0
84047,2007-02-20 23:41:22,121.354500,31.216800,  0, 67,0
84047,2007-02-20 23:42:23,121.354500,31.216800,  0, 67,0
84047,2007-02-20 23:44:25,121.354500,31.216800,  0, 67,0
84047,2007-02-20 23:45:26,121.354500,31.216800,  0, 67,0
84047,2007-02-20 23:46:27,121.354500,31.216800,  0, 67,0
84047,2007-02-20 23:47:28,121.354500,31.216800,  0, 67,0
84047,2007-02-20 23:48:29,121.354500,31.216800,  0, 67,0
84047,2007-02-20 23:49:30,121.354500,31.216800,  0, 67,0
84047,2007-02-20 23:50:31,121.354500,31.216800,  0, 67,0
84047,2007-02-20 23:51:32,121.354500,31.216800,  0, 67,0
84047,2007-02-20 23:52:33,121.354500,31.216800,  0, 67,0
84047,2007-02-20 23:53:34,121.354500,31.216800,  0, 67,0
84047,2007-02-20 23:54:35,121.354500,31.216800,  0, 67,0
84047,2007-02-20 23:55:36,121.354500,31.216800,  0, 67,0
84047,2007-02-20 23:56:37,121.354500,31.216800,  0, 67,0
84047,2007-02-20 23:57:38,121.354500,31.216800,  0, 67,0
84047,2007-02-20 23:58:39,121.354500,31.216800,  0, 67,0
84047,2007-02-20 23:59:40,121.354500,31.216800,  0, 67,0
