89002,2007-02-20 00:00:23,121.437000,31.242500,  0, 22,1
89002,2007-02-20 00:01:24,121.437000,31.242500,  0, 22,1
89002,2007-02-20 00:02:25,121.437000,31.242500,  0, 22,1
89002,2007-02-20 00:03:26,121.437000,31.242500,  0, 22,1
89002,2007-02-20 00:04:26,121.437000,31.242500,  0, 22,1
89002,2007-02-20 00:05:28,121.437000,31.242500,  0, 22,1
89002,2007-02-20 00:06:29,121.437000,31.242500,  0, 22,1
89002,2007-02-20 00:07:30,121.437000,31.242500,  0, 22,1
89002,2007-02-20 00:08:31,121.437000,31.242500,  0, 22,1
89002,2007-02-20 00:09:31,121.437000,31.242500,  0, 22,1
89002,2007-02-20 00:11:34,121.437000,31.242500,  0, 22,1
89002,2007-02-20 00:12:35,121.437000,31.242500,  0, 22,1
89002,2007-02-20 00:13:36,121.437000,31.242500,  0, 22,1
89002,2007-02-20 00:14:36,121.437000,31.242500,  0, 22,1
89002,2007-02-20 00:15:38,121.437000,31.242500,  0, 22,1
89002,2007-02-20 00:16:39,121.437000,31.242500,  0, 22,1
89002,2007-02-20 00:17:40,121.437000,31.242500,  0, 22,1
89002,2007-02-20 00:18:56,121.437000,31.242500,  0, 22,0
89002,2007-02-20 00:20:58,121.437000,31.242500,  0, 22,0
89002,2007-02-20 00:21:59,121.437000,31.242500,  0, 22,0
89002,2007-02-20 00:23:00,121.437000,31.242500,  0, 22,0
89002,2007-02-20 00:23:30,121.437000,31.242500,  0, 22,1
89002,2007-02-20 00:24:31,121.437000,31.242500,  0, 22,1
89002,2007-02-20 00:25:31,121.437000,31.242500,  0, 22,1
89002,2007-02-20 00:25:32,121.437000,31.242500,  0, 22,0
89002,2007-02-20 00:27:34,121.437000,31.242500,  0, 22,0
89002,2007-02-20 00:28:35,121.437000,31.242500,  0, 22,0
89002,2007-02-20 00:29:36,121.437000,31.242500,  0, 22,0
89002,2007-02-20 00:30:36,121.437000,31.242500,  0, 22,0
89002,2007-02-20 00:31:38,121.437000,31.242500,  0, 22,0
89002,2007-02-20 00:32:39,121.437000,31.242500,  0, 22,0
89002,2007-02-20 00:33:40,121.437000,31.242500,  0, 22,0
89002,2007-02-20 00:34:41,121.437000,31.242500,  0, 22,0
89002,2007-02-20 00:36:20,121.437000,31.242500,  0, 22,1
89002,2007-02-20 00:38:00,121.437000,31.242500,  0, 22,1
89002,2007-02-20 00:39:01,121.437000,31.242500,  0, 22,1
89002,2007-02-20 00:40:01,121.437000,31.242500,  0, 22,1
89002,2007-02-20 00:41:03,121.437000,31.242500,  0, 22,1
89002,2007-02-20 00:42:04,121.437000,31.242500,  0, 22,1
89002,2007-02-20 00:43:05,121.437000,31.242500,  0, 22,1
89002,2007-02-20 00:44:06,121.437000,31.242500,  0, 22,1
89002,2007-02-20 00:45:06,121.437000,31.242500,  0, 22,1
89002,2007-02-20 00:46:08,121.437000,31.242500,  0, 22,1
89002,2007-02-20 00:47:09,121.437000,31.242500,  0, 22,1
89002,2007-02-20 00:48:10,121.437000,31.242500,  0, 22,1
89002,2007-02-20 00:49:11,121.437000,31.242500,  0, 22,1
89002,2007-02-20 00:50:11,121.437000,31.242500,  0, 22,1
89002,2007-02-20 00:51:13,121.490600,31.255500,  0, 22,1
89002,2007-02-20 00:52:14,121.491000,31.255800,  0, 22,1
89002,2007-02-20 00:53:15,121.491000,31.255800,  0, 22,1
89002,2007-02-20 00:54:16,121.491000,31.255800,  0, 22,1
89002,2007-02-20 00:55:16,121.491000,31.255800,  0, 22,1
89002,2007-02-20 00:58:28,121.515600,31.281800, 46, 45,1
89002,2007-02-20 00:59:29,121.522100,31.284000, 42, 45,1
89002,2007-02-20 01:00:30,121.526500,31.285500,  0,157,1
89002,2007-02-20 01:01:31,121.524000,31.289500, 46,157,1
89002,2007-02-20 01:02:31,121.525000,31.291000,  8, 22,1
89002,2007-02-20 01:03:33,121.525000,31.291300,  0,157,1
89002,2007-02-20 01:04:34,121.525000,31.291300,  0,157,1
89002,2007-02-20 01:05:35,121.525100,31.291100,  0,157,1
89002,2007-02-20 01:09:06,121.525000,31.291000,  0, 90,1
89002,2007-02-20 01:10:06,121.525000,31.291000,  0, 90,1
89002,2007-02-20 01:12:09,121.525000,31.290800,  0, 90,1
89002,2007-02-20 01:13:10,121.524800,31.290600,  4, 22,1
89002,2007-02-20 01:14:11,121.525000,31.290800,  0, 22,1
89002,2007-02-20 01:15:11,121.525000,31.290800,  0, 22,1
89002,2007-02-20 01:16:13,121.525000,31.290800,  0, 22,1
89002,2007-02-20 01:17:14,121.525000,31.290800,  0, 22,1
89002,2007-02-20 01:18:15,121.525000,31.290800,  0, 22,1
89002,2007-02-20 01:19:16,121.525000,31.290800,  0, 22,1
89002,2007-02-20 01:20:16,121.525000,31.290800,  0, 22,1
89002,2007-02-20 01:21:18,121.525000,31.290800,  0, 22,1
89002,2007-02-20 01:23:20,121.525000,31.290800,  0, 22,1
89002,2007-02-20 01:24:21,121.525000,31.290800,  0, 22,1
89002,2007-02-20 01:25:21,121.525000,31.290800,  0, 22,1
89002,2007-02-20 01:26:23,121.524800,31.290600,  8, 67,1
89002,2007-02-20 01:27:24,121.526600,31.289300, 14,112,1
89002,2007-02-20 01:28:25,121.526600,31.289500,  0,157,1
89002,2007-02-20 01:29:26,121.526800,31.289500,  0, 67,1
89002,2007-02-20 01:30:26,121.526800,31.289500,  0, 67,1
89002,2007-02-20 01:31:28,121.526800,31.289500,  0, 67,1
89002,2007-02-20 01:32:29,121.526800,31.289500,  0, 67,1
89002,2007-02-20 01:33:30,121.526800,31.289500,  0, 67,1
89002,2007-02-20 01:34:31,121.526800,31.289500,  0, 67,1
89002,2007-02-20 01:35:31,121.526800,31.289500,  0, 67,1
89002,2007-02-20 01:36:33,121.526800,31.289500,  0, 67,1
89002,2007-02-20 01:37:34,121.526800,31.289500,  0, 67,1
89002,2007-02-20 01:38:35,121.526800,31.289500,  0, 67,1
89002,2007-02-20 01:39:36,121.526800,31.289500,  0, 67,1
89002,2007-02-20 01:40:36,121.526800,31.289500,  0, 67,1
89002,2007-02-20 01:41:38,121.526800,31.289500,  0, 67,1
89002,2007-02-20 01:42:39,121.526800,31.289500,  0, 67,1
89002,2007-02-20 01:43:40,121.526800,31.289500,  0, 67,1
89002,2007-02-20 01:44:41,121.526800,31.289500,  0, 67,1
89002,2007-02-20 01:45:41,121.526800,31.289500,  0, 67,1
89002,2007-02-20 01:46:43,121.526800,31.289500,  0, 67,1
89002,2007-02-20 01:47:44,121.526800,31.289500,  0, 67,1
89002,2007-02-20 01:48:45,121.526800,31.289500,  0, 67,1
89002,2007-02-20 01:49:46,121.526800,31.289500,  0, 67,1
89002,2007-02-20 01:50:46,121.526800,31.289500,  0, 67,1
89002,2007-02-20 01:53:50,121.526800,31.289500,  0, 67,1
89002,2007-02-20 01:54:51,121.526800,31.289500,  0, 67,1
89002,2007-02-20 01:55:51,121.526800,31.289500,  0, 67,1
89002,2007-02-20 01:56:53,121.526800,31.289500,  0, 67,1
89002,2007-02-20 01:57:54,121.526800,31.289500,  0, 67,1
89002,2007-02-20 01:58:55,121.526800,31.289500,  0, 67,1
89002,2007-02-20 01:59:56,121.526800,31.289500,  0, 67,1
89002,2007-02-20 02:00:56,121.526800,31.289500,  0, 67,1
89002,2007-02-20 02:01:58,121.526800,31.289500,  0, 67,1
89002,2007-02-20 02:02:59,121.526800,31.289500,  0, 67,1
89002,2007-02-20 02:04:00,121.526800,31.289500,  0, 67,1
89002,2007-02-20 02:05:01,121.526800,31.289500,  0, 67,1
89002,2007-02-20 02:06:00,121.526800,31.289500,  0, 67,1
89002,2007-02-20 02:07:02,121.526800,31.289500,  0, 67,1
89002,2007-02-20 02:08:03,121.526800,31.289500,  0, 67,1
89002,2007-02-20 02:09:04,121.526800,31.289500,  0, 67,1
89002,2007-02-20 02:10:05,121.526800,31.289500,  0, 67,1
89002,2007-02-20 02:11:05,121.526800,31.289500,  0, 67,1
89002,2007-02-20 02:12:07,121.526800,31.289500,  0, 67,1
89002,2007-02-20 02:13:08,121.526800,31.289500,  0, 67,1
89002,2007-02-20 02:14:09,121.526800,31.289500,  0, 67,1
89002,2007-02-20 02:15:10,121.526800,31.289500,  0, 67,1
89002,2007-02-20 02:16:10,121.526800,31.289500,  0, 67,1
89002,2007-02-20 02:17:12,121.526800,31.289500,  0, 67,1
89002,2007-02-20 02:18:13,121.526800,31.289500,  0, 67,1
89002,2007-02-20 02:20:15,121.526800,31.289500,  0, 67,1
89002,2007-02-20 02:22:17,121.526800,31.289500,  0, 67,1
89002,2007-02-20 02:23:18,121.526800,31.289500,  0, 67,1
89002,2007-02-20 02:25:20,121.526800,31.289500,  0, 67,1
89002,2007-02-20 02:26:20,121.526800,31.289500,  0, 67,1
89002,2007-02-20 02:27:22,121.526800,31.289500,  0, 67,1
89002,2007-02-20 02:28:23,121.526800,31.289500,  0, 67,1
89002,2007-02-20 02:29:24,121.526800,31.289500,  0, 67,1
89002,2007-02-20 02:30:25,121.526800,31.289500,  0, 67,1
89002,2007-02-20 02:32:27,121.526800,31.289500,  0, 67,1
89002,2007-02-20 02:33:28,121.526800,31.289500,  0, 67,1
89002,2007-02-20 02:35:30,121.526800,31.289500,  0, 67,1
89002,2007-02-20 02:36:30,121.526800,31.289500,  0, 67,1
89002,2007-02-20 02:37:32,121.526800,31.289500,  0, 67,1
89002,2007-02-20 02:38:33,121.526800,31.289500,  0, 67,1
89002,2007-02-20 02:39:34,121.526800,31.289500,  0, 67,1
89002,2007-02-20 02:40:35,121.526800,31.289500,  0, 67,1
89002,2007-02-20 02:41:35,121.526800,31.289500,  0, 67,1
89002,2007-02-20 02:42:37,121.526800,31.289500,  0, 67,1
89002,2007-02-20 02:43:38,121.526800,31.289500,  0, 67,1
89002,2007-02-20 02:44:39,121.526800,31.289500,  0, 67,1
89002,2007-02-20 02:45:40,121.526800,31.289500,  0, 67,1
89002,2007-02-20 02:46:40,121.526800,31.289500,  0, 67,1
89002,2007-02-20 02:47:42,121.526800,31.289500,  0, 67,1
89002,2007-02-20 02:48:43,121.526800,31.289500,  0, 67,1
89002,2007-02-20 02:49:44,121.526800,31.289500,  0, 67,1
89002,2007-02-20 02:50:45,121.526800,31.289500,  0, 67,1
89002,2007-02-20 02:51:45,121.526800,31.289500,  0, 67,1
89002,2007-02-20 02:54:49,121.526800,31.289500,  0, 67,1
89002,2007-02-20 02:55:50,121.526800,31.289500,  0, 67,1
89002,2007-02-20 02:56:50,121.526800,31.289500,  0, 67,1
89002,2007-02-20 02:57:52,121.526800,31.289500,  0, 67,1
89002,2007-02-20 02:58:53,121.526800,31.289500,  0, 67,1
89002,2007-02-20 02:59:54,121.526800,31.289500,  0, 67,1
89002,2007-02-20 03:01:55,121.526800,31.289500,  0, 67,1
89002,2007-02-20 03:02:57,121.526800,31.289500,  0, 67,1
89002,2007-02-20 03:03:58,121.526800,31.289500,  0, 67,1
89002,2007-02-20 03:04:59,121.526800,31.289500,  0, 67,1
89002,2007-02-20 03:06:00,121.526800,31.289500,  0, 67,1
89002,2007-02-20 03:07:00,121.526800,31.289500,  0, 67,1
89002,2007-02-20 03:08:02,121.526800,31.289500,  0, 67,1
89002,2007-02-20 03:09:03,121.526800,31.289500,  0, 67,1
89002,2007-02-20 03:10:04,121.526800,31.289500,  0, 67,1
89002,2007-02-20 03:11:05,121.526800,31.289500,  0, 67,1
89002,2007-02-20 03:12:05,121.526800,31.289500,  0, 67,1
89002,2007-02-20 03:13:07,121.526800,31.289500,  0, 67,1
89002,2007-02-20 03:14:08,121.526800,31.289500,  0, 67,1
89002,2007-02-20 03:15:09,121.526800,31.289500,  0, 67,1
89002,2007-02-20 03:16:10,121.526800,31.289500,  0, 67,1
89002,2007-02-20 03:17:10,121.526800,31.289500,  0, 67,1
89002,2007-02-20 03:18:12,121.526800,31.289500,  0, 67,1
89002,2007-02-20 03:19:13,121.527000,31.289300,  0, 67,1
89002,2007-02-20 03:20:14,121.527300,31.289100,  0, 67,1
89002,2007-02-20 03:21:15,121.527100,31.289300,  0, 67,1
89002,2007-02-20 03:22:15,121.527100,31.289100,  0, 67,1
89002,2007-02-20 03:23:17,121.527100,31.289100,  0, 67,1
89002,2007-02-20 03:24:18,121.527000,31.289300,  0, 67,1
89002,2007-02-20 03:25:19,121.527000,31.289300,  0, 67,1
89002,2007-02-20 03:26:20,121.527000,31.289300,  0, 67,1
89002,2007-02-20 03:27:20,121.527000,31.289300,  0, 67,1
89002,2007-02-20 03:28:22,121.527000,31.289300,  0, 67,1
89002,2007-02-20 03:29:23,121.527000,31.289300,  0, 67,1
89002,2007-02-20 03:30:24,121.527300,31.289000,  0, 67,1
89002,2007-02-20 03:31:25,121.527000,31.289300,  0, 67,1
89002,2007-02-20 03:32:25,121.527100,31.289100,  0, 67,1
89002,2007-02-20 03:33:27,121.527000,31.289100,  0, 67,1
89002,2007-02-20 03:34:28,121.527000,31.289300,  0, 67,1
89002,2007-02-20 03:35:29,121.527000,31.289300,  0, 67,1
89002,2007-02-20 03:36:30,121.527000,31.289300,  0, 67,1
89002,2007-02-20 03:37:31,121.527000,31.289300,  0, 67,1
89002,2007-02-20 03:38:32,121.527000,31.289300,  0, 67,1
89002,2007-02-20 03:39:33,121.527000,31.289300,  0, 67,1
89002,2007-02-20 03:40:34,121.527000,31.289300,  0, 67,1
89002,2007-02-20 03:41:35,121.527000,31.289300,  0, 67,1
89002,2007-02-20 03:42:35,121.527000,31.289100,  0, 67,1
89002,2007-02-20 03:43:37,121.527000,31.289300,  0, 67,1
89002,2007-02-20 03:44:38,121.527000,31.289100,  0, 67,1
89002,2007-02-20 03:45:39,121.527000,31.289100,  0, 67,1
89002,2007-02-20 03:46:40,121.527000,31.289100,  0, 67,1
89002,2007-02-20 03:47:41,121.527000,31.289100,  0, 67,1
89002,2007-02-20 03:48:42,121.527000,31.289100,  0, 67,1
89002,2007-02-20 03:49:43,121.527000,31.289100,  0, 67,1
89002,2007-02-20 03:50:44,121.527000,31.289100,  0, 67,1
89002,2007-02-20 03:51:45,121.527000,31.289100,  0, 67,1
89002,2007-02-20 03:52:46,121.527000,31.289100,  0, 67,1
89002,2007-02-20 03:53:47,121.527000,31.289100,  0, 67,1
89002,2007-02-20 03:54:48,121.527000,31.289100,  0, 67,1
89002,2007-02-20 03:55:49,121.527000,31.289100,  0, 67,1
89002,2007-02-20 03:56:50,121.527000,31.289100,  0, 67,1
89002,2007-02-20 03:57:51,121.527000,31.289100,  0, 67,1
89002,2007-02-20 03:58:52,121.527000,31.289100,  0, 67,1
89002,2007-02-20 03:59:53,121.527000,31.289100,  0, 67,1
89002,2007-02-20 04:00:54,121.527000,31.289100,  0, 67,1
89002,2007-02-20 04:01:55,121.527000,31.289100,  0, 67,1
89002,2007-02-20 04:02:56,121.527000,31.289100,  0, 67,1
89002,2007-02-20 04:03:57,121.527000,31.289100,  0, 67,1
89002,2007-02-20 04:05:59,121.527000,31.289100,  0, 67,1
89002,2007-02-20 04:07:00,121.527000,31.289100,  0, 67,1
89002,2007-02-20 04:08:00,121.527000,31.289100,  0, 67,1
89002,2007-02-20 04:09:02,121.527000,31.289100,  0, 67,1
89002,2007-02-20 04:10:03,121.527000,31.289100,  0, 67,1
89002,2007-02-20 04:11:04,121.527000,31.289100,  0, 67,1
89002,2007-02-20 04:12:05,121.527000,31.289100,  0, 67,1
89002,2007-02-20 04:13:05,121.527000,31.289100,  0, 67,1
89002,2007-02-20 04:14:07,121.527000,31.289100,  0, 67,1
89002,2007-02-20 04:15:08,121.527000,31.289100,  0, 67,1
89002,2007-02-20 04:16:09,121.527000,31.289100,  0, 67,1
89002,2007-02-20 04:17:10,121.527000,31.289100,  0, 67,1
89002,2007-02-20 04:18:10,121.527000,31.289100,  0, 67,1
89002,2007-02-20 04:20:13,121.527000,31.289100,  0, 67,1
89002,2007-02-20 04:21:14,121.527000,31.289100,  0, 67,1
89002,2007-02-20 04:22:15,121.527000,31.289100,  0, 67,1
89002,2007-02-20 04:23:15,121.527000,31.289100,  0, 67,1
89002,2007-02-20 04:24:17,121.527000,31.289100,  0, 67,1
89002,2007-02-20 04:25:18,121.527000,31.289100,  0, 67,1
89002,2007-02-20 04:27:20,121.527000,31.289100,  0, 67,1
89002,2007-02-20 04:28:21,121.527000,31.289100,  0, 67,1
89002,2007-02-20 04:29:22,121.527000,31.289100,  0, 67,1
89002,2007-02-20 04:30:23,121.527000,31.289100,  0, 67,1
89002,2007-02-20 04:31:24,121.527000,31.289100,  0, 67,1
89002,2007-02-20 04:32:25,121.527000,31.289100,  0, 67,1
89002,2007-02-20 04:33:26,121.527000,31.289100,  0, 67,1
89002,2007-02-20 04:34:27,121.527000,31.289100,  0, 67,1
89002,2007-02-20 04:35:28,121.527000,31.289100,  0, 67,1
89002,2007-02-20 04:36:29,121.527000,31.289100,  0, 67,1
89002,2007-02-20 04:37:30,121.527000,31.289100,  0, 67,1
89002,2007-02-20 04:38:31,121.527000,31.289100,  0, 67,1
89002,2007-02-20 04:39:32,121.527000,31.289100,  0, 67,1
89002,2007-02-20 04:40:33,121.527000,31.289100,  0, 67,1
89002,2007-02-20 04:41:34,121.527000,31.289100,  0, 67,1
89002,2007-02-20 04:42:35,121.527000,31.289100,  0, 67,1
89002,2007-02-20 04:43:36,121.527000,31.289100,  0, 67,1
89002,2007-02-20 04:44:37,121.527000,31.289100,  0, 67,1
89002,2007-02-20 04:45:38,121.527000,31.289100,  0, 67,1
89002,2007-02-20 04:46:39,121.527000,31.289100,  0, 67,1
89002,2007-02-20 04:47:40,121.527000,31.289100,  0, 67,1
89002,2007-02-20 04:50:43,121.527000,31.289100,  0, 67,1
89002,2007-02-20 04:51:44,121.527000,31.289100,  0, 67,1
89002,2007-02-20 04:52:45,121.527000,31.289100,  0, 67,1
89002,2007-02-20 04:53:46,121.527000,31.289100,  0, 67,1
89002,2007-02-20 04:54:47,121.527000,31.289100,  0, 67,1
89002,2007-02-20 04:57:50,121.527000,31.289100,  0, 67,1
89002,2007-02-20 04:58:51,121.527000,31.289100,  0, 67,1
89002,2007-02-20 04:59:52,121.527000,31.289100,  0, 67,1
89002,2007-02-20 05:00:53,121.527000,31.289100,  0, 67,1
89002,2007-02-20 05:02:55,121.527000,31.289100,  0, 67,1
89002,2007-02-20 05:04:57,121.527000,31.289100,  0, 67,1
89002,2007-02-20 05:05:58,121.527000,31.289100,  0, 67,1
89002,2007-02-20 05:06:59,121.527000,31.289100,  0, 67,1
89002,2007-02-20 05:08:00,121.527000,31.289100,  0, 67,1
89002,2007-02-20 05:09:01,121.527000,31.289100,  0, 67,1
89002,2007-02-20 05:10:02,121.527000,31.289100,  0, 67,1
89002,2007-02-20 05:12:04,121.527000,31.289100,  0, 67,1
89002,2007-02-20 05:13:05,121.527000,31.289100,  0, 67,1
89002,2007-02-20 05:14:06,121.527000,31.289100,  0, 67,1
89002,2007-02-20 05:15:07,121.527000,31.289100,  0, 67,1
89002,2007-02-20 05:16:08,121.527000,31.289100,  0, 67,1
89002,2007-02-20 05:17:09,121.527000,31.289100,  0, 67,1
89002,2007-02-20 05:18:10,121.527000,31.289100,  0, 67,1
89002,2007-02-20 05:19:11,121.527000,31.289100,  0, 67,1
89002,2007-02-20 05:20:12,121.527000,31.289100,  0, 67,1
89002,2007-02-20 05:21:13,121.527000,31.289100,  0, 67,1
89002,2007-02-20 05:23:15,121.527000,31.289100,  0, 67,1
89002,2007-02-20 05:25:36,121.527000,31.289100,  0, 67,1
89002,2007-02-20 05:26:37,121.527000,31.289100,  0, 67,1
89002,2007-02-20 05:27:38,121.527000,31.289100,  0, 67,1
89002,2007-02-20 05:28:39,121.527000,31.289100,  0, 67,1
89002,2007-02-20 05:29:40,121.527000,31.289100,  0, 67,1
89002,2007-02-20 05:30:41,121.527000,31.289100,  0, 67,1
89002,2007-02-20 05:31:42,121.527000,31.289100,  0, 67,1
89002,2007-02-20 05:32:43,121.527000,31.289100,  0, 67,1
89002,2007-02-20 05:33:44,121.527000,31.289100,  0, 67,1
89002,2007-02-20 05:34:45,121.527000,31.289100,  0, 67,1
89002,2007-02-20 05:35:46,121.527000,31.289100,  0, 67,1
89002,2007-02-20 05:36:47,121.527000,31.289100,  0, 67,1
89002,2007-02-20 05:37:48,121.527000,31.289100,  0, 67,1
89002,2007-02-20 05:38:49,121.527000,31.289100,  0, 67,1
89002,2007-02-20 05:39:50,121.527000,31.289100,  0, 67,1
89002,2007-02-20 05:41:52,121.527000,31.289100,  0, 67,1
89002,2007-02-20 05:42:53,121.527000,31.289100,  0, 67,1
89002,2007-02-20 05:43:54,121.527000,31.289100,  0, 67,1
89002,2007-02-20 05:44:55,121.527000,31.289100,  0, 67,1
89002,2007-02-20 05:46:57,121.527000,31.289100,  0, 67,1
89002,2007-02-20 05:47:58,121.527000,31.289100,  0, 67,1
89002,2007-02-20 05:48:59,121.527000,31.289100,  0, 67,1
89002,2007-02-20 05:50:00,121.527000,31.289100,  0, 67,1
89002,2007-02-20 05:51:01,121.527000,31.289100,  0, 67,1
89002,2007-02-20 05:52:02,121.527000,31.289100,  0, 67,1
89002,2007-02-20 05:53:03,121.527000,31.289100,  0, 67,1
89002,2007-02-20 05:54:04,121.527000,31.289100,  0, 67,1
89002,2007-02-20 05:55:05,121.527000,31.289100,  0, 67,1
89002,2007-02-20 05:56:06,121.527000,31.289100,  0, 67,1
89002,2007-02-20 05:57:07,121.527000,31.289100,  0, 67,1
89002,2007-02-20 05:59:09,121.527000,31.289100,  0, 67,1
89002,2007-02-20 06:00:10,121.527000,31.289100,  0, 67,1
89002,2007-02-20 06:01:11,121.527000,31.289100,  0, 67,1
89002,2007-02-20 06:02:12,121.527000,31.289100,  0, 67,1
89002,2007-02-20 06:03:13,121.527000,31.289100,  0, 67,1
89002,2007-02-20 06:04:55,121.527000,31.289100,  0, 67,1
89002,2007-02-20 06:05:56,121.527000,31.289100,  0, 67,1
89002,2007-02-20 06:06:57,121.527000,31.289100,  0, 67,1
89002,2007-02-20 06:07:58,121.527000,31.289100,  0, 67,1
89002,2007-02-20 06:08:59,121.527000,31.289100,  0, 67,1
89002,2007-02-20 06:10:00,121.527000,31.289100,  0, 67,1
89002,2007-02-20 06:11:01,121.527000,31.289100,  0, 67,1
89002,2007-02-20 06:12:02,121.527000,31.289100,  0, 67,1
89002,2007-02-20 06:13:03,121.527000,31.289100,  0, 67,1
89002,2007-02-20 06:15:26,121.527000,31.289100,  0, 67,1
89002,2007-02-20 06:16:27,121.527000,31.289100,  0, 67,1
89002,2007-02-20 06:17:28,121.527000,31.289100,  0, 67,1
89002,2007-02-20 06:18:29,121.527000,31.289100,  0, 67,1
89002,2007-02-20 06:19:30,121.527000,31.289100,  0, 67,1
89002,2007-02-20 06:20:31,121.527000,31.289100,  0, 67,1
89002,2007-02-20 06:21:32,121.527000,31.289100,  0, 67,1
89002,2007-02-20 06:22:33,121.527000,31.289100,  0, 67,1
89002,2007-02-20 06:23:34,121.527000,31.289100,  0, 67,1
89002,2007-02-20 06:24:35,121.527000,31.289100,  0, 67,1
89002,2007-02-20 06:25:36,121.527000,31.289100,  0, 67,1
89002,2007-02-20 06:26:37,121.527000,31.289100,  0, 67,1
89002,2007-02-20 06:27:38,121.527000,31.289100,  0, 67,1
89002,2007-02-20 06:28:39,121.527000,31.289100,  0, 67,1
89002,2007-02-20 06:29:40,121.527000,31.289100,  0, 67,1
89002,2007-02-20 06:30:41,121.527000,31.289100,  0, 67,1
89002,2007-02-20 06:31:42,121.527000,31.289100,  0, 67,1
89002,2007-02-20 06:32:43,121.527000,31.289100,  0, 67,1
89002,2007-02-20 06:33:44,121.527000,31.289100,  0, 67,1
89002,2007-02-20 06:34:45,121.527000,31.289100,  0, 67,1
89002,2007-02-20 06:35:46,121.527000,31.289100,  0, 67,1
89002,2007-02-20 06:36:47,121.527000,31.289100,  0, 67,1
89002,2007-02-20 06:37:48,121.527000,31.289100,  0, 67,1
89002,2007-02-20 06:38:48,121.527000,31.289100,  0, 67,1
89002,2007-02-20 06:39:49,121.527000,31.289100,  0, 67,1
89002,2007-02-20 06:40:50,121.527000,31.289100,  0, 67,1
89002,2007-02-20 06:41:51,121.527000,31.289100,  0, 67,1
89002,2007-02-20 06:42:52,121.527000,31.289100,  0, 67,1
89002,2007-02-20 06:44:54,121.527000,31.289100,  0, 67,1
89002,2007-02-20 06:45:55,121.527000,31.289100,  0, 67,1
89002,2007-02-20 06:46:56,121.527000,31.289100,  0, 67,1
89002,2007-02-20 06:48:58,121.527000,31.289100,  0, 67,1
89002,2007-02-20 06:49:59,121.527000,31.289100,  0, 67,1
89002,2007-02-20 06:51:00,121.527000,31.289100,  0, 67,1
89002,2007-02-20 06:52:01,121.527000,31.289100,  0, 67,1
89002,2007-02-20 06:55:04,121.527000,31.289100,  0, 67,1
89002,2007-02-20 06:56:05,121.527000,31.289100,  0, 67,1
89002,2007-02-20 06:58:07,121.527000,31.289100,  0, 67,1
89002,2007-02-20 06:59:08,121.527000,31.289100,  0, 67,1
89002,2007-02-20 07:00:09,121.527000,31.289100,  0, 67,1
89002,2007-02-20 07:01:10,121.527000,31.289100,  0, 67,1
89002,2007-02-20 07:02:11,121.527000,31.289100,  0, 67,1
89002,2007-02-20 07:03:12,121.527000,31.289100,  0, 67,1
89002,2007-02-20 07:04:13,121.527000,31.289100,  0, 67,1
89002,2007-02-20 07:05:14,121.527000,31.289100,  0, 67,1
89002,2007-02-20 07:06:15,121.527000,31.289100,  0, 67,1
89002,2007-02-20 07:07:16,121.527000,31.289100,  0, 67,1
89002,2007-02-20 07:08:17,121.527000,31.289100,  0, 67,1
89002,2007-02-20 07:09:18,121.527000,31.289100,  0, 67,1
89002,2007-02-20 07:10:19,121.527000,31.289100,  0, 67,1
89002,2007-02-20 07:11:20,121.527000,31.289100,  0, 67,1
89002,2007-02-20 07:12:21,121.527000,31.289100,  0, 67,1
89002,2007-02-20 07:13:22,121.527000,31.289100,  0, 67,1
89002,2007-02-20 07:14:23,121.527000,31.289100,  0, 67,1
89002,2007-02-20 07:15:24,121.527000,31.289100,  0, 67,1
89002,2007-02-20 07:17:26,121.527000,31.289100,  0, 67,1
89002,2007-02-20 07:18:27,121.527000,31.289100,  0, 67,1
89002,2007-02-20 07:19:28,121.527000,31.289100,  0, 67,1
89002,2007-02-20 07:20:29,121.527000,31.289100,  0, 67,1
89002,2007-02-20 07:21:30,121.527000,31.289100,  0, 67,1
89002,2007-02-20 07:22:31,121.527000,31.289100,  0, 67,1
89002,2007-02-20 07:24:33,121.527000,31.289100,  0, 67,1
89002,2007-02-20 07:26:35,121.527000,31.289100,  0, 67,1
89002,2007-02-20 07:28:37,121.527000,31.289100,  0, 67,1
89002,2007-02-20 07:29:38,121.527000,31.289100,  0, 67,1
89002,2007-02-20 07:30:39,121.527000,31.289100,  0, 67,1
89002,2007-02-20 07:31:40,121.527000,31.289100,  0, 67,1
89002,2007-02-20 07:32:41,121.527000,31.289100,  0, 67,1
89002,2007-02-20 07:33:42,121.527000,31.289100,  0, 67,1
89002,2007-02-20 07:34:43,121.527000,31.289100,  0, 67,1
89002,2007-02-20 07:35:44,121.527000,31.289100,  0, 67,1
89002,2007-02-20 07:36:45,121.527000,31.289100,  0, 67,1
89002,2007-02-20 07:37:46,121.527000,31.289100,  0, 67,1
89002,2007-02-20 07:38:47,121.527000,31.289100,  0, 67,1
89002,2007-02-20 07:39:48,121.527000,31.289100,  0, 67,1
89002,2007-02-20 07:40:49,121.527000,31.289100,  0, 67,1
89002,2007-02-20 07:41:50,121.526800,31.289000,  0, 67,1
89002,2007-02-20 07:42:51,121.526800,31.289300,  0, 67,1
89002,2007-02-20 07:43:52,121.526800,31.289300,  0, 67,1
89002,2007-02-20 07:44:53,121.526800,31.289100,  0,135,1
89002,2007-02-20 07:45:54,121.526800,31.289100,  0,135,1
89002,2007-02-20 07:46:55,121.526800,31.289100,  0,135,1
89002,2007-02-20 07:47:56,121.526800,31.289100,  0,135,1
89002,2007-02-20 07:48:57,121.526800,31.289100,  0,135,1
89002,2007-02-20 07:49:58,121.526800,31.289100,  0,135,1
89002,2007-02-20 07:52:00,121.526800,31.289100,  0,135,1
89002,2007-02-20 07:53:01,121.526800,31.289100,  0,135,1
89002,2007-02-20 07:54:02,121.526800,31.289100,  0,135,1
89002,2007-02-20 07:56:04,121.526800,31.289100,  0,135,1
89002,2007-02-20 07:57:05,121.526800,31.289100,  0,135,1
89002,2007-02-20 07:58:06,121.526800,31.289100,  0,135,1
89002,2007-02-20 07:59:07,121.526800,31.289100,  0,135,1
89002,2007-02-20 08:01:16,121.526800,31.289100,  0,135,1
89002,2007-02-20 08:02:17,121.526800,31.289100,  0,135,1
89002,2007-02-20 08:03:18,121.526800,31.289100,  0,135,1
89002,2007-02-20 08:04:19,121.526800,31.289100,  0,135,1
89002,2007-02-20 08:05:19,121.526800,31.289100,  0,135,1
89002,2007-02-20 08:07:22,121.526800,31.289100,  0,135,1
89002,2007-02-20 08:08:23,121.526800,31.289100,  0,135,1
89002,2007-02-20 08:09:24,121.526800,31.289100,  0,135,1
89002,2007-02-20 08:10:24,121.526800,31.289100,  0,135,1
89002,2007-02-20 08:11:26,121.526800,31.289100,  0,135,1
89002,2007-02-20 08:12:27,121.526800,31.289100,  0,135,1
89002,2007-02-20 08:14:29,121.526800,31.289100,  0,135,1
89002,2007-02-20 08:15:29,121.526800,31.289100,  0,135,1
89002,2007-02-20 08:16:31,121.526800,31.289100,  0,135,1
89002,2007-02-20 08:17:32,121.526800,31.289100,  0,135,1
89002,2007-02-20 08:18:33,121.526800,31.289100,  0,135,1
89002,2007-02-20 08:19:34,121.526800,31.289100,  0,135,1
89002,2007-02-20 08:20:34,121.526800,31.289100,  0,135,1
89002,2007-02-20 08:22:37,121.526800,31.289100,  0,135,1
89002,2007-02-20 08:23:38,121.526800,31.289100,  0,135,1
89002,2007-02-20 08:24:39,121.526800,31.289100,  0,135,1
89002,2007-02-20 08:25:39,121.526800,31.289100,  0,135,1
89002,2007-02-20 08:26:41,121.526800,31.289100,  0,135,1
89002,2007-02-20 08:27:42,121.526800,31.289100,  0,135,1
89002,2007-02-20 08:28:43,121.526800,31.289100,  0,135,1
89002,2007-02-20 08:29:44,121.526800,31.289100,  0,135,1
89002,2007-02-20 08:30:44,121.526800,31.289100,  0,135,1
89002,2007-02-20 08:32:47,121.526800,31.289100,  0,135,1
89002,2007-02-20 08:33:48,121.526800,31.289100,  0,135,1
89002,2007-02-20 08:34:49,121.526800,31.289100,  0,135,1
89002,2007-02-20 08:35:49,121.526800,31.289100,  0,135,1
89002,2007-02-20 08:36:51,121.526800,31.289100,  0,135,1
89002,2007-02-20 08:37:52,121.526800,31.289100,  0,135,1
89002,2007-02-20 08:39:54,121.526800,31.289100,  0,135,1
89002,2007-02-20 08:40:54,121.526800,31.289100,  0,135,1
89002,2007-02-20 08:41:56,121.526800,31.289100,  0,135,1
89002,2007-02-20 08:42:57,121.526800,31.289100,  0,135,1
89002,2007-02-20 08:43:58,121.526800,31.289100,  0,135,1
89002,2007-02-20 08:44:59,121.526800,31.289100,  0,135,1
89002,2007-02-20 08:45:59,121.526800,31.289100,  0,135,1
89002,2007-02-20 08:47:01,121.526800,31.289100,  0,135,1
89002,2007-02-20 08:48:02,121.526800,31.289100,  0,135,1
89002,2007-02-20 08:49:03,121.526800,31.289100,  0,135,1
89002,2007-02-20 08:50:04,121.526800,31.289100,  0,135,1
89002,2007-02-20 08:51:04,121.526800,31.289100,  0,135,1
89002,2007-02-20 08:52:06,121.526800,31.289100,  0,135,1
89002,2007-02-20 08:53:07,121.526800,31.289100,  0,135,1
89002,2007-02-20 08:53:31,121.526800,31.289100,  0,135,0
89002,2007-02-20 08:54:32,121.526800,31.289100,  0,135,0
89002,2007-02-20 08:55:33,121.526800,31.289100,  0,135,0
89002,2007-02-20 08:57:34,121.526800,31.289100,  0,135,0
89002,2007-02-20 08:59:37,121.526800,31.289100,  0,135,0
89002,2007-02-20 09:00:38,121.526800,31.289100,  0,135,0
89002,2007-02-20 09:00:52,121.526800,31.289100,  0,135,1
89002,2007-02-20 09:01:53,121.526800,31.289100,  0,135,1
89002,2007-02-20 09:02:54,121.526800,31.289100,  0,135,1
89002,2007-02-20 09:03:54,121.526800,31.289100,  0,135,1
89002,2007-02-20 09:05:57,121.526800,31.289100,  0,135,1
89002,2007-02-20 09:07:59,121.526800,31.289100,  0,135,1
89002,2007-02-20 09:08:59,121.526800,31.289100,  0,135,1
89002,2007-02-20 09:10:01,121.526800,31.289100,  0,135,1
89002,2007-02-20 09:11:02,121.526800,31.289100,  0,135,1
89002,2007-02-20 09:12:03,121.526800,31.289100,  0,135,1
89002,2007-02-20 09:13:04,121.526800,31.289100,  0,135,1
89002,2007-02-20 09:14:04,121.526800,31.289100,  0,135,1
89002,2007-02-20 09:14:28,121.526800,31.289100,  0,135,0
89002,2007-02-20 09:15:29,121.526800,31.289100,  0,135,0
89002,2007-02-20 09:16:29,121.526800,31.289100,  0,135,0
89002,2007-02-20 09:17:31,121.526800,31.289100,  0,135,0
89002,2007-02-20 09:18:32,121.526800,31.289100,  0,135,0
89002,2007-02-20 09:19:33,121.526800,31.289100,  0,135,0
89002,2007-02-20 09:20:34,121.526800,31.289100,  0,135,0
89002,2007-02-20 09:21:34,121.526800,31.289100,  0,135,0
89002,2007-02-20 09:22:36,121.526800,31.289100,  0,135,0
89002,2007-02-20 09:23:37,121.526800,31.289100,  0,135,0
89002,2007-02-20 09:24:38,121.526800,31.289100,  0,135,0
89002,2007-02-20 09:25:39,121.526800,31.289100,  0,135,0
89002,2007-02-20 09:27:41,121.526800,31.289100,  0,135,0
89002,2007-02-20 09:28:42,121.526800,31.289100,  0,135,0
89002,2007-02-20 09:29:43,121.526800,31.289100,  0,135,0
89002,2007-02-20 09:30:44,121.526800,31.289100,  0,135,0
89002,2007-02-20 09:31:44,121.526800,31.289100,  0,135,0
89002,2007-02-20 09:32:46,121.526800,31.289100,  0,135,0
89002,2007-02-20 09:33:47,121.526800,31.289100,  0,135,0
89002,2007-02-20 09:34:48,121.526800,31.289100,  0,135,0
89002,2007-02-20 09:35:49,121.526800,31.289100,  0,135,0
89002,2007-02-20 09:36:49,121.526800,31.289100,  0,135,0
89002,2007-02-20 09:37:51,121.526800,31.289100,  0,135,0
89002,2007-02-20 09:38:14,121.526800,31.289100,  0,135,1
89002,2007-02-20 09:39:14,121.526800,31.289100,  0,135,1
89002,2007-02-20 09:40:16,121.526800,31.289100,  0,135,1
89002,2007-02-20 09:40:57,121.526800,31.289100,  0,135,0
89002,2007-02-20 09:41:58,121.526800,31.289100,  0,135,0
89002,2007-02-20 09:42:59,121.526800,31.289100,  0,135,0
89002,2007-02-20 09:43:59,121.526800,31.289100,  0,135,0
89002,2007-02-20 09:45:01,121.526800,31.289100,  0,135,0
89002,2007-02-20 09:46:02,121.526800,31.289100,  0,135,0
89002,2007-02-20 09:47:03,121.526800,31.289100,  0,135,0
89002,2007-02-20 09:48:04,121.526800,31.289100,  0,135,0
89002,2007-02-20 09:49:04,121.526800,31.289100,  0,135,0
89002,2007-02-20 09:50:06,121.526800,31.289100,  0,135,0
89002,2007-02-20 09:51:07,121.526800,31.289100,  0,135,0
89002,2007-02-20 09:52:08,121.526800,31.289100,  0,135,0
89002,2007-02-20 09:53:09,121.526800,31.289100,  0,135,0
89002,2007-02-20 09:54:09,121.526800,31.289100,  0,135,0
89002,2007-02-20 09:55:11,121.526800,31.289100,  0,135,0
89002,2007-02-20 09:56:08,121.526800,31.289100,  0,135,1
89002,2007-02-20 09:57:09,121.526800,31.289100,  0,135,1
89002,2007-02-20 09:58:09,121.456000,31.232600,  0,135,1
89002,2007-02-20 09:59:11,121.457600,31.233100, 10,  0,1
89002,2007-02-20 10:00:12,121.456100,31.236800, 40,  0,1
89002,2007-02-20 10:01:13,121.454800,31.237500,  0,135,1
89002,2007-02-20 10:02:14,121.454800,31.237500,  0,135,1
89002,2007-02-20 10:04:16,121.454800,31.237500,  0,135,1
89002,2007-02-20 10:05:17,121.454800,31.237500,  0,135,1
89002,2007-02-20 10:07:19,121.454800,31.237500,  0,135,1
89002,2007-02-20 10:10:49,121.454800,31.237500,  0,135,0
89002,2007-02-20 10:11:51,121.454800,31.237500,  0,135,0
89002,2007-02-20 10:12:52,121.454800,31.237500,  0,135,0
89002,2007-02-20 10:13:53,121.454800,31.237500,  0,135,0
89002,2007-02-20 10:14:54,121.463500,31.227100, 50, 67,0
89002,2007-02-20 10:15:54,121.466600,31.219300, 66, 90,0
89002,2007-02-20 10:16:56,121.469100,31.209000, 94, 90,0
89002,2007-02-20 10:17:57,121.472000,31.201000, 38, 67,0
89002,2007-02-20 10:18:58,121.466300,31.197000, 68,135,0
89002,2007-02-20 10:19:59,121.456100,31.191300, 76,112,0
89002,2007-02-20 10:20:59,121.445300,31.187000, 82,135,0
89002,2007-02-20 10:22:01,121.445000,31.186800,  0,135,0
89002,2007-02-20 10:23:02,121.445000,31.186800,  0,135,0
89002,2007-02-20 10:24:03,121.445000,31.186800,  0,135,0
89002,2007-02-20 10:25:04,121.445000,31.186800,  0,135,0
89002,2007-02-20 10:26:04,121.445000,31.186800,  0,135,0
89002,2007-02-20 10:27:06,121.445000,31.186800,  0,135,0
89002,2007-02-20 10:27:25,121.445000,31.186800,  0,135,1
89002,2007-02-20 10:28:26,121.445000,31.186800,  0,135,1
89002,2007-02-20 10:29:27,121.445000,31.186800,  0,135,1
89002,2007-02-20 10:30:28,121.445000,31.186800,  0,135,1
89002,2007-02-20 10:31:29,121.445000,31.186800,  0,135,1
89002,2007-02-20 10:32:29,121.445000,31.186800,  0,135,1
89002,2007-02-20 10:33:31,121.445000,31.186800,  0,135,1
89002,2007-02-20 10:34:32,121.445000,31.186800,  0,135,1
89002,2007-02-20 10:35:33,121.445000,31.186800,  0,135,1
89002,2007-02-20 10:35:34,121.445000,31.186800,  0,135,0
89002,2007-02-20 10:37:36,121.445000,31.186800,  0,135,0
89002,2007-02-20 10:38:37,121.445000,31.186800,  0,135,0
89002,2007-02-20 10:39:38,121.445000,31.186800,  0,135,0
89002,2007-02-20 10:40:39,121.445000,31.186800,  0,135,0
89002,2007-02-20 10:41:39,121.445000,31.186800,  0,135,0
89002,2007-02-20 10:42:41,121.445000,31.186800,  0,135,0
89002,2007-02-20 10:44:14,121.445000,31.186800,  0,135,0
89002,2007-02-20 10:45:14,121.445000,31.186800,  0,135,0
89002,2007-02-20 10:46:03,121.445000,31.186800,  0,135,1
89002,2007-02-20 10:47:04,121.445000,31.186800,  0,135,1
89002,2007-02-20 10:48:04,121.384000,31.133300,  0,135,1
89002,2007-02-20 10:49:06,121.384000,31.133300,  0,135,1
89002,2007-02-20 10:49:42,121.384000,31.133300,  0,135,0
89002,2007-02-20 10:50:42,121.384000,31.133300,  0,135,0
89002,2007-02-20 10:51:43,121.384000,31.133300,  0,135,0
89002,2007-02-20 10:52:44,121.384000,31.133300,  0,135,0
89002,2007-02-20 10:53:44,121.384000,31.133300,  0,135,0
89002,2007-02-20 10:54:46,121.384000,31.133300,  0,135,0
89002,2007-02-20 10:55:47,121.384000,31.133300,  0,135,0
89002,2007-02-20 10:57:49,121.384000,31.133300,  0,135,0
89002,2007-02-20 10:58:49,121.384000,31.133300,  0,135,0
89002,2007-02-20 10:59:51,121.384000,31.133300,  0,135,0
89002,2007-02-20 11:00:52,121.384000,31.133300,  0,135,0
89002,2007-02-20 11:01:53,121.384000,31.133300,  0,135,0
89002,2007-02-20 11:02:54,121.384000,31.133300,  0,135,0
89002,2007-02-20 11:03:54,121.384000,31.133300,  0,135,0
89002,2007-02-20 11:04:46,121.384000,31.133300,  0,135,1
89002,2007-02-20 11:05:47,121.384000,31.133300,  0,135,1
89002,2007-02-20 11:06:48,121.384000,31.133300,  0,135,1
89002,2007-02-20 11:07:49,121.423100,31.195600,  0,135,1
89002,2007-02-20 11:08:49,121.423100,31.195600,  0,135,1
89002,2007-02-20 11:09:51,121.423100,31.195600,  0,135,1
89002,2007-02-20 11:10:52,121.423100,31.195600,  0,135,1
89002,2007-02-20 11:11:53,121.423100,31.195600,  0,135,1
89002,2007-02-20 11:12:53,121.423100,31.195600,  0,135,1
89002,2007-02-20 11:13:53,121.423100,31.195600,  0,135,1
89002,2007-02-20 11:14:55,121.423100,31.195600,  0,135,1
89002,2007-02-20 11:16:57,121.423100,31.195600,  0,135,1
89002,2007-02-20 11:17:58,121.423100,31.195600,  0,135,1
89002,2007-02-20 11:18:58,121.423100,31.195600,  0,135,1
89002,2007-02-20 11:20:00,121.423100,31.195600,  0,135,1
89002,2007-02-20 11:21:01,121.423100,31.195600,  0,135,1
89002,2007-02-20 11:22:02,121.423100,31.195600,  0,135,1
89002,2007-02-20 11:22:16,121.423100,31.195600,  0,135,0
89002,2007-02-20 11:23:17,121.423100,31.195600,  0,135,0
89002,2007-02-20 11:24:18,121.423100,31.195600,  0,135,0
89002,2007-02-20 11:25:18,121.423100,31.195600,  0,135,0
89002,2007-02-20 11:26:20,121.423100,31.195600,  0,135,0
89002,2007-02-20 11:27:21,121.423100,31.195600,  0,135,0
89002,2007-02-20 11:28:22,121.423100,31.195600,  0,135,0
89002,2007-02-20 11:29:23,121.423100,31.195600,  0,135,0
89002,2007-02-20 11:30:23,121.423100,31.195600,  0,135,0
89002,2007-02-20 11:31:25,121.423100,31.195600,  0,135,0
89002,2007-02-20 11:31:42,121.423100,31.195600,  0,135,1
89002,2007-02-20 11:32:43,121.423100,31.195600,  0,135,1
89002,2007-02-20 11:33:43,121.423100,31.195600,  0,135,1
89002,2007-02-20 11:34:45,121.423100,31.195600,  0,135,1
89002,2007-02-20 11:35:46,121.423100,31.195600,  0,135,1
89002,2007-02-20 11:36:47,121.423100,31.195600,  0,135,1
89002,2007-02-20 11:37:18,121.423100,31.195600,  0,135,0
89002,2007-02-20 11:38:18,121.423100,31.195600,  0,135,0
89002,2007-02-20 11:39:20,121.423100,31.195600,  0,135,0
89002,2007-02-20 11:40:21,121.423100,31.195600,  0,135,0
89002,2007-02-20 11:41:22,121.423100,31.195600,  0,135,0
89002,2007-02-20 11:42:23,121.423100,31.195600,  0,135,0
89002,2007-02-20 11:43:23,121.423100,31.195600,  0,135,0
89002,2007-02-20 11:44:25,121.423100,31.195600,  0,135,0
89002,2007-02-20 11:45:26,121.423100,31.195600,  0,135,0
89002,2007-02-20 11:46:27,121.423100,31.195600,  0,135,0
89002,2007-02-20 11:47:28,121.423100,31.195600,  0,135,0
89002,2007-02-20 11:48:28,121.423100,31.195600,  0,135,0
89002,2007-02-20 11:49:30,121.423100,31.195600,  0,135,0
89002,2007-02-20 11:50:11,121.423100,31.195600,  0,135,1
89002,2007-02-20 11:51:12,121.423100,31.195600,  0,135,1
89002,2007-02-20 11:52:13,121.423100,31.195600,  0,135,1
89002,2007-02-20 11:53:13,121.423100,31.195600,  0,135,1
89002,2007-02-20 11:54:15,121.423100,31.195600,  0,135,1
89002,2007-02-20 11:55:16,121.423100,31.195600,  0,135,1
89002,2007-02-20 11:56:17,121.423100,31.195600,  0,135,1
89002,2007-02-20 11:57:18,121.423100,31.195600,  0,135,1
89002,2007-02-20 11:58:18,121.423100,31.195600,  0,135,1
89002,2007-02-20 11:59:20,121.423100,31.195600,  0,135,1
89002,2007-02-20 12:01:08,121.423100,31.195600,  0,135,0
89002,2007-02-20 12:02:08,121.423100,31.195600,  0,135,0
89002,2007-02-20 12:03:10,121.423100,31.195600,  0,135,0
89002,2007-02-20 12:04:11,121.423100,31.195600,  0,135,0
89002,2007-02-20 12:05:12,121.423100,31.195600,  0,135,0
89002,2007-02-20 12:06:13,121.423100,31.195600,  0,135,0
89002,2007-02-20 12:07:13,121.423100,31.195600,  0,135,0
89002,2007-02-20 12:08:15,121.423100,31.195600,  0,135,0
89002,2007-02-20 12:09:16,121.423100,31.195600,  0,135,0
89002,2007-02-20 12:10:17,121.423100,31.195600,  0,135,0
89002,2007-02-20 12:11:18,121.423100,31.195600,  0,135,0
89002,2007-02-20 12:12:10,121.423100,31.195600,  0,135,1
89002,2007-02-20 12:13:10,121.423100,31.195600,  0,135,1
89002,2007-02-20 12:14:11,121.423100,31.195600,  0,135,1
89002,2007-02-20 12:16:13,121.423100,31.195600,  0,135,1
89002,2007-02-20 12:17:13,121.423100,31.195600,  0,135,1
89002,2007-02-20 12:18:15,121.423100,31.195600,  0,135,1
89002,2007-02-20 12:19:16,121.423100,31.195600,  0,135,1
89002,2007-02-20 12:20:17,121.423100,31.195600,  0,135,1
89002,2007-02-20 12:21:18,121.423100,31.195600,  0,135,1
89002,2007-02-20 12:22:18,121.423100,31.195600,  0,135,1
89002,2007-02-20 12:25:24,121.423100,31.195600,  0,135,1
89002,2007-02-20 12:26:25,121.423100,31.195600,  0,135,1
89002,2007-02-20 12:27:26,121.423100,31.195600,  0,135,1
89002,2007-02-20 12:28:27,121.423100,31.195600,  0,135,1
89002,2007-02-20 12:29:28,121.423100,31.195600,  0,135,1
89002,2007-02-20 12:30:29,121.423100,31.195600,  0,135,1
89002,2007-02-20 12:31:30,121.423100,31.195600,  0,135,1
89002,2007-02-20 12:32:31,121.423100,31.195600,  0,135,1
89002,2007-02-20 12:33:32,121.423100,31.195600,  0,135,1
89002,2007-02-20 12:34:33,121.423100,31.195600,  0,135,1
89002,2007-02-20 12:35:34,121.423100,31.195600,  0,135,1
89002,2007-02-20 12:36:35,121.423100,31.195600,  0,135,1
89002,2007-02-20 12:37:36,121.423100,31.195600,  0,135,1
89002,2007-02-20 12:38:37,121.423100,31.195600,  0,135,1
89002,2007-02-20 12:39:38,121.423100,31.195600,  0,135,1
89002,2007-02-20 12:40:39,121.423100,31.195600,  0,135,1
89002,2007-02-20 12:43:42,121.423100,31.195600,  0,135,1
89002,2007-02-20 12:44:43,121.423100,31.195600,  0,135,1
89002,2007-02-20 12:45:44,121.423100,31.195600,  0,135,1
89002,2007-02-20 12:46:45,121.423100,31.195600,  0,135,1
89002,2007-02-20 12:47:46,121.423100,31.195600,  0,135,1
89002,2007-02-20 12:48:47,121.423100,31.195600,  0,135,1
89002,2007-02-20 12:49:48,121.423100,31.195600,  0,135,1
89002,2007-02-20 12:50:49,121.423100,31.195600,  0,135,1
89002,2007-02-20 12:51:50,121.423100,31.195600,  0,135,1
89002,2007-02-20 12:52:51,121.423100,31.195600,  0,135,1
89002,2007-02-20 12:53:52,121.423100,31.195600,  0,135,1
89002,2007-02-20 12:54:53,121.423100,31.195600,  0,135,1
89002,2007-02-20 12:55:54,121.423100,31.195600,  0,135,1
89002,2007-02-20 12:56:55,121.423100,31.195600,  0,135,1
89002,2007-02-20 12:58:57,121.423100,31.195600,  0,135,1
89002,2007-02-20 12:59:58,121.423100,31.195600,  0,135,1
89002,2007-02-20 13:00:59,121.423100,31.195600,  0,135,1
89002,2007-02-20 13:02:00,121.423100,31.195600,  0,135,1
89002,2007-02-20 13:03:01,121.423100,31.195600,  0,135,1
89002,2007-02-20 13:04:02,121.423100,31.195600,  0,135,1
89002,2007-02-20 13:05:03,121.423100,31.195600,  0,135,1
89002,2007-02-20 13:06:04,121.423100,31.195600,  0,135,1
89002,2007-02-20 13:07:05,121.423100,31.195600,  0,135,1
89002,2007-02-20 13:08:06,121.423100,31.195600,  0,135,1
89002,2007-02-20 13:09:07,121.423100,31.195600,  0,135,1
89002,2007-02-20 13:10:08,121.423100,31.195600,  0,135,1
89002,2007-02-20 13:11:09,121.423100,31.195600,  0,135,1
89002,2007-02-20 13:12:10,121.423100,31.195600,  0,135,1
89002,2007-02-20 13:13:11,121.423100,31.195600,  0,135,1
89002,2007-02-20 13:14:12,121.423100,31.195600,  0,135,1
89002,2007-02-20 13:15:13,121.423100,31.195600,  0,135,1
89002,2007-02-20 13:16:14,121.423100,31.195600,  0,135,1
89002,2007-02-20 13:17:15,121.423100,31.195600,  0,135,1
89002,2007-02-20 13:18:16,121.423100,31.195600,  0,135,1
89002,2007-02-20 13:19:17,121.423100,31.195600,  0,135,1
89002,2007-02-20 13:21:19,121.423100,31.195600,  0,135,1
89002,2007-02-20 13:22:20,121.423100,31.195600,  0,135,1
89002,2007-02-20 13:23:21,121.521800,31.279600,  0,135,1
89002,2007-02-20 13:24:22,121.521600,31.279600,  0,135,1
89002,2007-02-20 13:25:23,121.522000,31.279800,  0,135,1
89002,2007-02-20 13:27:45,121.522000,31.279800,  0,135,0
89002,2007-02-20 13:28:46,121.522000,31.279800,  0,135,0
89002,2007-02-20 13:29:47,121.522000,31.279800,  0,135,0
89002,2007-02-20 13:30:48,121.522000,31.279800,  0,135,0
89002,2007-02-20 13:31:49,121.522000,31.279800,  0,135,0
89002,2007-02-20 13:32:50,121.522000,31.279800,  0,135,0
89002,2007-02-20 13:34:52,121.492300,31.263800,  0,135,0
89002,2007-02-20 13:35:53,121.492300,31.263800,  0,135,0
89002,2007-02-20 13:36:13,121.492300,31.263800,  0,135,1
89002,2007-02-20 13:37:14,121.492300,31.263800,  0,135,1
89002,2007-02-20 13:38:15,121.492300,31.263800,  0,135,1
89002,2007-02-20 13:38:50,121.491100,31.260100,  0,135,0
89002,2007-02-20 13:39:50,121.491100,31.260100,  0,135,0
89002,2007-02-20 13:40:51,121.491100,31.260100,  0,135,0
89002,2007-02-20 13:41:52,121.491100,31.260100,  0,135,0
89002,2007-02-20 13:42:53,121.491100,31.260100,  0,135,0
89002,2007-02-20 13:43:32,121.491100,31.260100,  0,135,1
89002,2007-02-20 13:45:33,121.479500,31.255300,  0,135,1
89002,2007-02-20 13:46:34,121.479500,31.255300,  0,135,1
89002,2007-02-20 13:46:45,121.479500,31.255300,  0,135,0
89002,2007-02-20 13:47:46,121.479500,31.255300,  0,135,0
89002,2007-02-20 13:49:48,121.484100,31.253800, 26, 67,0
89002,2007-02-20 13:50:49,121.485000,31.247300, 64, 90,0
89002,2007-02-20 13:51:50,121.487500,31.241100,  0, 67,0
89002,2007-02-20 13:52:51,121.487500,31.241100,  0, 67,0
89002,2007-02-20 13:53:52,121.487500,31.241100,  0, 67,0
89002,2007-02-20 13:54:53,121.487500,31.241100,  0, 67,0
89002,2007-02-20 13:55:54,121.487500,31.241100,  0, 67,0
89002,2007-02-20 13:56:55,121.487500,31.241100,  0, 67,0
89002,2007-02-20 13:57:56,121.487500,31.241100,  0, 67,0
89002,2007-02-20 13:58:25,121.441000,31.224500,  0, 67,1
89002,2007-02-20 13:59:25,121.441500,31.224600, 20, 22,1
89002,2007-02-20 14:00:26,121.443300,31.225600,  0, 22,1
89002,2007-02-20 14:01:27,121.443500,31.226600,  6, 22,1
89002,2007-02-20 14:02:28,121.442500,31.228300, 30,157,1
89002,2007-02-20 14:04:30,121.442600,31.235600, 28,157,1
89002,2007-02-20 14:05:31,121.440800,31.237300, 32,157,1
89002,2007-02-20 14:06:32,121.445000,31.239000, 18, 22,1
89002,2007-02-20 14:07:33,121.445100,31.239000,  4,  0,1
89002,2007-02-20 14:08:34,121.442600,31.242000, 22,157,1
89002,2007-02-20 14:10:36,121.442000,31.243600,  0,  0,1
89002,2007-02-20 14:11:37,121.442100,31.243600, 14, 22,1
89002,2007-02-20 14:12:38,121.440500,31.246100, 10, 22,1
89002,2007-02-20 14:13:39,121.446800,31.247100, 28, 45,1
89002,2007-02-20 14:14:40,121.452600,31.247800, 30, 45,1
89002,2007-02-20 14:15:41,121.455100,31.247800,  0, 67,1
89002,2007-02-20 14:16:42,121.457000,31.247300,  0, 90,1
89002,2007-02-20 14:17:43,121.457000,31.247300,  0, 90,1
89002,2007-02-20 14:18:44,121.457000,31.247300,  0, 90,1
89002,2007-02-20 14:19:23,121.457000,31.247300,  0, 90,0
89002,2007-02-20 14:20:23,121.457000,31.247300,  0, 90,0
89002,2007-02-20 14:21:24,121.457000,31.247300,  0, 90,0
89002,2007-02-20 14:22:25,121.457000,31.247300,  0, 90,0
89002,2007-02-20 14:23:26,121.447300,31.256600,  0, 90,0
89002,2007-02-20 14:24:13,121.447300,31.256600,  0, 90,1
89002,2007-02-20 14:25:14,121.447300,31.256600,  0, 90,1
89002,2007-02-20 14:26:15,121.447300,31.256600,  0, 90,1
89002,2007-02-20 14:27:16,121.447300,31.256600,  0, 90,1
89002,2007-02-20 14:28:17,121.447300,31.256600,  0, 90,1
89002,2007-02-20 14:29:18,121.447300,31.256600,  0, 90,1
89002,2007-02-20 14:30:19,121.447300,31.256600,  0, 90,1
89002,2007-02-20 14:31:20,121.447300,31.256600,  0, 90,1
89002,2007-02-20 14:32:21,121.447300,31.256600,  0, 90,1
89002,2007-02-20 14:32:32,121.447300,31.256600,  0, 90,0
89002,2007-02-20 14:33:32,121.447300,31.256600,  0, 90,0
89002,2007-02-20 14:34:33,121.472100,31.254100,  0, 90,0
89002,2007-02-20 14:35:34,121.472100,31.254100,  0, 90,0
89002,2007-02-20 14:36:35,121.472100,31.254100,  0, 90,0
89002,2007-02-20 14:37:36,121.472100,31.254100,  0, 90,0
89002,2007-02-20 14:38:37,121.472100,31.254100,  0, 90,0
89002,2007-02-20 14:39:38,121.472100,31.254100,  0, 90,0
89002,2007-02-20 14:40:39,121.472100,31.254100,  0, 90,0
89002,2007-02-20 14:41:40,121.472100,31.254100,  0, 90,0
89002,2007-02-20 14:42:41,121.472100,31.254100,  0, 90,0
89002,2007-02-20 14:43:42,121.472100,31.254100,  0, 90,0
89002,2007-02-20 14:44:43,121.472100,31.254100,  0, 90,0
89002,2007-02-20 14:46:45,121.472100,31.254100,  0, 90,0
89002,2007-02-20 14:48:42,121.472100,31.254100,  0, 90,1
89002,2007-02-20 14:49:43,121.472100,31.254100,  0, 90,1
89002,2007-02-20 14:50:07,121.472100,31.254100,  0, 90,0
89002,2007-02-20 14:51:08,121.472100,31.254100,  0, 90,0
89002,2007-02-20 14:52:09,121.472100,31.254100,  0, 90,0
89002,2007-02-20 14:53:10,121.472100,31.254100,  0, 90,0
89002,2007-02-20 14:54:11,121.472100,31.254100,  0, 90,0
89002,2007-02-20 14:55:12,121.472100,31.254100,  0, 90,0
89002,2007-02-20 14:57:14,121.472100,31.254100,  0, 90,0
89002,2007-02-20 14:58:15,121.472100,31.254100,  0, 90,0
89002,2007-02-20 14:59:16,121.472100,31.254100,  0, 90,0
89002,2007-02-20 15:00:17,121.472100,31.254100,  0, 90,0
89002,2007-02-20 15:01:18,121.472100,31.254100,  0, 90,0
89002,2007-02-20 15:02:19,121.472100,31.254100,  0, 90,0
89002,2007-02-20 15:03:20,121.472100,31.254100,  0, 90,0
89002,2007-02-20 15:04:21,121.472100,31.254100,  0, 90,0
89002,2007-02-20 15:05:22,121.472100,31.254100,  0, 90,0
89002,2007-02-20 15:06:23,121.472100,31.254100,  0, 90,0
89002,2007-02-20 15:07:24,121.472100,31.254100,  0, 90,0
89002,2007-02-20 15:08:25,121.472100,31.254100,  0, 90,0
89002,2007-02-20 15:09:26,121.472100,31.254100,  0, 90,0
89002,2007-02-20 15:10:27,121.472100,31.254100,  0, 90,0
89002,2007-02-20 15:11:28,121.472100,31.254100,  0, 90,0
89002,2007-02-20 15:13:30,121.472100,31.254100,  0, 90,0
89002,2007-02-20 15:14:31,121.472100,31.254100,  0, 90,0
89002,2007-02-20 15:15:32,121.472100,31.254100,  0, 90,0
89002,2007-02-20 15:18:20,121.420500,31.169500, 46,135,1
89002,2007-02-20 15:19:21,121.420800,31.174600, 42,  0,1
89002,2007-02-20 15:20:22,121.421800,31.174300, 40, 45,1
89002,2007-02-20 15:21:23,121.428600,31.176500, 46, 45,1
89002,2007-02-20 15:22:24,121.430300,31.176800,  6, 22,1
89002,2007-02-20 15:23:25,121.430500,31.176800,  0, 22,1
89002,2007-02-20 15:24:26,121.430500,31.176800,  0, 22,1
89002,2007-02-20 15:25:27,121.430500,31.176800,  0, 22,1
89002,2007-02-20 15:26:28,121.424600,31.183500, 56,135,1
89002,2007-02-20 15:27:29,121.419100,31.185800, 50,157,1
89002,2007-02-20 15:28:30,121.417100,31.186800,  0,157,1
89002,2007-02-20 15:29:31,121.417100,31.186800,  0,157,1
89002,2007-02-20 15:30:32,121.417100,31.186800,  0,157,1
89002,2007-02-20 15:31:33,121.417100,31.186800,  0,157,1
89002,2007-02-20 15:32:34,121.416800,31.197300,  0,157,1
89002,2007-02-20 15:34:36,121.425300,31.196600, 22, 67,1
89002,2007-02-20 15:35:37,121.427600,31.198100, 20, 45,1
89002,2007-02-20 15:36:38,121.432500,31.200000, 40, 22,1
89002,2007-02-20 15:37:39,121.430600,31.204800, 42,  0,1
89002,2007-02-20 15:38:40,121.437100,31.208300, 34, 22,1
89002,2007-02-20 15:41:02,121.442000,31.212500, 20,157,1
89002,2007-02-20 15:42:03,121.440500,31.216500, 34,157,1
89002,2007-02-20 15:43:04,121.443100,31.217800,  8, 22,1
89002,2007-02-20 15:44:05,121.448100,31.219500, 34, 22,1
89002,2007-02-20 15:45:06,121.452000,31.221600, 32, 45,1
89002,2007-02-20 15:45:31,121.452600,31.221800,  8, 45,0
89002,2007-02-20 15:46:31,121.455800,31.224300, 20,  0,0
89002,2007-02-20 15:47:32,121.458300,31.225800,  6, 90,0
89002,2007-02-20 15:48:32,121.457500,31.226300, 28,157,0
89002,2007-02-20 15:49:33,121.457600,31.230100, 30,  0,0
89002,2007-02-20 15:50:25,121.458100,31.232500, 10, 22,1
89002,2007-02-20 15:51:25,121.458300,31.232800, 40, 45,1
89002,2007-02-20 15:52:26,121.461600,31.232600,  6, 45,1
89002,2007-02-20 15:53:27,121.462100,31.232600, 20, 45,1
89002,2007-02-20 15:54:28,121.466000,31.231600, 28, 67,1
89002,2007-02-20 15:55:29,121.467500,31.230300, 32, 22,1
89002,2007-02-20 15:56:12,121.468000,31.230600, 12, 22,0
89002,2007-02-20 15:57:12,121.471500,31.233000,  0, 45,0
89002,2007-02-20 15:58:13,121.471500,31.233000,  0, 45,0
89002,2007-02-20 15:59:14,121.471600,31.233800, 26,157,0
89002,2007-02-20 16:00:15,121.470600,31.235600, 24,157,0
89002,2007-02-20 16:01:16,121.469500,31.238000,  0, 22,0
89002,2007-02-20 16:03:18,121.467100,31.243000, 52,157,0
89002,2007-02-20 16:04:19,121.466600,31.245000, 22,  0,0
89002,2007-02-20 16:05:20,121.466100,31.246600, 24,157,0
89002,2007-02-20 16:07:22,121.455500,31.247600, 32,135,0
89002,2007-02-20 16:08:23,121.453000,31.247800,  0,135,0
89002,2007-02-20 16:09:24,121.452800,31.247800,  0,135,0
89002,2007-02-20 16:10:25,121.452500,31.247500, 26,112,0
89002,2007-02-20 16:11:19,121.454000,31.246100,  6, 45,1
89002,2007-02-20 16:12:20,121.454300,31.246100,  0, 22,1
89002,2007-02-20 16:13:21,121.454300,31.246100,  0, 22,1
89002,2007-02-20 16:14:07,121.454100,31.246100, 18,135,0
89002,2007-02-20 16:15:07,121.454800,31.247600, 62, 45,0
89002,2007-02-20 16:17:09,121.459000,31.254600, 24,  0,0
89002,2007-02-20 16:18:10,121.459000,31.255100,  0,  0,0
89002,2007-02-20 16:19:11,121.459000,31.255100,  0,  0,0
89002,2007-02-20 16:20:12,121.459000,31.255100,  0,  0,0
89002,2007-02-20 16:21:13,121.459000,31.255100,  0,  0,0
89002,2007-02-20 16:22:14,121.459000,31.255100,  0,  0,0
89002,2007-02-20 16:23:15,121.459000,31.255100,  0,  0,0
89002,2007-02-20 16:24:16,121.459000,31.255100,  0,  0,0
89002,2007-02-20 16:25:17,121.466100,31.273500,  0,157,0
89002,2007-02-20 16:26:10,121.463800,31.276100,  0,157,1
89002,2007-02-20 16:27:10,121.463000,31.277300, 44,157,1
89002,2007-02-20 16:28:11,121.460800,31.279100,  0,  0,1
89002,2007-02-20 16:28:21,121.460800,31.279300, 20,  0,0
89002,2007-02-20 16:29:21,121.463100,31.281800, 42, 45,0
89002,2007-02-20 16:30:22,121.467000,31.281000,  0, 45,0
89002,2007-02-20 16:31:23,121.472800,31.278100,  0, 45,0
89002,2007-02-20 16:32:24,121.473300,31.277800,  0, 45,0
89002,2007-02-20 16:33:25,121.473300,31.277800,  0, 45,0
89002,2007-02-20 16:34:26,121.473300,31.277800,  0, 45,0
89002,2007-02-20 16:35:27,121.473300,31.277800,  0, 45,0
89002,2007-02-20 16:36:28,121.473300,31.277800,  0, 45,0
89002,2007-02-20 16:37:29,121.473300,31.277800,  0, 45,0
89002,2007-02-20 16:38:30,121.473300,31.277800,  0, 45,0
89002,2007-02-20 16:39:31,121.473300,31.277800,  0, 45,0
89002,2007-02-20 16:40:16,121.473300,31.277800,  0, 45,1
89002,2007-02-20 16:41:16,121.490000,31.292300, 16, 45,1
89002,2007-02-20 16:42:17,121.493500,31.290800, 32, 90,1
89002,2007-02-20 16:44:19,121.488600,31.287600, 22, 90,1
89002,2007-02-20 16:46:21,121.491100,31.284100,  0, 90,1
89002,2007-02-20 16:48:23,121.486600,31.284100,  0,135,1
89002,2007-02-20 16:49:24,121.486100,31.282800, 26, 90,1
89002,2007-02-20 16:50:25,121.486000,31.277800, 50, 90,1
89002,2007-02-20 16:51:26,121.488100,31.276300,  0, 45,1
89002,2007-02-20 16:52:27,121.488100,31.276300,  0, 45,1
89002,2007-02-20 16:53:28,121.488100,31.276300,  0, 45,1
89002,2007-02-20 16:54:29,121.488500,31.276300, 24, 45,1
89002,2007-02-20 16:55:30,121.487300,31.273000, 28,135,1
89002,2007-02-20 16:56:31,121.482600,31.273500,  0,157,1
89002,2007-02-20 16:57:32,121.482500,31.273500,  8,135,1
89002,2007-02-20 16:58:33,121.483800,31.268300, 38, 90,1
89002,2007-02-20 16:59:34,121.486100,31.266000, 14, 67,1
89002,2007-02-20 17:00:35,121.485300,31.264800, 20, 90,1
89002,2007-02-20 17:01:36,121.484600,31.264000,  0,  0,1
89002,2007-02-20 17:02:37,121.484600,31.263000, 18,112,1
89002,2007-02-20 17:03:38,121.481300,31.264000, 20,157,1
89002,2007-02-20 17:04:39,121.481100,31.261100, 36,112,1
89002,2007-02-20 17:05:40,121.483100,31.260300, 22, 67,1
89002,2007-02-20 17:06:41,121.483300,31.260000,  0, 90,1
89002,2007-02-20 17:07:42,121.485600,31.259800, 18, 45,1
89002,2007-02-20 17:08:43,121.488600,31.257600, 24, 67,1
89002,2007-02-20 17:09:44,121.489100,31.256300,  0, 90,1
89002,2007-02-20 17:10:45,121.489100,31.256300,  0,112,1
89002,2007-02-20 17:11:46,121.489100,31.256300,  0,112,1
89002,2007-02-20 17:12:47,121.489100,31.256300,  0,112,1
89002,2007-02-20 17:13:48,121.489100,31.256300,  0,112,1
89002,2007-02-20 17:14:46,121.489000,31.256100,  0,135,0
89002,2007-02-20 17:15:46,121.487800,31.255500, 12,157,0
89002,2007-02-20 17:16:47,121.484300,31.254100,  0,112,0
89002,2007-02-20 17:17:48,121.484300,31.254100,  0,112,0
89002,2007-02-20 17:18:49,121.484300,31.254100,  0,112,0
89002,2007-02-20 17:19:50,121.484300,31.254100,  0,112,0
89002,2007-02-20 17:20:51,121.484300,31.254100,  0,112,0
89002,2007-02-20 17:21:52,121.484300,31.254100,  0,112,0
89002,2007-02-20 17:23:54,121.484300,31.254100,  0,112,0
89002,2007-02-20 17:24:55,121.484300,31.254100,  0,112,0
89002,2007-02-20 17:25:56,121.484300,31.254100,  0,112,0
89002,2007-02-20 17:26:57,121.484300,31.254100,  0,112,0
89002,2007-02-20 17:27:58,121.484300,31.254100,  0,112,0
89002,2007-02-20 17:28:59,121.484300,31.254100,  0,112,0
89002,2007-02-20 17:29:33,121.484300,31.254100,  0,112,1
89002,2007-02-20 17:30:33,121.484300,31.254100,  0,112,1
89002,2007-02-20 17:31:12,121.484300,31.254100,  0,112,0
89002,2007-02-20 17:32:12,121.484300,31.254100,  0,112,0
89002,2007-02-20 17:33:13,121.484300,31.254100,  0,112,0
89002,2007-02-20 17:34:14,121.484300,31.254100,  0,112,0
89002,2007-02-20 17:35:15,121.484300,31.254100,  0,112,0
89002,2007-02-20 17:36:16,121.484300,31.254100,  0,112,0
89002,2007-02-20 17:39:19,121.484300,31.254100,  0,112,0
89002,2007-02-20 17:41:21,121.484300,31.254100,  0,112,0
89002,2007-02-20 17:42:22,121.484300,31.254100,  0,112,0
89002,2007-02-20 17:43:23,121.484300,31.254100,  0,112,0
89002,2007-02-20 17:44:24,121.484300,31.254100,  0,112,0
89002,2007-02-20 17:45:25,121.484300,31.254100,  0,112,0
89002,2007-02-20 17:45:54,121.484300,31.254100,  0,112,1
89002,2007-02-20 17:46:54,121.484300,31.254100,  0,112,1
89002,2007-02-20 17:47:55,121.484300,31.254100,  0,112,1
89002,2007-02-20 17:48:56,121.484300,31.254100,  0,112,1
89002,2007-02-20 17:49:57,121.454500,31.218600,  0,112,1
89002,2007-02-20 17:50:58,121.456100,31.219800,  0,112,1
89002,2007-02-20 17:51:59,121.456800,31.219100,  0,112,1
89002,2007-02-20 17:53:00,121.458500,31.220100, 14, 45,1
89002,2007-02-20 17:54:01,121.459800,31.219100,  0, 90,1
89002,2007-02-20 17:55:02,121.459300,31.221800, 38,  0,1
89002,2007-02-20 17:56:03,121.458500,31.222600,  8,  0,1
89002,2007-02-20 17:57:04,121.459300,31.224000,  0, 45,1
89002,2007-02-20 17:58:05,121.457800,31.229500, 46,  0,1
89002,2007-02-20 17:59:46,121.457100,31.233300,  4,  0,1
89002,2007-02-20 18:00:46,121.457000,31.234300,  0,157,1
89002,2007-02-20 18:01:47,121.457000,31.234300,  0,157,1
89002,2007-02-20 18:02:48,121.457000,31.234300,  0,157,1
89002,2007-02-20 18:03:49,121.457000,31.234300,  0,157,1
89002,2007-02-20 18:04:50,121.457000,31.234300,  0,157,1
89002,2007-02-20 18:05:51,121.457000,31.234300,  0,157,1
89002,2007-02-20 18:07:53,121.457000,31.234300,  0,157,1
89002,2007-02-20 18:08:54,121.457000,31.234300,  0,157,1
89002,2007-02-20 18:09:55,121.457000,31.234300,  0,157,1
89002,2007-02-20 18:10:56,121.457000,31.234300,  0,157,1
89002,2007-02-20 18:11:57,121.457000,31.234300,  0,157,1
89002,2007-02-20 18:12:58,121.457000,31.234300,  0,157,1
89002,2007-02-20 18:13:59,121.457000,31.234300,  0,157,1
89002,2007-02-20 18:15:00,121.457000,31.234300,  0,157,1
89002,2007-02-20 18:16:01,121.457000,31.234300,  0,157,1
89002,2007-02-20 18:17:02,121.457000,31.234300,  0,157,1
89002,2007-02-20 18:18:03,121.487000,31.253600,  0,157,1
89002,2007-02-20 18:19:04,121.487100,31.253600,  0,157,1
89002,2007-02-20 18:20:05,121.487100,31.253600,  0,157,1
89002,2007-02-20 18:23:08,121.487000,31.253600,  0, 22,1
89002,2007-02-20 18:24:09,121.486800,31.253500,  0, 22,1
89002,2007-02-20 18:27:12,121.486800,31.253500,  0, 22,1
89002,2007-02-20 18:28:13,121.486800,31.253500,  0, 22,1
89002,2007-02-20 18:29:14,121.486800,31.253500,  0, 22,1
89002,2007-02-20 18:30:15,121.486800,31.253500,  0, 22,1
89002,2007-02-20 18:32:17,121.486800,31.253500,  0, 22,1
89002,2007-02-20 18:33:18,121.486800,31.253500,  0, 22,1
89002,2007-02-20 18:34:19,121.486800,31.253500,  0, 22,1
89002,2007-02-20 18:35:20,121.486800,31.253500,  0, 22,1
89002,2007-02-20 18:36:21,121.486800,31.253500,  0, 22,1
89002,2007-02-20 18:37:22,121.486800,31.253500,  0, 22,1
89002,2007-02-20 18:38:23,121.486800,31.253500,  0, 22,1
89002,2007-02-20 18:39:24,121.486800,31.253500,  0, 22,1
89002,2007-02-20 18:40:25,121.486800,31.253500,  0, 22,1
89002,2007-02-20 18:41:26,121.486800,31.253500,  0, 22,1
89002,2007-02-20 18:42:27,121.486800,31.253500,  0, 22,1
89002,2007-02-20 18:43:28,121.486800,31.253500,  0, 22,1
89002,2007-02-20 18:44:29,121.486800,31.253500,  0, 22,1
89002,2007-02-20 18:45:30,121.486800,31.253500,  0, 22,1
89002,2007-02-20 18:46:31,121.486800,31.253500,  0, 22,1
89002,2007-02-20 18:47:32,121.486800,31.253500,  0, 22,1
89002,2007-02-20 18:48:33,121.486800,31.253500,  0, 22,1
89002,2007-02-20 18:50:35,121.486800,31.253500,  0, 22,1
89002,2007-02-20 18:53:57,121.486800,31.253500,  0, 22,1
89002,2007-02-20 18:54:59,121.486800,31.253500,  0, 22,1
89002,2007-02-20 18:56:00,121.486800,31.253500,  0, 22,1
89002,2007-02-20 18:57:01,121.486800,31.253500,  0, 22,1
89002,2007-02-20 18:58:02,121.486800,31.253500,  0, 22,1
89002,2007-02-20 18:59:02,121.486800,31.253500,  0, 22,1
89002,2007-02-20 19:00:04,121.486800,31.253500,  0, 22,1
89002,2007-02-20 19:01:05,121.486800,31.253500,  0, 22,1
89002,2007-02-20 19:02:06,121.486800,31.253500,  0, 22,1
89002,2007-02-20 19:03:07,121.486800,31.253500,  0, 22,1
89002,2007-02-20 19:04:07,121.486800,31.253500,  0, 22,1
89002,2007-02-20 19:05:09,121.486800,31.253500,  0, 22,1
89002,2007-02-20 19:06:10,121.486800,31.253500,  0, 22,1
89002,2007-02-20 19:07:11,121.486800,31.253500,  0, 22,1
89002,2007-02-20 19:08:12,121.486800,31.253500,  0, 22,1
89002,2007-02-20 19:09:12,121.486800,31.253500,  0, 22,1
89002,2007-02-20 19:10:14,121.486800,31.253500,  0, 22,1
89002,2007-02-20 19:11:15,121.486800,31.253500,  0, 22,1
89002,2007-02-20 19:12:16,121.486800,31.253500,  0, 22,1
89002,2007-02-20 19:13:17,121.486800,31.253500,  0, 22,1
89002,2007-02-20 19:15:19,121.486800,31.253500,  0, 22,1
89002,2007-02-20 19:16:20,121.486800,31.253500,  0, 22,1
89002,2007-02-20 19:17:21,121.486800,31.253500,  0, 22,1
89002,2007-02-20 19:18:22,121.486800,31.253500,  0, 22,1
89002,2007-02-20 19:19:22,121.486800,31.253500,  0, 22,1
89002,2007-02-20 19:20:24,121.486800,31.253500,  0, 22,1
89002,2007-02-20 19:21:25,121.487000,31.253600,  0, 22,1
89002,2007-02-20 19:22:26,121.487000,31.253600,  0, 22,1
89002,2007-02-20 19:23:27,121.487000,31.253600,  0, 22,1
89002,2007-02-20 19:24:27,121.487000,31.253600,  0, 22,1
89002,2007-02-20 19:25:29,121.487000,31.253600,  0, 22,1
89002,2007-02-20 19:26:30,121.486500,31.253500,  0, 22,1
89002,2007-02-20 19:27:31,121.486500,31.253500,  0, 22,1
89002,2007-02-20 19:28:32,121.486500,31.253500,  0, 22,1
89002,2007-02-20 19:29:32,121.486500,31.253500,  0, 22,1
89002,2007-02-20 19:30:34,121.487500,31.253500,  0, 45,1
89002,2007-02-20 19:31:35,121.487500,31.253500,  0, 45,1
89002,2007-02-20 19:32:36,121.487500,31.253500,  0, 45,1
89002,2007-02-20 19:33:37,121.487500,31.253500,  0, 45,1
89002,2007-02-20 19:34:37,121.487000,31.253600,  0, 45,1
89002,2007-02-20 19:35:39,121.487000,31.253600,  0, 45,1
89002,2007-02-20 19:36:40,121.487000,31.253600,  0, 45,1
89002,2007-02-20 19:37:41,121.487000,31.253600,  0, 45,1
89002,2007-02-20 19:39:42,121.487000,31.253600,  0, 45,1
89002,2007-02-20 19:40:44,121.487000,31.253600,  0, 45,1
89002,2007-02-20 19:42:46,121.487100,31.253500,  0, 67,1
89002,2007-02-20 19:43:47,121.487000,31.253600,  6,157,1
89002,2007-02-20 19:44:47,121.484800,31.256600,  0,157,1
89002,2007-02-20 19:45:49,121.484800,31.256600,  0,157,1
89002,2007-02-20 19:46:50,121.484800,31.256600,  0,157,1
89002,2007-02-20 19:47:51,121.484800,31.256600,  0,157,1
89002,2007-02-20 19:48:52,121.484800,31.256600,  0,157,1
89002,2007-02-20 19:49:52,121.482800,31.250100,  0,157,1
89002,2007-02-20 19:50:39,121.482600,31.250100,  0,157,0
89002,2007-02-20 19:52:41,121.482600,31.250100,  0,157,0
89002,2007-02-20 19:53:42,121.482600,31.250100,  0,157,0
89002,2007-02-20 19:54:42,121.482600,31.250100,  0,157,0
89002,2007-02-20 19:55:44,121.485800,31.265300,  0,157,0
89002,2007-02-20 19:56:45,121.486100,31.265600, 26,  0,0
89002,2007-02-20 19:58:47,121.488000,31.273000, 10,157,0
89002,2007-02-20 20:00:49,121.485600,31.278100, 12,157,0
89002,2007-02-20 20:01:17,121.485100,31.278100,  8,135,1
89002,2007-02-20 20:02:19,121.481100,31.278000, 10,135,1
89002,2007-02-20 20:03:20,121.482500,31.274000, 20, 67,1
89002,2007-02-20 20:04:21,121.483100,31.272100, 42, 67,1
89002,2007-02-20 20:05:22,121.483600,31.270100, 22, 67,1
89002,2007-02-20 20:06:22,121.486000,31.265100, 24, 90,1
89002,2007-02-20 20:07:24,121.485100,31.263000,  0, 90,1
89002,2007-02-20 20:08:25,121.485100,31.263000,  0, 90,1
89002,2007-02-20 20:09:26,121.485100,31.263000,  0, 90,1
89002,2007-02-20 20:10:27,121.485100,31.263000,  0, 90,1
89002,2007-02-20 20:11:27,121.485100,31.263000,  0, 90,1
89002,2007-02-20 20:12:29,121.485100,31.263000,  0, 90,1
89002,2007-02-20 20:13:30,121.485100,31.263000,  0, 90,1
89002,2007-02-20 20:14:31,121.485100,31.263000,  0, 90,1
89002,2007-02-20 20:16:02,121.485100,31.263000,  0, 90,0
89002,2007-02-20 20:17:04,121.485100,31.263000,  0, 90,0
89002,2007-02-20 20:18:05,121.485100,31.263000,  0, 90,0
89002,2007-02-20 20:19:06,121.485100,31.263000,  0, 90,0
89002,2007-02-20 20:20:07,121.485100,31.263000,  0, 90,0
89002,2007-02-20 20:21:07,121.485100,31.263000,  0, 90,0
89002,2007-02-20 20:23:09,121.485100,31.263000,  0, 90,0
89002,2007-02-20 20:24:10,121.485100,31.263000,  0, 90,0
89002,2007-02-20 20:25:11,121.485100,31.263000,  0, 90,0
89002,2007-02-20 20:26:11,121.485100,31.263000,  0, 90,0
89002,2007-02-20 20:27:13,121.485100,31.263000,  0, 90,0
89002,2007-02-20 20:28:14,121.485100,31.263000,  0, 90,0
89002,2007-02-20 20:33:12,121.485100,31.263000,  0, 90,0
89002,2007-02-20 20:34:18,121.485100,31.263000,  0, 90,1
89002,2007-02-20 20:35:19,121.485100,31.263000,  0, 90,1
89002,2007-02-20 20:36:20,121.485100,31.263000,  0, 90,1
89002,2007-02-20 20:37:21,121.485100,31.263000,  0, 90,1
89002,2007-02-20 20:38:22,121.485100,31.263000,  0, 90,1
89002,2007-02-20 20:39:23,121.485100,31.263000,  0, 90,1
89002,2007-02-20 20:40:24,121.485100,31.263000,  0, 90,1
89002,2007-02-20 20:41:25,121.485100,31.263000,  0, 90,1
89002,2007-02-20 20:42:26,121.485100,31.263000,  0, 90,1
89002,2007-02-20 20:43:27,121.485100,31.263000,  0, 90,1
89002,2007-02-20 20:44:28,121.485100,31.263000,  0, 90,1
89002,2007-02-20 20:45:29,121.485100,31.263000,  0, 90,1
89002,2007-02-20 20:46:30,121.437100,31.222600,  0, 90,1
89002,2007-02-20 20:47:14,121.437100,31.222500,  0, 90,0
89002,2007-02-20 20:48:14,121.437100,31.222500,  0, 90,0
89002,2007-02-20 20:49:15,121.437100,31.222500,  0, 90,0
89002,2007-02-20 20:50:16,121.437100,31.222500,  0, 90,0
89002,2007-02-20 20:51:17,121.447300,31.224600,  0, 90,0
89002,2007-02-20 20:53:19,121.447300,31.224600,  0, 90,0
89002,2007-02-20 20:54:20,121.447300,31.224600,  0, 90,0
89002,2007-02-20 20:55:21,121.447300,31.224600,  0, 90,0
89002,2007-02-20 20:56:22,121.447300,31.224600,  0, 90,0
89002,2007-02-20 20:57:23,121.447300,31.224600,  0, 90,0
89002,2007-02-20 20:58:24,121.447300,31.224600,  0, 90,0
89002,2007-02-20 20:58:51,121.447300,31.224600,  0, 90,1
89002,2007-02-20 20:59:51,121.447300,31.224600,  0, 90,1
89002,2007-02-20 21:00:52,121.447300,31.224600,  0, 90,1
89002,2007-02-20 21:01:53,121.447300,31.224600,  0, 90,1
89002,2007-02-20 21:02:54,121.447300,31.224600,  0, 90,1
89002,2007-02-20 21:03:55,121.447300,31.224600,  0, 90,1
89002,2007-02-20 21:04:56,121.447300,31.224600,  0, 90,1
89002,2007-02-20 21:05:57,121.447300,31.224600,  0, 90,1
89002,2007-02-20 21:06:58,121.447300,31.224600,  0, 90,1
89002,2007-02-20 21:07:59,121.447300,31.224600,  0, 90,1
89002,2007-02-20 21:09:00,121.447300,31.224600,  0, 90,1
89002,2007-02-20 21:09:35,121.447300,31.224600,  0, 90,0
89002,2007-02-20 21:10:36,121.467300,31.235300,  0, 90,0
89002,2007-02-20 21:11:37,121.467000,31.234800,  0, 90,0
89002,2007-02-20 21:12:38,121.467000,31.234800,  0, 90,0
89002,2007-02-20 21:13:39,121.467000,31.234800,  0, 90,0
89002,2007-02-20 21:15:41,121.467000,31.234800,  0, 90,0
89002,2007-02-20 21:16:42,121.467000,31.234800,  0, 90,0
89002,2007-02-20 21:17:43,121.467000,31.234800,  0, 90,0
89002,2007-02-20 21:18:44,121.467000,31.234800,  0, 90,0
89002,2007-02-20 21:19:45,121.479000,31.250500,  0, 90,0
89002,2007-02-20 21:20:46,121.483500,31.253100,  0, 90,0
89002,2007-02-20 21:21:41,121.483500,31.254300, 28,157,1
89002,2007-02-20 21:22:29,121.483500,31.255000, 10,157,0
89002,2007-02-20 21:23:29,121.484100,31.260800, 40,  0,0
89002,2007-02-20 21:24:30,121.484300,31.262000,  0, 22,0
89002,2007-02-20 21:25:31,121.484000,31.263600, 32,157,0
89002,2007-02-20 21:26:32,121.480100,31.265500, 28,135,0
89002,2007-02-20 21:28:34,121.477500,31.266800,  0,135,0
89002,2007-02-20 21:30:15,121.468500,31.270600, 34,157,0
89002,2007-02-20 21:31:16,121.466000,31.273600,  0,157,0
89002,2007-02-20 21:33:18,121.464000,31.282000, 28, 22,0
89002,2007-02-20 21:34:19,121.465000,31.285100, 24,  0,0
89002,2007-02-20 21:35:05,121.466100,31.288500, 18, 22,1
89002,2007-02-20 21:37:06,121.471600,31.288300,  0, 45,1
89002,2007-02-20 21:38:06,121.472300,31.288000, 28, 90,1
89002,2007-02-20 21:39:08,121.471600,31.285500, 18, 90,1
89002,2007-02-20 21:40:09,121.472500,31.284600, 28, 45,1
89002,2007-02-20 21:41:10,121.476600,31.284100, 16, 45,1
89002,2007-02-20 21:42:11,121.477800,31.284000,  0, 67,1
89002,2007-02-20 21:42:29,121.478000,31.284000, 12, 45,0
89002,2007-02-20 21:43:30,121.478600,31.284000,  0, 45,0
89002,2007-02-20 21:44:31,121.478600,31.284000,  0, 45,0
89002,2007-02-20 21:45:31,121.478600,31.284000,  0, 45,0
89002,2007-02-20 21:46:33,121.478600,31.284000,  0, 45,0
89002,2007-02-20 21:47:34,121.478600,31.284000,  0, 45,0
89002,2007-02-20 21:48:35,121.514000,31.287100, 30, 45,0
89002,2007-02-20 21:49:36,121.516800,31.289100, 14,  0,0
89002,2007-02-20 21:50:36,121.516800,31.289300,  0,  0,0
89002,2007-02-20 21:51:38,121.516800,31.289300,  0,  0,0
89002,2007-02-20 21:52:39,121.522500,31.289100, 20, 22,0
89002,2007-02-20 21:53:40,121.525600,31.287600, 24, 22,0
89002,2007-02-20 21:54:41,121.532000,31.291000, 30, 22,0
89002,2007-02-20 21:55:41,121.531300,31.292600,  0,  0,0
89002,2007-02-20 21:55:44,121.531300,31.292600,  0,  0,1
89002,2007-02-20 21:56:45,121.531300,31.292500, 10, 90,1
89002,2007-02-20 21:58:46,121.529100,31.290000, 44,112,1
89002,2007-02-20 21:59:48,121.525500,31.287500, 24,112,1
89002,2007-02-20 22:00:49,121.524000,31.285000, 24,112,1
89002,2007-02-20 22:01:50,121.519100,31.283000, 26,112,1
89002,2007-02-20 22:02:51,121.518600,31.281100, 28, 67,1
89002,2007-02-20 22:03:51,121.518100,31.278000, 40,135,1
89002,2007-02-20 22:04:53,121.514300,31.277000,  0,112,1
89002,2007-02-20 22:05:54,121.513500,31.276800, 44,135,1
89002,2007-02-20 22:06:55,121.507100,31.275500, 28,135,1
89002,2007-02-20 22:07:56,121.504100,31.274100,  0,112,1
89002,2007-02-20 22:08:56,121.506000,31.272300, 48, 67,1
89002,2007-02-20 22:09:51,121.504300,31.270300, 16,135,0
89002,2007-02-20 22:10:51,121.501800,31.272100,  0,157,0
89002,2007-02-20 22:11:53,121.502000,31.272000,  0,157,0
89002,2007-02-20 22:12:54,121.498100,31.275600, 44,157,0
89002,2007-02-20 22:13:55,121.500000,31.280300, 32, 22,0
89002,2007-02-20 22:14:56,121.500000,31.280600,  0,  0,0
89002,2007-02-20 22:15:56,121.502000,31.284300, 44, 22,0
89002,2007-02-20 22:16:58,121.503600,31.287500,  0, 22,0
89002,2007-02-20 22:17:59,121.503600,31.287500,  0, 22,0
89002,2007-02-20 22:19:00,121.506100,31.292300, 58, 22,0
89002,2007-02-20 22:20:01,121.509300,31.298500, 14, 22,0
89002,2007-02-20 22:21:01,121.511600,31.302000, 32,  0,0
89002,2007-02-20 22:22:03,121.512000,31.305800, 42, 45,0
89002,2007-02-20 22:23:04,121.514500,31.306600,  0, 45,0
89002,2007-02-20 22:24:05,121.514500,31.306600, 20,112,0
89002,2007-02-20 22:25:06,121.510500,31.305300,  0,135,0
89002,2007-02-20 22:26:06,121.509500,31.305300,  0,157,0
89002,2007-02-20 22:27:45,121.509500,31.305300,  0,157,1
89002,2007-02-20 22:28:45,121.509600,31.304500, 32, 67,1
89002,2007-02-20 22:29:46,121.509100,31.301800, 24,135,1
89002,2007-02-20 22:30:31,121.508600,31.301500, 12,112,0
89002,2007-02-20 22:31:31,121.501300,31.299000, 16,135,0
89002,2007-02-20 22:32:33,121.500600,31.298800, 38,112,0
89002,2007-02-20 22:33:34,121.494000,31.297100, 48,135,0
89002,2007-02-20 22:34:35,121.488100,31.295600, 46,135,0
89002,2007-02-20 22:37:38,121.483600,31.298000,  0,157,0
89002,2007-02-20 22:38:39,121.483600,31.298000,  0,157,0
89002,2007-02-20 22:39:40,121.483600,31.298000,  0,157,0
89002,2007-02-20 22:40:41,121.483600,31.298000,  0,157,0
89002,2007-02-20 22:41:41,121.483600,31.298000,  0,157,0
89002,2007-02-20 22:43:44,121.483600,31.298000,  0,157,0
89002,2007-02-20 22:44:45,121.483600,31.298000,  0,157,0
89002,2007-02-20 22:45:46,121.483600,31.298000,  0,157,0
89002,2007-02-20 22:46:46,121.450600,31.313600,  0,157,0
89002,2007-02-20 22:47:48,121.450600,31.313600,  0,157,0
89002,2007-02-20 22:48:49,121.450600,31.313600,  0,157,0
89002,2007-02-20 22:49:50,121.450800,31.328600, 28,  0,0
89002,2007-02-20 22:50:51,121.455300,31.329300, 30,  0,0
89002,2007-02-20 22:51:15,121.455300,31.331600, 24,  0,1
89002,2007-02-20 22:53:16,121.453600,31.333000,  4,112,1
89002,2007-02-20 22:54:19,121.448100,31.332500, 30,135,0
89002,2007-02-20 22:57:21,121.443500,31.317300, 88, 90,0
89002,2007-02-20 22:58:23,121.444000,31.303800, 78, 90,0
89002,2007-02-20 22:59:24,121.446000,31.292100, 88, 90,0
89002,2007-02-20 23:00:25,121.447500,31.280300, 86, 90,0
89002,2007-02-20 23:01:26,121.453800,31.268800, 86, 67,0
89002,2007-02-20 23:02:26,121.459000,31.259000, 78, 90,0
89002,2007-02-20 23:03:28,121.458100,31.248500, 66, 90,0
89002,2007-02-20 23:04:29,121.460300,31.238600, 72, 67,0
89002,2007-02-20 23:05:30,121.462300,31.230100, 70, 90,0
89002,2007-02-20 23:07:31,121.461100,31.225300,  0,135,0
89002,2007-02-20 23:08:33,121.461100,31.225300,  0,135,0
89002,2007-02-20 23:09:34,121.461100,31.225300,  0,135,0
89002,2007-02-20 23:10:35,121.461100,31.225300,  0,135,0
89002,2007-02-20 23:11:59,121.461100,31.225300,  0,135,1
89002,2007-02-20 23:13:00,121.461100,31.225300,  0,135,1
89002,2007-02-20 23:14:01,121.450300,31.221100,  0, 67,1
89002,2007-02-20 23:15:01,121.451100,31.221500, 30, 22,1
89002,2007-02-20 23:16:03,121.456100,31.222300, 28, 45,1
89002,2007-02-20 23:17:04,121.457800,31.222800,  4, 45,1
89002,2007-02-20 23:18:05,121.458500,31.224500,  8,  0,1
89002,2007-02-20 23:19:06,121.458600,31.225500,  0,  0,1
89002,2007-02-20 23:20:06,121.457000,31.226100, 32,157,1
89002,2007-02-20 23:21:08,121.457800,31.230300, 48,  0,1
89002,2007-02-20 23:22:09,121.455800,31.232500, 26,135,1
89002,2007-02-20 23:23:10,121.453800,31.233000, 16,157,1
89002,2007-02-20 23:24:11,121.451600,31.235100, 32,135,1
89002,2007-02-20 23:24:53,121.451500,31.235100,  4, 45,0
89002,2007-02-20 23:26:55,121.458800,31.240000,  0, 45,0
89002,2007-02-20 23:27:56,121.460000,31.241600, 36,  0,0
89002,2007-02-20 23:28:56,121.458500,31.249500, 50,  0,0
89002,2007-02-20 23:29:58,121.459000,31.257500, 56,  0,0
89002,2007-02-20 23:30:59,121.459000,31.259300,  0,  0,0
89002,2007-02-20 23:32:00,121.459000,31.259300,  0,  0,0
89002,2007-02-20 23:33:01,121.459000,31.259300,  0,  0,0
89002,2007-02-20 23:34:01,121.459000,31.259300,  0,  0,0
89002,2007-02-20 23:35:03,121.459000,31.259300,  0,  0,0
89002,2007-02-20 23:36:04,121.459000,31.259300,  0,  0,0
89002,2007-02-20 23:37:05,121.459000,31.259300,  0,  0,0
89002,2007-02-20 23:38:06,121.459000,31.259300,  0,  0,0
89002,2007-02-20 23:39:04,121.459000,31.259300,  0,  0,1
89002,2007-02-20 23:41:06,121.460600,31.280000, 52,  0,1
89002,2007-02-20 23:42:06,121.464600,31.281600, 42, 45,1
89002,2007-02-20 23:43:08,121.471100,31.279100, 38, 67,1
89002,2007-02-20 23:44:09,121.473100,31.278000,  0, 67,1
89002,2007-02-20 23:45:10,121.474300,31.274800, 38,112,1
89002,2007-02-20 23:46:11,121.473100,31.272800,  0,112,1
89002,2007-02-20 23:47:11,121.473100,31.272800,  0,112,1
89002,2007-02-20 23:51:16,121.473100,31.272800,  0,112,1
89002,2007-02-20 23:52:16,121.473100,31.272800,  0,112,1
89002,2007-02-20 23:53:18,121.473100,31.272800,  0,112,1
89002,2007-02-20 23:54:19,121.473100,31.272800,  0,112,1
89002,2007-02-20 23:55:20,121.473100,31.272800,  0,112,1
89002,2007-02-20 23:56:21,121.473100,31.272800,  0,112,1
89002,2007-02-20 23:57:21,121.473100,31.272800,  0,112,1
89002,2007-02-20 23:58:23,121.473100,31.272800,  0,112,1
89002,2007-02-20 23:59:24,121.478300,31.259600,  0,112,1
