87593,2007-02-20 00:00:31,121.489100,31.271100, 54,157,1
87593,2007-02-20 00:01:32,121.486000,31.278100,  0,  0,1
87593,2007-02-20 00:02:33,121.486000,31.278100, 10,  0,1
87593,2007-02-20 00:03:26,121.486100,31.281800,  0,  0,0
87593,2007-02-20 00:04:12,121.486100,31.284300, 48,  0,0
87593,2007-02-20 00:04:28,121.486300,31.286300, 54,  0,0
87593,2007-02-20 00:05:29,121.486300,31.287000,  0,  0,0
87593,2007-02-20 00:11:13,121.506500,31.291100, 50, 67,0
87593,2007-02-20 00:11:29,121.509000,31.290300, 62, 67,0
87593,2007-02-20 00:11:45,121.510800,31.289600, 28, 45,0
87593,2007-02-20 00:12:01,121.511000,31.291300, 54,  0,0
87593,2007-02-20 00:12:22,121.511000,31.293600, 46,  0,0
87593,2007-02-20 00:12:33,121.511000,31.294800, 42,  0,0
87593,2007-02-20 00:12:49,121.511600,31.295600, 28, 45,0
87593,2007-02-20 00:13:50,121.512600,31.296000,  0, 22,0
87593,2007-02-20 00:14:52,121.512600,31.296000,  0, 22,0
87593,2007-02-20 00:15:53,121.512600,31.296000,  0, 22,0
87593,2007-02-20 00:16:53,121.512600,31.296000,  0, 22,0
87593,2007-02-20 00:17:55,121.512600,31.296000,  0, 22,0
87593,2007-02-20 00:18:56,121.512600,31.296100,  0, 22,0
87593,2007-02-20 00:19:57,121.512600,31.296100,  0, 22,0
87593,2007-02-20 00:20:58,121.512600,31.296100,  0, 22,0
87593,2007-02-20 00:21:58,121.512600,31.296000,  0, 22,0
87593,2007-02-20 00:23:00,121.512600,31.296100,  0, 22,0
87593,2007-02-20 00:24:01,121.512600,31.296100,  0, 22,0
87593,2007-02-20 00:25:02,121.512800,31.296100,  0, 22,0
87593,2007-02-20 00:26:03,121.512800,31.296100,  0, 22,0
87593,2007-02-20 00:27:03,121.513000,31.296100,  0, 45,0
87593,2007-02-20 00:28:05,121.513000,31.296100,  0, 45,0
87593,2007-02-20 00:29:06,121.513000,31.296100,  0, 45,0
87593,2007-02-20 04:47:09,121.523800,31.277000,  0,  0,0
87593,2007-02-20 04:48:11,121.523800,31.277000,  6, 67,0
87593,2007-02-20 04:49:12,121.518600,31.285600, 94,157,0
87593,2007-02-20 04:50:13,121.505000,31.287600,112,135,0
87593,2007-02-20 04:51:14,121.488600,31.287600,108,135,0
87593,2007-02-20 04:52:14,121.479600,31.288600, 56,  0,0
87593,2007-02-20 04:53:16,121.481600,31.291500, 60, 22,0
87593,2007-02-20 04:54:17,121.483000,31.300600,102,  0,0
87593,2007-02-20 04:55:18,121.480800,31.315500, 78,  0,0
87593,2007-02-20 04:56:19,121.484100,31.329600, 88, 22,0
87593,2007-02-20 04:57:19,121.494600,31.344000,110, 22,0
87593,2007-02-20 04:58:21,121.494800,31.359300,124,  0,0
87593,2007-02-20 04:59:22,121.489100,31.372000, 94,157,0
87593,2007-02-20 05:00:23,121.481800,31.386500,116,157,0
87593,2007-02-20 05:01:24,121.475300,31.397800, 26,157,0
87593,2007-02-20 05:03:13,121.484800,31.401500, 24, 45,0
87593,2007-02-20 05:06:46,121.497000,31.406600, 18, 67,0
87593,2007-02-20 05:07:47,121.494800,31.404100,  4,135,0
87593,2007-02-20 05:08:48,121.490300,31.403000, 46,112,0
87593,2007-02-20 05:09:49,121.481100,31.400300, 42,135,0
87593,2007-02-20 05:11:39,121.485800,31.392800, 42, 67,0
87593,2007-02-20 05:15:09,121.483100,31.384300,  0, 90,0
87593,2007-02-20 05:16:09,121.484300,31.382500, 54, 67,0
87593,2007-02-20 05:19:44,121.486100,31.380000,  0, 67,0
87593,2007-02-20 05:20:03,121.489100,31.371500, 66, 67,1
87593,2007-02-20 05:20:17,121.490300,31.369500, 76, 67,0
87593,2007-02-20 05:21:07,121.493500,31.362000, 68, 67,0
87593,2007-02-20 05:22:08,121.496300,31.355300,  0, 90,0
87593,2007-02-20 05:23:09,121.497600,31.351800,  0, 90,0
87593,2007-02-20 05:24:09,121.497600,31.351800,  0, 90,0
87593,2007-02-20 05:25:11,121.496300,31.347100, 84,112,0
87593,2007-02-20 05:27:13,121.481100,31.325500, 84,112,0
87593,2007-02-20 05:28:14,121.480800,31.313000, 88, 90,0
87593,2007-02-20 05:29:14,121.483100,31.299800, 86, 90,0
87593,2007-02-20 05:30:16,121.486300,31.290300, 62, 90,0
87593,2007-02-20 05:31:17,121.486100,31.284500, 38, 90,0
87593,2007-02-20 05:33:19,121.486800,31.275000, 76, 67,0
87593,2007-02-20 05:34:19,121.488500,31.272100, 62, 67,0
87593,2007-02-20 05:35:21,121.486100,31.266100, 10, 90,0
87593,2007-02-20 05:36:22,121.486100,31.266100, 14, 90,0
87593,2007-02-20 05:37:23,121.484800,31.262800,  0,112,0
87593,2007-02-20 05:38:24,121.484000,31.260800, 78, 90,0
87593,2007-02-20 05:39:24,121.483600,31.254100, 64, 67,0
87593,2007-02-20 05:42:34,121.491100,31.231300, 54, 67,0
87593,2007-02-20 05:43:36,121.498000,31.224600, 60, 67,0
87593,2007-02-20 05:44:37,121.501100,31.218300,  0, 90,0
87593,2007-02-20 05:45:38,121.502000,31.216800, 38, 90,0
87593,2007-02-20 05:46:21,121.500100,31.213600, 34,112,1
87593,2007-02-20 05:46:44,121.498300,31.212300, 42,112,0
87593,2007-02-20 05:47:44,121.496000,31.212600,  0,135,0
87593,2007-02-20 05:48:46,121.496300,31.209300, 20,112,0
87593,2007-02-20 05:49:47,121.497000,31.209000,  0, 67,0
87593,2007-02-20 05:50:48,121.497000,31.209000,  0, 67,0
87593,2007-02-20 05:51:49,121.497000,31.209000,  0, 67,0
87593,2007-02-20 05:52:49,121.497000,31.209000,  0, 67,0
87593,2007-02-20 05:53:50,121.497000,31.209000,  0, 67,0
87593,2007-02-20 05:54:51,121.497000,31.209000,  0, 67,0
87593,2007-02-20 05:55:52,121.497100,31.209000,  0, 67,0
87593,2007-02-20 05:56:53,121.497000,31.208800,  0, 67,0
87593,2007-02-20 05:57:53,121.497000,31.209000,  0, 67,0
87593,2007-02-20 05:58:55,121.497000,31.209000,  0, 67,0
87593,2007-02-20 05:59:56,121.497000,31.209000,  0, 67,0
87593,2007-02-20 06:00:57,121.497000,31.209000,  0, 67,0
87593,2007-02-20 06:01:58,121.497000,31.209000,  0, 67,0
87593,2007-02-20 06:02:58,121.497000,31.208800,  0, 67,0
87593,2007-02-20 06:04:00,121.497000,31.208800,  0, 67,0
87593,2007-02-20 06:05:01,121.496800,31.208800,  0, 67,0
87593,2007-02-20 06:06:02,121.497000,31.209000,  0, 67,0
87593,2007-02-20 06:07:03,121.497000,31.209000,  0, 67,0
87593,2007-02-20 06:08:03,121.497000,31.208800,  0, 67,0
87593,2007-02-20 06:09:05,121.497100,31.208800,  0, 67,0
87593,2007-02-20 06:10:06,121.497100,31.208800,  0, 67,0
87593,2007-02-20 06:11:07,121.497000,31.211100, 14,  0,0
87593,2007-02-20 06:12:08,121.502100,31.215100, 46,  0,0
87593,2007-02-20 06:13:08,121.500000,31.222300, 52,157,0
87593,2007-02-20 06:13:32,121.499500,31.223300, 20,157,1
87593,2007-02-20 06:13:33,121.499500,31.223300, 18,  0,0
87593,2007-02-20 06:14:33,121.494500,31.228600, 60,157,0
87593,2007-02-20 06:15:35,121.490800,31.231800, 18,157,1
87593,2007-02-20 06:16:36,121.485300,31.234500, 54,112,1
87593,2007-02-20 06:17:37,121.481800,31.233100, 12,135,1
87593,2007-02-20 06:18:38,121.481800,31.232800,  0,112,1
87593,2007-02-20 06:19:38,121.478600,31.233000,  0,135,1
87593,2007-02-20 06:21:35,121.471800,31.229800,  0,112,0
87593,2007-02-20 06:22:36,121.467800,31.229300, 38,135,0
87593,2007-02-20 06:23:37,121.471500,31.234000, 46,157,0
87593,2007-02-20 06:24:38,121.470500,31.235300, 12,  0,0
87593,2007-02-20 06:25:38,121.467800,31.239000, 32,112,0
87593,2007-02-20 06:26:40,121.461100,31.237600, 42,  0,0
87593,2007-02-20 06:27:41,121.457800,31.246100, 78,  0,0
87593,2007-02-20 06:28:42,121.459100,31.252300,  0,  0,0
87593,2007-02-20 06:30:43,121.462600,31.254500, 32, 45,0
87593,2007-02-20 06:31:45,121.463800,31.254800,  0, 45,0
87593,2007-02-20 06:32:46,121.464000,31.256300, 22,  0,0
87593,2007-02-20 06:33:47,121.462800,31.259300, 28,  0,0
87593,2007-02-20 06:34:48,121.462600,31.261500, 10,  0,0
87593,2007-02-20 06:35:48,121.461000,31.265300, 54,157,0
87593,2007-02-20 06:36:50,121.459000,31.269500, 32, 22,0
87593,2007-02-20 06:43:23,121.446100,31.291600, 62,  0,0
87593,2007-02-20 06:44:24,121.445100,31.298500, 64,  0,0
87593,2007-02-20 06:45:25,121.444500,31.301300, 52,  0,0
87593,2007-02-20 06:46:26,121.444100,31.308600,  0,157,0
87593,2007-02-20 06:46:57,121.444100,31.308800, 14,  0,1
87593,2007-02-20 06:48:57,121.450500,31.312500,  4,  0,1
87593,2007-02-20 06:50:58,121.458300,31.315600, 22,  0,1
87593,2007-02-20 06:51:25,121.458300,31.315800,  0,  0,0
87593,2007-02-20 06:52:39,121.458500,31.315300,  8, 90,0
87593,2007-02-20 06:53:40,121.452300,31.315100, 40,135,0
87593,2007-02-20 06:57:11,121.443800,31.310000,  0, 90,1
87593,2007-02-20 06:58:12,121.444100,31.301000, 92, 90,1
87593,2007-02-20 07:00:14,121.452000,31.271500,120, 67,1
87593,2007-02-20 07:01:15,121.458600,31.259600, 86, 90,1
87593,2007-02-20 07:02:16,121.457500,31.246100,106, 90,1
87593,2007-02-20 07:03:17,121.462000,31.233800, 60, 90,1
87593,2007-02-20 07:04:18,121.462600,31.228500,  0, 90,1
87593,2007-02-20 07:05:19,121.467100,31.221500, 70, 90,1
87593,2007-02-20 07:06:20,121.467600,31.217600,  0, 90,1
87593,2007-02-20 07:07:21,121.469500,31.221300,  0, 90,1
87593,2007-02-20 07:08:14,121.471100,31.221100,  0, 67,0
87593,2007-02-20 07:09:15,121.474300,31.221300, 32, 45,0
87593,2007-02-20 07:10:16,121.476100,31.222100, 28, 22,0
87593,2007-02-20 07:11:17,121.476600,31.224500, 34,  0,0
87593,2007-02-20 07:12:18,121.474500,31.229100, 46,157,0
87593,2007-02-20 07:13:19,121.473800,31.230100,  0,157,0
87593,2007-02-20 07:14:20,121.473500,31.231000,  0,157,0
87593,2007-02-20 07:14:27,121.473300,31.231100, 34,157,1
87593,2007-02-20 07:15:27,121.472000,31.233000,  0,157,1
87593,2007-02-20 07:16:28,121.470100,31.235800, 44,157,1
87593,2007-02-20 07:17:29,121.466800,31.244800, 52,  0,1
87593,2007-02-20 07:18:30,121.466600,31.246300, 10,  0,1
87593,2007-02-20 07:19:31,121.466500,31.246600, 14,157,1
87593,2007-02-20 07:20:32,121.458800,31.246800, 62,157,1
87593,2007-02-20 07:21:33,121.459000,31.258600, 96,  0,1
87593,2007-02-20 07:22:34,121.452000,31.271600,108,157,1
87593,2007-02-20 07:23:35,121.447000,31.286500, 82,  0,1
87593,2007-02-20 07:24:36,121.444100,31.301100,102,  0,1
87593,2007-02-20 07:25:37,121.444800,31.312500, 40, 45,1
87593,2007-02-20 07:26:38,121.450300,31.312500, 24, 45,1
87593,2007-02-20 07:27:08,121.454000,31.312500, 26, 45,0
87593,2007-02-20 07:28:09,121.454800,31.312500, 12, 45,0
87593,2007-02-20 07:29:10,121.455300,31.315100,  0,  0,0
87593,2007-02-20 07:31:04,121.463300,31.315300,  0, 67,1
87593,2007-02-20 07:32:05,121.463600,31.316800, 66,  0,1
87593,2007-02-20 07:33:06,121.468600,31.322300, 68, 45,1
87593,2007-02-20 07:37:17,121.475000,31.343000, 74, 22,1
87593,2007-02-20 07:38:17,121.478800,31.348800, 28, 45,0
87593,2007-02-20 07:39:18,121.481300,31.349500, 10, 90,0
87593,2007-02-20 07:44:51,121.470800,31.339500, 26,112,0
87593,2007-02-20 07:45:25,121.470300,31.339300, 16,112,1
87593,2007-02-20 07:50:36,121.480500,31.317300,100, 90,1
87593,2007-02-20 07:51:37,121.480600,31.307300, 76, 90,1
87593,2007-02-20 07:52:38,121.482500,31.300800, 42, 90,1
87593,2007-02-20 07:53:18,121.483000,31.299800,  0, 67,0
87593,2007-02-20 07:57:03,121.476500,31.306100, 32,  0,0
87593,2007-02-20 08:10:46,121.481000,31.306000,  0,  0,0
87593,2007-02-20 08:10:53,121.481000,31.306000, 16,  0,1
87593,2007-02-20 08:11:54,121.482300,31.309800, 56, 45,1
87593,2007-02-20 08:25:34,121.466800,31.308500, 22,135,0
87593,2007-02-20 08:26:35,121.463500,31.308100,  0,135,0
87593,2007-02-20 08:27:36,121.456800,31.307600, 54,135,0
87593,2007-02-20 08:28:37,121.455300,31.311600, 36,  0,0
87593,2007-02-20 08:29:38,121.455300,31.315100,  0,  0,0
87593,2007-02-20 08:30:39,121.455300,31.319100,  2,  0,0
87593,2007-02-20 08:31:40,121.455300,31.319600, 36,  0,0
87593,2007-02-20 08:32:41,121.455100,31.324600,  0,  0,0
87593,2007-02-20 08:36:43,121.455300,31.330600,  0,  0,0
87593,2007-02-20 08:37:44,121.455300,31.330600,  0,  0,0
87593,2007-02-20 08:38:45,121.455300,31.330600,  0,  0,0
87593,2007-02-20 08:39:46,121.455300,31.330600,  0,  0,0
87593,2007-02-20 08:40:47,121.455300,31.330600,  0,  0,0
87593,2007-02-20 08:41:48,121.455300,31.330600,  0,  0,0
87593,2007-02-20 08:43:25,121.455300,31.330300,  0, 22,1
87593,2007-02-20 08:43:31,121.455300,31.330300,  4,  0,0
87593,2007-02-20 08:44:31,121.455300,31.332800, 40,  0,0
87593,2007-02-20 08:46:33,121.445300,31.331000, 20,135,0
87593,2007-02-20 08:47:34,121.442500,31.334600,  0,157,0
87593,2007-02-20 08:48:35,121.444300,31.330600, 46,112,0
87593,2007-02-20 08:49:36,121.439500,31.329000,  0,135,0
87593,2007-02-20 08:50:37,121.439500,31.326300, 16, 90,0
87593,2007-02-20 10:19:59,121.522800,31.330600, 40, 45,0
87593,2007-02-20 10:21:00,121.528300,31.330500, 32, 45,0
87593,2007-02-20 13:19:38,121.527100,31.280600,  0, 22,0
87593,2007-02-20 13:20:39,121.527100,31.280600,  0, 22,0
87593,2007-02-20 13:21:40,121.527100,31.280600,  0, 22,0
87593,2007-02-20 13:22:41,121.527100,31.280600,  0, 22,0
87593,2007-02-20 13:23:42,121.527300,31.280600,  0,  0,0
87593,2007-02-20 13:24:43,121.527300,31.280600,  0,  0,0
87593,2007-02-20 13:25:44,121.527300,31.280600,  0,  0,0
87593,2007-02-20 13:26:45,121.527300,31.280600,  0,  0,0
87593,2007-02-20 13:27:46,121.527300,31.280600,  0,  0,0
87593,2007-02-20 13:28:47,121.527300,31.280600,  0,  0,0
87593,2007-02-20 13:29:48,121.527300,31.280600,  0,  0,0
87593,2007-02-20 13:31:50,121.527300,31.280600,  0,  0,0
87593,2007-02-20 13:32:51,121.527300,31.280600,  0,  0,0
87593,2007-02-20 15:06:41,121.527100,31.280300,  0, 90,0
87593,2007-02-20 15:07:42,121.527100,31.280300,  0, 90,0
87593,2007-02-20 16:41:31,121.527100,31.280600,  0,135,0
87593,2007-02-20 16:42:31,121.527100,31.280600,  0,135,0
87593,2007-02-20 16:43:33,121.527100,31.280600,  0,135,0
87593,2007-02-20 16:44:34,121.527100,31.280600,  0,135,0
87593,2007-02-20 16:44:55,121.527100,31.280600,  0,135,0
87593,2007-02-20 16:45:56,121.527100,31.280600,  0,135,0
87593,2007-02-20 16:46:56,121.527100,31.280600,  0,135,0
87593,2007-02-20 16:47:58,121.527100,31.280600,  0,135,0
87593,2007-02-20 16:48:59,121.527100,31.280600,  0,135,0
87593,2007-02-20 16:50:00,121.527100,31.280600,  0,135,0
87593,2007-02-20 16:51:01,121.527100,31.280600,  0,135,0
87593,2007-02-20 16:52:01,121.527100,31.280600,  0,135,0
87593,2007-02-20 16:53:03,121.527100,31.280600,  0,135,0
87593,2007-02-20 16:55:05,121.527100,31.280600,  0,135,0
87593,2007-02-20 16:56:06,121.527100,31.280600,  0,135,0
87593,2007-02-20 16:57:06,121.527100,31.280600,  0,135,0
87593,2007-02-20 16:58:08,121.527100,31.280600,  0,135,0
87593,2007-02-20 16:59:09,121.527100,31.280600,  0,135,0
87593,2007-02-20 17:00:10,121.527100,31.280600,  0,135,0
87593,2007-02-20 17:01:11,121.527100,31.280600,  0,135,0
87593,2007-02-20 17:02:11,121.527100,31.280600,  0,135,0
87593,2007-02-20 17:03:13,121.527100,31.280600,  0,135,0
87593,2007-02-20 17:05:15,121.527100,31.280600,  0,135,0
87593,2007-02-20 17:07:16,121.527100,31.280600,  0,135,0
87593,2007-02-20 17:08:18,121.527100,31.280600,  0,135,0
87593,2007-02-20 17:09:19,121.527100,31.280600,  0,135,0
87593,2007-02-20 17:10:20,121.527100,31.280600,  0,135,0
87593,2007-02-20 17:11:21,121.527100,31.280600,  0,135,0
87593,2007-02-20 17:12:21,121.527100,31.280600,  0,135,0
87593,2007-02-20 17:13:23,121.527000,31.280600,  0,135,0
87593,2007-02-20 17:14:24,121.527000,31.280600,  0,135,0
87593,2007-02-20 17:15:25,121.527100,31.280300,  4, 90,0
87593,2007-02-20 17:16:26,121.527300,31.280100,  0, 67,0
87593,2007-02-20 17:17:26,121.527300,31.280100,  0, 67,0
87593,2007-02-20 17:18:28,121.527300,31.280100,  0, 67,0
87593,2007-02-20 17:19:29,121.527300,31.280100,  0, 67,0
87593,2007-02-20 17:20:30,121.527300,31.280100,  0, 67,0
87593,2007-02-20 17:21:31,121.527300,31.280100,  0, 67,0
87593,2007-02-20 17:22:31,121.527300,31.280100,  0, 67,0
87593,2007-02-20 17:23:33,121.527300,31.280100,  0, 67,0
87593,2007-02-20 17:24:34,121.527300,31.280100,  0, 67,0
87593,2007-02-20 17:25:35,121.527300,31.280100,  0, 67,0
87593,2007-02-20 17:26:36,121.527100,31.280300,  0, 67,0
87593,2007-02-20 17:27:36,121.527100,31.280500,  0, 67,0
87593,2007-02-20 17:28:38,121.527100,31.280500,  0, 67,0
87593,2007-02-20 17:30:40,121.527100,31.280500,  0, 67,0
87593,2007-02-20 17:31:41,121.527100,31.280500,  0, 67,0
87593,2007-02-20 17:32:41,121.527100,31.280500,  0, 67,0
87593,2007-02-20 17:33:43,121.527100,31.280500,  0, 67,0
87593,2007-02-20 17:34:44,121.527100,31.280500,  0, 67,0
87593,2007-02-20 17:35:45,121.527100,31.280500,  0, 67,0
87593,2007-02-20 17:36:46,121.527100,31.280500,  0, 67,0
87593,2007-02-20 17:37:46,121.527100,31.280500,  0, 67,0
87593,2007-02-20 17:38:48,121.527100,31.280500,  0, 67,0
87593,2007-02-20 17:41:51,121.527100,31.280500,  0, 67,0
87593,2007-02-20 17:42:51,121.527100,31.280500,  0, 67,0
87593,2007-02-20 17:44:54,121.527100,31.280500,  0, 67,0
87593,2007-02-20 17:45:55,121.527100,31.280500,  0, 67,0
87593,2007-02-20 17:46:56,121.527100,31.280500,  0, 67,0
87593,2007-02-20 17:47:56,121.527100,31.280500,  0, 67,0
87593,2007-02-20 17:48:58,121.527100,31.280500,  0, 67,0
87593,2007-02-20 17:49:59,121.527100,31.280500,  0, 67,0
87593,2007-02-20 17:51:00,121.527100,31.280500,  0, 67,0
87593,2007-02-20 17:52:01,121.527100,31.280500,  0, 67,0
87593,2007-02-20 17:53:01,121.527100,31.280500,  0, 67,0
87593,2007-02-20 17:54:03,121.527100,31.280500,  0, 67,0
87593,2007-02-20 17:55:04,121.527100,31.280500,  0, 67,0
87593,2007-02-20 17:56:05,121.527100,31.280500,  0, 67,0
87593,2007-02-20 17:57:06,121.527100,31.280500,  0, 67,0
87593,2007-02-20 17:59:08,121.527100,31.280500,  0, 67,0
87593,2007-02-20 18:00:09,121.527100,31.280500,  0, 67,0
87593,2007-02-20 18:01:10,121.527100,31.280500,  0, 67,0
87593,2007-02-20 18:02:11,121.527100,31.280500,  0, 67,0
87593,2007-02-20 18:03:11,121.527100,31.280500,  0, 67,0
87593,2007-02-20 18:04:13,121.527100,31.280500,  0, 67,0
87593,2007-02-20 18:05:14,121.527100,31.280500,  0, 67,0
87593,2007-02-20 18:06:15,121.527100,31.280500,  0, 67,0
87593,2007-02-20 18:07:16,121.527100,31.280500,  0, 67,0
87593,2007-02-20 18:08:16,121.527100,31.280500,  0, 67,0
87593,2007-02-20 18:09:18,121.527100,31.280500,  0, 67,0
87593,2007-02-20 18:10:19,121.527100,31.280500,  0, 67,0
87593,2007-02-20 18:11:20,121.526600,31.280600,  6,135,0
87593,2007-02-20 18:12:21,121.527000,31.280600,  0,135,0
87593,2007-02-20 18:13:21,121.527000,31.280600,  0,135,0
87593,2007-02-20 18:14:23,121.527000,31.280600,  0,135,0
87593,2007-02-20 18:15:24,121.527000,31.280600,  0,135,0
87593,2007-02-20 18:16:25,121.527000,31.280600,  0,135,0
87593,2007-02-20 18:17:26,121.527000,31.280600,  0,135,0
87593,2007-02-20 18:18:26,121.527000,31.280600,  0,135,0
87593,2007-02-20 18:19:28,121.527000,31.280600,  0,135,0
87593,2007-02-20 18:20:29,121.527000,31.280600,  0,135,0
87593,2007-02-20 18:21:30,121.527000,31.280600,  0,135,0
87593,2007-02-20 18:22:31,121.527100,31.280600,  0,135,0
87593,2007-02-20 18:23:31,121.527100,31.280600,  0,135,0
87593,2007-02-20 18:24:33,121.527100,31.280600,  0,135,0
87593,2007-02-20 18:25:34,121.527100,31.280600,  0,135,0
87593,2007-02-20 18:26:35,121.527100,31.280600,  0,135,0
87593,2007-02-20 18:27:36,121.527100,31.280600,  0,135,0
87593,2007-02-20 18:28:36,121.527000,31.280600,  0,135,0
87593,2007-02-20 18:29:38,121.527000,31.280600,  0,135,0
87593,2007-02-20 18:30:39,121.527000,31.280600,  0,135,0
87593,2007-02-20 18:31:40,121.527000,31.280600,  0,135,0
87593,2007-02-20 18:34:43,121.527000,31.280600,  0,135,0
87593,2007-02-20 18:35:44,121.527000,31.280600,  0,135,0
87593,2007-02-20 18:36:45,121.527000,31.280600,  0,135,0
87593,2007-02-20 18:37:46,121.527000,31.280600,  0,135,0
87593,2007-02-20 18:38:46,121.527000,31.280600,  0,  0,0
87593,2007-02-20 18:39:48,121.527000,31.280500,  6, 67,0
87593,2007-02-20 18:40:49,121.527100,31.280500,  0,157,0
87593,2007-02-20 18:41:28,121.527000,31.280500,  0,157,0
87593,2007-02-20 18:42:28,121.527000,31.280500,  0,157,0
87593,2007-02-20 18:43:29,121.527000,31.280500,  0,157,0
87593,2007-02-20 18:44:30,121.527000,31.280500,  0,157,0
87593,2007-02-20 18:45:31,121.527000,31.280500,  0,157,0
87593,2007-02-20 18:46:32,121.527000,31.280600,  0,157,0
87593,2007-02-20 18:47:33,121.527000,31.280600,  0,157,0
87593,2007-02-20 18:49:35,121.527000,31.280600,  0,157,0
87593,2007-02-20 18:55:07,121.526600,31.279500,  0, 67,0
87593,2007-02-20 18:56:08,121.526600,31.279500,  0, 67,0
87593,2007-02-20 18:57:09,121.525800,31.280500, 32,157,0
87593,2007-02-20 18:58:10,121.528000,31.282800,  0, 45,0
87593,2007-02-20 19:05:26,121.527500,31.308000, 68,  0,0
87593,2007-02-20 19:06:26,121.527500,31.311000,  0,  0,0
