89375,2007-02-20 00:00:06,121.436800,31.197100,  0,112,0
89375,2007-02-20 00:01:56,121.435500,31.195100,  0,135,1
89375,2007-02-20 00:02:56,121.436800,31.197000,  0,  0,1
89375,2007-02-20 00:03:56,121.434300,31.196000, 40,135,1
89375,2007-02-20 00:04:58,121.432000,31.201100, 52,  0,1
89375,2007-02-20 00:05:59,121.430600,31.204000,  0,157,1
89375,2007-02-20 00:07:00,121.428800,31.208100, 70,  0,1
89375,2007-02-20 00:08:01,121.429600,31.213000, 30,  0,1
89375,2007-02-20 00:08:39,121.428800,31.214800, 22,157,0
89375,2007-02-20 00:11:04,121.415800,31.214500, 56,135,0
89375,2007-02-20 00:12:05,121.412300,31.216500,  0,135,0
89375,2007-02-20 00:12:56,121.410600,31.216100,  0,112,1
89375,2007-02-20 00:13:56,121.410600,31.216300,  6,157,1
89375,2007-02-20 00:14:58,121.411600,31.216500,  8, 45,1
89375,2007-02-20 00:15:59,121.412300,31.212300, 52, 90,1
89375,2007-02-20 00:17:00,121.412000,31.210100,  4, 90,1
89375,2007-02-20 00:18:01,121.420300,31.211600, 72, 45,1
89375,2007-02-20 00:19:01,121.430000,31.217000, 80, 22,1
89375,2007-02-20 00:20:03,121.440600,31.222500, 72, 45,1
89375,2007-02-20 00:21:04,121.452500,31.225500, 68, 45,1
89375,2007-02-20 00:22:05,121.462500,31.225300, 52, 45,1
89375,2007-02-20 00:23:06,121.465800,31.224300, 18, 45,1
89375,2007-02-20 00:24:06,121.466100,31.223800,  0,  0,1
89375,2007-02-20 00:25:08,121.465800,31.223800,  0,  0,1
89375,2007-02-20 00:26:09,121.466000,31.223800,  0,  0,1
89375,2007-02-20 00:27:10,121.466000,31.223800,  0,  0,1
89375,2007-02-20 00:28:11,121.466000,31.223800,  0,  0,1
89375,2007-02-20 00:29:11,121.466000,31.223800,  0,  0,1
89375,2007-02-20 00:30:13,121.465600,31.223800,  0,  0,1
89375,2007-02-20 00:31:14,121.465600,31.223800,  0,  0,1
89375,2007-02-20 00:33:16,121.465500,31.223800,  0,  0,1
89375,2007-02-20 00:34:16,121.465500,31.223800,  0,  0,1
89375,2007-02-20 00:35:18,121.465500,31.223800,  0,  0,1
89375,2007-02-20 00:36:19,121.465500,31.223800,  0,  0,1
89375,2007-02-20 00:37:20,121.465500,31.223800,  0,  0,1
89375,2007-02-20 00:38:21,121.465500,31.223800,  0,  0,1
89375,2007-02-20 00:39:22,121.465500,31.223800,  0,  0,1
89375,2007-02-20 00:40:29,121.470600,31.226500, 46, 22,0
89375,2007-02-20 00:41:30,121.474300,31.230600, 54, 22,0
89375,2007-02-20 00:42:31,121.482800,31.232500, 68, 45,0
89375,2007-02-20 00:43:27,121.484100,31.232300,  0, 45,0
89375,2007-02-20 00:44:28,121.501000,31.238300, 66, 67,0
89375,2007-02-20 00:45:29,121.507100,31.236300, 72, 45,0
89375,2007-02-20 00:46:30,121.518000,31.234300, 56, 22,0
89375,2007-02-20 00:47:31,121.518600,31.234600,  0, 22,0
89375,2007-02-20 00:48:32,121.522300,31.236300, 32, 22,0
89375,2007-02-20 00:49:33,121.529000,31.238600, 62, 45,0
89375,2007-02-20 00:50:34,121.537800,31.241600, 26, 45,0
89375,2007-02-20 00:51:35,121.543500,31.239800, 64, 67,0
89375,2007-02-20 00:52:36,121.549600,31.241800, 60, 22,0
89375,2007-02-20 00:53:37,121.557600,31.246000, 68, 22,0
89375,2007-02-20 00:54:38,121.566300,31.251000, 56, 22,0
89375,2007-02-20 00:55:39,121.570600,31.254000, 30, 45,0
89375,2007-02-20 00:56:40,121.573500,31.255600, 58, 22,0
89375,2007-02-20 00:57:41,121.580800,31.263000, 48,  0,0
89375,2007-02-20 00:58:42,121.585100,31.266500, 50, 45,0
89375,2007-02-20 00:59:43,121.591300,31.269000, 36, 22,0
89375,2007-02-20 01:00:44,121.597100,31.273800, 50,  0,0
89375,2007-02-20 01:01:45,121.598800,31.273500,  0, 45,0
89375,2007-02-20 01:01:48,121.598800,31.273500,  0, 45,1
89375,2007-02-20 01:02:48,121.598800,31.273500,  0, 45,1
89375,2007-02-20 01:03:49,121.599000,31.274100, 12, 22,1
89375,2007-02-20 01:04:50,121.597100,31.274000, 36, 90,1
89375,2007-02-20 01:05:51,121.592600,31.269500, 28,112,1
89375,2007-02-20 01:06:52,121.588500,31.268000, 34,112,1
89375,2007-02-20 01:07:53,121.587300,31.267500,  0,112,1
89375,2007-02-20 01:08:54,121.587300,31.267500,  0,112,1
89375,2007-02-20 01:09:55,121.587300,31.267500,  0,112,1
89375,2007-02-20 01:10:56,121.587300,31.267500,  0,112,1
89375,2007-02-20 01:11:57,121.587300,31.267500,  0,112,1
89375,2007-02-20 01:12:58,121.587300,31.267500,  0,112,1
89375,2007-02-20 01:13:59,121.587300,31.267500,  0,112,1
89375,2007-02-20 01:15:00,121.587300,31.267500,  0,112,1
89375,2007-02-20 01:16:01,121.587300,31.267500,  0,112,1
89375,2007-02-20 01:17:02,121.587300,31.267500,  0,112,1
89375,2007-02-20 01:18:03,121.587300,31.267500,  0,112,1
89375,2007-02-20 01:19:04,121.587300,31.267500,  0,112,1
89375,2007-02-20 01:20:05,121.587300,31.267500,  0,112,1
89375,2007-02-20 01:21:06,121.587300,31.267500,  0,112,1
89375,2007-02-20 01:22:07,121.587300,31.267500,  0,112,1
89375,2007-02-20 01:23:08,121.587300,31.267500,  0,112,1
89375,2007-02-20 01:24:56,121.587100,31.267300, 18,112,0
89375,2007-02-20 01:25:57,121.583500,31.268600, 72,  0,0
89375,2007-02-20 01:26:58,121.579500,31.273800, 26,157,0
89375,2007-02-20 01:27:28,121.579500,31.273800,  0,157,1
89375,2007-02-20 01:28:29,121.577300,31.276000,  0,157,1
89375,2007-02-20 01:29:30,121.572800,31.273800,  0,112,1
89375,2007-02-20 01:30:31,121.571600,31.273500, 18,135,1
89375,2007-02-20 01:31:32,121.566300,31.268500, 46,112,1
89375,2007-02-20 01:32:33,121.561300,31.264000, 54,112,1
89375,2007-02-20 01:33:34,121.554600,31.259300, 60,112,1
89375,2007-02-20 01:34:35,121.547100,31.253000, 60,112,1
89375,2007-02-20 01:35:56,121.544100,31.250000, 50,112,0
89375,2007-02-20 01:36:57,121.533100,31.245300, 86,135,0
89375,2007-02-20 01:37:58,121.519600,31.242600, 70,135,0
89375,2007-02-20 01:38:59,121.514600,31.242500, 56,135,0
89375,2007-02-20 01:40:00,121.510500,31.241100, 38,135,0
89375,2007-02-20 01:41:01,121.508000,31.236800, 20, 67,0
89375,2007-02-20 01:43:03,121.513600,31.224100, 74, 90,0
89375,2007-02-20 01:44:04,121.514000,31.215800,  0, 90,0
89375,2007-02-20 01:45:05,121.510500,31.208500, 86, 90,0
89375,2007-02-20 01:46:06,121.508500,31.204000, 56, 90,0
89375,2007-02-20 01:46:58,121.506100,31.200100,  0,135,1
89375,2007-02-20 01:47:58,121.506000,31.200000,  0, 67,1
89375,2007-02-20 01:48:59,121.507300,31.201100, 10, 22,1
89375,2007-02-20 01:50:00,121.507300,31.201100,  0, 22,1
89375,2007-02-20 01:51:01,121.509000,31.204500, 66,  0,1
89375,2007-02-20 01:52:02,121.508600,31.204600, 66,135,1
89375,2007-02-20 01:53:03,121.497100,31.208800, 80,135,1
89375,2007-02-20 01:54:04,121.496800,31.210800, 54, 22,1
89375,2007-02-20 01:55:05,121.492100,31.208500, 62,112,1
89375,2007-02-20 01:56:06,121.482100,31.202500, 80,135,1
89375,2007-02-20 01:57:07,121.472100,31.201100, 66,  0,1
89375,2007-02-20 01:59:09,121.467300,31.221000, 72,  0,1
89375,2007-02-20 02:00:10,121.466000,31.223800, 10, 90,1
89375,2007-02-20 02:01:11,121.466100,31.223600,  0, 90,1
89375,2007-02-20 02:02:12,121.466100,31.223600,  0, 90,1
89375,2007-02-20 02:03:13,121.466100,31.223600,  0, 90,1
89375,2007-02-20 02:04:14,121.466100,31.223600,  0, 90,1
89375,2007-02-20 02:05:15,121.466100,31.223600,  0, 90,1
89375,2007-02-20 02:06:16,121.466100,31.223600,  0, 90,1
89375,2007-02-20 02:07:17,121.466100,31.223600,  0, 90,1
89375,2007-02-20 02:08:18,121.466100,31.223600,  0, 90,1
89375,2007-02-20 02:09:19,121.466100,31.223600,  0, 90,1
89375,2007-02-20 02:10:20,121.466000,31.223800,  0,  0,1
89375,2007-02-20 02:11:21,121.466000,31.223800,  0,  0,1
89375,2007-02-20 02:12:22,121.466000,31.223800,  0,  0,1
89375,2007-02-20 02:13:23,121.466000,31.223800,  0,  0,1
89375,2007-02-20 02:14:24,121.466000,31.223800,  0,  0,1
89375,2007-02-20 02:15:25,121.466000,31.223800,  0,  0,1
89375,2007-02-20 02:16:26,121.466000,31.223800,  0,  0,1
89375,2007-02-20 02:17:27,121.466000,31.223800,  0,  0,1
89375,2007-02-20 02:18:28,121.466000,31.223800,  0,  0,1
89375,2007-02-20 02:19:29,121.466000,31.223800,  0,  0,1
89375,2007-02-20 02:20:30,121.466000,31.223800,  0,  0,1
89375,2007-02-20 02:22:32,121.466000,31.223800,  0,  0,1
89375,2007-02-20 02:23:08,121.466000,31.224000, 20,  0,0
89375,2007-02-20 02:24:09,121.466500,31.223500, 34, 90,0
89375,2007-02-20 02:25:10,121.466000,31.214300, 58, 67,0
89375,2007-02-20 02:26:11,121.465800,31.207500, 60,135,0
89375,2007-02-20 02:27:12,121.466500,31.202500, 48, 90,0
89375,2007-02-20 02:28:13,121.464500,31.199100, 32, 90,0
89375,2007-02-20 02:29:14,121.466600,31.195000,  0, 45,0
89375,2007-02-20 02:29:15,121.466600,31.195000,  0, 45,1
89375,2007-02-20 02:30:15,121.468800,31.195600, 48, 22,1
89375,2007-02-20 02:31:16,121.469300,31.197600, 16,157,1
89375,2007-02-20 02:32:17,121.469000,31.198100, 30,157,1
89375,2007-02-20 02:33:18,121.466500,31.203300, 18,  0,1
89375,2007-02-20 02:34:19,121.465300,31.206500, 22,157,1
89375,2007-02-20 02:35:20,121.468000,31.210100, 20, 45,1
89375,2007-02-20 02:36:21,121.468100,31.211600, 58,157,1
89375,2007-02-20 02:37:22,121.467000,31.219800, 70,  0,1
89375,2007-02-20 02:38:23,121.467000,31.223500,  0,157,1
89375,2007-02-20 02:39:24,121.466100,31.223800, 16,  0,1
89375,2007-02-20 02:41:26,121.466000,31.223800,  0,157,1
89375,2007-02-20 02:42:27,121.466000,31.223800,  0,157,1
89375,2007-02-20 02:43:28,121.466000,31.223800,  0,157,1
89375,2007-02-20 02:44:29,121.466000,31.223800,  0,157,1
89375,2007-02-20 02:45:30,121.466000,31.223800,  0,157,1
89375,2007-02-20 02:46:31,121.466000,31.223800,  0,157,1
89375,2007-02-20 02:47:32,121.466000,31.223800,  0,157,1
89375,2007-02-20 02:48:33,121.466000,31.223800,  0,157,1
89375,2007-02-20 02:49:34,121.466000,31.223800,  0,157,1
89375,2007-02-20 02:52:39,121.466000,31.223800,  0,157,1
89375,2007-02-20 02:53:40,121.466000,31.223800,  0,157,1
89375,2007-02-20 02:53:52,121.466000,31.224000, 18,157,0
89375,2007-02-20 02:54:53,121.466600,31.223300,  0, 67,0
89375,2007-02-20 02:55:54,121.466100,31.214300,108, 67,0
89375,2007-02-20 02:56:55,121.472100,31.200500, 96, 90,0
89375,2007-02-20 02:57:56,121.477500,31.188100, 78, 90,0
89375,2007-02-20 02:58:56,121.475800,31.177500,104,112,0
89375,2007-02-20 02:59:58,121.479000,31.175000, 70, 22,0
89375,2007-02-20 03:00:59,121.483600,31.174600,  0, 90,0
89375,2007-02-20 03:02:00,121.483600,31.174600,  0, 90,0
89375,2007-02-20 03:03:01,121.483600,31.174600,  0, 90,0
89375,2007-02-20 03:04:01,121.484300,31.172300, 34, 90,0
89375,2007-02-20 03:05:03,121.486000,31.169000, 24, 90,0
89375,2007-02-20 03:05:39,121.486300,31.167500,  0, 90,1
89375,2007-02-20 03:06:40,121.486300,31.167500,  0, 90,1
89375,2007-02-20 03:07:41,121.486500,31.167500,  6,  0,1
89375,2007-02-20 03:08:41,121.485800,31.169500,  4,  0,1
89375,2007-02-20 03:09:43,121.491600,31.170300, 28, 45,1
89375,2007-02-20 03:10:44,121.496300,31.171100,  0, 45,1
89375,2007-02-20 03:11:45,121.496300,31.172000, 30,  0,1
89375,2007-02-20 03:12:23,121.496100,31.172500, 18,  0,0
89375,2007-02-20 03:13:23,121.495300,31.176000, 46,  0,0
89375,2007-02-20 03:14:23,121.495500,31.175100, 42, 90,0
89375,2007-02-20 03:15:24,121.492800,31.170500, 24,135,0
89375,2007-02-20 03:16:25,121.492300,31.170000, 32, 90,0
89375,2007-02-20 03:17:25,121.493300,31.162500, 66, 90,0
89375,2007-02-20 03:18:27,121.495100,31.159100,  0, 67,0
89375,2007-02-20 03:19:28,121.501100,31.152100, 72, 67,0
89375,2007-02-20 03:20:29,121.499300,31.147100, 54,112,0
89375,2007-02-20 03:20:51,121.497800,31.146500,  0,135,1
89375,2007-02-20 03:21:52,121.497800,31.146500,  0,135,1
89375,2007-02-20 03:22:53,121.497800,31.146500,  0,135,1
89375,2007-02-20 03:23:54,121.497800,31.146500,  0,135,1
89375,2007-02-20 03:24:55,121.497800,31.146500,  0,135,1
89375,2007-02-20 03:25:55,121.497100,31.146100, 28,112,1
89375,2007-02-20 03:26:57,121.494100,31.147100, 34,  0,1
89375,2007-02-20 03:27:58,121.492800,31.151300, 36,  0,1
89375,2007-02-20 03:28:59,121.488600,31.151600, 28,135,1
89375,2007-02-20 03:30:00,121.486300,31.157600, 36,  0,1
89375,2007-02-20 03:31:00,121.483000,31.159800, 62,112,1
89375,2007-02-20 03:32:02,121.480000,31.158500,  0,135,1
89375,2007-02-20 03:33:03,121.477800,31.163500, 64,  0,1
89375,2007-02-20 03:34:04,121.474100,31.172100, 74,  0,1
89375,2007-02-20 03:35:05,121.479500,31.179300, 72, 22,1
89375,2007-02-20 03:36:05,121.477800,31.187600, 62,  0,1
89375,2007-02-20 03:37:07,121.474000,31.197100, 76,157,1
89375,2007-02-20 03:38:08,121.470100,31.206300, 58,  0,1
89375,2007-02-20 03:39:09,121.466000,31.215600, 80,  0,1
89375,2007-02-20 03:40:10,121.467100,31.223300, 44,  0,1
89375,2007-02-20 03:42:12,121.467100,31.225500, 36, 45,1
89375,2007-02-20 03:43:13,121.469300,31.226000, 34, 45,1
89375,2007-02-20 03:44:14,121.473600,31.227800, 18, 22,1
89375,2007-02-20 03:45:15,121.477000,31.229500,  4, 22,1
89375,2007-02-20 03:46:15,121.482800,31.232100, 38, 45,1
89375,2007-02-20 03:47:17,121.488100,31.233800,  0, 22,1
89375,2007-02-20 03:48:18,121.488000,31.234500, 40,157,1
89375,2007-02-20 03:49:19,121.485600,31.240800, 42,  0,1
89375,2007-02-20 03:50:20,121.485000,31.247500, 54,  0,1
89375,2007-02-20 03:51:20,121.485600,31.252600, 22, 22,1
89375,2007-02-20 03:52:22,121.489000,31.253800, 28,  0,1
89375,2007-02-20 03:53:23,121.490800,31.255500,  0, 22,1
89375,2007-02-20 03:54:24,121.495800,31.258600, 56, 22,1
89375,2007-02-20 03:55:25,121.497100,31.259800,  8, 22,1
89375,2007-02-20 03:56:25,121.503500,31.264300, 32, 22,1
89375,2007-02-20 03:57:27,121.502000,31.270100, 50,  0,1
89375,2007-02-20 03:58:28,121.503600,31.273800, 32, 22,1
89375,2007-02-20 03:59:29,121.508600,31.275600, 32, 45,1
89375,2007-02-20 04:01:19,121.513300,31.279300, 34,  0,0
89375,2007-02-20 04:02:20,121.511100,31.286300,  0,  0,0
89375,2007-02-20 04:03:20,121.507300,31.286600, 70,135,0
89375,2007-02-20 04:04:22,121.504000,31.287800,  0,157,0
89375,2007-02-20 04:05:23,121.497000,31.289600, 46,135,0
89375,2007-02-20 04:06:24,121.489100,31.287500, 30,135,0
89375,2007-02-20 04:07:25,121.486500,31.288000,  0,135,0
89375,2007-02-20 04:09:27,121.478600,31.286600, 52, 90,0
89375,2007-02-20 04:10:28,121.474500,31.279100, 60,112,0
89375,2007-02-20 04:11:29,121.471300,31.272600, 26,112,0
89375,2007-02-20 04:12:30,121.468300,31.269600, 48,112,0
89375,2007-02-20 04:14:32,121.461800,31.264600,  0, 90,0
89375,2007-02-20 04:15:33,121.458800,31.263600, 42,112,0
89375,2007-02-20 04:16:34,121.455600,31.262300, 54,135,0
89375,2007-02-20 04:17:35,121.452100,31.261800, 62,135,0
89375,2007-02-20 04:18:35,121.444600,31.260000, 40,135,0
89375,2007-02-20 04:19:37,121.437000,31.258000, 54,112,0
89375,2007-02-20 04:20:38,121.432100,31.256000,  6,112,0
89375,2007-02-20 04:21:39,121.428000,31.252100, 36,112,0
89375,2007-02-20 04:22:28,121.425100,31.250600, 22,157,1
89375,2007-02-20 04:23:28,121.423600,31.252300, 20,157,1
89375,2007-02-20 04:24:29,121.426500,31.255100, 20, 67,1
89375,2007-02-20 04:25:30,121.428000,31.252100,  0, 67,1
89375,2007-02-20 04:26:30,121.429300,31.252800, 54, 22,1
89375,2007-02-20 04:28:33,121.444600,31.259600,  0, 22,1
89375,2007-02-20 04:29:34,121.448800,31.260600, 62, 45,1
89375,2007-02-20 04:30:35,121.454500,31.261600, 30, 45,1
89375,2007-02-20 04:31:35,121.456500,31.262300,  0, 22,1
89375,2007-02-20 04:32:37,121.456500,31.262300, 18, 45,1
89375,2007-02-20 04:33:38,121.463600,31.265600, 50, 22,1
89375,2007-02-20 04:34:39,121.464000,31.265800,  0, 22,1
89375,2007-02-20 04:35:40,121.464300,31.265600, 34, 22,1
89375,2007-02-20 04:36:40,121.467000,31.268000, 16, 22,1
89375,2007-02-20 04:37:42,121.469300,31.270000, 18, 22,1
89375,2007-02-20 04:38:43,121.471600,31.272300,  0, 22,1
89375,2007-02-20 04:39:44,121.473600,31.276600, 50,  0,1
89375,2007-02-20 04:40:45,121.474100,31.277300, 26, 45,1
89375,2007-02-20 04:41:45,121.477300,31.276600, 26, 45,1
89375,2007-02-20 04:42:47,121.479500,31.278300, 48,  0,1
89375,2007-02-20 04:43:48,121.484500,31.281100, 36, 45,1
89375,2007-02-20 04:44:49,121.488000,31.281000, 40, 45,1
89375,2007-02-20 04:45:50,121.491600,31.283600,  0,  0,1
89375,2007-02-20 04:46:50,121.498000,31.281500, 50, 67,1
89375,2007-02-20 04:47:52,121.500800,31.281800, 44, 22,1
89375,2007-02-20 04:48:53,121.503300,31.283800, 32, 67,1
89375,2007-02-20 04:49:54,121.507500,31.282800, 30, 67,1
89375,2007-02-20 04:50:55,121.511600,31.282500, 36, 22,1
89375,2007-02-20 04:51:55,121.512800,31.281300,  6,  0,1
89375,2007-02-20 04:52:57,121.512800,31.281500,  0,157,1
89375,2007-02-20 04:53:58,121.512800,31.281500,  0,157,1
89375,2007-02-20 04:54:59,121.512800,31.281500,  0,157,1
89375,2007-02-20 04:56:00,121.512800,31.281500,  0,157,1
89375,2007-02-20 04:58:02,121.512800,31.281500,  0,157,1
89375,2007-02-20 04:59:03,121.512800,31.281500,  0,157,1
89375,2007-02-20 05:00:04,121.512800,31.281500,  0,157,1
89375,2007-02-20 05:01:05,121.512800,31.281500,  0,157,1
89375,2007-02-20 05:02:05,121.512800,31.281000, 18, 67,1
89375,2007-02-20 05:03:07,121.517800,31.282500, 32, 45,1
89375,2007-02-20 05:04:08,121.521000,31.283500, 28, 22,1
89375,2007-02-20 05:06:10,121.518800,31.283000,  0,112,1
89375,2007-02-20 05:07:10,121.518800,31.283000,  0,112,1
89375,2007-02-20 05:08:12,121.518800,31.283000,  0,112,1
89375,2007-02-20 05:09:13,121.518800,31.283000,  0,112,1
89375,2007-02-20 05:10:14,121.518800,31.283000,  0,112,1
89375,2007-02-20 05:11:15,121.518800,31.283000,  0,112,1
89375,2007-02-20 05:12:15,121.518800,31.283000,  0,112,1
89375,2007-02-20 05:13:17,121.518800,31.283000,  0,112,1
89375,2007-02-20 05:14:18,121.518800,31.283000,  0,112,1
89375,2007-02-20 05:15:19,121.518800,31.283000,  0,112,1
89375,2007-02-20 05:17:20,121.518800,31.283000,  0,112,1
89375,2007-02-20 05:18:22,121.518800,31.283000,  0,112,1
89375,2007-02-20 05:20:24,121.518800,31.283000,  0,112,1
89375,2007-02-20 05:21:25,121.518800,31.283000,  0,112,1
89375,2007-02-20 05:23:27,121.518800,31.283000,  0,112,1
89375,2007-02-20 05:24:28,121.519500,31.283000, 12, 45,1
89375,2007-02-20 05:25:29,121.521000,31.279600,  0, 67,1
89375,2007-02-20 05:26:30,121.526100,31.281800, 36, 22,1
89375,2007-02-20 05:27:30,121.529800,31.280100, 34, 90,1
89375,2007-02-20 05:28:32,121.530100,31.278600,  0,112,1
89375,2007-02-20 05:29:33,121.530100,31.278600,  0,112,1
89375,2007-02-20 05:30:34,121.530100,31.278600,  0,135,1
89375,2007-02-20 05:31:35,121.530000,31.278600,  0,135,1
89375,2007-02-20 05:33:37,121.530000,31.278600,  0,135,1
89375,2007-02-20 05:34:38,121.527100,31.279000, 18,  0,1
89375,2007-02-20 05:35:39,121.528100,31.279300,  6, 90,1
89375,2007-02-20 05:36:40,121.528000,31.279300,  0, 90,1
89375,2007-02-20 05:37:40,121.528000,31.279300,  0, 90,1
89375,2007-02-20 05:38:42,121.528000,31.279300,  0, 90,1
89375,2007-02-20 05:39:43,121.528000,31.279300,  0, 90,1
89375,2007-02-20 05:40:44,121.528000,31.279300,  0, 90,1
89375,2007-02-20 05:41:45,121.528000,31.279300,  0, 90,1
89375,2007-02-20 05:42:45,121.528000,31.279300,  0, 90,1
89375,2007-02-20 05:43:47,121.528000,31.279300,  0, 90,1
89375,2007-02-20 05:44:48,121.528000,31.279300,  0, 90,1
89375,2007-02-20 05:45:49,121.528000,31.279300,  0, 90,1
89375,2007-02-20 05:46:50,121.528000,31.279300,  0, 90,1
89375,2007-02-20 05:47:50,121.528000,31.279300,  0, 90,1
89375,2007-02-20 05:48:52,121.528000,31.279300,  0, 90,1
89375,2007-02-20 05:49:53,121.528000,31.279300,  0, 90,1
89375,2007-02-20 05:50:54,121.528100,31.279300,  0, 90,1
89375,2007-02-20 05:51:55,121.528100,31.279300,  0, 90,1
89375,2007-02-20 05:52:55,121.528100,31.279300,  0, 90,1
89375,2007-02-20 05:53:57,121.528100,31.279300,  0, 90,1
89375,2007-02-20 05:54:58,121.528100,31.279300,  0, 90,1
89375,2007-02-20 05:55:59,121.528100,31.279300,  0, 90,1
89375,2007-02-20 05:57:00,121.528100,31.279300,  0, 90,1
89375,2007-02-20 05:58:00,121.528100,31.279300,  0, 90,1
89375,2007-02-20 05:59:02,121.528100,31.279300,  0, 90,1
89375,2007-02-20 06:00:03,121.528100,31.279300,  0, 90,1
89375,2007-02-20 06:01:04,121.528100,31.279300,  0, 90,1
89375,2007-02-20 06:02:05,121.528100,31.279300,  0, 90,1
89375,2007-02-20 06:03:05,121.528100,31.279300,  0, 90,1
89375,2007-02-20 06:04:07,121.528100,31.279300,  0, 90,1
89375,2007-02-20 06:05:08,121.528100,31.279300,  0, 90,1
89375,2007-02-20 06:06:09,121.528100,31.279300,  0, 90,1
89375,2007-02-20 06:07:10,121.528100,31.279300,  0, 90,1
89375,2007-02-20 06:08:10,121.528100,31.279300,  0, 90,1
89375,2007-02-20 06:09:12,121.528100,31.279300,  0, 90,1
89375,2007-02-20 06:10:13,121.528100,31.279300,  0, 90,1
89375,2007-02-20 06:11:14,121.528100,31.279300,  0, 90,1
89375,2007-02-20 06:12:15,121.528100,31.279300,  0, 90,1
89375,2007-02-20 06:13:15,121.528100,31.279300,  0, 90,1
89375,2007-02-20 06:14:17,121.528100,31.279300,  0, 90,1
89375,2007-02-20 06:15:18,121.528100,31.279300,  0, 90,1
89375,2007-02-20 06:16:19,121.528100,31.279300,  0, 90,1
89375,2007-02-20 06:17:20,121.528100,31.279300,  0, 90,1
89375,2007-02-20 06:18:20,121.528100,31.279300,  0, 90,1
89375,2007-02-20 06:19:22,121.528100,31.279300,  0, 90,1
89375,2007-02-20 06:20:23,121.528100,31.279300,  0, 90,1
89375,2007-02-20 06:21:24,121.528100,31.279300,  0, 90,1
89375,2007-02-20 06:22:25,121.528100,31.279300,  0, 90,1
89375,2007-02-20 06:23:25,121.528100,31.279300,  0, 90,1
89375,2007-02-20 06:24:27,121.527800,31.280000, 18,  0,1
89375,2007-02-20 06:25:28,121.528000,31.279500,  0,  0,1
89375,2007-02-20 06:27:30,121.528000,31.279500,  0,  0,1
89375,2007-02-20 06:28:31,121.528000,31.279500,  0,  0,1
89375,2007-02-20 06:29:32,121.528000,31.279500,  0,  0,1
89375,2007-02-20 06:30:33,121.528000,31.279500,  0,  0,1
89375,2007-02-20 06:31:34,121.528000,31.279500,  0,  0,1
89375,2007-02-20 06:32:35,121.528000,31.279500,  0,  0,1
89375,2007-02-20 06:34:37,121.528000,31.279500,  0,  0,1
89375,2007-02-20 06:35:38,121.528000,31.279500,  0,  0,1
89375,2007-02-20 06:36:39,121.528000,31.279500,  0,  0,1
89375,2007-02-20 06:37:40,121.528000,31.279500,  0, 67,1
89375,2007-02-20 06:38:41,121.528000,31.279500,  0, 67,1
89375,2007-02-20 06:39:42,121.528000,31.279500,  0, 67,1
89375,2007-02-20 06:40:43,121.528000,31.279500,  0, 67,1
89375,2007-02-20 06:41:44,121.528000,31.279500,  0, 67,1
89375,2007-02-20 06:42:45,121.528000,31.279500,  0, 67,1
89375,2007-02-20 06:43:46,121.528000,31.279500,  0, 67,1
89375,2007-02-20 06:44:47,121.527800,31.279600,  0, 67,1
89375,2007-02-20 06:46:49,121.527800,31.279600,  0, 67,1
89375,2007-02-20 06:47:50,121.527800,31.279600,  0, 67,1
89375,2007-02-20 06:49:52,121.527800,31.279600,  0, 67,1
89375,2007-02-20 06:50:53,121.527800,31.279600,  0, 67,1
89375,2007-02-20 06:51:54,121.527800,31.279600,  0, 67,1
89375,2007-02-20 06:52:55,121.527800,31.279600,  0, 67,1
89375,2007-02-20 06:53:56,121.527800,31.279600,  0, 67,1
89375,2007-02-20 06:54:57,121.527800,31.279600,  0, 67,1
89375,2007-02-20 06:55:58,121.527800,31.279600,  0, 67,1
89375,2007-02-20 06:56:59,121.527800,31.279600,  0, 67,1
89375,2007-02-20 06:58:00,121.527800,31.279600,  0, 67,1
89375,2007-02-20 06:59:01,121.527800,31.279600,  0, 67,1
89375,2007-02-20 07:00:02,121.527800,31.279600,  0, 67,1
89375,2007-02-20 07:01:03,121.527800,31.279600,  0, 67,1
89375,2007-02-20 07:02:04,121.527800,31.279600,  0, 67,1
89375,2007-02-20 07:03:05,121.527800,31.279600,  0, 67,1
89375,2007-02-20 07:04:06,121.528000,31.279600,  0, 67,1
89375,2007-02-20 07:05:07,121.528000,31.279600,  0, 67,1
89375,2007-02-20 07:06:08,121.528000,31.279600,  0, 67,1
89375,2007-02-20 07:07:09,121.528000,31.279600,  0, 67,1
89375,2007-02-20 07:08:10,121.528000,31.279600,  0, 67,1
89375,2007-02-20 07:09:11,121.528000,31.279600,  0, 67,1
89375,2007-02-20 07:10:12,121.528000,31.279600,  0, 67,1
89375,2007-02-20 07:11:13,121.528000,31.279600,  0, 67,1
89375,2007-02-20 07:12:14,121.528000,31.279600,  0, 67,1
89375,2007-02-20 07:13:15,121.528000,31.279600,  0, 67,1
89375,2007-02-20 07:14:16,121.528000,31.279600,  0, 67,1
89375,2007-02-20 07:15:17,121.528000,31.279600,  0, 67,1
89375,2007-02-20 07:16:18,121.528000,31.279600,  0, 67,1
89375,2007-02-20 07:17:19,121.528000,31.279600,  0, 67,1
89375,2007-02-20 07:18:20,121.528000,31.279600,  0, 67,1
89375,2007-02-20 07:19:21,121.528000,31.279600,  0, 67,1
89375,2007-02-20 07:20:22,121.528000,31.279600,  0, 67,1
89375,2007-02-20 07:21:23,121.528000,31.279600,  0, 67,1
89375,2007-02-20 07:22:24,121.528000,31.279600,  0, 67,1
89375,2007-02-20 07:23:25,121.528000,31.279600,  0, 67,1
89375,2007-02-20 07:24:26,121.528000,31.279600,  0, 67,1
89375,2007-02-20 07:25:27,121.528000,31.279600,  0, 67,1
89375,2007-02-20 07:26:28,121.528000,31.279600,  0, 67,1
89375,2007-02-20 07:27:29,121.528000,31.279600,  0, 67,1
89375,2007-02-20 07:28:30,121.528000,31.279600,  0, 67,1
89375,2007-02-20 07:29:31,121.528000,31.279600,  0, 67,1
89375,2007-02-20 07:30:32,121.528000,31.279600,  0, 67,1
89375,2007-02-20 07:31:33,121.528000,31.279600,  0, 67,1
89375,2007-02-20 07:32:34,121.528000,31.279600,  0, 67,1
89375,2007-02-20 07:33:35,121.528000,31.279600,  0, 67,1
89375,2007-02-20 07:34:36,121.528000,31.279600,  0, 67,1
89375,2007-02-20 07:35:37,121.528000,31.279600,  0, 67,1
89375,2007-02-20 07:36:38,121.528000,31.279600,  0, 67,1
89375,2007-02-20 07:37:39,121.528000,31.279600,  0, 67,1
89375,2007-02-20 07:38:40,121.528000,31.279600,  0, 67,1
89375,2007-02-20 07:39:41,121.528000,31.279600,  0, 67,1
89375,2007-02-20 07:40:42,121.528000,31.279600,  0, 67,1
89375,2007-02-20 07:41:43,121.528000,31.279600,  0, 67,1
89375,2007-02-20 07:42:44,121.528000,31.279600,  0, 67,1
89375,2007-02-20 07:43:45,121.528000,31.279600,  0, 67,1
89375,2007-02-20 07:46:48,121.528000,31.279600,  0, 67,1
89375,2007-02-20 07:47:49,121.528000,31.279600,  0, 67,1
89375,2007-02-20 07:48:50,121.528000,31.279600,  0, 67,1
89375,2007-02-20 07:49:50,121.528000,31.279600,  0, 67,1
89375,2007-02-20 07:50:51,121.528100,31.279500,  0, 67,1
89375,2007-02-20 07:51:52,121.528100,31.279500,  0, 67,1
89375,2007-02-20 07:52:53,121.528100,31.279500,  0, 67,1
89375,2007-02-20 07:53:54,121.528100,31.279500,  0, 67,1
89375,2007-02-20 07:54:55,121.528100,31.279500,  0, 67,1
89375,2007-02-20 07:55:56,121.528100,31.279500,  0, 67,1
89375,2007-02-20 07:56:57,121.528100,31.279500,  0, 67,1
89375,2007-02-20 07:57:58,121.528100,31.279500,  0, 67,1
89375,2007-02-20 07:58:59,121.528100,31.279500,  0, 67,1
89375,2007-02-20 08:00:00,121.528100,31.279500,  0, 67,1
89375,2007-02-20 08:01:01,121.528100,31.279500,  0, 67,1
89375,2007-02-20 08:02:02,121.528100,31.279500,  0, 67,1
89375,2007-02-20 08:03:03,121.528100,31.279500,  0, 67,1
89375,2007-02-20 08:04:04,121.528100,31.279500,  0, 67,1
89375,2007-02-20 08:05:05,121.528100,31.279500,  0, 67,1
89375,2007-02-20 08:06:06,121.528100,31.279500,  0, 67,1
89375,2007-02-20 08:07:07,121.528300,31.279300,  0, 67,1
89375,2007-02-20 08:08:08,121.528300,31.279000,  0, 67,1
89375,2007-02-20 08:09:09,121.528300,31.279000,  0, 67,1
89375,2007-02-20 08:10:10,121.528100,31.279000,  0, 67,1
89375,2007-02-20 08:12:12,121.528100,31.279000,  0, 67,1
89375,2007-02-20 08:13:13,121.528100,31.279000,  0, 67,1
89375,2007-02-20 08:14:14,121.528100,31.279000,  0, 67,1
89375,2007-02-20 08:15:15,121.528100,31.279000,  0, 67,1
89375,2007-02-20 08:16:16,121.528100,31.279000,  0, 67,1
89375,2007-02-20 08:17:17,121.528100,31.279000,  0, 67,1
89375,2007-02-20 08:18:18,121.528100,31.279000,  0, 67,1
89375,2007-02-20 08:19:19,121.528100,31.279000,  0, 67,1
89375,2007-02-20 08:20:20,121.528100,31.279100,  0, 67,1
89375,2007-02-20 08:21:21,121.528100,31.279100,  0, 67,1
89375,2007-02-20 08:22:22,121.528100,31.279100,  0, 67,1
89375,2007-02-20 08:23:23,121.528100,31.279100,  0, 67,1
89375,2007-02-20 08:24:24,121.528100,31.279100,  0, 67,1
89375,2007-02-20 08:25:25,121.528100,31.279100,  0, 67,1
89375,2007-02-20 08:26:26,121.528100,31.279100,  0, 67,1
89375,2007-02-20 08:27:27,121.528100,31.279100,  0, 67,1
89375,2007-02-20 08:28:28,121.528100,31.279100,  0, 67,1
89375,2007-02-20 08:29:29,121.528100,31.279100,  0, 67,1
89375,2007-02-20 08:30:30,121.528100,31.279100,  0, 67,1
89375,2007-02-20 08:31:31,121.528100,31.279100,  0, 67,1
89375,2007-02-20 08:32:32,121.528100,31.279100,  0, 67,1
89375,2007-02-20 08:34:34,121.528100,31.279100,  0, 67,1
89375,2007-02-20 08:35:35,121.528100,31.279100,  0, 67,1
89375,2007-02-20 08:36:36,121.528100,31.279100,  0, 67,1
89375,2007-02-20 08:37:37,121.528100,31.279100,  0, 67,1
89375,2007-02-20 08:38:38,121.528100,31.279100,  0, 67,1
89375,2007-02-20 08:39:39,121.528100,31.279100,  0, 67,1
89375,2007-02-20 08:40:40,121.528100,31.279100,  0, 67,1
89375,2007-02-20 08:41:41,121.528100,31.279100,  0, 67,1
89375,2007-02-20 08:42:42,121.528100,31.279100,  0, 67,1
89375,2007-02-20 08:43:43,121.528100,31.279500,  0, 67,1
89375,2007-02-20 08:44:44,121.528000,31.279300,  0, 90,1
89375,2007-02-20 08:45:45,121.528000,31.279300,  0, 90,1
89375,2007-02-20 08:46:46,121.528000,31.279300,  0, 90,1
89375,2007-02-20 08:47:47,121.528000,31.279300,  0, 90,1
89375,2007-02-20 08:48:48,121.528000,31.279300,  0, 90,1
89375,2007-02-20 08:49:49,121.528000,31.279500,  0, 90,1
89375,2007-02-20 08:51:51,121.528000,31.279500,  0, 90,1
89375,2007-02-20 08:52:52,121.528000,31.279500,  0, 90,1
89375,2007-02-20 08:53:53,121.528000,31.279300,  0, 90,1
89375,2007-02-20 08:54:54,121.528000,31.279300,  0, 90,1
89375,2007-02-20 08:55:55,121.528000,31.279300,  0, 90,1
89375,2007-02-20 08:56:56,121.528000,31.279300,  0, 90,1
89375,2007-02-20 08:57:57,121.528000,31.279300,  0, 90,1
89375,2007-02-20 08:58:58,121.528000,31.279500,  0, 90,1
89375,2007-02-20 09:01:00,121.528000,31.279500,  0, 90,1
89375,2007-02-20 09:02:01,121.528000,31.279500,  0, 90,1
89375,2007-02-20 09:04:03,121.528000,31.279500,  0, 90,1
89375,2007-02-20 09:05:04,121.528000,31.279500,  0, 90,1
89375,2007-02-20 09:06:05,121.528000,31.279500,  0, 90,1
89375,2007-02-20 09:08:07,121.527300,31.278600, 10, 67,1
89375,2007-02-20 09:09:08,121.524800,31.277500, 30,135,1
89375,2007-02-20 09:10:09,121.522600,31.278500, 52,157,1
89375,2007-02-20 09:11:10,121.519000,31.285000, 48,  0,1
89375,2007-02-20 09:12:11,121.517600,31.288100, 36,157,1
89375,2007-02-20 09:13:12,121.516300,31.291000,  0,  0,1
89375,2007-02-20 09:14:13,121.515500,31.292500, 40,157,1
89375,2007-02-20 09:15:14,121.514100,31.295600,  0,  0,1
89375,2007-02-20 09:16:15,121.514500,31.296500, 30, 45,1
89375,2007-02-20 09:17:16,121.515600,31.301300,  0,  0,1
89375,2007-02-20 09:17:35,121.515600,31.301500, 14,  0,0
89375,2007-02-20 09:18:35,121.515500,31.302800,  0,  0,0
89375,2007-02-20 09:19:36,121.515800,31.303300, 36, 45,0
89375,2007-02-20 09:20:37,121.526000,31.306300, 66, 45,0
89375,2007-02-20 09:21:38,121.527500,31.305100,  0, 90,0
89375,2007-02-20 09:22:39,121.527500,31.300500, 38, 90,0
89375,2007-02-20 09:24:41,121.532600,31.294800, 22, 45,0
89375,2007-02-20 09:25:42,121.536600,31.293600, 20, 22,0
89375,2007-02-20 09:26:25,121.536600,31.293800,  0, 90,1
89375,2007-02-20 09:27:25,121.536600,31.293800,  0, 90,1
89375,2007-02-20 09:29:27,121.534000,31.292100,  0,112,1
89375,2007-02-20 09:30:28,121.534000,31.292100,  0,112,1
89375,2007-02-20 09:31:29,121.533800,31.292100,  0,112,1
89375,2007-02-20 09:32:30,121.531000,31.290600,  0,135,1
89375,2007-02-20 09:33:31,121.530800,31.288000, 42, 90,1
89375,2007-02-20 09:34:32,121.528600,31.286500, 30,135,1
89375,2007-02-20 09:36:34,121.521300,31.283800, 16,112,1
89375,2007-02-20 09:37:35,121.518500,31.285600, 36,157,1
89375,2007-02-20 09:38:36,121.514500,31.285500, 30,157,1
89375,2007-02-20 09:40:38,121.511000,31.282300, 36,112,1
89375,2007-02-20 09:41:11,121.509100,31.281500, 16,112,0
89375,2007-02-20 09:42:11,121.505800,31.280000,  0,112,0
89375,2007-02-20 09:43:12,121.505000,31.277500, 44, 67,0
89375,2007-02-20 09:44:13,121.503800,31.274300, 16, 67,0
89375,2007-02-20 09:45:14,121.501600,31.271300, 14, 90,0
89375,2007-02-20 09:46:15,121.501600,31.270600, 32, 90,0
89375,2007-02-20 09:47:16,121.502000,31.266600,  0, 90,0
89375,2007-02-20 09:48:17,121.501800,31.263600, 54,112,0
89375,2007-02-20 09:49:18,121.497500,31.260300,  0,112,0
89375,2007-02-20 09:50:19,121.492500,31.257100, 12,112,0
89375,2007-02-20 09:51:20,121.490800,31.255600, 56,112,0
89375,2007-02-20 09:53:22,121.484300,31.254000,  4, 90,0
89375,2007-02-20 09:54:23,121.482300,31.253000, 50,112,0
89375,2007-02-20 09:55:24,121.473100,31.248500, 54,135,0
89375,2007-02-20 09:56:25,121.463500,31.246100, 60,135,0
89375,2007-02-20 09:57:26,121.458300,31.247000,  0,135,0
89375,2007-02-20 09:58:27,121.454300,31.247800, 54,135,0
89375,2007-02-20 09:59:28,121.445300,31.247000, 62,135,0
89375,2007-02-20 10:00:29,121.440500,31.246100,  0,135,0
89375,2007-02-20 10:01:30,121.435500,31.244300, 34,112,0
89375,2007-02-20 10:02:31,121.433000,31.242100, 50,112,0
89375,2007-02-20 10:04:33,121.425600,31.236100, 46,112,0
89375,2007-02-20 10:05:34,121.425300,31.235500,  0,112,0
89375,2007-02-20 10:06:35,121.423800,31.233800, 66,112,0
89375,2007-02-20 10:07:36,121.422500,31.231100,  0, 90,0
89375,2007-02-20 10:08:37,121.423000,31.226600, 28, 90,0
89375,2007-02-20 10:09:38,121.423000,31.226000, 28,112,0
89375,2007-02-20 10:10:39,121.416300,31.221000, 64,112,0
89375,2007-02-20 10:11:40,121.411600,31.219800,  0,135,0
89375,2007-02-20 10:12:41,121.409800,31.219600, 64,135,0
89375,2007-02-20 10:13:42,121.401500,31.219500, 50,135,0
89375,2007-02-20 10:14:27,121.401300,31.221800,  0,  0,1
89375,2007-02-20 10:15:27,121.401100,31.221500,  6, 90,1
89375,2007-02-20 10:17:29,121.401100,31.221500,  0, 90,1
89375,2007-02-20 10:18:30,121.401100,31.221100, 20, 90,1
89375,2007-02-20 10:19:31,121.400800,31.220000,  0, 90,1
89375,2007-02-20 10:20:32,121.404000,31.218800, 12, 45,1
89375,2007-02-20 10:21:33,121.408000,31.218800, 32, 45,1
89375,2007-02-20 10:22:21,121.411300,31.219500, 28, 45,0
89375,2007-02-20 10:23:21,121.416800,31.220500,  0,112,0
89375,2007-02-20 10:24:22,121.419600,31.220600, 26, 45,0
89375,2007-02-20 10:25:23,121.423800,31.220500, 36, 45,0
89375,2007-02-20 10:26:24,121.428100,31.221500, 52, 45,0
89375,2007-02-20 10:27:24,121.433000,31.223100, 46, 22,0
89375,2007-02-20 10:28:26,121.436800,31.224600,  0, 45,0
89375,2007-02-20 10:29:27,121.438000,31.226100, 16, 22,0
89375,2007-02-20 10:30:28,121.439000,31.227100, 38, 22,0
89375,2007-02-20 10:31:29,121.442600,31.229000, 48, 22,0
89375,2007-02-20 10:32:29,121.448500,31.231300,  0, 45,0
89375,2007-02-20 10:33:31,121.448500,31.231300,  0, 45,0
89375,2007-02-20 10:34:32,121.451500,31.232100, 46, 45,0
89375,2007-02-20 10:35:33,121.452800,31.232800,  0, 45,0
89375,2007-02-20 10:36:08,121.454000,31.233100,  0, 22,1
89375,2007-02-20 10:37:08,121.455800,31.234100,  8, 22,1
89375,2007-02-20 10:38:09,121.458500,31.235300, 40, 22,1
89375,2007-02-20 10:39:09,121.461000,31.236100,  0, 45,1
89375,2007-02-20 10:40:11,121.460800,31.238000, 20,  0,1
89375,2007-02-20 10:41:12,121.459600,31.240600, 60,  0,1
89375,2007-02-20 10:42:13,121.457800,31.247100, 68,  0,1
89375,2007-02-20 10:43:14,121.459100,31.258000, 78,  0,1
89375,2007-02-20 10:44:14,121.454500,31.267300, 80,  0,1
89375,2007-02-20 10:45:16,121.448000,31.278500, 86,  0,1
89375,2007-02-20 10:46:17,121.446600,31.289500, 70,  0,1
89375,2007-02-20 10:47:18,121.450000,31.295500, 70, 45,1
89375,2007-02-20 10:50:21,121.461500,31.292600,  0,135,1
89375,2007-02-20 10:51:22,121.461500,31.292600,  0,135,1
89375,2007-02-20 10:53:24,121.461300,31.292600,  6,112,1
89375,2007-02-20 10:54:24,121.461800,31.292500,  0, 67,1
89375,2007-02-20 10:55:26,121.461800,31.292500,  0, 67,1
89375,2007-02-20 10:56:27,121.461800,31.292300, 10, 45,1
89375,2007-02-20 10:58:29,121.464600,31.288800,  0, 45,1
89375,2007-02-20 11:00:18,121.469600,31.288800, 26, 45,0
89375,2007-02-20 11:01:19,121.470300,31.288800,  0, 90,0
89375,2007-02-20 11:02:19,121.471800,31.288500, 18, 45,0
89375,2007-02-20 11:03:21,121.472000,31.288500,  0, 67,0
89375,2007-02-20 11:04:22,121.475100,31.288000, 48, 45,0
89375,2007-02-20 11:05:23,121.477600,31.287800,  0, 45,0
89375,2007-02-20 11:06:24,121.477600,31.287800,  0, 45,0
89375,2007-02-20 11:07:24,121.477800,31.287800,  8, 45,0
89375,2007-02-20 11:08:26,121.478000,31.282100, 66, 90,0
89375,2007-02-20 11:09:27,121.472100,31.273500, 48,112,0
89375,2007-02-20 11:10:28,121.468100,31.269300, 58,112,0
89375,2007-02-20 11:11:29,121.460100,31.264000, 64,112,0
89375,2007-02-20 11:12:29,121.449000,31.260800, 84,135,0
89375,2007-02-20 11:13:31,121.437100,31.257800, 66,112,0
89375,2007-02-20 11:14:32,121.427500,31.251600, 86,112,0
89375,2007-02-20 11:15:33,121.417100,31.244800, 86,112,0
89375,2007-02-20 11:16:34,121.408300,31.237500, 62,112,0
89375,2007-02-20 11:17:34,121.406100,31.227800, 74, 90,0
89375,2007-02-20 11:18:36,121.406100,31.217600, 68, 90,0
89375,2007-02-20 11:19:37,121.407500,31.214300,  0, 90,0
89375,2007-02-20 11:20:38,121.407100,31.211100, 30,135,0
89375,2007-02-20 11:21:39,121.399800,31.213000,  0,135,0
89375,2007-02-20 11:22:39,121.395600,31.213500, 20,112,0
89375,2007-02-20 11:23:41,121.392800,31.211600, 40,135,0
89375,2007-02-20 11:24:42,121.388600,31.211800, 48,135,0
89375,2007-02-20 11:25:43,121.381600,31.212500,  6,112,0
89375,2007-02-20 11:26:12,121.381000,31.212100,  0,112,1
89375,2007-02-20 11:27:13,121.381000,31.212100,  0, 22,1
89375,2007-02-20 11:28:14,121.381300,31.211500,  8, 45,1
89375,2007-02-20 11:29:14,121.381500,31.211800, 14, 90,1
89375,2007-02-20 11:30:16,121.380800,31.209800,  0, 67,1
89375,2007-02-20 11:31:18,121.380600,31.208600, 14, 45,0
89375,2007-02-20 11:32:19,121.382300,31.208100, 10, 45,0
89375,2007-02-20 11:33:19,121.382800,31.212000,  0,  0,0
89375,2007-02-20 11:34:21,121.380300,31.212600,  0,135,0
89375,2007-02-20 11:35:22,121.375800,31.214800, 42,  0,0
89375,2007-02-20 11:36:23,121.375500,31.219500, 22,135,0
89375,2007-02-20 11:36:49,121.375600,31.220500,  0,  0,1
89375,2007-02-20 11:37:49,121.375600,31.220500,  0,  0,1
89375,2007-02-20 11:40:53,121.381300,31.217000, 50, 45,1
89375,2007-02-20 11:41:54,121.388800,31.215300, 36, 45,1
89375,2007-02-20 11:42:54,121.390600,31.213800,  0, 90,1
89375,2007-02-20 11:43:00,121.390600,31.213600, 18, 90,0
89375,2007-02-20 11:44:01,121.390500,31.207600, 52, 90,0
89375,2007-02-20 11:45:02,121.394500,31.205100, 10, 45,0
89375,2007-02-20 11:46:03,121.394300,31.203300, 50, 90,0
89375,2007-02-20 11:47:04,121.401500,31.203600, 68, 22,0
89375,2007-02-20 11:48:04,121.407600,31.204100, 80, 90,0
89375,2007-02-20 11:49:06,121.413800,31.194600, 82, 67,0
89375,2007-02-20 11:50:07,121.421100,31.184800, 74, 67,0
89375,2007-02-20 11:51:08,121.431500,31.181000, 72, 45,0
89375,2007-02-20 11:52:09,121.442100,31.183800, 74, 22,0
89375,2007-02-20 11:53:09,121.452300,31.188800, 70, 45,0
89375,2007-02-20 11:54:59,121.469300,31.197800, 66, 45,0
89375,2007-02-20 11:55:59,121.475100,31.194000, 52, 90,0
89375,2007-02-20 11:57:01,121.478600,31.185100, 66, 90,0
89375,2007-02-20 11:58:02,121.475300,31.177300, 80,112,0
89375,2007-02-20 11:59:03,121.477600,31.174300, 36, 22,0
89375,2007-02-20 12:00:04,121.482100,31.176600, 54, 22,0
89375,2007-02-20 12:01:04,121.488600,31.180100, 50, 45,0
89375,2007-02-20 12:02:06,121.490800,31.176600, 22, 90,0
89375,2007-02-20 12:03:07,121.493300,31.173600, 52, 45,0
89375,2007-02-20 12:04:08,121.498000,31.174000, 48, 45,0
89375,2007-02-20 12:05:09,121.501100,31.174100, 32, 45,0
89375,2007-02-20 12:06:09,121.509000,31.175000,  8, 45,0
89375,2007-02-20 12:08:12,121.517600,31.177100,  0, 22,0
89375,2007-02-20 12:09:13,121.516800,31.181100, 44, 22,0
89375,2007-02-20 12:10:14,121.525100,31.183500, 36, 45,0
89375,2007-02-20 12:11:14,121.534300,31.186000, 60, 45,0
89375,2007-02-20 12:12:16,121.540600,31.187000, 48, 45,0
89375,2007-02-20 12:14:18,121.550100,31.185500,  0, 90,0
89375,2007-02-20 12:15:19,121.551000,31.183100,  0, 90,0
89375,2007-02-20 12:16:19,121.553300,31.177300, 30,  0,0
89375,2007-02-20 12:17:21,121.553100,31.182800, 46, 45,0
89375,2007-02-20 12:18:22,121.557800,31.182600, 36, 90,0
89375,2007-02-20 12:20:24,121.562500,31.176500, 36, 67,0
89375,2007-02-20 12:20:51,121.563300,31.175600,  0, 22,1
89375,2007-02-20 12:21:52,121.563300,31.175600,  0, 22,1
89375,2007-02-20 12:22:53,121.563300,31.175800,  0,  0,1
89375,2007-02-20 12:23:53,121.561000,31.177000, 42,135,1
89375,2007-02-20 12:24:53,121.558300,31.180500, 44,  0,1
89375,2007-02-20 12:25:55,121.556800,31.185300, 34,  0,1
89375,2007-02-20 12:26:56,121.555600,31.190300, 48,  0,1
89375,2007-02-20 12:27:57,121.554800,31.194800, 42,  0,1
89375,2007-02-20 12:28:58,121.553100,31.200800, 52,157,1
89375,2007-02-20 12:29:58,121.552100,31.203600, 38,  0,1
89375,2007-02-20 12:31:00,121.549800,31.208800, 52,112,1
89375,2007-02-20 12:32:01,121.547000,31.210100,  0,  0,1
89375,2007-02-20 12:33:02,121.546500,31.212000, 22,  0,1
89375,2007-02-20 12:34:03,121.550300,31.213100, 40, 90,1
89375,2007-02-20 12:35:03,121.546600,31.211300, 22,157,1
89375,2007-02-20 12:36:05,121.546300,31.212600, 10,  0,1
89375,2007-02-20 12:37:06,121.539000,31.214000, 46,135,1
89375,2007-02-20 12:38:07,121.532100,31.216000, 42,135,1
89375,2007-02-20 12:39:08,121.530600,31.216500,  0,135,1
89375,2007-02-20 12:40:08,121.525500,31.216600, 30,135,1
89375,2007-02-20 12:41:10,121.524100,31.216600, 26,135,1
89375,2007-02-20 12:42:11,121.518500,31.217500, 46,  0,1
89375,2007-02-20 12:43:12,121.518300,31.220600,  0,  0,1
89375,2007-02-20 12:44:13,121.521300,31.221800,  0, 22,1
89375,2007-02-20 12:45:13,121.524000,31.222600,  0, 45,1
89375,2007-02-20 12:46:15,121.524100,31.222600, 24, 22,1
89375,2007-02-20 12:47:16,121.523600,31.225100,  0,  0,1
89375,2007-02-20 12:48:17,121.521800,31.229100, 52,  0,1
89375,2007-02-20 12:49:18,121.521000,31.231300,  0,157,1
89375,2007-02-20 12:50:18,121.521000,31.231300,  0,157,1
89375,2007-02-20 12:53:22,121.519800,31.238300, 36,112,1
89375,2007-02-20 12:54:23,121.518300,31.237800,  0,112,1
89375,2007-02-20 12:55:23,121.518100,31.237800, 12,135,1
89375,2007-02-20 12:56:25,121.515600,31.242000,  0,  0,1
89375,2007-02-20 12:57:26,121.519600,31.242600, 48, 45,1
89375,2007-02-20 12:58:27,121.520300,31.241300, 12, 90,1
89375,2007-02-20 12:59:28,121.518600,31.237800, 20,112,1
89375,2007-02-20 13:00:43,121.518500,31.236000, 42, 67,0
89375,2007-02-20 13:01:43,121.519000,31.234800,  0, 67,0
89375,2007-02-20 13:03:45,121.530000,31.238500, 12, 67,0
89375,2007-02-20 13:04:36,121.530500,31.236100,  0, 90,1
89375,2007-02-20 13:05:36,121.530100,31.236800, 30,157,1
89375,2007-02-20 13:06:37,121.532000,31.239300, 32, 67,1
89375,2007-02-20 13:07:38,121.531100,31.235500, 52,135,1
89375,2007-02-20 13:08:38,121.529000,31.234800, 34,112,1
89375,2007-02-20 13:09:40,121.522300,31.232600, 46,135,1
89375,2007-02-20 13:10:41,121.519500,31.234500,  0,  0,1
89375,2007-02-20 13:11:42,121.518000,31.237300, 42,157,1
89375,2007-02-20 13:12:43,121.520000,31.241100, 28, 45,1
89375,2007-02-20 13:13:43,121.525000,31.242800, 54, 45,1
89375,2007-02-20 13:14:45,121.533100,31.245100, 40, 45,1
89375,2007-02-20 13:15:46,121.538300,31.247000,  0, 45,1
89375,2007-02-20 13:15:56,121.538500,31.247000, 20, 22,0
89375,2007-02-20 13:16:57,121.541500,31.248500, 46, 22,0
89375,2007-02-20 13:17:58,121.547000,31.252500,  0,135,0
89375,2007-02-20 13:18:58,121.549000,31.254600,  4, 22,0
89375,2007-02-20 13:20:00,121.551300,31.257000, 26, 22,0
89375,2007-02-20 13:21:01,121.556100,31.260100, 40, 22,0
89375,2007-02-20 13:22:02,121.558100,31.258000, 10,112,0
89375,2007-02-20 13:22:36,121.558500,31.258100,  0, 22,1
89375,2007-02-20 13:23:36,121.560000,31.259000, 40, 22,1
89375,2007-02-20 13:24:37,121.564100,31.261100, 48, 22,1
89375,2007-02-20 13:25:38,121.568800,31.258000, 28, 67,1
89375,2007-02-20 13:26:38,121.564300,31.255100, 36,112,1
89375,2007-02-20 13:27:40,121.560600,31.252600, 26,112,1
89375,2007-02-20 13:28:41,121.557600,31.250800, 42,112,1
89375,2007-02-20 13:29:42,121.552800,31.247800, 32,112,1
89375,2007-02-20 13:30:43,121.548500,31.248100, 42,157,1
89375,2007-02-20 13:32:45,121.545100,31.250600, 44, 22,1
89375,2007-02-20 13:33:46,121.547100,31.252600, 44, 22,1
89375,2007-02-20 13:34:47,121.551600,31.257100, 20, 45,1
89375,2007-02-20 13:35:48,121.553600,31.255100,  0, 67,1
89375,2007-02-20 13:36:48,121.556300,31.256600,  0, 22,1
89375,2007-02-20 13:37:50,121.560600,31.259500, 34, 22,1
89375,2007-02-20 13:38:51,121.564300,31.261300, 26, 22,1
89375,2007-02-20 13:38:55,121.564600,31.261500, 42, 22,0
89375,2007-02-20 13:39:55,121.568800,31.258000, 12, 67,0
89375,2007-02-20 13:41:57,121.576300,31.258800,  0, 67,0
89375,2007-02-20 13:42:58,121.578100,31.259800, 54, 22,0
89375,2007-02-20 13:43:58,121.582100,31.265500, 58,  0,0
89375,2007-02-20 13:45:00,121.585300,31.272000, 38, 45,0
89375,2007-02-20 13:46:01,121.589600,31.273100, 46, 22,0
89375,2007-02-20 13:47:02,121.593600,31.276100, 52, 22,0
89375,2007-02-20 13:47:36,121.594800,31.277300,  0, 22,1
89375,2007-02-20 13:48:37,121.594800,31.277600,  0,  0,1
89375,2007-02-20 13:49:38,121.594800,31.278500, 12,  0,1
89375,2007-02-20 13:50:38,121.592500,31.279600, 32,135,1
89375,2007-02-20 13:51:40,121.590100,31.279600, 10, 90,1
89375,2007-02-20 13:52:41,121.592600,31.278000, 32, 67,1
89375,2007-02-20 13:53:42,121.597100,31.274500, 36, 90,1
89375,2007-02-20 13:54:43,121.593600,31.270500, 30,112,1
89375,2007-02-20 13:55:43,121.589800,31.268500, 34,112,1
89375,2007-02-20 13:56:45,121.585600,31.267000,  0,135,1
89375,2007-02-20 13:57:13,121.585300,31.266800, 22,135,0
89375,2007-02-20 13:58:13,121.582000,31.265500, 36, 90,0
89375,2007-02-20 14:01:17,121.572500,31.255500,  0,112,0
89375,2007-02-20 14:02:18,121.570800,31.254300, 62,112,0
89375,2007-02-20 14:03:18,121.562300,31.249100, 64,112,0
89375,2007-02-20 14:04:20,121.557500,31.251600, 46,157,0
89375,2007-02-20 14:05:21,121.553100,31.255600, 30,157,0
89375,2007-02-20 14:06:22,121.551800,31.256800,  0,157,0
89375,2007-02-20 14:07:23,121.550000,31.255800,  0,112,0
89375,2007-02-20 14:08:23,121.550800,31.254500, 58, 67,0
89375,2007-02-20 14:09:25,121.546500,31.253100, 76,157,0
89375,2007-02-20 14:10:26,121.536100,31.261500, 86,157,0
89375,2007-02-20 14:11:27,121.528600,31.271600, 84,157,0
89375,2007-02-20 14:13:28,121.517800,31.287600, 48,157,0
89375,2007-02-20 14:14:30,121.516500,31.290300,  0,157,0
89375,2007-02-20 14:15:31,121.516500,31.290300,  0,157,0
89375,2007-02-20 14:16:32,121.515100,31.293100, 12,157,0
89375,2007-02-20 14:17:33,121.511600,31.292500,  0,135,0
89375,2007-02-20 14:18:33,121.511100,31.295600,  0,  0,0
89375,2007-02-20 14:19:35,121.508600,31.296500,  6,157,0
89375,2007-02-20 14:20:36,121.506600,31.297100, 26,157,0
89375,2007-02-20 14:21:37,121.505300,31.295600,  4, 67,0
89375,2007-02-20 14:22:08,121.505300,31.295600,  0, 67,1
89375,2007-02-20 14:23:09,121.505300,31.295600,  6, 22,1
89375,2007-02-20 14:24:10,121.506300,31.297100,  0, 22,1
89375,2007-02-20 14:25:11,121.508000,31.296600,  0, 67,1
89375,2007-02-20 14:26:12,121.509300,31.298000,  0, 22,1
89375,2007-02-20 14:27:06,121.509500,31.298100,  8,  0,0
89375,2007-02-20 14:28:07,121.510000,31.299800, 40, 22,0
89375,2007-02-20 14:29:08,121.511500,31.301100, 32, 67,0
89375,2007-02-20 14:30:09,121.514300,31.295300, 52, 90,0
89375,2007-02-20 14:31:10,121.514800,31.294000,  0, 90,0
89375,2007-02-20 14:32:11,121.514800,31.294000,  0, 90,0
89375,2007-02-20 14:33:12,121.515800,31.291600, 32, 90,0
89375,2007-02-20 14:34:13,121.517300,31.287800, 30,135,0
89375,2007-02-20 14:35:13,121.511500,31.286600,  0,135,0
89375,2007-02-20 14:36:15,121.511800,31.284000, 52, 90,0
89375,2007-02-20 14:37:16,121.507000,31.280800, 50,112,0
89375,2007-02-20 14:38:17,121.505300,31.277300, 36, 67,0
89375,2007-02-20 14:39:18,121.503800,31.274000, 30,112,0
89375,2007-02-20 14:39:57,121.501800,31.272300,  0, 90,1
89375,2007-02-20 14:41:58,121.505500,31.267800, 46, 22,1
89375,2007-02-20 14:42:58,121.509500,31.267600,  0, 67,1
89375,2007-02-20 14:44:00,121.509600,31.267500, 18, 45,1
89375,2007-02-20 14:45:01,121.511800,31.269100,  0, 22,1
89375,2007-02-20 14:46:02,121.511100,31.271000, 24,157,1
89375,2007-02-20 14:47:03,121.507800,31.275100, 24,  0,1
89375,2007-02-20 14:48:04,121.507100,31.275600, 32,135,1
89375,2007-02-20 14:49:05,121.503300,31.275000, 40,157,1
89375,2007-02-20 14:50:06,121.507500,31.278100, 16, 45,1
89375,2007-02-20 14:51:07,121.511600,31.278500, 42, 45,1
89375,2007-02-20 14:52:08,121.513300,31.278800,  0, 45,1
89375,2007-02-20 14:53:09,121.514300,31.281300, 24, 45,1
89375,2007-02-20 14:54:10,121.516800,31.282100, 32, 22,1
89375,2007-02-20 14:55:11,121.519600,31.283100, 10, 45,1
89375,2007-02-20 14:55:21,121.520100,31.283300, 22, 45,0
89375,2007-02-20 14:56:21,121.521100,31.283600,  0, 45,0
89375,2007-02-20 14:56:42,121.522500,31.284000, 38, 22,0
89375,2007-02-20 14:58:43,121.530800,31.290600, 22, 22,0
89375,2007-02-20 14:58:58,121.531300,31.290800,  0, 45,1
89375,2007-02-20 15:02:07,121.542000,31.293100, 34, 45,1
89375,2007-02-20 15:03:08,121.546500,31.292100, 22, 45,1
89375,2007-02-20 15:04:08,121.550100,31.288100, 30,112,1
89375,2007-02-20 15:05:10,121.542000,31.283100, 54,112,1
89375,2007-02-20 15:06:11,121.544600,31.279600, 38, 67,1
89375,2007-02-20 15:07:12,121.546600,31.278100,  0, 22,1
89375,2007-02-20 15:09:13,121.546600,31.278100,  0, 22,1
89375,2007-02-20 15:10:15,121.546600,31.278100,  0, 22,1
89375,2007-02-20 15:11:16,121.546600,31.278100,  0, 22,1
89375,2007-02-20 15:12:17,121.546600,31.278100,  0, 22,1
89375,2007-02-20 15:13:18,121.546600,31.278100,  0, 22,1
89375,2007-02-20 15:14:18,121.546500,31.278500, 22,157,1
89375,2007-02-20 15:15:20,121.542600,31.279000, 44,112,1
89375,2007-02-20 15:16:21,121.537100,31.275000, 32,112,1
89375,2007-02-20 15:17:22,121.534100,31.273800, 28,157,1
89375,2007-02-20 15:18:23,121.532600,31.275600, 26,157,1
89375,2007-02-20 15:19:23,121.531000,31.278300,  0,157,1
89375,2007-02-20 15:20:25,121.531000,31.278300,  0,157,1
89375,2007-02-20 15:22:27,121.526600,31.277600, 24,135,1
89375,2007-02-20 15:22:32,121.526100,31.277600, 32,135,0
89375,2007-02-20 15:23:33,121.524600,31.277300,  0,112,0
89375,2007-02-20 15:24:33,121.521600,31.275800,  0,112,0
89375,2007-02-20 15:25:35,121.515600,31.272500, 18,135,0
89375,2007-02-20 15:25:50,121.515300,31.273100,  0,  0,1
89375,2007-02-20 15:26:51,121.514000,31.277300, 32,  0,1
89375,2007-02-20 15:27:52,121.517800,31.279800, 42, 45,1
89375,2007-02-20 15:28:53,121.519600,31.279000,  0,135,1
89375,2007-02-20 15:31:56,121.524000,31.280600,  8, 22,1
89375,2007-02-20 15:32:57,121.528500,31.282600, 26, 67,1
89375,2007-02-20 15:33:58,121.529500,31.278300, 48,135,1
89375,2007-02-20 15:36:40,121.528100,31.271800, 48, 67,1
89375,2007-02-20 15:37:41,121.531300,31.267500, 32, 67,1
89375,2007-02-20 15:38:42,121.532800,31.265600,  0, 67,1
89375,2007-02-20 15:39:43,121.534300,31.263000, 30, 90,1
89375,2007-02-20 15:40:43,121.533100,31.260100, 22, 67,1
89375,2007-02-20 15:41:45,121.534300,31.259000,  0, 67,1
89375,2007-02-20 15:42:46,121.534300,31.259000,  0, 67,1
89375,2007-02-20 15:43:47,121.534300,31.259000,  0, 67,1
89375,2007-02-20 15:44:48,121.534300,31.259000,  0, 67,1
89375,2007-02-20 15:45:48,121.534300,31.259000,  0, 67,1
89375,2007-02-20 15:46:50,121.534300,31.259000,  0, 67,1
89375,2007-02-20 15:48:52,121.534300,31.259000,  0, 67,1
89375,2007-02-20 15:49:53,121.534300,31.259000,  0, 67,1
89375,2007-02-20 15:50:53,121.534300,31.259000,  0, 67,1
89375,2007-02-20 15:51:55,121.534300,31.259000,  0, 67,1
89375,2007-02-20 15:52:56,121.534300,31.259000,  0, 67,1
89375,2007-02-20 15:54:58,121.534300,31.259000,  0, 67,1
89375,2007-02-20 15:55:58,121.534500,31.258800,  0, 67,1
89375,2007-02-20 15:57:00,121.536600,31.260800, 20,  0,1
89375,2007-02-20 15:58:01,121.534100,31.263800, 38,157,1
89375,2007-02-20 15:58:05,121.534000,31.264300, 48,157,0
89375,2007-02-20 15:59:05,121.530000,31.269600, 48,157,0
89375,2007-02-20 16:00:06,121.529100,31.271000,  0,157,0
89375,2007-02-20 16:01:07,121.529100,31.271000,  0,157,0
89375,2007-02-20 16:02:08,121.525800,31.275800, 42,157,0
89375,2007-02-20 16:03:08,121.522500,31.278300, 46,157,0
89375,2007-02-20 16:04:10,121.522000,31.279100,  0,  0,0
89375,2007-02-20 16:05:11,121.520100,31.278800,  0,112,0
89375,2007-02-20 16:07:13,121.513500,31.278600,  0,  0,0
89375,2007-02-20 16:08:13,121.510100,31.279300, 22,157,0
89375,2007-02-20 16:09:33,121.510000,31.281800, 44, 22,1
89375,2007-02-20 16:10:35,121.512000,31.284000, 48,  0,1
89375,2007-02-20 16:11:36,121.511300,31.286000,  0,  0,1
89375,2007-02-20 16:12:37,121.510100,31.286300, 16,135,1
89375,2007-02-20 16:13:38,121.510600,31.287600,  2, 22,1
89375,2007-02-20 16:13:53,121.510500,31.287500, 20,112,0
89375,2007-02-20 16:14:53,121.509600,31.286300, 24,112,0
89375,2007-02-20 16:15:53,121.504100,31.287800,  0,135,0
89375,2007-02-20 16:16:55,121.504100,31.287800,  0,135,0
89375,2007-02-20 16:17:56,121.503000,31.286300, 60,112,0
89375,2007-02-20 16:18:57,121.499800,31.280500, 54,112,0
89375,2007-02-20 16:19:58,121.496800,31.276800,  0,112,0
89375,2007-02-20 16:20:58,121.496800,31.276800,  0,112,0
89375,2007-02-20 16:22:00,121.496500,31.276300, 44,112,0
89375,2007-02-20 16:23:01,121.489800,31.270500, 60,112,0
89375,2007-02-20 16:24:02,121.486100,31.266100,  0,112,0
89375,2007-02-20 16:25:03,121.486100,31.266100,  0,112,0
89375,2007-02-20 16:26:03,121.484100,31.261300, 46, 90,0
89375,2007-02-20 16:27:05,121.483000,31.255100,  0, 67,0
89375,2007-02-20 16:28:06,121.484300,31.252500, 50, 90,0
89375,2007-02-20 16:29:07,121.485100,31.244300, 56, 67,0
89375,2007-02-20 16:29:59,121.484100,31.240600,  0,135,1
89375,2007-02-20 16:31:00,121.483000,31.240100, 14,135,1
89375,2007-02-20 16:32:01,121.481500,31.241100, 18,157,1
89375,2007-02-20 16:33:02,121.482100,31.242800, 22,  0,1
89375,2007-02-20 16:34:03,121.481000,31.246600,  0,157,1
89375,2007-02-20 16:35:03,121.480800,31.248000, 24,  0,1
89375,2007-02-20 16:35:08,121.480800,31.248300, 40,  0,0
89375,2007-02-20 16:36:05,121.481100,31.252100, 56, 22,0
89375,2007-02-20 16:37:06,121.483500,31.253300,  0, 22,0
89375,2007-02-20 16:38:07,121.485000,31.254100, 46, 22,0
89375,2007-02-20 16:39:08,121.488500,31.255300,  0, 45,0
89375,2007-02-20 16:40:08,121.491100,31.255600, 34, 22,0
89375,2007-02-20 16:41:10,121.497500,31.260100, 62, 22,0
89375,2007-02-20 16:42:02,121.501300,31.261500,  0, 67,1
89375,2007-02-20 16:43:02,121.502000,31.260800, 18, 67,1
89375,2007-02-20 16:44:03,121.504500,31.261500, 32, 22,1
89375,2007-02-20 16:45:03,121.508300,31.260100,  0, 67,1
89375,2007-02-20 16:46:05,121.508300,31.260000,  0, 67,1
89375,2007-02-20 16:47:06,121.509800,31.261000,  0, 22,1
89375,2007-02-20 16:48:07,121.511500,31.262300,  4, 22,1
89375,2007-02-20 16:48:15,121.511600,31.262600, 28, 22,0
89375,2007-02-20 16:49:16,121.515000,31.264500,  0, 22,0
89375,2007-02-20 16:50:17,121.518500,31.266100,  0, 45,0
89375,2007-02-20 16:51:18,121.521800,31.267800,  0, 22,0
89375,2007-02-20 16:52:19,121.524100,31.268800, 36, 22,0
89375,2007-02-20 16:52:35,121.525000,31.269100,  0, 22,1
89375,2007-02-20 16:53:35,121.525800,31.269600,  0, 22,1
89375,2007-02-20 16:54:36,121.528600,31.271000, 42, 22,1
89375,2007-02-20 16:55:37,121.531300,31.272300,  6, 22,1
89375,2007-02-20 16:56:38,121.533800,31.273300,  0, 22,1
89375,2007-02-20 16:57:38,121.533000,31.275000, 24,157,1
89375,2007-02-20 16:58:40,121.530600,31.278600, 30,157,1
89375,2007-02-20 16:59:40,121.528000,31.279300, 12,112,1
89375,2007-02-20 17:00:41,121.527800,31.279300,  0,112,1
89375,2007-02-20 17:01:42,121.527800,31.279300,  0,112,1
89375,2007-02-20 17:02:42,121.527800,31.279300,  0,112,1
89375,2007-02-20 17:03:44,121.527800,31.279300,  0,112,1
89375,2007-02-20 17:04:45,121.527800,31.279300,  0,112,1
89375,2007-02-20 17:05:46,121.527800,31.279300,  0,112,1
89375,2007-02-20 17:06:47,121.527800,31.279300,  0,112,1
89375,2007-02-20 17:07:47,121.527800,31.279300,  0,112,1
89375,2007-02-20 17:08:49,121.527800,31.279300,  0,112,1
89375,2007-02-20 17:09:50,121.527800,31.279300,  0,112,1
89375,2007-02-20 17:10:51,121.527800,31.279300,  0,112,1
89375,2007-02-20 17:11:52,121.527800,31.279300,  0,112,1
89375,2007-02-20 17:13:54,121.527800,31.279300,  0,112,1
89375,2007-02-20 17:14:55,121.527800,31.279300,  0,112,1
89375,2007-02-20 17:16:57,121.527800,31.279300,  0,112,1
89375,2007-02-20 17:17:58,121.527800,31.279300,  0,112,1
89375,2007-02-20 17:18:59,121.527800,31.279300,  0,112,1
89375,2007-02-20 17:20:00,121.527800,31.279300,  0,112,1
89375,2007-02-20 17:21:01,121.527800,31.279300,  0,112,1
89375,2007-02-20 17:22:02,121.527800,31.279300,  0,112,1
89375,2007-02-20 17:23:03,121.527800,31.279300,  0,112,1
89375,2007-02-20 17:24:04,121.527800,31.279300,  0,112,1
89375,2007-02-20 17:26:06,121.527800,31.279300,  0,112,1
89375,2007-02-20 17:27:07,121.527800,31.279300,  0,112,1
89375,2007-02-20 17:28:08,121.527800,31.279300,  0,112,1
89375,2007-02-20 17:29:09,121.527800,31.279300,  0,112,1
89375,2007-02-20 17:30:10,121.527800,31.279300,  0,112,1
89375,2007-02-20 17:31:11,121.527800,31.279300,  0,112,1
89375,2007-02-20 17:32:12,121.527800,31.279300,  0,112,1
89375,2007-02-20 17:33:13,121.527800,31.279300,  0,112,1
89375,2007-02-20 17:34:14,121.527800,31.279300,  0,112,1
89375,2007-02-20 17:35:15,121.527800,31.279300,  0,112,1
89375,2007-02-20 17:36:16,121.527800,31.279300,  0,112,1
89375,2007-02-20 17:37:17,121.527800,31.279300,  0,112,1
89375,2007-02-20 17:38:18,121.527800,31.279300,  0,112,1
89375,2007-02-20 17:39:19,121.527800,31.279300,  0,112,1
89375,2007-02-20 17:40:20,121.530000,31.280000,  4,  0,1
89375,2007-02-20 17:42:22,121.524300,31.288800, 50,157,1
89375,2007-02-20 17:43:23,121.521600,31.295800, 36, 22,1
89375,2007-02-20 17:45:25,121.527500,31.309600,  8,  0,1
89375,2007-02-20 17:46:26,121.527600,31.314800, 18,  0,1
89375,2007-02-20 17:47:27,121.527500,31.315500,  0,  0,1
89375,2007-02-20 17:48:28,121.527500,31.317500, 26,  0,1
89375,2007-02-20 17:50:30,121.531000,31.323500, 34, 45,1
89375,2007-02-20 17:51:31,121.534000,31.323500,  0, 45,1
89375,2007-02-20 17:52:32,121.534100,31.325100, 44,  0,1
89375,2007-02-20 17:53:33,121.534100,31.326000,  0,  0,1
89375,2007-02-20 17:54:34,121.534100,31.326000,  0,  0,1
89375,2007-02-20 17:55:35,121.534100,31.326000,  0,  0,1
89375,2007-02-20 17:56:36,121.534100,31.326000,  0,  0,1
89375,2007-02-20 17:57:37,121.534100,31.326000,  0,  0,1
89375,2007-02-20 17:58:38,121.534100,31.326000,  0,  0,1
89375,2007-02-20 17:59:39,121.534100,31.326000,  0,  0,1
89375,2007-02-20 18:00:40,121.533800,31.328600, 14,  0,1
89375,2007-02-20 18:01:41,121.533800,31.328800,  0,  0,1
89375,2007-02-20 18:02:42,121.533800,31.329100, 26,  0,1
89375,2007-02-20 18:03:43,121.537100,31.330000,  6, 90,1
89375,2007-02-20 18:04:44,121.537000,31.329000,  0, 90,1
89375,2007-02-20 18:05:45,121.537100,31.329300, 20, 45,1
89375,2007-02-20 18:06:46,121.537600,31.329300,  0,135,1
89375,2007-02-20 18:07:47,121.537600,31.329300,  0,135,1
89375,2007-02-20 18:08:48,121.537600,31.329300,  0,135,1
89375,2007-02-20 18:10:50,121.537600,31.329300,  0,135,1
89375,2007-02-20 18:11:51,121.537600,31.329300,  0,135,1
89375,2007-02-20 18:12:52,121.537600,31.329300,  0,135,1
89375,2007-02-20 18:13:53,121.537600,31.329300,  0,135,1
89375,2007-02-20 18:14:54,121.537600,31.329300,  0,135,1
89375,2007-02-20 18:15:55,121.537600,31.329300,  0,135,1
89375,2007-02-20 18:16:56,121.537600,31.329300,  0,135,1
89375,2007-02-20 18:17:57,121.537600,31.329300,  0,135,1
89375,2007-02-20 18:18:58,121.537600,31.329300,  0,135,1
89375,2007-02-20 18:19:59,121.537600,31.329300,  0,135,1
89375,2007-02-20 18:22:01,121.537600,31.329300,  0,135,1
89375,2007-02-20 18:23:02,121.537600,31.329300,  0,135,1
89375,2007-02-20 18:24:03,121.537600,31.329300,  0,135,1
89375,2007-02-20 18:25:04,121.537600,31.329300,  0,135,1
89375,2007-02-20 18:26:05,121.537600,31.329300,  0,135,1
89375,2007-02-20 18:27:06,121.537600,31.329300,  0,135,1
89375,2007-02-20 18:28:07,121.537600,31.329300,  0,135,1
89375,2007-02-20 18:29:08,121.537600,31.329300,  0,135,1
89375,2007-02-20 18:30:09,121.537600,31.329300,  0,135,1
89375,2007-02-20 18:31:10,121.537600,31.329300,  0,135,1
89375,2007-02-20 18:32:11,121.537600,31.329300,  0,135,1
89375,2007-02-20 18:33:12,121.537600,31.329300,  0,135,1
89375,2007-02-20 18:35:14,121.537600,31.329300,  0,135,1
89375,2007-02-20 18:36:15,121.537600,31.329300,  0,135,1
89375,2007-02-20 18:37:16,121.537600,31.329300,  0,135,1
89375,2007-02-20 18:39:18,121.537600,31.329300,  0,135,1
89375,2007-02-20 18:41:20,121.537600,31.329300,  0,135,1
89375,2007-02-20 18:42:21,121.537600,31.329300,  0,135,1
89375,2007-02-20 18:43:22,121.537600,31.329300,  0,135,1
89375,2007-02-20 18:44:23,121.537600,31.329300,  0,135,1
89375,2007-02-20 18:45:24,121.537600,31.329300,  0,135,1
89375,2007-02-20 18:46:25,121.537600,31.329300,  0,135,1
89375,2007-02-20 19:09:13,121.537600,31.329300,  0,135,1
89375,2007-02-20 19:10:14,121.537600,31.329300,  0,135,1
89375,2007-02-20 19:11:15,121.537600,31.329300,  0,135,1
89375,2007-02-20 19:13:17,121.537600,31.329300,  0,135,1
89375,2007-02-20 19:14:18,121.537600,31.329300,  0,135,1
89375,2007-02-20 19:15:19,121.537600,31.329300,  0,135,1
89375,2007-02-20 19:16:20,121.537600,31.329300,  0,135,1
89375,2007-02-20 19:17:21,121.537600,31.329300,  0,135,1
89375,2007-02-20 19:18:22,121.537600,31.329300,  0,135,1
89375,2007-02-20 19:19:23,121.537600,31.329300,  0,135,1
89375,2007-02-20 19:20:24,121.537600,31.329300,  0,135,1
89375,2007-02-20 19:21:25,121.537600,31.329300,  0,135,1
89375,2007-02-20 19:22:26,121.537600,31.329300,  0,135,1
89375,2007-02-20 19:23:27,121.537600,31.329300,  0,135,1
89375,2007-02-20 19:24:28,121.537600,31.329300,  0,135,1
89375,2007-02-20 19:26:30,121.537600,31.329300,  0,135,1
89375,2007-02-20 19:27:31,121.537600,31.329300,  0,135,1
89375,2007-02-20 19:28:32,121.537600,31.329300,  0,135,1
89375,2007-02-20 19:29:33,121.537600,31.329300,  0,135,1
89375,2007-02-20 19:30:34,121.537600,31.329300,  0,135,1
89375,2007-02-20 19:31:35,121.537600,31.329300,  0,135,1
89375,2007-02-20 19:32:36,121.537600,31.329300,  0,135,1
89375,2007-02-20 19:34:38,121.537600,31.329300,  0,135,1
89375,2007-02-20 19:35:39,121.537600,31.329300,  0,135,1
89375,2007-02-20 19:36:40,121.537600,31.329300,  0,135,1
89375,2007-02-20 19:37:41,121.537600,31.329300,  0,135,1
89375,2007-02-20 19:38:42,121.537600,31.329300,  0,135,1
89375,2007-02-20 19:39:43,121.537600,31.329300,  0,135,1
89375,2007-02-20 19:40:44,121.537600,31.329300,  0,135,1
89375,2007-02-20 19:42:46,121.537600,31.329300,  0,135,1
89375,2007-02-20 19:43:47,121.537600,31.329300,  0,135,1
89375,2007-02-20 19:44:48,121.537600,31.329300,  0,135,1
89375,2007-02-20 19:45:49,121.537600,31.329300,  0,135,1
89375,2007-02-20 19:46:51,121.537600,31.329300,  0,135,1
89375,2007-02-20 19:47:51,121.537600,31.329300,  0,135,1
89375,2007-02-20 19:50:21,121.537600,31.329300,  0,135,1
89375,2007-02-20 19:51:22,121.537600,31.329300,  0,135,1
89375,2007-02-20 19:52:22,121.537600,31.329300,  0,135,1
89375,2007-02-20 19:54:25,121.537600,31.329300,  0,135,1
89375,2007-02-20 19:55:26,121.537600,31.329300,  0,135,1
89375,2007-02-20 19:57:27,121.537600,31.329300,  0,135,1
89375,2007-02-20 19:58:29,121.537600,31.329300,  0,135,1
89375,2007-02-20 19:59:30,121.537600,31.329300,  0,135,1
89375,2007-02-20 20:00:31,121.537600,31.329300,  0,135,1
89375,2007-02-20 20:01:32,121.537600,31.329300,  0,135,1
89375,2007-02-20 20:02:32,121.537600,31.329300,  0,135,1
89375,2007-02-20 20:03:34,121.537600,31.329300,  0,135,1
89375,2007-02-20 20:04:35,121.537600,31.329300,  0,135,1
89375,2007-02-20 20:05:36,121.537600,31.329300,  0,135,1
89375,2007-02-20 20:06:37,121.537600,31.329300,  0,135,1
89375,2007-02-20 20:07:37,121.537600,31.329300,  0,135,1
89375,2007-02-20 20:08:39,121.537600,31.329300,  0,135,1
89375,2007-02-20 20:09:40,121.537600,31.329300,  0,135,1
89375,2007-02-20 20:10:41,121.537600,31.329300,  0,135,1
89375,2007-02-20 20:11:42,121.537600,31.329300,  0,135,1
89375,2007-02-20 20:12:42,121.537600,31.329300,  0,135,1
89375,2007-02-20 20:13:44,121.537600,31.329300,  0,135,1
89375,2007-02-20 20:14:45,121.537600,31.329300,  0,135,1
89375,2007-02-20 20:16:06,121.537600,31.329300,  0,135,1
89375,2007-02-20 20:17:07,121.537600,31.329300,  0,135,1
89375,2007-02-20 20:19:09,121.537600,31.329300,  0,135,1
89375,2007-02-20 20:20:10,121.537600,31.329300,  0,135,1
89375,2007-02-20 20:21:11,121.537600,31.329300,  0,135,1
89375,2007-02-20 20:22:12,121.537600,31.329300,  0,135,1
89375,2007-02-20 20:24:14,121.537600,31.329300,  0,135,1
89375,2007-02-20 20:25:15,121.537600,31.329300,  0,135,1
89375,2007-02-20 20:26:16,121.537600,31.329300,  0,135,1
89375,2007-02-20 20:27:17,121.537600,31.329300,  0,135,1
89375,2007-02-20 20:28:17,121.537600,31.329300,  0,135,1
89375,2007-02-20 20:29:19,121.537600,31.329300,  0,135,1
89375,2007-02-20 20:30:20,121.537600,31.329300,  0,135,1
89375,2007-02-20 20:31:21,121.537600,31.329300,  0,135,1
89375,2007-02-20 20:32:22,121.537600,31.329300,  0,135,1
89375,2007-02-20 20:33:22,121.537600,31.329300,  0,135,1
89375,2007-02-20 20:34:24,121.537600,31.329300,  0,135,1
89375,2007-02-20 20:35:25,121.537600,31.329300,  0,135,1
89375,2007-02-20 20:36:26,121.537600,31.329300,  0,135,1
89375,2007-02-20 20:37:27,121.537600,31.329300,  0,135,1
89375,2007-02-20 20:38:27,121.537600,31.329300,  0,135,1
89375,2007-02-20 20:39:29,121.537600,31.329300,  0,135,1
89375,2007-02-20 20:40:30,121.537600,31.329300,  0,135,1
89375,2007-02-20 20:41:31,121.537600,31.329300,  0,135,1
89375,2007-02-20 20:42:32,121.537600,31.329300,  0,135,1
89375,2007-02-20 20:43:32,121.537600,31.329300,  0,135,1
89375,2007-02-20 20:44:34,121.537600,31.329300,  0,135,1
89375,2007-02-20 20:45:35,121.537600,31.329300,  0,135,1
89375,2007-02-20 20:46:36,121.537600,31.329300,  0,135,1
89375,2007-02-20 20:47:37,121.537600,31.329300,  0,135,1
89375,2007-02-20 20:48:37,121.537600,31.329300,  0,135,1
89375,2007-02-20 20:49:39,121.537600,31.329300,  0,135,1
89375,2007-02-20 20:50:40,121.537600,31.329300,  0,135,1
89375,2007-02-20 20:51:41,121.537600,31.329300,  0,135,1
89375,2007-02-20 20:52:42,121.537600,31.329300,  0,135,1
89375,2007-02-20 20:53:42,121.537600,31.329300,  0,135,1
89375,2007-02-20 20:54:44,121.537600,31.329300,  0,135,1
89375,2007-02-20 20:55:45,121.537600,31.329300,  0,135,1
89375,2007-02-20 20:57:47,121.537600,31.329300,  0,135,1
89375,2007-02-20 20:58:47,121.537600,31.329300,  0,135,1
89375,2007-02-20 20:59:49,121.537600,31.329300,  0,135,1
89375,2007-02-20 21:00:50,121.537600,31.329300,  0,135,1
89375,2007-02-20 21:01:51,121.537600,31.329300,  0,135,1
89375,2007-02-20 21:02:52,121.537600,31.329300,  0,135,1
89375,2007-02-20 21:03:52,121.537600,31.329300,  0,135,1
89375,2007-02-20 21:04:54,121.537600,31.329300,  0,135,1
89375,2007-02-20 21:05:55,121.537600,31.329300,  0,135,1
89375,2007-02-20 21:06:56,121.537600,31.329300,  0,135,1
89375,2007-02-20 21:07:57,121.537600,31.329300,  0,135,1
89375,2007-02-20 21:08:57,121.537600,31.329300,  0,135,1
89375,2007-02-20 21:11:00,121.537600,31.329300,  0,135,1
89375,2007-02-20 21:12:01,121.537600,31.329300,  0,135,1
89375,2007-02-20 21:13:02,121.537600,31.329300,  0,135,1
89375,2007-02-20 21:14:02,121.537600,31.329300,  0,135,1
89375,2007-02-20 21:15:04,121.537600,31.329300,  0,135,1
89375,2007-02-20 21:16:05,121.537600,31.329300,  0,135,1
89375,2007-02-20 21:17:06,121.537600,31.329300,  0,135,1
89375,2007-02-20 21:18:07,121.537600,31.329300,  0,135,1
89375,2007-02-20 21:19:07,121.537600,31.329300,  0,135,1
89375,2007-02-20 21:21:10,121.537600,31.329300,  0,135,1
89375,2007-02-20 21:22:11,121.537600,31.329300,  0,135,1
89375,2007-02-20 21:23:12,121.537600,31.329300,  0,135,1
89375,2007-02-20 21:25:00,121.537600,31.329300,  0,135,1
89375,2007-02-20 21:26:01,121.537600,31.329300,  0,135,1
89375,2007-02-20 21:27:02,121.537600,31.329300,  0,135,1
89375,2007-02-20 21:28:02,121.537600,31.329500,  0,135,1
89375,2007-02-20 21:29:04,121.537600,31.329500,  0,135,1
89375,2007-02-20 21:31:06,121.537600,31.329500,  0,135,1
89375,2007-02-20 21:32:07,121.537600,31.329300,  0,135,1
89375,2007-02-20 21:33:07,121.537600,31.329300,  0,135,1
89375,2007-02-20 21:34:08,121.537600,31.329300,  0,135,1
89375,2007-02-20 21:35:09,121.537600,31.329300,  0,135,1
89375,2007-02-20 21:36:10,121.537600,31.329300,  0,135,1
89375,2007-02-20 21:37:11,121.537600,31.329300,  0,135,1
89375,2007-02-20 21:38:11,121.537600,31.329300,  0,135,1
89375,2007-02-20 21:39:13,121.537600,31.329300,  0,135,1
89375,2007-02-20 21:40:14,121.537600,31.329300,  0,135,1
89375,2007-02-20 21:41:15,121.537600,31.329300,  0,135,1
89375,2007-02-20 21:42:16,121.537600,31.329300,  0,135,1
89375,2007-02-20 21:43:16,121.537600,31.329300,  0,135,1
89375,2007-02-20 21:44:18,121.537600,31.329300,  0,135,1
89375,2007-02-20 21:45:19,121.537600,31.329300,  0,135,1
89375,2007-02-20 21:46:20,121.537600,31.329300,  0,135,1
89375,2007-02-20 21:47:21,121.537600,31.329300,  0,135,1
89375,2007-02-20 21:48:21,121.537600,31.329300,  0,135,1
89375,2007-02-20 21:49:23,121.537600,31.329300,  0,135,1
89375,2007-02-20 21:50:24,121.537600,31.329300,  0,135,1
89375,2007-02-20 21:51:25,121.537600,31.329300,  0,135,1
89375,2007-02-20 21:52:26,121.537600,31.329300,  0,135,1
89375,2007-02-20 21:53:26,121.537600,31.329300,  0,135,1
89375,2007-02-20 21:54:28,121.537600,31.329300,  0,135,1
89375,2007-02-20 21:55:29,121.537600,31.329300,  0,135,1
89375,2007-02-20 21:56:30,121.537600,31.329300,  0,135,1
89375,2007-02-20 21:57:31,121.537600,31.329300,  0,135,1
89375,2007-02-20 21:58:31,121.537600,31.329300,  0,135,1
89375,2007-02-20 21:59:33,121.537600,31.329300,  0,135,1
89375,2007-02-20 22:00:34,121.537600,31.329300,  0,135,1
89375,2007-02-20 22:01:35,121.537600,31.329300,  0,135,1
89375,2007-02-20 22:02:36,121.537600,31.329300,  0,135,1
89375,2007-02-20 22:03:36,121.537600,31.329300,  0,135,1
89375,2007-02-20 22:04:38,121.537600,31.329300,  0,135,1
89375,2007-02-20 22:05:39,121.537600,31.329300,  0,135,1
89375,2007-02-20 22:06:40,121.537600,31.329300,  0,135,1
89375,2007-02-20 22:07:41,121.537600,31.329300,  0,135,1
89375,2007-02-20 22:08:41,121.537600,31.329300,  0,135,1
89375,2007-02-20 22:09:43,121.537600,31.329300,  0,135,1
89375,2007-02-20 22:10:44,121.537600,31.329300,  0,135,1
89375,2007-02-20 22:11:45,121.537600,31.329300,  0,135,1
89375,2007-02-20 22:12:46,121.537600,31.329300,  0,135,1
89375,2007-02-20 22:13:46,121.537600,31.329300,  0,135,1
89375,2007-02-20 22:14:48,121.537600,31.329300,  0,135,1
89375,2007-02-20 22:15:49,121.537600,31.329300,  0,135,1
89375,2007-02-20 22:16:50,121.537600,31.329300,  0,135,1
89375,2007-02-20 22:17:51,121.537600,31.329300,  0,135,1
89375,2007-02-20 22:18:51,121.537600,31.329300,  0,135,1
89375,2007-02-20 22:19:53,121.537600,31.329300,  0,135,1
89375,2007-02-20 22:20:54,121.537600,31.329300,  0,135,1
89375,2007-02-20 22:21:55,121.537600,31.329300,  0,135,1
89375,2007-02-20 22:22:56,121.537600,31.329300,  0,135,1
89375,2007-02-20 22:23:56,121.537600,31.329300,  0,135,1
89375,2007-02-20 22:24:58,121.537600,31.329300,  0,135,1
89375,2007-02-20 22:25:59,121.537600,31.329300,  0,135,1
89375,2007-02-20 22:27:00,121.537600,31.329300,  0,135,1
89375,2007-02-20 22:28:01,121.537600,31.329300,  0,135,1
89375,2007-02-20 22:29:01,121.537600,31.329300,  0,135,1
89375,2007-02-20 22:30:03,121.537600,31.329300,  0,135,1
89375,2007-02-20 22:31:04,121.537600,31.329300,  0,135,1
89375,2007-02-20 22:32:05,121.537600,31.329300,  0,135,1
89375,2007-02-20 22:34:06,121.537600,31.329300,  0,135,1
89375,2007-02-20 22:35:08,121.537600,31.329300,  0,135,1
89375,2007-02-20 22:36:09,121.537600,31.329300,  0,135,1
89375,2007-02-20 22:37:10,121.537600,31.329300,  0,135,1
89375,2007-02-20 22:38:11,121.537600,31.329300,  0,135,1
89375,2007-02-20 22:39:11,121.537600,31.329300,  0,135,1
89375,2007-02-20 22:40:13,121.537600,31.329300,  0,135,1
89375,2007-02-20 22:41:14,121.537600,31.329300,  0,135,1
89375,2007-02-20 22:42:15,121.537600,31.329300,  0,135,1
89375,2007-02-20 22:43:16,121.537600,31.329300,  0,135,1
89375,2007-02-20 22:44:16,121.537600,31.329300,  0,135,1
89375,2007-02-20 22:45:18,121.537600,31.329300,  0,135,1
89375,2007-02-20 22:47:20,121.537600,31.329300,  0,135,1
89375,2007-02-20 22:48:21,121.537600,31.329300,  0,135,1
89375,2007-02-20 22:50:23,121.537600,31.329300,  0,135,1
89375,2007-02-20 22:51:24,121.537600,31.329300,  0,135,1
89375,2007-02-20 22:52:25,121.537600,31.329300,  0,135,1
89375,2007-02-20 22:53:26,121.537600,31.329300,  0,135,1
89375,2007-02-20 22:54:26,121.537600,31.329300,  0,135,1
89375,2007-02-20 22:55:28,121.537600,31.329300,  0,135,1
89375,2007-02-20 22:56:29,121.537600,31.329300,  0,135,1
89375,2007-02-20 22:57:30,121.537600,31.329300,  0,135,1
89375,2007-02-20 22:58:31,121.537600,31.329300,  0,135,1
89375,2007-02-20 22:59:31,121.537600,31.329300,  0,135,1
89375,2007-02-20 23:00:33,121.537600,31.329300,  0,135,1
89375,2007-02-20 23:01:34,121.537600,31.329300,  0,135,1
89375,2007-02-20 23:02:35,121.537600,31.329300,  0,135,1
89375,2007-02-20 23:03:36,121.537600,31.329300,  0,135,1
89375,2007-02-20 23:04:36,121.537600,31.329300,  0,135,1
89375,2007-02-20 23:05:38,121.537600,31.329300,  0,135,1
89375,2007-02-20 23:06:39,121.537600,31.329300,  0,135,1
89375,2007-02-20 23:07:40,121.537600,31.329300,  0,135,1
89375,2007-02-20 23:08:41,121.537600,31.329300,  0,135,1
89375,2007-02-20 23:09:41,121.537600,31.329300,  0,135,1
89375,2007-02-20 23:10:43,121.537600,31.329300,  0,135,1
89375,2007-02-20 23:11:44,121.537600,31.329300,  0,135,1
89375,2007-02-20 23:12:45,121.537600,31.329300,  0,135,1
89375,2007-02-20 23:13:46,121.537600,31.329300,  0,135,1
89375,2007-02-20 23:14:46,121.537600,31.329300,  0,135,1
89375,2007-02-20 23:15:48,121.537600,31.329300,  0,135,1
89375,2007-02-20 23:16:49,121.537600,31.329300,  0,135,1
89375,2007-02-20 23:17:50,121.537600,31.329300,  0,135,1
89375,2007-02-20 23:18:51,121.537600,31.329300,  0,135,1
89375,2007-02-20 23:19:51,121.537600,31.329300,  0,135,1
89375,2007-02-20 23:20:53,121.537600,31.329300,  0,135,1
89375,2007-02-20 23:21:54,121.537600,31.329300,  0,135,1
89375,2007-02-20 23:22:55,121.537600,31.329300,  0,135,1
89375,2007-02-20 23:23:56,121.537600,31.329300,  0,135,1
89375,2007-02-20 23:24:56,121.537600,31.329300,  0,135,1
89375,2007-02-20 23:25:58,121.537600,31.329300,  0,135,1
89375,2007-02-20 23:26:59,121.537600,31.329300,  0,135,1
89375,2007-02-20 23:28:00,121.537600,31.329300,  0,135,1
89375,2007-02-20 23:29:01,121.537600,31.329300,  0,135,1
89375,2007-02-20 23:32:04,121.537600,31.329300,  0,135,1
89375,2007-02-20 23:34:06,121.537600,31.329300,  0,135,1
89375,2007-02-20 23:35:06,121.537600,31.329300,  0,135,1
89375,2007-02-20 23:36:08,121.537600,31.329300,  0,135,1
89375,2007-02-20 23:37:09,121.537600,31.329300,  0,135,1
89375,2007-02-20 23:38:10,121.537600,31.329300,  0,135,1
89375,2007-02-20 23:40:11,121.537600,31.329300,  0,135,1
89375,2007-02-20 23:41:13,121.537600,31.329300,  0,135,1
89375,2007-02-20 23:42:14,121.537600,31.329300,  0,135,1
89375,2007-02-20 23:43:15,121.537600,31.329300,  0,135,1
89375,2007-02-20 23:44:16,121.537600,31.329300,  0,135,1
89375,2007-02-20 23:46:18,121.537600,31.329300,  0,135,1
89375,2007-02-20 23:47:19,121.537600,31.329300,  0,135,1
89375,2007-02-20 23:48:20,121.537600,31.329300,  0,135,1
89375,2007-02-20 23:49:21,121.537600,31.329300,  0,135,1
89375,2007-02-20 23:50:21,121.537600,31.329300,  0,135,1
89375,2007-02-20 23:51:23,121.537300,31.329300,  2,135,1
89375,2007-02-20 23:52:24,121.537100,31.329800,  0,  0,1
89375,2007-02-20 23:54:26,121.542000,31.326100, 14, 90,1
89375,2007-02-20 23:55:26,121.540800,31.322100, 32, 90,1
89375,2007-02-20 23:56:28,121.541000,31.319100, 18, 90,1
89375,2007-02-20 23:57:29,121.541500,31.316000, 20, 90,1
89375,2007-02-20 23:58:30,121.541500,31.313300, 22, 90,1
89375,2007-02-20 23:59:31,121.540500,31.304500, 74, 90,1
