10175,2007-02-20 00:00:40,121.443383,31.324500, 10, 17,2
10175,2007-02-20 00:01:43,121.443383,31.324500, 10, 17,2
10175,2007-02-20 00:02:46,121.443383,31.324500, 10, 17,2
10175,2007-02-20 00:03:49,121.443383,31.324500, 10, 17,2
10175,2007-02-20 00:04:52,121.443383,31.324500, 10, 17,2
10175,2007-02-20 00:05:55,121.443383,31.324500, 10, 17,2
10175,2007-02-20 00:06:58,121.443383,31.324500, 10, 17,2
10175,2007-02-20 00:08:01,121.443383,31.324500, 10, 17,2
10175,2007-02-20 00:09:04,121.443383,31.324500, 10, 17,2
10175,2007-02-20 00:10:07,121.443383,31.324500, 10, 17,2
10175,2007-02-20 00:11:10,121.443383,31.324500, 10, 17,2
10175,2007-02-20 00:12:13,121.443383,31.324500, 10, 17,2
10175,2007-02-20 00:13:16,121.443383,31.324500, 10, 17,2
10175,2007-02-20 00:14:19,121.443383,31.324500, 10, 17,2
10175,2007-02-20 00:15:22,121.443383,31.324500, 10, 17,2
10175,2007-02-20 00:16:25,121.443383,31.324500, 10, 17,2
10175,2007-02-20 00:17:28,121.443383,31.324500, 10, 17,2
10175,2007-02-20 00:18:31,121.443383,31.324500, 10, 17,2
10175,2007-02-20 00:19:34,121.443383,31.324500, 10, 17,2
10175,2007-02-20 00:20:37,121.443383,31.324500, 10, 17,2
10175,2007-02-20 00:21:40,121.443383,31.324500, 10, 17,2
10175,2007-02-20 00:22:44,121.443383,31.324500, 10, 17,2
10175,2007-02-20 00:23:47,121.443383,31.324500, 10, 17,2
10175,2007-02-20 00:24:50,121.443383,31.324500, 10, 17,2
10175,2007-02-20 00:25:53,121.443383,31.324500, 10, 17,2
10175,2007-02-20 00:26:56,121.443383,31.324500, 10, 17,2
10175,2007-02-20 00:27:59,121.443383,31.324500, 10, 17,2
10175,2007-02-20 00:29:02,121.443383,31.324500, 10, 17,2
10175,2007-02-20 00:30:05,121.443383,31.324500, 10, 17,2
10175,2007-02-20 00:31:08,121.443383,31.324500, 10, 17,2
10175,2007-02-20 00:32:11,121.443383,31.324500, 10, 17,2
10175,2007-02-20 00:33:14,121.443383,31.324500, 10, 17,2
10175,2007-02-20 00:34:17,121.443383,31.324500, 10, 17,2
10175,2007-02-20 00:35:20,121.443383,31.324500, 10, 17,2
10175,2007-02-20 00:36:23,121.443383,31.324500, 10, 17,2
10175,2007-02-20 00:38:29,121.443383,31.324500, 10, 17,2
10175,2007-02-20 00:39:32,121.443383,31.324500, 10, 17,2
10175,2007-02-20 00:40:35,121.443383,31.324500, 10, 17,2
10175,2007-02-20 00:41:38,121.443383,31.324500, 10, 17,2
10175,2007-02-20 00:42:41,121.443383,31.324500, 10, 17,2
10175,2007-02-20 00:43:44,121.443383,31.324500, 10, 17,2
10175,2007-02-20 00:44:47,121.443383,31.324500, 10, 17,2
10175,2007-02-20 00:45:50,121.443383,31.324500, 10, 17,2
10175,2007-02-20 00:46:53,121.443383,31.324500, 10, 17,2
10175,2007-02-20 00:47:56,121.443383,31.324500, 10, 17,2
10175,2007-02-20 00:48:59,121.443383,31.324500, 10, 17,2
10175,2007-02-20 00:50:02,121.443383,31.324500, 10, 17,2
10175,2007-02-20 00:51:05,121.443383,31.324500, 10, 17,2
10175,2007-02-20 00:52:09,121.443383,31.324500, 10, 17,2
10175,2007-02-20 00:53:12,121.443383,31.324500, 10, 17,2
10175,2007-02-20 00:54:15,121.443383,31.324500, 10, 17,2
10175,2007-02-20 00:55:18,121.443383,31.324500, 10, 17,2
10175,2007-02-20 00:56:21,121.443383,31.324500, 10, 17,2
10175,2007-02-20 00:57:24,121.443383,31.324500, 10, 17,2
10175,2007-02-20 00:58:27,121.443383,31.324500, 10, 17,2
10175,2007-02-20 00:59:30,121.443383,31.324500, 10, 17,2
10175,2007-02-20 01:00:33,121.443383,31.324500, 10, 17,2
10175,2007-02-20 01:01:36,121.443383,31.324500, 10, 17,2
10175,2007-02-20 01:02:39,121.443383,31.324500, 10, 17,2
10175,2007-02-20 01:03:42,121.443383,31.324500, 10, 17,2
10175,2007-02-20 01:04:45,121.443383,31.324500, 10, 17,2
10175,2007-02-20 01:05:48,121.443383,31.324500, 10, 17,2
10175,2007-02-20 01:06:51,121.443383,31.324500, 10, 17,2
10175,2007-02-20 01:07:54,121.443383,31.324500, 10, 17,2
10175,2007-02-20 01:08:57,121.443383,31.324500, 10, 17,2
10175,2007-02-20 01:10:00,121.443383,31.324500, 10, 17,2
10175,2007-02-20 01:11:03,121.443383,31.324500, 10, 17,2
10175,2007-02-20 01:12:06,121.443383,31.324500, 10, 17,2
10175,2007-02-20 01:13:09,121.443383,31.324500, 10, 17,2
10175,2007-02-20 01:14:12,121.443383,31.324500, 10, 17,2
10175,2007-02-20 01:15:15,121.443383,31.324500, 10, 17,2
10175,2007-02-20 01:16:18,121.443383,31.324500, 10, 17,2
10175,2007-02-20 01:17:21,121.443383,31.324500, 10, 17,2
10175,2007-02-20 01:18:24,121.443383,31.324500, 10, 17,2
10175,2007-02-20 01:19:27,121.443383,31.324500, 10, 17,2
10175,2007-02-20 01:20:30,121.443383,31.324500, 10, 17,2
10175,2007-02-20 01:21:33,121.443383,31.324500, 10, 17,2
10175,2007-02-20 01:22:36,121.443383,31.324500, 10, 17,2
10175,2007-02-20 01:23:39,121.443383,31.324500, 10, 17,2
10175,2007-02-20 01:24:42,121.443383,31.324500, 10, 17,2
10175,2007-02-20 01:25:45,121.443383,31.324500, 10, 17,2
10175,2007-02-20 01:26:48,121.443383,31.324500, 10, 17,2
10175,2007-02-20 01:27:52,121.443383,31.324500, 10, 17,2
10175,2007-02-20 01:28:55,121.443383,31.324500, 10, 17,2
10175,2007-02-20 01:29:58,121.443383,31.324500, 10, 17,2
10175,2007-02-20 01:31:01,121.443383,31.324500, 10, 17,2
10175,2007-02-20 01:32:04,121.443383,31.324500, 10, 17,2
10175,2007-02-20 01:33:07,121.443383,31.324500, 10, 17,2
10175,2007-02-20 01:34:10,121.443383,31.324500, 10, 17,2
10175,2007-02-20 01:35:13,121.443383,31.324500, 10, 17,2
10175,2007-02-20 01:36:16,121.443383,31.324500, 10, 17,2
10175,2007-02-20 01:37:19,121.443383,31.324500, 10, 17,2
10175,2007-02-20 01:38:22,121.443383,31.324500, 10, 17,2
10175,2007-02-20 01:39:25,121.443383,31.324500, 10, 17,2
10175,2007-02-20 01:40:28,121.443383,31.324500, 10, 17,2
10175,2007-02-20 01:41:31,121.443383,31.324500, 10, 17,2
10175,2007-02-20 01:42:34,121.443383,31.324500, 10, 17,2
10175,2007-02-20 01:43:37,121.443383,31.324500, 10, 17,2
10175,2007-02-20 01:44:40,121.443383,31.324500, 10, 17,2
10175,2007-02-20 01:45:43,121.443383,31.324500, 10, 17,2
10175,2007-02-20 01:46:46,121.443383,31.324500, 10, 17,2
10175,2007-02-20 01:47:49,121.443383,31.324500, 10, 17,2
10175,2007-02-20 01:48:52,121.443383,31.324500, 10, 17,2
10175,2007-02-20 01:49:55,121.443383,31.324500, 10, 17,2
10175,2007-02-20 01:50:58,121.443383,31.324500, 10, 17,2
10175,2007-02-20 01:52:01,121.443383,31.324500, 10, 17,2
10175,2007-02-20 01:53:04,121.443383,31.324500, 10, 17,2
10175,2007-02-20 01:54:07,121.443383,31.324500, 10, 17,2
10175,2007-02-20 01:55:10,121.443383,31.324500, 10, 17,2
10175,2007-02-20 01:56:13,121.443383,31.324500, 10, 17,2
10175,2007-02-20 01:57:16,121.443383,31.324500, 10, 17,2
10175,2007-02-20 01:58:19,121.443383,31.324500, 10, 17,2
10175,2007-02-20 01:59:22,121.443383,31.324500, 10, 17,2
10175,2007-02-20 02:00:25,121.443383,31.324500, 10, 17,2
10175,2007-02-20 02:01:28,121.443383,31.324500, 10, 17,2
10175,2007-02-20 02:02:31,121.443383,31.324500, 10, 17,2
10175,2007-02-20 02:03:34,121.443383,31.324500, 10, 17,2
10175,2007-02-20 02:04:37,121.443383,31.324500, 10, 17,2
10175,2007-02-20 02:05:40,121.443383,31.324500, 10, 17,2
10175,2007-02-20 02:06:43,121.443383,31.324500, 10, 17,2
10175,2007-02-20 02:07:47,121.443383,31.324500, 10, 17,2
10175,2007-02-20 02:08:50,121.443383,31.324500, 10, 17,2
10175,2007-02-20 02:09:53,121.443383,31.324500, 10, 17,2
10175,2007-02-20 02:10:56,121.443383,31.324500, 10, 17,2
10175,2007-02-20 02:11:59,121.443383,31.324500, 10, 17,2
10175,2007-02-20 02:13:02,121.443383,31.324500, 10, 17,2
10175,2007-02-20 02:14:05,121.443383,31.324500, 10, 17,2
10175,2007-02-20 02:15:08,121.443383,31.324500, 10, 17,2
10175,2007-02-20 02:16:11,121.443383,31.324500, 10, 17,2
10175,2007-02-20 02:17:14,121.443383,31.324500, 10, 17,2
10175,2007-02-20 02:18:17,121.443383,31.324500, 10, 17,2
10175,2007-02-20 02:19:20,121.443383,31.324500, 10, 17,2
10175,2007-02-20 02:20:23,121.443383,31.324500, 10, 17,2
10175,2007-02-20 02:21:26,121.443383,31.324500, 10, 17,2
10175,2007-02-20 02:22:29,121.443383,31.324500, 10, 17,2
10175,2007-02-20 02:23:32,121.443383,31.324500, 10, 17,2
10175,2007-02-20 02:24:35,121.443383,31.324500, 10, 17,2
10175,2007-02-20 02:25:38,121.443383,31.324500, 10, 17,2
10175,2007-02-20 02:26:41,121.443383,31.324500, 10, 17,2
10175,2007-02-20 02:27:44,121.443383,31.324500, 10, 17,2
10175,2007-02-20 02:28:47,121.443383,31.324500, 10, 17,2
10175,2007-02-20 02:29:50,121.443383,31.324500, 10, 17,2
10175,2007-02-20 02:30:53,121.443383,31.324500, 10, 17,2
10175,2007-02-20 02:31:56,121.443383,31.324500, 10, 17,2
10175,2007-02-20 02:32:59,121.443383,31.324500, 10, 17,2
10175,2007-02-20 02:34:02,121.443383,31.324500, 10, 17,2
10175,2007-02-20 02:35:05,121.443383,31.324500, 10, 17,2
10175,2007-02-20 02:36:08,121.443383,31.324500, 10, 17,2
10175,2007-02-20 02:37:11,121.443383,31.324500, 10, 17,2
10175,2007-02-20 02:38:14,121.443383,31.324500, 10, 17,2
10175,2007-02-20 02:39:17,121.443383,31.324500, 10, 17,2
10175,2007-02-20 02:40:20,121.443383,31.324500, 10, 17,2
10175,2007-02-20 02:41:23,121.443383,31.324500, 10, 17,2
10175,2007-02-20 02:42:26,121.443383,31.324500, 10, 17,2
10175,2007-02-20 02:43:29,121.443383,31.324500, 10, 17,2
10175,2007-02-20 02:44:32,121.443383,31.324500, 10, 17,2
10175,2007-02-20 02:45:35,121.443383,31.324500, 10, 17,2
10175,2007-02-20 02:46:38,121.443383,31.324500, 10, 17,2
10175,2007-02-20 02:47:42,121.443383,31.324500, 10, 17,2
10175,2007-02-20 02:48:45,121.443383,31.324500, 10, 17,2
10175,2007-02-20 02:49:48,121.443383,31.324500, 10, 17,2
10175,2007-02-20 02:50:51,121.443383,31.324500, 10, 17,2
10175,2007-02-20 02:51:54,121.443383,31.324500, 10, 17,2
10175,2007-02-20 02:52:57,121.443383,31.324500, 10, 17,2
10175,2007-02-20 02:54:00,121.443383,31.324500, 10, 17,2
10175,2007-02-20 02:55:03,121.443383,31.324500, 10, 17,2
10175,2007-02-20 02:56:06,121.443383,31.324500, 10, 17,2
10175,2007-02-20 02:57:09,121.443383,31.324500, 10, 17,2
10175,2007-02-20 02:58:12,121.443383,31.324500, 10, 17,2
10175,2007-02-20 02:59:15,121.443383,31.324500, 10, 17,2
10175,2007-02-20 03:00:18,121.443383,31.324500, 10, 17,2
10175,2007-02-20 03:01:21,121.443383,31.324500, 10, 17,2
10175,2007-02-20 03:02:24,121.443383,31.324500, 10, 17,2
10175,2007-02-20 03:03:27,121.443383,31.324500, 10, 17,2
10175,2007-02-20 03:04:30,121.443383,31.324500, 10, 17,2
10175,2007-02-20 03:05:33,121.443383,31.324500, 10, 17,2
10175,2007-02-20 03:07:39,121.443383,31.324500, 10, 17,2
10175,2007-02-20 03:08:42,121.443383,31.324500, 10, 17,2
10175,2007-02-20 03:09:45,121.443383,31.324500, 10, 17,2
10175,2007-02-20 03:10:48,121.443383,31.324500, 10, 17,2
10175,2007-02-20 03:11:51,121.443383,31.324500, 10, 17,2
10175,2007-02-20 03:13:57,121.443383,31.324500, 10, 17,2
10175,2007-02-20 03:15:00,121.443383,31.324500, 10, 17,2
10175,2007-02-20 03:16:03,121.443383,31.324500, 10, 17,2
10175,2007-02-20 03:17:06,121.443383,31.324500, 10, 17,2
10175,2007-02-20 03:18:09,121.443383,31.324500, 10, 17,2
10175,2007-02-20 03:19:12,121.443383,31.324500, 10, 17,2
10175,2007-02-20 03:20:15,121.443383,31.324500, 10, 17,2
10175,2007-02-20 03:21:18,121.443383,31.324500, 10, 17,2
10175,2007-02-20 03:22:22,121.443383,31.324500, 10, 17,2
10175,2007-02-20 03:23:25,121.443383,31.324500, 10, 17,2
10175,2007-02-20 03:24:28,121.443383,31.324500, 10, 17,2
10175,2007-02-20 03:25:31,121.443383,31.324500, 10, 17,2
10175,2007-02-20 03:26:34,121.443383,31.324500, 10, 17,2
10175,2007-02-20 03:27:37,121.443383,31.324500, 10, 17,2
10175,2007-02-20 03:28:40,121.443383,31.324500, 10, 17,2
10175,2007-02-20 03:29:43,121.443383,31.324500, 10, 17,2
10175,2007-02-20 03:30:46,121.443383,31.324500, 10, 17,2
10175,2007-02-20 03:31:49,121.443383,31.324500, 10, 17,2
10175,2007-02-20 03:32:52,121.443383,31.324500, 10, 17,2
10175,2007-02-20 03:34:58,121.443383,31.324500, 10, 17,2
10175,2007-02-20 03:36:01,121.443383,31.324500, 10, 17,2
10175,2007-02-20 03:38:07,121.443383,31.324500, 10, 17,2
10175,2007-02-20 03:39:10,121.443383,31.324500, 10, 17,2
10175,2007-02-20 03:40:13,121.443383,31.324500, 10, 17,2
10175,2007-02-20 03:41:16,121.443383,31.324500, 10, 17,2
10175,2007-02-20 03:42:19,121.443383,31.324500, 10, 17,2
10175,2007-02-20 03:43:22,121.443383,31.324500, 10, 17,2
10175,2007-02-20 03:44:25,121.443383,31.324500, 10, 17,2
10175,2007-02-20 03:45:28,121.443383,31.324500, 10, 17,2
10175,2007-02-20 03:46:31,121.443383,31.324500, 10, 17,2
10175,2007-02-20 03:47:34,121.443383,31.324500, 10, 17,2
10175,2007-02-20 03:48:37,121.443383,31.324500, 10, 17,2
10175,2007-02-20 03:49:40,121.443383,31.324500, 10, 17,2
10175,2007-02-20 03:50:43,121.443383,31.324500, 10, 17,2
10175,2007-02-20 03:51:46,121.443383,31.324500, 10, 17,2
10175,2007-02-20 03:52:49,121.443383,31.324500, 10, 17,2
10175,2007-02-20 03:53:52,121.443383,31.324500, 10, 17,2
10175,2007-02-20 03:54:55,121.443383,31.324500, 10, 17,2
10175,2007-02-20 03:57:01,121.443383,31.324500, 10, 17,2
10175,2007-02-20 03:58:04,121.443383,31.324500, 10, 17,2
10175,2007-02-20 03:59:07,121.443383,31.324500, 10, 17,2
10175,2007-02-20 04:00:10,121.443383,31.324500, 10, 17,2
10175,2007-02-20 04:01:13,121.443383,31.324500, 10, 17,2
10175,2007-02-20 04:02:17,121.443383,31.324500, 10, 17,2
10175,2007-02-20 04:04:23,121.443383,31.324500, 10, 17,2
10175,2007-02-20 04:05:26,121.443383,31.324500, 10, 17,2
10175,2007-02-20 04:06:29,121.443383,31.324500, 10, 17,2
10175,2007-02-20 04:07:32,121.443383,31.324500, 10, 17,2
10175,2007-02-20 04:08:35,121.443383,31.324500, 10, 17,2
10175,2007-02-20 04:09:38,121.443383,31.324500, 10, 17,2
10175,2007-02-20 04:10:41,121.443383,31.324500, 10, 17,2
10175,2007-02-20 04:11:44,121.443383,31.324500, 10, 17,2
10175,2007-02-20 04:12:47,121.443383,31.324500, 10, 17,2
10175,2007-02-20 04:13:50,121.443383,31.324500, 10, 17,2
10175,2007-02-20 04:14:53,121.443383,31.324500, 10, 17,2
10175,2007-02-20 04:15:56,121.443383,31.324500, 10, 17,2
10175,2007-02-20 04:16:59,121.443383,31.324500, 10, 17,2
10175,2007-02-20 04:18:02,121.443383,31.324500, 10, 17,2
10175,2007-02-20 04:19:05,121.443383,31.324500, 10, 17,2
10175,2007-02-20 04:20:08,121.443383,31.324500, 10, 17,2
10175,2007-02-20 04:21:11,121.443383,31.324500, 10, 17,2
10175,2007-02-20 04:22:14,121.443383,31.324500, 10, 17,2
10175,2007-02-20 04:23:17,121.443383,31.324500, 10, 17,2
10175,2007-02-20 04:24:20,121.443383,31.324500, 10, 17,2
10175,2007-02-20 04:25:23,121.443383,31.324500, 10, 17,2
10175,2007-02-20 04:26:26,121.443383,31.324500, 10, 17,2
10175,2007-02-20 04:27:29,121.443383,31.324500, 10, 17,2
10175,2007-02-20 04:28:32,121.443383,31.324500, 10, 17,2
10175,2007-02-20 04:29:35,121.443383,31.324500, 10, 17,2
10175,2007-02-20 04:30:38,121.443383,31.324500, 10, 17,2
10175,2007-02-20 04:31:41,121.443383,31.324500, 10, 17,2
10175,2007-02-20 04:32:44,121.443383,31.324500, 10, 17,2
10175,2007-02-20 04:33:47,121.443383,31.324500, 10, 17,2
10175,2007-02-20 04:34:50,121.443383,31.324500, 10, 17,2
10175,2007-02-20 04:35:53,121.443383,31.324500, 10, 17,2
10175,2007-02-20 04:36:56,121.443383,31.324500, 10, 17,2
10175,2007-02-20 04:37:59,121.443383,31.324500, 10, 17,2
10175,2007-02-20 04:39:02,121.443383,31.324500, 10, 17,2
10175,2007-02-20 04:40:05,121.443383,31.324500, 10, 17,2
10175,2007-02-20 04:41:08,121.443383,31.324500, 10, 17,2
10175,2007-02-20 04:42:11,121.443383,31.324500, 10, 17,2
10175,2007-02-20 04:43:14,121.443383,31.324500, 10, 17,2
10175,2007-02-20 04:44:18,121.443383,31.324500, 10, 17,2
10175,2007-02-20 04:45:21,121.443383,31.324500, 10, 17,2
10175,2007-02-20 04:46:24,121.443383,31.324500, 10, 17,2
10175,2007-02-20 04:47:27,121.443383,31.324500, 10, 17,2
10175,2007-02-20 04:48:30,121.443383,31.324500, 10, 17,2
10175,2007-02-20 04:49:33,121.443383,31.324500, 10, 17,2
10175,2007-02-20 04:50:36,121.443383,31.324500, 10, 17,2
10175,2007-02-20 04:51:39,121.443383,31.324500, 10, 17,2
10175,2007-02-20 04:52:42,121.443383,31.324500, 10, 17,2
10175,2007-02-20 04:53:45,121.443383,31.324500, 10, 17,2
10175,2007-02-20 04:54:48,121.443383,31.324500, 10, 17,2
10175,2007-02-20 04:55:51,121.443383,31.324500, 10, 17,2
10175,2007-02-20 04:56:54,121.443383,31.324500, 10, 17,2
10175,2007-02-20 04:57:57,121.443383,31.324500, 10, 17,2
10175,2007-02-20 04:59:00,121.443383,31.324500, 10, 17,2
10175,2007-02-20 05:00:03,121.443383,31.324500, 10, 17,2
10175,2007-02-20 05:01:06,121.443383,31.324500, 10, 17,2
10175,2007-02-20 05:02:09,121.443383,31.324500, 10, 17,2
10175,2007-02-20 05:03:12,121.443383,31.324500, 10, 17,2
10175,2007-02-20 05:04:15,121.443383,31.324500, 10, 17,2
10175,2007-02-20 05:05:18,121.443383,31.324500, 10, 17,2
10175,2007-02-20 05:07:24,121.443383,31.324500, 10, 17,2
10175,2007-02-20 05:08:27,121.443383,31.324500, 10, 17,2
10175,2007-02-20 05:09:30,121.443383,31.324500, 10, 17,2
10175,2007-02-20 05:10:33,121.443383,31.324500, 10, 17,2
10175,2007-02-20 05:11:36,121.443383,31.324500, 10, 17,2
10175,2007-02-20 05:12:39,121.443383,31.324500, 10, 17,2
10175,2007-02-20 05:13:42,121.443383,31.324500, 10, 17,2
10175,2007-02-20 05:14:45,121.443383,31.324500, 10, 17,2
10175,2007-02-20 05:15:48,121.443383,31.324500, 10, 17,2
10175,2007-02-20 05:16:51,121.443383,31.324500, 10, 17,2
10175,2007-02-20 05:17:54,121.443383,31.324500, 10, 17,2
10175,2007-02-20 05:18:57,121.443383,31.324500, 10, 17,2
10175,2007-02-20 05:20:01,121.443383,31.324500, 10, 17,2
10175,2007-02-20 05:22:07,121.443383,31.324500, 10, 17,2
10175,2007-02-20 05:23:10,121.443383,31.324500, 10, 17,2
10175,2007-02-20 05:24:13,121.443383,31.324500, 10, 17,2
10175,2007-02-20 05:25:16,121.443383,31.324500, 10, 17,2
10175,2007-02-20 05:26:19,121.443383,31.324500, 10, 17,2
10175,2007-02-20 05:27:22,121.443383,31.324500, 10, 17,2
10175,2007-02-20 05:28:25,121.443383,31.324500, 10, 17,2
10175,2007-02-20 05:29:28,121.443383,31.324500, 10, 17,2
10175,2007-02-20 05:30:31,121.443383,31.324500, 10, 17,2
10175,2007-02-20 05:31:34,121.443383,31.324500, 10, 17,2
10175,2007-02-20 05:32:37,121.443383,31.324500, 10, 17,2
10175,2007-02-20 05:33:40,121.443383,31.324500, 10, 17,2
10175,2007-02-20 05:34:43,121.443383,31.324500, 10, 17,2
10175,2007-02-20 05:35:46,121.443383,31.324500, 10, 17,2
10175,2007-02-20 05:36:49,121.443383,31.324500, 10, 17,2
10175,2007-02-20 05:37:52,121.443383,31.324500, 10, 17,2
10175,2007-02-20 05:38:55,121.443383,31.324500, 10, 17,2
10175,2007-02-20 05:39:58,121.443383,31.324500, 10, 17,2
10175,2007-02-20 05:41:01,121.443383,31.324500, 10, 17,2
10175,2007-02-20 05:42:04,121.443383,31.324500, 10, 17,2
10175,2007-02-20 05:43:07,121.443383,31.324500, 10, 17,2
10175,2007-02-20 05:44:10,121.443383,31.324500, 10, 17,2
10175,2007-02-20 05:45:13,121.443383,31.324500, 10, 17,2
10175,2007-02-20 05:46:16,121.443383,31.324500, 10, 17,2
10175,2007-02-20 05:47:19,121.443383,31.324500, 10, 17,2
10175,2007-02-20 05:48:22,121.443383,31.324500, 10, 17,2
10175,2007-02-20 05:49:25,121.443383,31.324500, 10, 17,2
10175,2007-02-20 05:50:29,121.443383,31.324500, 10, 17,2
10175,2007-02-20 05:51:32,121.443383,31.324500, 10, 17,2
10175,2007-02-20 05:52:35,121.443383,31.324500, 10, 17,2
10175,2007-02-20 05:53:38,121.443383,31.324500, 10, 17,2
10175,2007-02-20 05:54:41,121.443383,31.324500, 10, 17,2
10175,2007-02-20 05:55:44,121.443383,31.324500, 10, 17,2
10175,2007-02-20 05:56:47,121.443383,31.324500, 10, 17,2
10175,2007-02-20 05:57:50,121.443383,31.324500, 10, 17,2
10175,2007-02-20 05:58:53,121.443383,31.324500, 10, 17,2
10175,2007-02-20 05:59:56,121.443383,31.324500, 10, 17,2
10175,2007-02-20 06:00:59,121.443383,31.324500, 10, 17,2
10175,2007-02-20 06:02:02,121.443383,31.324500, 10, 17,2
10175,2007-02-20 06:03:05,121.443383,31.324500, 10, 17,2
10175,2007-02-20 06:04:08,121.443383,31.324500, 10, 17,2
10175,2007-02-20 06:05:11,121.443383,31.324500, 10, 17,2
10175,2007-02-20 06:06:14,121.443383,31.324500, 10, 17,2
10175,2007-02-20 06:07:17,121.443383,31.324500, 10, 17,2
10175,2007-02-20 06:08:20,121.443383,31.324500, 10, 17,2
10175,2007-02-20 06:09:23,121.443383,31.324500, 10, 17,2
10175,2007-02-20 06:10:26,121.443383,31.324500, 10, 17,2
10175,2007-02-20 06:11:29,121.443383,31.324500, 10, 17,2
10175,2007-02-20 06:12:32,121.443383,31.324500, 10, 17,2
10175,2007-02-20 06:13:35,121.443383,31.324500, 10, 17,2
10175,2007-02-20 06:14:38,121.443383,31.324500, 10, 17,2
10175,2007-02-20 06:15:41,121.443383,31.324500, 10, 17,2
10175,2007-02-20 06:16:44,121.443383,31.324500, 10, 17,2
10175,2007-02-20 06:17:47,121.443383,31.324500, 10, 17,2
10175,2007-02-20 06:18:50,121.443383,31.324500, 10, 17,2
10175,2007-02-20 06:19:53,121.443383,31.324500, 10, 17,2
10175,2007-02-20 06:20:56,121.443383,31.324500, 10, 17,2
10175,2007-02-20 06:21:59,121.443383,31.324500, 10, 17,2
10175,2007-02-20 06:23:02,121.443383,31.324500, 10, 17,2
10175,2007-02-20 06:24:05,121.443383,31.324500, 10, 17,2
10175,2007-02-20 06:25:09,121.443383,31.324500, 10, 17,2
10175,2007-02-20 06:26:12,121.443383,31.324500, 10, 17,2
10175,2007-02-20 06:27:15,121.443383,31.324500, 10, 17,2
10175,2007-02-20 06:28:18,121.443383,31.324500, 10, 17,2
10175,2007-02-20 06:29:21,121.443383,31.324500, 10, 17,2
10175,2007-02-20 06:30:24,121.443383,31.324500, 10, 17,2
10175,2007-02-20 06:31:27,121.443383,31.324500, 10, 17,2
10175,2007-02-20 06:32:30,121.443383,31.324500, 10, 17,2
10175,2007-02-20 06:33:33,121.443383,31.324500, 10, 17,2
10175,2007-02-20 06:34:36,121.443383,31.324500, 10, 17,2
10175,2007-02-20 06:35:41,121.443383,31.324500, 10, 17,2
10175,2007-02-20 06:36:45,121.443383,31.324500, 10, 17,2
10175,2007-02-20 06:37:49,121.443383,31.324500, 10, 17,2
10175,2007-02-20 06:38:53,121.443383,31.324500, 10, 17,2
10175,2007-02-20 06:43:02,121.443383,31.324500, 10, 17,2
10175,2007-02-20 06:45:41,121.443383,31.324500, 10, 17,2
10175,2007-02-20 06:47:22,121.443383,31.324500, 10, 17,2
10175,2007-02-20 06:50:05,121.443383,31.324500, 10, 17,2
10175,2007-02-20 06:51:42,121.443383,31.324500, 10, 17,2
10175,2007-02-20 06:54:45,121.443383,31.324500, 10, 17,2
10175,2007-02-20 06:56:02,121.443383,31.324500, 10, 17,2
10175,2007-02-20 06:57:14,121.443383,31.324500, 10, 17,2
10175,2007-02-20 06:59:20,121.443383,31.324500, 10, 17,2
10175,2007-02-20 07:00:23,121.443383,31.324500, 10, 17,2
10175,2007-02-20 07:02:29,121.443383,31.324500, 10, 17,2
10175,2007-02-20 07:03:32,121.443383,31.324500, 10, 17,2
10175,2007-02-20 07:04:35,121.443383,31.324500, 10, 17,2
10175,2007-02-20 07:05:39,121.443383,31.324500, 10, 17,2
10175,2007-02-20 07:07:45,121.443383,31.324500, 10, 17,2
10175,2007-02-20 07:08:48,121.443383,31.324500, 10, 17,2
10175,2007-02-20 07:09:51,121.443383,31.324500, 10, 17,2
10175,2007-02-20 07:10:54,121.443383,31.324500, 10, 17,2
10175,2007-02-20 07:11:57,121.443383,31.324500, 10, 17,2
10175,2007-02-20 07:13:00,121.443383,31.324500, 10, 17,2
10175,2007-02-20 07:14:03,121.443383,31.324500, 10, 17,2
10175,2007-02-20 07:15:06,121.443383,31.324500, 10, 17,2
10175,2007-02-20 07:16:09,121.443383,31.324500, 10, 17,2
10175,2007-02-20 07:17:12,121.443383,31.324500, 10, 17,2
10175,2007-02-20 07:18:15,121.443383,31.324500, 10, 17,2
10175,2007-02-20 07:19:18,121.443383,31.324500, 10, 17,2
10175,2007-02-20 07:20:21,121.443383,31.324500, 10, 17,2
10175,2007-02-20 07:21:24,121.443383,31.324500, 10, 17,2
10175,2007-02-20 07:22:27,121.443383,31.324500, 10, 17,2
10175,2007-02-20 07:23:30,121.443383,31.324500, 10, 17,2
10175,2007-02-20 07:24:33,121.443383,31.324500, 10, 17,2
10175,2007-02-20 07:25:36,121.443383,31.324500, 10, 17,2
10175,2007-02-20 07:26:39,121.443383,31.324500, 10, 17,2
10175,2007-02-20 07:27:42,121.443383,31.324500, 10, 17,2
10175,2007-02-20 07:29:48,121.443383,31.324500, 10, 17,2
10175,2007-02-20 07:30:51,121.443383,31.324500, 10, 17,2
10175,2007-02-20 07:31:54,121.443383,31.324500, 10, 17,2
10175,2007-02-20 07:32:57,121.443383,31.324500, 10, 17,2
10175,2007-02-20 07:34:00,121.443383,31.324500, 10, 17,2
10175,2007-02-20 07:35:03,121.443383,31.324500, 10, 17,2
10175,2007-02-20 07:36:06,121.443383,31.324500, 10, 17,2
10175,2007-02-20 07:37:09,121.443383,31.324500, 10, 17,2
10175,2007-02-20 07:38:12,121.443383,31.324500, 10, 17,2
10175,2007-02-20 07:39:15,121.443383,31.324500, 10, 17,2
10175,2007-02-20 07:40:18,121.443383,31.324500, 10, 17,2
10175,2007-02-20 07:42:24,121.443383,31.324500, 10, 17,2
10175,2007-02-20 07:43:27,121.443383,31.324500, 10, 17,2
10175,2007-02-20 07:44:30,121.443383,31.324500, 10, 17,2
10175,2007-02-20 07:45:33,121.443383,31.324500, 10, 17,2
10175,2007-02-20 07:46:36,121.443383,31.324500, 10, 17,2
10175,2007-02-20 07:47:39,121.443383,31.324500, 10, 17,2
10175,2007-02-20 07:48:42,121.443383,31.324500, 10, 17,2
10175,2007-02-20 07:49:45,121.443383,31.324500, 10, 17,2
10175,2007-02-20 07:50:49,121.443383,31.324500, 10, 17,2
10175,2007-02-20 07:51:52,121.443383,31.324500, 10, 17,2
10175,2007-02-20 07:52:55,121.443383,31.324500, 10, 17,2
10175,2007-02-20 07:53:58,121.443383,31.324500, 10, 17,2
10175,2007-02-20 07:55:01,121.443383,31.324500, 10, 17,2
10175,2007-02-20 07:56:04,121.443383,31.324500, 10, 17,2
10175,2007-02-20 07:57:07,121.443383,31.324500, 10, 17,2
10175,2007-02-20 07:58:10,121.443383,31.324500, 10, 17,2
10175,2007-02-20 08:00:16,121.443383,31.324500, 10, 17,2
10175,2007-02-20 08:01:19,121.443383,31.324500, 10, 17,2
10175,2007-02-20 08:02:22,121.443383,31.324500, 10, 17,2
10175,2007-02-20 08:03:25,121.443383,31.324500, 10, 17,2
10175,2007-02-20 08:04:28,121.443383,31.324500, 10, 17,2
10175,2007-02-20 08:05:31,121.443383,31.324500, 10, 17,2
10175,2007-02-20 08:06:34,121.443383,31.324500, 10, 17,2
10175,2007-02-20 08:07:37,121.443383,31.324500, 10, 17,2
10175,2007-02-20 08:08:40,121.443383,31.324500, 10, 17,2
10175,2007-02-20 08:09:43,121.443383,31.324500, 10, 17,2
10175,2007-02-20 08:10:46,121.443383,31.324500, 10, 17,2
10175,2007-02-20 08:11:49,121.443383,31.324500, 10, 17,2
10175,2007-02-20 08:12:52,121.443383,31.324500, 10, 17,2
10175,2007-02-20 08:13:55,121.443383,31.324500, 10, 17,2
10175,2007-02-20 08:14:58,121.443383,31.324500, 10, 17,2
10175,2007-02-20 08:16:01,121.443383,31.324500, 10, 17,2
10175,2007-02-20 08:17:04,121.443383,31.324500, 10, 17,2
10175,2007-02-20 08:18:07,121.443383,31.324500, 10, 17,2
10175,2007-02-20 08:19:10,121.443383,31.324500, 10, 17,2
10175,2007-02-20 08:20:13,121.443383,31.324500, 10, 17,2
10175,2007-02-20 08:21:16,121.443383,31.324500, 10, 17,2
10175,2007-02-20 08:22:19,121.443383,31.324500, 10, 17,2
10175,2007-02-20 08:23:22,121.443383,31.324500, 10, 17,2
10175,2007-02-20 08:24:25,121.443383,31.324500, 10, 17,2
10175,2007-02-20 08:25:28,121.443383,31.324500, 10, 17,2
10175,2007-02-20 08:26:31,121.443383,31.324500, 10, 17,2
10175,2007-02-20 08:27:34,121.443383,31.324500, 10, 17,2
10175,2007-02-20 08:28:37,121.443383,31.324500, 10, 17,2
10175,2007-02-20 08:29:40,121.443383,31.324500, 10, 17,2
10175,2007-02-20 08:30:44,121.443383,31.324500, 10, 17,2
10175,2007-02-20 08:31:47,121.443383,31.324500, 10, 17,2
10175,2007-02-20 08:32:50,121.443383,31.324500, 10, 17,2
10175,2007-02-20 08:33:53,121.443383,31.324500, 10, 17,2
10175,2007-02-20 08:34:56,121.443383,31.324500, 10, 17,2
10175,2007-02-20 08:37:02,121.443383,31.324500, 10, 17,2
10175,2007-02-20 08:38:05,121.443383,31.324500, 10, 17,2
10175,2007-02-20 08:39:08,121.443383,31.324500, 10, 17,2
10175,2007-02-20 08:40:11,121.443383,31.324500, 10, 17,2
10175,2007-02-20 08:41:14,121.443383,31.324500, 10, 17,2
10175,2007-02-20 08:42:17,121.443383,31.324500, 10, 17,2
10175,2007-02-20 08:43:20,121.443383,31.324500, 10, 17,2
10175,2007-02-20 08:44:23,121.443383,31.324500, 10, 17,2
10175,2007-02-20 08:45:26,121.443383,31.324500, 10, 17,2
10175,2007-02-20 08:46:29,121.443383,31.324500, 10, 17,2
10175,2007-02-20 08:47:32,121.443383,31.324500, 10, 17,2
10175,2007-02-20 08:48:35,121.443383,31.324500, 10, 17,2
10175,2007-02-20 08:49:38,121.443383,31.324500, 10, 17,2
10175,2007-02-20 08:50:41,121.443383,31.324500, 10, 17,2
10175,2007-02-20 08:51:44,121.443383,31.324500, 10, 17,2
10175,2007-02-20 08:52:47,121.443383,31.324500, 10, 17,2
10175,2007-02-20 08:53:50,121.443383,31.324500, 10, 17,2
10175,2007-02-20 08:54:53,121.443383,31.324500, 10, 17,2
10175,2007-02-20 08:55:56,121.443383,31.324500, 10, 17,2
10175,2007-02-20 08:56:59,121.443383,31.324500, 10, 17,2
10175,2007-02-20 08:58:02,121.443383,31.324500, 10, 17,2
10175,2007-02-20 08:59:05,121.443383,31.324500, 10, 17,2
10175,2007-02-20 09:00:08,121.443383,31.324500, 10, 17,2
10175,2007-02-20 09:01:11,121.443383,31.324500, 10, 17,2
10175,2007-02-20 09:02:14,121.443383,31.324500, 10, 17,2
10175,2007-02-20 09:03:17,121.443383,31.324500, 10, 17,2
10175,2007-02-20 09:04:20,121.443383,31.324500, 10, 17,2
10175,2007-02-20 09:05:23,121.443383,31.324500, 10, 17,2
10175,2007-02-20 09:07:29,121.443383,31.324500, 10, 17,2
10175,2007-02-20 09:08:32,121.443383,31.324500, 10, 17,2
10175,2007-02-20 09:09:35,121.443383,31.324500, 10, 17,2
10175,2007-02-20 09:10:38,121.443383,31.324500, 10, 17,2
10175,2007-02-20 09:11:41,121.443383,31.324500, 10, 17,2
10175,2007-02-20 09:12:44,121.443383,31.324500, 10, 17,2
10175,2007-02-20 09:13:47,121.443383,31.324500, 10, 17,2
10175,2007-02-20 09:14:50,121.443383,31.324500, 10, 17,2
10175,2007-02-20 09:15:53,121.443383,31.324500, 10, 17,2
10175,2007-02-20 09:16:56,121.443383,31.324500, 10, 17,2
10175,2007-02-20 09:17:59,121.443383,31.324500, 10, 17,2
10175,2007-02-20 09:19:02,121.443383,31.324500, 10, 17,2
10175,2007-02-20 09:20:05,121.443383,31.324500, 10, 17,2
10175,2007-02-20 09:21:09,121.443383,31.324500, 10, 17,2
10175,2007-02-20 09:22:12,121.443383,31.324500, 10, 17,2
10175,2007-02-20 09:23:15,121.443383,31.324500, 10, 17,2
10175,2007-02-20 09:24:18,121.443383,31.324500, 10, 17,2
10175,2007-02-20 09:25:21,121.443383,31.324500, 10, 17,2
10175,2007-02-20 09:26:24,121.443383,31.324500, 10, 17,2
10175,2007-02-20 09:27:27,121.443383,31.324500, 10, 17,2
10175,2007-02-20 09:28:30,121.443383,31.324500, 10, 17,2
10175,2007-02-20 09:29:33,121.443383,31.324500, 10, 17,2
10175,2007-02-20 09:30:36,121.443383,31.324500, 10, 17,2
10175,2007-02-20 09:31:39,121.443383,31.324500, 10, 17,2
10175,2007-02-20 09:32:42,121.443383,31.324500, 10, 17,2
10175,2007-02-20 09:33:45,121.443383,31.324500, 10, 17,2
10175,2007-02-20 09:34:48,121.443383,31.324500, 10, 17,2
10175,2007-02-20 09:35:51,121.443383,31.324500, 10, 17,2
10175,2007-02-20 09:36:54,121.443383,31.324500, 10, 17,2
10175,2007-02-20 09:37:57,121.443383,31.324500, 10, 17,2
10175,2007-02-20 09:39:00,121.443383,31.324500, 10, 17,2
10175,2007-02-20 09:40:03,121.443383,31.324500, 10, 17,2
10175,2007-02-20 09:41:06,121.443383,31.324500, 10, 17,2
10175,2007-02-20 09:42:09,121.443383,31.324500, 10, 17,2
10175,2007-02-20 09:43:12,121.443383,31.324500, 10, 17,2
10175,2007-02-20 09:44:15,121.443383,31.324500, 10, 17,2
10175,2007-02-20 09:45:18,121.443383,31.324500, 10, 17,2
10175,2007-02-20 09:46:21,121.443383,31.324500, 10, 17,2
10175,2007-02-20 09:47:24,121.443383,31.324500, 10, 17,2
10175,2007-02-20 09:48:27,121.443383,31.324500, 10, 17,2
10175,2007-02-20 09:49:30,121.443383,31.324500, 10, 17,2
10175,2007-02-20 09:52:39,121.443383,31.324500, 10, 17,2
10175,2007-02-20 09:53:42,121.443383,31.324500, 10, 17,2
10175,2007-02-20 09:54:45,121.443383,31.324500, 10, 17,2
10175,2007-02-20 09:55:48,121.443383,31.324500, 10, 17,2
10175,2007-02-20 09:56:51,121.443383,31.324500, 10, 17,2
10175,2007-02-20 09:57:54,121.443383,31.324500, 10, 17,2
10175,2007-02-20 09:58:57,121.443383,31.324500, 10, 17,2
10175,2007-02-20 10:00:00,121.443383,31.324500, 10, 17,2
10175,2007-02-20 10:01:03,121.443383,31.324500, 10, 17,2
10175,2007-02-20 10:02:06,121.443383,31.324500, 10, 17,2
10175,2007-02-20 10:03:09,121.443383,31.324500, 10, 17,2
10175,2007-02-20 10:04:12,121.443383,31.324500, 10, 17,2
10175,2007-02-20 10:05:15,121.443383,31.324500, 10, 17,2
10175,2007-02-20 10:06:18,121.443383,31.324500, 10, 17,2
10175,2007-02-20 10:07:21,121.443383,31.324500, 10, 17,2
10175,2007-02-20 10:08:24,121.443383,31.324500, 10, 17,2
10175,2007-02-20 10:09:27,121.443383,31.324500, 10, 17,2
10175,2007-02-20 10:10:30,121.443383,31.324500, 10, 17,2
10175,2007-02-20 10:11:34,121.443383,31.324500, 10, 17,2
10175,2007-02-20 10:15:46,121.443383,31.324500, 10, 17,2
10175,2007-02-20 10:16:49,121.443383,31.324500, 10, 17,2
10175,2007-02-20 10:17:52,121.443383,31.324500, 10, 17,2
10175,2007-02-20 10:18:55,121.443383,31.324500, 10, 17,2
10175,2007-02-20 10:19:58,121.443383,31.324500, 10, 17,2
10175,2007-02-20 10:21:01,121.443383,31.324500, 10, 17,2
10175,2007-02-20 10:22:04,121.443383,31.324500, 10, 17,2
10175,2007-02-20 10:23:07,121.443383,31.324500, 10, 17,2
10175,2007-02-20 10:24:10,121.443383,31.324500, 10, 17,2
10175,2007-02-20 10:25:13,121.443383,31.324500, 10, 17,2
10175,2007-02-20 10:26:16,121.443383,31.324500, 10, 17,2
10175,2007-02-20 10:27:19,121.443383,31.324500, 10, 17,2
10175,2007-02-20 10:29:25,121.443383,31.324500, 10, 17,2
10175,2007-02-20 10:31:31,121.443383,31.324500, 10, 17,2
10175,2007-02-20 10:32:34,121.443383,31.324500, 10, 17,2
10175,2007-02-20 10:34:40,121.443383,31.324500, 10, 17,2
10175,2007-02-20 10:35:43,121.443383,31.324500, 10, 17,2
10175,2007-02-20 10:36:46,121.443383,31.324500, 10, 17,2
10175,2007-02-20 10:37:49,121.443383,31.324500, 10, 17,2
10175,2007-02-20 10:38:52,121.443383,31.324500, 10, 17,2
10175,2007-02-20 10:39:55,121.443383,31.324500, 10, 17,2
10175,2007-02-20 10:40:58,121.443383,31.324500, 10, 17,2
10175,2007-02-20 10:42:01,121.443383,31.324500, 10, 17,2
10175,2007-02-20 10:43:04,121.443383,31.324500, 10, 17,2
10175,2007-02-20 10:44:07,121.443383,31.324500, 10, 17,2
10175,2007-02-20 10:45:10,121.443383,31.324500, 10, 17,2
10175,2007-02-20 10:46:13,121.443383,31.324500, 10, 17,2
10175,2007-02-20 10:47:16,121.443383,31.324500, 10, 17,2
10175,2007-02-20 10:48:19,121.443383,31.324500, 10, 17,2
10175,2007-02-20 10:49:22,121.443383,31.324500, 10, 17,2
10175,2007-02-20 10:50:25,121.443383,31.324500, 10, 17,2
10175,2007-02-20 10:51:29,121.443383,31.324500, 10, 17,2
10175,2007-02-20 10:52:32,121.443383,31.324500, 10, 17,2
10175,2007-02-20 10:53:35,121.443383,31.324500, 10, 17,2
10175,2007-02-20 10:54:38,121.443383,31.324500, 10, 17,2
10175,2007-02-20 10:55:41,121.443383,31.324500, 10, 17,2
10175,2007-02-20 10:56:44,121.443383,31.324500, 10, 17,2
10175,2007-02-20 10:57:47,121.443383,31.324500, 10, 17,2
10175,2007-02-20 10:59:53,121.443383,31.324500, 10, 17,2
10175,2007-02-20 11:00:56,121.443383,31.324500, 10, 17,2
10175,2007-02-20 11:01:59,121.443383,31.324500, 10, 17,2
10175,2007-02-20 11:03:02,121.443383,31.324500, 10, 17,2
10175,2007-02-20 11:04:05,121.443383,31.324500, 10, 17,2
10175,2007-02-20 11:05:08,121.443383,31.324500, 10, 17,2
10175,2007-02-20 11:06:11,121.443383,31.324500, 10, 17,2
10175,2007-02-20 11:07:14,121.443383,31.324500, 10, 17,2
10175,2007-02-20 11:08:17,121.443383,31.324500, 10, 17,2
10175,2007-02-20 11:09:20,121.443383,31.324500, 10, 17,2
10175,2007-02-20 11:10:23,121.443383,31.324500, 10, 17,2
10175,2007-02-20 11:11:26,121.443383,31.324500, 10, 17,2
10175,2007-02-20 11:12:29,121.443383,31.324500, 10, 17,2
10175,2007-02-20 11:13:32,121.443383,31.324500, 10, 17,2
10175,2007-02-20 11:14:35,121.443383,31.324500, 10, 17,2
10175,2007-02-20 11:15:38,121.443383,31.324500, 10, 17,2
10175,2007-02-20 11:16:41,121.443383,31.324500, 10, 17,2
10175,2007-02-20 11:17:44,121.443383,31.324500, 10, 17,2
10175,2007-02-20 11:18:47,121.443383,31.324500, 10, 17,2
10175,2007-02-20 11:19:50,121.443383,31.324500, 10, 17,2
10175,2007-02-20 11:20:53,121.443383,31.324500, 10, 17,2
10175,2007-02-20 11:21:56,121.443383,31.324500, 10, 17,2
10175,2007-02-20 11:22:59,121.443383,31.324500, 10, 17,2
10175,2007-02-20 11:24:02,121.443383,31.324500, 10, 17,2
10175,2007-02-20 11:25:05,121.443383,31.324500, 10, 17,2
10175,2007-02-20 11:26:08,121.443383,31.324500, 10, 17,2
10175,2007-02-20 11:27:11,121.443383,31.324500, 10, 17,2
10175,2007-02-20 11:28:14,121.443383,31.324500, 10, 17,2
10175,2007-02-20 11:29:17,121.443383,31.324500, 10, 17,2
10175,2007-02-20 11:30:20,121.443383,31.324500, 10, 17,2
10175,2007-02-20 11:31:23,121.443383,31.324500, 10, 17,2
10175,2007-02-20 11:32:26,121.443383,31.324500, 10, 17,2
10175,2007-02-20 11:33:29,121.443383,31.324500, 10, 17,2
10175,2007-02-20 11:34:32,121.443383,31.324500, 10, 17,2
10175,2007-02-20 11:35:35,121.443383,31.324500, 10, 17,2
10175,2007-02-20 11:36:38,121.443383,31.324500, 10, 17,2
10175,2007-02-20 11:37:41,121.443383,31.324500, 10, 17,2
10175,2007-02-20 11:38:44,121.443383,31.324500, 10, 17,2
10175,2007-02-20 11:39:48,121.443383,31.324500, 10, 17,2
10175,2007-02-20 11:40:51,121.443383,31.324500, 10, 17,2
10175,2007-02-20 11:41:54,121.443383,31.324500, 10, 17,2
10175,2007-02-20 11:42:57,121.443383,31.324500, 10, 17,2
10175,2007-02-20 11:44:00,121.443383,31.324500, 10, 17,2
10175,2007-02-20 11:45:03,121.443383,31.324500, 10, 17,2
10175,2007-02-20 11:46:06,121.443383,31.324500, 10, 17,2
10175,2007-02-20 11:47:09,121.443383,31.324500, 10, 17,2
10175,2007-02-20 11:48:12,121.443383,31.324500, 10, 17,2
10175,2007-02-20 11:49:15,121.443383,31.324500, 10, 17,2
10175,2007-02-20 11:50:18,121.443383,31.324500, 10, 17,2
10175,2007-02-20 11:51:21,121.443383,31.324500, 10, 17,2
10175,2007-02-20 11:52:24,121.443383,31.324500, 10, 17,2
10175,2007-02-20 11:53:27,121.443383,31.324500, 10, 17,2
10175,2007-02-20 11:54:30,121.443383,31.324500, 10, 17,2
10175,2007-02-20 11:55:33,121.443383,31.324500, 10, 17,2
10175,2007-02-20 11:56:36,121.443383,31.324500, 10, 17,2
10175,2007-02-20 11:57:39,121.443383,31.324500, 10, 17,2
10175,2007-02-20 11:58:42,121.443383,31.324500, 10, 17,2
10175,2007-02-20 11:59:45,121.443383,31.324500, 10, 17,2
10175,2007-02-20 12:01:51,121.443383,31.324500, 10, 17,2
10175,2007-02-20 12:02:54,121.443383,31.324500, 10, 17,2
10175,2007-02-20 12:03:57,121.443383,31.324500, 10, 17,2
10175,2007-02-20 12:05:00,121.443383,31.324500, 10, 17,2
10175,2007-02-20 12:06:03,121.443383,31.324500, 10, 17,2
10175,2007-02-20 12:07:06,121.443383,31.324500, 10, 17,2
10175,2007-02-20 12:08:09,121.443383,31.324500, 10, 17,2
10175,2007-02-20 12:09:12,121.443383,31.324500, 10, 17,2
10175,2007-02-20 12:10:15,121.443383,31.324500, 10, 17,2
10175,2007-02-20 12:11:18,121.443383,31.324500, 10, 17,2
10175,2007-02-20 12:12:21,121.443383,31.324500, 10, 17,2
10175,2007-02-20 12:13:24,121.443383,31.324500, 10, 17,2
10175,2007-02-20 12:14:27,121.443383,31.324500, 10, 17,2
10175,2007-02-20 12:15:30,121.443383,31.324500, 10, 17,2
10175,2007-02-20 12:16:33,121.443383,31.324500, 10, 17,2
10175,2007-02-20 12:17:36,121.443383,31.324500, 10, 17,2
10175,2007-02-20 12:18:39,121.443383,31.324500, 10, 17,2
10175,2007-02-20 12:19:42,121.443383,31.324500, 10, 17,2
10175,2007-02-20 12:20:45,121.443383,31.324500, 10, 17,2
10175,2007-02-20 12:21:48,121.443383,31.324500, 10, 17,2
10175,2007-02-20 12:22:51,121.443383,31.324500, 10, 17,2
10175,2007-02-20 12:23:54,121.443383,31.324500, 10, 17,2
10175,2007-02-20 12:24:57,121.443383,31.324500, 10, 17,2
10175,2007-02-20 12:26:00,121.443383,31.324500, 10, 17,2
10175,2007-02-20 12:27:03,121.443383,31.324500, 10, 17,2
10175,2007-02-20 12:28:06,121.443383,31.324500, 10, 17,2
10175,2007-02-20 12:29:09,121.443383,31.324500, 10, 17,2
10175,2007-02-20 12:30:13,121.443383,31.324500, 10, 17,2
10175,2007-02-20 12:31:16,121.443383,31.324500, 10, 17,2
10175,2007-02-20 12:32:19,121.443383,31.324500, 10, 17,2
10175,2007-02-20 12:33:22,121.443383,31.324500, 10, 17,2
10175,2007-02-20 12:34:25,121.443383,31.324500, 10, 17,2
10175,2007-02-20 12:35:28,121.443383,31.324500, 10, 17,2
10175,2007-02-20 12:36:31,121.443383,31.324500, 10, 17,2
10175,2007-02-20 12:37:34,121.443383,31.324500, 10, 17,2
10175,2007-02-20 12:38:37,121.443383,31.324500, 10, 17,2
10175,2007-02-20 12:39:40,121.443383,31.324500, 10, 17,2
10175,2007-02-20 12:40:43,121.443383,31.324500, 10, 17,2
10175,2007-02-20 12:42:49,121.443383,31.324500, 10, 17,2
10175,2007-02-20 12:43:52,121.443383,31.324500, 10, 17,2
10175,2007-02-20 12:44:55,121.443383,31.324500, 10, 17,2
10175,2007-02-20 12:45:58,121.443383,31.324500, 10, 17,2
10175,2007-02-20 12:47:01,121.443383,31.324500, 10, 17,2
10175,2007-02-20 12:48:04,121.443383,31.324500, 10, 17,2
10175,2007-02-20 12:49:07,121.443383,31.324500, 10, 17,2
10175,2007-02-20 12:50:10,121.443383,31.324500, 10, 17,2
10175,2007-02-20 12:51:13,121.443383,31.324500, 10, 17,2
10175,2007-02-20 12:52:16,121.443383,31.324500, 10, 17,2
10175,2007-02-20 12:53:19,121.443383,31.324500, 10, 17,2
10175,2007-02-20 12:54:22,121.443383,31.324500, 10, 17,2
10175,2007-02-20 12:55:25,121.443383,31.324500, 10, 17,2
10175,2007-02-20 12:56:28,121.443383,31.324500, 10, 17,2
10175,2007-02-20 12:57:31,121.443383,31.324500, 10, 17,2
10175,2007-02-20 12:58:34,121.443383,31.324500, 10, 17,2
10175,2007-02-20 12:59:37,121.443383,31.324500, 10, 17,2
10175,2007-02-20 13:00:40,121.443383,31.324500, 10, 17,2
10175,2007-02-20 13:01:43,121.443383,31.324500, 10, 17,2
10175,2007-02-20 13:02:46,121.443383,31.324500, 10, 17,2
10175,2007-02-20 13:03:49,121.443383,31.324500, 10, 17,2
10175,2007-02-20 13:04:52,121.443383,31.324500, 10, 17,2
10175,2007-02-20 13:06:58,121.443383,31.324500, 10, 17,2
10175,2007-02-20 13:08:01,121.443383,31.324500, 10, 17,2
10175,2007-02-20 13:09:04,121.443383,31.324500, 10, 17,2
10175,2007-02-20 13:10:07,121.443383,31.324500, 10, 17,2
10175,2007-02-20 13:11:10,121.443383,31.324500, 10, 17,2
10175,2007-02-20 13:13:16,121.443383,31.324500, 10, 17,2
10175,2007-02-20 13:14:19,121.443383,31.324500, 10, 17,2
10175,2007-02-20 13:15:22,121.443383,31.324500, 10, 17,2
10175,2007-02-20 13:16:25,121.443383,31.324500, 10, 17,2
10175,2007-02-20 13:17:28,121.443383,31.324500, 10, 17,2
10175,2007-02-20 13:18:31,121.443383,31.324500, 10, 17,2
10175,2007-02-20 13:19:35,121.443383,31.324500, 10, 17,2
10175,2007-02-20 13:20:38,121.443383,31.324500, 10, 17,2
10175,2007-02-20 13:21:41,121.443383,31.324500, 10, 17,2
10175,2007-02-20 13:22:44,121.443383,31.324500, 10, 17,2
10175,2007-02-20 13:24:50,121.443383,31.324500, 10, 17,2
10175,2007-02-20 13:25:53,121.443383,31.324500, 10, 17,2
10175,2007-02-20 13:26:56,121.443383,31.324500, 10, 17,2
10175,2007-02-20 13:27:59,121.443383,31.324500, 10, 17,2
10175,2007-02-20 13:29:02,121.443383,31.324500, 10, 17,2
10175,2007-02-20 13:30:05,121.443383,31.324500, 10, 17,2
10175,2007-02-20 13:31:08,121.443383,31.324500, 10, 17,2
10175,2007-02-20 13:32:11,121.443383,31.324500, 10, 17,2
10175,2007-02-20 13:33:14,121.443383,31.324500, 10, 17,2
10175,2007-02-20 13:34:17,121.443383,31.324500, 10, 17,2
10175,2007-02-20 13:35:20,121.443383,31.324500, 10, 17,2
10175,2007-02-20 13:36:23,121.443383,31.324500, 10, 17,2
10175,2007-02-20 13:37:26,121.443383,31.324500, 10, 17,2
10175,2007-02-20 13:38:29,121.443383,31.324500, 10, 17,2
10175,2007-02-20 13:39:32,121.443383,31.324500, 10, 17,2
10175,2007-02-20 13:40:35,121.443383,31.324500, 10, 17,2
10175,2007-02-20 13:41:38,121.443383,31.324500, 10, 17,2
10175,2007-02-20 13:42:41,121.443383,31.324500, 10, 17,2
10175,2007-02-20 13:43:44,121.443383,31.324500, 10, 17,2
10175,2007-02-20 13:44:47,121.443383,31.324500, 10, 17,2
10175,2007-02-20 13:45:50,121.443383,31.324500, 10, 17,2
10175,2007-02-20 13:46:53,121.443383,31.324500, 10, 17,2
10175,2007-02-20 13:47:56,121.443383,31.324500, 10, 17,2
10175,2007-02-20 13:48:59,121.443383,31.324500, 10, 17,2
10175,2007-02-20 13:50:02,121.443383,31.324500, 10, 17,2
10175,2007-02-20 13:51:05,121.443383,31.324500, 10, 17,2
10175,2007-02-20 13:52:08,121.443383,31.324500, 10, 17,2
10175,2007-02-20 13:53:11,121.443383,31.324500, 10, 17,2
10175,2007-02-20 13:54:14,121.443383,31.324500, 10, 17,2
10175,2007-02-20 13:55:17,121.443383,31.324500, 10, 17,2
10175,2007-02-20 13:56:20,121.443383,31.324500, 10, 17,2
10175,2007-02-20 13:57:23,121.443383,31.324500, 10, 17,2
10175,2007-02-20 13:58:26,121.443383,31.324500, 10, 17,2
10175,2007-02-20 13:59:29,121.443383,31.324500, 10, 17,2
10175,2007-02-20 14:00:32,121.443383,31.324500, 10, 17,2
10175,2007-02-20 14:01:35,121.443383,31.324500, 10, 17,2
10175,2007-02-20 14:02:38,121.443383,31.324500, 10, 17,2
10175,2007-02-20 14:03:41,121.443383,31.324500, 10, 17,2
10175,2007-02-20 14:04:44,121.443383,31.324500, 10, 17,2
10175,2007-02-20 14:05:47,121.443383,31.324500, 10, 17,2
10175,2007-02-20 14:06:50,121.443383,31.324500, 10, 17,2
10175,2007-02-20 14:07:53,121.443383,31.324500, 10, 17,2
10175,2007-02-20 14:08:56,121.443383,31.324500, 10, 17,2
10175,2007-02-20 14:10:00,121.443383,31.324500, 10, 17,2
10175,2007-02-20 14:11:03,121.443383,31.324500, 10, 17,2
10175,2007-02-20 14:13:09,121.443383,31.324500, 10, 17,2
10175,2007-02-20 14:14:12,121.443383,31.324500, 10, 17,2
10175,2007-02-20 14:16:18,121.443383,31.324500, 10, 17,2
10175,2007-02-20 14:17:21,121.443383,31.324500, 10, 17,2
10175,2007-02-20 14:19:27,121.443383,31.324500, 10, 17,2
10175,2007-02-20 14:20:30,121.443383,31.324500, 10, 17,2
10175,2007-02-20 14:22:36,121.443383,31.324500, 10, 17,2
10175,2007-02-20 14:24:42,121.443383,31.324500, 10, 17,2
10175,2007-02-20 14:25:45,121.443383,31.324500, 10, 17,2
10175,2007-02-20 14:26:48,121.443383,31.324500, 10, 17,2
10175,2007-02-20 14:27:51,121.443383,31.324500, 10, 17,2
10175,2007-02-20 14:28:54,121.443383,31.324500, 10, 17,2
10175,2007-02-20 14:29:57,121.443383,31.324500, 10, 17,2
10175,2007-02-20 14:31:00,121.443383,31.324500, 10, 17,2
10175,2007-02-20 14:33:06,121.443383,31.324500, 10, 17,2
10175,2007-02-20 14:34:09,121.443383,31.324500, 10, 17,2
10175,2007-02-20 14:35:12,121.443383,31.324500, 10, 17,2
10175,2007-02-20 14:36:15,121.443383,31.324500, 10, 17,2
10175,2007-02-20 14:37:18,121.443383,31.324500, 10, 17,2
10175,2007-02-20 14:38:21,121.443383,31.324500, 10, 17,2
10175,2007-02-20 14:39:24,121.443383,31.324500, 10, 17,2
10175,2007-02-20 14:40:27,121.443383,31.324500, 10, 17,2
10175,2007-02-20 14:41:30,121.443383,31.324500, 10, 17,2
10175,2007-02-20 14:42:33,121.443383,31.324500, 10, 17,2
10175,2007-02-20 14:43:36,121.443383,31.324500, 10, 17,2
10175,2007-02-20 14:44:39,121.443383,31.324500, 10, 17,2
10175,2007-02-20 14:45:42,121.443383,31.324500, 10, 17,2
10175,2007-02-20 14:47:48,121.443383,31.324500, 10, 17,2
10175,2007-02-20 14:48:51,121.443383,31.324500, 10, 17,2
10175,2007-02-20 14:49:54,121.443383,31.324500, 10, 17,2
10175,2007-02-20 14:50:58,121.443383,31.324500, 10, 17,2
10175,2007-02-20 14:52:01,121.443383,31.324500, 10, 17,2
10175,2007-02-20 14:53:04,121.443383,31.324500, 10, 17,2
10175,2007-02-20 14:54:07,121.443383,31.324500, 10, 17,2
10175,2007-02-20 14:55:10,121.443383,31.324500, 10, 17,2
10175,2007-02-20 14:56:13,121.443383,31.324500, 10, 17,2
10175,2007-02-20 14:57:16,121.443383,31.324500, 10, 17,2
10175,2007-02-20 14:58:19,121.443383,31.324500, 10, 17,2
10175,2007-02-20 14:59:22,121.443383,31.324500, 10, 17,2
10175,2007-02-20 15:00:25,121.443383,31.324500, 10, 17,2
10175,2007-02-20 15:01:28,121.443383,31.324500, 10, 17,2
10175,2007-02-20 15:02:31,121.443383,31.324500, 10, 17,2
10175,2007-02-20 15:03:34,121.443383,31.324500, 10, 17,2
10175,2007-02-20 15:04:37,121.443383,31.324500, 10, 17,2
10175,2007-02-20 15:05:40,121.443383,31.324500, 10, 17,2
10175,2007-02-20 15:06:43,121.443383,31.324500, 10, 17,2
10175,2007-02-20 15:07:46,121.443383,31.324500, 10, 17,2
10175,2007-02-20 15:08:49,121.443383,31.324500, 10, 17,2
10175,2007-02-20 15:09:52,121.443383,31.324500, 10, 17,2
10175,2007-02-20 15:10:55,121.443383,31.324500, 10, 17,2
10175,2007-02-20 15:11:58,121.443383,31.324500, 10, 17,2
10175,2007-02-20 15:13:01,121.443383,31.324500, 10, 17,2
10175,2007-02-20 15:14:04,121.443383,31.324500, 10, 17,2
10175,2007-02-20 15:15:07,121.443383,31.324500, 10, 17,2
10175,2007-02-20 15:16:10,121.443383,31.324500, 10, 17,2
10175,2007-02-20 15:17:13,121.443383,31.324500, 10, 17,2
10175,2007-02-20 15:18:16,121.443383,31.324500, 10, 17,2
10175,2007-02-20 15:19:19,121.443383,31.324500, 10, 17,2
10175,2007-02-20 15:20:22,121.443383,31.324500, 10, 17,2
10175,2007-02-20 15:21:25,121.443383,31.324500, 10, 17,2
10175,2007-02-20 15:22:28,121.443383,31.324500, 10, 17,2
10175,2007-02-20 15:24:34,121.443383,31.324500, 10, 17,2
10175,2007-02-20 15:25:37,121.443383,31.324500, 10, 17,2
10175,2007-02-20 15:26:40,121.443383,31.324500, 10, 17,2
10175,2007-02-20 15:27:43,121.443383,31.324500, 10, 17,2
10175,2007-02-20 15:28:46,121.443383,31.324500, 10, 17,2
10175,2007-02-20 15:29:50,121.443383,31.324500, 10, 17,2
10175,2007-02-20 15:30:53,121.443383,31.324500, 10, 17,2
10175,2007-02-20 15:31:56,121.443383,31.324500, 10, 17,2
10175,2007-02-20 15:32:59,121.443383,31.324500, 10, 17,2
10175,2007-02-20 15:34:02,121.443383,31.324500, 10, 17,2
10175,2007-02-20 15:35:05,121.443383,31.324500, 10, 17,2
10175,2007-02-20 15:36:08,121.443383,31.324500, 10, 17,2
10175,2007-02-20 15:37:11,121.443383,31.324500, 10, 17,2
10175,2007-02-20 15:39:17,121.443383,31.324500, 10, 17,2
10175,2007-02-20 15:40:20,121.443383,31.324500, 10, 17,2
10175,2007-02-20 15:41:23,121.443383,31.324500, 10, 17,2
10175,2007-02-20 15:42:26,121.443383,31.324500, 10, 17,2
10175,2007-02-20 15:43:29,121.443383,31.324500, 10, 17,2
10175,2007-02-20 15:44:32,121.443383,31.324500, 10, 17,2
10175,2007-02-20 15:45:35,121.443383,31.324500, 10, 17,2
10175,2007-02-20 15:46:38,121.443383,31.324500, 10, 17,2
10175,2007-02-20 15:47:41,121.443383,31.324500, 10, 17,2
10175,2007-02-20 15:48:44,121.443383,31.324500, 10, 17,2
10175,2007-02-20 15:49:47,121.443383,31.324500, 10, 17,2
10175,2007-02-20 15:50:50,121.443383,31.324500, 10, 17,2
10175,2007-02-20 15:52:56,121.443383,31.324500, 10, 17,2
10175,2007-02-20 15:53:59,121.443383,31.324500, 10, 17,2
10175,2007-02-20 15:55:02,121.443383,31.324500, 10, 17,2
10175,2007-02-20 15:56:05,121.443383,31.324500, 10, 17,2
10175,2007-02-20 15:57:08,121.443383,31.324500, 10, 17,2
10175,2007-02-20 15:58:11,121.443383,31.324500, 10, 17,2
10175,2007-02-20 15:59:14,121.443383,31.324500, 10, 17,2
10175,2007-02-20 16:00:17,121.443383,31.324500, 10, 17,2
10175,2007-02-20 16:01:20,121.443383,31.324500, 10, 17,2
10175,2007-02-20 16:02:23,121.443383,31.324500, 10, 17,2
10175,2007-02-20 16:03:26,121.443383,31.324500, 10, 17,2
10175,2007-02-20 16:04:29,121.443383,31.324500, 10, 17,2
10175,2007-02-20 16:05:32,121.443383,31.324500, 10, 17,2
10175,2007-02-20 16:06:35,121.443383,31.324500, 10, 17,2
10175,2007-02-20 16:08:41,121.443383,31.324500, 10, 17,2
10175,2007-02-20 16:09:44,121.443383,31.324500, 10, 17,2
10175,2007-02-20 16:10:47,121.443383,31.324500, 10, 17,2
10175,2007-02-20 16:11:50,121.443383,31.324500, 10, 17,2
10175,2007-02-20 16:12:53,121.443383,31.324500, 10, 17,2
10175,2007-02-20 16:13:56,121.443383,31.324500, 10, 17,2
10175,2007-02-20 16:15:00,121.443383,31.324500, 10, 17,2
10175,2007-02-20 16:16:03,121.443383,31.324500, 10, 17,2
10175,2007-02-20 16:18:09,121.443383,31.324500, 10, 17,2
10175,2007-02-20 16:19:12,121.443383,31.324500, 10, 17,2
10175,2007-02-20 16:20:15,121.443383,31.324500, 10, 17,2
10175,2007-02-20 16:21:18,121.443383,31.324500, 10, 17,2
10175,2007-02-20 16:22:21,121.443383,31.324500, 10, 17,2
10175,2007-02-20 16:23:24,121.443383,31.324500, 10, 17,2
10175,2007-02-20 16:24:27,121.443383,31.324500, 10, 17,2
10175,2007-02-20 16:25:30,121.443383,31.324500, 10, 17,2
10175,2007-02-20 16:26:33,121.443383,31.324500, 10, 17,2
10175,2007-02-20 16:27:36,121.443383,31.324500, 10, 17,2
10175,2007-02-20 16:28:39,121.443383,31.324500, 10, 17,2
10175,2007-02-20 16:29:42,121.443383,31.324500, 10, 17,2
10175,2007-02-20 16:30:45,121.443383,31.324500, 10, 17,2
10175,2007-02-20 16:31:48,121.443383,31.324500, 10, 17,2
10175,2007-02-20 16:32:51,121.443383,31.324500, 10, 17,2
10175,2007-02-20 16:33:54,121.443383,31.324500, 10, 17,2
10175,2007-02-20 16:34:57,121.443383,31.324500, 10, 17,2
10175,2007-02-20 16:36:00,121.443383,31.324500, 10, 17,2
10175,2007-02-20 16:37:03,121.443383,31.324500, 10, 17,2
10175,2007-02-20 16:38:06,121.443383,31.324500, 10, 17,2
10175,2007-02-20 16:39:09,121.443383,31.324500, 10, 17,2
10175,2007-02-20 16:40:12,121.443383,31.324500, 10, 17,2
10175,2007-02-20 16:41:15,121.443383,31.324500, 10, 17,2
10175,2007-02-20 16:42:18,121.443383,31.324500, 10, 17,2
10175,2007-02-20 16:44:24,121.443383,31.324500, 10, 17,2
10175,2007-02-20 16:45:27,121.443383,31.324500, 10, 17,2
10175,2007-02-20 16:46:30,121.443383,31.324500, 10, 17,2
10175,2007-02-20 16:47:33,121.443383,31.324500, 10, 17,2
10175,2007-02-20 16:49:39,121.443383,31.324500, 10, 17,2
10175,2007-02-20 16:50:42,121.443383,31.324500, 10, 17,2
10175,2007-02-20 16:51:45,121.443383,31.324500, 10, 17,2
10175,2007-02-20 16:52:48,121.443383,31.324500, 10, 17,2
10175,2007-02-20 16:53:51,121.443383,31.324500, 10, 17,2
10175,2007-02-20 16:54:55,121.443383,31.324500, 10, 17,2
10175,2007-02-20 16:58:04,121.443383,31.324500, 10, 17,2
10175,2007-02-20 16:59:07,121.443383,31.324500, 10, 17,2
10175,2007-02-20 17:00:10,121.443383,31.324500, 10, 17,2
10175,2007-02-20 17:01:13,121.443383,31.324500, 10, 17,2
10175,2007-02-20 17:02:16,121.443383,31.324500, 10, 17,2
10175,2007-02-20 17:03:19,121.443383,31.324500, 10, 17,2
10175,2007-02-20 17:04:22,121.443383,31.324500, 10, 17,2
10175,2007-02-20 17:05:25,121.443383,31.324500, 10, 17,2
10175,2007-02-20 17:06:28,121.443383,31.324500, 10, 17,2
10175,2007-02-20 17:07:31,121.443383,31.324500, 10, 17,2
10175,2007-02-20 17:08:34,121.443383,31.324500, 10, 17,2
10175,2007-02-20 17:09:37,121.443383,31.324500, 10, 17,2
10175,2007-02-20 17:10:40,121.443383,31.324500, 10, 17,2
10175,2007-02-20 17:11:43,121.443383,31.324500, 10, 17,2
10175,2007-02-20 17:12:46,121.443383,31.324500, 10, 17,2
10175,2007-02-20 17:13:49,121.443383,31.324500, 10, 17,2
10175,2007-02-20 17:14:52,121.443383,31.324500, 10, 17,2
10175,2007-02-20 17:15:55,121.443383,31.324500, 10, 17,2
10175,2007-02-20 17:16:58,121.443383,31.324500, 10, 17,2
10175,2007-02-20 17:18:01,121.443383,31.324500, 10, 17,2
10175,2007-02-20 17:19:04,121.443383,31.324500, 10, 17,2
10175,2007-02-20 17:20:07,121.443383,31.324500, 10, 17,2
10175,2007-02-20 17:21:10,121.443383,31.324500, 10, 17,2
10175,2007-02-20 17:23:16,121.443383,31.324500, 10, 17,2
10175,2007-02-20 17:24:19,121.443383,31.324500, 10, 17,2
10175,2007-02-20 17:25:22,121.443383,31.324500, 10, 17,2
10175,2007-02-20 17:26:25,121.443383,31.324500, 10, 17,2
10175,2007-02-20 17:27:28,121.443383,31.324500, 10, 17,2
10175,2007-02-20 17:28:31,121.443383,31.324500, 10, 17,2
10175,2007-02-20 17:29:34,121.443383,31.324500, 10, 17,2
10175,2007-02-20 17:30:37,121.443383,31.324500, 10, 17,2
10175,2007-02-20 17:31:40,121.443383,31.324500, 10, 17,2
10175,2007-02-20 17:32:43,121.443383,31.324500, 10, 17,2
10175,2007-02-20 17:33:46,121.443383,31.324500, 10, 17,2
10175,2007-02-20 17:34:49,121.443383,31.324500, 10, 17,2
10175,2007-02-20 17:35:52,121.443383,31.324500, 10, 17,2
10175,2007-02-20 17:36:55,121.443383,31.324500, 10, 17,2
10175,2007-02-20 17:37:58,121.443383,31.324500, 10, 17,2
10175,2007-02-20 17:39:01,121.443383,31.324500, 10, 17,2
10175,2007-02-20 17:40:05,121.443383,31.324500, 10, 17,2
10175,2007-02-20 17:41:08,121.443383,31.324500, 10, 17,2
10175,2007-02-20 17:42:11,121.443383,31.324500, 10, 17,2
10175,2007-02-20 17:43:14,121.443383,31.324500, 10, 17,2
10175,2007-02-20 17:44:17,121.443383,31.324500, 10, 17,2
10175,2007-02-20 17:45:20,121.443383,31.324500, 10, 17,2
10175,2007-02-20 17:46:23,121.443383,31.324500, 10, 17,2
10175,2007-02-20 17:47:26,121.443383,31.324500, 10, 17,2
10175,2007-02-20 17:48:29,121.443383,31.324500, 10, 17,2
10175,2007-02-20 17:49:32,121.443383,31.324500, 10, 17,2
10175,2007-02-20 17:50:35,121.443383,31.324500, 10, 17,2
10175,2007-02-20 17:51:38,121.443383,31.324500, 10, 17,2
10175,2007-02-20 17:52:41,121.443383,31.324500, 10, 17,2
10175,2007-02-20 17:53:44,121.443383,31.324500, 10, 17,2
10175,2007-02-20 17:54:47,121.443383,31.324500, 10, 17,2
10175,2007-02-20 17:55:50,121.443383,31.324500, 10, 17,2
10175,2007-02-20 17:56:53,121.443383,31.324500, 10, 17,2
10175,2007-02-20 17:57:56,121.443383,31.324500, 10, 17,2
10175,2007-02-20 17:58:59,121.443383,31.324500, 10, 17,2
10175,2007-02-20 18:00:02,121.443383,31.324500, 10, 17,2
10175,2007-02-20 18:01:05,121.443383,31.324500, 10, 17,2
10175,2007-02-20 18:02:08,121.443383,31.324500, 10, 17,2
10175,2007-02-20 18:03:11,121.443383,31.324500, 10, 17,2
10175,2007-02-20 18:04:14,121.443383,31.324500, 10, 17,2
10175,2007-02-20 18:05:17,121.443383,31.324500, 10, 17,2
10175,2007-02-20 18:07:23,121.443383,31.324500, 10, 17,2
10175,2007-02-20 18:09:29,121.443383,31.324500, 10, 17,2
10175,2007-02-20 18:10:32,121.443383,31.324500, 10, 17,2
10175,2007-02-20 18:11:35,121.443383,31.324500, 10, 17,2
10175,2007-02-20 18:12:38,121.443383,31.324500, 10, 17,2
10175,2007-02-20 18:14:44,121.443383,31.324500, 10, 17,2
10175,2007-02-20 18:15:47,121.443383,31.324500, 10, 17,2
10175,2007-02-20 18:16:50,121.443383,31.324500, 10, 17,2
10175,2007-02-20 18:17:53,121.443383,31.324500, 10, 17,2
10175,2007-02-20 18:18:56,121.443383,31.324500, 10, 17,2
10175,2007-02-20 18:20:00,121.443383,31.324500, 10, 17,2
10175,2007-02-20 18:21:03,121.443383,31.324500, 10, 17,2
10175,2007-02-20 18:22:06,121.443383,31.324500, 10, 17,2
10175,2007-02-20 18:23:09,121.443383,31.324500, 10, 17,2
10175,2007-02-20 18:24:12,121.443383,31.324500, 10, 17,2
10175,2007-02-20 18:25:15,121.443383,31.324500, 10, 17,2
10175,2007-02-20 18:26:18,121.443383,31.324500, 10, 17,2
10175,2007-02-20 18:27:21,121.443383,31.324500, 10, 17,2
10175,2007-02-20 18:28:24,121.443383,31.324500, 10, 17,2
10175,2007-02-20 18:29:27,121.443383,31.324500, 10, 17,2
10175,2007-02-20 18:30:30,121.443383,31.324500, 10, 17,2
10175,2007-02-20 18:31:33,121.443383,31.324500, 10, 17,2
10175,2007-02-20 18:32:36,121.443383,31.324500, 10, 17,2
10175,2007-02-20 18:33:39,121.443383,31.324500, 10, 17,2
10175,2007-02-20 18:34:42,121.443383,31.324500, 10, 17,2
10175,2007-02-20 18:36:48,121.443383,31.324500, 10, 17,2
10175,2007-02-20 18:37:51,121.443383,31.324500, 10, 17,2
10175,2007-02-20 18:38:54,121.443383,31.324500, 10, 17,2
10175,2007-02-20 18:39:57,121.443383,31.324500, 10, 17,2
10175,2007-02-20 18:41:00,121.443383,31.324500, 10, 17,2
10175,2007-02-20 18:42:03,121.443383,31.324500, 10, 17,2
10175,2007-02-20 18:43:06,121.443383,31.324500, 10, 17,2
10175,2007-02-20 18:44:09,121.443383,31.324500, 10, 17,2
10175,2007-02-20 18:45:12,121.443383,31.324500, 10, 17,2
10175,2007-02-20 18:46:15,121.443383,31.324500, 10, 17,2
10175,2007-02-20 18:47:18,121.443383,31.324500, 10, 17,2
10175,2007-02-20 18:48:21,121.443383,31.324500, 10, 17,2
10175,2007-02-20 18:49:24,121.443383,31.324500, 10, 17,2
10175,2007-02-20 18:50:27,121.443383,31.324500, 10, 17,2
10175,2007-02-20 18:51:30,121.443383,31.324500, 10, 17,2
10175,2007-02-20 18:53:36,121.443383,31.324500, 10, 17,2
10175,2007-02-20 18:54:39,121.443383,31.324500, 10, 17,2
10175,2007-02-20 18:55:42,121.443383,31.324500, 10, 17,2
10175,2007-02-20 18:56:46,121.443383,31.324500, 10, 17,2
10175,2007-02-20 18:57:49,121.443383,31.324500, 10, 17,2
10175,2007-02-20 18:58:52,121.443383,31.324500, 10, 17,2
10175,2007-02-20 18:59:55,121.443383,31.324500, 10, 17,2
10175,2007-02-20 19:02:01,121.443383,31.324500, 10, 17,2
10175,2007-02-20 19:03:04,121.443383,31.324500, 10, 17,2
10175,2007-02-20 19:04:07,121.443383,31.324500, 10, 17,2
10175,2007-02-20 19:05:10,121.443383,31.324500, 10, 17,2
10175,2007-02-20 19:06:13,121.443383,31.324500, 10, 17,2
10175,2007-02-20 19:07:16,121.443383,31.324500, 10, 17,2
10175,2007-02-20 19:08:19,121.443383,31.324500, 10, 17,2
10175,2007-02-20 19:09:22,121.443383,31.324500, 10, 17,2
10175,2007-02-20 19:11:28,121.443383,31.324500, 10, 17,2
10175,2007-02-20 19:12:31,121.443383,31.324500, 10, 17,2
10175,2007-02-20 19:13:34,121.443383,31.324500, 10, 17,2
10175,2007-02-20 19:14:37,121.443383,31.324500, 10, 17,2
10175,2007-02-20 19:15:40,121.443383,31.324500, 10, 17,2
10175,2007-02-20 19:17:46,121.443383,31.324500, 10, 17,2
10175,2007-02-20 19:18:49,121.443383,31.324500, 10, 17,2
10175,2007-02-20 19:19:52,121.443383,31.324500, 10, 17,2
10175,2007-02-20 19:20:55,121.443383,31.324500, 10, 17,2
10175,2007-02-20 19:21:58,121.443383,31.324500, 10, 17,2
10175,2007-02-20 19:23:01,121.443383,31.324500, 10, 17,2
10175,2007-02-20 19:24:04,121.443383,31.324500, 10, 17,2
10175,2007-02-20 19:25:07,121.443383,31.324500, 10, 17,2
10175,2007-02-20 19:27:14,121.443383,31.324500, 10, 17,2
10175,2007-02-20 19:28:17,121.443383,31.324500, 10, 17,2
10175,2007-02-20 19:29:20,121.443383,31.324500, 10, 17,2
10175,2007-02-20 19:30:23,121.443383,31.324500, 10, 17,2
10175,2007-02-20 19:31:26,121.443383,31.324500, 10, 17,2
10175,2007-02-20 19:32:29,121.443383,31.324500, 10, 17,2
10175,2007-02-20 19:33:32,121.443383,31.324500, 10, 17,2
10175,2007-02-20 19:34:35,121.443383,31.324500, 10, 17,2
10175,2007-02-20 19:35:38,121.443383,31.324500, 10, 17,2
10175,2007-02-20 19:37:44,121.443383,31.324500, 10, 17,2
10175,2007-02-20 19:38:47,121.443383,31.324500, 10, 17,2
10175,2007-02-20 19:39:50,121.443383,31.324500, 10, 17,2
10175,2007-02-20 19:40:53,121.443383,31.324500, 10, 17,2
10175,2007-02-20 19:41:56,121.443383,31.324500, 10, 17,2
10175,2007-02-20 19:42:59,121.443383,31.324500, 10, 17,2
10175,2007-02-20 19:44:02,121.443383,31.324500, 10, 17,2
10175,2007-02-20 19:45:05,121.443383,31.324500, 10, 17,2
10175,2007-02-20 19:46:08,121.443383,31.324500, 10, 17,2
10175,2007-02-20 19:47:11,121.443383,31.324500, 10, 17,2
10175,2007-02-20 19:48:14,121.443383,31.324500, 10, 17,2
10175,2007-02-20 19:49:17,121.443383,31.324500, 10, 17,2
10175,2007-02-20 19:51:24,121.443383,31.324500, 10, 17,2
10175,2007-02-20 19:52:27,121.443383,31.324500, 10, 17,2
10175,2007-02-20 19:53:30,121.443383,31.324500, 10, 17,2
10175,2007-02-20 19:54:33,121.443383,31.324500, 10, 17,2
10175,2007-02-20 19:56:39,121.443383,31.324500, 10, 17,2
10175,2007-02-20 19:57:42,121.443383,31.324500, 10, 17,2
10175,2007-02-20 19:58:45,121.443383,31.324500, 10, 17,2
10175,2007-02-20 19:59:48,121.443383,31.324500, 10, 17,2
10175,2007-02-20 20:00:52,121.443383,31.324500, 10, 17,2
10175,2007-02-20 20:01:56,121.443383,31.324500, 10, 17,2
10175,2007-02-20 20:02:59,121.443383,31.324500, 10, 17,2
10175,2007-02-20 20:04:02,121.443383,31.324500, 10, 17,2
10175,2007-02-20 20:05:05,121.443383,31.324500, 10, 17,2
10175,2007-02-20 20:06:08,121.443383,31.324500, 10, 17,2
10175,2007-02-20 20:07:11,121.443383,31.324500, 10, 17,2
10175,2007-02-20 20:08:14,121.443383,31.324500, 10, 17,2
10175,2007-02-20 20:09:17,121.443383,31.324500, 10, 17,2
10175,2007-02-20 20:10:20,121.443383,31.324500, 10, 17,2
10175,2007-02-20 20:11:23,121.443383,31.324500, 10, 17,2
10175,2007-02-20 20:12:26,121.443383,31.324500, 10, 17,2
10175,2007-02-20 20:13:29,121.443383,31.324500, 10, 17,2
10175,2007-02-20 20:14:32,121.443383,31.324500, 10, 17,2
10175,2007-02-20 20:17:41,121.443383,31.324500, 10, 17,2
10175,2007-02-20 20:18:44,121.443383,31.324500, 10, 17,2
10175,2007-02-20 20:19:48,121.443383,31.324500, 10, 17,2
10175,2007-02-20 20:20:51,121.443383,31.324500, 10, 17,2
10175,2007-02-20 20:21:54,121.443383,31.324500, 10, 17,2
10175,2007-02-20 20:22:57,121.443383,31.324500, 10, 17,2
10175,2007-02-20 20:24:00,121.443383,31.324500, 10, 17,2
10175,2007-02-20 20:25:03,121.443383,31.324500, 10, 17,2
10175,2007-02-20 20:26:06,121.443383,31.324500, 10, 17,2
10175,2007-02-20 20:27:09,121.443383,31.324500, 10, 17,2
10175,2007-02-20 20:28:12,121.443383,31.324500, 10, 17,2
10175,2007-02-20 20:29:15,121.443383,31.324500, 10, 17,2
10175,2007-02-20 20:30:18,121.443383,31.324500, 10, 17,2
10175,2007-02-20 20:31:21,121.443383,31.324500, 10, 17,2
10175,2007-02-20 20:32:24,121.443383,31.324500, 10, 17,2
10175,2007-02-20 20:33:27,121.443383,31.324500, 10, 17,2
10175,2007-02-20 20:34:30,121.443383,31.324500, 10, 17,2
10175,2007-02-20 20:35:33,121.443383,31.324500, 10, 17,2
10175,2007-02-20 20:36:37,121.443383,31.324500, 10, 17,2
10175,2007-02-20 20:37:40,121.443383,31.324500, 10, 17,2
10175,2007-02-20 20:38:43,121.443383,31.324500, 10, 17,2
10175,2007-02-20 20:39:46,121.443383,31.324500, 10, 17,2
10175,2007-02-20 20:40:49,121.443383,31.324500, 10, 17,2
10175,2007-02-20 20:41:52,121.443383,31.324500, 10, 17,2
10175,2007-02-20 20:42:55,121.443383,31.324500, 10, 17,2
10175,2007-02-20 20:43:58,121.443383,31.324500, 10, 17,2
10175,2007-02-20 20:45:01,121.443383,31.324500, 10, 17,2
10175,2007-02-20 20:46:04,121.443383,31.324500, 10, 17,2
10175,2007-02-20 20:47:07,121.443383,31.324500, 10, 17,2
10175,2007-02-20 20:48:10,121.443383,31.324500, 10, 17,2
10175,2007-02-20 20:49:13,121.443383,31.324500, 10, 17,2
10175,2007-02-20 20:50:16,121.443383,31.324500, 10, 17,2
10175,2007-02-20 20:51:19,121.443383,31.324500, 10, 17,2
10175,2007-02-20 20:52:22,121.443383,31.324500, 10, 17,2
10175,2007-02-20 20:53:26,121.443383,31.324500, 10, 17,2
10175,2007-02-20 20:54:29,121.443383,31.324500, 10, 17,2
10175,2007-02-20 20:55:32,121.443383,31.324500, 10, 17,2
10175,2007-02-20 20:56:35,121.443383,31.324500, 10, 17,2
10175,2007-02-20 20:57:38,121.443383,31.324500, 10, 17,2
10175,2007-02-20 20:58:41,121.443383,31.324500, 10, 17,2
10175,2007-02-20 20:59:44,121.443383,31.324500, 10, 17,2
10175,2007-02-20 21:00:47,121.443383,31.324500, 10, 17,2
10175,2007-02-20 21:02:53,121.443383,31.324500, 10, 17,2
10175,2007-02-20 21:03:56,121.443383,31.324500, 10, 17,2
10175,2007-02-20 21:04:59,121.443383,31.324500, 10, 17,2
10175,2007-02-20 21:06:02,121.443383,31.324500, 10, 17,2
10175,2007-02-20 21:07:06,121.443383,31.324500, 10, 17,2
10175,2007-02-20 21:08:09,121.443383,31.324500, 10, 17,2
10175,2007-02-20 21:09:12,121.443383,31.324500, 10, 17,2
10175,2007-02-20 21:10:15,121.443383,31.324500, 10, 17,2
10175,2007-02-20 21:11:18,121.443383,31.324500, 10, 17,2
10175,2007-02-20 21:12:21,121.443383,31.324500, 10, 17,2
10175,2007-02-20 21:13:24,121.443383,31.324500, 10, 17,2
10175,2007-02-20 21:14:27,121.443383,31.324500, 10, 17,2
10175,2007-02-20 21:15:30,121.443383,31.324500, 10, 17,2
10175,2007-02-20 21:16:33,121.443383,31.324500, 10, 17,2
10175,2007-02-20 21:17:36,121.443383,31.324500, 10, 17,2
10175,2007-02-20 21:18:39,121.443383,31.324500, 10, 17,2
10175,2007-02-20 21:19:42,121.443383,31.324500, 10, 17,2
10175,2007-02-20 21:20:45,121.443383,31.324500, 10, 17,2
10175,2007-02-20 21:21:48,121.443383,31.324500, 10, 17,2
10175,2007-02-20 21:22:51,121.443383,31.324500, 10, 17,2
10175,2007-02-20 21:23:54,121.443383,31.324500, 10, 17,2
10175,2007-02-20 21:24:57,121.443383,31.324500, 10, 17,2
10175,2007-02-20 21:26:00,121.443383,31.324500, 10, 17,2
10175,2007-02-20 21:27:04,121.443383,31.324500, 10, 17,2
10175,2007-02-20 21:28:07,121.443383,31.324500, 10, 17,2
10175,2007-02-20 21:29:10,121.443383,31.324500, 10, 17,2
10175,2007-02-20 21:30:13,121.443383,31.324500, 10, 17,2
10175,2007-02-20 21:31:16,121.443383,31.324500, 10, 17,2
10175,2007-02-20 21:32:19,121.443383,31.324500, 10, 17,2
10175,2007-02-20 21:33:24,121.443383,31.324500, 10, 17,2
10175,2007-02-20 21:34:29,121.443383,31.324500, 10, 17,2
10175,2007-02-20 21:35:35,121.443383,31.324500, 10, 17,2
10175,2007-02-20 21:37:32,121.443383,31.324500, 10, 17,2
10175,2007-02-20 21:39:32,121.443383,31.324500, 10, 17,2
10175,2007-02-20 21:40:37,121.443383,31.324500, 10, 17,2
10175,2007-02-20 21:42:10,121.443383,31.324500, 10, 17,2
10175,2007-02-20 21:43:53,121.443383,31.324500, 10, 17,2
10175,2007-02-20 21:47:01,121.443383,31.324500, 10, 17,2
10175,2007-02-20 21:48:26,121.443383,31.324500, 10, 17,2
10175,2007-02-20 21:49:32,121.443383,31.324500, 10, 17,2
10175,2007-02-20 21:51:04,121.443383,31.324500, 10, 17,2
10175,2007-02-20 21:52:11,121.443383,31.324500, 10, 17,2
10175,2007-02-20 21:53:14,121.443383,31.324500, 10, 17,2
10175,2007-02-20 21:54:17,121.443383,31.324500, 10, 17,2
10175,2007-02-20 21:55:20,121.443383,31.324500, 10, 17,2
10175,2007-02-20 21:56:23,121.443383,31.324500, 10, 17,2
10175,2007-02-20 21:57:26,121.443383,31.324500, 10, 17,2
10175,2007-02-20 21:58:29,121.443383,31.324500, 10, 17,2
10175,2007-02-20 21:59:32,121.443383,31.324500, 10, 17,2
10175,2007-02-20 22:00:35,121.443383,31.324500, 10, 17,2
10175,2007-02-20 22:01:38,121.443383,31.324500, 10, 17,2
10175,2007-02-20 22:02:41,121.443383,31.324500, 10, 17,2
10175,2007-02-20 22:03:44,121.443383,31.324500, 10, 17,2
10175,2007-02-20 22:04:48,121.443383,31.324500, 10, 17,2
10175,2007-02-20 22:05:51,121.443383,31.324500, 10, 17,2
10175,2007-02-20 22:06:54,121.443383,31.324500, 10, 17,2
10175,2007-02-20 22:07:57,121.443383,31.324500, 10, 17,2
10175,2007-02-20 22:09:00,121.443383,31.324500, 10, 17,2
10175,2007-02-20 22:10:03,121.443383,31.324500, 10, 17,2
10175,2007-02-20 22:11:06,121.443383,31.324500, 10, 17,2
10175,2007-02-20 22:12:09,121.443383,31.324500, 10, 17,2
10175,2007-02-20 22:13:12,121.443383,31.324500, 10, 17,2
10175,2007-02-20 22:14:15,121.443383,31.324500, 10, 17,2
10175,2007-02-20 22:15:18,121.443383,31.324500, 10, 17,2
10175,2007-02-20 22:16:21,121.443383,31.324500, 10, 17,2
10175,2007-02-20 22:17:24,121.443383,31.324500, 10, 17,2
10175,2007-02-20 22:18:27,121.443383,31.324500, 10, 17,2
10175,2007-02-20 22:19:30,121.443383,31.324500, 10, 17,2
10175,2007-02-20 22:20:34,121.443383,31.324500, 10, 17,2
10175,2007-02-20 22:21:37,121.443383,31.324500, 10, 17,2
10175,2007-02-20 22:22:40,121.443383,31.324500, 10, 17,2
10175,2007-02-20 22:23:43,121.443383,31.324500, 10, 17,2
10175,2007-02-20 22:24:46,121.443383,31.324500, 10, 17,2
10175,2007-02-20 22:25:49,121.443383,31.324500, 10, 17,2
10175,2007-02-20 22:26:52,121.443383,31.324500, 10, 17,2
10175,2007-02-20 22:27:55,121.443383,31.324500, 10, 17,2
10175,2007-02-20 22:28:58,121.443383,31.324500, 10, 17,2
10175,2007-02-20 22:30:01,121.443383,31.324500, 10, 17,2
10175,2007-02-20 22:31:04,121.443383,31.324500, 10, 17,2
10175,2007-02-20 22:32:07,121.443383,31.324500, 10, 17,2
10175,2007-02-20 22:33:10,121.443383,31.324500, 10, 17,2
10175,2007-02-20 22:34:13,121.443383,31.324500, 10, 17,2
10175,2007-02-20 22:35:16,121.443383,31.324500, 10, 17,2
10175,2007-02-20 22:36:19,121.443383,31.324500, 10, 17,2
10175,2007-02-20 22:37:22,121.443383,31.324500, 10, 17,2
10175,2007-02-20 22:38:26,121.443383,31.324500, 10, 17,2
10175,2007-02-20 22:39:29,121.443383,31.324500, 10, 17,2
10175,2007-02-20 22:40:32,121.443383,31.324500, 10, 17,2
10175,2007-02-20 22:41:35,121.443383,31.324500, 10, 17,2
10175,2007-02-20 22:42:38,121.443383,31.324500, 10, 17,2
10175,2007-02-20 22:43:41,121.443383,31.324500, 10, 17,2
10175,2007-02-20 22:44:44,121.443383,31.324500, 10, 17,2
10175,2007-02-20 22:45:47,121.443383,31.324500, 10, 17,2
10175,2007-02-20 22:46:50,121.443383,31.324500, 10, 17,2
10175,2007-02-20 22:47:53,121.443383,31.324500, 10, 17,2
10175,2007-02-20 22:48:56,121.443383,31.324500, 10, 17,2
10175,2007-02-20 22:49:59,121.443383,31.324500, 10, 17,2
10175,2007-02-20 22:51:02,121.443383,31.324500, 10, 17,2
10175,2007-02-20 22:52:06,121.443383,31.324500, 10, 17,2
10175,2007-02-20 22:53:09,121.443383,31.324500, 10, 17,2
10175,2007-02-20 22:54:12,121.443383,31.324500, 10, 17,2
10175,2007-02-20 22:55:15,121.443383,31.324500, 10, 17,2
10175,2007-02-20 22:56:18,121.443383,31.324500, 10, 17,2
10175,2007-02-20 22:57:21,121.443383,31.324500, 10, 17,2
10175,2007-02-20 22:58:24,121.443383,31.324500, 10, 17,2
10175,2007-02-20 22:59:27,121.443383,31.324500, 10, 17,2
10175,2007-02-20 23:00:30,121.443383,31.324500, 10, 17,2
10175,2007-02-20 23:01:33,121.443383,31.324500, 10, 17,2
10175,2007-02-20 23:02:36,121.443383,31.324500, 10, 17,2
10175,2007-02-20 23:03:39,121.443383,31.324500, 10, 17,2
10175,2007-02-20 23:04:42,121.443383,31.324500, 10, 17,2
10175,2007-02-20 23:05:45,121.443383,31.324500, 10, 17,2
10175,2007-02-20 23:06:48,121.443383,31.324500, 10, 17,2
10175,2007-02-20 23:07:51,121.443383,31.324500, 10, 17,2
10175,2007-02-20 23:08:54,121.443383,31.324500, 10, 17,2
10175,2007-02-20 23:09:57,121.443383,31.324500, 10, 17,2
10175,2007-02-20 23:11:01,121.443383,31.324500, 10, 17,2
10175,2007-02-20 23:12:04,121.443383,31.324500, 10, 17,2
10175,2007-02-20 23:13:07,121.443383,31.324500, 10, 17,2
10175,2007-02-20 23:14:10,121.443383,31.324500, 10, 17,2
10175,2007-02-20 23:15:13,121.443383,31.324500, 10, 17,2
10175,2007-02-20 23:16:16,121.443383,31.324500, 10, 17,2
10175,2007-02-20 23:17:19,121.443383,31.324500, 10, 17,2
10175,2007-02-20 23:18:22,121.443383,31.324500, 10, 17,2
10175,2007-02-20 23:19:25,121.443383,31.324500, 10, 17,2
10175,2007-02-20 23:20:28,121.443383,31.324500, 10, 17,2
10175,2007-02-20 23:21:31,121.443383,31.324500, 10, 17,2
10175,2007-02-20 23:22:34,121.443383,31.324500, 10, 17,2
10175,2007-02-20 23:23:37,121.443383,31.324500, 10, 17,2
10175,2007-02-20 23:24:40,121.443383,31.324500, 10, 17,2
10175,2007-02-20 23:25:43,121.443383,31.324500, 10, 17,2
10175,2007-02-20 23:26:47,121.443383,31.324500, 10, 17,2
10175,2007-02-20 23:27:50,121.443383,31.324500, 10, 17,2
10175,2007-02-20 23:28:53,121.443383,31.324500, 10, 17,2
10175,2007-02-20 23:29:56,121.443383,31.324500, 10, 17,2
10175,2007-02-20 23:30:59,121.443383,31.324500, 10, 17,2
10175,2007-02-20 23:32:02,121.443383,31.324500, 10, 17,2
10175,2007-02-20 23:33:05,121.443383,31.324500, 10, 17,2
10175,2007-02-20 23:34:08,121.443383,31.324500, 10, 17,2
10175,2007-02-20 23:35:11,121.443383,31.324500, 10, 17,2
10175,2007-02-20 23:36:14,121.443383,31.324500, 10, 17,2
10175,2007-02-20 23:37:17,121.443383,31.324500, 10, 17,2
10175,2007-02-20 23:38:20,121.443383,31.324500, 10, 17,2
10175,2007-02-20 23:39:23,121.443383,31.324500, 10, 17,2
10175,2007-02-20 23:40:26,121.443383,31.324500, 10, 17,2
10175,2007-02-20 23:41:29,121.443383,31.324500, 10, 17,2
10175,2007-02-20 23:42:32,121.443383,31.324500, 10, 17,2
10175,2007-02-20 23:43:35,121.443383,31.324500, 10, 17,2
10175,2007-02-20 23:45:41,121.443383,31.324500, 10, 17,2
10175,2007-02-20 23:46:45,121.443383,31.324500, 10, 17,2
10175,2007-02-20 23:47:48,121.443383,31.324500, 10, 17,2
10175,2007-02-20 23:49:54,121.443383,31.324500, 10, 17,2
10175,2007-02-20 23:52:00,121.443383,31.324500, 10, 17,2
10175,2007-02-20 23:53:03,121.443383,31.324500, 10, 17,2
10175,2007-02-20 23:54:06,121.443383,31.324500, 10, 17,2
10175,2007-02-20 23:55:09,121.443383,31.324500, 10, 17,2
10175,2007-02-20 23:56:12,121.443383,31.324500, 10, 17,2
10175,2007-02-20 23:57:15,121.443383,31.324500, 10, 17,2
10175,2007-02-20 23:58:18,121.443383,31.324500, 10, 17,2
10175,2007-02-20 23:59:21,121.443383,31.324500, 10, 17,2
