11993,2007-02-20 00:02:37,121.493833,31.374683,  0,  0,3
11993,2007-02-20 00:05:46,121.493833,31.374683,  0,  0,3
11993,2007-02-20 00:08:55,121.493833,31.374683,  0,  0,3
11993,2007-02-20 00:12:04,121.493833,31.374683,  0,  0,3
11993,2007-02-20 00:15:13,121.493833,31.374683,  0,  0,3
11993,2007-02-20 00:18:22,121.493833,31.374683,  0,  0,3
11993,2007-02-20 00:21:31,121.493833,31.374683,  0,  0,3
11993,2007-02-20 00:24:40,121.493833,31.374683,  0,  0,3
11993,2007-02-20 00:27:50,121.493833,31.374683,  0,  0,3
11993,2007-02-20 00:30:59,121.493833,31.374683,  0,  0,3
11993,2007-02-20 00:34:08,121.493833,31.374683,  0,  0,3
11993,2007-02-20 00:37:17,121.493833,31.374683,  0,  0,3
11993,2007-02-20 00:40:26,121.493833,31.374683,  0,  0,3
11993,2007-02-20 00:43:35,121.493833,31.374683,  0,  0,3
11993,2007-02-20 00:46:44,121.493833,31.374683,  0,  0,3
11993,2007-02-20 00:49:53,121.493833,31.374683,  0,  0,3
11993,2007-02-20 00:53:02,121.493833,31.374683,  0,  0,3
11993,2007-02-20 00:56:11,121.493833,31.374683,  0,  0,3
11993,2007-02-20 00:59:21,121.493833,31.374683,  0,  0,3
11993,2007-02-20 01:02:30,121.493833,31.374683,  0,  0,3
11993,2007-02-20 01:05:39,121.493833,31.374683,  0,  0,3
11993,2007-02-20 01:08:48,121.493833,31.374683,  0,  0,3
11993,2007-02-20 01:11:57,121.493833,31.374683,  0,  0,3
11993,2007-02-20 01:15:06,121.493833,31.374683,  0,  0,3
11993,2007-02-20 01:18:15,121.493833,31.374683,  0,  0,3
11993,2007-02-20 01:21:24,121.493833,31.374683,  0,  0,3
11993,2007-02-20 01:24:33,121.493833,31.374683,  0,  0,3
11993,2007-02-20 01:27:42,121.493833,31.374683,  0,  0,3
11993,2007-02-20 01:30:51,121.493833,31.374683,  0,  0,3
11993,2007-02-20 01:34:01,121.493833,31.374683,  0,  0,3
11993,2007-02-20 01:37:10,121.493833,31.374683,  0,  0,3
11993,2007-02-20 01:40:19,121.493833,31.374683,  0,  0,3
11993,2007-02-20 01:43:28,121.493833,31.374683,  0,  0,3
11993,2007-02-20 01:46:37,121.493833,31.374683,  0,  0,3
11993,2007-02-20 01:49:46,121.493833,31.374683,  0,  0,3
11993,2007-02-20 01:52:55,121.493833,31.374683,  0,  0,3
11993,2007-02-20 01:59:13,121.493833,31.374683,  0,  0,3
11993,2007-02-20 02:02:22,121.493833,31.374683,  0,  0,3
11993,2007-02-20 02:05:31,121.493833,31.374683,  0,  0,3
11993,2007-02-20 02:08:40,121.493833,31.374683,  0,  0,3
11993,2007-02-20 02:11:50,121.493833,31.374683,  0,  0,3
11993,2007-02-20 02:18:08,121.493833,31.374683,  0,  0,3
11993,2007-02-20 02:21:17,121.493833,31.374683,  0,  0,3
11993,2007-02-20 02:24:26,121.493833,31.374683,  0,  0,3
11993,2007-02-20 02:27:35,121.493833,31.374683,  0,  0,3
11993,2007-02-20 02:30:44,121.493833,31.374683,  0,  0,3
11993,2007-02-20 02:33:53,121.493833,31.374683,  0,  0,3
11993,2007-02-20 02:37:02,121.493833,31.374683,  0,  0,3
11993,2007-02-20 02:40:11,121.493833,31.374683,  0,  0,3
11993,2007-02-20 02:43:20,121.493833,31.374683,  0,  0,3
11993,2007-02-20 02:46:29,121.493833,31.374683,  0,  0,3
11993,2007-02-20 02:49:39,121.493833,31.374683,  0,  0,3
11993,2007-02-20 02:52:48,121.493833,31.374683,  0,  0,3
11993,2007-02-20 02:59:06,121.493833,31.374683,  0,  0,3
11993,2007-02-20 03:02:15,121.493833,31.374683,  0,  0,3
11993,2007-02-20 03:05:24,121.493833,31.374683,  0,  0,3
11993,2007-02-20 03:08:33,121.493833,31.374683,  0,  0,3
11993,2007-02-20 03:11:42,121.493833,31.374683,  0,  0,3
11993,2007-02-20 03:14:51,121.493833,31.374683,  0,  0,3
11993,2007-02-20 03:18:00,121.493833,31.374683,  0,  0,3
11993,2007-02-20 03:21:09,121.493833,31.374683,  0,  0,3
11993,2007-02-20 03:24:18,121.493833,31.374683,  0,  0,3
11993,2007-02-20 03:27:28,121.493833,31.374683,  0,  0,3
11993,2007-02-20 03:30:37,121.493833,31.374683,  0,  0,3
11993,2007-02-20 03:33:46,121.493833,31.374683,  0,  0,3
11993,2007-02-20 03:36:55,121.493833,31.374683,  0,  0,3
11993,2007-02-20 03:40:04,121.493833,31.374683,  0,  0,3
11993,2007-02-20 03:43:13,121.493833,31.374683,  0,  0,3
11993,2007-02-20 03:46:22,121.493833,31.374683,  0,  0,3
11993,2007-02-20 03:49:31,121.493833,31.374683,  0,  0,3
11993,2007-02-20 03:52:40,121.493833,31.374683,  0,  0,3
11993,2007-02-20 03:55:49,121.493833,31.374683,  0,  0,3
11993,2007-02-20 03:58:58,121.493833,31.374683,  0,  0,3
11993,2007-02-20 04:02:07,121.493833,31.374683,  0,  0,3
11993,2007-02-20 04:05:16,121.493833,31.374683,  0,  0,3
11993,2007-02-20 04:08:26,121.493833,31.374683,  0,  0,3
11993,2007-02-20 04:11:35,121.493833,31.374683,  0,  0,3
11993,2007-02-20 04:14:44,121.493833,31.374683,  0,  0,3
11993,2007-02-20 04:17:53,121.493833,31.374683,  0,  0,3
11993,2007-02-20 04:21:02,121.493833,31.374683,  0,  0,3
11993,2007-02-20 04:24:11,121.493833,31.374683,  0,  0,3
11993,2007-02-20 04:27:20,121.493833,31.374683,  0,  0,3
11993,2007-02-20 04:33:38,121.493833,31.374683,  0,  0,3
11993,2007-02-20 04:39:56,121.493833,31.374683,  0,  0,3
11993,2007-02-20 04:43:05,121.493833,31.374683,  0,  0,3
11993,2007-02-20 04:46:15,121.493833,31.374683,  0,  0,3
11993,2007-02-20 04:49:24,121.493833,31.374683,  0,  0,3
11993,2007-02-20 04:55:42,121.493833,31.374683,  0,  0,3
11993,2007-02-20 04:58:51,121.493833,31.374683,  0,  0,3
11993,2007-02-20 05:02:00,121.493833,31.374683,  0,  0,3
11993,2007-02-20 05:08:18,121.493833,31.374683,  0,  0,3
11993,2007-02-20 05:11:27,121.493833,31.374683,  0,  0,3
11993,2007-02-20 05:14:36,121.493833,31.374683,  0,  0,3
11993,2007-02-20 05:17:45,121.493833,31.374683,  0,  0,3
11993,2007-02-20 05:20:55,121.493833,31.374683,  0,  0,3
11993,2007-02-20 05:24:04,121.493833,31.374683,  0,  0,3
11993,2007-02-20 05:27:13,121.493833,31.374683,  0,  0,3
11993,2007-02-20 05:30:22,121.493833,31.374683,  0,  0,3
11993,2007-02-20 05:33:31,121.493833,31.374683,  0,  0,3
11993,2007-02-20 05:36:40,121.493833,31.374683,  0,  0,3
11993,2007-02-20 05:39:49,121.493833,31.374683,  0,  0,3
11993,2007-02-20 05:42:58,121.493833,31.374683,  0,  0,3
11993,2007-02-20 05:46:07,121.493833,31.374683,  0,  0,3
11993,2007-02-20 05:49:16,121.493833,31.374683,  0,  0,3
11993,2007-02-20 05:52:25,121.493833,31.374683,  0,  0,3
11993,2007-02-20 05:55:35,121.493833,31.374683,  0,  0,3
11993,2007-02-20 06:01:53,121.493833,31.374683,  0,  0,3
11993,2007-02-20 06:05:02,121.493833,31.374683,  0,  0,3
11993,2007-02-20 06:08:11,121.493833,31.374683,  0,  0,3
11993,2007-02-20 06:11:20,121.493833,31.374683,  0,  0,3
11993,2007-02-20 06:14:29,121.493833,31.374683,  0,  0,3
11993,2007-02-20 06:17:38,121.493833,31.374683,  0,  0,3
11993,2007-02-20 06:20:47,121.493833,31.374683,  0,  0,3
11993,2007-02-20 06:23:56,121.493833,31.374683,  0,  0,3
11993,2007-02-20 06:27:05,121.493833,31.374683,  0,  0,3
11993,2007-02-20 06:30:15,121.493833,31.374683,  0,  0,3
11993,2007-02-20 06:33:24,121.493833,31.374683,  0,  0,3
11993,2007-02-20 06:36:35,121.493833,31.374683,  0,  0,3
11993,2007-02-20 06:39:48,121.493833,31.374683,  0,  0,3
11993,2007-02-20 06:44:15,121.493833,31.374683,  0,  0,3
11993,2007-02-20 06:48:56,121.493833,31.374683,  0,  0,3
11993,2007-02-20 06:53:47,121.493833,31.374683,  0,  0,3
11993,2007-02-20 06:57:05,121.493833,31.374683,  0,  0,3
11993,2007-02-20 07:00:14,121.493833,31.374683,  0,  0,3
11993,2007-02-20 07:03:23,121.493833,31.374683,  0,  0,3
11993,2007-02-20 07:06:33,121.493833,31.374683,  0,  0,3
11993,2007-02-20 07:09:42,121.493833,31.374683,  0,  0,3
11993,2007-02-20 07:12:51,121.493833,31.374683,  0,  0,3
11993,2007-02-20 07:16:00,121.493833,31.374683,  0,  0,3
11993,2007-02-20 07:19:09,121.493833,31.374683,  0,  0,3
11993,2007-02-20 07:22:18,121.493833,31.374683,  0,  0,3
11993,2007-02-20 07:25:27,121.493833,31.374683,  0,  0,3
11993,2007-02-20 07:28:36,121.493833,31.374683,  0,  0,3
11993,2007-02-20 07:31:45,121.493833,31.374683,  0,  0,3
11993,2007-02-20 07:34:54,121.493833,31.374683,  0,  0,3
11993,2007-02-20 07:38:03,121.493833,31.374683,  0,  0,3
11993,2007-02-20 07:41:12,121.493833,31.374683,  0,  0,3
11993,2007-02-20 07:44:21,121.493833,31.374683,  0,  0,3
11993,2007-02-20 07:47:30,121.493833,31.374683,  0,  0,3
11993,2007-02-20 07:50:40,121.493833,31.374683,  0,  0,3
11993,2007-02-20 07:53:49,121.493833,31.374683,  0,  0,3
11993,2007-02-20 08:00:07,121.493833,31.374683,  0,  0,3
11993,2007-02-20 08:03:16,121.493833,31.374683,  0,  0,3
11993,2007-02-20 08:06:25,121.493833,31.374683,  0,  0,3
11993,2007-02-20 08:09:34,121.493833,31.374683,  0,  0,3
11993,2007-02-20 08:12:43,121.493833,31.374683,  0,  0,3
11993,2007-02-20 08:15:52,121.493833,31.374683,  0,  0,3
11993,2007-02-20 08:19:01,121.493833,31.374683,  0,  0,3
11993,2007-02-20 08:22:10,121.493833,31.374683,  0,  0,3
11993,2007-02-20 08:25:19,121.493833,31.374683,  0,  0,3
11993,2007-02-20 08:28:28,121.493833,31.374683,  0,  0,3
11993,2007-02-20 08:31:37,121.493833,31.374683,  0,  0,3
11993,2007-02-20 08:34:46,121.493833,31.374683,  0,  0,3
11993,2007-02-20 08:37:56,121.493833,31.374683,  0,  0,3
11993,2007-02-20 08:41:05,121.493833,31.374683,  0,  0,3
11993,2007-02-20 08:44:14,121.493833,31.374683,  0,  0,3
11993,2007-02-20 08:50:32,121.493833,31.374683,  0,  0,3
11993,2007-02-20 08:53:41,121.493833,31.374683,  0,  0,3
11993,2007-02-20 08:56:50,121.493833,31.374683,  0,  0,3
11993,2007-02-20 08:59:59,121.493833,31.374683,  0,  0,3
11993,2007-02-20 09:03:08,121.493833,31.374683,  0,  0,3
11993,2007-02-20 09:06:17,121.493833,31.374683,  0,  0,3
11993,2007-02-20 09:09:26,121.493833,31.374683,  0,  0,3
11993,2007-02-20 09:12:35,121.493833,31.374683,  0,  0,3
11993,2007-02-20 09:15:44,121.493833,31.374683,  0,  0,3
11993,2007-02-20 09:18:53,121.493833,31.374683,  0,  0,3
11993,2007-02-20 09:22:02,121.493833,31.374683,  0,  0,3
11993,2007-02-20 09:25:11,121.493833,31.374683,  0,  0,3
11993,2007-02-20 09:28:21,121.493833,31.374683,  0,  0,3
11993,2007-02-20 09:31:30,121.493833,31.374683,  0,  0,3
11993,2007-02-20 09:34:39,121.493833,31.374683,  0,  0,3
11993,2007-02-20 09:37:48,121.493833,31.374683,  0,  0,3
11993,2007-02-20 09:40:57,121.493833,31.374683,  0,  0,3
11993,2007-02-20 09:44:06,121.493833,31.374683,  0,  0,3
11993,2007-02-20 09:47:15,121.493833,31.374683,  0,  0,3
11993,2007-02-20 09:50:24,121.493833,31.374683,  0,  0,3
11993,2007-02-20 09:53:33,121.493833,31.374683,  0,  0,3
11993,2007-02-20 09:56:42,121.493833,31.374683,  0,  0,3
11993,2007-02-20 09:59:51,121.493833,31.374683,  0,  0,3
11993,2007-02-20 10:03:00,121.493833,31.374683,  0,  0,3
11993,2007-02-20 10:06:09,121.493833,31.374683,  0,  0,3
11993,2007-02-20 10:09:18,121.493833,31.374683,  0,  0,3
11993,2007-02-20 10:12:28,121.493833,31.374683,  0,  0,3
11993,2007-02-20 10:15:37,121.493833,31.374683,  0,  0,3
11993,2007-02-20 10:18:46,121.493833,31.374683,  0,  0,3
11993,2007-02-20 10:21:55,121.493833,31.374683,  0,  0,3
11993,2007-02-20 10:25:04,121.493833,31.374683,  0,  0,3
11993,2007-02-20 10:28:13,121.493833,31.374683,  0,  0,3
11993,2007-02-20 10:31:22,121.493833,31.374683,  0,  0,3
11993,2007-02-20 10:34:31,121.493833,31.374683,  0,  0,3
11993,2007-02-20 10:37:40,121.493833,31.374683,  0,  0,3
11993,2007-02-20 10:40:49,121.493833,31.374683,  0,  0,3
11993,2007-02-20 10:43:58,121.493833,31.374683,  0,  0,3
11993,2007-02-20 10:47:07,121.493833,31.374683,  0,  0,3
11993,2007-02-20 10:50:16,121.493833,31.374683,  0,  0,3
11993,2007-02-20 10:56:35,121.493833,31.374683,  0,  0,3
11993,2007-02-20 10:59:44,121.493833,31.374683,  0,  0,3
11993,2007-02-20 11:02:53,121.493833,31.374683,  0,  0,3
11993,2007-02-20 11:06:02,121.493833,31.374683,  0,  0,3
11993,2007-02-20 11:09:11,121.493833,31.374683,  0,  0,3
11993,2007-02-20 11:15:29,121.493833,31.374683,  0,  0,3
11993,2007-02-20 11:21:47,121.493833,31.374683,  0,  0,3
11993,2007-02-20 11:24:56,121.493833,31.374683,  0,  0,3
11993,2007-02-20 11:28:05,121.493833,31.374683,  0,  0,3
11993,2007-02-20 11:31:14,121.493833,31.374683,  0,  0,3
11993,2007-02-20 11:34:23,121.493833,31.374683,  0,  0,3
11993,2007-02-20 11:37:32,121.493833,31.374683,  0,  0,3
11993,2007-02-20 11:40:41,121.493833,31.374683,  0,  0,3
11993,2007-02-20 11:43:50,121.493833,31.374683,  0,  0,3
11993,2007-02-20 11:47:00,121.493833,31.374683,  0,  0,3
11993,2007-02-20 11:50:09,121.493833,31.374683,  0,  0,3
11993,2007-02-20 11:53:18,121.493833,31.374683,  0,  0,3
11993,2007-02-20 11:56:27,121.493833,31.374683,  0,  0,3
11993,2007-02-20 11:59:36,121.493833,31.374683,  0,  0,3
11993,2007-02-20 12:02:45,121.493833,31.374683,  0,  0,3
11993,2007-02-20 12:05:54,121.493833,31.374683,  0,  0,3
11993,2007-02-20 12:09:03,121.493833,31.374683,  0,  0,3
11993,2007-02-20 12:12:12,121.493833,31.374683,  0,  0,3
11993,2007-02-20 12:15:21,121.493833,31.374683,  0,  0,3
11993,2007-02-20 12:18:30,121.493833,31.374683,  0,  0,3
11993,2007-02-20 12:21:39,121.493833,31.374683,  0,  0,3
11993,2007-02-20 12:24:48,121.493833,31.374683,  0,  0,3
11993,2007-02-20 12:27:57,121.493833,31.374683,  0,  0,3
11993,2007-02-20 12:31:06,121.493833,31.374683,  0,  0,3
11993,2007-02-20 12:34:15,121.493833,31.374683,  0,  0,3
11993,2007-02-20 12:37:25,121.493833,31.374683,  0,  0,3
11993,2007-02-20 12:40:34,121.493833,31.374683,  0,  0,3
11993,2007-02-20 12:43:43,121.493833,31.374683,  0,  0,3
11993,2007-02-20 12:46:52,121.493833,31.374683,  0,  0,3
11993,2007-02-20 12:50:01,121.493833,31.374683,  0,  0,3
11993,2007-02-20 12:53:10,121.493833,31.374683,  0,  0,3
11993,2007-02-20 12:56:19,121.493833,31.374683,  0,  0,3
11993,2007-02-20 12:59:28,121.493833,31.374683,  0,  0,3
11993,2007-02-20 13:02:37,121.493833,31.374683,  0,  0,3
11993,2007-02-20 13:05:46,121.493833,31.374683,  0,  0,3
11993,2007-02-20 13:08:55,121.493833,31.374683,  0,  0,3
11993,2007-02-20 13:12:04,121.493833,31.374683,  0,  0,3
11993,2007-02-20 13:18:22,121.493833,31.374683,  0,  0,3
11993,2007-02-20 13:21:31,121.493833,31.374683,  0,  0,3
11993,2007-02-20 13:24:41,121.493833,31.374683,  0,  0,3
11993,2007-02-20 13:27:50,121.493833,31.374683,  0,  0,3
11993,2007-02-20 13:30:59,121.493833,31.374683,  0,  0,3
11993,2007-02-20 13:34:08,121.493833,31.374683,  0,  0,3
11993,2007-02-20 13:37:17,121.493833,31.374683,  0,  0,3
11993,2007-02-20 13:40:26,121.493833,31.374683,  0,  0,3
11993,2007-02-20 13:43:35,121.493833,31.374683,  0,  0,3
11993,2007-02-20 13:46:44,121.493833,31.374683,  0,  0,3
11993,2007-02-20 13:49:53,121.493833,31.374683,  0,  0,3
11993,2007-02-20 13:53:02,121.493833,31.374683,  0,  0,3
11993,2007-02-20 13:56:11,121.493833,31.374683,  0,  0,3
11993,2007-02-20 13:59:20,121.493833,31.374683,  0,  0,3
11993,2007-02-20 14:02:29,121.493833,31.374683,  0,  0,3
11993,2007-02-20 14:05:38,121.493833,31.374683,  0,  0,3
11993,2007-02-20 14:08:47,121.493833,31.374683,  0,  0,3
11993,2007-02-20 14:11:57,121.493833,31.374683,  0,  0,3
11993,2007-02-20 14:15:06,121.493833,31.374683,  0,  0,3
11993,2007-02-20 14:18:15,121.493833,31.374683,  0,  0,3
11993,2007-02-20 14:21:24,121.493833,31.374683,  0,  0,3
11993,2007-02-20 14:24:33,121.493833,31.374683,  0,  0,3
11993,2007-02-20 14:27:42,121.493833,31.374683,  0,  0,3
11993,2007-02-20 14:30:51,121.493833,31.374683,  0,  0,3
11993,2007-02-20 14:34:00,121.493833,31.374683,  0,  0,3
11993,2007-02-20 14:37:09,121.493833,31.374683,  0,  0,3
11993,2007-02-20 14:40:18,121.493833,31.374683,  0,  0,3
11993,2007-02-20 14:43:27,121.493833,31.374683,  0,  0,3
11993,2007-02-20 14:46:36,121.493833,31.374683,  0,  0,3
11993,2007-02-20 14:49:45,121.493833,31.374683,  0,  0,3
11993,2007-02-20 14:52:54,121.493833,31.374683,  0,  0,3
11993,2007-02-20 14:56:04,121.493833,31.374683,  0,  0,3
11993,2007-02-20 14:59:13,121.493833,31.374683,  0,  0,3
11993,2007-02-20 15:02:22,121.493833,31.374683,  0,  0,3
11993,2007-02-20 15:05:31,121.493833,31.374683,  0,  0,3
11993,2007-02-20 15:08:40,121.493833,31.374683,  0,  0,3
11993,2007-02-20 15:11:49,121.493833,31.374683,  0,  0,3
11993,2007-02-20 15:14:58,121.493833,31.374683,  0,  0,3
11993,2007-02-20 15:21:16,121.493833,31.374683,  0,  0,3
11993,2007-02-20 15:24:25,121.493833,31.374683,  0,  0,3
11993,2007-02-20 15:27:34,121.493833,31.374683,  0,  0,3
11993,2007-02-20 15:30:43,121.493833,31.374683,  0,  0,3
11993,2007-02-20 15:33:52,121.493833,31.374683,  0,  0,3
11993,2007-02-20 15:37:02,121.493833,31.374683,  0,  0,3
11993,2007-02-20 15:40:11,121.493833,31.374683,  0,  0,3
11993,2007-02-20 15:43:20,121.493833,31.374683,  0,  0,3
11993,2007-02-20 15:46:29,121.493833,31.374683,  0,  0,3
11993,2007-02-20 15:52:47,121.493833,31.374683,  0,  0,3
11993,2007-02-20 15:55:56,121.493833,31.374683,  0,  0,3
11993,2007-02-20 15:59:05,121.493833,31.374683,  0,  0,3
11993,2007-02-20 16:02:14,121.493833,31.374683,  0,  0,3
11993,2007-02-20 16:05:23,121.493833,31.374683,  0,  0,3
11993,2007-02-20 16:08:32,121.493833,31.374683,  0,  0,3
11993,2007-02-20 16:11:41,121.493833,31.374683,  0,  0,3
11993,2007-02-20 16:14:50,121.493833,31.374683,  0,  0,3
11993,2007-02-20 16:17:59,121.493833,31.374683,  0,  0,3
11993,2007-02-20 16:21:09,121.493833,31.374683,  0,  0,3
11993,2007-02-20 16:24:18,121.493833,31.374683,  0,  0,3
11993,2007-02-20 16:27:27,121.493833,31.374683,  0,  0,3
11993,2007-02-20 16:30:36,121.493833,31.374683,  0,  0,3
11993,2007-02-20 16:33:45,121.493833,31.374683,  0,  0,3
11993,2007-02-20 16:36:54,121.493833,31.374683,  0,  0,3
11993,2007-02-20 16:40:03,121.493833,31.374683,  0,  0,3
11993,2007-02-20 16:43:12,121.493833,31.374683,  0,  0,3
11993,2007-02-20 16:46:21,121.493833,31.374683,  0,  0,3
11993,2007-02-20 16:49:30,121.493833,31.374683,  0,  0,3
11993,2007-02-20 16:52:39,121.493833,31.374683,  0,  0,3
11993,2007-02-20 16:55:48,121.493833,31.374683,  0,  0,3
11993,2007-02-20 16:58:57,121.493833,31.374683,  0,  0,3
11993,2007-02-20 17:02:07,121.493833,31.374683,  0,  0,3
11993,2007-02-20 17:05:16,121.493833,31.374683,  0,  0,3
11993,2007-02-20 17:08:25,121.493833,31.374683,  0,  0,3
11993,2007-02-20 17:11:34,121.493833,31.374683,  0,  0,3
11993,2007-02-20 17:14:43,121.493833,31.374683,  0,  0,3
11993,2007-02-20 17:17:52,121.493833,31.374683,  0,  0,3
11993,2007-02-20 17:21:01,121.493833,31.374683,  0,  0,3
11993,2007-02-20 17:24:10,121.493833,31.374683,  0,  0,3
11993,2007-02-20 17:27:19,121.493833,31.374683,  0,  0,3
11993,2007-02-20 17:30:28,121.493833,31.374683,  0,  0,3
11993,2007-02-20 17:33:37,121.493833,31.374683,  0,  0,3
11993,2007-02-20 17:36:46,121.493833,31.374683,  0,  0,3
11993,2007-02-20 17:39:55,121.493833,31.374683,  0,  0,3
11993,2007-02-20 17:43:04,121.493833,31.374683,  0,  0,3
11993,2007-02-20 17:46:14,121.493833,31.374683,  0,  0,3
11993,2007-02-20 17:49:23,121.493833,31.374683,  0,  0,3
11993,2007-02-20 17:55:41,121.493833,31.374683,  0,  0,3
11993,2007-02-20 17:58:50,121.493833,31.374683,  0,  0,3
11993,2007-02-20 18:01:59,121.493833,31.374683,  0,  0,3
11993,2007-02-20 18:05:08,121.493833,31.374683,  0,  0,3
11993,2007-02-20 18:08:17,121.493833,31.374683,  0,  0,3
11993,2007-02-20 18:11:26,121.493833,31.374683,  0,  0,3
11993,2007-02-20 18:14:35,121.493833,31.374683,  0,  0,3
11993,2007-02-20 18:17:44,121.493833,31.374683,  0,  0,3
11993,2007-02-20 18:20:53,121.493833,31.374683,  0,  0,3
11993,2007-02-20 18:24:02,121.493833,31.374683,  0,  0,3
11993,2007-02-20 18:27:12,121.493833,31.374683,  0,  0,3
11993,2007-02-20 18:30:21,121.493833,31.374683,  0,  0,3
11993,2007-02-20 18:33:30,121.493833,31.374683,  0,  0,3
11993,2007-02-20 18:39:48,121.493833,31.374683,  0,  0,3
11993,2007-02-20 18:42:57,121.493833,31.374683,  0,  0,3
11993,2007-02-20 18:46:06,121.493833,31.374683,  0,  0,3
11993,2007-02-20 18:49:15,121.493833,31.374683,  0,  0,3
11993,2007-02-20 18:52:24,121.493833,31.374683,  0,  0,3
11993,2007-02-20 18:55:33,121.493833,31.374683,  0,  0,3
11993,2007-02-20 18:58:42,121.493833,31.374683,  0,  0,3
11993,2007-02-20 19:05:01,121.493833,31.374683,  0,  0,3
11993,2007-02-20 19:11:19,121.493833,31.374683,  0,  0,3
11993,2007-02-20 19:14:28,121.493833,31.374683,  0,  0,3
11993,2007-02-20 19:17:37,121.493833,31.374683,  0,  0,3
11993,2007-02-20 19:20:46,121.493833,31.374683,  0,  0,3
11993,2007-02-20 19:23:55,121.493833,31.374683,  0,  0,3
11993,2007-02-20 19:27:05,121.493833,31.374683,  0,  0,3
11993,2007-02-20 19:30:14,121.493833,31.374683,  0,  0,3
11993,2007-02-20 19:33:23,121.493833,31.374683,  0,  0,3
11993,2007-02-20 19:36:32,121.493833,31.374683,  0,  0,3
11993,2007-02-20 19:39:41,121.493833,31.374683,  0,  0,3
11993,2007-02-20 19:42:50,121.493833,31.374683,  0,  0,3
11993,2007-02-20 19:45:59,121.493833,31.374683,  0,  0,3
11993,2007-02-20 19:49:08,121.493833,31.374683,  0,  0,3
11993,2007-02-20 19:52:18,121.493833,31.374683,  0,  0,3
11993,2007-02-20 19:55:27,121.493833,31.374683,  0,  0,3
11993,2007-02-20 19:58:36,121.493833,31.374683,  0,  0,3
11993,2007-02-20 20:01:46,121.493833,31.374683,  0,  0,3
11993,2007-02-20 20:08:05,121.493833,31.374683,  0,  0,3
11993,2007-02-20 20:11:14,121.493833,31.374683,  0,  0,3
11993,2007-02-20 20:14:23,121.493833,31.374683,  0,  0,3
11993,2007-02-20 20:17:32,121.493833,31.374683,  0,  0,3
11993,2007-02-20 20:20:42,121.493833,31.374683,  0,  0,3
11993,2007-02-20 20:27:00,121.493833,31.374683,  0,  0,3
11993,2007-02-20 20:30:09,121.493833,31.374683,  0,  0,3
11993,2007-02-20 20:33:18,121.493833,31.374683,  0,  0,3
11993,2007-02-20 20:36:28,121.493833,31.374683,  0,  0,3
11993,2007-02-20 20:39:37,121.493833,31.374683,  0,  0,3
11993,2007-02-20 20:42:46,121.493833,31.374683,  0,  0,3
11993,2007-02-20 20:45:55,121.493833,31.374683,  0,  0,3
11993,2007-02-20 20:49:04,121.493833,31.374683,  0,  0,3
11993,2007-02-20 20:52:13,121.493833,31.374683,  0,  0,3
11993,2007-02-20 20:55:23,121.493833,31.374683,  0,  0,3
11993,2007-02-20 20:58:32,121.493833,31.374683,  0,  0,3
11993,2007-02-20 21:01:41,121.493833,31.374683,  0,  0,3
11993,2007-02-20 21:04:50,121.493833,31.374683,  0,  0,3
11993,2007-02-20 21:08:00,121.493833,31.374683,  0,  0,3
11993,2007-02-20 21:11:09,121.493833,31.374683,  0,  0,3
11993,2007-02-20 21:14:18,121.493833,31.374683,  0,  0,3
11993,2007-02-20 21:17:27,121.493833,31.374683,  0,  0,3
11993,2007-02-20 21:20:36,121.493833,31.374683,  0,  0,3
11993,2007-02-20 21:23:45,121.493833,31.374683,  0,  0,3
11993,2007-02-20 21:26:55,121.493833,31.374683,  0,  0,3
11993,2007-02-20 21:30:04,121.493833,31.374683,  0,  0,3
11993,2007-02-20 21:33:15,121.493833,31.374683,  0,  0,3
11993,2007-02-20 21:37:20,121.493833,31.374683,  0,  0,3
11993,2007-02-20 21:40:28,121.493833,31.374683,  0,  0,3
11993,2007-02-20 21:43:35,121.493833,31.374683,  0,  0,3
11993,2007-02-20 21:46:46,121.493833,31.374683,  0,  0,3
11993,2007-02-20 21:53:05,121.493833,31.374683,  0,  0,3
11993,2007-02-20 21:56:14,121.493833,31.374683,  0,  0,3
11993,2007-02-20 21:59:23,121.493833,31.374683,  0,  0,3
11993,2007-02-20 22:02:32,121.493833,31.374683,  0,  0,3
11993,2007-02-20 22:05:41,121.493833,31.374683,  0,  0,3
11993,2007-02-20 22:08:51,121.493833,31.374683,  0,  0,3
11993,2007-02-20 22:12:00,121.493833,31.374683,  0,  0,3
11993,2007-02-20 22:15:09,121.493833,31.374683,  0,  0,3
11993,2007-02-20 22:18:18,121.493833,31.374683,  0,  0,3
11993,2007-02-20 22:21:27,121.493833,31.374683,  0,  0,3
11993,2007-02-20 22:24:37,121.493833,31.374683,  0,  0,3
11993,2007-02-20 22:27:46,121.493833,31.374683,  0,  0,3
11993,2007-02-20 22:30:55,121.493833,31.374683,  0,  0,3
11993,2007-02-20 22:34:04,121.493833,31.374683,  0,  0,3
11993,2007-02-20 22:37:13,121.493833,31.374683,  0,  0,3
11993,2007-02-20 22:40:23,121.493833,31.374683,  0,  0,3
11993,2007-02-20 22:43:32,121.493833,31.374683,  0,  0,3
11993,2007-02-20 22:46:41,121.493833,31.374683,  0,  0,3
11993,2007-02-20 22:49:50,121.493833,31.374683,  0,  0,3
11993,2007-02-20 22:52:59,121.493833,31.374683,  0,  0,3
11993,2007-02-20 22:56:09,121.493833,31.374683,  0,  0,3
11993,2007-02-20 22:59:18,121.493833,31.374683,  0,  0,3
11993,2007-02-20 23:02:27,121.493833,31.374683,  0,  0,3
11993,2007-02-20 23:05:36,121.493833,31.374683,  0,  0,3
11993,2007-02-20 23:08:45,121.493833,31.374683,  0,  0,3
11993,2007-02-20 23:11:55,121.493833,31.374683,  0,  0,3
11993,2007-02-20 23:15:04,121.493833,31.374683,  0,  0,3
11993,2007-02-20 23:18:13,121.493833,31.374683,  0,  0,3
11993,2007-02-20 23:21:22,121.493833,31.374683,  0,  0,3
11993,2007-02-20 23:24:31,121.493833,31.374683,  0,  0,3
11993,2007-02-20 23:27:41,121.493833,31.374683,  0,  0,3
11993,2007-02-20 23:30:50,121.493833,31.374683,  0,  0,3
11993,2007-02-20 23:33:59,121.493833,31.374683,  0,  0,3
11993,2007-02-20 23:37:08,121.493833,31.374683,  0,  0,3
11993,2007-02-20 23:40:17,121.493833,31.374683,  0,  0,3
11993,2007-02-20 23:43:26,121.493833,31.374683,  0,  0,3
11993,2007-02-20 23:46:35,121.493833,31.374683,  0,  0,3
11993,2007-02-20 23:49:45,121.493833,31.374683,  0,  0,3
11993,2007-02-20 23:52:54,121.493833,31.374683,  0,  0,3
11993,2007-02-20 23:56:03,121.493833,31.374683,  0,  0,3
11993,2007-02-20 23:59:12,121.493833,31.374683,  0,  0,3
