89305,2007-02-20 00:00:50,121.397800,31.113300,  6, 67,0
89305,2007-02-20 00:01:51,121.398000,31.113300,  0, 22,0
89305,2007-02-20 00:02:52,121.398000,31.113300,  0, 22,0
89305,2007-02-20 00:03:53,121.398000,31.113300,  0, 22,0
89305,2007-02-20 00:04:54,121.398000,31.113300,  0, 22,0
89305,2007-02-20 00:05:55,121.398000,31.113300,  0, 22,0
89305,2007-02-20 00:06:56,121.398000,31.113300,  0, 22,0
89305,2007-02-20 00:07:57,121.398000,31.113300,  0, 22,0
89305,2007-02-20 00:09:59,121.398000,31.113300,  0, 22,0
89305,2007-02-20 00:11:00,121.398000,31.113300,  0, 22,0
89305,2007-02-20 00:12:01,121.398000,31.113300,  0, 22,0
89305,2007-02-20 00:13:02,121.398000,31.113300,  0, 22,0
89305,2007-02-20 00:14:03,121.398000,31.113300,  0, 22,0
89305,2007-02-20 00:15:04,121.398000,31.113300,  0, 22,0
89305,2007-02-20 00:17:06,121.398000,31.113300,  0, 22,0
89305,2007-02-20 00:18:07,121.398000,31.113300,  0, 22,0
89305,2007-02-20 00:19:08,121.398000,31.113300,  0, 22,0
89305,2007-02-20 00:21:10,121.398000,31.113300,  0, 22,0
89305,2007-02-20 00:22:11,121.398000,31.113300,  0, 22,0
89305,2007-02-20 00:23:12,121.398000,31.113300,  0, 22,0
89305,2007-02-20 00:24:13,121.398000,31.113300,  0, 22,0
89305,2007-02-20 00:26:15,121.398000,31.113300,  0, 22,0
89305,2007-02-20 00:27:16,121.398000,31.113300,  0, 22,0
89305,2007-02-20 00:28:17,121.398000,31.113300,  0, 22,0
89305,2007-02-20 00:29:18,121.398000,31.113300,  0, 22,0
89305,2007-02-20 00:30:19,121.398000,31.113300,  0, 22,0
89305,2007-02-20 00:31:20,121.398000,31.113300,  0, 22,0
89305,2007-02-20 00:32:21,121.398000,31.113300,  0, 22,0
89305,2007-02-20 00:34:23,121.398000,31.113300,  0, 22,0
89305,2007-02-20 00:36:25,121.398000,31.113300,  0, 22,0
89305,2007-02-20 00:37:26,121.398000,31.113300,  0, 22,0
89305,2007-02-20 00:38:27,121.398000,31.113300,  0, 22,0
89305,2007-02-20 00:40:29,121.398000,31.113300,  0, 22,0
89305,2007-02-20 00:41:30,121.398000,31.113300,  0, 22,0
89305,2007-02-20 00:42:31,121.398000,31.113300,  0, 22,0
89305,2007-02-20 00:43:32,121.398000,31.113300,  0, 22,0
89305,2007-02-20 00:44:33,121.398000,31.113300,  0, 22,0
89305,2007-02-20 00:45:34,121.398000,31.113300,  0, 22,0
89305,2007-02-20 00:46:35,121.398000,31.113300,  0, 22,0
89305,2007-02-20 00:47:36,121.398000,31.113300,  0, 22,0
89305,2007-02-20 00:48:37,121.398000,31.113300,  0, 22,0
89305,2007-02-20 00:49:38,121.398000,31.113300,  0, 22,0
89305,2007-02-20 00:50:39,121.398000,31.113300,  0, 22,0
89305,2007-02-20 00:51:40,121.398000,31.113300,  0, 22,0
89305,2007-02-20 00:52:41,121.398000,31.113300,  0, 22,0
89305,2007-02-20 00:53:42,121.398000,31.113300,  0, 22,0
89305,2007-02-20 00:54:43,121.398000,31.113300,  0, 22,0
89305,2007-02-20 00:55:44,121.398000,31.113300,  0, 22,0
89305,2007-02-20 00:56:45,121.398000,31.113300,  0, 22,0
89305,2007-02-20 00:57:46,121.398000,31.113300,  0, 22,0
89305,2007-02-20 00:58:47,121.398000,31.113300,  0, 22,0
89305,2007-02-20 00:59:48,121.398000,31.113300,  0, 22,0
89305,2007-02-20 01:00:49,121.398000,31.113300,  0, 22,0
89305,2007-02-20 01:01:50,121.398000,31.113300,  0, 22,0
89305,2007-02-20 01:02:51,121.398000,31.113300,  0, 22,0
89305,2007-02-20 01:03:52,121.398000,31.113300,  0, 22,0
89305,2007-02-20 01:04:53,121.398000,31.113300,  0, 22,0
89305,2007-02-20 01:05:54,121.398000,31.113300,  0, 22,0
89305,2007-02-20 01:06:55,121.398000,31.113300,  0, 22,0
89305,2007-02-20 01:07:56,121.398000,31.113300,  0, 22,0
89305,2007-02-20 01:08:57,121.398000,31.113300,  0, 22,0
89305,2007-02-20 01:09:58,121.398000,31.113300,  0, 22,0
89305,2007-02-20 01:10:59,121.398000,31.113300,  0, 22,0
89305,2007-02-20 01:12:00,121.398000,31.113300,  0, 22,0
89305,2007-02-20 01:13:01,121.398000,31.113300,  0, 22,0
89305,2007-02-20 01:15:03,121.398000,31.113300,  0, 22,0
89305,2007-02-20 01:16:04,121.398000,31.113300,  0, 22,0
89305,2007-02-20 01:17:05,121.398000,31.113300,  0, 22,0
89305,2007-02-20 01:18:06,121.398000,31.113300,  0, 22,0
89305,2007-02-20 01:19:07,121.398000,31.113300,  0, 22,0
89305,2007-02-20 01:20:08,121.398000,31.113300,  0, 22,0
89305,2007-02-20 01:21:09,121.398000,31.113300,  0, 22,0
89305,2007-02-20 01:22:10,121.398000,31.113300,  0, 22,0
89305,2007-02-20 01:23:11,121.398000,31.113300,  0, 22,0
89305,2007-02-20 01:24:12,121.398000,31.113300,  0, 22,0
89305,2007-02-20 01:25:13,121.398000,31.113300,  0, 22,0
89305,2007-02-20 01:26:14,121.398000,31.113300,  0, 22,0
89305,2007-02-20 01:27:15,121.398000,31.113300,  0, 22,0
89305,2007-02-20 01:28:17,121.398000,31.113300,  0, 22,0
89305,2007-02-20 01:29:17,121.398000,31.113300,  0, 22,0
89305,2007-02-20 01:31:19,121.398000,31.113300,  0, 22,0
89305,2007-02-20 01:32:20,121.398000,31.113300,  0, 22,0
89305,2007-02-20 01:33:21,121.398000,31.113300,  0, 22,0
89305,2007-02-20 01:34:22,121.398000,31.113300,  0, 22,0
89305,2007-02-20 01:35:23,121.398000,31.113300,  0, 22,0
89305,2007-02-20 01:36:24,121.398000,31.113300,  0, 22,0
89305,2007-02-20 01:37:25,121.398000,31.113300,  0, 22,0
89305,2007-02-20 01:38:26,121.398000,31.113300,  0, 22,0
89305,2007-02-20 01:39:27,121.398000,31.113300,  0, 22,0
89305,2007-02-20 01:40:28,121.398000,31.113300,  0, 22,0
89305,2007-02-20 01:41:29,121.398000,31.113300,  0, 22,0
89305,2007-02-20 01:42:30,121.398000,31.113300,  0, 22,0
89305,2007-02-20 01:43:31,121.398000,31.113300,  0, 22,0
89305,2007-02-20 01:44:32,121.398000,31.113300,  0, 22,0
89305,2007-02-20 01:45:33,121.398000,31.113300,  0, 22,0
89305,2007-02-20 01:46:34,121.398000,31.113300,  0, 22,0
89305,2007-02-20 01:48:36,121.398000,31.113300,  0, 22,0
89305,2007-02-20 01:49:37,121.398000,31.113300,  0, 22,0
89305,2007-02-20 01:50:38,121.398000,31.113300,  0, 22,0
89305,2007-02-20 01:51:39,121.398000,31.113300,  0, 22,0
89305,2007-02-20 01:52:40,121.398000,31.113300,  0, 22,0
89305,2007-02-20 01:53:41,121.398000,31.113300,  0, 22,0
89305,2007-02-20 01:54:42,121.398000,31.113300,  0, 22,0
89305,2007-02-20 01:55:43,121.398000,31.113300,  0, 22,0
89305,2007-02-20 01:56:44,121.398000,31.113300,  0, 22,0
89305,2007-02-20 01:57:45,121.398000,31.113300,  0, 22,0
89305,2007-02-20 01:58:46,121.398000,31.113300,  0, 22,0
89305,2007-02-20 01:59:47,121.398000,31.113300,  0, 22,0
89305,2007-02-20 02:00:48,121.398000,31.113300,  0, 22,0
89305,2007-02-20 02:01:49,121.398000,31.113300,  0, 22,0
89305,2007-02-20 02:02:50,121.398000,31.113300,  0, 22,0
89305,2007-02-20 02:03:51,121.398000,31.113300,  0, 22,0
89305,2007-02-20 02:04:52,121.398000,31.113300,  0, 22,0
89305,2007-02-20 02:05:53,121.398000,31.113300,  0, 22,0
89305,2007-02-20 02:06:54,121.398000,31.113300,  0, 22,0
89305,2007-02-20 02:07:55,121.398000,31.113300,  0, 22,0
89305,2007-02-20 02:08:56,121.398000,31.113300,  0, 22,0
89305,2007-02-20 02:09:57,121.398000,31.113300,  0, 22,0
89305,2007-02-20 02:10:59,121.398000,31.113300,  0, 22,0
89305,2007-02-20 02:11:59,121.398000,31.113300,  0, 22,0
89305,2007-02-20 02:13:00,121.398000,31.113300,  0, 22,0
89305,2007-02-20 02:14:01,121.398000,31.113300,  0, 22,0
89305,2007-02-20 02:15:02,121.398000,31.113300,  0, 22,0
89305,2007-02-20 02:16:03,121.398000,31.113300,  0, 22,0
89305,2007-02-20 02:17:04,121.398000,31.113300,  0, 22,0
89305,2007-02-20 02:18:05,121.398000,31.113300,  0, 22,0
89305,2007-02-20 02:19:06,121.398000,31.113300,  0, 22,0
89305,2007-02-20 02:20:07,121.398000,31.113300,  0, 22,0
89305,2007-02-20 02:21:08,121.398000,31.113300,  0, 22,0
89305,2007-02-20 02:22:09,121.398000,31.113300,  0, 22,0
89305,2007-02-20 02:23:11,121.398000,31.113300,  0, 22,0
89305,2007-02-20 02:24:12,121.398000,31.113300,  0, 22,0
89305,2007-02-20 02:25:12,121.398000,31.113300,  0, 22,0
89305,2007-02-20 02:26:13,121.398000,31.113300,  0, 22,0
89305,2007-02-20 02:27:15,121.398000,31.113300,  0, 22,0
89305,2007-02-20 02:28:16,121.398000,31.113300,  0, 22,0
89305,2007-02-20 02:29:17,121.398000,31.113300,  0, 22,0
89305,2007-02-20 02:31:18,121.398000,31.113300,  0, 22,0
89305,2007-02-20 02:32:20,121.398000,31.113300,  0, 22,0
89305,2007-02-20 02:33:21,121.398000,31.113300,  0, 22,0
89305,2007-02-20 02:34:22,121.398000,31.113300,  0, 22,0
89305,2007-02-20 02:35:22,121.398000,31.113300,  0, 22,0
89305,2007-02-20 02:36:23,121.398000,31.113300,  0, 22,0
89305,2007-02-20 02:37:25,121.398000,31.113300,  0, 22,0
89305,2007-02-20 02:38:26,121.398000,31.113300,  0, 22,0
89305,2007-02-20 02:39:27,121.398000,31.113300,  0, 22,0
89305,2007-02-20 02:40:27,121.398000,31.113300,  0, 22,0
89305,2007-02-20 02:42:30,121.398000,31.113300,  0, 22,0
89305,2007-02-20 02:43:31,121.398000,31.113300,  0, 22,0
89305,2007-02-20 02:44:32,121.398000,31.113300,  0, 22,0
89305,2007-02-20 02:45:32,121.398000,31.113300,  0, 22,0
89305,2007-02-20 02:46:34,121.398000,31.113300,  0, 22,0
89305,2007-02-20 02:48:36,121.398000,31.113300,  0, 22,0
89305,2007-02-20 02:49:37,121.398000,31.113300,  0, 22,0
89305,2007-02-20 02:50:37,121.398000,31.113300,  0, 22,0
89305,2007-02-20 02:51:39,121.398000,31.113300,  0, 22,0
89305,2007-02-20 02:52:40,121.398000,31.113300,  0, 22,0
89305,2007-02-20 02:53:41,121.398000,31.113300,  0, 22,0
89305,2007-02-20 02:54:42,121.398000,31.113300,  0, 22,0
89305,2007-02-20 02:55:42,121.398000,31.113300,  0, 22,0
89305,2007-02-20 02:56:44,121.398000,31.113300,  0, 22,0
89305,2007-02-20 02:57:45,121.398000,31.113300,  0, 22,0
89305,2007-02-20 02:58:46,121.398000,31.113300,  0, 22,0
89305,2007-02-20 02:59:47,121.398000,31.113300,  0, 22,0
89305,2007-02-20 03:00:47,121.398000,31.113300,  0, 22,0
89305,2007-02-20 03:01:49,121.398000,31.113300,  0, 22,0
89305,2007-02-20 03:02:50,121.398000,31.113300,  0, 22,0
89305,2007-02-20 03:03:51,121.398000,31.113300,  0, 22,0
89305,2007-02-20 03:04:52,121.398000,31.113300,  0, 22,0
89305,2007-02-20 03:05:52,121.398000,31.113300,  0, 22,0
89305,2007-02-20 03:06:54,121.398000,31.113300,  0, 22,0
89305,2007-02-20 03:07:55,121.398000,31.113300,  0, 22,0
89305,2007-02-20 03:08:56,121.398000,31.113300,  0, 22,0
89305,2007-02-20 03:09:57,121.398000,31.113300,  0, 22,0
89305,2007-02-20 03:10:57,121.398000,31.113300,  0, 22,0
89305,2007-02-20 03:11:59,121.398000,31.113300,  0, 22,0
89305,2007-02-20 03:13:00,121.398000,31.113300,  0, 22,0
89305,2007-02-20 03:14:01,121.398000,31.113300,  0, 22,0
89305,2007-02-20 03:15:02,121.398000,31.113300,  0, 22,0
89305,2007-02-20 03:16:02,121.398000,31.113300,  0, 22,0
89305,2007-02-20 03:17:04,121.398000,31.113300,  0, 22,0
89305,2007-02-20 03:19:06,121.398000,31.113300,  0, 22,0
89305,2007-02-20 03:20:07,121.398000,31.113300,  0, 22,0
89305,2007-02-20 03:21:07,121.398000,31.113300,  0, 22,0
89305,2007-02-20 03:22:09,121.398000,31.113300,  0, 22,0
89305,2007-02-20 03:23:10,121.398000,31.113300,  0, 22,0
89305,2007-02-20 03:24:10,121.398000,31.113300,  0, 22,0
89305,2007-02-20 03:25:11,121.398000,31.113300,  0, 22,0
89305,2007-02-20 03:26:12,121.398000,31.113300,  0, 22,0
89305,2007-02-20 03:27:12,121.398000,31.113300,  0, 22,0
89305,2007-02-20 03:28:14,121.398000,31.113300,  0, 22,0
89305,2007-02-20 03:30:16,121.398000,31.113300,  0, 22,0
89305,2007-02-20 03:31:17,121.398000,31.113300,  0, 22,0
89305,2007-02-20 03:32:17,121.398000,31.113300,  0, 22,0
89305,2007-02-20 03:33:19,121.398000,31.113300,  0, 22,0
89305,2007-02-20 03:34:20,121.398000,31.113300,  0, 22,0
89305,2007-02-20 03:35:21,121.398000,31.113300,  0, 22,0
89305,2007-02-20 03:36:22,121.398000,31.113300,  0, 22,0
89305,2007-02-20 03:37:22,121.398000,31.113300,  0, 22,0
89305,2007-02-20 03:38:24,121.398000,31.113300,  0, 22,0
89305,2007-02-20 03:40:26,121.398000,31.113300,  0, 22,0
89305,2007-02-20 03:41:27,121.398000,31.113300,  0, 22,0
89305,2007-02-20 03:42:27,121.398000,31.113300,  0, 22,0
89305,2007-02-20 03:43:29,121.398000,31.113300,  0, 22,0
89305,2007-02-20 03:44:30,121.398000,31.113300,  0, 22,0
89305,2007-02-20 03:45:31,121.398000,31.113300,  0, 22,0
89305,2007-02-20 03:46:32,121.398000,31.113300,  0, 22,0
89305,2007-02-20 03:47:32,121.398000,31.113300,  0, 22,0
89305,2007-02-20 03:48:34,121.398000,31.113300,  0, 22,0
89305,2007-02-20 03:49:35,121.398000,31.113300,  0, 22,0
89305,2007-02-20 03:50:36,121.398000,31.113300,  0, 22,0
89305,2007-02-20 03:51:37,121.398000,31.113300,  0, 22,0
89305,2007-02-20 03:53:39,121.398000,31.113300,  0, 22,0
89305,2007-02-20 03:54:40,121.398000,31.113300,  0, 22,0
89305,2007-02-20 03:55:41,121.398000,31.113300,  0, 22,0
89305,2007-02-20 03:56:42,121.398000,31.113300,  0, 22,0
89305,2007-02-20 03:57:42,121.398000,31.113300,  0, 22,0
89305,2007-02-20 03:58:44,121.398000,31.113300,  0, 22,0
89305,2007-02-20 03:59:45,121.398000,31.113300,  0, 22,0
89305,2007-02-20 04:00:46,121.398000,31.113300,  0, 22,0
89305,2007-02-20 04:01:47,121.398000,31.113300,  0, 22,0
89305,2007-02-20 04:02:47,121.398000,31.113300,  0, 22,0
89305,2007-02-20 04:03:49,121.398000,31.113300,  0, 22,0
89305,2007-02-20 04:04:50,121.398000,31.113300,  0, 22,0
89305,2007-02-20 04:05:51,121.398000,31.113300,  0, 22,0
89305,2007-02-20 04:06:52,121.398000,31.113300,  0, 22,0
89305,2007-02-20 04:07:52,121.398000,31.113300,  0, 22,0
89305,2007-02-20 04:08:54,121.398000,31.113300,  0, 22,0
89305,2007-02-20 04:09:55,121.398000,31.113300,  0, 22,0
89305,2007-02-20 04:10:56,121.398000,31.113300,  0, 22,0
89305,2007-02-20 04:11:57,121.398000,31.113300,  0, 22,0
89305,2007-02-20 04:12:57,121.398000,31.113300,  0, 22,0
89305,2007-02-20 04:13:59,121.398000,31.113300,  0, 22,0
89305,2007-02-20 04:15:00,121.398000,31.113300,  0, 22,0
89305,2007-02-20 04:17:02,121.398000,31.113300,  0, 22,0
89305,2007-02-20 04:18:01,121.398000,31.113300,  0, 22,0
89305,2007-02-20 04:20:04,121.398000,31.113300,  0, 22,0
89305,2007-02-20 04:21:05,121.398000,31.113300,  0, 22,0
89305,2007-02-20 04:23:06,121.398000,31.113300,  0, 22,0
89305,2007-02-20 04:24:08,121.398000,31.113300,  0, 22,0
89305,2007-02-20 04:26:10,121.398000,31.113300,  0, 22,0
89305,2007-02-20 04:27:11,121.398000,31.113300,  0, 22,0
89305,2007-02-20 04:28:11,121.398000,31.113300,  0, 22,0
89305,2007-02-20 04:29:13,121.398000,31.113300,  0, 22,0
89305,2007-02-20 04:30:14,121.398000,31.113300,  0, 22,0
89305,2007-02-20 04:31:15,121.398000,31.113300,  0, 22,0
89305,2007-02-20 04:32:16,121.398000,31.113300,  0, 22,0
89305,2007-02-20 04:33:16,121.398000,31.113300,  0, 22,0
89305,2007-02-20 04:34:18,121.398000,31.113300,  0, 22,0
89305,2007-02-20 04:35:19,121.398000,31.113300,  0, 22,0
89305,2007-02-20 04:36:20,121.398000,31.113300,  0, 22,0
89305,2007-02-20 04:37:21,121.398000,31.113300,  0, 22,0
89305,2007-02-20 04:38:21,121.398000,31.113300,  0, 22,0
89305,2007-02-20 04:39:23,121.398000,31.113300,  0, 22,0
89305,2007-02-20 04:40:24,121.398000,31.113300,  0, 22,0
89305,2007-02-20 04:41:25,121.398000,31.113300,  0, 22,0
89305,2007-02-20 04:42:26,121.398000,31.113300,  0, 22,0
89305,2007-02-20 04:43:26,121.398000,31.113300,  0, 22,0
89305,2007-02-20 04:44:28,121.398000,31.113300,  0, 22,0
89305,2007-02-20 04:45:29,121.398000,31.113300,  0, 22,0
89305,2007-02-20 04:46:30,121.398000,31.113300,  0, 22,0
89305,2007-02-20 04:47:31,121.398000,31.113300,  0, 22,0
89305,2007-02-20 04:48:31,121.398000,31.113300,  0, 22,0
89305,2007-02-20 04:49:33,121.398000,31.113300,  0, 22,0
89305,2007-02-20 04:50:34,121.398000,31.113300,  0, 22,0
89305,2007-02-20 04:51:35,121.398000,31.113300,  0, 22,0
89305,2007-02-20 04:52:36,121.398000,31.113300,  0, 22,0
89305,2007-02-20 04:53:36,121.398000,31.113300,  0, 22,0
89305,2007-02-20 04:55:39,121.398000,31.113300,  0, 22,0
89305,2007-02-20 04:56:40,121.398000,31.113300,  0, 22,0
89305,2007-02-20 04:57:41,121.398000,31.113300,  0, 22,0
89305,2007-02-20 04:58:41,121.398000,31.113300,  0, 22,0
89305,2007-02-20 04:59:43,121.398000,31.113300,  0, 22,0
89305,2007-02-20 05:00:44,121.398000,31.113300,  0, 22,0
89305,2007-02-20 05:02:46,121.398000,31.113300,  0, 22,0
89305,2007-02-20 05:03:47,121.398000,31.113300,  0, 22,0
89305,2007-02-20 05:04:48,121.398000,31.113300,  0, 22,0
89305,2007-02-20 05:05:49,121.398000,31.113300,  0, 22,0
89305,2007-02-20 05:06:50,121.398000,31.113300,  0, 22,0
89305,2007-02-20 05:07:51,121.398000,31.113300,  0, 22,0
89305,2007-02-20 05:08:52,121.398000,31.113300,  0, 22,0
89305,2007-02-20 05:09:53,121.398000,31.113300,  0, 22,0
89305,2007-02-20 05:10:54,121.398000,31.113300,  0, 22,0
89305,2007-02-20 05:11:55,121.398000,31.113300,  0, 22,0
89305,2007-02-20 05:12:56,121.398000,31.113300,  0, 22,0
89305,2007-02-20 05:13:56,121.398000,31.113300,  0, 22,0
89305,2007-02-20 05:14:58,121.398000,31.113300,  0, 22,0
89305,2007-02-20 05:15:59,121.398000,31.113300,  0, 22,0
89305,2007-02-20 05:17:00,121.398000,31.113300,  0, 22,0
89305,2007-02-20 05:18:01,121.398000,31.113300,  0, 22,0
89305,2007-02-20 05:19:01,121.398000,31.113300,  0, 22,0
89305,2007-02-20 05:20:03,121.398000,31.113300,  0, 22,0
89305,2007-02-20 05:21:04,121.398000,31.113300,  0, 22,0
89305,2007-02-20 05:22:05,121.398000,31.113300,  0, 22,0
89305,2007-02-20 05:23:06,121.398000,31.113300,  0, 22,0
89305,2007-02-20 05:24:06,121.398000,31.113300,  0, 22,0
89305,2007-02-20 05:25:08,121.398000,31.113300,  0, 22,0
89305,2007-02-20 05:26:09,121.398000,31.113300,  0, 22,0
89305,2007-02-20 05:27:10,121.398000,31.113300,  0, 22,0
89305,2007-02-20 05:28:11,121.398000,31.113300,  0, 22,0
89305,2007-02-20 05:29:11,121.398000,31.113300,  0, 22,0
89305,2007-02-20 05:30:13,121.398000,31.113300,  0, 22,0
89305,2007-02-20 05:31:14,121.398000,31.113300,  0, 22,0
89305,2007-02-20 05:32:15,121.398000,31.113300,  0, 22,0
89305,2007-02-20 05:33:16,121.398000,31.113300,  0, 22,0
89305,2007-02-20 05:34:16,121.398000,31.113300,  0, 22,0
89305,2007-02-20 05:35:18,121.398000,31.113300,  0, 22,0
89305,2007-02-20 05:36:19,121.398000,31.113300,  0, 22,0
89305,2007-02-20 05:38:21,121.398000,31.113300,  0, 22,0
89305,2007-02-20 05:39:21,121.398000,31.113300,  0, 22,0
89305,2007-02-20 05:40:23,121.398000,31.113300,  0, 22,0
89305,2007-02-20 05:41:24,121.398000,31.113300,  0, 22,0
89305,2007-02-20 05:42:25,121.398000,31.113300,  0, 22,0
89305,2007-02-20 05:43:26,121.398000,31.113300,  0, 22,0
89305,2007-02-20 05:44:26,121.398000,31.113300,  0, 22,0
89305,2007-02-20 05:45:28,121.398000,31.113300,  0, 22,0
89305,2007-02-20 05:47:30,121.398000,31.113300,  0, 22,0
89305,2007-02-20 05:48:31,121.398000,31.113300,  0, 22,0
89305,2007-02-20 05:49:32,121.398000,31.113300,  0, 22,0
89305,2007-02-20 05:50:33,121.398000,31.113300,  0, 22,0
89305,2007-02-20 05:51:34,121.398000,31.113300,  0, 22,0
89305,2007-02-20 05:52:35,121.398000,31.113300,  0, 22,0
89305,2007-02-20 05:53:36,121.398000,31.113300,  0, 22,0
89305,2007-02-20 05:54:36,121.398000,31.113300,  0, 22,0
89305,2007-02-20 05:55:38,121.398000,31.113300,  0, 22,0
89305,2007-02-20 05:56:39,121.398000,31.113300,  0, 22,0
89305,2007-02-20 05:57:40,121.398000,31.113300,  0, 22,0
89305,2007-02-20 05:58:41,121.398000,31.113300,  0, 22,0
89305,2007-02-20 05:59:41,121.398000,31.113300,  0, 22,0
89305,2007-02-20 06:00:43,121.398000,31.113300,  0, 22,0
89305,2007-02-20 06:01:44,121.398000,31.113300,  0, 22,0
89305,2007-02-20 06:02:45,121.398000,31.113300,  0, 22,0
89305,2007-02-20 06:03:46,121.398000,31.113300,  0, 22,0
89305,2007-02-20 06:04:46,121.398000,31.113300,  0, 22,0
89305,2007-02-20 06:05:48,121.398000,31.113300,  0, 22,0
89305,2007-02-20 06:06:49,121.398000,31.113300,  0, 22,0
89305,2007-02-20 06:07:50,121.398000,31.113300,  0, 22,0
89305,2007-02-20 06:08:51,121.398000,31.113300,  0, 22,0
89305,2007-02-20 06:09:51,121.398000,31.113300,  0, 22,0
89305,2007-02-20 06:10:53,121.398000,31.113300,  0, 22,0
89305,2007-02-20 06:11:54,121.398000,31.113300,  0, 22,0
89305,2007-02-20 06:12:55,121.398000,31.113300,  0, 22,0
89305,2007-02-20 06:13:56,121.398000,31.113300,  0, 22,0
89305,2007-02-20 06:14:57,121.398000,31.113300,  0, 22,0
89305,2007-02-20 06:15:58,121.398000,31.113300,  0, 22,0
89305,2007-02-20 06:18:00,121.398000,31.113300,  0, 22,0
89305,2007-02-20 06:19:01,121.398000,31.113300,  0, 22,0
89305,2007-02-20 06:20:01,121.398000,31.113300,  0, 22,0
89305,2007-02-20 06:21:23,121.398000,31.113300,  0, 22,0
89305,2007-02-20 06:22:24,121.398000,31.113300,  0, 22,0
89305,2007-02-20 06:23:25,121.398000,31.113300,  0, 22,0
89305,2007-02-20 06:24:26,121.398000,31.113300,  0, 22,0
89305,2007-02-20 06:25:27,121.398000,31.113300,  0, 22,0
89305,2007-02-20 06:26:28,121.398000,31.113300,  0, 22,0
89305,2007-02-20 06:27:29,121.398000,31.113300,  0, 22,0
89305,2007-02-20 06:28:30,121.398000,31.113300,  0, 22,0
89305,2007-02-20 06:29:31,121.398000,31.113300,  0, 22,0
89305,2007-02-20 06:30:32,121.398000,31.113300,  0, 22,0
89305,2007-02-20 06:31:33,121.398000,31.113300,  0, 22,0
89305,2007-02-20 06:32:34,121.398000,31.113300,  0, 22,0
89305,2007-02-20 06:33:35,121.398000,31.113300,  0, 22,0
89305,2007-02-20 06:34:36,121.398000,31.113300,  0, 22,0
89305,2007-02-20 06:35:37,121.398000,31.113300,  0, 22,0
89305,2007-02-20 06:36:38,121.398000,31.113300,  0, 22,0
89305,2007-02-20 06:37:39,121.398000,31.113300,  0, 22,0
89305,2007-02-20 06:38:40,121.398000,31.113300,  0, 22,0
89305,2007-02-20 06:39:41,121.398000,31.113300,  0, 22,0
89305,2007-02-20 06:40:42,121.398000,31.113300,  0, 22,0
89305,2007-02-20 06:41:43,121.398000,31.113300,  0, 22,0
89305,2007-02-20 06:42:44,121.398000,31.113300,  0, 22,0
89305,2007-02-20 06:43:45,121.398000,31.113300,  0, 22,0
89305,2007-02-20 06:44:46,121.398000,31.113300,  0, 22,0
89305,2007-02-20 06:45:47,121.398000,31.113300,  0, 22,0
89305,2007-02-20 06:46:48,121.398000,31.113300,  0, 22,0
89305,2007-02-20 06:47:49,121.398000,31.113300,  0, 22,0
89305,2007-02-20 06:48:50,121.398000,31.113300,  0, 22,0
89305,2007-02-20 06:49:51,121.398000,31.113300,  0, 22,0
89305,2007-02-20 06:50:52,121.398000,31.113300,  0, 22,0
89305,2007-02-20 06:51:53,121.398000,31.113300,  0, 22,0
89305,2007-02-20 06:52:54,121.398000,31.113300,  0, 22,0
89305,2007-02-20 06:56:58,121.398000,31.113300,  0, 22,0
89305,2007-02-20 06:57:59,121.398000,31.113300,  0, 22,0
89305,2007-02-20 06:59:00,121.398000,31.113300,  0, 22,0
89305,2007-02-20 07:00:01,121.398000,31.113300,  0, 22,0
89305,2007-02-20 07:01:02,121.398000,31.113300,  0, 22,0
89305,2007-02-20 07:02:03,121.398000,31.113300,  0, 22,0
89305,2007-02-20 07:03:04,121.398000,31.113300,  0, 22,0
89305,2007-02-20 07:04:05,121.398000,31.113300,  0, 22,0
89305,2007-02-20 07:05:06,121.398000,31.113300,  0, 22,0
89305,2007-02-20 07:06:07,121.398000,31.113300,  0, 22,0
89305,2007-02-20 07:07:08,121.398000,31.113300,  0, 22,0
89305,2007-02-20 07:08:09,121.398000,31.113300,  0, 22,0
89305,2007-02-20 07:09:10,121.398000,31.113300,  0, 22,0
89305,2007-02-20 07:10:11,121.398000,31.113300,  0, 22,0
89305,2007-02-20 07:11:12,121.398000,31.113300,  0, 22,0
89305,2007-02-20 07:12:13,121.398000,31.113300,  0, 22,0
89305,2007-02-20 07:13:14,121.398000,31.113300,  0, 22,0
89305,2007-02-20 07:14:15,121.398000,31.113300,  0, 22,0
89305,2007-02-20 07:15:16,121.398000,31.113300,  0, 22,0
89305,2007-02-20 07:16:17,121.398000,31.113300,  0, 22,0
89305,2007-02-20 07:17:18,121.398000,31.113300,  0, 22,0
89305,2007-02-20 07:18:19,121.398000,31.113300,  0, 22,0
89305,2007-02-20 07:19:20,121.398000,31.113300,  0, 22,0
89305,2007-02-20 07:20:21,121.398000,31.113300,  0, 22,0
89305,2007-02-20 07:21:22,121.398000,31.113300,  0, 22,0
89305,2007-02-20 07:22:23,121.398000,31.113300,  0, 22,0
89305,2007-02-20 07:23:24,121.398000,31.113300,  0, 22,0
89305,2007-02-20 07:24:25,121.398000,31.113300,  0, 22,0
89305,2007-02-20 07:25:26,121.398000,31.113300,  0, 22,0
89305,2007-02-20 07:26:27,121.398000,31.113300,  0, 22,0
89305,2007-02-20 07:27:28,121.398000,31.113300,  0, 22,0
89305,2007-02-20 07:28:29,121.398000,31.113300,  0, 22,0
89305,2007-02-20 07:29:30,121.398000,31.113300,  0, 22,0
89305,2007-02-20 07:30:31,121.398000,31.113300,  0, 22,0
89305,2007-02-20 07:31:32,121.398000,31.113300,  0, 22,0
89305,2007-02-20 07:32:33,121.398000,31.113300,  0, 22,0
89305,2007-02-20 07:33:34,121.398000,31.113300,  0, 22,0
89305,2007-02-20 07:34:35,121.398000,31.113300,  0, 22,0
89305,2007-02-20 07:35:36,121.398000,31.113300,  0, 22,0
89305,2007-02-20 07:36:37,121.398000,31.113300,  0, 22,0
89305,2007-02-20 07:37:38,121.398000,31.113300,  0, 22,0
89305,2007-02-20 07:39:40,121.398000,31.113300,  0, 22,0
89305,2007-02-20 07:40:41,121.398000,31.113300,  0, 22,0
89305,2007-02-20 07:41:42,121.398000,31.113300,  0, 22,0
89305,2007-02-20 07:42:43,121.398000,31.113300,  0, 22,0
89305,2007-02-20 07:43:44,121.398000,31.113300,  0, 22,0
89305,2007-02-20 07:44:45,121.398000,31.113300,  0, 22,0
89305,2007-02-20 07:45:46,121.398000,31.113300,  0, 22,0
89305,2007-02-20 07:46:47,121.398000,31.113300,  0, 22,0
89305,2007-02-20 07:47:48,121.398000,31.113300,  0, 22,0
89305,2007-02-20 07:48:49,121.398000,31.113300,  0, 22,0
89305,2007-02-20 07:49:50,121.398000,31.113300,  0, 22,0
89305,2007-02-20 07:51:52,121.398000,31.113300,  0, 22,0
89305,2007-02-20 07:52:53,121.398000,31.113300,  0, 22,0
89305,2007-02-20 07:54:55,121.398000,31.113300,  0, 22,0
89305,2007-02-20 07:55:56,121.398000,31.113300,  0, 22,0
89305,2007-02-20 07:56:57,121.398000,31.113300,  0, 22,0
89305,2007-02-20 07:57:58,121.398000,31.113300,  0, 22,0
89305,2007-02-20 07:58:59,121.398000,31.113300,  0, 22,0
89305,2007-02-20 08:00:00,121.398000,31.113300,  0, 22,0
89305,2007-02-20 08:01:01,121.398000,31.113300,  0, 22,0
89305,2007-02-20 08:02:02,121.398000,31.113300,  0, 22,0
89305,2007-02-20 08:03:03,121.398000,31.113300,  0, 22,0
89305,2007-02-20 08:04:04,121.398000,31.113300,  0, 22,0
89305,2007-02-20 08:05:05,121.398000,31.113300,  0, 22,0
89305,2007-02-20 08:06:06,121.398000,31.113300,  0, 22,0
89305,2007-02-20 08:07:07,121.398000,31.113300,  0, 22,0
89305,2007-02-20 08:08:08,121.398000,31.113300,  0, 22,0
89305,2007-02-20 08:09:09,121.398000,31.113300,  0, 22,0
89305,2007-02-20 08:10:10,121.398000,31.113300,  0, 22,0
89305,2007-02-20 08:11:11,121.398000,31.113300,  0, 22,0
89305,2007-02-20 08:12:12,121.398000,31.113300,  0, 22,0
89305,2007-02-20 08:13:13,121.398000,31.113300,  0, 22,0
89305,2007-02-20 08:14:14,121.398000,31.113300,  0, 22,0
89305,2007-02-20 08:15:15,121.398000,31.113300,  0, 22,0
89305,2007-02-20 08:16:16,121.398000,31.113300,  0, 22,0
89305,2007-02-20 08:17:17,121.398000,31.113300,  0, 22,0
89305,2007-02-20 08:18:18,121.398000,31.113300,  0, 22,0
89305,2007-02-20 08:19:19,121.398000,31.113300,  0, 22,0
89305,2007-02-20 08:20:20,121.398000,31.113300,  0, 22,0
89305,2007-02-20 08:21:21,121.398000,31.113100,  0, 67,0
89305,2007-02-20 08:22:22,121.398000,31.113100,  0, 67,0
89305,2007-02-20 08:23:23,121.398000,31.113100,  0, 67,0
89305,2007-02-20 08:24:24,121.398000,31.113100,  0, 67,0
89305,2007-02-20 08:25:25,121.398000,31.113000,  0, 67,0
89305,2007-02-20 08:26:26,121.398000,31.113000,  0, 67,0
89305,2007-02-20 08:27:27,121.398000,31.113000,  0, 67,0
89305,2007-02-20 08:28:28,121.398000,31.113000,  0, 67,0
89305,2007-02-20 08:29:29,121.398000,31.113000,  0, 67,0
89305,2007-02-20 08:30:30,121.398000,31.113000,  0, 67,0
89305,2007-02-20 08:31:31,121.398000,31.113000,  0, 67,0
89305,2007-02-20 08:32:32,121.398000,31.113000,  0, 67,0
89305,2007-02-20 08:33:33,121.398000,31.113000,  0, 67,0
89305,2007-02-20 08:34:34,121.398000,31.113000,  0, 67,0
89305,2007-02-20 08:35:35,121.398000,31.113000,  0, 67,0
89305,2007-02-20 08:36:36,121.398000,31.113000,  0, 67,0
89305,2007-02-20 08:37:37,121.398000,31.113000,  0, 67,0
89305,2007-02-20 08:38:38,121.398000,31.113000,  0, 67,0
89305,2007-02-20 08:39:39,121.398000,31.113000,  0, 67,0
89305,2007-02-20 08:40:40,121.398000,31.113100,  0, 67,0
89305,2007-02-20 08:41:41,121.398000,31.113100,  0, 67,0
89305,2007-02-20 08:42:42,121.398000,31.113100,  0, 67,0
89305,2007-02-20 08:43:43,121.398000,31.113100,  0, 67,0
89305,2007-02-20 08:44:44,121.398000,31.113100,  0, 67,0
89305,2007-02-20 08:45:45,121.398000,31.113100,  0, 67,0
89305,2007-02-20 08:46:46,121.398000,31.113100,  0, 67,0
89305,2007-02-20 08:47:00,121.398000,31.113100,  0, 67,1
89305,2007-02-20 08:48:00,121.398000,31.113100,  0, 67,1
89305,2007-02-20 08:49:01,121.397500,31.114000, 16,  0,1
89305,2007-02-20 08:50:02,121.401800,31.116000, 40, 22,1
89305,2007-02-20 08:51:03,121.405300,31.118800, 48, 45,1
89305,2007-02-20 08:52:04,121.415500,31.121300, 78, 45,1
89305,2007-02-20 08:53:05,121.428600,31.123100, 90, 45,1
89305,2007-02-20 08:54:06,121.442600,31.125100, 80, 45,1
89305,2007-02-20 08:55:47,121.465800,31.129600, 90, 22,1
89305,2007-02-20 08:56:47,121.479500,31.132600, 86, 45,1
89305,2007-02-20 08:57:48,121.489600,31.130600, 60, 90,1
89305,2007-02-20 08:58:49,121.491300,31.126100, 12, 45,1
89305,2007-02-20 08:59:50,121.489000,31.133100,  0,  0,1
89305,2007-02-20 09:00:51,121.488600,31.133800, 56,135,1
89305,2007-02-20 09:01:52,121.478600,31.133000, 64,135,1
89305,2007-02-20 09:02:53,121.471000,31.133000, 36,  0,1
89305,2007-02-20 09:03:54,121.469600,31.139300, 34,  0,1
89305,2007-02-20 09:04:55,121.467300,31.140000,  4,112,1
89305,2007-02-20 09:05:56,121.467100,31.139800,  0, 90,1
89305,2007-02-20 09:06:57,121.467100,31.139800,  0, 90,1
89305,2007-02-20 09:07:58,121.467100,31.139800,  0, 90,1
89305,2007-02-20 09:08:59,121.467100,31.139800,  0, 90,1
89305,2007-02-20 09:10:00,121.467100,31.139800,  0, 90,1
89305,2007-02-20 09:11:01,121.467100,31.139800,  0, 90,1
89305,2007-02-20 09:12:02,121.467100,31.139600,  0, 90,1
89305,2007-02-20 09:13:03,121.467100,31.139600,  0, 90,1
89305,2007-02-20 09:14:04,121.467300,31.139600,  0, 90,1
89305,2007-02-20 09:15:05,121.467300,31.139600,  0, 90,1
89305,2007-02-20 09:16:06,121.467100,31.139600,  0, 90,1
89305,2007-02-20 09:18:08,121.467100,31.139800,  0, 90,1
89305,2007-02-20 09:19:09,121.467300,31.139800,  0, 90,1
89305,2007-02-20 09:20:10,121.467300,31.139800,  0, 90,1
89305,2007-02-20 09:21:11,121.467300,31.139800,  0, 90,1
89305,2007-02-20 09:22:12,121.467100,31.139800,  0, 90,1
89305,2007-02-20 09:24:14,121.467300,31.139800,  0, 90,1
89305,2007-02-20 09:25:54,121.467100,31.139800,  0, 90,1
89305,2007-02-20 09:26:55,121.467300,31.140000,  0, 90,1
89305,2007-02-20 09:27:56,121.467300,31.140000,  0, 90,1
89305,2007-02-20 09:28:57,121.467300,31.140000,  0, 90,1
89305,2007-02-20 09:29:58,121.467300,31.140000,  0, 90,1
89305,2007-02-20 09:30:59,121.467100,31.139800,  0, 90,1
89305,2007-02-20 09:34:02,121.467100,31.139800,  0, 90,1
89305,2007-02-20 09:35:03,121.467100,31.139800,  0, 90,1
89305,2007-02-20 09:36:04,121.467100,31.140000,  0, 90,1
89305,2007-02-20 09:37:05,121.467100,31.139800,  0, 90,1
89305,2007-02-20 09:39:07,121.467300,31.139800,  0, 90,1
89305,2007-02-20 09:40:08,121.467300,31.139800,  0, 90,1
89305,2007-02-20 09:41:09,121.467300,31.139800,  0, 22,1
89305,2007-02-20 09:42:10,121.467300,31.139800,  0, 22,1
89305,2007-02-20 09:43:11,121.467300,31.139800,  0, 22,1
89305,2007-02-20 09:44:12,121.467300,31.139800,  0, 22,1
89305,2007-02-20 09:45:13,121.467300,31.139800,  0, 22,1
89305,2007-02-20 09:47:15,121.467300,31.139800,  0, 22,1
89305,2007-02-20 09:48:16,121.467300,31.139800,  0, 22,1
89305,2007-02-20 09:49:17,121.467300,31.139800,  0, 22,1
89305,2007-02-20 09:52:20,121.467300,31.139800,  0, 22,1
89305,2007-02-20 09:53:21,121.467300,31.139800,  0, 22,1
89305,2007-02-20 09:54:22,121.467300,31.139800,  0, 22,1
89305,2007-02-20 09:55:23,121.467300,31.139800,  0, 22,1
89305,2007-02-20 09:56:24,121.467300,31.139800,  0, 22,1
89305,2007-02-20 09:57:25,121.467300,31.139800,  0, 22,1
89305,2007-02-20 09:58:26,121.467300,31.139800,  0, 22,1
89305,2007-02-20 09:59:27,121.467300,31.139800,  0, 22,1
89305,2007-02-20 10:00:28,121.467300,31.139800,  0, 22,1
89305,2007-02-20 10:01:29,121.467300,31.139800,  0, 22,1
89305,2007-02-20 10:02:30,121.467300,31.139800,  0, 22,1
89305,2007-02-20 10:03:31,121.467300,31.139800,  0, 22,1
89305,2007-02-20 10:04:32,121.467300,31.139800,  0, 22,1
89305,2007-02-20 10:05:33,121.467300,31.139800,  0, 22,1
89305,2007-02-20 10:07:35,121.467300,31.139800,  0, 22,1
89305,2007-02-20 10:09:37,121.467300,31.139800,  0, 22,1
89305,2007-02-20 10:10:38,121.467300,31.139800,  0, 22,1
89305,2007-02-20 10:11:39,121.467300,31.139800,  0, 22,1
89305,2007-02-20 10:12:40,121.467300,31.139800,  0, 22,1
89305,2007-02-20 10:13:41,121.467300,31.139800,  0, 22,1
89305,2007-02-20 10:14:42,121.467300,31.139800,  0, 22,1
89305,2007-02-20 10:15:43,121.467300,31.139800,  0, 22,1
89305,2007-02-20 10:17:45,121.467300,31.139800,  0, 22,1
89305,2007-02-20 10:18:46,121.467300,31.139800,  0, 22,1
89305,2007-02-20 10:19:47,121.467300,31.139800,  0, 22,1
89305,2007-02-20 10:20:48,121.467300,31.139800,  0, 22,1
89305,2007-02-20 10:21:49,121.467300,31.139800,  0, 22,1
89305,2007-02-20 10:22:50,121.467300,31.139800,  0, 22,1
89305,2007-02-20 10:23:51,121.467300,31.139800,  0, 22,1
89305,2007-02-20 10:24:52,121.467800,31.140100, 22, 45,1
89305,2007-02-20 10:25:53,121.469800,31.138100, 42, 90,1
89305,2007-02-20 10:26:54,121.471100,31.132100, 34, 90,1
89305,2007-02-20 10:27:55,121.479500,31.132600, 58, 45,1
89305,2007-02-20 10:28:56,121.489000,31.132500, 66, 45,1
89305,2007-02-20 10:29:57,121.488500,31.137300, 42, 22,1
89305,2007-02-20 10:30:58,121.493300,31.140000, 24, 45,1
89305,2007-02-20 10:31:59,121.494000,31.142000, 12,157,1
89305,2007-02-20 10:33:00,121.494500,31.141100, 18, 67,1
89305,2007-02-20 10:34:01,121.493600,31.139500, 28, 67,1
89305,2007-02-20 10:35:02,121.496000,31.135000, 44,135,1
89305,2007-02-20 10:36:03,121.487600,31.134800, 40, 45,1
89305,2007-02-20 10:38:05,121.494000,31.118600, 16, 90,1
89305,2007-02-20 10:40:07,121.498300,31.118500, 16, 22,1
89305,2007-02-20 10:41:08,121.497800,31.118800,  0,157,1
89305,2007-02-20 10:42:09,121.497800,31.118800,  0,157,1
89305,2007-02-20 10:43:10,121.497800,31.118800,  0,157,1
89305,2007-02-20 10:44:11,121.497800,31.118800,  0,157,1
89305,2007-02-20 10:45:12,121.497800,31.118800,  0,157,1
89305,2007-02-20 10:47:54,121.497800,31.118800,  0,157,1
89305,2007-02-20 10:49:14,121.497800,31.118800,  0,157,1
89305,2007-02-20 10:50:15,121.497800,31.118800,  0,157,1
89305,2007-02-20 10:51:17,121.497800,31.118800,  0,157,1
89305,2007-02-20 10:52:17,121.497800,31.118800,  0,157,1
89305,2007-02-20 10:53:19,121.497800,31.118800,  0,157,1
89305,2007-02-20 10:55:20,121.497800,31.118800,  0,157,1
89305,2007-02-20 10:56:22,121.497800,31.118800,  0,157,1
89305,2007-02-20 10:57:23,121.497800,31.118800,  0,157,1
89305,2007-02-20 10:58:24,121.497800,31.118800,  0,157,1
89305,2007-02-20 10:59:25,121.497800,31.118800,  0,157,1
89305,2007-02-20 11:00:25,121.497800,31.118800,  0,157,1
89305,2007-02-20 11:01:27,121.497800,31.118800,  0,157,1
89305,2007-02-20 11:02:28,121.497800,31.118800,  0,157,1
89305,2007-02-20 11:03:29,121.497800,31.118800,  0,157,1
89305,2007-02-20 11:04:30,121.497800,31.118800,  0,157,1
89305,2007-02-20 11:06:32,121.497800,31.118800,  0,157,1
89305,2007-02-20 11:07:33,121.497800,31.118800,  0,157,1
89305,2007-02-20 11:08:34,121.497800,31.118800,  0,157,1
89305,2007-02-20 11:09:35,121.497800,31.118800,  0,157,1
89305,2007-02-20 11:10:35,121.497800,31.118800,  0,157,1
89305,2007-02-20 11:11:37,121.497800,31.118800,  0,157,1
89305,2007-02-20 11:12:38,121.497800,31.118800,  0,157,1
89305,2007-02-20 11:13:38,121.497800,31.118800,  0,157,1
89305,2007-02-20 11:14:39,121.497800,31.118800,  0,157,1
89305,2007-02-20 11:15:40,121.491100,31.133000, 52, 22,1
89305,2007-02-20 11:16:41,121.502800,31.135600, 86, 45,1
89305,2007-02-20 11:17:42,121.517800,31.138100,100, 45,1
89305,2007-02-20 11:18:43,121.532500,31.139500, 72, 45,1
89305,2007-02-20 11:20:45,121.527100,31.150300, 24,157,1
89305,2007-02-20 11:21:46,121.524000,31.154800, 78,157,1
89305,2007-02-20 11:23:48,121.526500,31.163800, 68, 22,1
89305,2007-02-20 11:24:49,121.523500,31.168600, 48,157,1
89305,2007-02-20 11:25:50,121.520800,31.172500, 66,157,1
89305,2007-02-20 11:27:52,121.518500,31.175100,  0, 90,1
89305,2007-02-20 11:28:53,121.518300,31.175100,  0, 90,1
89305,2007-02-20 11:29:54,121.518300,31.175100,  0, 90,1
89305,2007-02-20 11:30:55,121.518300,31.175100,  0, 90,1
89305,2007-02-20 11:31:57,121.518300,31.175100,  0, 90,1
89305,2007-02-20 11:32:58,121.518300,31.175100,  0, 90,1
89305,2007-02-20 11:33:58,121.518300,31.175000,  0, 90,1
89305,2007-02-20 11:35:00,121.518300,31.175000,  0, 90,1
89305,2007-02-20 11:36:00,121.518300,31.175000,  0, 90,1
89305,2007-02-20 11:37:02,121.518300,31.175000,  0, 90,1
89305,2007-02-20 11:38:02,121.518300,31.175000,  0, 90,1
89305,2007-02-20 11:39:04,121.518300,31.175000,  0, 90,1
89305,2007-02-20 11:40:05,121.518300,31.175000,  0, 90,1
89305,2007-02-20 11:41:05,121.518300,31.175000,  0, 90,1
89305,2007-02-20 11:42:07,121.518300,31.175000,  0, 90,1
89305,2007-02-20 11:43:08,121.518100,31.174800,  0, 90,1
89305,2007-02-20 11:44:09,121.518100,31.174800,  0, 90,1
89305,2007-02-20 11:45:10,121.518100,31.174800,  6,  0,1
89305,2007-02-20 11:46:10,121.521600,31.170600, 54, 67,1
89305,2007-02-20 11:47:11,121.523800,31.168100,  0, 67,1
89305,2007-02-20 11:49:13,121.532600,31.155600, 38, 90,1
89305,2007-02-20 11:50:14,121.530100,31.151800, 56,135,1
89305,2007-02-20 11:51:15,121.521500,31.149500, 66,135,1
89305,2007-02-20 11:52:17,121.516000,31.145600, 50, 67,1
89305,2007-02-20 11:53:18,121.511300,31.141100, 78,112,1
89305,2007-02-20 11:54:19,121.506300,31.145000,  0,157,1
89305,2007-02-20 11:55:19,121.503800,31.144100, 38,112,1
89305,2007-02-20 11:56:20,121.499500,31.142800, 34,135,1
89305,2007-02-20 11:57:21,121.495600,31.141500, 28,112,1
89305,2007-02-20 11:58:23,121.494100,31.141500,  0,112,1
89305,2007-02-20 11:59:24,121.494100,31.141500,  0,112,1
89305,2007-02-20 12:00:25,121.494100,31.141500,  0,112,1
89305,2007-02-20 12:01:25,121.494100,31.141500,  0,112,1
89305,2007-02-20 12:02:27,121.494100,31.141500,  0,112,1
89305,2007-02-20 12:03:28,121.494100,31.141500,  0,112,1
89305,2007-02-20 12:04:29,121.494100,31.141500,  0,112,1
89305,2007-02-20 12:05:30,121.494100,31.141500,  0,112,1
89305,2007-02-20 12:06:30,121.494100,31.141500,  0,112,1
89305,2007-02-20 12:07:32,121.494100,31.141500,  0,112,1
89305,2007-02-20 12:08:33,121.494100,31.141500,  0,112,1
89305,2007-02-20 12:09:34,121.494300,31.141500,  0,112,1
89305,2007-02-20 12:10:35,121.494300,31.141500,  0,112,1
89305,2007-02-20 12:11:35,121.494300,31.141500,  0,112,1
89305,2007-02-20 12:12:37,121.494600,31.141100, 14, 67,1
89305,2007-02-20 12:13:38,121.495100,31.138100, 44, 67,1
89305,2007-02-20 12:14:39,121.492800,31.134300, 62,135,1
89305,2007-02-20 12:15:40,121.482800,31.134000, 56,135,1
89305,2007-02-20 12:16:40,121.473800,31.132500, 58,135,1
89305,2007-02-20 12:18:43,121.469300,31.140300, 20,135,1
89305,2007-02-20 12:19:44,121.467300,31.139800,  0, 90,1
89305,2007-02-20 12:20:45,121.467300,31.139800,  0, 90,1
89305,2007-02-20 12:21:45,121.467300,31.139800,  0, 90,1
89305,2007-02-20 12:23:48,121.467300,31.139800,  0, 90,1
89305,2007-02-20 12:25:50,121.467300,31.140000,  0, 90,1
89305,2007-02-20 12:26:50,121.467300,31.140000,  0, 90,1
89305,2007-02-20 12:27:52,121.467300,31.140000,  0, 90,1
89305,2007-02-20 12:28:53,121.467300,31.140000,  0, 90,1
89305,2007-02-20 12:31:55,121.467300,31.140000,  0, 90,1
89305,2007-02-20 12:33:58,121.467300,31.140000,  0, 90,1
89305,2007-02-20 12:34:59,121.467500,31.140000,  0, 90,1
89305,2007-02-20 12:36:00,121.467500,31.140000,  0, 90,1
89305,2007-02-20 12:37:00,121.467500,31.140000,  0, 90,1
89305,2007-02-20 12:38:02,121.467500,31.140000,  0, 90,1
89305,2007-02-20 12:39:03,121.467500,31.140000,  0, 90,1
89305,2007-02-20 12:40:04,121.467500,31.140000,  0, 90,1
89305,2007-02-20 12:41:05,121.467300,31.140000,  0, 90,1
89305,2007-02-20 12:42:05,121.467300,31.140000,  0, 90,1
89305,2007-02-20 12:45:09,121.467300,31.140000,  0, 90,1
89305,2007-02-20 12:47:10,121.467300,31.140000,  0, 90,1
89305,2007-02-20 12:48:12,121.467300,31.140000,  0, 90,1
89305,2007-02-20 12:49:13,121.467300,31.140000,  0, 90,1
89305,2007-02-20 12:50:14,121.467300,31.140000,  0, 90,1
89305,2007-02-20 12:51:15,121.467300,31.140000,  0, 90,1
89305,2007-02-20 12:52:15,121.467300,31.140000,  0, 90,1
89305,2007-02-20 12:53:17,121.467300,31.140000,  0, 90,1
89305,2007-02-20 12:54:18,121.467300,31.140000,  0, 90,1
89305,2007-02-20 12:56:20,121.467300,31.140000,  0, 90,1
89305,2007-02-20 12:57:20,121.467300,31.140000,  0, 90,1
89305,2007-02-20 12:58:22,121.467300,31.140000,  0, 90,1
89305,2007-02-20 12:59:23,121.467300,31.140000,  0, 90,1
89305,2007-02-20 13:00:24,121.467300,31.140000,  0, 90,1
89305,2007-02-20 13:01:25,121.467300,31.140000,  0, 90,1
89305,2007-02-20 13:02:25,121.467300,31.140000,  0, 90,1
89305,2007-02-20 13:03:27,121.467300,31.140000,  0, 90,1
89305,2007-02-20 13:04:28,121.467300,31.140000,  0, 90,1
89305,2007-02-20 13:05:29,121.467300,31.140000,  0, 90,1
89305,2007-02-20 13:06:30,121.467300,31.140000,  0, 90,1
89305,2007-02-20 13:07:30,121.467300,31.140000,  0, 90,1
89305,2007-02-20 13:08:32,121.467300,31.140000,  0, 90,1
89305,2007-02-20 13:09:33,121.467300,31.140000,  0, 90,1
89305,2007-02-20 13:10:34,121.467300,31.140000,  0, 90,1
89305,2007-02-20 13:11:35,121.467300,31.140000,  0, 90,1
89305,2007-02-20 13:12:35,121.467300,31.140000,  0, 90,1
89305,2007-02-20 13:13:37,121.467300,31.140000,  0, 90,1
89305,2007-02-20 13:14:38,121.467300,31.140000,  0, 90,1
89305,2007-02-20 13:15:39,121.467300,31.140000,  0, 90,1
89305,2007-02-20 13:16:40,121.467300,31.140000,  0, 90,1
89305,2007-02-20 13:17:40,121.467300,31.140000,  0, 90,1
89305,2007-02-20 13:19:42,121.467300,31.140000,  0, 90,1
89305,2007-02-20 13:20:43,121.467300,31.140000,  0, 90,1
89305,2007-02-20 13:21:44,121.467300,31.140000,  0, 90,1
89305,2007-02-20 13:22:44,121.467300,31.140000,  0, 90,1
89305,2007-02-20 13:23:46,121.467300,31.140000,  0, 90,1
89305,2007-02-20 13:24:47,121.467300,31.140000,  0, 90,1
89305,2007-02-20 13:25:48,121.467300,31.140000,  0, 90,1
89305,2007-02-20 13:26:49,121.467300,31.140000,  0, 90,1
89305,2007-02-20 13:27:49,121.467300,31.140000,  0, 90,1
89305,2007-02-20 13:29:57,121.467300,31.140000,  0, 90,1
89305,2007-02-20 13:30:58,121.467300,31.140000,  0, 90,1
89305,2007-02-20 13:31:59,121.467300,31.140000,  0, 90,1
89305,2007-02-20 13:33:00,121.467300,31.140000,  0, 90,1
89305,2007-02-20 13:36:03,121.467300,31.140000,  0, 90,1
89305,2007-02-20 13:37:04,121.467300,31.140000,  0, 90,1
89305,2007-02-20 13:38:05,121.467300,31.140000,  0, 90,1
89305,2007-02-20 13:39:06,121.467300,31.140000,  0, 90,1
89305,2007-02-20 13:40:07,121.467300,31.140000,  0, 90,1
89305,2007-02-20 13:41:08,121.467300,31.140000,  0, 90,1
89305,2007-02-20 13:43:10,121.467300,31.140000,  0, 90,1
89305,2007-02-20 13:44:11,121.467300,31.140000,  0, 90,1
89305,2007-02-20 13:45:12,121.467300,31.140000,  0, 90,1
89305,2007-02-20 13:46:13,121.467300,31.140000,  0, 90,1
89305,2007-02-20 13:47:14,121.467300,31.140000,  0, 90,1
89305,2007-02-20 13:48:15,121.467300,31.140000,  0, 90,1
89305,2007-02-20 13:49:16,121.467300,31.140000,  0, 90,1
89305,2007-02-20 13:50:17,121.467300,31.140000,  0, 90,1
89305,2007-02-20 13:51:18,121.467300,31.140000,  0, 90,1
89305,2007-02-20 13:52:19,121.467300,31.140000,  0, 90,1
89305,2007-02-20 13:53:20,121.467300,31.140000,  0, 90,1
89305,2007-02-20 13:54:21,121.467300,31.140000,  0, 90,1
89305,2007-02-20 13:56:23,121.467300,31.140000,  0, 90,1
89305,2007-02-20 13:57:24,121.467300,31.140000,  0, 90,1
89305,2007-02-20 13:58:25,121.467300,31.140000,  0, 90,1
89305,2007-02-20 13:59:26,121.467300,31.140000,  0, 90,1
89305,2007-02-20 14:00:27,121.467100,31.140000,  0, 90,1
89305,2007-02-20 14:01:28,121.467100,31.140000,  0, 90,1
89305,2007-02-20 14:03:30,121.466800,31.140000,  0,135,1
89305,2007-02-20 14:04:31,121.466800,31.140000,  0,135,1
89305,2007-02-20 14:05:32,121.466800,31.140000,  0,135,1
89305,2007-02-20 14:06:33,121.466800,31.140000,  0,135,1
89305,2007-02-20 14:07:34,121.467300,31.140000,  0,135,1
89305,2007-02-20 14:08:35,121.467300,31.140000,  0,135,1
89305,2007-02-20 14:09:36,121.467300,31.140000,  0,135,1
89305,2007-02-20 14:10:37,121.467300,31.140000,  0,135,1
89305,2007-02-20 14:11:38,121.467500,31.140000,  0,135,1
89305,2007-02-20 14:12:39,121.467300,31.140000,  0,135,1
89305,2007-02-20 14:13:40,121.467300,31.140000,  0,135,1
89305,2007-02-20 14:15:42,121.467300,31.139800,  0,135,1
89305,2007-02-20 14:16:43,121.467300,31.139800,  0,135,1
89305,2007-02-20 14:17:44,121.467300,31.139800,  0,135,1
89305,2007-02-20 14:18:45,121.467300,31.139800,  0,135,1
89305,2007-02-20 14:19:46,121.467300,31.139800,  0,135,1
89305,2007-02-20 14:20:47,121.467300,31.139800,  0,135,1
89305,2007-02-20 14:21:48,121.467300,31.139800,  0,135,1
89305,2007-02-20 14:23:50,121.467300,31.139800,  0,135,1
89305,2007-02-20 14:24:51,121.467300,31.139800,  0,135,1
89305,2007-02-20 14:25:52,121.467300,31.139800,  0,135,1
89305,2007-02-20 14:26:53,121.467300,31.139800,  0,135,1
89305,2007-02-20 14:27:54,121.467300,31.139800,  0,135,1
89305,2007-02-20 14:28:56,121.467300,31.139800,  0,135,1
89305,2007-02-20 14:29:56,121.467300,31.139800,  0,135,1
89305,2007-02-20 14:30:57,121.467300,31.139800,  0,135,1
89305,2007-02-20 14:31:58,121.467300,31.139800,  0,135,1
89305,2007-02-20 14:32:59,121.467300,31.139800,  0,135,1
89305,2007-02-20 14:34:00,121.467300,31.139800,  0,135,1
89305,2007-02-20 14:35:02,121.467300,31.139800,  0,135,1
89305,2007-02-20 14:36:03,121.467300,31.139800,  0,135,1
89305,2007-02-20 14:37:04,121.467300,31.139800,  0,135,1
89305,2007-02-20 14:38:04,121.467300,31.139800,  0,135,1
89305,2007-02-20 14:41:07,121.467300,31.139800,  0,135,1
89305,2007-02-20 14:42:08,121.467300,31.139800,  0,135,1
89305,2007-02-20 14:43:09,121.467300,31.139800,  0,135,1
89305,2007-02-20 14:45:11,121.467300,31.139800,  0,135,1
89305,2007-02-20 14:46:12,121.467300,31.139800,  0,135,1
89305,2007-02-20 14:47:13,121.467300,31.139800,  0,135,1
89305,2007-02-20 14:48:14,121.467300,31.139800,  0,135,1
89305,2007-02-20 14:49:15,121.467300,31.139800,  0,135,1
89305,2007-02-20 14:50:17,121.467300,31.139800,  0,135,1
89305,2007-02-20 14:51:59,121.467300,31.139800,  0,135,1
89305,2007-02-20 14:52:59,121.467300,31.139800,  0,135,1
89305,2007-02-20 14:54:01,121.467300,31.139800,  0,135,1
89305,2007-02-20 14:55:02,121.467300,31.139800,  0,135,1
89305,2007-02-20 14:56:03,121.467300,31.139800,  0,135,1
89305,2007-02-20 14:57:04,121.467300,31.139800,  0,135,1
89305,2007-02-20 14:58:04,121.467300,31.139800,  0,135,1
89305,2007-02-20 14:59:06,121.467300,31.140000,  0,135,1
89305,2007-02-20 15:01:08,121.467300,31.140000,  0,135,1
89305,2007-02-20 15:02:09,121.467300,31.140000,  0,135,1
89305,2007-02-20 15:03:09,121.467300,31.140000,  0,135,1
89305,2007-02-20 15:04:11,121.467300,31.140000,  0,135,1
89305,2007-02-20 15:05:12,121.467300,31.140000,  0,135,1
89305,2007-02-20 15:06:13,121.467300,31.140000,  0,135,1
89305,2007-02-20 15:07:14,121.467300,31.140000,  0,135,1
89305,2007-02-20 15:08:14,121.467300,31.140000,  0,135,1
89305,2007-02-20 15:09:16,121.467300,31.140000,  0,135,1
89305,2007-02-20 15:10:17,121.467300,31.140000,  0,135,1
89305,2007-02-20 15:11:18,121.467300,31.140000,  0,135,1
89305,2007-02-20 15:12:19,121.467300,31.140000,  0,135,1
89305,2007-02-20 15:13:19,121.467300,31.140000,  0,135,1
89305,2007-02-20 15:14:21,121.467300,31.140000,  0,135,1
89305,2007-02-20 15:15:22,121.467300,31.140000,  0,135,1
89305,2007-02-20 15:16:23,121.467300,31.140000,  0,135,1
89305,2007-02-20 15:17:24,121.467300,31.140000,  0,135,1
89305,2007-02-20 15:18:24,121.467300,31.140000,  0,135,1
89305,2007-02-20 15:19:26,121.467300,31.139600,  0,135,1
89305,2007-02-20 15:20:27,121.467300,31.139600,  0,135,1
89305,2007-02-20 15:22:29,121.467300,31.139600,  0,135,1
89305,2007-02-20 15:24:31,121.467300,31.139600,  0,135,1
89305,2007-02-20 15:25:32,121.467300,31.139600,  0,135,1
89305,2007-02-20 15:26:33,121.467300,31.139600,  0,135,1
89305,2007-02-20 15:27:34,121.467300,31.139600,  0,135,1
89305,2007-02-20 15:28:34,121.467300,31.139600,  0,135,1
89305,2007-02-20 15:29:36,121.467300,31.139600,  0,135,1
89305,2007-02-20 15:30:37,121.467300,31.139600,  0,135,1
89305,2007-02-20 15:31:38,121.467300,31.139600,  0,135,1
89305,2007-02-20 15:32:39,121.467300,31.139600,  0,135,1
89305,2007-02-20 15:33:39,121.467300,31.139800,  0,135,1
89305,2007-02-20 15:34:41,121.467300,31.139800,  0,135,1
89305,2007-02-20 15:35:42,121.467300,31.139800,  0,135,1
89305,2007-02-20 15:36:43,121.467300,31.139800,  0,135,1
89305,2007-02-20 15:37:44,121.467300,31.139800,  0,135,1
89305,2007-02-20 15:39:46,121.467300,31.139800,  0,135,1
89305,2007-02-20 15:41:48,121.467500,31.139800,  0,135,1
89305,2007-02-20 15:42:49,121.467500,31.139800,  0,135,1
89305,2007-02-20 15:43:49,121.467500,31.139800,  0,135,1
89305,2007-02-20 15:44:51,121.467500,31.139800,  0,135,1
89305,2007-02-20 15:45:52,121.467500,31.139800,  0,135,1
89305,2007-02-20 15:46:53,121.467500,31.139800,  0,135,1
89305,2007-02-20 15:47:54,121.467500,31.139800,  0,135,1
89305,2007-02-20 15:48:54,121.467500,31.139800,  0,135,1
89305,2007-02-20 15:49:56,121.467500,31.139800,  0,135,1
89305,2007-02-20 15:50:57,121.467500,31.139800,  0,135,1
89305,2007-02-20 15:51:58,121.467500,31.139800,  0,135,1
89305,2007-02-20 15:52:59,121.467500,31.139800,  0,135,1
89305,2007-02-20 15:53:59,121.467500,31.139800,  0,135,1
89305,2007-02-20 15:56:02,121.467500,31.139800,  0,135,1
89305,2007-02-20 15:57:03,121.467500,31.139800,  0,135,1
89305,2007-02-20 15:58:04,121.467500,31.139800,  0,135,1
89305,2007-02-20 15:59:04,121.467500,31.139800,  0,135,1
89305,2007-02-20 16:00:06,121.467500,31.139800,  0,135,1
89305,2007-02-20 16:01:07,121.467500,31.139800,  0,135,1
89305,2007-02-20 16:02:08,121.467500,31.139800,  0,135,1
89305,2007-02-20 16:03:09,121.467500,31.139800,  0,135,1
89305,2007-02-20 16:04:09,121.467500,31.139800,  0,135,1
89305,2007-02-20 16:05:11,121.467500,31.139800,  0,135,1
89305,2007-02-20 16:06:12,121.467500,31.139800,  0,135,1
89305,2007-02-20 16:07:13,121.467500,31.139800,  0,135,1
89305,2007-02-20 16:08:14,121.467500,31.139800,  0,135,1
89305,2007-02-20 16:09:14,121.467500,31.139800,  0,135,1
89305,2007-02-20 16:10:16,121.467500,31.139800,  0,135,1
89305,2007-02-20 16:11:17,121.467500,31.139800,  0,135,1
89305,2007-02-20 16:12:18,121.467500,31.139800,  0,135,1
89305,2007-02-20 16:13:19,121.467500,31.139800,  0,135,1
89305,2007-02-20 16:14:19,121.467500,31.139800,  0,135,1
89305,2007-02-20 16:15:21,121.467500,31.139800,  0,135,1
89305,2007-02-20 16:16:22,121.467500,31.139800,  0,135,1
89305,2007-02-20 16:17:23,121.467500,31.139800,  0,135,1
89305,2007-02-20 16:18:24,121.467500,31.139800,  0,135,1
89305,2007-02-20 16:19:24,121.467500,31.139800,  0,135,1
89305,2007-02-20 16:21:27,121.467500,31.139800,  0,135,1
89305,2007-02-20 16:22:28,121.467500,31.139800,  0,135,1
89305,2007-02-20 16:23:29,121.467500,31.139800,  0,135,1
89305,2007-02-20 16:24:29,121.467300,31.139800,  0,135,1
89305,2007-02-20 16:25:31,121.467300,31.139800,  0,135,1
89305,2007-02-20 16:26:32,121.467300,31.139800,  0,135,1
89305,2007-02-20 16:27:33,121.467300,31.139800,  0,135,1
89305,2007-02-20 16:28:34,121.467300,31.139800,  0,135,1
89305,2007-02-20 16:31:37,121.467300,31.139800,  0,135,1
89305,2007-02-20 16:32:38,121.467300,31.139800,  0,135,1
89305,2007-02-20 16:33:39,121.467300,31.139800,  0,135,1
89305,2007-02-20 16:35:41,121.467300,31.139800,  0,135,1
89305,2007-02-20 16:36:42,121.467300,31.139800,  0,135,1
89305,2007-02-20 16:37:43,121.467300,31.139800,  0,135,1
89305,2007-02-20 16:38:44,121.467300,31.139800,  0,135,1
89305,2007-02-20 16:39:44,121.467300,31.139800,  0,135,1
89305,2007-02-20 16:40:46,121.467300,31.139800,  0,135,1
89305,2007-02-20 16:41:47,121.467300,31.139800,  0,135,1
89305,2007-02-20 16:42:48,121.467300,31.139800,  0,135,1
89305,2007-02-20 16:44:49,121.467300,31.139800,  0,135,1
89305,2007-02-20 16:46:52,121.467300,31.139800,  0,135,1
89305,2007-02-20 16:47:53,121.467300,31.139800,  0,135,1
89305,2007-02-20 16:48:54,121.467300,31.139800,  0,135,1
89305,2007-02-20 16:49:54,121.467300,31.139800,  0,135,1
89305,2007-02-20 16:50:56,121.467300,31.139800,  0,135,1
89305,2007-02-20 16:51:57,121.467300,31.139800,  0,135,1
89305,2007-02-20 16:52:58,121.467300,31.139800,  0,135,1
89305,2007-02-20 16:53:59,121.467300,31.139800,  0,135,1
89305,2007-02-20 16:54:59,121.467300,31.139800,  0,135,1
89305,2007-02-20 16:56:01,121.467300,31.139800,  0,135,1
89305,2007-02-20 16:57:02,121.467300,31.139800,  0,135,1
89305,2007-02-20 16:58:03,121.467300,31.139800,  0,135,1
89305,2007-02-20 16:59:04,121.467300,31.139800,  0,135,1
89305,2007-02-20 17:00:04,121.467300,31.139800,  0,135,1
89305,2007-02-20 17:01:06,121.467300,31.139800,  0,135,1
89305,2007-02-20 17:03:08,121.467300,31.139800,  0,135,1
89305,2007-02-20 17:04:09,121.467300,31.139800,  0,135,1
89305,2007-02-20 17:05:09,121.467300,31.139800,  0,135,1
89305,2007-02-20 17:06:11,121.467300,31.139800,  0,135,1
89305,2007-02-20 17:07:12,121.467300,31.139800,  0,135,1
89305,2007-02-20 17:08:13,121.467300,31.139800,  0,135,1
89305,2007-02-20 17:10:14,121.467300,31.139800,  0,135,1
89305,2007-02-20 17:11:16,121.467300,31.139800,  0,135,1
89305,2007-02-20 17:12:17,121.467300,31.139800,  0,135,1
89305,2007-02-20 17:13:18,121.467300,31.139800,  0,135,1
89305,2007-02-20 17:14:19,121.467300,31.139800,  0,135,1
89305,2007-02-20 17:15:19,121.467300,31.139800,  0,135,1
89305,2007-02-20 17:17:22,121.467300,31.139800,  0,135,1
89305,2007-02-20 17:18:23,121.467300,31.139800,  0,135,1
89305,2007-02-20 17:19:24,121.467300,31.139800,  0,135,1
89305,2007-02-20 17:20:24,121.467300,31.139800,  0,135,1
89305,2007-02-20 17:21:26,121.467300,31.139800,  0,135,1
89305,2007-02-20 17:22:27,121.467300,31.139800,  0,135,1
89305,2007-02-20 17:23:28,121.467300,31.139800,  0,135,1
89305,2007-02-20 17:24:29,121.467300,31.139800,  0,135,1
89305,2007-02-20 17:25:29,121.467300,31.139800,  0,135,1
89305,2007-02-20 17:26:31,121.467300,31.139800,  0,135,1
89305,2007-02-20 17:27:32,121.467300,31.139800,  0,135,1
89305,2007-02-20 17:28:33,121.467300,31.139800,  0,135,1
89305,2007-02-20 17:29:34,121.467300,31.139800,  0,135,1
89305,2007-02-20 17:30:34,121.467300,31.139800,  0,135,1
89305,2007-02-20 17:31:36,121.467300,31.139800,  0,135,1
89305,2007-02-20 17:32:37,121.467300,31.139800,  0,135,1
89305,2007-02-20 17:33:38,121.467300,31.139800,  0,135,1
89305,2007-02-20 17:34:39,121.467300,31.139800,  0,135,1
89305,2007-02-20 17:35:39,121.467300,31.139800,  0,135,1
89305,2007-02-20 17:36:41,121.467300,31.139800,  0,135,1
89305,2007-02-20 17:37:42,121.467500,31.139800,  0,135,1
89305,2007-02-20 17:38:43,121.467500,31.139800,  0,135,1
89305,2007-02-20 17:39:44,121.467500,31.139800,  0,135,1
89305,2007-02-20 17:40:44,121.467500,31.139800,  0,135,1
89305,2007-02-20 17:41:46,121.467500,31.139800,  0,135,1
89305,2007-02-20 17:42:47,121.467100,31.139800,  0,135,1
89305,2007-02-20 17:43:48,121.467100,31.139800,  0,135,1
89305,2007-02-20 17:44:49,121.467100,31.139800,  0,135,1
89305,2007-02-20 17:45:49,121.467100,31.139800,  0,135,1
89305,2007-02-20 17:46:51,121.467100,31.139800,  0,135,1
89305,2007-02-20 17:48:53,121.467300,31.139800,  0,135,1
89305,2007-02-20 17:49:54,121.467300,31.139800,  0,135,1
89305,2007-02-20 17:50:54,121.467300,31.139800,  0,135,1
89305,2007-02-20 17:51:55,121.467300,31.139800,  0,135,1
89305,2007-02-20 17:52:56,121.467300,31.139800,  0,135,1
89305,2007-02-20 17:53:57,121.467300,31.139800,  0,135,1
89305,2007-02-20 17:54:58,121.467300,31.139800,  0,135,1
89305,2007-02-20 17:55:58,121.467300,31.139800,  0,135,1
89305,2007-02-20 17:57:00,121.467300,31.139800,  0,135,1
89305,2007-02-20 17:58:01,121.467300,31.139800,  0,135,1
89305,2007-02-20 17:59:02,121.467300,31.139800,  0,135,1
89305,2007-02-20 18:00:03,121.467300,31.139800,  0,135,1
89305,2007-02-20 18:01:03,121.467300,31.139800,  0,135,1
89305,2007-02-20 18:02:05,121.467300,31.139800,  0,135,1
89305,2007-02-20 18:03:06,121.467300,31.139800,  0,135,1
89305,2007-02-20 18:04:07,121.467300,31.139800,  0,135,1
89305,2007-02-20 18:05:08,121.467300,31.139800,  0,135,1
89305,2007-02-20 18:06:08,121.467300,31.139800,  0,135,1
89305,2007-02-20 18:07:10,121.467300,31.139800,  0,135,1
89305,2007-02-20 18:08:11,121.467300,31.139800,  0,135,1
89305,2007-02-20 18:09:12,121.467300,31.139800,  0,135,1
89305,2007-02-20 18:10:13,121.467300,31.139800,  0,135,1
89305,2007-02-20 18:11:13,121.467300,31.139800,  0,135,1
89305,2007-02-20 18:12:15,121.467300,31.139800,  0,135,1
89305,2007-02-20 18:13:16,121.467300,31.139800,  0,135,1
89305,2007-02-20 18:14:17,121.467300,31.139800,  0,135,1
89305,2007-02-20 18:15:18,121.467300,31.139800,  0,135,1
89305,2007-02-20 18:16:18,121.467300,31.139800,  0,135,1
89305,2007-02-20 18:18:21,121.467300,31.139800,  0,135,1
89305,2007-02-20 18:19:22,121.467300,31.139800,  0,135,1
89305,2007-02-20 18:21:23,121.467300,31.139800,  0,135,1
89305,2007-02-20 18:22:25,121.467300,31.139800,  0,135,1
89305,2007-02-20 18:23:26,121.467300,31.139800,  0,135,1
89305,2007-02-20 18:24:27,121.467300,31.139800,  0,135,1
89305,2007-02-20 18:25:28,121.467300,31.139800,  0,135,1
89305,2007-02-20 18:26:28,121.467300,31.139800,  0,135,1
89305,2007-02-20 18:27:30,121.467300,31.139800,  0,135,1
89305,2007-02-20 18:28:31,121.467300,31.139800,  0,135,1
89305,2007-02-20 18:29:32,121.467300,31.139800,  0,135,1
89305,2007-02-20 18:31:33,121.467300,31.139800,  0,135,1
89305,2007-02-20 18:32:35,121.467300,31.139800,  0,135,1
89305,2007-02-20 18:33:36,121.467300,31.139800,  0,135,1
89305,2007-02-20 18:34:37,121.467300,31.139800,  0,135,1
89305,2007-02-20 18:35:38,121.467300,31.139800,  0,135,1
89305,2007-02-20 18:37:40,121.467300,31.139800,  0,135,1
89305,2007-02-20 18:38:41,121.467300,31.139800,  0,135,1
89305,2007-02-20 18:39:42,121.467300,31.139800,  0,135,1
89305,2007-02-20 18:40:43,121.467300,31.139800,  0,135,1
89305,2007-02-20 18:41:43,121.467300,31.139800,  0,135,1
89305,2007-02-20 18:42:45,121.467300,31.139800,  0,135,1
89305,2007-02-20 18:43:46,121.467300,31.139800,  0,135,1
89305,2007-02-20 18:46:48,121.467300,31.139800,  0,135,1
89305,2007-02-20 18:47:50,121.467300,31.139800,  0,135,1
89305,2007-02-20 18:48:51,121.467300,31.139800,  0,135,1
89305,2007-02-20 18:49:52,121.467300,31.139800,  0,135,1
89305,2007-02-20 18:50:53,121.467300,31.139800,  0,135,1
89305,2007-02-20 18:51:53,121.467300,31.139800,  0,135,1
89305,2007-02-20 18:52:55,121.467300,31.139800,  0,135,1
89305,2007-02-20 18:53:56,121.467300,31.139800,  0,135,1
89305,2007-02-20 18:54:57,121.467300,31.139800,  0,135,1
89305,2007-02-20 18:55:58,121.467300,31.139800,  0,135,1
89305,2007-02-20 18:56:58,121.467300,31.139800,  0,135,1
89305,2007-02-20 18:58:00,121.467300,31.139800,  0,135,1
89305,2007-02-20 18:59:01,121.467300,31.139800,  0,135,1
89305,2007-02-20 19:00:02,121.467300,31.139800,  0,135,1
89305,2007-02-20 19:01:03,121.467300,31.139800,  0,135,1
89305,2007-02-20 19:02:03,121.467300,31.139800,  0,135,1
89305,2007-02-20 19:03:05,121.467300,31.139800,  0,135,1
89305,2007-02-20 19:05:07,121.467300,31.139800,  0,135,1
89305,2007-02-20 19:06:08,121.467300,31.139800,  0,135,1
89305,2007-02-20 19:09:11,121.467300,31.139800,  0,135,1
89305,2007-02-20 19:10:12,121.467300,31.139800,  0,135,1
89305,2007-02-20 19:11:13,121.467300,31.139800,  0,135,1
89305,2007-02-20 19:12:13,121.467300,31.139800,  0,135,1
89305,2007-02-20 19:13:15,121.467300,31.139800,  0,135,1
89305,2007-02-20 19:14:16,121.467300,31.139800,  0,135,1
89305,2007-02-20 19:15:17,121.467300,31.139800,  0,135,1
89305,2007-02-20 19:17:18,121.467300,31.139800,  0,135,1
89305,2007-02-20 19:18:40,121.467300,31.139800,  0,135,1
89305,2007-02-20 19:20:42,121.467300,31.139800,  0,135,1
89305,2007-02-20 19:21:43,121.467300,31.139800,  0,135,1
89305,2007-02-20 19:22:43,121.467300,31.139800,  0,135,1
89305,2007-02-20 19:25:47,121.467300,31.139800,  0,135,1
89305,2007-02-20 19:26:48,121.467300,31.139800,  0,135,1
89305,2007-02-20 19:27:48,121.467300,31.139800,  0,135,1
89305,2007-02-20 19:28:50,121.467300,31.139800,  0,135,1
89305,2007-02-20 19:29:51,121.467300,31.139800,  0,135,1
89305,2007-02-20 19:30:52,121.467300,31.139800,  0,135,1
89305,2007-02-20 19:31:53,121.467300,31.139800,  0,135,1
89305,2007-02-20 19:32:53,121.467300,31.139800,  0,135,1
89305,2007-02-20 19:33:55,121.467300,31.139800,  0,135,1
89305,2007-02-20 19:34:56,121.467300,31.139800,  0,135,1
89305,2007-02-20 19:35:57,121.467300,31.139800,  0,135,1
89305,2007-02-20 19:36:58,121.467300,31.139800,  0,135,1
89305,2007-02-20 19:39:00,121.467300,31.139800,  0,135,1
89305,2007-02-20 19:40:01,121.467300,31.139800,  0,135,1
89305,2007-02-20 19:41:02,121.467300,31.139800,  0,135,1
89305,2007-02-20 19:42:03,121.467300,31.139800,  0,135,1
89305,2007-02-20 19:43:03,121.467300,31.139800,  0,135,1
89305,2007-02-20 19:44:05,121.467300,31.139800,  0,135,1
89305,2007-02-20 19:45:06,121.467300,31.139800,  0,135,1
89305,2007-02-20 19:47:08,121.467300,31.139800,  0,135,1
89305,2007-02-20 19:48:08,121.467300,31.139800,  0,135,1
89305,2007-02-20 19:49:10,121.467300,31.139800,  0,135,1
89305,2007-02-20 19:50:11,121.467300,31.139800,  0,135,1
89305,2007-02-20 19:51:12,121.467300,31.139800,  0,135,1
89305,2007-02-20 19:53:13,121.467300,31.139800,  0,135,1
89305,2007-02-20 19:54:15,121.467300,31.139800,  0,135,1
89305,2007-02-20 19:55:16,121.467300,31.139800,  0,135,1
89305,2007-02-20 19:56:17,121.467300,31.139800,  0,135,1
89305,2007-02-20 19:57:18,121.467300,31.139800,  0,135,1
89305,2007-02-20 19:58:18,121.467300,31.139800,  0,135,1
89305,2007-02-20 19:59:20,121.467300,31.139800,  0,135,1
89305,2007-02-20 20:00:21,121.467300,31.139800,  0,135,1
89305,2007-02-20 20:01:22,121.467300,31.139800,  0,135,1
89305,2007-02-20 20:02:23,121.467300,31.139800,  0,135,1
89305,2007-02-20 20:03:23,121.467300,31.139800,  0,135,1
89305,2007-02-20 20:04:25,121.467300,31.139800,  0,135,1
89305,2007-02-20 20:05:26,121.467300,31.139800,  0,135,1
89305,2007-02-20 20:06:27,121.467300,31.139800,  8,  0,1
89305,2007-02-20 20:07:28,121.469600,31.139600, 32, 90,1
89305,2007-02-20 20:08:28,121.470800,31.134100, 40, 90,1
89305,2007-02-20 20:09:30,121.473600,31.132000, 44, 45,1
89305,2007-02-20 20:10:31,121.483000,31.132800, 54, 45,1
89305,2007-02-20 20:11:32,121.490500,31.134500, 66,157,1
89305,2007-02-20 20:12:33,121.490500,31.138500, 46, 22,1
89305,2007-02-20 20:14:35,121.493000,31.134500, 64,135,1
89305,2007-02-20 20:15:36,121.481100,31.133000, 68,135,1
89305,2007-02-20 20:16:37,121.467800,31.130600, 82,112,1
89305,2007-02-20 20:17:38,121.455000,31.126300, 90,135,1
89305,2007-02-20 20:18:38,121.441600,31.125100, 68,135,1
89305,2007-02-20 20:19:40,121.430500,31.123600, 52,135,1
89305,2007-02-20 20:20:41,121.421800,31.122600, 34,135,1
89305,2007-02-20 20:22:22,121.416600,31.123500, 40,112,1
89305,2007-02-20 20:23:23,121.409600,31.121000, 60,135,1
89305,2007-02-20 20:24:23,121.402500,31.120600,  0,135,1
89305,2007-02-20 20:25:25,121.402100,31.116100, 26,112,1
89305,2007-02-20 20:26:26,121.397800,31.113300, 10, 67,1
89305,2007-02-20 20:27:27,121.398000,31.113100,  0, 22,1
89305,2007-02-20 20:28:28,121.398000,31.113300,  4,157,1
89305,2007-02-20 20:29:28,121.398000,31.113300,  0,157,1
89305,2007-02-20 20:30:30,121.397600,31.113100,  0,112,1
89305,2007-02-20 20:31:31,121.397500,31.113100,  0,112,1
89305,2007-02-20 20:32:32,121.397500,31.113100,  0,112,1
89305,2007-02-20 20:33:33,121.397500,31.113100,  0,112,1
89305,2007-02-20 20:34:33,121.397500,31.113100,  0,112,1
89305,2007-02-20 20:35:35,121.397500,31.113100,  0,112,1
89305,2007-02-20 20:37:37,121.397500,31.113100,  0,112,1
89305,2007-02-20 20:38:38,121.397500,31.113100,  0,112,1
89305,2007-02-20 20:39:38,121.397500,31.113100,  0,112,1
89305,2007-02-20 20:40:40,121.397500,31.113100,  0,112,1
89305,2007-02-20 20:41:41,121.397500,31.113100,  0,112,1
89305,2007-02-20 20:42:42,121.397500,31.113100,  0,112,1
89305,2007-02-20 20:43:43,121.397500,31.113100,  0,112,1
89305,2007-02-20 20:44:43,121.397500,31.113100,  0,112,1
89305,2007-02-20 20:45:45,121.397500,31.113100,  0,112,1
89305,2007-02-20 20:46:46,121.397500,31.113100,  0,112,1
89305,2007-02-20 20:47:47,121.397500,31.113100,  0,112,1
89305,2007-02-20 20:48:48,121.397500,31.113100,  0,112,1
89305,2007-02-20 20:49:48,121.397500,31.113100,  0,112,1
89305,2007-02-20 20:50:50,121.397500,31.113100,  0,112,1
89305,2007-02-20 20:51:51,121.397500,31.113100,  0,112,1
89305,2007-02-20 20:52:52,121.397500,31.113100,  0,112,1
89305,2007-02-20 20:53:53,121.397500,31.113100,  0,112,1
89305,2007-02-20 20:54:53,121.397500,31.113100,  0,112,1
89305,2007-02-20 20:55:55,121.397500,31.113100,  0,112,1
89305,2007-02-20 20:56:56,121.397500,31.113100,  0,112,1
89305,2007-02-20 20:57:57,121.397500,31.113100,  0,112,1
89305,2007-02-20 20:58:58,121.397500,31.113100,  0,112,1
89305,2007-02-20 20:59:58,121.397500,31.113100,  0,112,1
89305,2007-02-20 21:01:00,121.397500,31.113100,  0,112,1
89305,2007-02-20 21:03:02,121.397500,31.113100,  0,112,1
89305,2007-02-20 21:04:03,121.397500,31.113100,  0,112,1
89305,2007-02-20 21:05:03,121.397500,31.113100,  0,112,1
89305,2007-02-20 21:06:05,121.397500,31.113100,  0,112,1
89305,2007-02-20 21:07:06,121.397500,31.113100,  0,112,1
89305,2007-02-20 21:08:07,121.397500,31.113100,  0,112,1
89305,2007-02-20 21:09:08,121.397500,31.113100,  0,112,1
89305,2007-02-20 21:11:10,121.397500,31.113100,  0,112,1
89305,2007-02-20 21:12:11,121.397500,31.113100,  0,112,1
89305,2007-02-20 21:13:12,121.397500,31.113100,  0,112,1
89305,2007-02-20 21:15:13,121.397500,31.113100,  0,112,1
89305,2007-02-20 21:16:15,121.397500,31.113100,  0,112,1
89305,2007-02-20 21:17:16,121.397500,31.113100,  0,112,1
89305,2007-02-20 21:18:17,121.397500,31.113100,  0,112,1
89305,2007-02-20 21:19:18,121.397500,31.113100,  0,112,1
89305,2007-02-20 21:20:18,121.397500,31.113100,  0,112,1
89305,2007-02-20 21:21:20,121.397500,31.113100,  0,112,1
89305,2007-02-20 21:22:21,121.397500,31.113100,  0,112,1
89305,2007-02-20 21:23:22,121.397500,31.113100,  0,112,1
89305,2007-02-20 21:24:23,121.397500,31.113100,  0,112,1
89305,2007-02-20 21:25:23,121.397500,31.113100,  0,112,1
89305,2007-02-20 21:26:25,121.397500,31.113100,  0,112,1
89305,2007-02-20 21:27:26,121.397500,31.113100,  0,112,1
89305,2007-02-20 21:28:27,121.397500,31.113100,  0,112,1
89305,2007-02-20 21:29:28,121.397500,31.113100,  0,112,1
89305,2007-02-20 21:30:28,121.397500,31.113100,  0,112,1
89305,2007-02-20 21:31:30,121.397500,31.113100,  0,112,1
89305,2007-02-20 21:32:31,121.397500,31.113100,  0,112,1
89305,2007-02-20 21:34:33,121.397500,31.113100,  0,112,1
89305,2007-02-20 21:35:33,121.397500,31.113100,  0,112,1
89305,2007-02-20 21:36:35,121.397500,31.113100,  0,112,1
89305,2007-02-20 21:37:36,121.397500,31.113100,  0,112,1
89305,2007-02-20 21:38:37,121.397500,31.113100,  0,112,1
89305,2007-02-20 21:39:38,121.397500,31.113100,  0,112,1
89305,2007-02-20 21:40:38,121.397500,31.113100,  0,112,1
89305,2007-02-20 21:42:41,121.397500,31.113100,  0,112,1
89305,2007-02-20 21:43:42,121.397500,31.113100,  0,112,1
89305,2007-02-20 21:44:43,121.397500,31.113100,  0,112,1
89305,2007-02-20 21:45:43,121.397500,31.113100,  0,112,1
89305,2007-02-20 21:48:47,121.397500,31.113100,  0,112,1
89305,2007-02-20 21:49:48,121.397500,31.113100,  0,112,1
89305,2007-02-20 21:50:48,121.397500,31.113100,  0,112,1
89305,2007-02-20 21:53:52,121.397500,31.113100,  0,112,1
89305,2007-02-20 21:54:53,121.397500,31.113100,  0,112,1
89305,2007-02-20 21:55:53,121.397500,31.113100,  0,112,1
89305,2007-02-20 21:56:55,121.397500,31.113100,  0,112,1
89305,2007-02-20 21:57:56,121.397500,31.113100,  0,112,1
89305,2007-02-20 21:58:57,121.397500,31.113100,  0,112,1
89305,2007-02-20 21:59:58,121.397500,31.113100,  0,112,1
89305,2007-02-20 22:00:58,121.397500,31.113100,  0,112,1
89305,2007-02-20 22:02:00,121.397500,31.113100,  0,112,1
89305,2007-02-20 22:03:01,121.397500,31.113100,  0,112,1
89305,2007-02-20 22:04:02,121.397500,31.113100,  0,112,1
89305,2007-02-20 22:05:03,121.397500,31.113100,  0,112,1
89305,2007-02-20 22:06:03,121.397500,31.113100,  0,112,1
89305,2007-02-20 22:07:05,121.397500,31.113100,  0,112,1
89305,2007-02-20 22:08:06,121.397500,31.113100,  0,112,1
89305,2007-02-20 22:09:07,121.397500,31.113100,  0,112,1
89305,2007-02-20 22:11:07,121.397500,31.113100,  0,112,1
89305,2007-02-20 22:12:08,121.397500,31.113100,  0,112,1
89305,2007-02-20 22:13:09,121.397500,31.113100,  0,112,1
89305,2007-02-20 22:14:10,121.397500,31.113100,  0,112,1
89305,2007-02-20 22:15:11,121.397500,31.113100,  0,112,1
89305,2007-02-20 22:16:12,121.397500,31.113100,  0,112,1
89305,2007-02-20 22:17:13,121.397500,31.113100,  0,112,1
89305,2007-02-20 22:18:14,121.397500,31.113100,  0,112,1
89305,2007-02-20 22:20:16,121.397500,31.113100,  0,112,1
89305,2007-02-20 22:21:17,121.397500,31.113100,  0,112,1
89305,2007-02-20 22:22:18,121.397500,31.113100,  0,112,1
89305,2007-02-20 22:23:18,121.397500,31.113000,  0,112,1
89305,2007-02-20 22:24:19,121.397500,31.113000,  0,112,1
89305,2007-02-20 22:25:20,121.397500,31.113000,  0,112,1
89305,2007-02-20 22:26:21,121.397500,31.113000,  0,112,1
89305,2007-02-20 22:27:22,121.397500,31.113000,  0,112,1
89305,2007-02-20 22:28:23,121.397500,31.113000,  0,112,1
89305,2007-02-20 22:30:25,121.397500,31.113000,  0,112,1
89305,2007-02-20 22:31:26,121.397500,31.113000,  0,112,1
89305,2007-02-20 22:32:27,121.397500,31.113000,  0,112,1
89305,2007-02-20 22:33:28,121.397500,31.113000,  0,112,1
89305,2007-02-20 22:34:29,121.397500,31.113000,  0,112,1
89305,2007-02-20 22:35:30,121.397500,31.113000,  0,112,1
89305,2007-02-20 22:36:31,121.397500,31.113000,  0,112,1
89305,2007-02-20 22:37:32,121.397500,31.113000,  0,112,1
89305,2007-02-20 22:38:33,121.397500,31.113000,  0,112,1
89305,2007-02-20 22:39:34,121.397500,31.113000,  0,112,1
89305,2007-02-20 22:40:35,121.397500,31.113000,  0,112,1
89305,2007-02-20 22:41:36,121.397500,31.113000,  0,112,1
89305,2007-02-20 22:42:37,121.397500,31.113000,  0,112,1
89305,2007-02-20 22:43:38,121.397500,31.113000,  0,112,1
89305,2007-02-20 22:44:39,121.397500,31.113000,  0,112,1
89305,2007-02-20 22:45:40,121.397500,31.113000,  0,112,1
89305,2007-02-20 22:46:41,121.397500,31.113000,  0,112,1
89305,2007-02-20 22:47:42,121.397500,31.113000,  0,112,1
89305,2007-02-20 22:48:43,121.397500,31.113000,  0,112,1
89305,2007-02-20 22:49:44,121.397500,31.113000,  0,112,1
89305,2007-02-20 22:51:46,121.397500,31.113000,  0,112,1
89305,2007-02-20 22:52:47,121.397500,31.113000,  0,112,1
89305,2007-02-20 22:53:48,121.397500,31.113000,  0,112,1
89305,2007-02-20 22:54:49,121.397500,31.113000,  0,112,1
89305,2007-02-20 22:55:50,121.397500,31.113000,  0,112,1
89305,2007-02-20 22:56:51,121.397500,31.113000,  0,112,1
89305,2007-02-20 22:57:52,121.397500,31.113000,  0,112,1
89305,2007-02-20 22:58:53,121.397500,31.113000,  0,112,1
89305,2007-02-20 22:59:54,121.397500,31.113000,  0,112,1
89305,2007-02-20 23:00:55,121.397500,31.113000,  0,112,1
89305,2007-02-20 23:01:56,121.397500,31.113000,  0,112,1
89305,2007-02-20 23:02:57,121.397500,31.113000,  0,112,1
89305,2007-02-20 23:03:58,121.397500,31.113000,  0,112,1
89305,2007-02-20 23:04:59,121.397500,31.113000,  0,112,1
89305,2007-02-20 23:06:00,121.397500,31.113000,  0,112,1
89305,2007-02-20 23:07:01,121.397500,31.113000,  0,112,1
89305,2007-02-20 23:08:02,121.397500,31.113000,  0,112,1
89305,2007-02-20 23:09:03,121.397500,31.113000,  0,112,1
89305,2007-02-20 23:10:04,121.397500,31.113000,  0,112,1
89305,2007-02-20 23:11:05,121.397500,31.113000,  0,112,1
89305,2007-02-20 23:12:06,121.397500,31.113000,  0,112,1
89305,2007-02-20 23:13:07,121.397500,31.113000,  0,112,1
89305,2007-02-20 23:14:08,121.397500,31.113000,  0,112,1
89305,2007-02-20 23:15:09,121.397500,31.113000,  0,112,1
89305,2007-02-20 23:16:10,121.397500,31.113000,  0,112,1
89305,2007-02-20 23:17:11,121.397500,31.113000,  0,112,1
89305,2007-02-20 23:18:12,121.397500,31.113000,  0,112,1
89305,2007-02-20 23:19:13,121.397300,31.113000,  0,112,1
89305,2007-02-20 23:20:14,121.397300,31.113000,  0,112,1
89305,2007-02-20 23:21:15,121.397300,31.113000,  0,112,1
89305,2007-02-20 23:22:16,121.397300,31.113000,  0,112,1
89305,2007-02-20 23:23:17,121.397300,31.113000,  0,112,1
89305,2007-02-20 23:24:18,121.397300,31.113000,  0,112,1
89305,2007-02-20 23:25:19,121.397300,31.113000,  0,112,1
89305,2007-02-20 23:26:20,121.397300,31.113000,  0,112,1
89305,2007-02-20 23:27:21,121.397300,31.113000,  0,112,1
89305,2007-02-20 23:28:22,121.397300,31.113000,  0,112,1
89305,2007-02-20 23:29:23,121.397300,31.113000,  0,112,1
89305,2007-02-20 23:30:24,121.397300,31.113000,  0,112,1
89305,2007-02-20 23:31:25,121.397300,31.113000,  0,112,1
89305,2007-02-20 23:32:26,121.397300,31.113000,  0,112,1
89305,2007-02-20 23:33:27,121.397300,31.113000,  0,112,1
89305,2007-02-20 23:34:28,121.397300,31.113000,  0,112,1
89305,2007-02-20 23:35:29,121.397300,31.113000,  0,112,1
89305,2007-02-20 23:36:30,121.397300,31.113000,  0,112,1
89305,2007-02-20 23:37:31,121.397300,31.113000,  0,112,1
89305,2007-02-20 23:38:32,121.397300,31.113000,  0,112,1
89305,2007-02-20 23:39:33,121.397300,31.113000,  0,112,1
89305,2007-02-20 23:40:34,121.397300,31.113000,  0,112,1
89305,2007-02-20 23:42:36,121.397300,31.113000,  0,112,1
89305,2007-02-20 23:43:37,121.397300,31.113000,  0,112,1
89305,2007-02-20 23:44:38,121.397300,31.113000,  0,112,1
89305,2007-02-20 23:45:39,121.397300,31.113000,  0,112,1
89305,2007-02-20 23:46:40,121.397300,31.113000,  0,112,1
89305,2007-02-20 23:47:41,121.397300,31.113000,  0,112,1
89305,2007-02-20 23:50:15,121.397300,31.113000,  0,112,1
89305,2007-02-20 23:51:16,121.397500,31.113000,  0,112,1
89305,2007-02-20 23:52:17,121.397500,31.113000,  0,112,1
89305,2007-02-20 23:53:18,121.397500,31.113000,  0,112,1
89305,2007-02-20 23:54:19,121.397500,31.113000,  0,112,1
89305,2007-02-20 23:55:20,121.397500,31.113000,  0,112,1
89305,2007-02-20 23:56:21,121.397500,31.113000,  0,112,1
89305,2007-02-20 23:57:22,121.397500,31.113000,  0,112,1
89305,2007-02-20 23:58:23,121.397500,31.113000,  0,112,1
89305,2007-02-20 23:59:24,121.397500,31.113000,  0,112,1
