84512,2007-02-20 00:00:14,121.457300,31.200800, 46,  0,0
84512,2007-02-20 00:00:30,121.456800,31.202600, 50,  0,0
84512,2007-02-20 00:00:46,121.456300,31.204500, 32,  0,0
84512,2007-02-20 00:01:02,121.458000,31.204800, 48, 45,0
84512,2007-02-20 00:01:18,121.460300,31.205300, 58, 22,0
84512,2007-02-20 00:01:34,121.462000,31.206000,  4, 22,0
84512,2007-02-20 00:02:16,121.463000,31.206600, 48, 22,0
84512,2007-02-20 00:02:32,121.465100,31.207300, 48, 45,0
84512,2007-02-20 00:02:48,121.466300,31.207300, 36, 45,0
84512,2007-02-20 00:03:49,121.466500,31.207100,  0,  0,0
84512,2007-02-20 00:04:50,121.466500,31.207100,  0,  0,0
84512,2007-02-20 00:05:51,121.466600,31.207300,  0, 22,0
84512,2007-02-20 00:06:52,121.466600,31.207500,  0, 22,0
84512,2007-02-20 00:07:53,121.466600,31.207300,  0,112,0
84512,2007-02-20 00:08:54,121.466500,31.207000,  0,112,0
84512,2007-02-20 00:09:55,121.466600,31.207300,  0,112,0
84512,2007-02-20 00:10:56,121.466600,31.207300,  0,112,0
84512,2007-02-20 00:11:57,121.466600,31.207300,  0,112,0
84512,2007-02-20 00:12:58,121.466600,31.207300,  0,112,0
84512,2007-02-20 00:13:59,121.466600,31.207300,  0,112,0
84512,2007-02-20 00:15:00,121.466600,31.207300,  0,112,0
84512,2007-02-20 00:16:01,121.466600,31.207300,  0,112,0
84512,2007-02-20 00:17:02,121.466500,31.207100,  2, 22,0
84512,2007-02-20 00:17:26,121.467100,31.208600, 32,  0,0
84512,2007-02-20 00:17:42,121.467800,31.209800, 32, 22,0
84512,2007-02-20 00:17:58,121.468600,31.209500, 32, 90,0
84512,2007-02-20 00:18:14,121.469100,31.208100, 34, 90,0
84512,2007-02-20 00:18:30,121.469500,31.207000, 30, 90,0
84512,2007-02-20 00:19:31,121.469600,31.206600,  0, 90,0
84512,2007-02-20 00:20:32,121.469600,31.206600,  0, 90,0
84512,2007-02-20 00:21:03,121.472300,31.209800, 34,  0,0
84512,2007-02-20 00:21:43,121.472600,31.210800,  8, 22,0
84512,2007-02-20 00:22:06,121.471300,31.211600, 20,157,0
84512,2007-02-20 00:22:25,121.472000,31.210600, 22,  0,0
84512,2007-02-20 00:22:42,121.472600,31.211300, 42, 22,0
84512,2007-02-20 00:22:58,121.474300,31.211500, 18, 45,0
84512,2007-02-20 00:23:25,121.475500,31.212000, 34, 22,0
84512,2007-02-20 00:23:41,121.477300,31.213000, 48, 45,0
84512,2007-02-20 00:23:57,121.479800,31.213300, 58, 45,0
84512,2007-02-20 00:24:13,121.481300,31.213500, 16, 45,0
84512,2007-02-20 00:24:29,121.482600,31.213600, 44, 45,0
84512,2007-02-20 00:24:45,121.484800,31.214000, 50, 45,0
84512,2007-02-20 00:25:01,121.487100,31.214300, 48, 45,0
84512,2007-02-20 00:25:17,121.488300,31.214300,  0, 45,0
84512,2007-02-20 00:26:17,121.489600,31.214500, 42, 45,0
84512,2007-02-20 00:26:33,121.491300,31.214600, 34, 45,0
84512,2007-02-20 00:26:49,121.493000,31.214000, 48, 67,0
84512,2007-02-20 00:27:05,121.493600,31.213100,  0, 67,0
84512,2007-02-20 00:28:06,121.493600,31.213300,  0, 67,0
84512,2007-02-20 00:29:07,121.493600,31.213300,  0, 67,0
84512,2007-02-20 00:29:40,121.493800,31.213100, 16, 45,1
84512,2007-02-20 00:30:40,121.495300,31.213000,  0, 45,1
84512,2007-02-20 00:31:41,121.492100,31.215100, 46,135,1
84512,2007-02-20 00:32:42,121.488600,31.214800, 30,  0,1
84512,2007-02-20 00:33:43,121.486500,31.221600, 52,157,1
84512,2007-02-20 00:34:44,121.484800,31.224800, 52,157,1
84512,2007-02-20 00:35:45,121.482300,31.230500, 22,  0,1
84512,2007-02-20 00:37:48,121.480800,31.237800, 50,  0,1
84512,2007-02-20 00:38:48,121.478600,31.243600, 32,  0,1
84512,2007-02-20 00:39:49,121.477100,31.248500,  0,  0,1
84512,2007-02-20 00:40:51,121.477000,31.248800, 26,157,1
84512,2007-02-20 00:41:51,121.474800,31.249000, 38,112,1
84512,2007-02-20 00:42:53,121.466600,31.247000, 18,157,1
84512,2007-02-20 00:43:53,121.464600,31.253100, 58,  0,1
84512,2007-02-20 00:44:55,121.461300,31.255800, 52,135,1
84512,2007-02-20 00:45:08,121.460000,31.255500,  6,135,0
84512,2007-02-20 00:46:25,121.459600,31.255500,  8,135,0
84512,2007-02-20 00:47:26,121.459500,31.255500,  0,135,0
84512,2007-02-20 00:48:21,121.459300,31.255500, 14,135,1
84512,2007-02-20 00:49:22,121.458500,31.253300, 46, 90,1
84512,2007-02-20 00:50:23,121.457500,31.246500, 58, 90,1
84512,2007-02-20 00:51:23,121.460500,31.238300, 58, 67,1
84512,2007-02-20 00:52:25,121.462500,31.229600, 64, 90,1
84512,2007-02-20 00:53:26,121.467000,31.221000, 82, 90,1
84512,2007-02-20 00:54:27,121.468300,31.210600, 84, 90,1
84512,2007-02-20 00:55:28,121.472000,31.200500, 60, 90,1
84512,2007-02-20 00:56:28,121.478300,31.200800, 58, 45,1
84512,2007-02-20 00:58:31,121.487100,31.200600,  0, 22,1
84512,2007-02-20 00:58:45,121.487300,31.200600,  0, 45,0
84512,2007-02-20 00:59:46,121.487300,31.200600,  0, 45,0
84512,2007-02-20 01:00:43,121.487100,31.200800, 10,135,0
84512,2007-02-20 01:00:59,121.486500,31.201500, 38,157,0
84512,2007-02-20 01:01:15,121.485600,31.203000, 30,157,0
84512,2007-02-20 01:01:43,121.485800,31.203600, 28, 22,0
84512,2007-02-20 01:01:58,121.486800,31.204100, 28, 22,0
84512,2007-02-20 01:02:14,121.488100,31.205300, 46, 22,0
84512,2007-02-20 01:03:03,121.492600,31.208800, 48, 22,0
84512,2007-02-20 01:03:18,121.494000,31.210000, 48, 22,0
84512,2007-02-20 01:03:35,121.496000,31.210800, 48, 22,0
84512,2007-02-20 01:04:25,121.496800,31.211300,  4, 22,0
84512,2007-02-20 01:04:45,121.496500,31.212500, 40,157,0
84512,2007-02-20 01:05:01,121.495300,31.213500, 34,135,0
84512,2007-02-20 01:05:16,121.493600,31.213800, 42,157,0
84512,2007-02-20 01:05:33,121.492500,31.214800, 40,157,0
84512,2007-02-20 01:06:33,121.491300,31.215000,  0,135,0
84512,2007-02-20 01:07:08,121.492500,31.214600, 42, 67,0
84512,2007-02-20 01:07:23,121.493500,31.213500, 32, 67,0
84512,2007-02-20 01:08:23,121.494300,31.213100, 36, 45,0
84512,2007-02-20 01:08:39,121.495800,31.212600, 42, 67,0
84512,2007-02-20 01:08:55,121.496600,31.211500, 26, 90,0
84512,2007-02-20 01:09:12,121.495300,31.210100, 44,112,0
84512,2007-02-20 01:09:27,121.494000,31.209300, 50,112,0
84512,2007-02-20 01:09:43,121.492000,31.208300, 60,112,0
84512,2007-02-20 01:09:59,121.489800,31.206800, 62,112,0
84512,2007-02-20 01:10:15,121.487800,31.205300, 64,112,0
84512,2007-02-20 01:10:31,121.485800,31.203800, 62,112,0
84512,2007-02-20 01:10:47,121.483300,31.202800, 64,135,0
84512,2007-02-20 01:11:50,121.472800,31.199600, 42,135,0
84512,2007-02-20 01:12:06,121.472100,31.198600, 50, 67,0
84512,2007-02-20 01:12:22,121.473800,31.197000, 56, 67,0
84512,2007-02-20 01:12:54,121.475500,31.192800, 62, 90,0
84512,2007-02-20 01:13:10,121.476300,31.190600, 62, 90,0
84512,2007-02-20 01:13:26,121.477300,31.188300, 62, 90,0
84512,2007-02-20 01:13:58,121.479100,31.183800, 64, 90,0
84512,2007-02-20 01:14:14,121.480000,31.181600, 62, 90,0
84512,2007-02-20 01:14:30,121.479100,31.179300, 70,112,0
84512,2007-02-20 01:14:46,121.477000,31.178000, 58,112,0
84512,2007-02-20 01:15:02,121.475000,31.177000, 52,112,0
84512,2007-02-20 01:15:18,121.473600,31.175600, 48, 90,0
84512,2007-02-20 01:15:34,121.473300,31.173800, 50, 90,0
84512,2007-02-20 01:16:06,121.475000,31.169800, 58, 90,0
84512,2007-02-20 01:16:22,121.475800,31.167500, 64, 90,0
84512,2007-02-20 01:16:38,121.476800,31.165100, 66, 90,0
84512,2007-02-20 01:16:54,121.477600,31.162800, 68, 90,0
84512,2007-02-20 01:17:10,121.478600,31.160600, 58, 90,0
84512,2007-02-20 01:17:26,121.479300,31.158600, 44, 90,0
84512,2007-02-20 01:18:27,121.479500,31.158300,  0, 67,0
84512,2007-02-20 01:19:13,121.480300,31.158100, 16, 90,0
84512,2007-02-20 01:21:15,121.480100,31.157800,  4,135,0
84512,2007-02-20 01:21:51,121.481000,31.158800, 36, 22,0
84512,2007-02-20 01:22:07,121.482500,31.159500, 38, 22,0
84512,2007-02-20 01:22:23,121.484300,31.160300, 48, 22,0
84512,2007-02-20 01:22:39,121.486000,31.161000, 28, 45,0
84512,2007-02-20 01:22:55,121.486100,31.159600, 40, 90,0
84512,2007-02-20 01:23:11,121.486100,31.158300, 46, 90,0
84512,2007-02-20 01:23:27,121.486300,31.156500, 44, 90,0
84512,2007-02-20 01:23:47,121.487300,31.156100, 40, 45,0
84512,2007-02-20 01:24:03,121.488300,31.156600, 16,157,0
84512,2007-02-20 01:24:19,121.488100,31.157800, 26,  0,0
84512,2007-02-20 01:24:39,121.487300,31.158000, 14,112,0
84512,2007-02-20 01:26:41,121.487300,31.157800,  0,157,0
84512,2007-02-20 01:27:42,121.487300,31.157800,  0,157,0
84512,2007-02-20 01:28:43,121.487300,31.157800,  0,157,0
84512,2007-02-20 01:29:44,121.487300,31.157800,  0,157,0
84512,2007-02-20 01:30:45,121.487300,31.157800,  0,157,0
84512,2007-02-20 01:32:47,121.487300,31.157800,  0,157,0
84512,2007-02-20 01:33:48,121.487500,31.157800,  0,157,0
84512,2007-02-20 01:35:50,121.487500,31.157800,  0,157,0
84512,2007-02-20 01:36:51,121.487500,31.157800,  0,157,0
84512,2007-02-20 01:37:52,121.487500,31.157800,  0,157,0
84512,2007-02-20 01:38:53,121.487500,31.157800,  0,157,0
84512,2007-02-20 01:39:54,121.487500,31.157800,  0,157,0
84512,2007-02-20 01:40:55,121.487500,31.157800,  0,157,0
84512,2007-02-20 01:41:56,121.487500,31.157800,  0,157,0
84512,2007-02-20 01:42:57,121.487500,31.157800,  0,157,0
84512,2007-02-20 01:43:58,121.487500,31.157800,  0,157,0
84512,2007-02-20 01:44:59,121.487500,31.157800,  0,157,0
84512,2007-02-20 01:46:00,121.487500,31.157800,  0,157,0
84512,2007-02-20 01:47:01,121.487500,31.157800,  0,157,0
84512,2007-02-20 01:49:03,121.487500,31.157800,  0,157,0
84512,2007-02-20 01:50:04,121.487500,31.157800,  0,157,0
84512,2007-02-20 01:51:05,121.487500,31.157800,  0,157,0
84512,2007-02-20 01:52:06,121.487500,31.157800,  0,157,0
84512,2007-02-20 01:53:07,121.487500,31.157800,  0,157,0
84512,2007-02-20 01:54:08,121.487500,31.158000,  0,157,0
84512,2007-02-20 01:55:09,121.487500,31.158000,  0,157,0
84512,2007-02-20 01:56:10,121.487500,31.158000,  0,157,0
84512,2007-02-20 01:57:11,121.487500,31.158000,  0,157,0
84512,2007-02-20 01:58:12,121.487500,31.158000,  0,157,0
84512,2007-02-20 02:00:14,121.487500,31.158000,  0,157,0
84512,2007-02-20 02:01:15,121.487500,31.158000,  0,157,0
84512,2007-02-20 02:02:16,121.487500,31.158000,  0,157,0
84512,2007-02-20 02:03:17,121.487500,31.158000,  0,157,0
84512,2007-02-20 02:04:18,121.487500,31.158000,  0,157,0
84512,2007-02-20 02:05:19,121.487500,31.158000,  0,157,0
84512,2007-02-20 02:07:21,121.487500,31.158000,  0,157,0
84512,2007-02-20 02:08:22,121.487500,31.158000,  0,157,0
84512,2007-02-20 02:09:23,121.487500,31.158000,  0,157,0
84512,2007-02-20 02:11:25,121.487100,31.157800,  0,112,0
84512,2007-02-20 02:12:26,121.487100,31.157800,  0,112,0
84512,2007-02-20 02:14:28,121.487100,31.157800,  0,112,0
84512,2007-02-20 02:15:29,121.487100,31.157800,  0,112,0
84512,2007-02-20 02:16:30,121.487100,31.157800,  0,112,0
84512,2007-02-20 02:18:32,121.487300,31.157800,  0,112,0
84512,2007-02-20 02:19:33,121.487300,31.157800,  0,112,0
84512,2007-02-20 02:20:34,121.487300,31.157800,  0,112,0
84512,2007-02-20 02:21:35,121.487300,31.157800,  0,112,0
84512,2007-02-20 02:22:36,121.487300,31.157800,  0,112,0
84512,2007-02-20 02:23:37,121.487300,31.157800,  0,112,0
84512,2007-02-20 02:24:38,121.487300,31.157800,  0,112,0
84512,2007-02-20 02:25:39,121.487300,31.157800,  0,112,0
84512,2007-02-20 02:26:40,121.487300,31.157800,  0,112,0
84512,2007-02-20 02:27:41,121.487300,31.157800,  0,112,0
84512,2007-02-20 02:28:42,121.487500,31.157800,  0,112,0
84512,2007-02-20 02:29:43,121.487500,31.157800,  0,112,0
84512,2007-02-20 02:30:44,121.487500,31.157800,  0,112,0
84512,2007-02-20 02:31:45,121.487500,31.157800,  0,112,0
84512,2007-02-20 02:32:46,121.487500,31.157800,  0,112,0
84512,2007-02-20 02:33:47,121.487500,31.157800,  0,112,0
84512,2007-02-20 02:34:48,121.487500,31.157600,  0,112,0
84512,2007-02-20 02:35:49,121.487600,31.157600,  0,112,0
84512,2007-02-20 02:36:50,121.487500,31.157800,  0, 45,0
84512,2007-02-20 02:37:51,121.487500,31.157800,  0, 45,0
84512,2007-02-20 02:38:52,121.487500,31.157800,  0, 45,0
84512,2007-02-20 02:39:53,121.487500,31.157800,  0, 45,0
84512,2007-02-20 02:40:54,121.487500,31.157800,  0, 45,0
84512,2007-02-20 02:41:55,121.487300,31.158000,  0, 45,0
84512,2007-02-20 02:42:56,121.487300,31.158000,  0, 45,0
84512,2007-02-20 02:43:57,121.487300,31.158000,  0, 45,0
84512,2007-02-20 02:45:59,121.487300,31.158000,  0, 45,0
84512,2007-02-20 02:47:00,121.487300,31.158000,  0, 45,0
84512,2007-02-20 02:48:01,121.487300,31.158000,  0, 45,0
84512,2007-02-20 02:49:02,121.487300,31.158000,  0, 45,0
84512,2007-02-20 02:50:03,121.487300,31.158000,  0, 45,0
84512,2007-02-20 02:51:04,121.487300,31.158000,  0, 45,0
84512,2007-02-20 02:52:05,121.487300,31.158000,  0, 45,0
84512,2007-02-20 02:53:06,121.487300,31.158000,  0, 45,0
84512,2007-02-20 02:54:07,121.487300,31.158000,  0, 45,0
84512,2007-02-20 02:55:08,121.487300,31.158000,  0, 45,0
84512,2007-02-20 02:57:10,121.487300,31.158000,  0, 45,0
84512,2007-02-20 02:58:11,121.487300,31.158000,  0, 45,0
84512,2007-02-20 02:59:12,121.487300,31.158000,  0, 45,0
84512,2007-02-20 03:00:13,121.487100,31.158000,  0, 45,0
84512,2007-02-20 03:01:14,121.487100,31.158000,  0, 45,0
84512,2007-02-20 03:02:15,121.487100,31.158000,  0, 45,0
84512,2007-02-20 03:03:16,121.487100,31.158000,  0, 45,0
84512,2007-02-20 03:04:17,121.487100,31.158000,  0, 45,0
84512,2007-02-20 03:06:19,121.487100,31.158000,  0, 45,0
84512,2007-02-20 03:07:03,121.487100,31.158000,  0, 45,0
84512,2007-02-20 03:08:03,121.487100,31.158000,  0, 45,0
84512,2007-02-20 03:09:04,121.487100,31.158000,  0, 45,0
84512,2007-02-20 03:10:05,121.487100,31.158000,  0, 45,0
84512,2007-02-20 03:11:06,121.487100,31.158000,  0, 45,0
84512,2007-02-20 03:12:07,121.487000,31.158000,  0, 45,0
84512,2007-02-20 03:13:08,121.487000,31.158000,  0, 45,0
84512,2007-02-20 03:14:09,121.487000,31.158000,  0, 45,0
84512,2007-02-20 03:15:10,121.487000,31.158000,  0, 45,0
84512,2007-02-20 03:16:11,121.487000,31.158000,  0, 45,0
84512,2007-02-20 03:17:12,121.487000,31.158000,  0, 45,0
84512,2007-02-20 03:18:13,121.487000,31.158000,  0, 45,0
84512,2007-02-20 03:19:14,121.487300,31.157800,  0, 45,0
84512,2007-02-20 03:20:15,121.487300,31.157800,  0, 45,0
84512,2007-02-20 03:21:16,121.487100,31.158000,  0, 45,0
84512,2007-02-20 03:22:17,121.487100,31.158000,  0, 45,0
84512,2007-02-20 03:23:18,121.487100,31.158000,  0, 45,0
84512,2007-02-20 03:24:19,121.487100,31.158000,  0, 45,0
84512,2007-02-20 03:25:20,121.487100,31.158000,  0, 45,0
84512,2007-02-20 03:26:21,121.487100,31.158000,  0, 45,0
84512,2007-02-20 03:27:22,121.487100,31.158000,  0, 45,0
84512,2007-02-20 03:28:23,121.487100,31.158000,  0, 45,0
84512,2007-02-20 03:29:24,121.487100,31.158000,  0, 45,0
84512,2007-02-20 03:30:25,121.487100,31.158000,  0, 45,0
84512,2007-02-20 03:31:26,121.487100,31.158000,  0, 45,0
84512,2007-02-20 03:33:28,121.487100,31.158000,  0, 45,0
84512,2007-02-20 03:34:29,121.487300,31.157800,  0, 45,0
84512,2007-02-20 03:35:30,121.487300,31.157800,  0, 45,0
84512,2007-02-20 03:36:31,121.487300,31.157800,  0, 45,0
84512,2007-02-20 03:37:32,121.487300,31.157800,  0, 45,0
84512,2007-02-20 03:38:33,121.487300,31.157800,  0, 45,0
84512,2007-02-20 03:39:34,121.487300,31.157800,  0, 45,0
84512,2007-02-20 03:40:35,121.487300,31.157800,  0, 45,0
84512,2007-02-20 03:41:36,121.487300,31.157800,  0, 45,0
84512,2007-02-20 03:42:37,121.487300,31.157800,  0, 45,0
84512,2007-02-20 03:44:39,121.487500,31.157600,  0, 45,0
84512,2007-02-20 03:45:40,121.487500,31.157600,  0, 45,0
84512,2007-02-20 03:46:41,121.487300,31.157800,  0, 45,0
84512,2007-02-20 03:47:42,121.487300,31.157800,  0, 45,0
84512,2007-02-20 03:48:43,121.487300,31.157800,  0, 45,0
84512,2007-02-20 03:49:44,121.487300,31.157800,  0, 45,0
84512,2007-02-20 03:50:45,121.487500,31.157800,  0, 45,0
84512,2007-02-20 03:51:46,121.487500,31.157800,  0, 45,0
84512,2007-02-20 03:52:47,121.487500,31.157800,  0, 45,0
84512,2007-02-20 03:54:49,121.487600,31.157600,  0, 45,0
84512,2007-02-20 03:56:27,121.487600,31.157600,  0,  0,0
84512,2007-02-20 03:57:28,121.487500,31.157600,  0,  0,0
84512,2007-02-20 03:58:29,121.487500,31.157800,  0,  0,0
84512,2007-02-20 03:59:30,121.487500,31.157800,  0,  0,0
84512,2007-02-20 04:00:31,121.487500,31.157800,  0,  0,0
84512,2007-02-20 04:01:32,121.487500,31.157800,  0,  0,0
84512,2007-02-20 04:02:33,121.487500,31.157800,  0,  0,0
84512,2007-02-20 04:03:34,121.487500,31.157800,  0,  0,0
84512,2007-02-20 04:04:35,121.487500,31.157800,  0,  0,0
84512,2007-02-20 04:05:36,121.487500,31.157800,  0,  0,0
84512,2007-02-20 04:06:37,121.487500,31.157800,  0,  0,0
84512,2007-02-20 04:07:38,121.487500,31.157800,  0,  0,0
84512,2007-02-20 04:08:39,121.487500,31.157800,  0,  0,0
84512,2007-02-20 04:09:40,121.487500,31.157800,  0,  0,0
84512,2007-02-20 04:10:41,121.487500,31.157800,  0,  0,0
84512,2007-02-20 04:11:42,121.487500,31.157800,  0,  0,0
84512,2007-02-20 04:12:43,121.487500,31.157800,  0,  0,0
84512,2007-02-20 04:13:44,121.487500,31.157800,  0,  0,0
84512,2007-02-20 04:14:45,121.487500,31.157800,  0,  0,0
84512,2007-02-20 04:15:46,121.487500,31.157800,  0,  0,0
84512,2007-02-20 04:16:47,121.487500,31.157800,  0,  0,0
84512,2007-02-20 04:17:48,121.487500,31.157800,  0,  0,0
84512,2007-02-20 04:18:49,121.487500,31.157800,  0,  0,0
84512,2007-02-20 04:19:50,121.487500,31.157800,  0,  0,0
84512,2007-02-20 04:20:51,121.487500,31.158000,  0,  0,0
84512,2007-02-20 04:21:52,121.487500,31.157800,  0,  0,0
84512,2007-02-20 04:22:53,121.487500,31.157800,  0,  0,0
84512,2007-02-20 04:23:54,121.487500,31.157800,  0,  0,0
84512,2007-02-20 04:24:55,121.487500,31.157800,  0,  0,0
84512,2007-02-20 04:25:56,121.487500,31.157800,  0,  0,0
84512,2007-02-20 04:26:57,121.487500,31.157800,  0,  0,0
84512,2007-02-20 04:27:58,121.487500,31.157800,  0,  0,0
84512,2007-02-20 04:28:59,121.487500,31.157800,  0,  0,0
84512,2007-02-20 04:31:01,121.487500,31.157800,  0,  0,0
84512,2007-02-20 04:32:02,121.487500,31.157800,  0,  0,0
84512,2007-02-20 04:33:03,121.487500,31.157800,  0,  0,0
84512,2007-02-20 04:34:04,121.487500,31.157800,  0,  0,0
84512,2007-02-20 04:35:05,121.487500,31.157800,  0,  0,0
84512,2007-02-20 04:36:06,121.487300,31.157800,  0,  0,0
84512,2007-02-20 04:37:07,121.487300,31.157800,  0,  0,0
84512,2007-02-20 04:38:08,121.487300,31.157800,  0,  0,0
84512,2007-02-20 04:39:09,121.487300,31.157800,  0,  0,0
84512,2007-02-20 04:40:10,121.487300,31.157800,  0,  0,0
84512,2007-02-20 04:41:11,121.487300,31.157800,  0,  0,0
84512,2007-02-20 04:42:12,121.487300,31.157800,  0,  0,0
84512,2007-02-20 04:43:13,121.487300,31.157800,  0,  0,0
84512,2007-02-20 04:44:14,121.487300,31.157800,  0,  0,0
84512,2007-02-20 04:45:15,121.487300,31.157800,  0,  0,0
84512,2007-02-20 04:46:16,121.487300,31.157800,  0,  0,0
84512,2007-02-20 04:47:17,121.487300,31.157800,  0,  0,0
84512,2007-02-20 04:48:18,121.487300,31.157800,  0,  0,0
84512,2007-02-20 04:49:19,121.487300,31.157800,  0,  0,0
84512,2007-02-20 04:51:21,121.487300,31.157800,  0,  0,0
84512,2007-02-20 04:53:23,121.487300,31.157800,  0,  0,0
84512,2007-02-20 04:54:24,121.487300,31.157800,  0,  0,0
84512,2007-02-20 04:55:25,121.487300,31.157800,  0,  0,0
84512,2007-02-20 04:56:26,121.487300,31.157800,  0,  0,0
84512,2007-02-20 04:57:27,121.487300,31.157800,  0,  0,0
84512,2007-02-20 04:58:28,121.487300,31.157800,  0,  0,0
84512,2007-02-20 05:00:30,121.487300,31.157800,  0,  0,0
84512,2007-02-20 05:01:31,121.487500,31.157600,  0,  0,0
84512,2007-02-20 05:02:32,121.487500,31.157600,  0,  0,0
84512,2007-02-20 05:03:33,121.487500,31.157600,  0,  0,0
84512,2007-02-20 05:04:34,121.487500,31.157600,  0,  0,0
84512,2007-02-20 05:05:35,121.487500,31.157600,  0,  0,0
84512,2007-02-20 05:07:37,121.487500,31.157600,  0,  0,0
84512,2007-02-20 05:08:38,121.487500,31.157600,  0,  0,0
84512,2007-02-20 05:09:39,121.487500,31.157600,  0,  0,0
84512,2007-02-20 05:10:40,121.487500,31.157600,  0,  0,0
84512,2007-02-20 05:11:41,121.487500,31.157600,  0,  0,0
84512,2007-02-20 05:12:42,121.487500,31.157600,  0,  0,0
84512,2007-02-20 05:13:43,121.487500,31.157600,  0,  0,0
84512,2007-02-20 05:14:44,121.487500,31.157600,  0,  0,0
84512,2007-02-20 05:15:45,121.487500,31.157600,  0,  0,0
84512,2007-02-20 05:16:46,121.487500,31.157600,  0,  0,0
84512,2007-02-20 05:17:47,121.487500,31.157600,  0,  0,0
84512,2007-02-20 05:18:48,121.487500,31.157600,  0,  0,0
84512,2007-02-20 05:19:49,121.487500,31.157600,  0,  0,0
84512,2007-02-20 05:20:50,121.487500,31.157600,  0,  0,0
84512,2007-02-20 05:21:51,121.487500,31.157600,  0,  0,0
84512,2007-02-20 05:22:52,121.487500,31.157600,  0,  0,0
84512,2007-02-20 05:23:53,121.487500,31.157600,  0,  0,0
84512,2007-02-20 05:24:54,121.487500,31.157600,  0,  0,0
84512,2007-02-20 05:25:55,121.487500,31.157600,  0,  0,0
84512,2007-02-20 05:27:57,121.487500,31.157600,  0,  0,0
84512,2007-02-20 05:28:58,121.487500,31.157600,  0,  0,0
84512,2007-02-20 05:29:59,121.487500,31.157600,  0,  0,0
84512,2007-02-20 05:31:00,121.487500,31.157600,  0,  0,0
84512,2007-02-20 05:32:01,121.487500,31.157600,  0,  0,0
84512,2007-02-20 05:33:02,121.487500,31.157600,  0,  0,0
84512,2007-02-20 05:34:03,121.487500,31.157600,  0,  0,0
84512,2007-02-20 05:35:04,121.487500,31.157600,  0,  0,0
84512,2007-02-20 05:36:05,121.487500,31.157600,  0,  0,0
84512,2007-02-20 05:37:05,121.487500,31.157600,  0,  0,0
84512,2007-02-20 05:38:06,121.487300,31.158000,  0,112,0
84512,2007-02-20 05:39:08,121.487300,31.158000,  0,112,0
84512,2007-02-20 05:41:09,121.487300,31.158000,  0,112,0
84512,2007-02-20 05:42:10,121.487500,31.157800,  0,112,0
84512,2007-02-20 05:43:11,121.487500,31.157800,  0,112,0
84512,2007-02-20 05:44:13,121.487500,31.157800,  0,112,0
84512,2007-02-20 05:45:13,121.487500,31.157800,  0,112,0
84512,2007-02-20 05:46:14,121.487300,31.157800,  0,112,0
84512,2007-02-20 05:47:15,121.487300,31.157800,  0,112,0
84512,2007-02-20 05:48:16,121.487300,31.157800,  0,112,0
84512,2007-02-20 05:49:18,121.487300,31.157800,  0,112,0
84512,2007-02-20 05:50:18,121.487300,31.157800,  0,112,0
84512,2007-02-20 05:51:19,121.487300,31.157800,  0,112,0
84512,2007-02-20 05:52:20,121.487300,31.157800,  0,112,0
84512,2007-02-20 05:53:21,121.487300,31.157800,  0,112,0
84512,2007-02-20 05:55:23,121.487300,31.157800,  0,112,0
84512,2007-02-20 05:56:24,121.487300,31.157800,  0,112,0
84512,2007-02-20 05:57:25,121.487300,31.157800,  0,112,0
84512,2007-02-20 05:58:26,121.487300,31.157800,  0,112,0
84512,2007-02-20 05:59:28,121.487300,31.157800,  0,112,0
84512,2007-02-20 06:00:28,121.487300,31.157800,  0,112,0
84512,2007-02-20 06:01:29,121.487300,31.157800,  0,112,0
84512,2007-02-20 06:02:30,121.487300,31.157800,  0,112,0
84512,2007-02-20 06:03:31,121.487600,31.157600,  0,112,0
84512,2007-02-20 06:04:32,121.487600,31.157600,  0,112,0
84512,2007-02-20 06:05:33,121.487600,31.157600,  0, 45,0
84512,2007-02-20 06:06:34,121.487600,31.157600,  0, 45,0
84512,2007-02-20 06:07:35,121.487600,31.157600,  0, 45,0
84512,2007-02-20 06:08:36,121.487600,31.157600,  0, 45,0
84512,2007-02-20 06:09:38,121.487600,31.157600,  0, 45,0
84512,2007-02-20 06:10:39,121.487100,31.157600,  0, 45,0
84512,2007-02-20 06:11:40,121.487100,31.157800,  0, 45,0
84512,2007-02-20 06:12:41,121.487500,31.157800,  0, 45,0
84512,2007-02-20 06:13:42,121.487100,31.157800,  0, 45,0
84512,2007-02-20 06:14:42,121.487100,31.157800,  0, 45,0
84512,2007-02-20 06:15:44,121.487100,31.157800,  0, 45,0
84512,2007-02-20 06:16:45,121.487300,31.157800,  0, 45,0
84512,2007-02-20 06:17:46,121.487300,31.157800,  0, 45,0
84512,2007-02-20 06:18:47,121.487300,31.157800,  0, 45,0
84512,2007-02-20 06:19:47,121.487300,31.157800,  0, 45,0
84512,2007-02-20 06:20:49,121.487300,31.157800,  0, 45,0
84512,2007-02-20 06:21:50,121.487300,31.157800,  0, 45,0
84512,2007-02-20 06:22:51,121.487300,31.157800,  0, 45,0
84512,2007-02-20 06:23:52,121.487300,31.157800,  0, 45,0
84512,2007-02-20 06:24:52,121.487300,31.157800,  0, 45,0
84512,2007-02-20 06:26:55,121.487600,31.157600,  0, 90,0
84512,2007-02-20 06:27:56,121.487600,31.157600,  0, 90,0
84512,2007-02-20 06:29:58,121.487500,31.157800,  0, 90,0
84512,2007-02-20 06:30:59,121.487300,31.157800,  0, 90,0
84512,2007-02-20 06:32:00,121.487500,31.157800,  0, 90,0
84512,2007-02-20 06:33:01,121.487500,31.157800,  0, 90,0
84512,2007-02-20 06:34:02,121.487300,31.157800,  0, 90,0
84512,2007-02-20 06:35:02,121.487300,31.158000,  0, 90,0
84512,2007-02-20 06:36:04,121.487300,31.157800,  0, 67,0
84512,2007-02-20 06:37:04,121.487100,31.158000,  0, 67,0
84512,2007-02-20 06:38:05,121.487100,31.158000,  0, 67,0
84512,2007-02-20 06:39:06,121.487300,31.157800,  0,135,0
84512,2007-02-20 06:40:06,121.487300,31.157800,  0,135,0
84512,2007-02-20 06:41:07,121.487300,31.157800,  0,135,0
84512,2007-02-20 06:42:09,121.487500,31.157800,  0,135,0
84512,2007-02-20 06:43:10,121.487300,31.157800,  0,135,0
84512,2007-02-20 06:44:10,121.488000,31.157600,  4, 45,0
84512,2007-02-20 06:46:12,121.488000,31.157600,  0, 45,0
84512,2007-02-20 06:48:14,121.488000,31.157600,  0, 45,0
84512,2007-02-20 06:49:15,121.488000,31.157600,  0, 45,0
84512,2007-02-20 06:50:17,121.488000,31.157600,  0, 45,0
84512,2007-02-20 06:51:17,121.488000,31.157600,  0, 45,0
84512,2007-02-20 06:52:18,121.488000,31.157600,  0, 45,0
84512,2007-02-20 06:53:19,121.488000,31.157600,  0, 45,0
84512,2007-02-20 06:54:20,121.488000,31.157600,  0, 45,0
84512,2007-02-20 06:55:22,121.488000,31.157600,  0, 45,0
84512,2007-02-20 06:56:22,121.488000,31.157600,  0, 45,0
84512,2007-02-20 06:57:23,121.488000,31.157600,  0, 45,0
84512,2007-02-20 06:58:24,121.488000,31.157600,  0, 45,0
84512,2007-02-20 06:59:25,121.488000,31.157600,  0, 45,0
84512,2007-02-20 07:00:27,121.488000,31.157600,  0, 45,0
84512,2007-02-20 07:01:27,121.488000,31.157600,  0, 45,0
84512,2007-02-20 07:02:28,121.488000,31.157600,  0, 45,0
84512,2007-02-20 07:03:29,121.488000,31.157600,  0, 45,0
84512,2007-02-20 07:04:30,121.488000,31.157600,  0, 45,0
84512,2007-02-20 07:05:32,121.488000,31.157600,  0, 45,0
84512,2007-02-20 07:06:32,121.488000,31.157600,  0, 45,0
84512,2007-02-20 07:07:33,121.488000,31.157600,  0, 45,0
84512,2007-02-20 07:08:34,121.488000,31.157600,  0, 45,0
84512,2007-02-20 07:09:35,121.488000,31.157600,  0, 45,0
84512,2007-02-20 07:10:37,121.488000,31.157600,  0, 45,0
84512,2007-02-20 07:12:38,121.488000,31.157600,  0, 45,0
84512,2007-02-20 07:13:39,121.488000,31.157600,  0, 45,0
84512,2007-02-20 07:14:40,121.488000,31.157600,  0, 45,0
84512,2007-02-20 07:15:41,121.488000,31.157600,  0, 45,0
84512,2007-02-20 07:16:42,121.488000,31.157600,  0, 45,0
84512,2007-02-20 07:17:43,121.488000,31.157600,  0, 45,0
84512,2007-02-20 07:18:44,121.488000,31.157600,  0, 45,0
84512,2007-02-20 07:19:45,121.488000,31.157600,  0, 45,0
84512,2007-02-20 07:20:46,121.488000,31.157600,  0, 45,0
84512,2007-02-20 07:21:47,121.488000,31.157600,  0, 45,0
84512,2007-02-20 07:22:48,121.488000,31.157600,  0, 45,0
84512,2007-02-20 07:23:49,121.488000,31.157600,  0, 45,0
84512,2007-02-20 07:24:50,121.488000,31.157600,  0, 45,0
84512,2007-02-20 07:25:51,121.488000,31.157600,  0, 45,0
84512,2007-02-20 07:26:52,121.488000,31.157600,  0, 45,0
84512,2007-02-20 07:27:53,121.488000,31.157600,  0, 45,0
84512,2007-02-20 07:28:54,121.488000,31.157600,  0, 45,0
84512,2007-02-20 07:29:56,121.487300,31.157600,  0, 45,0
84512,2007-02-20 07:30:56,121.487100,31.158000,  0,  0,0
84512,2007-02-20 07:31:58,121.487100,31.158000,  0,  0,0
84512,2007-02-20 07:32:59,121.487100,31.158000,  0,  0,0
84512,2007-02-20 07:34:00,121.487100,31.158000,  0,  0,0
84512,2007-02-20 07:35:01,121.487100,31.158000,  0,  0,0
84512,2007-02-20 07:36:01,121.487100,31.158000,  0,  0,0
84512,2007-02-20 07:37:03,121.487100,31.158000,  0,  0,0
84512,2007-02-20 07:38:04,121.487100,31.158000,  0,  0,0
84512,2007-02-20 07:39:05,121.487100,31.158000,  0,  0,0
84512,2007-02-20 07:40:06,121.487500,31.157600,  0,  0,0
84512,2007-02-20 07:41:06,121.487500,31.157600,  0,  0,0
84512,2007-02-20 07:42:08,121.487500,31.157600,  0,  0,0
84512,2007-02-20 07:43:09,121.487500,31.157600,  0,  0,0
84512,2007-02-20 07:44:10,121.487500,31.157600,  0,  0,0
84512,2007-02-20 07:45:11,121.487500,31.157600,  0,  0,0
84512,2007-02-20 07:46:11,121.487500,31.157500,  0,  0,0
84512,2007-02-20 07:47:13,121.487600,31.157500,  0,  0,0
84512,2007-02-20 07:48:14,121.487600,31.157500,  0,  0,0
84512,2007-02-20 07:49:15,121.487500,31.157500,  0, 90,0
84512,2007-02-20 07:50:04,121.487800,31.158500, 16,  0,0
84512,2007-02-20 07:51:05,121.487800,31.158600,  0,  0,0
84512,2007-02-20 07:52:01,121.488100,31.157600, 18, 67,0
84512,2007-02-20 07:52:20,121.488300,31.156800, 16, 90,0
84512,2007-02-20 07:52:49,121.487500,31.156100, 24,135,0
84512,2007-02-20 07:53:09,121.486500,31.156300, 24,  0,0
84512,2007-02-20 07:53:41,121.486300,31.158600, 42,  0,0
84512,2007-02-20 07:54:19,121.486300,31.161300, 24,  0,0
84512,2007-02-20 07:54:35,121.486300,31.162500, 28,  0,0
84512,2007-02-20 07:54:51,121.486300,31.163600, 28,  0,0
84512,2007-02-20 07:55:06,121.486000,31.164500, 28,157,0
84512,2007-02-20 07:55:24,121.485000,31.164300, 26,112,0
84512,2007-02-20 07:55:41,121.483800,31.163600, 20,112,0
84512,2007-02-20 07:55:58,121.482800,31.163100, 28,112,0
84512,2007-02-20 07:56:14,121.481800,31.162600, 18,112,0
84512,2007-02-20 07:56:34,121.481800,31.161800, 30, 90,0
84512,2007-02-20 07:57:35,121.482000,31.161300,  6,  0,0
84512,2007-02-20 07:57:36,121.482000,31.161300,  6,  0,1
84512,2007-02-20 07:59:39,121.492300,31.166600,  0, 45,1
84512,2007-02-20 08:00:40,121.492600,31.169600, 48,  0,1
84512,2007-02-20 08:01:41,121.496100,31.171000,  0, 45,1
84512,2007-02-20 08:02:41,121.501100,31.172000, 26, 22,1
84512,2007-02-20 08:03:43,121.499600,31.177500,  8,  0,1
84512,2007-02-20 08:04:44,121.498800,31.180000, 62,157,1
84512,2007-02-20 08:05:45,121.497800,31.186100, 12, 22,1
84512,2007-02-20 08:05:50,121.497800,31.186100,  0, 22,0
84512,2007-02-20 08:06:49,121.498600,31.186500, 34, 67,0
84512,2007-02-20 08:07:05,121.500500,31.186100, 34, 45,0
84512,2007-02-20 08:07:21,121.500600,31.185100, 36, 90,0
84512,2007-02-20 08:07:36,121.500800,31.183300, 58, 90,0
84512,2007-02-20 08:07:52,121.501300,31.182000, 28, 67,0
84512,2007-02-20 08:08:09,121.502800,31.182100, 48, 45,0
84512,2007-02-20 08:08:25,121.504800,31.182600, 46, 45,0
84512,2007-02-20 08:08:41,121.506800,31.183300, 44, 22,0
84512,2007-02-20 08:08:56,121.508500,31.183800, 44, 22,0
84512,2007-02-20 08:09:42,121.509500,31.184300,  8, 22,0
84512,2007-02-20 08:09:59,121.510000,31.185100, 32,  0,0
84512,2007-02-20 08:10:15,121.510000,31.186600, 48,  0,0
84512,2007-02-20 08:10:30,121.509500,31.188500, 42,157,0
84512,2007-02-20 08:10:46,121.508500,31.190100, 48,157,0
84512,2007-02-20 08:11:02,121.507800,31.191600, 38,157,0
84512,2007-02-20 08:11:31,121.507300,31.192500, 34,157,0
84512,2007-02-20 08:11:48,121.506800,31.193600, 38,157,0
84512,2007-02-20 08:12:04,121.506000,31.195300, 38,157,0
84512,2007-02-20 08:12:41,121.505600,31.196100, 20,  0,0
84512,2007-02-20 08:12:58,121.505100,31.197300, 40,157,0
84512,2007-02-20 08:16:47,121.502000,31.203600, 22, 67,0
84512,2007-02-20 08:17:03,121.502500,31.202600, 24, 67,0
84512,2007-02-20 08:17:29,121.503000,31.201800,  4, 90,0
84512,2007-02-20 08:17:45,121.503500,31.200800, 38, 67,0
84512,2007-02-20 08:18:01,121.504100,31.199100, 38, 67,0
84512,2007-02-20 08:19:11,121.501300,31.193000,  8,112,0
84512,2007-02-20 08:19:27,121.500800,31.192000, 34, 90,0
84512,2007-02-20 08:19:43,121.500000,31.190500, 56,112,0
84512,2007-02-20 08:19:59,121.498800,31.188500, 60,112,0
84512,2007-02-20 08:20:15,121.497800,31.186600, 46,112,0
84512,2007-02-20 08:20:31,121.496800,31.185300, 44,112,0
84512,2007-02-20 08:20:53,121.496100,31.184500, 30,112,0
84512,2007-02-20 08:21:10,121.495000,31.183000, 50,112,0
84512,2007-02-20 08:21:25,121.494000,31.182000, 14,112,0
84512,2007-02-20 08:21:55,121.493000,31.181500, 34,112,0
84512,2007-02-20 08:22:11,121.491300,31.180800, 38,135,0
84512,2007-02-20 08:22:27,121.490300,31.180300, 34,135,0
84512,2007-02-20 08:23:28,121.489800,31.180100, 22,135,0
84512,2007-02-20 08:23:44,121.488000,31.180100, 40,135,0
84512,2007-02-20 08:24:00,121.486800,31.180000, 42,112,0
84512,2007-02-20 08:24:16,121.485000,31.178800, 46,112,0
84512,2007-02-20 08:24:32,121.483100,31.177600, 44,112,0
84512,2007-02-20 08:24:48,121.482300,31.178000, 40,157,0
84512,2007-02-20 08:25:20,121.480600,31.180600,  0,157,0
84512,2007-02-20 08:26:21,121.480600,31.180600,  0,157,0
84512,2007-02-20 08:27:22,121.480600,31.180600,  0,157,0
84512,2007-02-20 08:28:23,121.467100,31.196800,  0,157,0
84512,2007-02-20 08:29:24,121.467100,31.197100, 26, 22,0
84512,2007-02-20 08:29:40,121.468300,31.197600, 28, 22,0
84512,2007-02-20 08:29:56,121.469500,31.198100, 28, 22,0
84512,2007-02-20 08:30:57,121.469600,31.198100,  0, 22,0
84512,2007-02-20 08:31:58,121.469600,31.198100,  0, 22,0
84512,2007-02-20 08:32:59,121.469600,31.198100,  0, 22,0
84512,2007-02-20 08:34:00,121.469600,31.198100,  0, 22,0
84512,2007-02-20 08:35:17,121.472800,31.208300, 34,157,0
84512,2007-02-20 08:35:36,121.473500,31.208800, 36, 45,0
84512,2007-02-20 08:35:52,121.475100,31.209000, 28, 45,0
84512,2007-02-20 08:36:41,121.476300,31.209000, 28, 45,0
84512,2007-02-20 08:36:57,121.477600,31.209800, 38, 22,0
84512,2007-02-20 08:37:29,121.479600,31.211000, 32, 22,0
84512,2007-02-20 08:37:45,121.481300,31.211600, 34, 22,0
84512,2007-02-20 08:38:05,121.482100,31.211800, 14, 67,0
84512,2007-02-20 08:38:24,121.482500,31.210600,  6, 90,0
84512,2007-02-20 08:38:49,121.482600,31.210000, 20, 90,0
84512,2007-02-20 08:39:13,121.483000,31.208800, 32, 90,0
84512,2007-02-20 08:39:29,121.483300,31.207600, 28, 90,0
84512,2007-02-20 08:39:45,121.483500,31.206600, 14, 90,0
84512,2007-02-20 08:40:08,121.482500,31.206100, 18,112,0
84512,2007-02-20 08:40:30,121.481300,31.205800,  6,112,0
84512,2007-02-20 08:40:59,121.480100,31.205600, 10,157,0
84512,2007-02-20 08:41:18,121.479800,31.206800, 22,157,0
84512,2007-02-20 08:41:34,121.479600,31.207800, 32,  0,0
84512,2007-02-20 08:42:15,121.480500,31.208300,  4,  0,0
84512,2007-02-20 08:42:31,121.480000,31.209500, 42,  0,0
84512,2007-02-20 08:43:34,121.478100,31.210100, 30,112,0
84512,2007-02-20 08:43:50,121.476600,31.209300, 34,112,0
84512,2007-02-20 08:44:51,121.475800,31.209100,  0,157,0
84512,2007-02-20 08:45:52,121.475800,31.209100,  0,157,0
84512,2007-02-20 08:46:53,121.475800,31.209100,  0,157,0
84512,2007-02-20 08:47:17,121.475500,31.210100, 16,  0,0
84512,2007-02-20 08:48:18,121.475300,31.210500,  0,  0,0
84512,2007-02-20 08:49:19,121.475300,31.210500,  0,  0,0
84512,2007-02-20 08:50:20,121.475300,31.210500,  6,135,0
84512,2007-02-20 08:51:21,121.474800,31.210500, 10,135,0
84512,2007-02-20 08:52:22,121.475600,31.210600,  0,135,0
84512,2007-02-20 08:53:23,121.475500,31.210500,  0,135,0
84512,2007-02-20 08:54:24,121.475500,31.210500,  0,135,0
84512,2007-02-20 08:55:25,121.475500,31.210600,  0,135,0
84512,2007-02-20 08:56:26,121.475500,31.210600,  0,135,0
84512,2007-02-20 08:57:27,121.475500,31.210600,  0,135,0
84512,2007-02-20 08:59:29,121.475300,31.211000,  0,135,0
84512,2007-02-20 09:00:30,121.475100,31.211000,  0,135,0
84512,2007-02-20 09:01:31,121.475100,31.211000,  0,135,0
84512,2007-02-20 09:02:32,121.475100,31.211000,  0,135,0
84512,2007-02-20 09:05:35,121.475100,31.211000,  0,135,0
84512,2007-02-20 09:06:36,121.475100,31.211000,  0,135,0
84512,2007-02-20 09:07:37,121.475100,31.211000,  0,135,0
84512,2007-02-20 09:08:38,121.475100,31.211000,  0,135,0
84512,2007-02-20 09:09:39,121.475100,31.211000,  0,135,0
84512,2007-02-20 09:10:40,121.475100,31.211000,  0,135,0
84512,2007-02-20 09:12:42,121.475100,31.211000,  0,135,0
84512,2007-02-20 09:13:43,121.475100,31.211000,  0,135,0
84512,2007-02-20 09:14:44,121.475100,31.211000,  0,135,0
84512,2007-02-20 09:15:45,121.475100,31.211000,  0,135,0
84512,2007-02-20 09:16:46,121.475100,31.211000,  0,135,0
84512,2007-02-20 09:18:48,121.475100,31.211000,  0,135,0
84512,2007-02-20 09:19:49,121.475100,31.211000,  0,135,0
84512,2007-02-20 09:20:50,121.475100,31.211000,  0,135,0
84512,2007-02-20 09:22:52,121.475100,31.211000,  0,135,0
84512,2007-02-20 09:23:53,121.475100,31.211000,  0,135,0
84512,2007-02-20 09:24:54,121.475100,31.211000,  0,135,0
84512,2007-02-20 09:26:56,121.475100,31.211000,  0,135,0
84512,2007-02-20 09:28:58,121.475100,31.210600,  0,135,0
84512,2007-02-20 09:29:59,121.475000,31.210600,  0,135,0
84512,2007-02-20 09:31:00,121.475300,31.210500,  0,135,0
84512,2007-02-20 09:33:02,121.475300,31.210500,  0,135,0
84512,2007-02-20 09:34:03,121.475300,31.210500,  0,135,0
84512,2007-02-20 09:35:04,121.475000,31.210500,  0,135,0
84512,2007-02-20 09:36:05,121.475000,31.210500,  0,135,0
84512,2007-02-20 09:37:06,121.475100,31.210600,  0,135,0
84512,2007-02-20 09:38:07,121.475100,31.210600,  0,135,0
84512,2007-02-20 09:39:08,121.475100,31.210500,  0,135,0
84512,2007-02-20 09:40:09,121.475000,31.210500,  0,135,0
84512,2007-02-20 09:41:10,121.475100,31.210500,  0,135,0
84512,2007-02-20 09:42:11,121.475100,31.210500,  0,135,0
84512,2007-02-20 09:43:12,121.475100,31.210600,  0,135,0
84512,2007-02-20 09:44:13,121.475000,31.210600,  0,135,0
84512,2007-02-20 09:45:14,121.475100,31.210600,  0,135,0
84512,2007-02-20 09:46:15,121.475000,31.210600,  0,135,0
84512,2007-02-20 09:47:16,121.475000,31.210500,  0,135,0
84512,2007-02-20 09:48:17,121.475100,31.210600,  0,135,0
84512,2007-02-20 09:49:18,121.475100,31.210600,  0,135,0
84512,2007-02-20 09:50:19,121.475100,31.211000,  0,135,0
84512,2007-02-20 09:51:20,121.475300,31.210300,  0,135,0
84512,2007-02-20 09:52:21,121.475100,31.210500,  0,135,0
84512,2007-02-20 09:53:22,121.475300,31.210300,  0,135,0
84512,2007-02-20 09:54:23,121.475100,31.210600,  0,135,0
84512,2007-02-20 09:55:24,121.475100,31.210600,  0,135,0
84512,2007-02-20 09:57:26,121.475100,31.210600,  0,135,0
84512,2007-02-20 09:58:27,121.475100,31.210600,  0,135,0
84512,2007-02-20 09:59:28,121.475100,31.210600,  0,135,0
84512,2007-02-20 10:00:29,121.475100,31.210600,  0,135,0
84512,2007-02-20 10:01:30,121.475100,31.210600,  0,135,0
84512,2007-02-20 10:02:31,121.475100,31.210600,  0,135,0
84512,2007-02-20 10:03:32,121.475100,31.210600,  0,135,0
84512,2007-02-20 10:04:00,121.475000,31.211000,  0,135,1
84512,2007-02-20 10:05:01,121.472800,31.211300, 14,135,1
84512,2007-02-20 10:06:02,121.471600,31.211000, 16,135,1
84512,2007-02-20 10:07:03,121.467500,31.212800, 40,157,1
84512,2007-02-20 10:08:04,121.467100,31.221000, 76,  0,1
84512,2007-02-20 10:09:05,121.462600,31.229300, 74,  0,1
84512,2007-02-20 10:10:06,121.461800,31.236500,  0,157,1
84512,2007-02-20 10:11:07,121.461500,31.237600, 48,  0,1
84512,2007-02-20 10:12:08,121.459800,31.240000,  0,157,1
84512,2007-02-20 10:13:09,121.459100,31.242000, 50,  0,1
84512,2007-02-20 10:14:10,121.453600,31.239500, 52,112,1
84512,2007-02-20 10:15:11,121.448500,31.242500, 50,157,1
84512,2007-02-20 10:16:12,121.443800,31.242500, 36,157,1
84512,2007-02-20 10:16:50,121.441500,31.243500,  8,112,0
84512,2007-02-20 10:17:05,121.441500,31.243300,  0,112,0
84512,2007-02-20 10:18:06,121.440800,31.243800, 34,157,0
84512,2007-02-20 10:18:41,121.439100,31.245500, 42,157,0
84512,2007-02-20 10:18:57,121.438500,31.246300, 30,157,0
84512,2007-02-20 10:19:13,121.437600,31.247100, 12,157,0
84512,2007-02-20 10:19:58,121.436500,31.247000, 40,157,0
84512,2007-02-20 10:20:14,121.435500,31.246100, 18,112,0
84512,2007-02-20 10:20:33,121.434300,31.246800, 28,157,0
84512,2007-02-20 10:20:49,121.432800,31.248100, 48,157,0
84512,2007-02-20 10:21:05,121.432000,31.248300, 26,112,0
84512,2007-02-20 10:22:06,121.431800,31.248100,  0, 45,0
84512,2007-02-20 10:22:52,121.432500,31.248300, 22, 45,1
84512,2007-02-20 10:23:53,121.435000,31.247500, 34, 22,1
84512,2007-02-20 10:24:54,121.434000,31.250600, 48,135,1
84512,2007-02-20 10:25:55,121.428500,31.251600, 36,157,1
84512,2007-02-20 10:26:56,121.426800,31.254800,  0,  0,1
84512,2007-02-20 10:27:57,121.426100,31.259500, 66,  0,1
84512,2007-02-20 10:28:58,121.426300,31.263800,  8,  0,1
84512,2007-02-20 10:29:59,121.425600,31.267300,  0,  0,1
84512,2007-02-20 10:31:00,121.425500,31.269100, 30,  0,1
84512,2007-02-20 10:41:14,121.427100,31.287500, 38, 90,0
84512,2007-02-20 10:41:30,121.427300,31.286100, 38, 90,0
84512,2007-02-20 10:41:46,121.427300,31.284600, 32, 90,0
84512,2007-02-20 10:42:45,121.427500,31.284100, 18,  0,1
84512,2007-02-20 10:43:46,121.427300,31.288300,  0,  0,1
84512,2007-02-20 10:49:23,121.410100,31.298300, 36,157,1
84512,2007-02-20 10:51:25,121.405000,31.314100, 20,157,1
84512,2007-02-20 10:52:26,121.405000,31.314300,  4,  0,1
84512,2007-02-20 10:53:27,121.402800,31.321600, 62,  0,1
84512,2007-02-20 10:54:28,121.399100,31.323100, 66,135,1
84512,2007-02-20 10:55:29,121.388600,31.322800, 48,135,1
84512,2007-02-20 10:56:30,121.385100,31.323000,  0,  0,1
84512,2007-02-20 10:56:47,121.385100,31.323000,  0,  0,0
84512,2007-02-20 10:58:07,121.386000,31.322500, 46, 45,0
84512,2007-02-20 10:58:23,121.388100,31.322600, 50, 45,0
84512,2007-02-20 10:58:39,121.390500,31.322800, 62, 45,0
84512,2007-02-20 10:58:55,121.392500,31.322800, 24, 90,0
84512,2007-02-20 10:59:11,121.392600,31.321100, 56, 90,0
84512,2007-02-20 10:59:27,121.392600,31.319000, 62, 90,0
84512,2007-02-20 10:59:43,121.392800,31.316800, 58, 90,0
84512,2007-02-20 10:59:59,121.393000,31.314800, 52, 90,0
84512,2007-02-20 11:00:15,121.393300,31.313300, 36, 90,0
84512,2007-02-20 11:00:47,121.393500,31.309500, 22, 90,0
84512,2007-02-20 11:01:08,121.394000,31.309000, 36, 45,0
84512,2007-02-20 11:01:24,121.396300,31.309100, 54, 45,0
84512,2007-02-20 11:01:40,121.398300,31.309300, 42, 45,0
84512,2007-02-20 11:01:56,121.400300,31.309500, 48, 45,0
84512,2007-02-20 11:02:12,121.402100,31.309600, 36, 45,0
84512,2007-02-20 11:02:28,121.403800,31.309600, 44, 45,0
84512,2007-02-20 11:02:44,121.405000,31.309800,  0, 45,0
84512,2007-02-20 11:03:09,121.405300,31.309100, 36, 90,0
84512,2007-02-20 11:03:25,121.406000,31.308000, 26, 90,0
84512,2007-02-20 11:03:41,121.406500,31.307000, 48, 90,0
84512,2007-02-20 11:03:57,121.406800,31.306000,  0, 22,0
84512,2007-02-20 11:04:58,121.406800,31.306000,  0, 22,0
84512,2007-02-20 11:05:58,121.407000,31.306000,  0, 22,0
84512,2007-02-20 11:06:59,121.407000,31.306000,  0, 22,0
84512,2007-02-20 11:07:16,121.406800,31.306500, 28,  0,1
84512,2007-02-20 11:08:17,121.405500,31.309500,  0,  0,1
84512,2007-02-20 11:10:18,121.399100,31.311000, 18, 45,1
84512,2007-02-20 11:10:58,121.399500,31.311500,  0,157,0
84512,2007-02-20 11:11:13,121.399500,31.311500,  0,157,0
84512,2007-02-20 11:12:14,121.399600,31.311600,  6, 45,0
84512,2007-02-20 11:12:33,121.399800,31.311000, 20,112,1
84512,2007-02-20 11:14:34,121.393600,31.309000, 16,135,1
84512,2007-02-20 11:15:35,121.392000,31.304100, 48, 90,1
84512,2007-02-20 11:16:37,121.387000,31.301500, 64,135,1
84512,2007-02-20 11:17:37,121.381000,31.302000, 38,135,1
84512,2007-02-20 11:18:38,121.378000,31.300800,  0,112,1
84512,2007-02-20 11:18:39,121.378000,31.300800,  0,112,0
84512,2007-02-20 11:19:40,121.378500,31.301100, 20, 22,0
84512,2007-02-20 11:20:24,121.380600,31.301800, 56, 45,0
84512,2007-02-20 11:20:57,121.385500,31.301500, 56, 45,0
84512,2007-02-20 11:21:12,121.387600,31.301300, 50, 45,0
84512,2007-02-20 11:21:28,121.389300,31.301100, 32, 45,0
84512,2007-02-20 11:22:07,121.391100,31.302000, 24,  0,0
84512,2007-02-20 11:22:24,121.391500,31.303000, 24,  0,0
84512,2007-02-20 11:22:43,121.391800,31.303800, 26,  0,0
84512,2007-02-20 11:22:59,121.392100,31.305000, 30,  0,0
84512,2007-02-20 11:23:15,121.392500,31.306000, 22,  0,0
84512,2007-02-20 11:23:55,121.392800,31.306800, 16,  0,1
84512,2007-02-20 11:24:57,121.393500,31.309800, 40,  0,1
84512,2007-02-20 11:25:57,121.393300,31.314300, 48,  0,1
84512,2007-02-20 11:26:58,121.393300,31.323100, 42, 45,1
84512,2007-02-20 11:52:24,121.424800,31.278800, 16, 45,0
84512,2007-02-20 11:53:25,121.425000,31.278800,  0,  0,0
84512,2007-02-20 11:54:26,121.424800,31.278600,  0,  0,0
84512,2007-02-20 11:56:27,121.424800,31.278600,  0,  0,0
84512,2007-02-20 11:57:28,121.424800,31.278600,  0,  0,0
84512,2007-02-20 11:58:29,121.424800,31.278600,  0,  0,0
84512,2007-02-20 11:59:30,121.424800,31.278600,  0,  0,0
84512,2007-02-20 12:00:31,121.424800,31.278600,  0,  0,0
84512,2007-02-20 12:01:32,121.424800,31.278600,  0,  0,0
84512,2007-02-20 12:02:33,121.424800,31.278600,  0,  0,0
84512,2007-02-20 12:03:34,121.424800,31.278600,  0,  0,0
84512,2007-02-20 12:04:35,121.424800,31.278600,  0,  0,0
84512,2007-02-20 12:05:36,121.424800,31.278600,  0,  0,0
84512,2007-02-20 12:07:38,121.424800,31.278600,  0,  0,0
84512,2007-02-20 12:08:40,121.425000,31.279000,  0,  0,0
84512,2007-02-20 12:09:41,121.425000,31.279000,  0,  0,0
84512,2007-02-20 12:10:41,121.425000,31.279000,  0,  0,0
84512,2007-02-20 12:11:42,121.425000,31.279000,  0,  0,0
84512,2007-02-20 12:12:43,121.425000,31.279000,  0,  0,0
84512,2007-02-20 12:13:44,121.425000,31.279000,  0,  0,0
84512,2007-02-20 12:14:45,121.425000,31.279000,  0,  0,0
84512,2007-02-20 12:15:45,121.425000,31.279000,  0,  0,0
84512,2007-02-20 12:16:47,121.425000,31.279000,  0,  0,0
84512,2007-02-20 12:17:48,121.425000,31.279000,  0,  0,0
84512,2007-02-20 12:18:49,121.425000,31.279000,  0,  0,0
84512,2007-02-20 12:19:50,121.425000,31.279000,  0,  0,0
84512,2007-02-20 12:20:50,121.425000,31.279000,  0,  0,0
84512,2007-02-20 12:21:52,121.425000,31.278800,  0,  0,0
84512,2007-02-20 12:22:53,121.425000,31.278800,  0,  0,0
84512,2007-02-20 12:24:55,121.425000,31.279500,  0,  0,0
84512,2007-02-20 12:26:57,121.425000,31.279500,  0,  0,0
84512,2007-02-20 12:27:58,121.425000,31.279000,  0,135,0
84512,2007-02-20 12:28:49,121.423500,31.278500, 14,157,0
84512,2007-02-20 12:29:05,121.422500,31.279500, 36,157,0
84512,2007-02-20 12:29:20,121.421300,31.280500, 42,157,0
84512,2007-02-20 12:29:37,121.420100,31.281600, 28,157,0
84512,2007-02-20 12:30:03,121.419600,31.282500, 28,157,0
84512,2007-02-20 12:30:19,121.419000,31.283600, 40,157,0
84512,2007-02-20 12:30:35,121.418100,31.285000, 38,  0,0
84512,2007-02-20 12:30:50,121.417500,31.286100, 28,157,0
84512,2007-02-20 12:31:39,121.416100,31.288500, 40,157,0
84512,2007-02-20 12:31:55,121.415600,31.289600, 18,  0,0
84512,2007-02-20 12:32:15,121.416100,31.290500, 26, 22,0
84512,2007-02-20 12:32:31,121.416800,31.291300, 26, 22,0
84512,2007-02-20 12:33:32,121.417100,31.291600,  0, 22,0
84512,2007-02-20 12:34:33,121.417100,31.291600,  0, 22,0
84512,2007-02-20 12:35:24,121.447100,31.294300, 62,  0,0
84512,2007-02-20 12:35:40,121.446300,31.296000, 46,157,0
84512,2007-02-20 12:35:55,121.445100,31.297600, 60,  0,0
84512,2007-02-20 12:36:28,121.444300,31.301800, 62,  0,0
84512,2007-02-20 12:36:44,121.444100,31.304500, 76,  0,0
84512,2007-02-20 12:37:00,121.444000,31.307100, 68,  0,0
84512,2007-02-20 12:37:15,121.444100,31.309800, 78,  0,0
84512,2007-02-20 12:37:32,121.444000,31.313100, 86,  0,0
84512,2007-02-20 12:37:48,121.443800,31.316500, 86,  0,0
84512,2007-02-20 12:38:04,121.443100,31.319500, 78,  0,0
84512,2007-02-20 12:38:20,121.442000,31.322000, 64,  0,0
84512,2007-02-20 12:38:52,121.440000,31.326600, 60,157,0
84512,2007-02-20 12:39:08,121.439100,31.328100, 36,  0,0
84512,2007-02-20 12:40:09,121.439000,31.328800, 20,  0,0
84512,2007-02-20 12:40:29,121.439800,31.329100, 22, 45,0
84512,2007-02-20 12:41:09,121.442600,31.330100, 40, 22,0
84512,2007-02-20 12:41:40,121.445300,31.330100, 36, 67,0
84512,2007-02-20 12:42:09,121.445000,31.329600, 12,135,0
84512,2007-02-20 12:43:10,121.444300,31.329500,  0,112,0
84512,2007-02-20 12:45:12,121.444300,31.329500,  0,112,0
84512,2007-02-20 12:46:12,121.445300,31.329300, 20, 22,0
84512,2007-02-20 12:46:49,121.445300,31.330300, 32,157,0
84512,2007-02-20 12:47:12,121.445500,31.331000, 32, 45,0
84512,2007-02-20 12:47:28,121.447000,31.331500, 38, 45,0
84512,2007-02-20 12:48:15,121.450600,31.332100, 36, 90,0
84512,2007-02-20 12:48:32,121.450600,31.330300, 42, 90,0
84512,2007-02-20 12:48:48,121.450600,31.329000, 10, 90,0
84512,2007-02-20 12:49:19,121.450600,31.328100, 36, 90,0
84512,2007-02-20 12:49:35,121.450800,31.326500, 46, 90,0
84512,2007-02-20 12:49:50,121.450800,31.325000, 30, 90,0
84512,2007-02-20 12:50:15,121.451500,31.324500, 24, 45,0
84512,2007-02-20 12:50:32,121.453100,31.324800, 38, 45,0
84512,2007-02-20 12:50:48,121.454300,31.324800, 30, 45,0
84512,2007-02-20 12:51:04,121.456500,31.325000, 40, 45,0
84512,2007-02-20 12:51:20,121.458300,31.325100, 46, 45,0
84512,2007-02-20 12:51:35,121.460000,31.325300, 40, 45,0
84512,2007-02-20 12:51:52,121.460600,31.324300, 42, 90,0
84512,2007-02-20 12:52:08,121.460300,31.322600, 42, 90,0
84512,2007-02-20 12:52:24,121.460100,31.321300, 42, 90,0
84512,2007-02-20 12:52:40,121.459800,31.320000, 42, 90,0
84512,2007-02-20 12:52:55,121.459600,31.318500, 42, 90,0
84512,2007-02-20 12:53:12,121.459300,31.316600, 46, 90,0
84512,2007-02-20 12:53:28,121.459100,31.315600,  4, 90,0
84512,2007-02-20 12:54:08,121.459000,31.314600, 32, 90,0
84512,2007-02-20 12:54:25,121.458800,31.313100, 28, 90,0
84512,2007-02-20 12:55:05,121.457800,31.312600, 34,135,0
84512,2007-02-20 12:55:20,121.456600,31.312600, 28,135,0
84512,2007-02-20 12:55:37,121.455000,31.312600, 36,135,0
84512,2007-02-20 12:56:09,121.451300,31.312600, 32,135,0
84512,2007-02-20 12:56:29,121.450100,31.312600, 32,135,0
84512,2007-02-20 12:56:45,121.449000,31.312600, 16,135,0
84512,2007-02-20 12:57:32,121.447800,31.312600, 20,135,0
84512,2007-02-20 12:57:53,121.446600,31.312600, 18,135,0
84512,2007-02-20 12:58:42,121.445500,31.312500,  2,135,0
84512,2007-02-20 12:59:43,121.445300,31.312600,  0,135,0
84512,2007-02-20 13:00:44,121.445000,31.312500,  0,135,0
84512,2007-02-20 13:01:45,121.444300,31.312300,  0,112,0
84512,2007-02-20 13:02:45,121.444300,31.312300,  0,112,0
84512,2007-02-20 13:03:24,121.443500,31.312000,  8, 90,0
84512,2007-02-20 13:03:50,121.443500,31.310100, 24, 90,0
84512,2007-02-20 13:04:07,121.443500,31.307800, 26,112,0
84512,2007-02-20 13:04:23,121.441800,31.307500, 42,135,0
84512,2007-02-20 13:04:39,121.440300,31.307300, 40,135,0
84512,2007-02-20 13:05:10,121.436800,31.307000,  8, 90,0
84512,2007-02-20 13:05:28,121.437300,31.307000, 18, 45,1
84512,2007-02-20 13:06:29,121.443500,31.307500,  0, 45,1
84512,2007-02-20 13:07:30,121.444100,31.311800, 34,  0,1
84512,2007-02-20 13:08:30,121.444000,31.313100, 42,  0,1
84512,2007-02-20 13:09:32,121.447500,31.317500, 40, 45,1
84512,2007-02-20 13:10:05,121.450800,31.318100,  6, 22,0
84512,2007-02-20 13:10:53,121.451000,31.317600, 34, 90,0
84512,2007-02-20 13:11:09,121.450600,31.316000, 38, 90,0
84512,2007-02-20 13:11:34,121.450100,31.315300, 36,135,0
84512,2007-02-20 13:12:23,121.447100,31.315300, 32,135,0
84512,2007-02-20 13:12:39,121.445800,31.315300,  0,135,0
84512,2007-02-20 13:12:53,121.445300,31.315300, 32,135,1
84512,2007-02-20 13:13:53,121.442800,31.314100,  6, 90,1
84512,2007-02-20 13:14:55,121.443800,31.307500, 30, 90,1
84512,2007-02-20 13:15:55,121.444800,31.305500,  0, 67,1
84512,2007-02-20 13:16:57,121.444100,31.299500, 54, 90,1
84512,2007-02-20 13:17:57,121.437600,31.293100, 76,135,1
84512,2007-02-20 13:18:59,121.427300,31.291300, 28,135,1
84512,2007-02-20 13:20:00,121.422300,31.290500, 38,135,1
84512,2007-02-20 13:21:00,121.416000,31.290100, 36,135,1
84512,2007-02-20 13:22:02,121.415300,31.289600,  0,135,1
84512,2007-02-20 13:23:02,121.416300,31.287500, 40, 67,1
84512,2007-02-20 13:24:04,121.416800,31.286500, 14, 67,1
84512,2007-02-20 13:25:04,121.417800,31.284500, 36, 90,1
84512,2007-02-20 13:26:05,121.416000,31.279100, 44,112,1
84512,2007-02-20 13:27:06,121.413500,31.275100, 34, 90,1
84512,2007-02-20 13:28:08,121.414600,31.272600,  2, 45,1
84512,2007-02-20 13:29:08,121.418300,31.274000, 26, 45,1
84512,2007-02-20 13:29:14,121.418500,31.273800,  0, 67,0
84512,2007-02-20 13:29:55,121.418800,31.273100, 32, 67,0
84512,2007-02-20 13:30:57,121.419500,31.272300, 14, 67,0
84512,2007-02-20 13:31:19,121.420300,31.272100, 18, 22,0
84512,2007-02-20 13:31:37,121.421100,31.272800, 20, 22,0
84512,2007-02-20 13:31:58,121.422000,31.272600, 28, 67,0
84512,2007-02-20 13:32:32,121.424000,31.271500, 26, 45,0
84512,2007-02-20 13:32:48,121.425500,31.271100, 36, 45,0
84512,2007-02-20 13:33:05,121.425800,31.270500, 34, 90,0
84512,2007-02-20 13:33:21,121.425300,31.269000, 36, 90,0
84512,2007-02-20 13:33:37,121.425300,31.267800, 18, 90,0
84512,2007-02-20 13:34:17,121.425600,31.266800, 42, 90,0
84512,2007-02-20 13:34:33,121.426000,31.265000, 36, 90,0
84512,2007-02-20 13:35:18,121.426000,31.264100, 22,135,0
84512,2007-02-20 13:35:34,121.424600,31.263800, 32,135,0
84512,2007-02-20 13:35:52,121.423600,31.263600, 20,135,0
84512,2007-02-20 13:36:08,121.422100,31.263300, 38,135,0
84512,2007-02-20 13:36:24,121.421000,31.263100, 28,135,0
84512,2007-02-20 13:36:40,121.420300,31.262600, 28, 67,0
84512,2007-02-20 13:36:57,121.421000,31.261500, 24, 67,0
84512,2007-02-20 13:37:12,121.422500,31.261800, 38, 45,0
84512,2007-02-20 13:37:28,121.423800,31.261600, 18, 45,0
84512,2007-02-20 13:37:45,121.425500,31.261500, 30, 45,0
84512,2007-02-20 13:38:15,121.426600,31.261500, 38, 45,0
84512,2007-02-20 13:38:31,121.428600,31.261500, 46, 45,0
84512,2007-02-20 13:38:47,121.430100,31.261600,  0, 22,0
84512,2007-02-20 13:39:35,121.431100,31.262100, 38, 22,0
84512,2007-02-20 13:39:51,121.432600,31.263100, 40, 22,0
84512,2007-02-20 13:40:27,121.433600,31.263800, 12, 22,0
84512,2007-02-20 13:40:43,121.434800,31.264500, 48, 22,0
84512,2007-02-20 13:40:59,121.436600,31.265500, 50, 22,0
84512,2007-02-20 13:41:15,121.438100,31.266300, 30, 22,0
84512,2007-02-20 13:42:16,121.439000,31.267000, 30, 22,0
84512,2007-02-20 13:42:32,121.440500,31.268000, 48, 22,0
84512,2007-02-20 13:42:49,121.442000,31.268800, 52, 22,0
84512,2007-02-20 13:43:04,121.443800,31.270000, 52, 22,0
84512,2007-02-20 13:43:52,121.444800,31.270600, 10, 22,0
84512,2007-02-20 13:44:08,121.445800,31.271300, 34, 22,0
84512,2007-02-20 13:44:24,121.447300,31.272000, 28, 22,0
84512,2007-02-20 13:44:40,121.448500,31.272300, 30, 45,0
84512,2007-02-20 13:44:56,121.449600,31.272800, 28, 45,0
84512,2007-02-20 13:45:27,121.450800,31.273100, 18, 45,0
84512,2007-02-20 13:45:54,121.451500,31.272300, 36, 67,0
84512,2007-02-20 13:46:10,121.452500,31.271000, 42, 67,0
84512,2007-02-20 13:46:26,121.453300,31.269100, 40, 67,0
84512,2007-02-20 13:46:42,121.454000,31.267800, 46, 90,0
84512,2007-02-20 13:46:58,121.454000,31.267000, 28,112,0
84512,2007-02-20 13:47:14,121.452600,31.266500, 36,112,0
84512,2007-02-20 13:47:30,121.451600,31.266000, 10, 90,0
84512,2007-02-20 13:48:31,121.451800,31.266000,  6, 45,0
84512,2007-02-20 13:48:35,121.451800,31.266100, 20, 22,1
84512,2007-02-20 13:49:35,121.454000,31.266800,  0, 45,1
84512,2007-02-20 13:53:25,121.457800,31.270300,  0, 22,1
84512,2007-02-20 13:54:50,121.447300,31.277100,  0,112,0
84512,2007-02-20 13:55:52,121.447300,31.277100,  0,112,0
84512,2007-02-20 13:56:53,121.446800,31.276800, 16,112,0
84512,2007-02-20 13:57:33,121.446000,31.276300,  8,112,0
84512,2007-02-20 13:57:49,121.445000,31.275600, 40,112,0
84512,2007-02-20 13:58:05,121.443300,31.274600, 48,112,0
84512,2007-02-20 13:58:20,121.442000,31.273800, 38,112,0
84512,2007-02-20 13:58:37,121.440300,31.272800, 48,112,0
84512,2007-02-20 13:58:53,121.439000,31.271800, 36,112,0
84512,2007-02-20 13:59:15,121.438000,31.271100, 32,112,0
84512,2007-02-20 13:59:30,121.436600,31.270800, 30,135,0
84512,2007-02-20 13:59:47,121.435300,31.270500, 10,135,0
84512,2007-02-20 14:00:47,121.435600,31.270000,  6, 67,0
84512,2007-02-20 14:01:17,121.436800,31.269500, 34, 45,0
84512,2007-02-20 14:01:33,121.437800,31.269100, 18, 67,0
84512,2007-02-20 14:01:49,121.438800,31.268000, 40, 67,0
84512,2007-02-20 14:02:05,121.439800,31.266800, 42, 67,0
84512,2007-02-20 14:02:20,121.440600,31.265500, 42, 67,0
84512,2007-02-20 14:03:00,121.442100,31.263600, 16, 67,0
84512,2007-02-20 14:04:00,121.442100,31.263600,  6, 67,0
84512,2007-02-20 14:04:08,121.442300,31.263500, 14, 67,1
84512,2007-02-20 14:05:09,121.444500,31.260500, 14, 67,1
84512,2007-02-20 14:06:10,121.437800,31.258100, 90,112,1
84512,2007-02-20 14:07:10,121.426300,31.250600, 96,112,1
84512,2007-02-20 14:08:12,121.415100,31.243800, 50,112,1
84512,2007-02-20 14:12:43,121.404600,31.246600, 22,135,1
84512,2007-02-20 14:13:37,121.400500,31.246800,  0,135,0
84512,2007-02-20 14:13:53,121.400500,31.246800,  0,135,0
84512,2007-02-20 14:14:27,121.399500,31.246600, 30,135,0
84512,2007-02-20 14:14:43,121.398100,31.246500, 28,135,0
84512,2007-02-20 14:14:59,121.396800,31.246500, 36,135,0
84512,2007-02-20 14:15:20,121.395600,31.246500,  6,135,0
84512,2007-02-20 14:16:22,121.394800,31.246500,  0,135,0
84512,2007-02-20 14:18:16,121.395000,31.246300, 30, 45,0
84512,2007-02-20 14:19:29,121.398100,31.246300, 40, 45,0
84512,2007-02-20 14:19:45,121.400500,31.246500, 30, 45,0
84512,2007-02-20 14:20:13,121.400800,31.246600, 22, 45,1
84512,2007-02-20 14:21:14,121.403100,31.247000,  0, 45,1
84512,2007-02-20 14:22:15,121.403100,31.247000,  0, 45,1
84512,2007-02-20 14:23:15,121.407300,31.247100,  8, 45,1
84512,2007-02-20 14:24:16,121.408000,31.246800,  0, 45,1
84512,2007-02-20 14:25:18,121.408100,31.246800, 16, 45,1
84512,2007-02-20 14:26:19,121.412000,31.248600, 30, 45,1
84512,2007-02-20 14:26:58,121.411800,31.249000,  0,112,0
84512,2007-02-20 14:27:14,121.411600,31.248800,  0,112,0
84512,2007-02-20 14:28:15,121.412300,31.249300, 14, 45,0
84512,2007-02-20 14:28:46,121.412300,31.248800, 30,135,0
84512,2007-02-20 14:29:25,121.411500,31.248500, 22,135,1
84512,2007-02-20 14:30:25,121.406100,31.247500, 46,135,1
84512,2007-02-20 14:31:26,121.404000,31.248100, 34,  0,1
84512,2007-02-20 14:32:27,121.402600,31.252300,  0,  0,1
84512,2007-02-20 14:33:28,121.402600,31.252300,  0,  0,1
84512,2007-02-20 14:34:29,121.402600,31.252300,  0,  0,1
84512,2007-02-20 14:35:30,121.400500,31.259500, 42,  0,1
84512,2007-02-20 14:36:31,121.394500,31.262500, 58,135,1
84512,2007-02-20 14:37:32,121.391300,31.262000, 36,135,1
84512,2007-02-20 14:38:33,121.388100,31.262800, 42,  0,1
84512,2007-02-20 14:40:35,121.384600,31.271000, 52,135,1
84512,2007-02-20 14:41:36,121.379500,31.272000, 10,135,1
84512,2007-02-20 14:43:38,121.366100,31.274100, 50,135,1
84512,2007-02-20 14:44:39,121.360800,31.280100, 44,  0,1
84512,2007-02-20 14:45:40,121.359000,31.281500, 48,135,1
84512,2007-02-20 14:46:41,121.350300,31.282800, 30,135,1
84512,2007-02-20 14:47:42,121.349100,31.286100, 22,  0,1
84512,2007-02-20 14:48:43,121.349100,31.287000, 16, 22,1
84512,2007-02-20 14:49:44,121.346800,31.286100, 40,135,1
84512,2007-02-20 14:51:21,121.341500,31.285800,  0,  0,0
84512,2007-02-20 14:51:36,121.341500,31.285800,  0,  0,0
84512,2007-02-20 14:52:37,121.341500,31.285800,  0,  0,0
84512,2007-02-20 14:52:55,121.342000,31.285600, 26, 45,1
84512,2007-02-20 14:54:57,121.347100,31.283300, 42, 45,1
84512,2007-02-20 14:55:58,121.354100,31.282100, 52, 45,1
84512,2007-02-20 14:56:59,121.360600,31.279600, 52, 90,1
84512,2007-02-20 14:58:00,121.365500,31.274100, 30, 67,1
84512,2007-02-20 14:59:01,121.371800,31.273000,  6, 45,1
84512,2007-02-20 15:00:02,121.371800,31.273000,  0, 45,1
84512,2007-02-20 15:01:03,121.375500,31.272600, 54, 45,1
84512,2007-02-20 15:02:04,121.380500,31.271600, 66, 45,1
84512,2007-02-20 15:03:05,121.388000,31.268800, 54, 90,1
84512,2007-02-20 15:04:06,121.387100,31.256300, 98, 90,1
84512,2007-02-20 15:05:07,121.380600,31.243100, 90,112,1
84512,2007-02-20 15:06:08,121.374000,31.231800, 84, 90,1
84512,2007-02-20 15:07:09,121.371500,31.220300, 82, 90,1
84512,2007-02-20 15:08:10,121.373600,31.217500, 16, 45,1
84512,2007-02-20 15:09:11,121.375000,31.217300,  0, 45,1
84512,2007-02-20 15:10:12,121.379300,31.217100, 58, 45,1
84512,2007-02-20 15:11:13,121.382300,31.216600, 60, 45,1
84512,2007-02-20 15:12:14,121.390300,31.214800,  0, 45,1
84512,2007-02-20 15:13:15,121.390600,31.214800, 18, 45,1
84512,2007-02-20 15:14:16,121.394800,31.216800, 26, 45,1
84512,2007-02-20 15:15:17,121.397300,31.216500, 28, 45,1
84512,2007-02-20 15:16:18,121.399800,31.215500,  0, 90,1
84512,2007-02-20 15:17:19,121.403000,31.214600, 12, 45,1
84512,2007-02-20 15:24:33,121.425800,31.215100, 20, 45,0
84512,2007-02-20 15:25:34,121.426600,31.214800, 16, 45,0
84512,2007-02-20 15:26:15,121.428100,31.215500, 16, 22,0
84512,2007-02-20 15:26:31,121.429600,31.216300, 46, 22,0
84512,2007-02-20 15:26:47,121.431600,31.218100, 64, 22,0
84512,2007-02-20 15:27:03,121.433500,31.219300, 32, 22,0
84512,2007-02-20 15:27:34,121.434100,31.219800,  8, 22,0
84512,2007-02-20 15:28:14,121.435100,31.220500, 10, 22,0
84512,2007-02-20 15:28:49,121.436300,31.221000, 20, 45,0
84512,2007-02-20 15:29:05,121.437600,31.221100, 36, 45,0
84512,2007-02-20 15:29:21,121.438600,31.221600, 26, 22,0
84512,2007-02-20 15:29:37,121.439800,31.222300, 44, 22,0
84512,2007-02-20 15:29:53,121.442000,31.222600, 52, 45,0
84512,2007-02-20 15:30:25,121.445500,31.223600, 20, 22,0
84512,2007-02-20 15:30:41,121.447100,31.224300, 52, 22,0
84512,2007-02-20 15:30:57,121.449500,31.225300, 56, 22,0
84512,2007-02-20 15:31:13,121.452500,31.225600, 78, 45,0
84512,2007-02-20 15:31:29,121.456100,31.225600, 78, 45,0
84512,2007-02-20 15:31:45,121.459100,31.225500, 68, 45,0
84512,2007-02-20 15:32:01,121.462000,31.225300, 64, 45,0
84512,2007-02-20 15:32:17,121.464500,31.225600, 50, 45,0
84512,2007-02-20 15:32:33,121.466300,31.224100, 64, 67,0
84512,2007-02-20 15:32:49,121.467100,31.221800, 70, 90,0
84512,2007-02-20 15:34:54,121.470600,31.204100, 56, 90,0
84512,2007-02-20 15:35:26,121.472300,31.199800, 64, 90,0
84512,2007-02-20 15:35:42,121.473500,31.197600, 66, 67,0
84512,2007-02-20 15:35:58,121.474600,31.195100, 74, 90,0
84512,2007-02-20 15:36:14,121.475800,31.192300, 84, 90,0
84512,2007-02-20 15:36:30,121.477000,31.189500, 72, 90,0
84512,2007-02-20 15:36:46,121.477800,31.187000, 72, 90,0
84512,2007-02-20 15:37:02,121.478800,31.184500, 72, 90,0
84512,2007-02-20 15:37:34,121.479500,31.179800, 76,112,0
84512,2007-02-20 15:37:50,121.477000,31.178000, 70,112,0
84512,2007-02-20 15:38:06,121.474100,31.176500, 74,112,0
84512,2007-02-20 15:38:22,121.473300,31.173800, 74, 90,0
84512,2007-02-20 15:38:38,121.474500,31.171000, 82, 90,0
84512,2007-02-20 15:38:54,121.475600,31.168300, 82, 90,0
84512,2007-02-20 15:39:10,121.476800,31.165100, 80, 90,0
84512,2007-02-20 15:39:26,121.477800,31.162600, 72, 90,0
84512,2007-02-20 15:39:42,121.478600,31.160300, 56, 90,0
84512,2007-02-20 15:39:58,121.479100,31.159300, 22, 90,0
84512,2007-02-20 15:40:14,121.479600,31.158300, 14, 67,0
84512,2007-02-20 15:40:30,121.481000,31.158800, 40, 22,0
84512,2007-02-20 15:40:46,121.482000,31.159300, 18, 22,0
84512,2007-02-20 15:41:02,121.483100,31.159800, 32, 22,0
84512,2007-02-20 15:41:18,121.484600,31.160500, 44, 22,0
84512,2007-02-20 15:41:34,121.485800,31.161000,  0, 22,0
84512,2007-02-20 15:42:17,121.486800,31.161500, 40, 22,0
84512,2007-02-20 15:42:33,121.488600,31.162100, 52, 22,0
84512,2007-02-20 15:42:49,121.489800,31.162100, 36, 90,0
84512,2007-02-20 15:43:05,121.490100,31.161000, 14, 90,0
84512,2007-02-20 15:44:06,121.490000,31.160800,  0,112,0
84512,2007-02-20 15:45:07,121.490000,31.160800,  0,112,0
84512,2007-02-20 15:45:44,121.489800,31.161800, 28,  0,0
84512,2007-02-20 15:46:19,121.489300,31.162600, 12,135,0
84512,2007-02-20 15:46:51,121.486600,31.161500, 28,112,0
84512,2007-02-20 15:47:10,121.485600,31.161000, 40,112,0
84512,2007-02-20 15:47:26,121.483600,31.160100, 54,112,0
84512,2007-02-20 15:47:42,121.481800,31.159300, 50,112,0
84512,2007-02-20 15:47:58,121.480100,31.158500, 20,112,0
84512,2007-02-20 15:48:59,121.479600,31.158600, 28,157,0
84512,2007-02-20 15:49:15,121.479100,31.160100, 64,  0,0
84512,2007-02-20 15:49:31,121.478100,31.162800, 82,  0,0
84512,2007-02-20 15:49:47,121.477000,31.165300, 72,  0,0
84512,2007-02-20 15:50:03,121.476000,31.167800, 68,  0,0
84512,2007-02-20 15:50:19,121.475000,31.170300, 76,  0,0
84512,2007-02-20 15:50:35,121.474000,31.173000, 66,  0,0
84512,2007-02-20 15:50:51,121.473600,31.175600, 84,  0,0
84512,2007-02-20 15:51:07,121.476500,31.177600,102, 22,0
84512,2007-02-20 15:51:23,121.479800,31.179800, 98, 22,0
84512,2007-02-20 15:53:24,121.473600,31.199300, 50, 22,0
84512,2007-02-20 15:53:56,121.479100,31.201300, 68, 45,0
84512,2007-02-20 15:54:12,121.482000,31.202100, 74, 45,0
84512,2007-02-20 15:54:28,121.485300,31.203500, 78, 22,0
84512,2007-02-20 15:54:44,121.488000,31.205100, 76, 22,0
84512,2007-02-20 15:55:00,121.490300,31.207000, 74, 22,0
84512,2007-02-20 15:55:32,121.495000,31.209600, 50, 22,0
84512,2007-02-20 15:55:48,121.496300,31.210800, 34, 22,0
84512,2007-02-20 15:56:04,121.497300,31.211800, 34, 22,0
84512,2007-02-20 15:56:49,121.496500,31.211100,  4, 22,0
84512,2007-02-20 15:57:13,121.496600,31.212000, 36,  0,0
84512,2007-02-20 15:57:29,121.495800,31.213300, 32,157,0
84512,2007-02-20 15:58:01,121.493100,31.214300, 38,157,0
84512,2007-02-20 15:58:43,121.491600,31.215100,  0,135,0
84512,2007-02-20 15:59:22,121.490600,31.215000, 40,135,0
84512,2007-02-20 15:59:54,121.488500,31.215600, 32,  0,0
84512,2007-02-20 16:00:44,121.488100,31.216600, 32,  0,0
84512,2007-02-20 16:01:00,121.487800,31.218000, 36,  0,0
84512,2007-02-20 16:01:16,121.487300,31.219600, 40,  0,0
84512,2007-02-20 16:01:35,121.486800,31.220300, 22,112,0
84512,2007-02-20 16:01:51,121.485600,31.219600, 36,112,0
84512,2007-02-20 16:02:15,121.484600,31.219100, 34,112,0
84512,2007-02-20 16:02:31,121.483500,31.218500, 40,112,0
84512,2007-02-20 16:03:32,121.482300,31.218100, 16,157,0
84512,2007-02-20 16:03:55,121.481500,31.218600, 12,112,0
84512,2007-02-20 16:04:19,121.480300,31.218100, 34,112,0
84512,2007-02-20 16:04:35,121.479600,31.218500, 42,157,0
84512,2007-02-20 16:04:51,121.478600,31.220000, 54,157,0
84512,2007-02-20 16:05:07,121.477800,31.221800, 52,157,0
84512,2007-02-20 16:05:23,121.477300,31.222600, 16,157,0
84512,2007-02-20 16:06:03,121.476800,31.224600, 24,  0,0
84512,2007-02-20 16:06:23,121.476500,31.225600, 24,157,0
84512,2007-02-20 16:07:24,121.476100,31.226500, 16,  0,0
84512,2007-02-20 16:08:25,121.475600,31.227500, 22,157,0
84512,2007-02-20 16:08:57,121.474000,31.230100, 16,157,0
84512,2007-02-20 16:09:28,121.473100,31.230300, 34,157,0
84512,2007-02-20 16:09:44,121.471300,31.229300, 54,157,0
84512,2007-02-20 16:09:45,121.471300,31.229100, 56,157,1
84512,2007-02-20 16:10:46,121.458600,31.225800, 86,157,1
84512,2007-02-20 16:11:47,121.445000,31.223800, 92,157,1
84512,2007-02-20 16:12:48,121.433800,31.220000, 62,157,1
84512,2007-02-20 16:13:49,121.423800,31.212100, 90,157,1
84512,2007-02-20 16:17:10,121.383100,31.196000,104,157,1
84512,2007-02-20 16:18:11,121.369000,31.190300, 84,157,1
84512,2007-02-20 16:19:12,121.355100,31.186300, 92,157,1
84512,2007-02-20 16:20:13,121.355600,31.175500, 82,157,1
84512,2007-02-20 16:21:14,121.360100,31.164000, 74,157,1
84512,2007-02-20 16:22:15,121.359300,31.159800,  0,157,1
84512,2007-02-20 16:23:16,121.355300,31.159300, 50,157,1
84512,2007-02-20 16:24:17,121.352600,31.159000, 34,157,1
84512,2007-02-20 16:25:18,121.346000,31.157300, 44,157,1
84512,2007-02-20 16:26:19,121.343100,31.156500, 24,157,1
84512,2007-02-20 16:27:20,121.340000,31.154600, 46,157,1
84512,2007-02-20 16:28:21,121.337300,31.153300,  2,157,1
84512,2007-02-20 16:29:22,121.337300,31.153300,  0,157,1
84512,2007-02-20 16:30:23,121.337300,31.153300,  0,157,1
84512,2007-02-20 16:31:24,121.337300,31.153300,  0,157,1
84512,2007-02-20 16:32:25,121.337300,31.153300,  0,157,1
84512,2007-02-20 16:33:26,121.337300,31.153300,  0,157,1
84512,2007-02-20 16:34:27,121.337300,31.153300,  0,157,1
84512,2007-02-20 16:35:28,121.337300,31.153300,  0,157,1
84512,2007-02-20 16:36:29,121.337300,31.153300,  0,157,1
84512,2007-02-20 16:37:30,121.337300,31.153300,  0,157,1
84512,2007-02-20 16:38:31,121.337300,31.153300,  0,157,1
84512,2007-02-20 16:39:32,121.337300,31.153300,  0,157,1
84512,2007-02-20 16:40:33,121.337300,31.153300,  0,157,1
84512,2007-02-20 16:42:35,121.337300,31.153300,  0,157,1
84512,2007-02-20 16:43:36,121.337300,31.153300,  0,157,1
84512,2007-02-20 16:44:37,121.337300,31.153300,  0,157,1
84512,2007-02-20 16:45:37,121.337300,31.153300,  0,157,1
84512,2007-02-20 16:46:38,121.337300,31.153300,  0,157,1
84512,2007-02-20 16:47:39,121.337300,31.153300,  0,157,1
84512,2007-02-20 16:48:41,121.337300,31.153300,  0,157,1
84512,2007-02-20 16:49:41,121.337300,31.153300,  0,157,1
84512,2007-02-20 16:50:42,121.337300,31.153300,  0,157,1
84512,2007-02-20 16:51:43,121.337300,31.153300,  0,157,1
84512,2007-02-20 16:52:45,121.337300,31.153300,  0,157,1
84512,2007-02-20 16:53:45,121.337300,31.153300,  0,157,1
84512,2007-02-20 16:54:46,121.337300,31.153300,  0,157,1
84512,2007-02-20 16:55:47,121.337300,31.153300,  0,157,1
84512,2007-02-20 16:56:48,121.337300,31.153300,  0,157,1
84512,2007-02-20 16:57:49,121.337300,31.153300,  0,157,1
84512,2007-02-20 16:58:50,121.337300,31.153300,  0,157,1
84512,2007-02-20 16:59:51,121.337300,31.153300,  0,157,1
84512,2007-02-20 17:00:52,121.337300,31.153300,  0,157,1
84512,2007-02-20 17:01:53,121.337300,31.153300,  0,157,1
84512,2007-02-20 17:02:54,121.337300,31.153300,  0,157,1
84512,2007-02-20 17:03:55,121.337300,31.153300,  0,157,1
84512,2007-02-20 17:05:57,121.337300,31.153300,  0,157,1
84512,2007-02-20 17:06:58,121.337300,31.153300,  0,157,1
84512,2007-02-20 17:07:59,121.337300,31.153300,  0,157,1
84512,2007-02-20 17:09:00,121.337300,31.153300,  0,157,1
84512,2007-02-20 17:10:01,121.337300,31.153300,  0,157,1
84512,2007-02-20 17:11:02,121.337300,31.153300,  0,157,1
84512,2007-02-20 17:12:03,121.337300,31.153300,  0,157,1
84512,2007-02-20 17:14:05,121.337300,31.153300,  0,157,1
84512,2007-02-20 17:15:06,121.337300,31.153300,  0,157,1
84512,2007-02-20 17:16:07,121.337300,31.153300,  0,157,1
84512,2007-02-20 17:19:10,121.337300,31.153300,  0,157,1
84512,2007-02-20 17:20:12,121.337300,31.153300,  0,157,1
84512,2007-02-20 17:21:12,121.337300,31.153300,  0,157,1
84512,2007-02-20 17:22:13,121.337300,31.153300,  0,157,1
84512,2007-02-20 17:24:15,121.337300,31.153300,  0,157,1
84512,2007-02-20 17:25:17,121.337300,31.153300,  0,157,1
84512,2007-02-20 17:26:17,121.337300,31.153300,  0,157,1
84512,2007-02-20 17:27:19,121.337300,31.153300,  0,157,1
84512,2007-02-20 17:28:19,121.337300,31.153300,  0,157,1
84512,2007-02-20 17:29:20,121.337300,31.153300,  0,157,1
84512,2007-02-20 17:30:21,121.337300,31.153300,  0,157,1
84512,2007-02-20 17:31:22,121.337300,31.153300,  0,157,1
84512,2007-02-20 17:32:23,121.337300,31.153300,  0,157,1
84512,2007-02-20 17:33:24,121.337300,31.153300,  0,157,1
84512,2007-02-20 17:36:27,121.337300,31.153300,  0,157,1
84512,2007-02-20 17:37:28,121.337300,31.153300,  0,157,1
84512,2007-02-20 17:38:29,121.337300,31.153300,  0,157,1
84512,2007-02-20 17:39:30,121.337300,31.153300,  0,157,1
84512,2007-02-20 17:40:31,121.337300,31.153300,  0,157,1
84512,2007-02-20 17:41:32,121.337300,31.153300,  0,157,1
84512,2007-02-20 17:42:34,121.337300,31.153300,  0,157,1
84512,2007-02-20 17:43:34,121.337300,31.153300,  0,157,1
84512,2007-02-20 17:44:35,121.337300,31.153300,  0,157,1
84512,2007-02-20 17:45:36,121.337300,31.153300,  0,157,1
84512,2007-02-20 17:46:37,121.337300,31.153300,  0,157,1
84512,2007-02-20 17:47:38,121.337300,31.153300,  0,157,1
84512,2007-02-20 17:48:38,121.337300,31.153300,  0,157,1
84512,2007-02-20 17:49:39,121.337300,31.153300,  0,157,1
84512,2007-02-20 17:50:40,121.337300,31.153300,  0,157,1
84512,2007-02-20 17:51:41,121.337300,31.153300,  0,157,1
84512,2007-02-20 17:52:43,121.337300,31.153300,  0,157,1
84512,2007-02-20 17:53:44,121.337300,31.153300,  0,157,1
84512,2007-02-20 17:54:44,121.337300,31.153300,  0,157,1
84512,2007-02-20 17:55:46,121.337300,31.153300,  0,157,1
84512,2007-02-20 17:56:47,121.337300,31.153300,  0,157,1
84512,2007-02-20 17:57:48,121.337300,31.153300,  0,157,1
84512,2007-02-20 17:58:49,121.337300,31.153300,  0,157,1
84512,2007-02-20 17:59:49,121.337300,31.153300,  0,157,1
84512,2007-02-20 18:00:51,121.337300,31.153300,  0,157,1
84512,2007-02-20 18:01:52,121.337300,31.153300,  0,157,1
84512,2007-02-20 18:02:53,121.337300,31.153300,  0,157,1
84512,2007-02-20 18:03:54,121.337300,31.153300,  0,157,1
84512,2007-02-20 18:04:54,121.337300,31.153300,  0,157,1
84512,2007-02-20 18:05:56,121.337300,31.153300,  0,157,1
84512,2007-02-20 18:06:57,121.337300,31.153300,  0,157,1
84512,2007-02-20 18:07:58,121.337300,31.153300,  0,157,1
84512,2007-02-20 18:08:59,121.337300,31.153300,  0,157,1
84512,2007-02-20 18:09:59,121.337300,31.153300,  0,157,1
84512,2007-02-20 18:11:01,121.337300,31.153300,  0,157,1
84512,2007-02-20 18:12:02,121.337300,31.153300,  0,157,1
84512,2007-02-20 18:13:03,121.337300,31.153300,  0,157,1
84512,2007-02-20 18:14:04,121.337300,31.153300,  0,157,1
84512,2007-02-20 18:15:04,121.337300,31.153300,  0,157,1
84512,2007-02-20 18:16:06,121.337300,31.153300,  0,157,1
84512,2007-02-20 18:17:07,121.337300,31.153300,  6,157,1
84512,2007-02-20 18:18:08,121.341600,31.155500, 50,157,1
84512,2007-02-20 18:19:09,121.343600,31.156500,  0,157,1
84512,2007-02-20 18:20:09,121.344500,31.156300, 26,157,1
84512,2007-02-20 18:21:11,121.349800,31.158500, 42,157,1
84512,2007-02-20 18:22:12,121.352500,31.158800,  0,157,1
84512,2007-02-20 18:23:13,121.358500,31.159600, 30,157,1
84512,2007-02-20 18:24:14,121.361300,31.159600, 30,157,1
84512,2007-02-20 18:25:14,121.365600,31.152000, 76,157,1
84512,2007-02-20 18:26:16,121.371500,31.141500, 88,157,1
84512,2007-02-20 18:27:17,121.377500,31.131000, 84,157,1
84512,2007-02-20 18:28:18,121.384000,31.121500, 62,157,1
84512,2007-02-20 18:29:19,121.387300,31.123300, 58,157,1
84512,2007-02-20 18:30:19,121.394000,31.130000, 72,157,1
84512,2007-02-20 18:31:21,121.403000,31.138600, 70,157,1
84512,2007-02-20 18:32:22,121.410800,31.146100, 82,157,1
84512,2007-02-20 18:33:23,121.419300,31.154100, 78,157,1
84512,2007-02-20 18:34:24,121.428000,31.162600, 74,157,1
84512,2007-02-20 18:35:24,121.430300,31.172600, 68,157,1
84512,2007-02-20 18:36:26,121.432800,31.180300, 52,157,1
84512,2007-02-20 18:37:27,121.442300,31.184100, 68,157,1
84512,2007-02-20 18:39:29,121.463300,31.195500, 84,157,1
84512,2007-02-20 18:40:29,121.475300,31.200000, 86,157,1
84512,2007-02-20 18:41:31,121.487100,31.204500, 74,157,1
84512,2007-02-20 18:42:32,121.497000,31.209000, 50,157,1
84512,2007-02-20 18:43:33,121.498100,31.208100, 62,157,1
84512,2007-02-20 18:44:34,121.508800,31.204100, 70,157,1
84512,2007-02-20 18:45:34,121.510300,31.207600, 48,157,1
84512,2007-02-20 18:46:36,121.514800,31.210100, 30,157,1
84512,2007-02-20 18:47:37,121.514600,31.206800, 34,157,1
84512,2007-02-20 19:42:03,121.511800,31.199500,  0,157,0
84512,2007-02-20 19:44:05,121.511800,31.199500,  0,157,0
84512,2007-02-20 19:45:06,121.511500,31.199500,  0,157,0
84512,2007-02-20 19:46:07,121.511500,31.199500,  0,157,0
84512,2007-02-20 19:47:08,121.511500,31.199500,  0,157,0
84512,2007-02-20 19:49:10,121.511500,31.199500,  0,157,0
84512,2007-02-20 19:50:11,121.511500,31.199500,  0,157,0
84512,2007-02-20 19:51:12,121.511500,31.199500,  0,157,0
84512,2007-02-20 19:52:13,121.511500,31.199500,  0,157,0
84512,2007-02-20 19:53:14,121.511500,31.199500,  0,157,0
84512,2007-02-20 19:54:15,121.511500,31.199500,  0,157,0
84512,2007-02-20 19:55:16,121.511500,31.199500,  0,157,0
84512,2007-02-20 19:56:17,121.511500,31.199500,  0,157,0
84512,2007-02-20 19:57:18,121.511500,31.199500,  0,157,0
84512,2007-02-20 19:58:19,121.511500,31.199500,  0,157,0
84512,2007-02-20 19:59:20,121.511500,31.199500,  0,157,0
84512,2007-02-20 20:00:21,121.511500,31.199500,  0,157,0
84512,2007-02-20 20:01:22,121.511500,31.199500,  0,157,0
84512,2007-02-20 20:02:23,121.511500,31.199500,  0,157,0
84512,2007-02-20 20:03:24,121.511500,31.199500,  0,157,0
84512,2007-02-20 20:04:25,121.511500,31.199300,  0,157,0
84512,2007-02-20 20:06:27,121.511600,31.199300,  0,157,0
84512,2007-02-20 20:07:28,121.511600,31.199300,  0,157,0
84512,2007-02-20 20:09:30,121.511600,31.199300,  0,157,0
84512,2007-02-20 20:10:31,121.511600,31.199300,  0,157,0
84512,2007-02-20 20:11:32,121.511600,31.199300,  0,157,0
84512,2007-02-20 20:12:33,121.511800,31.199500,  0,157,0
84512,2007-02-20 20:14:35,121.511800,31.199500,  0,157,0
84512,2007-02-20 20:15:36,121.511800,31.199500,  0,157,0
84512,2007-02-20 20:16:37,121.511800,31.199500,  0,157,0
84512,2007-02-20 20:17:38,121.511800,31.199500,  0,157,0
84512,2007-02-20 20:18:39,121.511800,31.199300,  0,157,0
84512,2007-02-20 20:19:51,121.511800,31.199300,  0,  0,0
84512,2007-02-20 20:20:51,121.511800,31.199300,  0,  0,0
84512,2007-02-20 20:21:52,121.511800,31.199300,  0,  0,0
84512,2007-02-20 20:22:53,121.511800,31.199300,  0,  0,0
84512,2007-02-20 20:23:54,121.511800,31.199300,  0,  0,0
84512,2007-02-20 20:24:55,121.511800,31.199300,  0,  0,0
84512,2007-02-20 20:25:56,121.511800,31.199300,  0,  0,0
84512,2007-02-20 20:26:57,121.511800,31.199300,  0,  0,0
84512,2007-02-20 20:27:58,121.511800,31.199300,  0,  0,0
84512,2007-02-20 20:29:37,121.511800,31.199300,  0,  0,0
84512,2007-02-20 20:30:37,121.511800,31.199300,  0,  0,0
84512,2007-02-20 20:31:38,121.511800,31.199300,  0,  0,0
84512,2007-02-20 20:32:39,121.511800,31.199300,  0,  0,0
84512,2007-02-20 20:34:41,121.511800,31.199300,  0,  0,0
84512,2007-02-20 20:36:43,121.511800,31.199300,  0,  0,0
84512,2007-02-20 20:37:44,121.511800,31.199300,  0,  0,0
84512,2007-02-20 20:38:45,121.511800,31.199300,  0,  0,0
84512,2007-02-20 20:39:46,121.511800,31.199300,  0,  0,0
84512,2007-02-20 20:40:47,121.511800,31.199300,  0,  0,0
84512,2007-02-20 20:41:48,121.511800,31.199300,  0,  0,0
84512,2007-02-20 20:42:49,121.511800,31.199300,  0,  0,0
84512,2007-02-20 20:43:50,121.511800,31.199300,  0,  0,0
84512,2007-02-20 20:44:51,121.511800,31.199300,  0,  0,0
84512,2007-02-20 20:45:52,121.511800,31.199300,  0,  0,0
84512,2007-02-20 20:47:54,121.511800,31.199300,  0,  0,0
84512,2007-02-20 20:48:55,121.513600,31.201100, 12, 22,0
84512,2007-02-20 20:49:56,121.511800,31.199500, 18,112,0
84512,2007-02-20 20:50:57,121.512100,31.199800,  0, 22,0
84512,2007-02-20 20:51:58,121.512000,31.199600,  0, 22,0
84512,2007-02-20 20:52:59,121.512000,31.199600,  0, 22,0
84512,2007-02-20 20:54:00,121.512000,31.199600,  0, 22,0
84512,2007-02-20 20:56:02,121.510600,31.198600,  0,112,0
84512,2007-02-20 20:57:03,121.510800,31.198600,  0,112,0
84512,2007-02-20 20:58:04,121.510800,31.198600,  0,112,0
84512,2007-02-20 20:58:48,121.506500,31.194800, 46,112,0
84512,2007-02-20 20:59:04,121.504000,31.192600, 52,112,0
84512,2007-02-20 20:59:20,121.503000,31.192000, 44,112,0
84512,2007-02-20 21:00:21,121.512500,31.200100,  0, 22,0
84512,2007-02-20 21:01:22,121.512500,31.200100,  0, 22,0
84512,2007-02-20 21:02:23,121.512500,31.200100,  0, 22,0
84512,2007-02-20 21:03:24,121.512500,31.200100,  0, 22,0
84512,2007-02-20 21:04:25,121.512500,31.200100,  0, 22,0
84512,2007-02-20 21:05:26,121.512500,31.200100,  0, 22,0
84512,2007-02-20 21:06:27,121.512500,31.200100,  0, 22,0
84512,2007-02-20 21:07:28,121.512500,31.200100,  0, 22,0
84512,2007-02-20 21:08:29,121.512300,31.200000,  0, 22,0
84512,2007-02-20 21:09:30,121.512300,31.200000,  0, 22,0
84512,2007-02-20 21:10:31,121.512300,31.200000,  0, 22,0
84512,2007-02-20 21:11:32,121.512300,31.200000,  0, 22,0
84512,2007-02-20 21:13:34,121.512000,31.199600,  0, 22,0
84512,2007-02-20 21:16:12,121.512000,31.199600,  0, 22,0
84512,2007-02-20 21:18:14,121.512000,31.199600,  0, 22,0
84512,2007-02-20 21:19:15,121.512000,31.199600,  0, 22,0
84512,2007-02-20 21:20:16,121.512000,31.199500,  0, 90,0
84512,2007-02-20 21:21:17,121.512000,31.199500,  0, 90,0
84512,2007-02-20 21:22:18,121.511000,31.199300,  6,157,0
84512,2007-02-20 21:22:45,121.510100,31.198500, 36,112,0
84512,2007-02-20 21:23:01,121.509300,31.197500, 24,112,0
84512,2007-02-20 21:23:17,121.508300,31.197300, 30,157,0
84512,2007-02-20 21:23:33,121.507500,31.198500, 36,157,0
84512,2007-02-20 21:23:49,121.506800,31.199500, 24,157,0
84512,2007-02-20 21:24:17,121.506500,31.200300, 24, 22,0
84512,2007-02-20 21:24:33,121.507300,31.201300, 46, 22,0
84512,2007-02-20 21:24:49,121.508500,31.203100, 64,  0,0
84512,2007-02-20 21:25:05,121.509300,31.205500, 52,  0,0
84512,2007-02-20 21:25:21,121.511000,31.206000, 46, 45,0
84512,2007-02-20 21:25:37,121.512300,31.205000, 42, 90,0
84512,2007-02-20 21:25:53,121.510800,31.204100, 42,135,0
84512,2007-02-20 21:26:09,121.509100,31.204600, 40,135,0
84512,2007-02-20 21:26:25,121.507100,31.205300, 52,135,0
84512,2007-02-20 21:26:41,121.504800,31.206100, 48,157,0
84512,2007-02-20 21:26:57,121.502800,31.206800, 60,135,0
84512,2007-02-20 21:27:13,121.500500,31.207600, 56,157,0
84512,2007-02-20 21:27:29,121.498300,31.208500, 50,135,0
84512,2007-02-20 21:27:45,121.496500,31.209000, 44,157,0
84512,2007-02-20 21:28:01,121.496000,31.210500, 42, 22,0
84512,2007-02-20 21:28:17,121.497800,31.211000, 46, 45,0
84512,2007-02-20 21:28:33,121.498500,31.209500, 38, 90,0
84512,2007-02-20 21:28:49,121.496800,31.209100, 46,157,0
84512,2007-02-20 21:29:05,121.496300,31.210800, 48,  0,0
84512,2007-02-20 21:29:21,121.496100,31.212800, 54,157,0
84512,2007-02-20 21:29:37,121.493800,31.213500, 56,157,0
84512,2007-02-20 21:29:53,121.492100,31.215000, 50,135,0
84512,2007-02-20 21:30:09,121.490100,31.214800, 46,135,0
84512,2007-02-20 21:30:25,121.488600,31.214800, 20,157,0
84512,2007-02-20 21:30:57,121.488000,31.217300, 40,  0,0
84512,2007-02-20 21:31:13,121.487600,31.218600, 36,  0,0
84512,2007-02-20 21:31:29,121.487300,31.219600, 20,  0,0
84512,2007-02-20 21:32:16,121.486600,31.220100, 28,112,0
84512,2007-02-20 21:32:32,121.485300,31.219500,  0,112,0
84512,2007-02-20 21:33:23,121.484300,31.219000, 16,112,0
84512,2007-02-20 21:33:44,121.484600,31.218000, 28, 67,0
84512,2007-02-20 21:34:00,121.485300,31.217000, 28, 90,0
84512,2007-02-20 21:34:21,121.486000,31.216300, 24, 45,0
84512,2007-02-20 21:34:38,121.487100,31.216600, 24, 45,0
84512,2007-02-20 21:35:39,121.488000,31.216600, 22, 67,0
84512,2007-02-20 21:36:10,121.488300,31.215600, 46, 90,0
84512,2007-02-20 21:36:26,121.488800,31.214300, 28, 45,0
84512,2007-02-20 21:36:42,121.490500,31.214500, 28, 45,0
84512,2007-02-20 21:36:58,121.492100,31.214800, 38, 45,0
84512,2007-02-20 21:37:14,121.493100,31.213600, 42, 67,0
84512,2007-02-20 21:37:46,121.495600,31.212800, 26, 67,0
84512,2007-02-20 21:38:02,121.496300,31.211800, 28, 67,0
84512,2007-02-20 21:38:26,121.496300,31.211000, 36,112,0
84512,2007-02-20 21:38:42,121.495100,31.210000, 40,112,0
84512,2007-02-20 21:38:58,121.493500,31.209100, 44,112,0
84512,2007-02-20 21:39:14,121.491800,31.208300, 48,112,0
84512,2007-02-20 21:39:30,121.490000,31.206800, 56,112,0
84512,2007-02-20 21:40:02,121.486000,31.204000, 62,112,0
84512,2007-02-20 21:40:18,121.483500,31.202800, 68,135,0
84512,2007-02-20 21:40:34,121.480800,31.202000, 62,135,0
84512,2007-02-20 21:40:50,121.478300,31.201100, 58,135,0
84512,2007-02-20 21:41:06,121.476000,31.200300, 58,135,0
84512,2007-02-20 21:41:22,121.473800,31.199600, 46,135,0
84512,2007-02-20 21:41:38,121.472100,31.199500, 34,112,0
84512,2007-02-20 21:41:54,121.472800,31.198300, 50, 67,0
84512,2007-02-20 21:42:10,121.474000,31.196600, 52, 67,0
84512,2007-02-20 21:42:26,121.474600,31.194800, 50, 90,0
84512,2007-02-20 21:42:42,121.475500,31.193000, 56, 90,0
84512,2007-02-20 21:42:58,121.476100,31.191000, 54, 90,0
84512,2007-02-20 21:43:14,121.477000,31.188800, 54, 90,0
84512,2007-02-20 21:43:30,121.477800,31.187100, 50, 90,0
84512,2007-02-20 21:43:46,121.478500,31.185300, 56, 90,0
84512,2007-02-20 21:44:02,121.479300,31.183100, 56, 90,0
84512,2007-02-20 21:44:18,121.480000,31.181100, 56, 90,0
84512,2007-02-20 21:44:34,121.479100,31.179300, 56,112,0
84512,2007-02-20 21:44:50,121.477100,31.178100, 58,112,0
84512,2007-02-20 21:45:06,121.475000,31.177000, 52,112,0
84512,2007-02-20 21:45:22,121.473500,31.175600, 52,112,0
84512,2007-02-20 21:45:38,121.473500,31.173500, 58, 90,0
84512,2007-02-20 21:45:54,121.474300,31.171500, 58, 90,0
84512,2007-02-20 21:46:10,121.475100,31.169500, 58, 90,0
84512,2007-02-20 21:46:26,121.475800,31.167500, 58, 90,0
84512,2007-02-20 21:46:42,121.476600,31.165300, 56, 90,0
84512,2007-02-20 21:46:58,121.477500,31.163500, 60, 90,0
84512,2007-02-20 21:47:14,121.478500,31.161100, 54, 90,0
84512,2007-02-20 21:47:30,121.479100,31.159300, 40, 90,0
84512,2007-02-20 21:48:31,121.479500,31.158500,  0, 67,0
84512,2007-02-20 21:49:12,121.480500,31.158500, 28, 22,0
84512,2007-02-20 21:49:28,121.481800,31.159100, 38, 22,0
84512,2007-02-20 21:49:44,121.483100,31.159800, 42, 22,0
84512,2007-02-20 21:50:00,121.484800,31.160500, 40, 22,0
84512,2007-02-20 21:50:16,121.486300,31.161100, 38, 22,0
84512,2007-02-20 21:50:32,121.488000,31.161800, 36, 22,0
84512,2007-02-20 21:51:33,121.488600,31.162100,  0, 22,0
84512,2007-02-20 21:52:34,121.488600,31.162100,  0, 22,0
84512,2007-02-20 21:53:35,121.488600,31.162100,  0, 22,0
84512,2007-02-20 21:54:36,121.488600,31.162100,  0, 22,0
84512,2007-02-20 21:55:37,121.488600,31.162100,  0, 22,0
84512,2007-02-20 21:56:38,121.488600,31.162100,  0, 22,0
84512,2007-02-20 21:57:39,121.488600,31.162100,  0, 22,0
84512,2007-02-20 21:58:40,121.488600,31.162100,  0, 22,0
84512,2007-02-20 21:59:41,121.488600,31.162100,  0, 22,0
84512,2007-02-20 22:00:10,121.489600,31.162300, 34, 67,0
84512,2007-02-20 22:00:26,121.490100,31.161100, 36, 90,0
84512,2007-02-20 22:00:43,121.490500,31.160100, 20, 90,0
84512,2007-02-20 22:00:59,121.489300,31.159600, 32,112,0
84512,2007-02-20 22:01:15,121.488100,31.159100, 22,112,0
84512,2007-02-20 22:02:16,121.487600,31.159100,  0,135,0
84512,2007-02-20 22:03:17,121.486600,31.158600,  4,135,0
84512,2007-02-20 22:04:49,121.486800,31.156000, 22, 45,0
84512,2007-02-20 22:05:06,121.488000,31.156300, 28, 45,0
84512,2007-02-20 22:05:32,121.488100,31.157000, 22,  0,0
84512,2007-02-20 22:05:51,121.488000,31.158000, 14,  0,0
84512,2007-02-20 22:06:24,121.487500,31.157600,  8, 67,0
84512,2007-02-20 22:07:25,121.487600,31.157600,  0, 22,0
84512,2007-02-20 22:08:26,121.487600,31.157600,  0, 22,0
84512,2007-02-20 22:09:27,121.487600,31.157600,  0, 22,0
84512,2007-02-20 22:10:28,121.487600,31.157600,  0, 22,0
84512,2007-02-20 22:11:29,121.487600,31.157600,  0, 22,0
84512,2007-02-20 22:12:30,121.487600,31.157600,  0, 22,0
84512,2007-02-20 22:13:31,121.487600,31.157600,  0, 22,0
84512,2007-02-20 22:14:32,121.487600,31.157600,  0, 22,0
84512,2007-02-20 22:15:33,121.487600,31.157600,  0, 22,0
84512,2007-02-20 22:16:34,121.487600,31.157600,  0, 22,0
84512,2007-02-20 22:17:35,121.487600,31.157600,  0, 22,0
84512,2007-02-20 22:18:36,121.487600,31.157600,  0, 22,0
84512,2007-02-20 22:19:37,121.487600,31.157600,  0, 22,0
84512,2007-02-20 22:20:38,121.487600,31.157600,  0, 22,0
84512,2007-02-20 22:21:39,121.487600,31.157600,  0, 22,0
84512,2007-02-20 22:22:40,121.487600,31.157600,  0, 22,0
84512,2007-02-20 22:23:41,121.487600,31.157600,  0, 22,0
84512,2007-02-20 22:24:42,121.487600,31.157600,  0, 22,0
84512,2007-02-20 22:25:43,121.487600,31.157600,  0, 22,0
84512,2007-02-20 22:26:44,121.487600,31.157600,  0, 22,0
84512,2007-02-20 22:27:45,121.487600,31.157600,  0, 22,0
84512,2007-02-20 22:28:46,121.487600,31.157600,  0, 22,0
84512,2007-02-20 22:29:47,121.487600,31.157600,  0, 22,0
84512,2007-02-20 22:30:48,121.487600,31.157600,  0, 22,0
84512,2007-02-20 22:31:49,121.487600,31.157600,  0, 22,0
84512,2007-02-20 22:32:50,121.487600,31.157600,  0, 22,0
84512,2007-02-20 22:33:51,121.487600,31.157600,  0, 22,0
84512,2007-02-20 22:34:52,121.487600,31.157600,  0, 22,0
84512,2007-02-20 22:35:53,121.487600,31.157600,  0, 22,0
84512,2007-02-20 22:36:54,121.487600,31.157600,  0, 22,0
84512,2007-02-20 22:37:55,121.487600,31.157800,  0, 22,0
84512,2007-02-20 22:38:56,121.487500,31.157500,  0, 22,0
84512,2007-02-20 22:39:57,121.487600,31.157500,  0, 22,0
84512,2007-02-20 22:40:58,121.487600,31.157500,  0, 22,0
84512,2007-02-20 22:41:59,121.487600,31.157500,  0, 22,0
84512,2007-02-20 22:43:00,121.487600,31.157500,  0, 22,0
84512,2007-02-20 22:45:02,121.488000,31.157300,  0, 22,0
84512,2007-02-20 22:46:03,121.488000,31.157300,  0, 22,0
84512,2007-02-20 22:47:04,121.487500,31.157600,  0, 22,0
84512,2007-02-20 22:48:05,121.487500,31.157600,  0, 22,0
84512,2007-02-20 22:51:08,121.487500,31.157600,  0, 22,0
84512,2007-02-20 22:52:09,121.487500,31.157600,  0, 22,0
84512,2007-02-20 22:53:10,121.487500,31.157600,  0, 22,0
84512,2007-02-20 22:54:11,121.487500,31.157600,  0, 22,0
84512,2007-02-20 22:55:12,121.487500,31.157600,  0, 22,0
84512,2007-02-20 22:57:14,121.487500,31.157600,  0, 22,0
84512,2007-02-20 22:58:15,121.487500,31.157600,  0, 22,0
84512,2007-02-20 22:59:16,121.487500,31.157600,  0, 22,0
84512,2007-02-20 23:00:17,121.487500,31.157600,  0, 22,0
84512,2007-02-20 23:01:18,121.487500,31.157600,  0, 22,0
84512,2007-02-20 23:02:19,121.487500,31.157600,  0, 22,0
84512,2007-02-20 23:03:20,121.487600,31.157800,  0, 22,0
84512,2007-02-20 23:04:21,121.487300,31.157300,  0, 22,0
84512,2007-02-20 23:05:22,121.487500,31.157800,  0, 22,0
84512,2007-02-20 23:06:23,121.488000,31.157800,  0, 22,0
84512,2007-02-20 23:07:24,121.488000,31.157800,  0, 22,0
84512,2007-02-20 23:08:25,121.488100,31.157800,  0, 22,0
84512,2007-02-20 23:09:26,121.488100,31.157800,  0, 22,0
84512,2007-02-20 23:10:27,121.488100,31.157800,  0, 22,0
84512,2007-02-20 23:11:28,121.488100,31.157800,  0, 22,0
84512,2007-02-20 23:12:29,121.488100,31.157800,  0, 22,0
84512,2007-02-20 23:13:30,121.488100,31.157800,  0, 22,0
84512,2007-02-20 23:14:31,121.488100,31.157800,  0, 22,0
84512,2007-02-20 23:15:32,121.488100,31.157800,  0, 22,0
84512,2007-02-20 23:16:33,121.488100,31.157800,  0, 22,0
84512,2007-02-20 23:18:01,121.488100,31.157800,  0,  0,0
84512,2007-02-20 23:19:02,121.488100,31.157800,  0,  0,0
84512,2007-02-20 23:20:03,121.488300,31.158000,  0,  0,0
84512,2007-02-20 23:21:04,121.488300,31.158000,  0,  0,0
84512,2007-02-20 23:22:05,121.488300,31.158000,  0,  0,0
84512,2007-02-20 23:23:06,121.488300,31.158000,  0,  0,0
84512,2007-02-20 23:24:07,121.488300,31.158000,  0,  0,0
84512,2007-02-20 23:25:08,121.488300,31.158000,  0,  0,0
84512,2007-02-20 23:27:10,121.488300,31.158000,  0,  0,0
84512,2007-02-20 23:28:11,121.488300,31.158000,  0,  0,0
84512,2007-02-20 23:29:12,121.488300,31.158000,  0,  0,0
84512,2007-02-20 23:30:12,121.488300,31.158000,  0,  0,0
84512,2007-02-20 23:31:13,121.487600,31.157500,  0,  0,0
84512,2007-02-20 23:32:14,121.487600,31.157500,  0,  0,0
84512,2007-02-20 23:33:15,121.487600,31.157500,  0,  0,0
84512,2007-02-20 23:34:16,121.487600,31.157500,  0,  0,0
84512,2007-02-20 23:35:17,121.487600,31.157500,  0,  0,0
84512,2007-02-20 23:36:18,121.487600,31.157500,  0,  0,0
84512,2007-02-20 23:37:19,121.487600,31.157500,  0,  0,0
84512,2007-02-20 23:38:20,121.487600,31.157500,  0,  0,0
84512,2007-02-20 23:39:21,121.487600,31.157500,  0,  0,0
84512,2007-02-20 23:40:22,121.487600,31.157500,  0,  0,0
84512,2007-02-20 23:41:23,121.487600,31.157500,  0,  0,0
84512,2007-02-20 23:42:24,121.487600,31.157500,  0,  0,0
84512,2007-02-20 23:43:25,121.487600,31.157500,  0,  0,0
84512,2007-02-20 23:44:26,121.487600,31.157500,  0,  0,0
84512,2007-02-20 23:45:27,121.487600,31.157500,  0,  0,0
84512,2007-02-20 23:46:28,121.487600,31.157500,  0,  0,0
84512,2007-02-20 23:47:29,121.487600,31.157500,  0,  0,0
84512,2007-02-20 23:48:30,121.487600,31.157500,  0,  0,0
84512,2007-02-20 23:49:31,121.487600,31.157500,  0,  0,0
84512,2007-02-20 23:50:32,121.487600,31.157500,  0,  0,0
84512,2007-02-20 23:52:34,121.487600,31.157500,  0,  0,0
84512,2007-02-20 23:53:35,121.487600,31.157500,  0,  0,0
84512,2007-02-20 23:54:36,121.487600,31.157500,  0,  0,0
84512,2007-02-20 23:55:37,121.487600,31.157500,  0,  0,0
84512,2007-02-20 23:56:38,121.487600,31.157500,  0,  0,0
84512,2007-02-20 23:57:39,121.487600,31.157500,  0,  0,0
84512,2007-02-20 23:58:40,121.487600,31.157500,  0,  0,0
84512,2007-02-20 23:59:41,121.487600,31.157500,  0,  0,0
