88939,2007-02-20 00:00:20,121.502000,31.295300,  0, 45,0
88939,2007-02-20 00:01:21,121.502000,31.295300,  0, 45,0
88939,2007-02-20 00:02:21,121.502000,31.295300,  0, 45,0
88939,2007-02-20 00:03:23,121.502000,31.295300,  0, 45,0
88939,2007-02-20 00:04:24,121.502000,31.295300,  0, 45,0
88939,2007-02-20 00:05:25,121.502000,31.295300,  0, 45,0
88939,2007-02-20 00:06:26,121.502000,31.295300,  0, 45,0
88939,2007-02-20 00:06:56,121.502000,31.295300,  2, 90,1
88939,2007-02-20 00:07:56,121.506300,31.293100, 16, 67,1
88939,2007-02-20 00:08:58,121.505800,31.291800,  0, 90,1
88939,2007-02-20 00:09:59,121.504800,31.289800, 42,112,1
88939,2007-02-20 00:11:00,121.503800,31.288000,  0,112,1
88939,2007-02-20 00:12:01,121.503800,31.288000,  0,112,1
88939,2007-02-20 00:13:01,121.501600,31.283800, 46,112,1
88939,2007-02-20 00:14:03,121.497500,31.277300, 36,112,1
88939,2007-02-20 00:15:04,121.495500,31.275500,  0,112,1
88939,2007-02-20 00:16:00,121.494300,31.274500,  0,112,0
88939,2007-02-20 00:17:00,121.496000,31.275800, 40, 22,0
88939,2007-02-20 00:18:01,121.499500,31.279500, 48, 22,0
88939,2007-02-20 00:19:01,121.501800,31.283800,  0, 22,0
88939,2007-02-20 00:20:03,121.502300,31.284800, 40, 22,0
88939,2007-02-20 00:21:04,121.503600,31.287500,  0, 22,0
88939,2007-02-20 00:22:05,121.503600,31.287500,  0, 22,0
88939,2007-02-20 00:23:06,121.504000,31.290100, 36,157,0
88939,2007-02-20 00:24:06,121.499300,31.292500, 34, 22,0
88939,2007-02-20 00:25:08,121.502000,31.295300,  0, 45,0
88939,2007-02-20 00:26:09,121.502000,31.295300,  0, 45,0
88939,2007-02-20 00:27:10,121.502100,31.295500,  4, 90,0
88939,2007-02-20 00:28:11,121.502000,31.295300,  0,112,0
88939,2007-02-20 00:29:12,121.502000,31.295300,  0,112,0
88939,2007-02-20 00:30:13,121.502000,31.295300,  0,112,0
88939,2007-02-20 00:31:14,121.502000,31.295300,  0,112,0
88939,2007-02-20 00:32:15,121.502000,31.295300,  0,112,0
88939,2007-02-20 00:33:16,121.502000,31.295300,  0,112,0
88939,2007-02-20 00:34:17,121.502000,31.295300,  0,112,0
88939,2007-02-20 00:35:18,121.502000,31.295300,  0,112,0
88939,2007-02-20 00:36:19,121.502000,31.295300,  0,112,0
88939,2007-02-20 00:37:20,121.502000,31.295300,  0,112,0
88939,2007-02-20 00:38:21,121.502000,31.295300,  0,112,0
88939,2007-02-20 00:39:22,121.502000,31.295300,  0,112,0
88939,2007-02-20 00:40:23,121.502000,31.295300,  0,112,0
88939,2007-02-20 00:41:24,121.502000,31.295300,  0,112,0
88939,2007-02-20 00:44:27,121.502000,31.295300,  0,112,0
88939,2007-02-20 00:45:28,121.502000,31.295300,  0,112,0
88939,2007-02-20 00:46:29,121.502000,31.295300,  0,112,0
88939,2007-02-20 00:47:30,121.502000,31.295300,  0,112,0
88939,2007-02-20 00:48:31,121.502000,31.295300,  0,112,0
88939,2007-02-20 00:49:32,121.502000,31.295300,  0,112,0
88939,2007-02-20 00:50:33,121.502000,31.295300,  0,112,0
88939,2007-02-20 00:51:34,121.502000,31.295300,  0,112,0
88939,2007-02-20 00:52:35,121.502000,31.295300,  0,112,0
88939,2007-02-20 00:53:36,121.502000,31.295300,  0,112,0
88939,2007-02-20 00:54:37,121.502000,31.295300,  0,112,0
88939,2007-02-20 00:55:38,121.502000,31.295300,  0,112,0
88939,2007-02-20 00:56:39,121.502000,31.295300,  0,112,0
88939,2007-02-20 00:57:40,121.502000,31.295300,  0,112,0
88939,2007-02-20 00:58:41,121.502000,31.295300,  0,112,0
88939,2007-02-20 00:59:42,121.502000,31.295300,  0,112,0
88939,2007-02-20 01:00:43,121.502000,31.295300,  0,112,0
88939,2007-02-20 01:01:44,121.502000,31.295300,  0,112,0
88939,2007-02-20 01:02:45,121.502000,31.295300,  0,112,0
88939,2007-02-20 01:03:46,121.502000,31.295300,  0,112,0
88939,2007-02-20 01:04:47,121.502000,31.295300,  0,112,0
88939,2007-02-20 01:06:49,121.502000,31.295300,  0,112,0
88939,2007-02-20 01:07:50,121.502000,31.295300,  0,112,0
88939,2007-02-20 01:08:51,121.502000,31.295300,  0,112,0
88939,2007-02-20 01:10:02,121.502000,31.295300,  0,112,0
88939,2007-02-20 01:11:02,121.502000,31.295300,  0,112,0
88939,2007-02-20 01:12:03,121.502000,31.295300,  0,112,0
88939,2007-02-20 01:13:04,121.502000,31.295300,  0,112,0
88939,2007-02-20 01:14:05,121.502000,31.295300,  0,112,0
88939,2007-02-20 01:15:06,121.502000,31.295300,  0,112,0
88939,2007-02-20 01:16:07,121.502000,31.295300,  0,112,0
88939,2007-02-20 01:17:08,121.502000,31.295300,  0,112,0
88939,2007-02-20 01:19:10,121.502000,31.295300,  0,112,0
88939,2007-02-20 01:20:11,121.502000,31.295300,  0,112,0
88939,2007-02-20 01:21:12,121.502000,31.295300,  0,112,0
88939,2007-02-20 01:22:13,121.502000,31.295300,  0,112,0
88939,2007-02-20 01:23:14,121.502000,31.295300,  0,112,0
88939,2007-02-20 01:24:15,121.502000,31.295300,  0,112,0
88939,2007-02-20 01:25:16,121.502000,31.295300,  0,112,0
88939,2007-02-20 01:26:17,121.502000,31.295300,  0,112,0
88939,2007-02-20 01:27:18,121.502000,31.295300,  0,112,0
88939,2007-02-20 01:28:19,121.502000,31.295300,  0,112,0
88939,2007-02-20 01:29:20,121.502000,31.295300,  0,112,0
88939,2007-02-20 01:31:22,121.502000,31.295300,  0,112,0
88939,2007-02-20 01:32:23,121.502000,31.295300,  0,112,0
88939,2007-02-20 01:33:24,121.502000,31.295300,  0,112,0
88939,2007-02-20 01:35:26,121.502000,31.295300,  0,112,0
88939,2007-02-20 01:36:27,121.502000,31.295300,  0,112,0
88939,2007-02-20 01:37:28,121.502000,31.295300,  0,112,0
88939,2007-02-20 01:38:29,121.502000,31.295300,  0,112,0
88939,2007-02-20 01:39:30,121.502000,31.295300,  0,112,0
88939,2007-02-20 01:40:31,121.502000,31.295300,  0,112,0
88939,2007-02-20 01:42:33,121.502000,31.295300,  0,112,0
88939,2007-02-20 01:43:34,121.502000,31.295300,  0,112,0
88939,2007-02-20 01:44:35,121.502000,31.295300,  0,112,0
88939,2007-02-20 01:45:36,121.502000,31.295300,  0,112,0
88939,2007-02-20 01:46:37,121.502000,31.295300,  0,112,0
88939,2007-02-20 01:47:38,121.502000,31.295300,  0,112,0
88939,2007-02-20 01:48:39,121.502000,31.295300,  0,112,0
88939,2007-02-20 01:49:40,121.502000,31.295300,  0,112,0
88939,2007-02-20 01:50:41,121.502000,31.295300,  0,112,0
88939,2007-02-20 01:52:43,121.502000,31.295300,  0,112,0
88939,2007-02-20 01:53:44,121.502000,31.295300,  0,112,0
88939,2007-02-20 01:54:45,121.502000,31.295300,  0,112,0
88939,2007-02-20 01:55:46,121.502000,31.295300,  0,112,0
88939,2007-02-20 01:56:47,121.502000,31.295300,  0,112,0
88939,2007-02-20 01:59:50,121.502000,31.295300,  0,112,0
88939,2007-02-20 02:00:51,121.502000,31.295300,  0,112,0
88939,2007-02-20 02:02:53,121.502000,31.295300,  0,112,0
88939,2007-02-20 02:03:54,121.502000,31.295300,  0,112,0
88939,2007-02-20 02:04:55,121.502000,31.295300,  0,112,0
88939,2007-02-20 02:06:57,121.502000,31.295300,  0,112,0
88939,2007-02-20 02:07:58,121.502000,31.295300,  0,112,0
88939,2007-02-20 02:08:59,121.502000,31.295300,  0,112,0
88939,2007-02-20 02:10:00,121.502000,31.295300,  0,112,0
88939,2007-02-20 02:11:01,121.502000,31.295300,  0,112,0
88939,2007-02-20 02:13:03,121.502000,31.295300,  0,112,0
88939,2007-02-20 02:14:04,121.502000,31.295300,  0,112,0
88939,2007-02-20 02:17:07,121.502000,31.295300,  0,112,0
88939,2007-02-20 02:18:08,121.502000,31.295300,  0,112,0
88939,2007-02-20 02:20:10,121.502000,31.295300,  0,112,0
88939,2007-02-20 02:21:11,121.502000,31.295300,  0,112,0
88939,2007-02-20 02:22:12,121.502000,31.295300,  0,112,0
88939,2007-02-20 02:23:13,121.502000,31.295300,  0,112,0
88939,2007-02-20 02:24:14,121.502000,31.295300,  0,112,0
88939,2007-02-20 02:25:15,121.502000,31.295300,  0,112,0
88939,2007-02-20 02:26:16,121.502000,31.295300,  0,112,0
88939,2007-02-20 02:27:17,121.502000,31.295300,  0,112,0
88939,2007-02-20 02:28:18,121.502000,31.295300,  0,112,0
88939,2007-02-20 02:29:19,121.502000,31.295300,  0,112,0
88939,2007-02-20 02:30:20,121.502000,31.295300,  0,112,0
88939,2007-02-20 02:31:21,121.502000,31.295300,  0,112,0
88939,2007-02-20 02:32:22,121.502000,31.295300,  0,112,0
88939,2007-02-20 02:33:23,121.502000,31.295300,  0,112,0
88939,2007-02-20 02:34:24,121.502000,31.295300,  0,112,0
88939,2007-02-20 02:35:25,121.502000,31.295300,  0,112,0
88939,2007-02-20 02:36:26,121.502000,31.295300,  0,112,0
88939,2007-02-20 02:37:27,121.502000,31.295300,  0,112,0
88939,2007-02-20 02:38:28,121.502000,31.295300,  0,112,0
88939,2007-02-20 02:39:29,121.502000,31.295300,  0,112,0
88939,2007-02-20 02:40:30,121.502000,31.295300,  0,112,0
88939,2007-02-20 02:41:31,121.502000,31.295300,  0,112,0
88939,2007-02-20 02:43:33,121.502000,31.295300,  0,112,0
88939,2007-02-20 02:44:34,121.502000,31.295300,  0,112,0
88939,2007-02-20 02:45:35,121.502000,31.295300,  0,112,0
88939,2007-02-20 02:47:36,121.502000,31.295300,  0,112,0
88939,2007-02-20 02:48:38,121.502000,31.295300,  0,112,0
88939,2007-02-20 02:49:39,121.502000,31.295300,  0,112,0
88939,2007-02-20 02:50:40,121.502100,31.295300,  0,112,0
88939,2007-02-20 02:51:40,121.502100,31.295300,  0,112,0
88939,2007-02-20 02:52:41,121.502100,31.295300,  0,112,0
88939,2007-02-20 02:53:43,121.502100,31.295300,  0,112,0
88939,2007-02-20 02:54:44,121.502100,31.295300,  0,112,0
88939,2007-02-20 02:55:45,121.502100,31.295300,  0,112,0
88939,2007-02-20 02:56:45,121.502100,31.295300,  0,112,0
88939,2007-02-20 02:57:47,121.502000,31.295300,  0,112,0
88939,2007-02-20 02:58:48,121.502000,31.295300,  0,112,0
88939,2007-02-20 02:59:49,121.502000,31.295300,  0,112,0
88939,2007-02-20 03:00:50,121.502000,31.295300,  0,112,0
88939,2007-02-20 03:01:50,121.502000,31.295300,  0,112,0
88939,2007-02-20 03:02:52,121.502000,31.295300,  0,112,0
88939,2007-02-20 03:04:54,121.502000,31.295300,  0,112,0
88939,2007-02-20 03:05:55,121.502000,31.295300,  0,112,0
88939,2007-02-20 03:06:55,121.502000,31.295300,  0,112,0
88939,2007-02-20 03:07:57,121.502000,31.295300,  0,112,0
88939,2007-02-20 03:08:58,121.502000,31.295300,  0,112,0
88939,2007-02-20 03:09:59,121.502000,31.295300,  0,112,0
88939,2007-02-20 03:11:00,121.502000,31.295300,  0,112,0
88939,2007-02-20 03:12:00,121.502000,31.295300,  0,112,0
88939,2007-02-20 03:13:02,121.502000,31.295300,  0,112,0
88939,2007-02-20 03:14:03,121.502000,31.295300,  0,112,0
88939,2007-02-20 03:15:04,121.502000,31.295300,  0,112,0
88939,2007-02-20 03:16:05,121.502000,31.295300,  0,112,0
88939,2007-02-20 03:17:05,121.502000,31.295300,  0,112,0
88939,2007-02-20 03:18:07,121.502000,31.295300,  0,112,0
88939,2007-02-20 03:19:08,121.502000,31.295300,  0,112,0
88939,2007-02-20 03:20:09,121.502000,31.295300,  0,112,0
88939,2007-02-20 03:21:10,121.502000,31.295300,  0,112,0
88939,2007-02-20 03:22:10,121.502000,31.295300,  0,112,0
88939,2007-02-20 03:23:12,121.502000,31.295300,  0,112,0
88939,2007-02-20 03:24:13,121.502000,31.295300,  0,112,0
88939,2007-02-20 03:25:14,121.502000,31.295300,  0,112,0
88939,2007-02-20 03:26:15,121.502000,31.295300,  0,112,0
88939,2007-02-20 03:27:15,121.502000,31.295300,  0,112,0
88939,2007-02-20 03:28:17,121.502000,31.295300,  0,112,0
88939,2007-02-20 03:29:18,121.502000,31.295300,  0,112,0
88939,2007-02-20 03:30:19,121.502000,31.295300,  0,112,0
88939,2007-02-20 03:31:20,121.502000,31.295300,  0,112,0
88939,2007-02-20 03:32:20,121.502000,31.295300,  0,112,0
88939,2007-02-20 03:33:22,121.502000,31.295300,  0,112,0
88939,2007-02-20 03:34:23,121.502000,31.295300,  4,112,0
88939,2007-02-20 03:35:24,121.502000,31.295300,  0,135,0
88939,2007-02-20 03:36:25,121.503000,31.295300,  0, 22,0
88939,2007-02-20 03:37:25,121.506000,31.297500, 22, 67,0
88939,2007-02-20 03:38:27,121.507000,31.294100, 20,112,0
88939,2007-02-20 03:39:28,121.506300,31.292800, 42,112,0
88939,2007-02-20 03:40:29,121.505800,31.291600,  6,112,0
88939,2007-02-20 03:41:30,121.510800,31.289300, 28, 90,0
88939,2007-02-20 03:42:30,121.510100,31.286300, 26, 45,0
88939,2007-02-20 03:43:32,121.512100,31.283100,  0, 90,0
88939,2007-02-20 03:44:33,121.512800,31.281000, 12, 90,0
88939,2007-02-20 03:45:34,121.513600,31.276800, 28,135,0
88939,2007-02-20 03:46:35,121.509800,31.276000, 40,135,0
88939,2007-02-20 03:47:35,121.506300,31.275100, 34,112,0
88939,2007-02-20 03:48:37,121.502300,31.272600,  0,112,0
88939,2007-02-20 03:50:39,121.503500,31.264500, 20,112,0
88939,2007-02-20 03:51:40,121.500100,31.262500, 20,112,0
88939,2007-02-20 03:52:40,121.497100,31.260100,  0,112,0
88939,2007-02-20 03:53:42,121.493600,31.257800,  0,112,0
88939,2007-02-20 03:54:43,121.491000,31.255800,  0,112,0
88939,2007-02-20 03:55:44,121.489300,31.255500,  0,135,0
88939,2007-02-20 03:56:45,121.484300,31.254100, 42,112,0
88939,2007-02-20 03:57:46,121.480300,31.251800,  0,135,0
88939,2007-02-20 03:58:46,121.480800,31.252000, 32, 22,0
88939,2007-02-20 03:59:48,121.483000,31.253300, 42, 22,0
88939,2007-02-20 04:00:49,121.483800,31.253600,  0, 22,0
88939,2007-02-20 04:01:50,121.487000,31.255100,  0, 22,0
88939,2007-02-20 04:02:51,121.487300,31.255100, 22, 45,0
88939,2007-02-20 04:03:51,121.489100,31.255300, 32, 45,0
88939,2007-02-20 04:04:53,121.493300,31.257500, 36, 22,0
88939,2007-02-20 04:05:54,121.496300,31.259100,  0, 22,0
88939,2007-02-20 04:06:55,121.499300,31.261600, 32, 22,0
88939,2007-02-20 04:08:57,121.503800,31.264500,  0, 22,0
88939,2007-02-20 04:09:57,121.502800,31.266500,  0,157,0
88939,2007-02-20 04:10:59,121.502000,31.271500, 44,  0,0
88939,2007-02-20 04:12:00,121.498000,31.275800, 32,157,0
88939,2007-02-20 04:13:01,121.494000,31.278300, 40,135,0
88939,2007-02-20 04:14:02,121.490500,31.278300,  0, 45,0
88939,2007-02-20 04:14:03,121.490500,31.278300,  0, 45,1
88939,2007-02-20 04:15:04,121.496600,31.276800,  0, 90,1
88939,2007-02-20 04:16:05,121.500500,31.273800, 58, 67,1
88939,2007-02-20 04:17:06,121.502500,31.266300, 64, 67,1
88939,2007-02-20 04:18:07,121.500500,31.262600,  0,112,1
88939,2007-02-20 04:19:07,121.497300,31.260100,  0,112,1
88939,2007-02-20 04:20:09,121.493600,31.257800,  0,112,1
88939,2007-02-20 04:21:10,121.492500,31.256000, 34, 67,1
88939,2007-02-20 04:22:11,121.493000,31.255300, 34,157,1
88939,2007-02-20 04:25:14,121.483500,31.253500, 44,112,1
88939,2007-02-20 04:26:15,121.478600,31.250500,  0,112,1
88939,2007-02-20 04:27:16,121.476000,31.249500, 40,112,1
88939,2007-02-20 04:28:17,121.472600,31.248300, 54,135,1
88939,2007-02-20 04:29:17,121.462800,31.246100, 22,135,1
88939,2007-02-20 04:32:21,121.455800,31.247600,  0,135,1
88939,2007-02-20 04:33:22,121.452800,31.247800, 16,135,1
88939,2007-02-20 04:34:22,121.452100,31.247800, 44,135,1
88939,2007-02-20 04:35:24,121.441600,31.246600, 68,135,1
88939,2007-02-20 04:36:25,121.439300,31.246000, 52,135,1
88939,2007-02-20 04:37:26,121.435800,31.244600, 52,112,1
88939,2007-02-20 04:38:27,121.434300,31.243300, 52,112,1
88939,2007-02-20 04:39:27,121.429300,31.239500, 60,135,1
88939,2007-02-20 04:40:29,121.427300,31.238600, 40,112,1
88939,2007-02-20 04:41:30,121.425100,31.235600,  0,112,1
88939,2007-02-20 04:42:31,121.425100,31.235600,  0,112,1
88939,2007-02-20 04:43:32,121.423300,31.236600, 60,157,1
88939,2007-02-20 04:44:32,121.418300,31.240600,  0,157,1
88939,2007-02-20 04:45:34,121.415800,31.242500,  0,157,1
88939,2007-02-20 04:46:35,121.415500,31.243000,  0,157,1
88939,2007-02-20 04:47:36,121.415000,31.243300,  0,157,1
88939,2007-02-20 04:48:37,121.414500,31.243600,  6, 67,1
88939,2007-02-20 04:50:39,121.415500,31.242600,  0, 67,1
88939,2007-02-20 04:51:40,121.415500,31.242600,  0, 67,1
88939,2007-02-20 04:52:41,121.415500,31.242600,  0, 67,1
88939,2007-02-20 04:53:42,121.415500,31.242600,  0, 67,1
88939,2007-02-20 04:53:57,121.415300,31.242600,  0, 67,0
88939,2007-02-20 04:54:57,121.415500,31.242600,  0, 67,0
88939,2007-02-20 04:57:00,121.422100,31.247300, 28, 22,0
88939,2007-02-20 04:58:01,121.425500,31.249100, 40, 22,0
88939,2007-02-20 04:59:02,121.430600,31.254300, 66, 22,0
88939,2007-02-20 05:00:02,121.433600,31.256300, 58, 22,0
88939,2007-02-20 05:01:04,121.441300,31.259100,  0, 90,0
88939,2007-02-20 05:04:07,121.445800,31.259800,  0, 67,0
88939,2007-02-20 05:05:07,121.456300,31.262500, 18, 45,0
88939,2007-02-20 05:06:09,121.463500,31.265300, 38, 22,0
88939,2007-02-20 05:07:10,121.466300,31.266000,  0, 45,0
88939,2007-02-20 05:08:11,121.471000,31.271300, 52, 22,0
88939,2007-02-20 05:09:12,121.473500,31.275000, 48, 22,0
88939,2007-02-20 05:10:12,121.475100,31.279500, 54, 22,0
88939,2007-02-20 05:11:14,121.478300,31.281500, 40, 22,0
88939,2007-02-20 05:12:15,121.481100,31.284100,  0, 22,0
88939,2007-02-20 05:13:16,121.481100,31.284100,  0, 22,0
88939,2007-02-20 05:14:17,121.480800,31.290300,  0, 22,0
88939,2007-02-20 05:15:17,121.484800,31.294100, 64, 22,0
88939,2007-02-20 05:17:20,121.481100,31.306500,  0, 22,0
88939,2007-02-20 05:18:21,121.481100,31.306500,  0, 22,0
88939,2007-02-20 05:19:22,121.481100,31.306500,  0, 22,0
88939,2007-02-20 05:20:22,121.481100,31.306500,  0, 22,0
88939,2007-02-20 05:21:24,121.481100,31.306500,  0,157,0
88939,2007-02-20 05:22:25,121.481300,31.306600, 10,  0,0
88939,2007-02-20 05:23:26,121.480800,31.309600,  0,  0,0
88939,2007-02-20 05:24:27,121.481000,31.310600, 42,  0,0
88939,2007-02-20 05:25:27,121.480800,31.319500, 86,  0,0
88939,2007-02-20 05:26:29,121.483000,31.328000, 64, 22,0
88939,2007-02-20 05:27:30,121.488600,31.335300, 58, 22,0
88939,2007-02-20 05:29:32,121.496800,31.347600, 52, 22,0
88939,2007-02-20 05:30:32,121.496800,31.354800, 48,157,0
88939,2007-02-20 05:31:34,121.492300,31.353600,  0,112,0
88939,2007-02-20 05:32:35,121.496500,31.351600, 42, 45,0
88939,2007-02-20 05:33:36,121.495800,31.346300, 66,112,0
88939,2007-02-20 05:34:37,121.490500,31.338000, 74,112,0
88939,2007-02-20 05:35:37,121.484500,31.330100, 70,112,0
88939,2007-02-20 05:36:39,121.480600,31.321300, 74, 90,0
88939,2007-02-20 05:38:41,121.482500,31.301800, 74, 90,0
88939,2007-02-20 05:39:42,121.485300,31.294100, 44, 67,0
88939,2007-02-20 05:40:42,121.486300,31.287800,  0, 90,0
88939,2007-02-20 05:41:44,121.486300,31.287600, 20, 90,0
88939,2007-02-20 05:42:45,121.489100,31.286600,  0, 45,0
88939,2007-02-20 05:43:46,121.489100,31.286600,  0, 45,0
88939,2007-02-20 05:44:47,121.505100,31.287300, 64, 45,0
88939,2007-02-20 05:45:47,121.510000,31.286100, 30, 45,0
88939,2007-02-20 05:46:49,121.513500,31.287000,  0, 45,0
88939,2007-02-20 05:47:50,121.517100,31.287600,  6, 45,0
88939,2007-02-20 05:48:51,121.520500,31.288500,  0, 22,0
88939,2007-02-20 05:49:52,121.518000,31.287800,  0, 90,0
88939,2007-02-20 05:50:52,121.513800,31.287100,  0,135,0
88939,2007-02-20 05:51:54,121.510000,31.286300,  0,135,0
88939,2007-02-20 05:52:55,121.508100,31.286800, 20,157,0
88939,2007-02-20 05:55:57,121.507600,31.287000,  0,112,0
88939,2007-02-20 05:56:59,121.503300,31.287600, 10,112,0
88939,2007-02-20 05:58:00,121.504600,31.289800, 22,157,0
88939,2007-02-20 05:59:01,121.499000,31.292300, 20, 22,0
88939,2007-02-20 06:00:02,121.501800,31.295300,  0,157,0
88939,2007-02-20 06:01:02,121.501800,31.295300,  0,157,0
88939,2007-02-20 06:02:04,121.502100,31.296600, 16, 22,0
88939,2007-02-20 06:03:05,121.496600,31.297600, 60,135,0
88939,2007-02-20 06:04:06,121.488300,31.295800,  0,112,0
88939,2007-02-20 06:05:07,121.485600,31.295000, 32,135,0
88939,2007-02-20 06:06:07,121.482500,31.301500, 52,  0,0
88939,2007-02-20 06:07:09,121.481600,31.304300, 44,  0,0
88939,2007-02-20 06:08:10,121.480800,31.309600,  0,  0,0
88939,2007-02-20 06:09:11,121.481000,31.315000, 66,  0,0
88939,2007-02-20 06:10:12,121.480800,31.324800, 70,  0,0
88939,2007-02-20 06:11:12,121.487300,31.333600, 74, 22,0
88939,2007-02-20 06:13:15,121.497600,31.353000, 74,  0,0
88939,2007-02-20 06:14:16,121.493300,31.363100, 74,  0,0
88939,2007-02-20 06:15:17,121.489500,31.371500, 38,157,0
88939,2007-02-20 06:16:17,121.491500,31.375100, 54, 22,0
88939,2007-02-20 06:17:19,121.493800,31.375800,  0,135,0
88939,2007-02-20 06:18:20,121.493500,31.375500,  4, 90,0
88939,2007-02-20 06:19:21,121.493600,31.375100,  0, 90,0
88939,2007-02-20 06:20:22,121.493600,31.375100,  0, 90,0
88939,2007-02-20 06:21:22,121.493600,31.375100,  0, 90,0
88939,2007-02-20 06:22:24,121.493600,31.375100,  0, 90,0
88939,2007-02-20 06:23:25,121.493600,31.375100,  0, 90,0
88939,2007-02-20 06:24:26,121.493600,31.375100,  0, 90,0
88939,2007-02-20 06:25:27,121.493600,31.375100,  0, 90,0
88939,2007-02-20 06:26:27,121.493600,31.375100,  0, 90,0
88939,2007-02-20 06:27:29,121.493600,31.375100,  0, 90,0
88939,2007-02-20 06:28:30,121.493600,31.375100,  0, 90,0
88939,2007-02-20 06:29:31,121.493600,31.375100,  0, 90,0
88939,2007-02-20 06:30:32,121.493600,31.375100,  0, 90,0
88939,2007-02-20 06:31:32,121.493600,31.375100,  0, 90,0
88939,2007-02-20 06:32:34,121.493600,31.375100,  0, 90,0
88939,2007-02-20 06:33:35,121.493600,31.375100,  0, 90,0
88939,2007-02-20 06:34:36,121.493600,31.375100,  0, 90,0
88939,2007-02-20 06:35:37,121.493600,31.375100,  0, 90,0
88939,2007-02-20 06:36:37,121.493600,31.375100,  0, 90,0
88939,2007-02-20 06:37:39,121.493600,31.375100,  0, 90,0
88939,2007-02-20 06:38:40,121.493600,31.375100,  0, 90,0
88939,2007-02-20 06:39:41,121.493600,31.375100,  0, 90,0
88939,2007-02-20 06:40:42,121.493600,31.375100,  0, 90,0
88939,2007-02-20 06:41:42,121.493600,31.375100,  0, 90,0
88939,2007-02-20 06:42:44,121.493600,31.375100,  0, 90,0
88939,2007-02-20 06:43:45,121.493600,31.375100,  0, 90,0
88939,2007-02-20 06:44:46,121.493600,31.375100,  0, 90,0
88939,2007-02-20 06:45:47,121.493600,31.375100,  0, 90,0
88939,2007-02-20 06:47:49,121.493600,31.375100,  0, 90,0
88939,2007-02-20 06:48:50,121.493600,31.375100,  0, 90,0
88939,2007-02-20 06:49:51,121.493600,31.375100,  0, 90,0
88939,2007-02-20 06:50:52,121.493600,31.375100,  0, 90,0
88939,2007-02-20 06:51:52,121.493600,31.375100,  0, 90,0
88939,2007-02-20 06:52:54,121.493600,31.375100,  0, 90,0
88939,2007-02-20 06:53:55,121.493600,31.375100,  0, 90,0
88939,2007-02-20 06:54:56,121.493600,31.375100,  0, 90,0
88939,2007-02-20 06:55:57,121.493300,31.375600,  0, 90,0
88939,2007-02-20 06:56:58,121.493300,31.375500,  0, 90,0
88939,2007-02-20 06:57:59,121.493300,31.375500,  0, 90,0
88939,2007-02-20 06:59:00,121.493300,31.375500,  0, 90,0
88939,2007-02-20 07:00:01,121.493500,31.375500,  0, 90,0
88939,2007-02-20 07:01:02,121.493500,31.375500,  0, 90,0
88939,2007-02-20 07:02:03,121.493500,31.375500,  0, 90,0
88939,2007-02-20 07:03:04,121.493500,31.375500,  0, 90,0
88939,2007-02-20 07:04:05,121.493500,31.375500,  0, 90,0
88939,2007-02-20 07:05:06,121.493500,31.375500,  0, 90,0
88939,2007-02-20 07:06:07,121.493500,31.375500,  0, 90,0
88939,2007-02-20 07:07:08,121.493500,31.375500,  0, 90,0
88939,2007-02-20 07:08:09,121.493500,31.375500,  0, 90,0
88939,2007-02-20 07:09:10,121.493500,31.375500,  0, 90,0
88939,2007-02-20 07:10:11,121.493500,31.375500,  0, 90,0
88939,2007-02-20 07:11:12,121.493500,31.375500,  0, 90,0
88939,2007-02-20 07:12:13,121.493500,31.375500,  0, 90,0
88939,2007-02-20 07:13:14,121.493500,31.375500,  0, 90,0
88939,2007-02-20 07:15:16,121.493300,31.375800,  0, 90,0
88939,2007-02-20 07:16:17,121.493300,31.375800,  0, 90,0
88939,2007-02-20 07:17:18,121.493300,31.375800,  0, 90,0
88939,2007-02-20 07:18:19,121.493300,31.375800,  0, 90,0
88939,2007-02-20 07:19:20,121.493300,31.375800,  0, 90,0
88939,2007-02-20 07:20:21,121.493300,31.375800,  0, 90,0
88939,2007-02-20 07:21:22,121.493300,31.375800,  0, 90,0
88939,2007-02-20 07:22:23,121.493800,31.376100,  0, 90,0
88939,2007-02-20 07:23:24,121.493800,31.375800,  0, 90,0
88939,2007-02-20 07:24:25,121.493600,31.376100,  0, 90,0
88939,2007-02-20 07:25:26,121.493600,31.376100,  0, 90,0
88939,2007-02-20 07:26:27,121.493600,31.376100,  0, 90,0
88939,2007-02-20 07:27:28,121.493600,31.376100,  0, 90,0
88939,2007-02-20 07:28:29,121.493300,31.375500,  0, 90,0
88939,2007-02-20 07:29:30,121.493000,31.375800,  0, 90,0
88939,2007-02-20 07:30:30,121.493000,31.375800,  0, 90,0
88939,2007-02-20 07:32:32,121.493000,31.375800,  0, 90,0
88939,2007-02-20 07:33:33,121.493600,31.375600,  0, 90,0
88939,2007-02-20 07:34:34,121.493600,31.375600,  0, 90,0
88939,2007-02-20 07:35:35,121.493600,31.375600,  0, 90,0
88939,2007-02-20 07:36:36,121.493600,31.375600,  0, 90,0
88939,2007-02-20 07:37:37,121.493600,31.375600,  0, 90,0
88939,2007-02-20 07:38:38,121.493600,31.375600,  0, 90,0
88939,2007-02-20 07:39:39,121.493500,31.375300,  0, 90,0
88939,2007-02-20 07:40:40,121.493100,31.375800,  0, 90,0
88939,2007-02-20 07:41:41,121.493100,31.375300,  0, 90,0
88939,2007-02-20 07:43:43,121.493500,31.375800,  0, 90,0
88939,2007-02-20 07:44:44,121.493500,31.375800,  0, 90,0
88939,2007-02-20 07:45:45,121.493500,31.375800,  0, 90,0
88939,2007-02-20 07:46:46,121.493500,31.375800,  0, 90,0
88939,2007-02-20 07:47:47,121.493300,31.375600,  0, 90,0
88939,2007-02-20 07:51:51,121.493500,31.375600,  0, 90,0
88939,2007-02-20 07:52:52,121.493500,31.375600,  0, 90,0
88939,2007-02-20 07:53:53,121.493500,31.375600,  0, 90,0
88939,2007-02-20 07:54:54,121.493300,31.376000,  0, 90,0
88939,2007-02-20 07:55:55,121.493300,31.376000,  0, 90,0
88939,2007-02-20 07:56:56,121.493300,31.376000,  0, 90,0
88939,2007-02-20 07:57:57,121.493100,31.376000,  0,  0,0
88939,2007-02-20 07:58:58,121.493100,31.376000,  0,  0,0
88939,2007-02-20 08:01:00,121.493100,31.376000,  0,112,0
88939,2007-02-20 08:02:01,121.493300,31.375800,  0,112,0
88939,2007-02-20 08:03:02,121.493300,31.375800,  0,112,0
88939,2007-02-20 08:04:03,121.493300,31.375800,  0,112,0
88939,2007-02-20 08:05:04,121.493300,31.375800,  0,112,0
88939,2007-02-20 08:06:05,121.493300,31.375800,  0,112,0
88939,2007-02-20 08:07:06,121.493300,31.375800,  0,112,0
88939,2007-02-20 08:08:07,121.493500,31.375800,  0,112,0
88939,2007-02-20 08:09:08,121.493500,31.375800,  0,112,0
88939,2007-02-20 08:10:09,121.493500,31.375800,  0,112,0
88939,2007-02-20 08:11:10,121.493500,31.375800,  0,112,0
88939,2007-02-20 08:12:11,121.493500,31.375800,  0,112,0
88939,2007-02-20 08:13:12,121.493500,31.375800,  0,112,0
88939,2007-02-20 08:14:13,121.493500,31.375800,  0,112,0
88939,2007-02-20 08:15:14,121.493500,31.375800,  0,112,0
88939,2007-02-20 08:16:15,121.493500,31.375800,  0,112,0
88939,2007-02-20 08:17:16,121.493500,31.375800,  0,112,0
88939,2007-02-20 08:18:17,121.493500,31.375600,  0,112,0
88939,2007-02-20 08:19:18,121.493500,31.375600,  0,112,0
88939,2007-02-20 08:20:19,121.493500,31.375600,  0,112,0
88939,2007-02-20 08:22:21,121.493500,31.375600,  0,112,0
88939,2007-02-20 08:23:22,121.493500,31.375600,  0,112,0
88939,2007-02-20 08:25:24,121.493500,31.375600,  0,112,0
88939,2007-02-20 08:26:25,121.493500,31.375600,  0,112,0
88939,2007-02-20 08:27:26,121.493500,31.375600,  0,112,0
88939,2007-02-20 08:28:27,121.493500,31.375600,  0,112,0
88939,2007-02-20 08:29:28,121.493500,31.375600,  0,112,0
88939,2007-02-20 08:30:29,121.493500,31.375600,  0,112,0
88939,2007-02-20 08:31:30,121.493500,31.375600,  0,112,0
88939,2007-02-20 08:32:31,121.493500,31.375600,  0,112,0
88939,2007-02-20 08:33:32,121.493500,31.375600,  0,112,0
88939,2007-02-20 08:35:34,121.493500,31.375600,  0,112,0
88939,2007-02-20 08:36:35,121.493500,31.375600,  0,112,0
88939,2007-02-20 08:37:36,121.493500,31.375600,  0,112,0
88939,2007-02-20 08:38:37,121.493800,31.376000,  0,112,0
88939,2007-02-20 08:39:38,121.493800,31.376000,  0,112,0
88939,2007-02-20 08:40:39,121.493500,31.375600,  0,112,0
88939,2007-02-20 08:41:40,121.493500,31.375600,  0,112,0
88939,2007-02-20 08:42:41,121.493300,31.375600,  0, 90,0
88939,2007-02-20 08:43:42,121.493000,31.375500,  0, 90,0
88939,2007-02-20 08:44:43,121.493300,31.375800,  0, 90,0
88939,2007-02-20 08:45:44,121.493300,31.375800,  0, 90,0
88939,2007-02-20 08:46:11,121.493300,31.375800,  0, 90,0
88939,2007-02-20 08:47:11,121.493500,31.376000,  0, 90,0
88939,2007-02-20 08:48:12,121.493500,31.376000,  0, 90,0
88939,2007-02-20 08:49:13,121.493500,31.376000,  0, 90,0
88939,2007-02-20 08:50:14,121.493500,31.376000,  0, 90,0
88939,2007-02-20 08:51:15,121.493600,31.375800,  0, 90,0
88939,2007-02-20 08:52:16,121.493500,31.375500,  8, 90,0
88939,2007-02-20 08:53:17,121.493500,31.375600,  0, 90,0
88939,2007-02-20 08:54:18,121.493500,31.375600,  0, 90,0
88939,2007-02-20 08:55:19,121.493500,31.375600,  0, 90,0
88939,2007-02-20 08:56:20,121.493300,31.375800,  0, 90,0
88939,2007-02-20 08:57:21,121.493300,31.375800,  0, 90,0
88939,2007-02-20 08:58:22,121.493300,31.375800,  0, 90,0
88939,2007-02-20 08:59:23,121.493300,31.375800,  0, 90,0
88939,2007-02-20 09:00:24,121.493300,31.375800,  0, 90,0
88939,2007-02-20 09:01:25,121.493500,31.375600,  0, 90,0
88939,2007-02-20 09:02:26,121.493500,31.375600,  0, 90,0
88939,2007-02-20 09:03:27,121.493500,31.375600,  0, 90,0
88939,2007-02-20 09:04:28,121.493500,31.375500,  0, 90,0
88939,2007-02-20 09:05:29,121.493600,31.375600,  0, 90,0
88939,2007-02-20 09:06:30,121.493500,31.375500,  0,  0,0
88939,2007-02-20 09:06:58,121.493500,31.375500,  0,  0,0
88939,2007-02-20 09:07:58,121.493500,31.375500,  0,  0,0
88939,2007-02-20 09:08:59,121.493500,31.375500,  0,  0,0
88939,2007-02-20 09:10:00,121.493500,31.375500,  0,  0,0
88939,2007-02-20 09:11:01,121.493500,31.375500,  0,  0,0
88939,2007-02-20 09:12:02,121.493500,31.375500,  0,  0,0
88939,2007-02-20 09:13:03,121.493500,31.375500,  0,  0,0
88939,2007-02-20 09:14:04,121.493500,31.375500,  0,  0,0
88939,2007-02-20 09:15:05,121.493500,31.375600,  0,  0,0
88939,2007-02-20 09:16:06,121.493500,31.375600,  0,  0,0
88939,2007-02-20 09:17:07,121.493500,31.375800,  0,  0,0
88939,2007-02-20 09:18:08,121.493500,31.375800,  0,  0,0
88939,2007-02-20 09:19:09,121.493500,31.375800,  0,  0,0
88939,2007-02-20 09:20:10,121.493500,31.375800,  0,  0,0
88939,2007-02-20 09:21:11,121.493500,31.375800,  0,  0,0
88939,2007-02-20 09:23:13,121.493500,31.375800,  0,  0,0
88939,2007-02-20 09:25:15,121.493500,31.375600,  0,112,0
88939,2007-02-20 09:26:16,121.493500,31.375600,  0,112,0
88939,2007-02-20 09:27:17,121.493600,31.375600,  0,112,0
88939,2007-02-20 09:28:18,121.493600,31.375600,  0,112,0
88939,2007-02-20 09:29:19,121.493600,31.375600,  0,112,0
88939,2007-02-20 09:31:21,121.493600,31.375600,  0,112,0
88939,2007-02-20 09:32:22,121.493600,31.375600,  0,112,0
88939,2007-02-20 09:33:23,121.493600,31.375600,  0,112,0
88939,2007-02-20 09:34:24,121.493600,31.375600,  0,112,0
88939,2007-02-20 09:35:25,121.494000,31.376300,  0,112,0
88939,2007-02-20 09:36:26,121.494300,31.377000,  0,112,0
88939,2007-02-20 09:37:27,121.494300,31.377000,  0,112,0
88939,2007-02-20 09:38:28,121.494300,31.377000,  0,112,0
88939,2007-02-20 09:39:29,121.494300,31.377000,  0,112,0
88939,2007-02-20 09:40:30,121.494300,31.377000,  0,112,0
88939,2007-02-20 09:41:31,121.493800,31.376100,  0,112,0
88939,2007-02-20 09:42:32,121.493800,31.376100,  0,112,0
88939,2007-02-20 09:43:33,121.493800,31.376100,  0,112,0
88939,2007-02-20 09:44:34,121.493800,31.376100,  0,112,0
88939,2007-02-20 09:45:36,121.493800,31.376100,  0,112,0
88939,2007-02-20 09:46:36,121.493800,31.376100,  0,112,0
88939,2007-02-20 09:47:37,121.493800,31.376100,  0,112,0
88939,2007-02-20 09:48:38,121.493800,31.376100,  0,112,0
88939,2007-02-20 09:49:39,121.493800,31.376100,  0,112,0
88939,2007-02-20 09:50:40,121.493600,31.376000,  0,112,0
88939,2007-02-20 09:51:41,121.493600,31.376100,  0,112,0
88939,2007-02-20 09:52:42,121.493500,31.375800,  0,112,0
88939,2007-02-20 09:53:43,121.493500,31.375800,  0,112,0
88939,2007-02-20 09:54:45,121.493500,31.375800,  0,112,0
88939,2007-02-20 09:55:46,121.493500,31.375800,  0,112,0
88939,2007-02-20 09:56:46,121.493500,31.375800,  0,112,0
88939,2007-02-20 09:57:48,121.493500,31.375800,  0,112,0
88939,2007-02-20 09:58:48,121.493800,31.376100,  0,112,0
88939,2007-02-20 09:59:49,121.493600,31.376000,  0,112,0
88939,2007-02-20 10:00:51,121.493600,31.376000,  0,112,0
88939,2007-02-20 10:01:51,121.493600,31.376000,  0,112,0
88939,2007-02-20 10:02:53,121.493600,31.376000,  0,112,0
88939,2007-02-20 10:03:54,121.493600,31.376000,  0,112,0
88939,2007-02-20 10:04:55,121.493500,31.376000,  0,112,0
88939,2007-02-20 10:05:56,121.493500,31.375800,  0,112,0
88939,2007-02-20 10:06:56,121.493500,31.375600,  0,112,0
88939,2007-02-20 10:07:58,121.493500,31.375600,  0,112,0
88939,2007-02-20 10:08:59,121.493500,31.376000,  0,112,0
88939,2007-02-20 10:10:00,121.493500,31.375800,  0,112,0
88939,2007-02-20 10:11:01,121.493500,31.376000,  0,112,0
88939,2007-02-20 10:12:01,121.493500,31.376000,  0,112,0
88939,2007-02-20 10:13:03,121.493500,31.376000,  0,112,0
88939,2007-02-20 10:14:04,121.493500,31.376000,  0,112,0
88939,2007-02-20 10:15:05,121.493500,31.376000,  0,112,0
88939,2007-02-20 10:16:06,121.493500,31.376000,  0,112,0
88939,2007-02-20 10:17:06,121.493500,31.376000,  0,112,0
88939,2007-02-20 10:18:08,121.493500,31.376000,  0,112,0
88939,2007-02-20 10:19:09,121.493500,31.375800,  0,112,0
88939,2007-02-20 10:20:10,121.493600,31.375800,  0,112,0
88939,2007-02-20 10:21:11,121.493600,31.375800,  0,112,0
88939,2007-02-20 10:22:11,121.493600,31.375800,  0,112,0
88939,2007-02-20 10:24:14,121.493500,31.375800,  0,112,0
88939,2007-02-20 10:25:15,121.493500,31.375800,  0,112,0
88939,2007-02-20 10:26:16,121.493500,31.375800,  0,112,0
88939,2007-02-20 10:27:16,121.493500,31.375800,  0,112,0
88939,2007-02-20 10:28:18,121.493500,31.375800,  0,112,0
88939,2007-02-20 10:29:19,121.493500,31.375800,  0,112,0
88939,2007-02-20 10:30:20,121.493500,31.375800,  0,112,0
88939,2007-02-20 10:31:21,121.493500,31.375800,  0,112,0
88939,2007-02-20 10:32:21,121.493500,31.375800,  0,112,0
88939,2007-02-20 10:34:24,121.493500,31.375800,  0,112,0
88939,2007-02-20 10:35:25,121.493500,31.375800,  0,112,0
88939,2007-02-20 10:36:26,121.493500,31.375800,  0,112,0
88939,2007-02-20 10:37:26,121.493500,31.375800,  0,112,0
88939,2007-02-20 10:38:28,121.493500,31.375800,  0,112,0
88939,2007-02-20 10:39:29,121.493500,31.375600,  0,112,0
88939,2007-02-20 10:40:30,121.493600,31.375800,  0,112,0
88939,2007-02-20 10:41:31,121.493500,31.375800,  0,112,0
88939,2007-02-20 10:42:31,121.493600,31.375600,  0,112,0
88939,2007-02-20 10:43:33,121.493500,31.375800,  0,112,0
88939,2007-02-20 10:44:34,121.493500,31.375800,  0,112,0
88939,2007-02-20 10:45:35,121.493500,31.375800,  0,112,0
88939,2007-02-20 10:46:36,121.493500,31.375800,  0,112,0
88939,2007-02-20 10:47:36,121.493300,31.375600,  0,112,0
88939,2007-02-20 10:48:38,121.493300,31.375600,  0,112,0
88939,2007-02-20 10:49:39,121.493500,31.375600,  0,112,0
88939,2007-02-20 10:50:40,121.493500,31.375600,  0,112,0
88939,2007-02-20 10:51:41,121.493500,31.375600,  0,112,0
88939,2007-02-20 10:52:41,121.493500,31.375600,  0,112,0
88939,2007-02-20 10:53:43,121.493500,31.375600,  0,112,0
88939,2007-02-20 10:54:44,121.493500,31.375600,  0,112,0
88939,2007-02-20 10:56:46,121.493500,31.375600,  0,112,0
88939,2007-02-20 10:57:46,121.493300,31.375500,  0,112,0
88939,2007-02-20 10:58:48,121.493300,31.375500,  0,112,0
88939,2007-02-20 10:59:49,121.493500,31.375500,  0,112,0
88939,2007-02-20 11:00:50,121.493500,31.375500,  0,112,0
88939,2007-02-20 11:01:51,121.493500,31.375500,  0,112,0
88939,2007-02-20 11:02:51,121.493500,31.375500,  0,112,0
88939,2007-02-20 11:03:53,121.493500,31.375500,  0,112,0
88939,2007-02-20 11:04:54,121.493600,31.375600,  0,112,0
88939,2007-02-20 11:05:55,121.493600,31.375600,  0,112,0
88939,2007-02-20 11:07:56,121.493500,31.375600,  0,112,0
88939,2007-02-20 11:08:58,121.493500,31.375600,  0,112,0
88939,2007-02-20 11:09:59,121.493600,31.375500,  0,112,0
88939,2007-02-20 11:11:00,121.493600,31.375500,  0,112,0
88939,2007-02-20 11:12:01,121.493500,31.375600,  0,112,0
88939,2007-02-20 11:13:01,121.493600,31.375600,  0,112,0
88939,2007-02-20 11:14:03,121.493600,31.375600,  0,112,0
88939,2007-02-20 11:15:04,121.493500,31.375600,  0,112,0
88939,2007-02-20 11:16:05,121.493500,31.375600,  0,112,0
88939,2007-02-20 11:17:06,121.493600,31.375600,  0,112,0
88939,2007-02-20 11:18:06,121.493600,31.375600,  0,112,0
88939,2007-02-20 11:19:08,121.493500,31.375600,  0,112,0
88939,2007-02-20 11:20:09,121.493500,31.375600,  0,112,0
88939,2007-02-20 11:21:10,121.493500,31.375600,  0,112,0
88939,2007-02-20 11:23:11,121.493500,31.375600,  0,112,0
88939,2007-02-20 11:24:13,121.493500,31.375600,  0,112,0
88939,2007-02-20 11:25:14,121.493500,31.375600,  0,112,0
88939,2007-02-20 11:26:15,121.493500,31.375600,  0,112,0
88939,2007-02-20 11:27:16,121.493500,31.375600,  0,112,0
88939,2007-02-20 11:29:18,121.493500,31.375600,  0,112,0
88939,2007-02-20 11:30:19,121.493500,31.375600,  0,112,0
88939,2007-02-20 11:31:20,121.493500,31.375600,  0,112,0
88939,2007-02-20 11:32:21,121.493500,31.375600,  0,112,0
88939,2007-02-20 11:33:21,121.493500,31.375600,  0,112,0
88939,2007-02-20 11:34:23,121.493500,31.375600,  0,112,0
88939,2007-02-20 11:35:24,121.493500,31.375600,  0,112,0
88939,2007-02-20 11:36:25,121.493500,31.375600,  0,112,0
88939,2007-02-20 11:37:26,121.493500,31.375600,  0,112,0
88939,2007-02-20 11:38:26,121.493500,31.375600,  0,112,0
88939,2007-02-20 11:39:28,121.493500,31.375600,  0,112,0
88939,2007-02-20 11:40:29,121.493500,31.375600,  0,112,0
88939,2007-02-20 11:41:30,121.493500,31.375600,  0,112,0
88939,2007-02-20 11:42:31,121.493500,31.375600,  0,112,0
88939,2007-02-20 11:43:31,121.493500,31.375600,  0,112,0
88939,2007-02-20 11:44:33,121.493500,31.375600,  0,112,0
88939,2007-02-20 11:45:34,121.493500,31.375600,  0,112,0
88939,2007-02-20 11:46:35,121.493800,31.376000,  0,112,0
88939,2007-02-20 11:47:36,121.493600,31.376500,  0,112,0
88939,2007-02-20 11:49:38,121.488100,31.375300,  0,112,0
88939,2007-02-20 11:50:39,121.487600,31.375000,  0,112,0
88939,2007-02-20 11:51:40,121.491000,31.368800, 66, 67,0
88939,2007-02-20 11:52:41,121.495100,31.358600, 78, 90,0
88939,2007-02-20 11:53:41,121.497000,31.348100, 84,112,0
88939,2007-02-20 11:54:43,121.490500,31.337800, 80,112,0
88939,2007-02-20 11:55:44,121.483300,31.328600, 66,112,0
88939,2007-02-20 11:56:45,121.480600,31.322600,  0, 90,0
88939,2007-02-20 11:57:46,121.481000,31.322500, 32, 45,0
88939,2007-02-20 11:58:46,121.482800,31.326800,  0,157,0
88939,2007-02-20 11:59:48,121.482600,31.326800,  0,157,0
88939,2007-02-20 12:00:49,121.482600,31.326800,  0,157,0
88939,2007-02-20 12:01:50,121.482600,31.326800,  0,157,0
88939,2007-02-20 12:02:50,121.482600,31.326800,  0,157,0
88939,2007-02-20 12:03:50,121.482600,31.326800,  0,157,0
88939,2007-02-20 12:04:52,121.482600,31.326800,  0,157,0
88939,2007-02-20 12:05:53,121.482600,31.326800,  0,157,0
88939,2007-02-20 12:06:54,121.482600,31.326800,  0,157,0
88939,2007-02-20 12:07:55,121.482600,31.326800,  0,157,0
88939,2007-02-20 12:09:57,121.482800,31.326600,  8, 90,0
88939,2007-02-20 12:10:58,121.486300,31.328100, 46, 45,0
88939,2007-02-20 12:11:59,121.490300,31.327500, 44,112,0
88939,2007-02-20 12:13:00,121.491100,31.321600, 36, 90,0
88939,2007-02-20 12:14:00,121.490800,31.317300, 32,135,0
88939,2007-02-20 12:15:02,121.485800,31.317600, 24,112,0
88939,2007-02-20 12:16:03,121.485600,31.313300, 20, 67,0
88939,2007-02-20 12:17:04,121.491300,31.313300, 32, 45,0
88939,2007-02-20 12:18:05,121.491600,31.310500,  0, 90,0
88939,2007-02-20 12:19:05,121.494800,31.309800, 38, 45,0
88939,2007-02-20 12:20:07,121.498500,31.309800,  4, 67,0
88939,2007-02-20 12:21:08,121.500800,31.306000, 34, 67,0
88939,2007-02-20 12:22:09,121.501600,31.304300,  0, 67,0
88939,2007-02-20 12:24:10,121.509300,31.305000, 14, 22,0
88939,2007-02-20 12:25:12,121.509800,31.305300, 20, 45,0
88939,2007-02-20 12:27:45,121.509600,31.305000,  4,112,1
88939,2007-02-20 12:28:47,121.510300,31.300600, 40,112,1
88939,2007-02-20 12:30:49,121.506600,31.293100,  0,112,1
88939,2007-02-20 12:31:50,121.506000,31.292100, 12, 90,1
88939,2007-02-20 12:32:50,121.503800,31.288000,  0,112,1
88939,2007-02-20 12:33:52,121.504000,31.288100,  0,112,1
88939,2007-02-20 12:34:53,121.503300,31.287000, 64,112,1
88939,2007-02-20 12:35:54,121.499300,31.279300, 68,112,1
88939,2007-02-20 12:38:57,121.499000,31.274800, 20, 67,1
88939,2007-02-20 12:39:58,121.501800,31.272600,  0, 67,1
88939,2007-02-20 12:40:59,121.501800,31.271500, 58, 90,1
88939,2007-02-20 12:43:20,121.503300,31.266800,  6, 22,1
88939,2007-02-20 12:43:25,121.503300,31.267000,  0, 22,0
88939,2007-02-20 12:44:20,121.503500,31.267000, 18, 22,1
88939,2007-02-20 12:44:38,121.504800,31.267600, 28, 22,0
88939,2007-02-20 12:44:39,121.504800,31.267600, 28, 22,1
88939,2007-02-20 12:44:41,121.505000,31.267600, 30, 22,0
88939,2007-02-20 12:45:42,121.509000,31.269300, 14, 22,0
88939,2007-02-20 12:46:43,121.511100,31.271000, 16,157,0
88939,2007-02-20 12:47:44,121.507800,31.274800, 24,  0,0
88939,2007-02-20 12:48:45,121.507800,31.275600, 18, 45,0
88939,2007-02-20 12:49:20,121.510000,31.275800,  0, 45,1
88939,2007-02-20 12:50:21,121.513800,31.276800,  0, 45,1
88939,2007-02-20 12:51:22,121.514800,31.277100, 42, 45,1
88939,2007-02-20 12:53:24,121.526100,31.275000, 68, 67,1
88939,2007-02-20 12:54:25,121.533100,31.265300, 90, 67,1
88939,2007-02-20 12:55:26,121.542800,31.255800, 96, 67,1
88939,2007-02-20 12:56:27,121.553800,31.248500, 82, 67,1
88939,2007-02-20 12:57:28,121.561600,31.239600, 62, 67,1
88939,2007-02-20 12:59:30,121.582100,31.247600, 22, 22,1
88939,2007-02-20 13:00:31,121.580800,31.249300, 34,157,1
88939,2007-02-20 13:01:32,121.577100,31.253100, 22, 22,1
88939,2007-02-20 13:02:22,121.578500,31.255100,  0, 22,0
88939,2007-02-20 13:03:22,121.578000,31.254600, 22,112,0
88939,2007-02-20 13:04:23,121.576500,31.252500,  0,112,0
88939,2007-02-20 13:05:24,121.574600,31.250300,  0,112,0
88939,2007-02-20 13:08:27,121.571600,31.249500,  0,112,0
88939,2007-02-20 13:09:28,121.571600,31.249500,  0,112,0
88939,2007-02-20 13:11:30,121.568800,31.250000, 36,157,0
88939,2007-02-20 13:12:31,121.567000,31.252800,  0,157,0
88939,2007-02-20 13:13:32,121.566800,31.253000, 26,157,0
88939,2007-02-20 13:14:33,121.563000,31.259300, 60,157,0
88939,2007-02-20 13:15:34,121.560800,31.262800,  0,157,0
88939,2007-02-20 13:16:35,121.557000,31.260800, 46,112,0
88939,2007-02-20 13:17:36,121.552300,31.258000,  0,112,0
88939,2007-02-20 13:18:37,121.550000,31.255100, 38, 67,0
88939,2007-02-20 13:19:38,121.551000,31.250800, 44,135,0
88939,2007-02-20 13:20:39,121.544600,31.254600, 20,157,0
88939,2007-02-20 13:21:40,121.538000,31.259800, 72,157,0
88939,2007-02-20 13:22:41,121.531500,31.268000, 42,  0,0
88939,2007-02-20 13:23:42,121.532500,31.271800, 32,157,0
88939,2007-02-20 13:24:43,121.532300,31.272800,  0, 22,0
88939,2007-02-20 13:24:57,121.532300,31.272800, 12, 45,1
88939,2007-02-20 13:25:57,121.536000,31.274100, 38, 22,1
88939,2007-02-20 13:26:58,121.543600,31.279600, 54, 22,1
88939,2007-02-20 13:27:59,121.542000,31.282300,  0,157,1
88939,2007-02-20 13:30:01,121.538600,31.290000, 42, 22,1
88939,2007-02-20 13:30:57,121.542600,31.293000,  0,157,0
88939,2007-02-20 13:31:58,121.541500,31.293300, 28,135,0
88939,2007-02-20 13:34:00,121.538000,31.298600,  8,157,1
88939,2007-02-20 13:35:00,121.534600,31.299100, 34,112,1
88939,2007-02-20 13:36:01,121.531800,31.302000, 14,157,1
88939,2007-02-20 13:37:02,121.529500,31.305600, 28,135,1
88939,2007-02-20 13:38:03,121.527500,31.306100,  0,  0,1
88939,2007-02-20 13:39:04,121.526300,31.306800, 40,135,1
88939,2007-02-20 13:40:05,121.518000,31.304300, 64,135,1
88939,2007-02-20 13:42:07,121.514100,31.303100, 40,135,1
88939,2007-02-20 13:42:23,121.512800,31.303100, 20,135,0
88939,2007-02-20 13:43:23,121.511000,31.303000, 32,157,0
88939,2007-02-20 13:44:24,121.509800,31.304600,  6,157,0
88939,2007-02-20 13:45:25,121.511300,31.305600, 36, 22,0
88939,2007-02-20 13:46:26,121.515000,31.304300, 30, 90,0
88939,2007-02-20 13:47:27,121.513100,31.303100, 22,  0,0
88939,2007-02-20 13:47:48,121.512300,31.302800, 14,135,1
88939,2007-02-20 13:48:48,121.512300,31.299500, 32, 90,1
88939,2007-02-20 13:49:49,121.512000,31.295800, 52,135,1
88939,2007-02-20 13:50:50,121.511000,31.292600,  0, 90,1
88939,2007-02-20 13:51:51,121.510600,31.288000, 58, 90,1
88939,2007-02-20 13:52:52,121.512100,31.283100,  0, 90,1
88939,2007-02-20 13:53:53,121.513100,31.279800, 50, 90,1
88939,2007-02-20 13:54:54,121.514000,31.277100,  0, 90,1
88939,2007-02-20 13:55:55,121.514000,31.277100,  0, 90,1
88939,2007-02-20 13:56:25,121.514300,31.276300,  0, 90,0
88939,2007-02-20 13:57:26,121.514500,31.276100,  0, 67,0
88939,2007-02-20 13:58:35,121.513600,31.277000, 40,135,1
88939,2007-02-20 13:59:36,121.511100,31.276300, 14,112,1
88939,2007-02-20 14:01:38,121.505800,31.279800, 36,157,1
88939,2007-02-20 14:02:39,121.502600,31.284100, 26,157,1
88939,2007-02-20 14:03:40,121.503600,31.287600,  0,  0,1
88939,2007-02-20 14:04:41,121.500300,31.288800, 76,135,1
88939,2007-02-20 14:05:42,121.489600,31.287800, 64,135,1
88939,2007-02-20 14:06:43,121.486100,31.288600,  0,157,1
88939,2007-02-20 14:07:44,121.485800,31.294100, 46,  0,1
88939,2007-02-20 14:08:45,121.482000,31.303000, 90,  0,1
88939,2007-02-20 14:09:46,121.480800,31.315100, 76,  0,1
88939,2007-02-20 14:10:47,121.482800,31.327600, 92, 22,1
88939,2007-02-20 14:12:49,121.497500,31.349000, 72,  0,1
88939,2007-02-20 14:13:50,121.494300,31.360500, 76,  0,1
88939,2007-02-20 14:14:51,121.489600,31.371100, 66,157,1
88939,2007-02-20 14:15:52,121.492500,31.375600,  8, 22,1
88939,2007-02-20 14:16:53,121.495000,31.377000,  0, 22,1
88939,2007-02-20 14:17:43,121.496500,31.376800,  0, 90,0
88939,2007-02-20 14:18:43,121.496500,31.376600,  0, 67,0
88939,2007-02-20 14:19:44,121.496500,31.376100,  0,  0,0
88939,2007-02-20 14:20:45,121.496500,31.376100,  0,  0,0
88939,2007-02-20 14:21:46,121.496500,31.377000, 10,157,0
88939,2007-02-20 14:22:47,121.496300,31.378300, 22,  0,0
88939,2007-02-20 14:24:49,121.492100,31.383800, 46,  0,0
88939,2007-02-20 14:25:50,121.488000,31.386300, 40,112,0
88939,2007-02-20 14:26:51,121.484100,31.384600,  0,112,0
88939,2007-02-20 14:27:52,121.484000,31.384600,  0,112,0
88939,2007-02-20 14:28:53,121.484000,31.384600,  0,112,0
88939,2007-02-20 14:29:54,121.485600,31.380600, 60, 67,0
88939,2007-02-20 14:30:55,121.487800,31.375600,  0, 67,0
88939,2007-02-20 14:31:56,121.488600,31.372500, 60, 67,0
88939,2007-02-20 14:32:57,121.493000,31.364000, 72, 90,0
88939,2007-02-20 14:33:58,121.497100,31.354000, 76, 90,0
88939,2007-02-20 14:34:59,121.493800,31.343000, 80,112,0
88939,2007-02-20 14:36:00,121.487300,31.334000, 70,112,0
88939,2007-02-20 14:37:01,121.481000,31.325600, 58,112,0
88939,2007-02-20 14:38:02,121.480600,31.322600,  0, 90,0
88939,2007-02-20 14:39:03,121.480800,31.320100, 72, 90,0
88939,2007-02-20 14:40:04,121.481000,31.316500, 18, 67,0
88939,2007-02-20 14:41:05,121.485300,31.313500,  0, 45,0
88939,2007-02-20 14:42:06,121.485600,31.310300,  0, 90,0
88939,2007-02-20 14:43:07,121.485600,31.310300,  0, 90,0
88939,2007-02-20 14:44:14,121.491300,31.309800,  0, 45,0
88939,2007-02-20 14:45:14,121.491500,31.309800, 26, 45,0
88939,2007-02-20 14:46:15,121.498800,31.309300, 44, 67,0
88939,2007-02-20 14:47:16,121.501600,31.304500, 10, 67,0
88939,2007-02-20 14:48:17,121.501600,31.304500,  0, 67,0
88939,2007-02-20 14:49:18,121.504100,31.300300,  0, 67,0
88939,2007-02-20 14:50:19,121.504300,31.300100, 16, 67,0
88939,2007-02-20 14:51:20,121.508600,31.301000,  0, 45,0
88939,2007-02-20 14:52:21,121.512800,31.302500, 36, 45,0
88939,2007-02-20 14:52:40,121.513100,31.302500,  8, 22,1
88939,2007-02-20 14:53:41,121.514300,31.303000,  0, 22,1
88939,2007-02-20 14:54:42,121.519300,31.304300, 46, 45,1
88939,2007-02-20 14:55:43,121.526300,31.306500, 48, 45,1
88939,2007-02-20 14:56:44,121.527500,31.303500, 44, 90,1
88939,2007-02-20 14:57:45,121.526800,31.302100, 16,135,1
88939,2007-02-20 14:58:00,121.526100,31.302100,  0,112,0
88939,2007-02-20 14:59:01,121.525000,31.301000, 14, 67,0
88939,2007-02-20 15:00:02,121.527500,31.301000,  4, 45,0
88939,2007-02-20 15:01:03,121.529000,31.300600, 34, 22,0
88939,2007-02-20 15:02:04,121.532000,31.302600, 36, 22,0
88939,2007-02-20 15:03:05,121.534300,31.307100, 56,  0,0
88939,2007-02-20 15:05:07,121.534100,31.320000, 24,  0,0
88939,2007-02-20 15:06:08,121.534100,31.325100, 40,  0,0
88939,2007-02-20 15:08:10,121.527500,31.325800, 44, 90,0
88939,2007-02-20 15:09:11,121.527600,31.320300,  0, 90,0
88939,2007-02-20 15:10:12,121.527600,31.318100, 38, 90,0
88939,2007-02-20 15:11:13,121.527500,31.314800,  0, 90,0
88939,2007-02-20 15:11:15,121.527500,31.314600,  8, 90,1
88939,2007-02-20 15:12:15,121.525300,31.311600, 50,135,1
88939,2007-02-20 15:13:16,121.518800,31.311600, 22,135,1
88939,2007-02-20 15:15:18,121.511100,31.305500, 12,112,1
88939,2007-02-20 15:16:19,121.509600,31.305100,  4,112,1
88939,2007-02-20 15:17:10,121.510100,31.303100, 12, 90,0
88939,2007-02-20 15:18:08,121.510100,31.303300,  0,112,1
88939,2007-02-20 15:19:08,121.508800,31.301500,  2,135,1
88939,2007-02-20 15:20:09,121.504300,31.300000, 28,112,1
88939,2007-02-20 15:21:10,121.501000,31.299000,  0,112,1
88939,2007-02-20 15:22:11,121.495600,31.297500, 66,135,1
88939,2007-02-20 15:23:12,121.488500,31.295800, 16,135,1
88939,2007-02-20 15:25:14,121.484000,31.298100, 48,  0,1
88939,2007-02-20 15:26:15,121.484100,31.300300, 16, 22,1
88939,2007-02-20 15:27:16,121.481300,31.303600,  0, 22,1
88939,2007-02-20 15:28:17,121.481000,31.309100, 44,  0,1
88939,2007-02-20 15:29:18,121.481000,31.309600,  0,  0,1
88939,2007-02-20 15:30:19,121.481000,31.313000, 74,  0,1
88939,2007-02-20 15:31:20,121.480800,31.322000,  0,  0,1
88939,2007-02-20 15:32:21,121.480800,31.322000,  0,  0,1
88939,2007-02-20 15:33:22,121.480800,31.323300, 56,  0,1
88939,2007-02-20 15:34:23,121.486300,31.332300, 26, 22,1
88939,2007-02-20 15:35:24,121.482600,31.335100, 70,157,1
88939,2007-02-20 15:36:25,121.478800,31.338600, 44, 22,1
88939,2007-02-20 15:37:26,121.485100,31.339800, 38, 45,1
88939,2007-02-20 15:38:27,121.483600,31.344600, 22,  0,1
88939,2007-02-20 15:39:50,121.483000,31.346000,  0,157,0
88939,2007-02-20 15:40:51,121.483000,31.346000,  0,157,0
88939,2007-02-20 15:41:52,121.483000,31.346000,  0,157,0
88939,2007-02-20 15:42:53,121.483000,31.346000,  0,157,0
88939,2007-02-20 15:43:54,121.483000,31.346000,  0,157,0
88939,2007-02-20 15:44:55,121.483600,31.344300, 24, 67,0
88939,2007-02-20 15:45:56,121.485800,31.339600, 22, 45,0
88939,2007-02-20 15:46:57,121.492300,31.341100, 26, 45,0
88939,2007-02-20 15:47:58,121.487600,31.334300, 48,112,0
88939,2007-02-20 15:48:59,121.486500,31.332800, 26,112,0
88939,2007-02-20 15:50:00,121.481000,31.325100, 74, 90,0
88939,2007-02-20 15:51:01,121.480500,31.322500, 10, 90,0
88939,2007-02-20 15:53:42,121.485500,31.315000, 26, 90,0
88939,2007-02-20 15:54:10,121.485500,31.314800, 14, 90,1
88939,2007-02-20 15:55:10,121.485800,31.309800, 24, 67,1
88939,2007-02-20 15:56:12,121.491300,31.309800, 28, 45,1
88939,2007-02-20 15:57:13,121.496100,31.309800, 44, 45,1
88939,2007-02-20 15:58:14,121.500300,31.309800, 46, 45,1
88939,2007-02-20 15:58:47,121.502500,31.310000,  0,157,0
88939,2007-02-20 15:59:48,121.504500,31.309800, 28, 45,0
88939,2007-02-20 16:00:49,121.508800,31.306100, 22, 67,0
88939,2007-02-20 16:01:50,121.510000,31.304000,  8, 67,0
88939,2007-02-20 16:02:13,121.510000,31.303800, 12, 67,1
88939,2007-02-20 16:04:15,121.514800,31.303000,  0, 45,1
88939,2007-02-20 16:05:15,121.514800,31.303000,  0, 45,1
88939,2007-02-20 16:06:17,121.519300,31.304300, 64, 45,1
88939,2007-02-20 16:07:18,121.527100,31.306800, 16, 22,1
88939,2007-02-20 16:08:19,121.527500,31.311300,  0,  0,1
88939,2007-02-20 16:09:20,121.527500,31.313100, 18,  0,1
88939,2007-02-20 16:09:44,121.527600,31.315100,  0,  0,0
88939,2007-02-20 16:10:45,121.527500,31.315600,  0,  0,0
88939,2007-02-20 16:11:45,121.527500,31.317600, 38,  0,0
88939,2007-02-20 16:12:47,121.530500,31.320100, 40, 45,0
88939,2007-02-20 16:13:48,121.534100,31.318300, 36, 90,0
88939,2007-02-20 16:14:49,121.533800,31.313500, 32,135,0
88939,2007-02-20 16:15:45,121.533000,31.313500,  6,135,1
88939,2007-02-20 16:16:45,121.527500,31.314500, 42,  0,1
88939,2007-02-20 16:17:47,121.527500,31.316300,  0,  0,1
88939,2007-02-20 16:18:48,121.527500,31.317600, 46,  0,1
88939,2007-02-20 16:19:49,121.527600,31.323300,  0,  0,1
88939,2007-02-20 16:20:50,121.527600,31.327100, 48,  0,1
88939,2007-02-20 16:21:50,121.526100,31.330600, 50,135,1
88939,2007-02-20 16:22:52,121.524300,31.333600, 28, 45,1
88939,2007-02-20 16:23:34,121.526300,31.333800,  0, 22,0
88939,2007-02-20 16:24:35,121.526800,31.333800,  8, 67,0
88939,2007-02-20 16:26:37,121.527500,31.326300, 40, 90,0
88939,2007-02-20 16:27:38,121.527600,31.321500, 30, 90,0
88939,2007-02-20 16:28:39,121.527500,31.317300, 34, 90,0
88939,2007-02-20 16:30:40,121.527300,31.311800, 20, 90,0
88939,2007-02-20 16:31:42,121.521600,31.311600, 38,135,0
88939,2007-02-20 16:32:43,121.518100,31.311000, 30, 90,0
88939,2007-02-20 16:33:44,121.517100,31.307300, 50,135,0
88939,2007-02-20 16:35:45,121.514800,31.305800, 42, 90,0
88939,2007-02-20 16:36:31,121.514100,31.303800,  8,135,1
88939,2007-02-20 16:37:31,121.512800,31.302300, 28,112,1
88939,2007-02-20 16:38:32,121.514100,31.303800, 42, 22,1
88939,2007-02-20 16:39:33,121.519000,31.304100, 48, 45,1
88939,2007-02-20 16:40:34,121.525000,31.306000, 44, 45,1
88939,2007-02-20 16:41:34,121.526800,31.306600, 12, 22,1
88939,2007-02-20 16:42:36,121.527600,31.301000, 60, 90,1
88939,2007-02-20 16:43:37,121.527600,31.300100, 14, 90,1
88939,2007-02-20 16:44:38,121.531000,31.302000, 44, 22,1
88939,2007-02-20 16:45:39,121.534600,31.304800, 16,  0,1
88939,2007-02-20 16:45:42,121.534500,31.305000,  0,  0,0
88939,2007-02-20 16:46:43,121.534300,31.306100,  0,  0,0
88939,2007-02-20 16:47:44,121.534300,31.306500, 22,  0,0
88939,2007-02-20 16:48:44,121.534300,31.308600,  0,  0,0
88939,2007-02-20 16:49:46,121.534100,31.312100, 52,  0,0
88939,2007-02-20 16:50:47,121.534100,31.318100, 34,  0,0
88939,2007-02-20 16:51:48,121.534100,31.322600, 46,  0,0
88939,2007-02-20 16:52:49,121.533800,31.328100, 48,  0,0
88939,2007-02-20 16:53:49,121.530000,31.330300, 52,135,0
88939,2007-02-20 16:55:52,121.524800,31.323500,  0,135,0
88939,2007-02-20 16:56:53,121.521800,31.323500,  0,135,0
88939,2007-02-20 16:57:54,121.521600,31.321500,  0, 90,0
88939,2007-02-20 17:00:09,121.514800,31.315300, 22, 90,1
88939,2007-02-20 17:01:11,121.510600,31.312500, 40, 90,1
88939,2007-02-20 17:02:00,121.508800,31.312500,  0,  0,0
88939,2007-02-20 17:03:01,121.508800,31.313000,  0,  0,0
88939,2007-02-20 17:04:02,121.508800,31.313000,  0,  0,0
88939,2007-02-20 17:04:58,121.509000,31.313000,  8,  0,1
88939,2007-02-20 17:05:59,121.510800,31.314500, 42,  0,1
88939,2007-02-20 17:06:59,121.516800,31.322000, 56, 22,1
88939,2007-02-20 17:08:01,121.520000,31.324500, 56, 45,1
88939,2007-02-20 17:09:02,121.521500,31.327000, 40,  0,1
88939,2007-02-20 17:10:03,121.524300,31.334300, 54,  0,1
88939,2007-02-20 17:11:04,121.524800,31.339600,  0,  0,1
88939,2007-02-20 17:11:07,121.524800,31.339600,  0,  0,0
88939,2007-02-20 17:12:08,121.524600,31.341600,  0,  0,0
88939,2007-02-20 17:13:09,121.524800,31.338600, 50, 90,0
88939,2007-02-20 17:14:09,121.525000,31.333600, 44, 45,0
88939,2007-02-20 17:15:11,121.533500,31.332300, 30, 90,0
88939,2007-02-20 17:16:12,121.533500,31.330500,  0, 90,0
88939,2007-02-20 17:17:12,121.533800,31.327300, 14, 90,1
88939,2007-02-20 17:18:12,121.534100,31.324000,  0, 90,1
88939,2007-02-20 17:19:13,121.534100,31.320600,  0, 90,1
88939,2007-02-20 17:20:14,121.534100,31.317100, 24, 90,1
88939,2007-02-20 17:21:14,121.534100,31.310000, 84, 90,1
88939,2007-02-20 17:22:16,121.533500,31.303500, 48,112,1
88939,2007-02-20 17:23:17,121.532500,31.300800, 42, 67,1
88939,2007-02-20 17:24:18,121.536600,31.299800,  0, 67,1
88939,2007-02-20 17:24:19,121.536600,31.299800,  0, 67,0
88939,2007-02-20 17:25:19,121.537500,31.299000,  0, 67,0
88939,2007-02-20 17:26:21,121.538500,31.298000,  8,  0,0
88939,2007-02-20 17:26:35,121.538500,31.298000, 16,157,1
88939,2007-02-20 17:27:36,121.535000,31.299500, 56,112,1
88939,2007-02-20 17:28:37,121.531800,31.302000,  0,157,1
88939,2007-02-20 17:29:38,121.534500,31.304100, 32, 22,1
88939,2007-02-20 17:30:39,121.534300,31.308600,  0,  0,1
88939,2007-02-20 17:31:39,121.534300,31.309500, 50,  0,1
88939,2007-02-20 17:32:41,121.534100,31.316300, 20,  0,1
88939,2007-02-20 17:33:42,121.534100,31.321100, 52,  0,1
88939,2007-02-20 17:35:00,121.534100,31.327300,  0, 45,0
88939,2007-02-20 17:36:01,121.534100,31.327300,  0,135,0
88939,2007-02-20 17:37:02,121.534100,31.327300,  0,135,0
88939,2007-02-20 17:38:03,121.534100,31.327300,  0,135,0
88939,2007-02-20 17:39:04,121.534000,31.327300,  0,135,0
88939,2007-02-20 17:40:04,121.533500,31.330300, 16,135,0
88939,2007-02-20 17:41:06,121.528100,31.330500, 32,135,0
88939,2007-02-20 17:43:08,121.521100,31.329500, 32,112,0
88939,2007-02-20 17:44:09,121.521500,31.325800, 42, 90,0
88939,2007-02-20 17:45:09,121.521600,31.323500, 32, 90,0
88939,2007-02-20 17:46:11,121.521500,31.320100, 14, 90,0
88939,2007-02-20 17:47:12,121.525600,31.320100, 50, 45,0
88939,2007-02-20 17:48:13,121.527500,31.316800, 30, 90,0
88939,2007-02-20 17:49:14,121.527500,31.313600,  0, 90,0
88939,2007-02-20 17:50:14,121.527500,31.312300, 48, 90,0
88939,2007-02-20 17:51:16,121.526300,31.306800, 48,135,0
88939,2007-02-20 17:52:17,121.516500,31.303800, 34,112,0
88939,2007-02-20 17:53:18,121.512100,31.302800, 34,135,0
88939,2007-02-20 17:53:59,121.512100,31.302800,  0, 22,1
88939,2007-02-20 17:55:00,121.510000,31.300100,  6, 90,1
88939,2007-02-20 17:56:01,121.508500,31.297000,  0, 90,1
88939,2007-02-20 17:57:02,121.506000,31.292000, 42,112,1
88939,2007-02-20 17:57:47,121.508800,31.290300,  0, 45,0
88939,2007-02-20 17:59:49,121.514100,31.290500,  0, 45,0
88939,2007-02-20 18:00:50,121.515500,31.291000,  0, 45,0
88939,2007-02-20 18:01:51,121.515500,31.291000,  4, 45,0
88939,2007-02-20 18:01:52,121.515500,31.291000, 10, 45,1
88939,2007-02-20 18:02:53,121.519000,31.292000, 56, 45,1
88939,2007-02-20 18:04:55,121.527600,31.299800, 26, 22,1
88939,2007-02-20 18:05:06,121.528100,31.300100,  8, 22,0
88939,2007-02-20 18:06:07,121.531100,31.302000, 28, 22,0
88939,2007-02-20 18:07:08,121.533800,31.298500, 34,112,0
88939,2007-02-20 18:07:48,121.531600,31.296600, 18,112,1
88939,2007-02-20 18:08:48,121.527600,31.299600,  2,  0,1
88939,2007-02-20 18:09:49,121.527600,31.299800, 20,  0,1
88939,2007-02-20 18:10:50,121.527500,31.308500, 70,  0,1
88939,2007-02-20 18:12:52,121.527500,31.315300, 20,  0,1
88939,2007-02-20 18:13:53,121.527500,31.315800, 14,  0,1
88939,2007-02-20 18:14:54,121.527500,31.320100, 18,135,1
88939,2007-02-20 18:15:55,121.522000,31.320100,  0,135,1
88939,2007-02-20 18:16:56,121.521300,31.318300,  4, 90,1
88939,2007-02-20 18:17:57,121.522800,31.317500,  0, 90,1
88939,2007-02-20 18:17:58,121.522800,31.317500,  0, 90,0
88939,2007-02-20 18:18:58,121.522800,31.317300, 16, 90,0
88939,2007-02-20 18:19:59,121.522800,31.316600, 10,112,0
88939,2007-02-20 18:21:00,121.521500,31.319500, 26,  0,0
88939,2007-02-20 18:22:01,121.525100,31.320100, 36, 45,0
88939,2007-02-20 18:24:03,121.527600,31.322600,  0,  0,0
88939,2007-02-20 18:24:21,121.527600,31.322600,  8,  0,1
88939,2007-02-20 18:25:21,121.527500,31.326600,  0,  0,1
88939,2007-02-20 18:26:22,121.521600,31.326800, 22,135,1
88939,2007-02-20 18:27:23,121.521500,31.329300, 12, 45,1
88939,2007-02-20 18:28:01,121.521600,31.329000,  0,157,0
88939,2007-02-20 18:29:01,121.521600,31.329000,  4,157,0
88939,2007-02-20 18:30:02,121.523300,31.330600, 40, 45,0
88939,2007-02-20 18:31:03,121.527500,31.330500, 24, 45,0
88939,2007-02-20 18:32:04,121.533500,31.330100, 18, 67,0
88939,2007-02-20 18:33:05,121.534000,31.326000, 34, 90,0
88939,2007-02-20 18:34:06,121.534100,31.321300, 28, 90,0
88939,2007-02-20 18:35:07,121.534100,31.317100,  2, 90,0
88939,2007-02-20 18:36:08,121.534100,31.313800,  0, 90,0
88939,2007-02-20 18:37:09,121.531800,31.313500, 22, 45,0
88939,2007-02-20 18:38:10,121.532100,31.313500,  0, 45,0
88939,2007-02-20 18:39:11,121.532100,31.313500,  0, 45,0
88939,2007-02-20 18:40:12,121.532100,31.313500,  0, 45,0
88939,2007-02-20 18:41:13,121.532100,31.313500,  0, 45,0
88939,2007-02-20 18:42:14,121.532100,31.313500,  0, 45,0
88939,2007-02-20 18:43:15,121.532100,31.313500,  0, 45,0
88939,2007-02-20 18:44:16,121.532100,31.313500,  0, 45,0
88939,2007-02-20 18:45:17,121.532100,31.313500,  0, 45,0
88939,2007-02-20 18:46:18,121.532100,31.313500,  0, 45,0
88939,2007-02-20 18:47:19,121.532100,31.313500,  0, 45,0
88939,2007-02-20 18:48:20,121.532100,31.313500,  0, 45,0
88939,2007-02-20 18:49:21,121.532100,31.313500,  0, 45,0
88939,2007-02-20 18:50:22,121.532100,31.313500,  0, 45,0
88939,2007-02-20 18:51:23,121.532100,31.313500,  0, 45,0
88939,2007-02-20 18:52:24,121.532100,31.313500,  0, 45,0
88939,2007-02-20 18:53:25,121.534100,31.313100, 30, 90,0
88939,2007-02-20 18:54:26,121.531800,31.308600, 44,135,0
88939,2007-02-20 18:55:27,121.527500,31.307300, 10,135,0
88939,2007-02-20 18:56:28,121.527500,31.307300,  0,135,0
88939,2007-02-20 18:57:29,121.526000,31.306600, 56,135,0
88939,2007-02-20 18:58:30,121.517600,31.304100, 48,135,0
88939,2007-02-20 18:59:31,121.515600,31.303500,  0,112,0
88939,2007-02-20 19:00:32,121.510800,31.303100, 44,157,0
88939,2007-02-20 19:01:33,121.510500,31.305300, 10, 67,0
88939,2007-02-20 19:02:34,121.512100,31.303100,  0, 45,0
88939,2007-02-20 19:03:22,121.512100,31.303300, 18,157,1
88939,2007-02-20 19:04:22,121.513500,31.306300, 42, 45,1
88939,2007-02-20 19:05:23,121.514800,31.310000, 30,  0,1
88939,2007-02-20 19:06:24,121.515100,31.313300, 40, 22,1
88939,2007-02-20 19:08:26,121.519000,31.319800, 44, 22,1
88939,2007-02-20 19:09:27,121.522800,31.323500, 54, 45,1
88939,2007-02-20 19:09:49,121.525000,31.323500,  0, 45,0
88939,2007-02-20 19:11:50,121.525300,31.324000,  0, 67,0
88939,2007-02-20 19:12:51,121.525300,31.323800,  4,135,0
88939,2007-02-20 19:13:53,121.527300,31.323500,  0, 45,1
88939,2007-02-20 19:14:54,121.527500,31.330100,  8,  0,1
88939,2007-02-20 19:15:55,121.524800,31.330600, 64,135,1
88939,2007-02-20 19:16:56,121.524500,31.335300, 50,  0,1
88939,2007-02-20 19:17:57,121.524500,31.342100, 26,157,1
88939,2007-02-20 19:18:58,121.515800,31.345800, 58,157,1
88939,2007-02-20 19:19:59,121.506600,31.350000, 66,157,1
88939,2007-02-20 19:21:00,121.499100,31.351500, 20,135,1
88939,2007-02-20 19:22:01,121.498300,31.351600,  0,135,1
88939,2007-02-20 19:24:03,121.491300,31.368000, 62,  0,1
88939,2007-02-20 19:25:04,121.488300,31.374500, 24,157,1
88939,2007-02-20 19:26:05,121.488100,31.375000, 16,157,1
88939,2007-02-20 19:27:06,121.483800,31.373600, 52,112,1
88939,2007-02-20 19:28:07,121.476600,31.371500, 80,135,1
88939,2007-02-20 19:29:08,121.462800,31.367600, 84,135,1
88939,2007-02-20 19:30:09,121.448100,31.363300, 88,135,1
88939,2007-02-20 19:32:11,121.423300,31.355300, 72,135,1
88939,2007-02-20 19:33:12,121.416800,31.354300,  0,135,1
88939,2007-02-20 19:34:13,121.410500,31.353100, 66,135,1
88939,2007-02-20 19:35:12,121.403500,31.351500,  0,135,0
88939,2007-02-20 19:36:12,121.402500,31.351100,  0,112,0
88939,2007-02-20 19:37:13,121.402500,31.351100,  0,112,0
88939,2007-02-20 19:37:32,121.402500,31.351100,  6,112,1
88939,2007-02-20 19:39:33,121.401100,31.349800, 68, 45,1
88939,2007-02-20 19:40:34,121.410600,31.352500, 58, 45,1
88939,2007-02-20 19:42:36,121.416500,31.353600,  0, 45,1
88939,2007-02-20 19:43:37,121.424800,31.355100, 70, 45,1
88939,2007-02-20 19:44:12,121.428800,31.355500,  0, 67,0
88939,2007-02-20 19:46:13,121.434100,31.358000, 34, 22,0
88939,2007-02-20 19:47:14,121.441000,31.360600, 46, 22,0
88939,2007-02-20 19:48:15,121.448500,31.363000, 54, 45,0
88939,2007-02-20 19:49:55,121.455500,31.355300, 56, 90,0
88939,2007-02-20 19:50:55,121.457300,31.350800,  0, 90,0
88939,2007-02-20 19:51:56,121.459100,31.346300, 38, 90,0
88939,2007-02-20 19:52:57,121.460600,31.342800,  0, 90,0
88939,2007-02-20 19:53:58,121.460600,31.342800,  0, 90,0
88939,2007-02-20 19:54:59,121.462000,31.337500, 10, 90,0
88939,2007-02-20 19:56:00,121.462500,31.331600, 56, 90,0
88939,2007-02-20 19:57:01,121.463100,31.324600, 54, 90,0
88939,2007-02-20 19:57:44,121.463300,31.324000, 12, 90,1
88939,2007-02-20 19:58:44,121.463500,31.321500,  0, 90,1
88939,2007-02-20 19:59:45,121.463500,31.321300, 18, 90,1
88939,2007-02-20 20:00:46,121.463500,31.315500,  8, 90,1
88939,2007-02-20 20:01:47,121.463300,31.313000, 16, 90,1
88939,2007-02-20 20:02:48,121.463100,31.311500, 50, 90,1
88939,2007-02-20 20:03:49,121.460600,31.308100, 10,  0,1
88939,2007-02-20 20:04:16,121.460800,31.309000,  0, 45,0
88939,2007-02-20 20:05:16,121.460800,31.309000,  0, 45,0
88939,2007-02-20 20:06:17,121.460600,31.308100,  0, 90,0
88939,2007-02-20 20:07:18,121.464300,31.308100, 34, 45,0
88939,2007-02-20 20:07:57,121.466300,31.308100,  2, 45,1
88939,2007-02-20 20:08:57,121.471000,31.308800, 30, 45,1
88939,2007-02-20 20:09:58,121.474500,31.309300, 30, 45,1
88939,2007-02-20 20:10:59,121.478300,31.309800, 60, 45,1
88939,2007-02-20 20:12:00,121.485300,31.309800,  0, 45,1
88939,2007-02-20 20:13:01,121.487800,31.309800, 20, 45,1
88939,2007-02-20 20:14:02,121.493800,31.309800, 52, 45,1
88939,2007-02-20 20:16:04,121.505500,31.309800, 14, 45,1
88939,2007-02-20 20:18:21,121.508100,31.310000,  0, 45,1
88939,2007-02-20 20:20:23,121.515500,31.310000, 42, 45,1
88939,2007-02-20 20:21:24,121.519000,31.310000, 44, 45,1
88939,2007-02-20 20:22:25,121.519800,31.316500, 46, 22,1
88939,2007-02-20 20:22:59,121.521500,31.318100,  0, 22,0
88939,2007-02-20 20:24:00,121.521100,31.318000,  0, 90,0
88939,2007-02-20 20:24:19,121.521100,31.317800, 20, 90,1
88939,2007-02-20 20:25:20,121.519500,31.312500, 48, 90,1
88939,2007-02-20 20:26:21,121.518100,31.309300, 38, 90,1
88939,2007-02-20 20:27:22,121.515300,31.306800,  0,112,1
88939,2007-02-20 20:29:24,121.515600,31.300600, 48, 90,1
88939,2007-02-20 20:30:25,121.513800,31.296500, 28,112,1
88939,2007-02-20 20:31:26,121.511000,31.292600,  0, 90,1
88939,2007-02-20 20:32:27,121.510800,31.289300, 36, 90,1
88939,2007-02-20 20:33:28,121.511800,31.283800, 50, 90,1
88939,2007-02-20 20:34:29,121.512600,31.281600, 36, 90,1
88939,2007-02-20 20:35:30,121.512300,31.278600, 16,135,1
88939,2007-02-20 20:36:31,121.508500,31.277000, 16,112,1
88939,2007-02-20 20:37:32,121.507600,31.275800, 18, 90,1
88939,2007-02-20 20:38:33,121.509600,31.272500, 40, 67,1
88939,2007-02-20 20:39:34,121.511500,31.270100, 32, 67,1
88939,2007-02-20 20:40:35,121.511600,31.269600,  0, 90,1
88939,2007-02-20 20:41:36,121.514600,31.265800, 60, 67,1
88939,2007-02-20 20:42:37,121.517300,31.262000, 32,112,1
88939,2007-02-20 20:43:33,121.515600,31.259300,  0, 67,0
88939,2007-02-20 20:45:34,121.516800,31.260300, 30, 22,0
88939,2007-02-20 20:46:35,121.517500,31.263100, 36,  0,0
88939,2007-02-20 20:47:36,121.517100,31.265600, 32, 22,0
88939,2007-02-20 20:49:38,121.516300,31.270500,  0,  0,0
88939,2007-02-20 20:50:19,121.516500,31.270800, 14,  0,1
88939,2007-02-20 20:51:20,121.519500,31.272500, 18, 67,1
88939,2007-02-20 20:52:21,121.522600,31.268100,  0, 90,1
88939,2007-02-20 20:53:22,121.526000,31.263600, 68, 67,1
88939,2007-02-20 20:54:23,121.526800,31.262300,  0, 67,1
88939,2007-02-20 20:55:24,121.531100,31.264500, 58, 22,1
88939,2007-02-20 20:57:26,121.537600,31.269600, 36, 22,1
88939,2007-02-20 20:58:27,121.544500,31.275000, 64, 22,1
88939,2007-02-20 20:59:28,121.549300,31.279100, 28, 22,1
88939,2007-02-20 21:01:01,121.552800,31.280000,  0, 45,0
88939,2007-02-20 21:02:02,121.552800,31.280000,  0, 45,0
88939,2007-02-20 21:04:04,121.545500,31.279100, 44,157,0
88939,2007-02-20 21:05:05,121.541600,31.282500,  0,157,0
88939,2007-02-20 21:06:06,121.540800,31.284500, 36,  0,0
88939,2007-02-20 21:07:07,121.537800,31.288000, 42,112,0
88939,2007-02-20 21:08:08,121.533100,31.285300,  0,135,0
88939,2007-02-20 21:10:10,121.530800,31.288300, 34,  0,0
88939,2007-02-20 21:11:11,121.532600,31.291300, 22, 45,0
88939,2007-02-20 21:12:12,121.533500,31.288000, 36,112,0
88939,2007-02-20 21:13:12,121.532300,31.285600,  0, 67,0
88939,2007-02-20 21:14:13,121.531300,31.284600, 32,112,0
88939,2007-02-20 21:16:15,121.526300,31.285500,  0,  0,0
88939,2007-02-20 21:16:43,121.526300,31.285500,  0,  0,1
88939,2007-02-20 21:17:43,121.522600,31.284100, 48,112,1
88939,2007-02-20 21:18:44,121.517800,31.282500,  0,112,1
88939,2007-02-20 21:19:45,121.514600,31.281500, 40,135,1
88939,2007-02-20 21:20:46,121.512300,31.282300,  0,  0,1
88939,2007-02-20 21:21:47,121.511800,31.284300, 64,  0,1
88939,2007-02-20 21:22:48,121.510100,31.286300,  0,135,1
88939,2007-02-20 21:23:49,121.504000,31.287800,  0,157,1
88939,2007-02-20 21:24:50,121.504000,31.287800,  0,157,1
88939,2007-02-20 21:25:51,121.498000,31.289300, 46,135,1
88939,2007-02-20 21:28:20,121.488500,31.289800,  0,  0,1
88939,2007-02-20 21:29:21,121.480100,31.287600,  0,135,1
88939,2007-02-20 21:30:22,121.480100,31.287600,  0,135,1
88939,2007-02-20 21:31:23,121.477600,31.287800, 24,135,1
88939,2007-02-20 21:32:24,121.475300,31.288000, 34,135,1
88939,2007-02-20 21:33:25,121.472600,31.288300, 16,135,1
88939,2007-02-20 21:34:26,121.465800,31.289100, 32,135,1
88939,2007-02-20 21:35:27,121.461800,31.291500, 60,  0,1
88939,2007-02-20 21:36:28,121.462300,31.293800,  0,  0,1
88939,2007-02-20 21:37:29,121.462500,31.295600, 40,  0,1
88939,2007-02-20 21:38:30,121.462600,31.298800,  0,  0,1
88939,2007-02-20 21:39:31,121.462000,31.299000,  0,135,1
88939,2007-02-20 21:40:23,121.462300,31.299000,  0, 45,0
88939,2007-02-20 21:41:24,121.463800,31.298800,  0, 45,0
88939,2007-02-20 21:41:45,121.463600,31.299000, 24,135,1
88939,2007-02-20 21:42:45,121.462500,31.296500, 58, 90,1
88939,2007-02-20 21:44:47,121.461300,31.288300,  0, 90,1
88939,2007-02-20 21:45:48,121.460500,31.283600, 52, 90,1
88939,2007-02-20 21:46:49,121.460300,31.282300,  0, 90,1
88939,2007-02-20 21:47:50,121.460800,31.279300, 44, 90,1
88939,2007-02-20 21:48:51,121.460600,31.275300, 28, 67,1
88939,2007-02-20 21:49:52,121.464000,31.271500, 10, 22,1
88939,2007-02-20 21:50:25,121.464600,31.272000,  0, 22,0
88939,2007-02-20 21:51:26,121.464600,31.272100,  0,  0,0
88939,2007-02-20 21:52:27,121.463800,31.272500, 40, 22,0
88939,2007-02-20 21:53:28,121.465800,31.273600,  0, 22,0
88939,2007-02-20 21:54:29,121.468100,31.275300,  0, 22,0
88939,2007-02-20 21:55:30,121.470500,31.278500, 36,  0,0
88939,2007-02-20 21:56:31,121.472800,31.278100,  6, 67,0
88939,2007-02-20 21:57:32,121.473000,31.278000,  0, 67,0
88939,2007-02-20 21:58:33,121.473500,31.277800, 24, 45,0
88939,2007-02-20 21:59:34,121.476600,31.279800,  0, 45,0
88939,2007-02-20 22:00:35,121.476600,31.279800,  0, 45,0
88939,2007-02-20 22:01:36,121.478300,31.281800, 12,  0,0
88939,2007-02-20 22:02:36,121.479000,31.282100,  8, 45,1
88939,2007-02-20 22:03:36,121.483000,31.281300, 44, 45,1
88939,2007-02-20 22:04:37,121.485100,31.281100,  0, 45,1
88939,2007-02-20 22:05:38,121.486000,31.278600, 20, 90,1
88939,2007-02-20 22:06:39,121.486000,31.278600,  0, 90,1
88939,2007-02-20 22:07:40,121.487000,31.278300, 48, 45,1
88939,2007-02-20 22:08:41,121.494500,31.278100,  0, 45,1
88939,2007-02-20 22:09:42,121.495600,31.277600,  0, 67,1
88939,2007-02-20 22:10:43,121.496500,31.277000,  0, 90,1
88939,2007-02-20 22:11:44,121.496500,31.277000,  0, 90,1
88939,2007-02-20 22:12:45,121.498100,31.275600, 34, 67,1
88939,2007-02-20 22:14:47,121.502600,31.273000, 20, 22,1
88939,2007-02-20 22:15:48,121.505100,31.274600, 20, 22,1
88939,2007-02-20 22:16:49,121.508800,31.275800, 36, 45,1
88939,2007-02-20 22:17:50,121.510600,31.276100, 22, 45,1
88939,2007-02-20 22:18:51,121.513800,31.276800,  0, 45,1
88939,2007-02-20 22:19:52,121.515800,31.277300, 56, 45,1
88939,2007-02-20 22:20:53,121.520800,31.279000,  0, 22,1
88939,2007-02-20 22:22:55,121.528600,31.283300, 48, 22,1
88939,2007-02-20 22:23:56,121.534000,31.285600, 18, 22,1
88939,2007-02-20 22:24:42,121.537800,31.288000,  0, 22,0
88939,2007-02-20 22:25:42,121.537800,31.288000,  2, 22,0
88939,2007-02-20 22:26:43,121.536100,31.290100, 36,112,0
88939,2007-02-20 22:27:44,121.532500,31.287600,  0,135,0
88939,2007-02-20 22:28:28,121.532500,31.287600,  8,135,1
88939,2007-02-20 22:30:30,121.534300,31.283000, 60, 67,1
88939,2007-02-20 22:31:31,121.531300,31.278600, 40,135,1
88939,2007-02-20 22:32:32,121.530500,31.278500, 30,135,1
88939,2007-02-20 22:33:33,121.523100,31.277800, 44,157,1
88939,2007-02-20 22:34:34,121.518500,31.285600, 82,  0,1
88939,2007-02-20 22:35:35,121.507000,31.287000, 90,135,1
88939,2007-02-20 22:36:36,121.494100,31.288600, 70,112,1
88939,2007-02-20 22:38:38,121.476300,31.280000, 82,112,1
88939,2007-02-20 22:39:39,121.470100,31.271000, 62,112,1
88939,2007-02-20 22:40:40,121.462600,31.265000, 64,112,1
88939,2007-02-20 22:41:41,121.451300,31.261300, 78,135,1
88939,2007-02-20 22:42:42,121.438600,31.258300, 78,112,1
88939,2007-02-20 22:43:43,121.428000,31.252000, 94,112,1
88939,2007-02-20 22:44:44,121.415800,31.244100,102,112,1
88939,2007-02-20 22:45:45,121.407000,31.235600, 60,112,1
88939,2007-02-20 22:46:46,121.406300,31.226300, 74, 90,1
88939,2007-02-20 22:47:47,121.406500,31.217100, 84, 90,1
88939,2007-02-20 22:48:48,121.407500,31.205500, 92, 90,1
88939,2007-02-20 22:49:49,121.413600,31.195000, 92, 67,1
88939,2007-02-20 22:51:30,121.427000,31.182800, 54, 67,1
88939,2007-02-20 22:52:30,121.430800,31.179100, 62, 90,1
88939,2007-02-20 22:53:31,121.429500,31.168100, 76, 90,1
88939,2007-02-20 22:54:32,121.423100,31.158000, 94,112,1
88939,2007-02-20 22:55:33,121.414100,31.149500, 88,112,1
88939,2007-02-20 22:56:34,121.405300,31.141100, 84,112,1
88939,2007-02-20 22:57:35,121.395000,31.131000, 92,112,1
88939,2007-02-20 22:58:36,121.387000,31.123600, 68,112,1
88939,2007-02-20 22:59:37,121.379800,31.116800, 58,112,1
88939,2007-02-20 23:00:38,121.376100,31.113300, 56,112,1
88939,2007-02-20 23:02:40,121.370300,31.109100, 36,112,1
88939,2007-02-20 23:03:41,121.366000,31.106600, 36,112,1
88939,2007-02-20 23:04:42,121.365100,31.106100,  0,112,1
88939,2007-02-20 23:05:43,121.365000,31.106000,  0,112,1
88939,2007-02-20 23:08:46,121.372000,31.110000, 28, 22,1
88939,2007-02-20 23:09:47,121.374000,31.108000,  0, 22,1
88939,2007-02-20 23:10:48,121.374800,31.109500, 36, 22,1
88939,2007-02-20 23:11:49,121.379500,31.109000, 38, 45,1
88939,2007-02-20 23:12:50,121.384600,31.111100, 54, 22,1
88939,2007-02-20 23:14:52,121.393300,31.114000, 20, 67,1
88939,2007-02-20 23:15:53,121.393600,31.113300,  0, 90,1
88939,2007-02-20 23:16:54,121.394100,31.112500, 26, 90,1
88939,2007-02-20 23:17:55,121.391500,31.113000,  0, 22,1
88939,2007-02-20 23:18:56,121.392600,31.112800,  0, 45,1
88939,2007-02-20 23:19:57,121.392600,31.112800,  0,112,1
88939,2007-02-20 23:20:58,121.392600,31.112800,  0,112,1
88939,2007-02-20 23:21:59,121.392600,31.112800,  0,112,1
88939,2007-02-20 23:23:00,121.392600,31.112800,  0,112,1
88939,2007-02-20 23:24:01,121.392600,31.112800,  0,112,1
88939,2007-02-20 23:25:02,121.392600,31.112800,  0,112,1
88939,2007-02-20 23:26:03,121.392600,31.112800,  0,112,1
88939,2007-02-20 23:27:04,121.392600,31.112800,  0,112,1
88939,2007-02-20 23:28:05,121.392600,31.112800,  0,112,1
88939,2007-02-20 23:29:06,121.392600,31.112800,  0,112,1
88939,2007-02-20 23:30:07,121.392600,31.112800,  0,112,1
88939,2007-02-20 23:31:08,121.392600,31.112800,  0,112,1
88939,2007-02-20 23:32:09,121.392600,31.112800,  0,112,1
88939,2007-02-20 23:33:10,121.392600,31.112800,  0,112,1
88939,2007-02-20 23:34:11,121.392600,31.112800,  0,112,1
88939,2007-02-20 23:35:12,121.392600,31.112800,  0,112,1
88939,2007-02-20 23:36:13,121.392600,31.112800,  0,112,1
88939,2007-02-20 23:37:14,121.392600,31.112800,  0,112,1
88939,2007-02-20 23:38:15,121.392600,31.112800,  0,112,1
88939,2007-02-20 23:39:16,121.392600,31.112800,  0,112,1
88939,2007-02-20 23:40:17,121.392600,31.112800,  0,112,1
88939,2007-02-20 23:41:18,121.392600,31.112800,  0,112,1
88939,2007-02-20 23:42:19,121.391600,31.113000, 18,135,1
88939,2007-02-20 23:43:20,121.389100,31.113100, 34,112,1
88939,2007-02-20 23:44:21,121.384800,31.120300, 60,  0,1
88939,2007-02-20 23:46:23,121.400500,31.136100, 94, 22,1
88939,2007-02-20 23:47:24,121.410500,31.145600, 88, 22,1
88939,2007-02-20 23:48:25,121.420300,31.155000, 96, 22,1
88939,2007-02-20 23:49:26,121.429300,31.165600, 76,  0,1
88939,2007-02-20 23:51:28,121.429100,31.182100, 58,157,1
88939,2007-02-20 23:53:30,121.410800,31.198800, 86,157,1
88939,2007-02-20 23:54:31,121.407100,31.209100, 84,  0,1
88939,2007-02-20 23:55:32,121.406000,31.220000, 70,  0,1
88939,2007-02-20 23:56:33,121.405600,31.229800, 90,  0,1
88939,2007-02-20 23:57:34,121.411000,31.240800, 88, 22,1
88939,2007-02-20 23:58:35,121.422800,31.247600, 78, 22,1
