81422,2007-02-20 00:00:04,121.507300,31.258500, 38,157,0
81422,2007-02-20 00:00:20,121.506500,31.259300, 26,157,0
81422,2007-02-20 00:00:36,121.505600,31.260100, 34,157,0
81422,2007-02-20 00:00:52,121.504600,31.261300, 38,157,0
81422,2007-02-20 00:01:08,121.503500,31.262300, 30,157,0
81422,2007-02-20 00:01:24,121.502600,31.263100, 26,157,0
81422,2007-02-20 00:01:50,121.501800,31.263600, 20,135,0
81422,2007-02-20 00:02:51,121.501000,31.263800,  0,135,0
81422,2007-02-20 00:04:53,121.501000,31.263500,  0,112,0
81422,2007-02-20 00:05:54,121.501300,31.263300, 14, 90,0
81422,2007-02-20 00:06:10,121.500300,31.262600, 30,112,0
81422,2007-02-20 00:06:26,121.499500,31.263100, 38,157,0
81422,2007-02-20 00:06:42,121.498500,31.264600, 40,157,0
81422,2007-02-20 00:07:14,121.501300,31.266000, 38, 22,0
81422,2007-02-20 00:08:15,121.502300,31.266300,  0, 45,0
81422,2007-02-20 00:09:00,121.502300,31.267100, 32,157,0
81422,2007-02-20 00:09:16,121.502000,31.268600, 38,  0,0
81422,2007-02-20 00:09:32,121.502000,31.270000, 26,  0,0
81422,2007-02-20 00:10:18,121.502000,31.271000, 36,  0,0
81422,2007-02-20 00:10:34,121.502000,31.272600, 40,157,0
81422,2007-02-20 00:11:06,121.499300,31.274800, 22,  0,0
81422,2007-02-20 00:11:22,121.500300,31.275800, 38, 22,0
81422,2007-02-20 00:12:00,121.501100,31.276500, 20, 22,0
81422,2007-02-20 00:12:16,121.501600,31.277500, 32,  0,0
81422,2007-02-20 00:12:32,121.502100,31.278500, 20, 22,0
81422,2007-02-20 00:12:52,121.501100,31.279000, 20,157,0
81422,2007-02-20 00:13:53,121.500500,31.279300,  0,  0,0
81422,2007-02-20 00:14:54,121.500500,31.279300,  0,  0,0
81422,2007-02-20 00:15:55,121.500500,31.279300,  0,  0,0
81422,2007-02-20 00:16:56,121.500500,31.279300,  0,  0,0
81422,2007-02-20 00:17:57,121.500500,31.279300,  0,  0,0
81422,2007-02-20 00:18:58,121.500500,31.279300,  0,  0,0
81422,2007-02-20 00:19:59,121.500500,31.279300,  0,  0,0
81422,2007-02-20 00:21:00,121.500500,31.279300,  0,  0,0
81422,2007-02-20 00:23:02,121.500500,31.279300,  0,  0,0
81422,2007-02-20 00:24:03,121.500500,31.279300,  0,  0,0
81422,2007-02-20 00:25:04,121.500500,31.279300,  0,  0,0
81422,2007-02-20 00:26:05,121.500500,31.279300,  0,  0,0
81422,2007-02-20 00:27:06,121.500500,31.279300,  0,  0,0
81422,2007-02-20 00:28:07,121.500500,31.279300,  0,  0,0
81422,2007-02-20 00:30:09,121.500500,31.279300,  0,  0,0
81422,2007-02-20 00:31:10,121.500500,31.279300,  0,  0,0
81422,2007-02-20 00:32:11,121.500500,31.279300,  0,  0,0
81422,2007-02-20 00:33:12,121.500500,31.279300,  0,  0,0
81422,2007-02-20 00:35:14,121.500500,31.279300,  0,  0,0
81422,2007-02-20 00:36:15,121.500500,31.279300,  0,  0,0
81422,2007-02-20 00:37:16,121.500500,31.279300,  0,  0,0
81422,2007-02-20 00:38:17,121.500500,31.279300,  0,  0,0
81422,2007-02-20 00:39:18,121.500500,31.279300,  0,  0,0
81422,2007-02-20 00:40:19,121.500500,31.279300,  0,  0,0
81422,2007-02-20 00:41:20,121.500500,31.279300,  0,  0,0
81422,2007-02-20 00:42:21,121.500500,31.279300,  0,  0,0
81422,2007-02-20 00:43:22,121.500500,31.279300,  0,  0,0
81422,2007-02-20 00:44:23,121.500500,31.279300,  0,  0,0
81422,2007-02-20 00:45:24,121.500500,31.279300,  0,  0,0
81422,2007-02-20 00:46:25,121.500500,31.279300,  0,  0,0
81422,2007-02-20 00:47:26,121.500500,31.279300,  0,  0,0
81422,2007-02-20 00:48:27,121.500500,31.279300,  0,  0,0
81422,2007-02-20 00:49:28,121.500500,31.279300,  0,  0,0
81422,2007-02-20 00:50:29,121.500500,31.279300,  0,  0,0
81422,2007-02-20 00:51:30,121.500500,31.279300,  0,  0,0
81422,2007-02-20 00:52:31,121.500500,31.279300,  0,  0,0
81422,2007-02-20 00:53:32,121.500500,31.279300,  0,  0,0
81422,2007-02-20 00:55:34,121.500500,31.279300,  0,  0,0
81422,2007-02-20 00:56:35,121.500500,31.279300,  0,  0,0
81422,2007-02-20 00:57:36,121.500500,31.279300,  0,  0,0
81422,2007-02-20 00:58:37,121.500500,31.279300,  0,  0,0
81422,2007-02-20 00:59:38,121.500500,31.279300,  0,  0,0
81422,2007-02-20 01:00:39,121.500500,31.279300,  0,  0,0
81422,2007-02-20 01:01:40,121.500500,31.279300,  0,  0,0
81422,2007-02-20 01:02:41,121.500500,31.279300,  0,  0,0
81422,2007-02-20 01:04:43,121.500500,31.279300,  0,  0,0
81422,2007-02-20 01:06:45,121.500500,31.279300,  0,  0,0
81422,2007-02-20 01:07:46,121.500500,31.279300,  0,  0,0
81422,2007-02-20 01:10:49,121.500300,31.279500,  0,  0,0
81422,2007-02-20 01:11:50,121.500300,31.279300,  0,  0,0
81422,2007-02-20 01:12:51,121.500500,31.279100,  0,  0,0
81422,2007-02-20 01:13:52,121.500300,31.279100,  0,  0,0
81422,2007-02-20 01:14:53,121.500300,31.279100,  0,  0,0
81422,2007-02-20 01:15:54,121.500300,31.279100,  0,  0,0
81422,2007-02-20 01:16:55,121.500300,31.279100,  0,  0,0
81422,2007-02-20 01:17:56,121.500300,31.279100,  0,  0,0
81422,2007-02-20 01:18:57,121.500300,31.279100,  0,  0,0
81422,2007-02-20 01:20:59,121.500300,31.279100,  0,  0,0
81422,2007-02-20 01:22:00,121.500300,31.279100,  0,  0,0
81422,2007-02-20 01:23:01,121.500500,31.279100,  0,  0,0
81422,2007-02-20 01:24:02,121.500300,31.279100,  0,  0,0
81422,2007-02-20 01:25:03,121.500300,31.279100,  0,  0,0
81422,2007-02-20 01:26:04,121.500300,31.279100,  0,  0,0
81422,2007-02-20 01:27:05,121.500300,31.279100,  0,  0,0
81422,2007-02-20 01:28:06,121.500300,31.279100,  0,  0,0
81422,2007-02-20 01:29:07,121.500300,31.279300,  0,  0,0
81422,2007-02-20 01:30:08,121.500300,31.279300,  0,  0,0
81422,2007-02-20 01:32:10,121.500300,31.279300,  0,  0,0
81422,2007-02-20 01:33:55,121.500300,31.279300,  0,  0,0
81422,2007-02-20 01:34:56,121.500500,31.279300,  0,  0,0
81422,2007-02-20 01:35:57,121.500500,31.279300,  0,  0,0
81422,2007-02-20 01:36:58,121.500500,31.279300,  0,  0,0
81422,2007-02-20 01:37:59,121.500500,31.279300,  0,  0,0
81422,2007-02-20 01:40:01,121.500500,31.279300,  0,  0,0
81422,2007-02-20 01:41:02,121.500500,31.279300,  0,  0,0
81422,2007-02-20 01:42:03,121.500500,31.279300,  0,  0,0
81422,2007-02-20 01:43:04,121.500500,31.279300,  0,  0,0
81422,2007-02-20 01:44:04,121.500500,31.279300,  0,  0,0
81422,2007-02-20 01:45:05,121.500600,31.279500,  0,  0,0
81422,2007-02-20 01:46:06,121.500600,31.279500,  0,  0,0
81422,2007-02-20 01:47:07,121.500600,31.279500,  0,  0,0
81422,2007-02-20 01:48:08,121.500600,31.279500,  0,  0,0
81422,2007-02-20 01:49:09,121.500600,31.279500,  0,  0,0
81422,2007-02-20 01:50:10,121.500600,31.279500,  0,  0,0
81422,2007-02-20 01:51:11,121.500600,31.279500,  0,  0,0
81422,2007-02-20 01:52:12,121.500600,31.279500,  0,  0,0
81422,2007-02-20 01:53:13,121.500600,31.279500,  0,  0,0
81422,2007-02-20 01:55:15,121.500500,31.279300,  0,  0,0
81422,2007-02-20 01:56:16,121.500500,31.279300,  0,  0,0
81422,2007-02-20 01:57:17,121.500500,31.279300,  0,  0,0
81422,2007-02-20 01:58:18,121.500500,31.279300,  0,  0,0
81422,2007-02-20 02:00:20,121.500500,31.279300,  0,  0,0
81422,2007-02-20 02:01:21,121.500500,31.279300,  0,  0,0
81422,2007-02-20 02:02:22,121.500500,31.279300,  0,  0,0
81422,2007-02-20 02:03:23,121.500500,31.279300,  0,  0,0
81422,2007-02-20 02:04:24,121.500500,31.279300,  0,  0,0
81422,2007-02-20 02:05:25,121.500500,31.279300,  0,  0,0
81422,2007-02-20 02:06:26,121.500500,31.279300,  0,  0,0
81422,2007-02-20 02:07:27,121.500500,31.279300,  0,  0,0
81422,2007-02-20 02:08:28,121.500500,31.279300,  0,  0,0
81422,2007-02-20 02:09:29,121.500500,31.279300,  0,  0,0
81422,2007-02-20 02:10:30,121.500500,31.279300,  0,  0,0
81422,2007-02-20 02:11:31,121.500500,31.279300,  0,  0,0
81422,2007-02-20 02:12:32,121.500500,31.279300,  0,  0,0
81422,2007-02-20 02:13:33,121.500500,31.279300,  0,  0,0
81422,2007-02-20 02:15:35,121.500500,31.279300,  0,  0,0
81422,2007-02-20 02:16:36,121.500500,31.279300,  0,  0,0
81422,2007-02-20 02:17:37,121.500500,31.279300,  0,  0,0
81422,2007-02-20 02:18:38,121.500500,31.279300,  0,  0,0
81422,2007-02-20 02:21:41,121.500500,31.279300,  0,  0,0
81422,2007-02-20 02:22:42,121.500500,31.279300,  0,  0,0
81422,2007-02-20 02:23:43,121.500500,31.279300,  0,  0,0
81422,2007-02-20 02:25:45,121.500500,31.279300,  0,  0,0
81422,2007-02-20 02:26:46,121.500500,31.279300,  0,  0,0
81422,2007-02-20 02:27:47,121.500500,31.279300,  0,  0,0
81422,2007-02-20 02:28:48,121.500500,31.279300,  0,  0,0
81422,2007-02-20 02:30:50,121.500800,31.279100,  0,  0,0
81422,2007-02-20 02:31:51,121.500800,31.279100,  0,  0,0
81422,2007-02-20 02:32:52,121.500800,31.279100,  0,  0,0
81422,2007-02-20 02:33:53,121.500800,31.279100,  0,  0,0
81422,2007-02-20 02:34:54,121.500800,31.279100,  0,  0,0
81422,2007-02-20 02:35:55,121.500800,31.279100,  0,  0,0
81422,2007-02-20 02:37:00,121.500800,31.279100,  0,  0,0
81422,2007-02-20 02:38:00,121.500800,31.279100,  0,  0,0
81422,2007-02-20 02:39:01,121.501500,31.279300,  0, 45,0
81422,2007-02-20 02:40:02,121.501500,31.279300,  0, 45,0
81422,2007-02-20 02:41:03,121.501500,31.279300,  0, 45,0
81422,2007-02-20 02:42:04,121.501500,31.279300,  0, 45,0
81422,2007-02-20 02:43:05,121.501500,31.279300,  0, 45,0
81422,2007-02-20 02:44:06,121.501500,31.279300,  0, 45,0
81422,2007-02-20 02:45:07,121.501500,31.279300,  0, 45,0
81422,2007-02-20 02:46:08,121.500800,31.279300,  0, 45,0
81422,2007-02-20 02:47:09,121.500800,31.279300,  0, 45,0
81422,2007-02-20 02:48:10,121.500800,31.279300,  0, 45,0
81422,2007-02-20 02:49:11,121.500800,31.279300,  0, 45,0
81422,2007-02-20 02:50:12,121.500800,31.279300,  0, 45,0
81422,2007-02-20 02:51:13,121.500800,31.279300,  0, 45,0
81422,2007-02-20 02:52:14,121.500800,31.279300,  0, 45,0
81422,2007-02-20 02:53:15,121.500600,31.279100,  0, 45,0
81422,2007-02-20 02:54:16,121.500500,31.279300,  0, 45,0
81422,2007-02-20 02:55:17,121.500500,31.279300,  0, 45,0
81422,2007-02-20 02:56:18,121.500500,31.279300,  0, 45,0
81422,2007-02-20 02:58:20,121.500300,31.279300,  0, 45,0
81422,2007-02-20 02:59:21,121.500300,31.279300,  0, 45,0
81422,2007-02-20 03:00:22,121.500300,31.279300,  0, 45,0
81422,2007-02-20 03:01:23,121.500300,31.279300,  0, 45,0
81422,2007-02-20 03:02:24,121.500300,31.279300,  0, 45,0
81422,2007-02-20 03:03:25,121.500800,31.279100,  0, 45,0
81422,2007-02-20 03:04:26,121.500800,31.279100,  0, 45,0
81422,2007-02-20 03:05:27,121.500500,31.279300,  0, 45,0
81422,2007-02-20 03:06:28,121.500500,31.279300,  0, 45,0
81422,2007-02-20 03:08:30,121.500500,31.279300,  0, 45,0
81422,2007-02-20 03:09:31,121.500500,31.279300,  0, 45,0
81422,2007-02-20 03:10:32,121.500500,31.279300,  0, 45,0
81422,2007-02-20 03:11:33,121.500500,31.279300,  0, 45,0
81422,2007-02-20 03:12:34,121.500500,31.279300,  0, 45,0
81422,2007-02-20 03:13:35,121.500500,31.279300,  0, 45,0
81422,2007-02-20 03:14:36,121.500600,31.279300,  0, 45,0
81422,2007-02-20 03:15:37,121.500600,31.279300,  0, 45,0
81422,2007-02-20 03:16:38,121.500600,31.279300,  0, 45,0
81422,2007-02-20 03:17:39,121.500600,31.279300,  0, 45,0
81422,2007-02-20 03:18:40,121.500600,31.279300,  0, 45,0
81422,2007-02-20 03:19:41,121.500600,31.279300,  0, 45,0
81422,2007-02-20 03:21:43,121.500600,31.279300,  0, 45,0
81422,2007-02-20 03:22:44,121.500600,31.279300,  0, 45,0
81422,2007-02-20 03:23:45,121.500600,31.279300,  0, 45,0
81422,2007-02-20 03:24:46,121.500600,31.279300,  0, 45,0
81422,2007-02-20 03:25:47,121.500600,31.279300,  0, 45,0
81422,2007-02-20 03:26:48,121.500600,31.279300,  0, 45,0
81422,2007-02-20 03:27:49,121.500600,31.279300,  0, 45,0
81422,2007-02-20 03:28:50,121.500600,31.279300,  0, 45,0
81422,2007-02-20 03:29:51,121.500600,31.279300,  0, 45,0
81422,2007-02-20 03:30:52,121.500600,31.279300,  0, 45,0
81422,2007-02-20 03:31:53,121.500600,31.279300,  0, 45,0
81422,2007-02-20 03:32:54,121.500600,31.279300,  0, 45,0
81422,2007-02-20 03:33:55,121.500600,31.279300,  0, 45,0
81422,2007-02-20 03:34:56,121.500600,31.279300,  0, 45,0
81422,2007-02-20 03:35:57,121.500500,31.279300,  0, 45,0
81422,2007-02-20 03:36:58,121.500500,31.279300,  0, 45,0
81422,2007-02-20 03:37:59,121.500500,31.279300,  0, 45,0
81422,2007-02-20 03:41:02,121.500500,31.279300,  0, 45,0
81422,2007-02-20 03:42:03,121.500500,31.279300,  0, 67,0
81422,2007-02-20 03:43:04,121.500500,31.279300,  0, 67,0
81422,2007-02-20 03:44:05,121.500500,31.279500,  0,135,0
81422,2007-02-20 03:45:06,121.500600,31.279300,  0,135,0
81422,2007-02-20 03:46:07,121.500600,31.279300,  0,135,0
81422,2007-02-20 03:47:08,121.500500,31.279300,  0,135,0
81422,2007-02-20 03:48:09,121.500500,31.279300,  0,135,0
81422,2007-02-20 03:49:10,121.500500,31.279300,  0,135,0
81422,2007-02-20 03:50:11,121.500500,31.279300,  0,135,0
81422,2007-02-20 03:51:12,121.500500,31.279500,  0,135,0
81422,2007-02-20 03:52:13,121.500500,31.279500,  0,135,0
81422,2007-02-20 03:53:14,121.500500,31.279500,  0,135,0
81422,2007-02-20 03:54:15,121.500500,31.279500,  0,135,0
81422,2007-02-20 03:55:16,121.500500,31.279500,  0,135,0
81422,2007-02-20 03:56:17,121.500500,31.279500,  0,135,0
81422,2007-02-20 03:57:18,121.500500,31.279500,  0,135,0
81422,2007-02-20 03:58:19,121.500500,31.279500,  0,135,0
81422,2007-02-20 04:00:21,121.500500,31.279500,  0,135,0
81422,2007-02-20 04:01:22,121.500800,31.279300,  8, 67,0
81422,2007-02-20 04:02:23,121.500300,31.279500,  0, 67,0
81422,2007-02-20 04:03:24,121.500600,31.279300,  0, 67,0
81422,2007-02-20 04:04:25,121.500300,31.279300,  0,157,0
81422,2007-02-20 04:05:26,121.500600,31.279300,  0,157,0
81422,2007-02-20 04:06:27,121.500600,31.279300,  0,157,0
81422,2007-02-20 04:07:28,121.500600,31.279300,  0,157,0
81422,2007-02-20 04:08:29,121.500500,31.279300,  0,157,0
81422,2007-02-20 04:09:30,121.500500,31.279300,  0,157,0
81422,2007-02-20 04:10:31,121.500500,31.279300,  0,157,0
81422,2007-02-20 04:12:33,121.500500,31.279300,  0,157,0
81422,2007-02-20 04:13:34,121.500500,31.279300,  0,157,0
81422,2007-02-20 04:14:35,121.500500,31.279300,  0,157,0
81422,2007-02-20 04:15:36,121.500500,31.279300,  0,157,0
81422,2007-02-20 04:16:37,121.500500,31.279300,  0,157,0
81422,2007-02-20 04:17:38,121.500500,31.279300,  0,157,0
81422,2007-02-20 04:18:39,121.500500,31.279300,  0,157,0
81422,2007-02-20 04:19:40,121.500500,31.279300,  0,157,0
81422,2007-02-20 04:20:41,121.500600,31.279100,  0,157,0
81422,2007-02-20 04:22:43,121.500600,31.279100,  0,157,0
81422,2007-02-20 04:23:44,121.500600,31.279100,  0,157,0
81422,2007-02-20 04:24:45,121.500600,31.279100,  0,157,0
81422,2007-02-20 04:25:46,121.500600,31.279100,  0,157,0
81422,2007-02-20 04:26:47,121.500500,31.279300,  0,157,0
81422,2007-02-20 04:27:48,121.500500,31.279300,  0,157,0
81422,2007-02-20 04:29:50,121.500600,31.279100,  0,157,0
81422,2007-02-20 04:30:51,121.500600,31.279100,  0,157,0
81422,2007-02-20 04:31:52,121.500600,31.279100,  0,157,0
81422,2007-02-20 04:32:53,121.500300,31.279300,  0,157,0
81422,2007-02-20 04:33:54,121.500600,31.279100,  0,157,0
81422,2007-02-20 04:34:55,121.500600,31.279100,  0,157,0
81422,2007-02-20 04:35:56,121.500500,31.279100,  0,157,0
81422,2007-02-20 04:36:57,121.500500,31.279100,  0,157,0
81422,2007-02-20 04:37:58,121.500500,31.279100,  0,157,0
81422,2007-02-20 04:38:59,121.500500,31.279100,  0,157,0
81422,2007-02-20 04:40:00,121.500300,31.279300,  0,157,0
81422,2007-02-20 04:43:03,121.500300,31.279300,  0,157,0
81422,2007-02-20 04:44:04,121.500300,31.279500,  0,157,0
81422,2007-02-20 04:45:05,121.500300,31.279500,  0,157,0
81422,2007-02-20 04:46:06,121.500100,31.279500,  0,157,0
81422,2007-02-20 04:47:07,121.500300,31.279500,  0,157,0
81422,2007-02-20 04:48:08,121.500300,31.279500,  0,157,0
81422,2007-02-20 04:49:09,121.500300,31.279500,  0,157,0
81422,2007-02-20 04:51:24,121.500300,31.279500,  0,157,0
81422,2007-02-20 04:53:26,121.500600,31.279500,  0,157,0
81422,2007-02-20 04:54:27,121.500500,31.279500,  0,157,0
81422,2007-02-20 04:56:29,121.500100,31.279500,  0,157,0
81422,2007-02-20 04:57:30,121.500100,31.279500,  0,157,0
81422,2007-02-20 04:58:31,121.500100,31.279500,  0,157,0
81422,2007-02-20 05:00:33,121.500100,31.279500,  0,157,0
81422,2007-02-20 05:01:34,121.500100,31.279500,  0,157,0
81422,2007-02-20 05:02:35,121.500100,31.279500,  0,157,0
81422,2007-02-20 05:03:36,121.500100,31.279500,  0,157,0
81422,2007-02-20 05:04:37,121.500500,31.279300,  0,157,0
81422,2007-02-20 05:05:38,121.500500,31.279300,  0,157,0
81422,2007-02-20 05:06:39,121.500500,31.279300,  0,157,0
81422,2007-02-20 05:07:40,121.500300,31.279300,  0,157,0
81422,2007-02-20 05:08:41,121.500300,31.279500,  0,157,0
81422,2007-02-20 05:09:42,121.500300,31.279500,  0,157,0
81422,2007-02-20 05:10:43,121.501000,31.279800,  6, 22,0
81422,2007-02-20 05:11:44,121.501100,31.280000,  4, 22,0
81422,2007-02-20 05:12:45,121.500600,31.279500,  0, 22,0
81422,2007-02-20 05:13:46,121.500600,31.279500,  0, 22,0
81422,2007-02-20 05:15:48,121.500600,31.279500,  0, 22,0
81422,2007-02-20 05:16:49,121.500600,31.279500,  0, 22,0
81422,2007-02-20 05:17:50,121.500600,31.279500,  0, 22,0
81422,2007-02-20 05:18:51,121.500600,31.279500,  0, 22,0
81422,2007-02-20 05:19:52,121.500600,31.279500,  0, 22,0
81422,2007-02-20 05:20:53,121.500600,31.279500,  0, 22,0
81422,2007-02-20 05:21:54,121.500600,31.279500,  0, 22,0
81422,2007-02-20 05:22:55,121.500600,31.279500,  0, 22,0
81422,2007-02-20 05:23:56,121.500600,31.279500,  0, 22,0
81422,2007-02-20 05:24:57,121.500600,31.279500,  0, 22,0
81422,2007-02-20 05:25:58,121.500600,31.279500,  0, 22,0
81422,2007-02-20 05:26:59,121.500600,31.279500,  0, 22,0
81422,2007-02-20 05:28:00,121.500600,31.279300,  0, 22,0
81422,2007-02-20 05:29:01,121.500600,31.279300,  0, 22,0
81422,2007-02-20 05:30:02,121.500600,31.279300,  0, 22,0
81422,2007-02-20 05:31:03,121.500600,31.279300,  0, 22,0
81422,2007-02-20 05:32:04,121.500600,31.279300,  0, 22,0
81422,2007-02-20 05:33:05,121.500600,31.279300,  0, 22,0
81422,2007-02-20 05:34:06,121.500500,31.279500,  0, 22,0
81422,2007-02-20 05:35:07,121.500500,31.279500,  0, 22,0
81422,2007-02-20 05:36:08,121.500500,31.279500,  0, 22,0
81422,2007-02-20 05:37:09,121.500500,31.279500,  0, 22,0
81422,2007-02-20 05:38:10,121.500500,31.279500,  0, 22,0
81422,2007-02-20 05:39:11,121.500500,31.279500,  0, 22,0
81422,2007-02-20 05:40:12,121.500500,31.279500,  0, 22,0
81422,2007-02-20 05:41:13,121.500500,31.279500,  0, 22,0
81422,2007-02-20 05:42:14,121.500500,31.279500,  0, 22,0
81422,2007-02-20 05:43:15,121.500600,31.279100,  0, 22,0
81422,2007-02-20 05:44:16,121.500600,31.279100,  0, 22,0
81422,2007-02-20 05:45:17,121.500500,31.279300,  0, 22,0
81422,2007-02-20 05:46:18,121.500500,31.279300,  0, 22,0
81422,2007-02-20 05:47:19,121.500500,31.279300,  0, 22,0
81422,2007-02-20 05:48:20,121.500500,31.279300,  0, 22,0
81422,2007-02-20 05:49:21,121.500500,31.279300,  0, 22,0
81422,2007-02-20 05:50:22,121.500600,31.279300,  0, 22,0
81422,2007-02-20 05:51:23,121.500600,31.279500,  0, 22,0
81422,2007-02-20 05:52:24,121.500600,31.279300,  0, 22,0
81422,2007-02-20 05:53:25,121.500600,31.279300,  0, 22,0
81422,2007-02-20 05:54:26,121.500500,31.279500,  0, 22,0
81422,2007-02-20 05:55:27,121.500800,31.279100,  0, 22,0
81422,2007-02-20 05:58:29,121.500500,31.279300,  0,157,0
81422,2007-02-20 05:59:30,121.500600,31.279300,  0,157,0
81422,2007-02-20 06:00:31,121.500600,31.279300,  0,157,0
81422,2007-02-20 06:01:32,121.500600,31.279300,  0,157,0
81422,2007-02-20 06:02:34,121.500600,31.279300,  0,157,0
81422,2007-02-20 06:03:34,121.500600,31.279300,  0,157,0
81422,2007-02-20 06:04:35,121.500500,31.279100,  0,157,0
81422,2007-02-20 06:05:36,121.500500,31.279100,  0,157,0
81422,2007-02-20 06:06:37,121.500500,31.279100,  0,157,0
81422,2007-02-20 06:07:39,121.500500,31.279100,  0,157,0
81422,2007-02-20 06:08:39,121.500500,31.279100,  0,157,0
81422,2007-02-20 06:09:40,121.500300,31.279500,  0,157,0
81422,2007-02-20 06:10:41,121.500300,31.279300,  0,157,0
81422,2007-02-20 06:11:42,121.500300,31.279300,  0,157,0
81422,2007-02-20 06:12:44,121.500300,31.279300,  0,157,0
81422,2007-02-20 06:13:44,121.500300,31.279300,  0,157,0
81422,2007-02-20 06:14:45,121.500300,31.279300,  0,157,0
81422,2007-02-20 06:15:46,121.500300,31.279300,  0,157,0
81422,2007-02-20 06:16:48,121.500300,31.279300,  0,157,0
81422,2007-02-20 06:17:49,121.500300,31.279300,  0,157,0
81422,2007-02-20 06:18:50,121.500300,31.279300,  0,157,0
81422,2007-02-20 06:19:51,121.500300,31.279300,  0,157,0
81422,2007-02-20 06:20:52,121.500300,31.279300,  0,157,0
81422,2007-02-20 06:22:54,121.500300,31.279300,  0,157,0
81422,2007-02-20 06:23:55,121.500300,31.279300,  0,157,0
81422,2007-02-20 06:25:57,121.500300,31.279300,  0,157,0
81422,2007-02-20 06:26:58,121.500300,31.279300,  0,157,0
81422,2007-02-20 06:27:59,121.500300,31.279300,  0,157,0
81422,2007-02-20 06:29:00,121.500300,31.279300,  0,157,0
81422,2007-02-20 06:30:01,121.500300,31.279300,  0,157,0
81422,2007-02-20 06:31:02,121.500300,31.279300,  0,157,0
81422,2007-02-20 06:32:03,121.500300,31.279300,  0,157,0
81422,2007-02-20 06:33:04,121.500300,31.279300,  0,157,0
81422,2007-02-20 06:34:49,121.500300,31.279300,  0,157,0
81422,2007-02-20 06:35:49,121.500300,31.279300,  0,157,0
81422,2007-02-20 06:37:51,121.500300,31.279300,  0,157,0
81422,2007-02-20 06:38:52,121.500300,31.279300,  0,157,0
81422,2007-02-20 06:39:53,121.500500,31.279300,  0,157,0
81422,2007-02-20 06:40:54,121.500500,31.279300,  0,157,0
81422,2007-02-20 06:41:55,121.500500,31.279300,  0,157,0
81422,2007-02-20 06:42:56,121.500500,31.279300,  0,157,0
81422,2007-02-20 06:43:56,121.500500,31.279300,  0,157,0
81422,2007-02-20 06:45:36,121.500500,31.279300,  0,157,0
81422,2007-02-20 06:46:36,121.500500,31.279300,  0,157,0
81422,2007-02-20 06:48:38,121.500500,31.279300,  0,157,0
81422,2007-02-20 06:49:39,121.500500,31.279300,  0,157,0
81422,2007-02-20 06:50:39,121.500500,31.279300,  0,157,0
81422,2007-02-20 06:51:40,121.500500,31.279300,  0,157,0
81422,2007-02-20 06:52:41,121.500500,31.279300,  0,157,0
81422,2007-02-20 06:53:43,121.500500,31.279300,  0,157,0
81422,2007-02-20 06:54:44,121.500500,31.279300,  0,157,0
81422,2007-02-20 06:55:45,121.500500,31.279300,  0,157,0
81422,2007-02-20 06:56:46,121.500500,31.279300,  0,157,0
81422,2007-02-20 06:57:47,121.500500,31.279300,  0,157,0
81422,2007-02-20 06:58:48,121.500500,31.279100,  0,157,0
81422,2007-02-20 06:59:49,121.500500,31.279100,  0,157,0
81422,2007-02-20 07:00:50,121.500500,31.279100,  0,157,0
81422,2007-02-20 07:01:51,121.500500,31.279100,  0,112,0
81422,2007-02-20 07:02:52,121.500300,31.279300,  0,112,0
81422,2007-02-20 07:03:53,121.500300,31.279300,  0,112,0
81422,2007-02-20 07:04:54,121.500300,31.279300,  0,112,0
81422,2007-02-20 07:05:55,121.500600,31.279100,  0,112,0
81422,2007-02-20 07:06:56,121.500600,31.279100,  0,112,0
81422,2007-02-20 07:07:57,121.500500,31.279300,  0,112,0
81422,2007-02-20 07:08:58,121.500500,31.279300,  0,112,0
81422,2007-02-20 07:09:59,121.500600,31.279500,  0,112,0
81422,2007-02-20 07:10:59,121.500600,31.279500,  0,112,0
81422,2007-02-20 07:12:00,121.500600,31.279500,  0,112,0
81422,2007-02-20 07:13:01,121.500600,31.279500,  0,112,0
81422,2007-02-20 07:14:03,121.500600,31.279500,  0,112,0
81422,2007-02-20 07:15:03,121.500600,31.279500,  0,112,0
81422,2007-02-20 07:17:05,121.500600,31.279500,  0,112,0
81422,2007-02-20 07:18:06,121.500600,31.279500,  0,112,0
81422,2007-02-20 07:19:08,121.500600,31.279500,  0,112,0
81422,2007-02-20 07:20:08,121.500600,31.279500,  0,112,0
81422,2007-02-20 07:21:09,121.500600,31.279500,  0,112,0
81422,2007-02-20 07:22:11,121.500500,31.279100,  0,112,0
81422,2007-02-20 07:24:13,121.500500,31.279100,  0,112,0
81422,2007-02-20 07:25:14,121.500500,31.279100,  0,112,0
81422,2007-02-20 07:26:15,121.500500,31.279100,  0,112,0
81422,2007-02-20 07:27:16,121.500500,31.279100,  0,112,0
81422,2007-02-20 07:28:17,121.500500,31.279100,  0,112,0
81422,2007-02-20 07:30:19,121.500500,31.279100,  0,112,0
81422,2007-02-20 07:31:20,121.500600,31.279100,  0,112,0
81422,2007-02-20 07:32:21,121.500600,31.279100,  0,112,0
81422,2007-02-20 07:33:22,121.500600,31.279100,  0,112,0
81422,2007-02-20 07:34:22,121.500600,31.279100,  0,112,0
81422,2007-02-20 07:35:24,121.500600,31.279100,  0,112,0
81422,2007-02-20 07:36:25,121.500600,31.279100,  0,112,0
81422,2007-02-20 07:37:26,121.500600,31.279100,  0,112,0
81422,2007-02-20 07:38:27,121.500600,31.279100,  0,112,0
81422,2007-02-20 07:39:27,121.500600,31.279100,  0,112,0
81422,2007-02-20 07:40:29,121.500600,31.279100,  0,112,0
81422,2007-02-20 07:41:30,121.500600,31.279100,  0,112,0
81422,2007-02-20 07:42:31,121.500600,31.279100,  0,112,0
81422,2007-02-20 07:43:32,121.500600,31.279100,  0,112,0
81422,2007-02-20 07:44:32,121.500600,31.279100,  0,112,0
81422,2007-02-20 07:45:34,121.500600,31.279100,  0,112,0
81422,2007-02-20 07:46:35,121.500600,31.279100,  0,112,0
81422,2007-02-20 07:47:36,121.500600,31.279100,  0,112,0
81422,2007-02-20 07:49:37,121.500600,31.279100,  0,112,0
81422,2007-02-20 07:50:39,121.500600,31.279100,  0,112,0
81422,2007-02-20 07:51:40,121.500600,31.279100,  0,112,0
81422,2007-02-20 07:52:41,121.500600,31.279100,  0,112,0
81422,2007-02-20 07:53:42,121.500600,31.279100,  0,112,0
81422,2007-02-20 07:54:42,121.500600,31.279100,  0,112,0
81422,2007-02-20 07:55:44,121.500600,31.279100,  0,112,0
81422,2007-02-20 07:57:46,121.501500,31.278800, 12, 67,0
81422,2007-02-20 07:58:42,121.501800,31.278000,  6, 22,0
81422,2007-02-20 07:59:44,121.505000,31.281300, 34, 22,1
81422,2007-02-20 08:00:45,121.503000,31.283800, 38,157,1
81422,2007-02-20 08:01:46,121.503000,31.286100, 48, 22,1
81422,2007-02-20 08:02:47,121.505000,31.290000, 62, 22,1
81422,2007-02-20 08:03:47,121.505600,31.291100,  0, 22,1
81422,2007-02-20 08:04:49,121.507500,31.294600, 54,  0,1
81422,2007-02-20 08:05:50,121.504800,31.299100, 30,157,1
81422,2007-02-20 08:06:51,121.503100,31.302100, 44,157,1
81422,2007-02-20 08:07:52,121.502000,31.304000, 14,157,1
81422,2007-02-20 08:08:27,121.500800,31.306000,  0,157,0
81422,2007-02-20 08:08:42,121.500800,31.306000,  0,157,0
81422,2007-02-20 08:09:12,121.500300,31.306800, 28,157,0
81422,2007-02-20 08:09:29,121.499500,31.308000, 36,157,0
81422,2007-02-20 08:09:45,121.498600,31.309500, 38,157,0
81422,2007-02-20 08:10:04,121.499300,31.310000, 24, 45,0
81422,2007-02-20 08:10:20,121.501800,31.309800, 56, 45,0
81422,2007-02-20 08:10:36,121.504300,31.309800, 52, 45,0
81422,2007-02-20 08:10:52,121.506300,31.309800, 30, 45,0
81422,2007-02-20 08:11:07,121.507300,31.308500, 56, 67,0
81422,2007-02-20 08:11:24,121.508600,31.306500, 52, 67,0
81422,2007-02-20 08:11:40,121.509300,31.305100,  8, 90,0
81422,2007-02-20 08:12:12,121.510300,31.305100, 24, 45,0
81422,2007-02-20 08:12:27,121.511500,31.305500, 32, 45,0
81422,2007-02-20 08:12:44,121.512800,31.306000, 28, 45,0
81422,2007-02-20 08:13:16,121.514800,31.306000, 36, 90,0
81422,2007-02-20 08:13:32,121.514800,31.304300, 42, 90,0
81422,2007-02-20 08:13:47,121.515000,31.302800, 40, 90,0
81422,2007-02-20 08:14:03,121.515000,31.301300, 40, 90,0
81422,2007-02-20 08:14:19,121.515000,31.300100,  0, 90,0
81422,2007-02-20 08:15:20,121.515000,31.300100,  0, 90,0
81422,2007-02-20 08:15:56,121.515300,31.301300, 54, 90,0
81422,2007-02-20 08:16:12,121.515600,31.299000, 64, 90,0
81422,2007-02-20 08:16:44,121.514300,31.296600,  6,112,0
81422,2007-02-20 08:17:45,121.514300,31.296500,  0,112,0
81422,2007-02-20 08:18:10,121.514000,31.295800, 34, 90,0
81422,2007-02-20 08:18:26,121.514500,31.294500, 26, 90,0
81422,2007-02-20 08:18:45,121.514800,31.293500, 28, 90,0
81422,2007-02-20 08:19:01,121.515500,31.292300, 38, 90,0
81422,2007-02-20 08:19:17,121.516100,31.290600, 52, 90,0
81422,2007-02-20 08:19:32,121.517000,31.288800, 52, 67,0
81422,2007-02-20 08:19:49,121.517800,31.287000, 52, 67,0
81422,2007-02-20 08:20:05,121.518500,31.285500, 16, 67,0
81422,2007-02-20 08:21:02,121.517300,31.285600,  4,157,0
81422,2007-02-20 08:22:03,121.517100,31.285800,  0,157,0
81422,2007-02-20 08:23:04,121.517100,31.285800,  0,157,0
81422,2007-02-20 08:24:06,121.512500,31.283100,  0,157,0
81422,2007-02-20 08:24:39,121.511500,31.282600, 38,112,0
81422,2007-02-20 08:24:55,121.509800,31.281800, 42,112,0
81422,2007-02-20 08:25:11,121.508600,31.281100, 32,135,0
81422,2007-02-20 08:25:27,121.507100,31.280600, 34,112,0
81422,2007-02-20 08:25:42,121.506000,31.280100, 28,112,0
81422,2007-02-20 08:25:59,121.505000,31.279600, 32,112,0
81422,2007-02-20 08:26:24,121.504800,31.279500, 10,112,1
81422,2007-02-20 08:27:25,121.501600,31.277600, 42,112,1
81422,2007-02-20 08:28:26,121.498600,31.275300, 44,157,1
81422,2007-02-20 08:29:27,121.496300,31.277300, 32,157,1
81422,2007-02-20 08:30:27,121.492800,31.278300, 48,135,1
81422,2007-02-20 08:31:29,121.483000,31.278500, 38,135,1
81422,2007-02-20 08:32:30,121.480600,31.277800, 32,112,1
81422,2007-02-20 08:33:31,121.475000,31.276000, 50, 90,1
81422,2007-02-20 08:34:02,121.474300,31.272100, 50, 90,0
81422,2007-02-20 08:34:34,121.474000,31.268300, 50, 90,0
81422,2007-02-20 08:34:50,121.473800,31.266500, 50, 90,0
81422,2007-02-20 08:35:06,121.474800,31.271800, 26, 90,0
81422,2007-02-20 08:35:32,121.475000,31.270800, 34, 90,0
81422,2007-02-20 08:35:49,121.475100,31.269000, 40, 90,0
81422,2007-02-20 08:36:04,121.475500,31.267600, 32, 90,0
81422,2007-02-20 08:36:25,121.474100,31.267300, 18,112,0
81422,2007-02-20 08:37:26,121.474500,31.266800,  4, 67,0
81422,2007-02-20 08:38:27,121.474500,31.266800,  0, 67,0
81422,2007-02-20 08:39:27,121.474300,31.267000,  4,157,0
81422,2007-02-20 08:39:49,121.474300,31.267000,  0,157,0
81422,2007-02-20 08:40:29,121.474300,31.267000,  0,157,0
81422,2007-02-20 08:41:44,121.474300,31.267000,  0,157,0
81422,2007-02-20 08:42:44,121.474300,31.267000,  0,157,0
81422,2007-02-20 08:43:45,121.474500,31.266600,  0,157,0
81422,2007-02-20 08:44:46,121.474500,31.266800,  0,157,0
81422,2007-02-20 08:46:48,121.474600,31.267100,  0,  0,0
81422,2007-02-20 08:47:49,121.474600,31.267000,  0,  0,0
81422,2007-02-20 08:48:50,121.474600,31.267000,  0, 22,0
81422,2007-02-20 08:49:51,121.474600,31.267000,  0, 22,0
81422,2007-02-20 08:50:52,121.474600,31.267000,  0, 22,0
81422,2007-02-20 08:51:53,121.474600,31.267000,  0, 22,0
81422,2007-02-20 08:52:54,121.474600,31.267000,  0, 22,0
81422,2007-02-20 08:53:55,121.474600,31.267000,  0, 22,0
81422,2007-02-20 08:55:19,121.474600,31.267000,  0, 22,0
81422,2007-02-20 08:56:20,121.474600,31.267000,  0, 22,0
81422,2007-02-20 08:57:21,121.474600,31.267000,  0, 22,0
81422,2007-02-20 08:58:22,121.474600,31.267000,  0, 22,0
81422,2007-02-20 08:59:23,121.474600,31.267000,  0, 22,0
81422,2007-02-20 09:00:24,121.474600,31.267000,  0, 22,0
81422,2007-02-20 09:01:25,121.474600,31.267000,  0, 22,0
81422,2007-02-20 09:02:26,121.474600,31.267000,  0, 22,0
81422,2007-02-20 09:03:27,121.474600,31.267000,  0, 22,0
81422,2007-02-20 09:04:28,121.474600,31.267000,  0, 22,0
81422,2007-02-20 09:05:29,121.474600,31.267000,  0, 22,0
81422,2007-02-20 09:07:31,121.474600,31.267000,  0, 22,0
81422,2007-02-20 09:08:32,121.474600,31.267000,  0, 22,0
81422,2007-02-20 09:09:33,121.474600,31.267000,  0, 22,0
81422,2007-02-20 09:10:34,121.474600,31.267000,  0, 22,0
81422,2007-02-20 09:11:35,121.474600,31.267000,  0, 22,0
81422,2007-02-20 09:11:49,121.474600,31.267000,  0, 22,1
81422,2007-02-20 09:12:49,121.474600,31.267000,  0, 22,1
81422,2007-02-20 09:13:50,121.470300,31.264300, 24,112,1
81422,2007-02-20 09:15:52,121.465500,31.259600,  0, 67,1
81422,2007-02-20 09:16:53,121.466300,31.256000, 30,112,1
81422,2007-02-20 09:17:54,121.464300,31.255000, 26,112,1
81422,2007-02-20 09:19:56,121.458100,31.250000, 42, 90,1
81422,2007-02-20 09:20:57,121.459000,31.240800, 52, 90,1
81422,2007-02-20 09:21:58,121.456100,31.238500, 30,112,1
81422,2007-02-20 09:22:59,121.455600,31.237800,  0,112,1
81422,2007-02-20 09:24:00,121.455100,31.235800,  0,112,1
81422,2007-02-20 09:26:02,121.446000,31.230600, 70,112,1
81422,2007-02-20 09:27:03,121.442300,31.229000, 26,112,1
81422,2007-02-20 09:28:04,121.438500,31.226600, 16,112,1
81422,2007-02-20 09:29:05,121.437300,31.225100, 16,112,1
81422,2007-02-20 09:30:06,121.433600,31.223300, 40,135,1
81422,2007-02-20 09:31:07,121.430000,31.222300,  0,135,1
81422,2007-02-20 09:31:45,121.430000,31.222300,  0,135,0
81422,2007-02-20 09:32:45,121.430100,31.222300, 20, 22,0
81422,2007-02-20 09:33:01,121.431300,31.222500, 20, 45,0
81422,2007-02-20 09:33:21,121.431800,31.221600, 30, 90,0
81422,2007-02-20 09:33:37,121.432300,31.220300, 28, 90,0
81422,2007-02-20 09:34:20,121.432800,31.219600, 22, 67,0
81422,2007-02-20 09:34:38,121.433100,31.218500, 24, 67,0
81422,2007-02-20 09:34:57,121.433600,31.217500, 26, 90,0
81422,2007-02-20 09:35:33,121.434100,31.216300, 36, 67,0
81422,2007-02-20 09:35:49,121.434500,31.215300, 32, 90,0
81422,2007-02-20 09:36:05,121.433800,31.214300, 34,112,0
81422,2007-02-20 09:36:21,121.432800,31.213500,  0,112,0
81422,2007-02-20 09:37:08,121.431800,31.213100, 36,135,0
81422,2007-02-20 09:37:58,121.430600,31.213000, 30,135,0
81422,2007-02-20 09:38:14,121.429100,31.212300, 42,112,0
81422,2007-02-20 09:38:30,121.428100,31.211000, 34, 90,0
81422,2007-02-20 09:40:17,121.429500,31.212500,  0, 22,1
81422,2007-02-20 09:41:18,121.429000,31.214800, 34,  0,1
81422,2007-02-20 09:42:19,121.434600,31.220100, 82, 22,1
81422,2007-02-20 09:43:20,121.447500,31.224500, 72, 22,1
81422,2007-02-20 09:44:21,121.455800,31.225500,  0, 67,1
81422,2007-02-20 09:45:22,121.458300,31.225500, 24, 45,1
81422,2007-02-20 09:46:23,121.465300,31.226000, 24, 45,1
81422,2007-02-20 09:47:24,121.462600,31.230000, 46,  0,1
81422,2007-02-20 09:48:25,121.462300,31.233300,  0,  0,1
81422,2007-02-20 09:49:26,121.462500,31.232600,  0,  0,1
81422,2007-02-20 09:50:27,121.462500,31.232600,  0,  0,1
81422,2007-02-20 09:50:50,121.466500,31.233800,  0, 22,0
81422,2007-02-20 09:51:26,121.467300,31.234800, 14, 45,0
81422,2007-02-20 09:51:42,121.468500,31.235300, 34, 45,0
81422,2007-02-20 09:51:58,121.470100,31.235500, 30, 45,0
81422,2007-02-20 09:52:14,121.470800,31.234600,  0, 67,0
81422,2007-02-20 09:52:45,121.470800,31.234600,  6, 67,1
81422,2007-02-20 09:53:46,121.471300,31.233800,  0, 67,1
81422,2007-02-20 09:54:47,121.473000,31.231500, 36, 67,1
81422,2007-02-20 09:55:48,121.477300,31.232000, 38, 22,1
81422,2007-02-20 09:56:49,121.482100,31.232100, 30, 90,1
81422,2007-02-20 09:57:50,121.482100,31.231500,  0, 90,1
81422,2007-02-20 09:58:51,121.482500,31.231500,  0, 67,1
81422,2007-02-20 09:59:52,121.483600,31.231000, 24, 45,1
81422,2007-02-20 10:00:53,121.485000,31.231300,  0, 45,1
81422,2007-02-20 10:01:54,121.485000,31.231300,  0, 45,1
81422,2007-02-20 10:02:55,121.485800,31.230500,  0,112,1
81422,2007-02-20 10:03:56,121.485800,31.230100,  0, 90,0
81422,2007-02-20 10:04:57,121.485800,31.230000,  4, 90,0
81422,2007-02-20 10:05:29,121.487000,31.229600, 16, 45,0
81422,2007-02-20 10:06:00,121.488100,31.229600, 10, 45,0
81422,2007-02-20 10:06:27,121.489300,31.229600, 24, 45,0
81422,2007-02-20 10:06:44,121.490500,31.229600, 14, 45,0
81422,2007-02-20 10:07:05,121.491600,31.229500, 34, 67,0
81422,2007-02-20 10:07:21,121.492300,31.228100, 42, 90,0
81422,2007-02-20 10:07:37,121.492600,31.227000, 22, 67,0
81422,2007-02-20 10:07:53,121.493300,31.225800, 46, 67,0
81422,2007-02-20 10:08:09,121.494000,31.224300, 36, 90,0
81422,2007-02-20 10:08:46,121.494300,31.223500, 16, 90,0
81422,2007-02-20 10:09:02,121.495000,31.222800, 34, 45,0
81422,2007-02-20 10:09:38,121.496300,31.223100, 26, 22,0
81422,2007-02-20 10:09:54,121.497500,31.223500, 22, 67,0
81422,2007-02-20 10:10:10,121.498300,31.222800, 32, 45,0
81422,2007-02-20 10:10:26,121.499500,31.223000, 36, 67,0
81422,2007-02-20 10:10:42,121.500300,31.221100, 50, 90,0
81422,2007-02-20 10:10:58,121.500600,31.219600, 52, 90,0
81422,2007-02-20 10:11:14,121.501800,31.217100, 78, 67,0
81422,2007-02-20 10:11:30,121.501800,31.215800, 18, 90,0
81422,2007-02-20 10:11:46,121.501100,31.214800, 48,112,0
81422,2007-02-20 10:12:02,121.500100,31.213800, 32,112,0
81422,2007-02-20 10:12:18,121.499500,31.212800, 20, 90,0
81422,2007-02-20 10:13:03,121.498600,31.212300, 32,112,0
81422,2007-02-20 10:13:19,121.497000,31.211500, 48,112,0
81422,2007-02-20 10:13:35,121.495100,31.210300, 42,112,0
81422,2007-02-20 10:13:59,121.494500,31.209600, 12, 90,0
81422,2007-02-20 10:14:29,121.494500,31.208600, 16, 90,0
81422,2007-02-20 10:15:30,121.494500,31.208000,  0, 90,0
81422,2007-02-20 10:16:31,121.494500,31.208000,  0, 90,0
81422,2007-02-20 10:17:33,121.494500,31.208000,  0, 90,0
81422,2007-02-20 10:18:33,121.494500,31.208000,  0, 90,0
81422,2007-02-20 10:19:34,121.494500,31.208000,  0, 90,0
81422,2007-02-20 10:20:36,121.491600,31.210800,  0, 90,0
81422,2007-02-20 10:20:48,121.491600,31.211000,  0, 90,1
81422,2007-02-20 10:21:49,121.491100,31.214500, 18,  0,1
81422,2007-02-20 10:22:50,121.496300,31.210600, 66, 90,1
81422,2007-02-20 10:23:51,121.496300,31.209000, 68, 67,1
81422,2007-02-20 10:24:52,121.507500,31.204600, 70, 67,1
81422,2007-02-20 10:25:53,121.510100,31.206500, 44,135,1
81422,2007-02-20 10:26:54,121.506600,31.200800, 30,112,1
81422,2007-02-20 10:27:55,121.505100,31.198800, 18,112,1
81422,2007-02-20 10:31:32,121.510100,31.193500, 28, 67,1
81422,2007-02-20 10:32:53,121.514000,31.185800, 32, 90,1
81422,2007-02-20 10:33:54,121.514800,31.183600,  0, 90,1
81422,2007-02-20 10:34:55,121.513100,31.182600,  0,112,1
81422,2007-02-20 10:38:36,121.509300,31.188600,  4,157,1
81422,2007-02-20 10:39:37,121.506300,31.194600, 40,157,1
81422,2007-02-20 10:40:38,121.505000,31.197500, 10,157,1
81422,2007-02-20 10:41:39,121.506800,31.200600, 46, 22,1
81422,2007-02-20 10:42:40,121.511300,31.210100, 62, 22,1
81422,2007-02-20 10:43:41,121.512100,31.211800, 10, 22,1
81422,2007-02-20 10:44:42,121.514300,31.216000, 28,  0,1
81422,2007-02-20 10:45:43,121.516300,31.220500, 62, 45,1
81422,2007-02-20 10:46:44,121.519800,31.221300, 50, 45,1
81422,2007-02-20 10:47:13,121.521600,31.221800,  0, 45,0
81422,2007-02-20 10:47:28,121.521500,31.222000,  0, 45,0
81422,2007-02-20 10:47:58,121.522600,31.222100, 24, 45,0
81422,2007-02-20 10:48:58,121.523600,31.222500,  0, 45,0
81422,2007-02-20 10:49:23,121.524300,31.222100, 40, 90,0
81422,2007-02-20 10:49:38,121.524800,31.220600, 36, 90,0
81422,2007-02-20 10:49:54,121.524800,31.218800, 46, 90,0
81422,2007-02-20 10:50:10,121.524600,31.217100, 46, 90,0
81422,2007-02-20 10:50:26,121.523600,31.216600, 40,135,0
81422,2007-02-20 10:50:43,121.521800,31.216600, 38,135,0
81422,2007-02-20 10:50:58,121.520000,31.216600, 46,135,0
81422,2007-02-20 10:51:14,121.518500,31.216800,  8,157,0
81422,2007-02-20 10:51:44,121.517500,31.216300, 40,112,0
81422,2007-02-20 10:52:00,121.515800,31.215600, 46,135,0
81422,2007-02-20 10:52:16,121.514300,31.215500,  6,157,0
81422,2007-02-20 10:53:11,121.514000,31.215000, 38, 90,0
81422,2007-02-20 10:53:28,121.513100,31.213500, 28,112,0
81422,2007-02-20 10:53:53,121.512500,31.212600, 34,112,0
81422,2007-02-20 10:54:09,121.511800,31.211600, 34,112,0
81422,2007-02-20 10:54:25,121.510800,31.210000, 58, 90,0
81422,2007-02-20 10:54:41,121.509800,31.207800, 62, 90,0
81422,2007-02-20 10:54:58,121.510300,31.206100, 52, 45,0
81422,2007-02-20 10:55:13,121.512100,31.204800, 58, 90,0
81422,2007-02-20 10:55:29,121.509800,31.204500, 66,135,0
81422,2007-02-20 10:55:45,121.507000,31.205300, 66,135,0
81422,2007-02-20 10:56:01,121.504500,31.206100, 62,135,0
81422,2007-02-20 10:56:18,121.501600,31.207100, 64,157,0
81422,2007-02-20 10:56:33,121.499100,31.208000, 58,135,0
81422,2007-02-20 10:56:49,121.496800,31.209000, 58,157,0
81422,2007-02-20 10:57:05,121.496100,31.210500, 52, 22,0
81422,2007-02-20 10:57:21,121.498100,31.210600, 58, 67,0
81422,2007-02-20 10:57:38,121.497500,31.209100, 44,135,0
81422,2007-02-20 10:57:53,121.496300,31.210000, 42,  0,0
81422,2007-02-20 10:58:09,121.496500,31.212300, 70,  0,0
81422,2007-02-20 10:58:25,121.493800,31.214100, 80,157,0
81422,2007-02-20 10:59:39,121.491100,31.215000, 32,135,0
81422,2007-02-20 10:59:55,121.489100,31.214600, 48,135,0
81422,2007-02-20 11:00:11,121.487000,31.214600, 48,135,0
81422,2007-02-20 11:00:28,121.484600,31.214300, 44,135,0
81422,2007-02-20 11:00:43,121.483000,31.214100, 46,135,0
81422,2007-02-20 11:00:59,121.481600,31.214000,  0,135,0
81422,2007-02-20 11:02:00,121.481500,31.214000, 10,  0,0
81422,2007-02-20 11:02:16,121.479800,31.213600, 52,135,0
81422,2007-02-20 11:02:33,121.477300,31.213300, 38,135,0
81422,2007-02-20 11:02:48,121.476100,31.213000, 38,112,0
81422,2007-02-20 11:03:04,121.475100,31.212100, 20,112,0
81422,2007-02-20 11:03:48,121.474100,31.211600, 36,135,0
81422,2007-02-20 11:04:04,121.472800,31.211300,  4,112,0
81422,2007-02-20 11:04:33,121.471800,31.211000, 12,135,0
81422,2007-02-20 11:05:21,121.466600,31.208800, 54, 90,0
81422,2007-02-20 11:05:38,121.465600,31.207600, 22,135,0
81422,2007-02-20 11:06:38,121.465500,31.207500,  0,135,0
81422,2007-02-20 11:07:09,121.465100,31.207000, 22, 90,0
81422,2007-02-20 11:08:10,121.465100,31.206800,  0, 90,0
81422,2007-02-20 11:09:11,121.465300,31.206800,  0, 90,0
81422,2007-02-20 11:10:13,121.465300,31.206800,  0, 90,0
81422,2007-02-20 11:11:13,121.465300,31.206800,  0, 90,0
81422,2007-02-20 11:12:14,121.465300,31.206800,  0, 90,0
81422,2007-02-20 11:13:15,121.465300,31.206800,  0, 90,0
81422,2007-02-20 11:14:16,121.465300,31.206800,  0, 90,0
81422,2007-02-20 11:15:18,121.465300,31.206800,  0, 90,0
81422,2007-02-20 11:16:11,121.465300,31.206800,  0, 90,1
81422,2007-02-20 11:17:13,121.464600,31.206100,  0, 90,1
81422,2007-02-20 11:18:13,121.464600,31.206100,  0, 90,1
81422,2007-02-20 11:19:14,121.462100,31.210100, 38,  0,1
81422,2007-02-20 11:20:15,121.461300,31.213300,  4,  0,1
81422,2007-02-20 11:21:16,121.460500,31.216500,  0,  0,1
81422,2007-02-20 11:22:17,121.460300,31.216500, 12,135,1
81422,2007-02-20 11:23:19,121.456300,31.215500, 48,135,1
81422,2007-02-20 11:25:21,121.445500,31.212500,  0,135,1
81422,2007-02-20 11:26:22,121.443800,31.212300, 24,135,1
81422,2007-02-20 11:27:23,121.441600,31.213600, 36,  0,1
81422,2007-02-20 11:28:24,121.440800,31.216300,  0,  0,1
81422,2007-02-20 11:29:25,121.439500,31.218100,  0,  0,1
81422,2007-02-20 11:30:26,121.439000,31.221100, 26,  0,1
81422,2007-02-20 11:30:37,121.439000,31.221300,  0,  0,0
81422,2007-02-20 11:30:56,121.438100,31.222300, 46,157,0
81422,2007-02-20 11:31:11,121.434300,31.227000,150,157,0
81422,2007-02-20 11:31:28,121.431300,31.230600,  0,157,0
81422,2007-02-20 11:32:28,121.431300,31.230600,  0,157,0
81422,2007-02-20 11:33:29,121.431300,31.230600,  0,157,0
81422,2007-02-20 11:35:31,121.431300,31.230600,  0,157,0
81422,2007-02-20 11:36:33,121.431300,31.230600,  0,157,0
81422,2007-02-20 11:37:33,121.431300,31.230600,  0,157,0
81422,2007-02-20 11:38:34,121.431300,31.230600,  0,157,0
81422,2007-02-20 11:39:35,121.431300,31.230600,  0,157,0
81422,2007-02-20 11:40:13,121.431300,31.230600,  0,157,1
81422,2007-02-20 11:42:15,121.455500,31.224600,  0,157,1
81422,2007-02-20 11:43:16,121.458300,31.224600, 30, 45,1
81422,2007-02-20 11:44:17,121.458600,31.226600, 42,  0,1
81422,2007-02-20 11:45:17,121.457300,31.231300,  0,  0,1
81422,2007-02-20 11:46:19,121.459300,31.233800, 42, 22,1
81422,2007-02-20 11:47:19,121.465800,31.235000, 36, 45,1
81422,2007-02-20 11:50:22,121.468100,31.236600, 20, 22,1
81422,2007-02-20 11:51:24,121.469500,31.238000, 32, 22,1
81422,2007-02-20 11:52:24,121.472300,31.239500, 24, 22,1
81422,2007-02-20 11:53:25,121.474600,31.240000,  0, 45,1
81422,2007-02-20 11:54:26,121.477300,31.239600, 10, 90,1
81422,2007-02-20 11:55:26,121.477500,31.239300,  0, 90,1
81422,2007-02-20 11:55:56,121.477500,31.239000,  0, 90,0
81422,2007-02-20 11:56:56,121.478000,31.239600,  0,  0,0
81422,2007-02-20 11:57:58,121.477800,31.239500,  0, 90,0
81422,2007-02-20 11:58:59,121.478000,31.239100,  0,112,0
81422,2007-02-20 11:59:59,121.477300,31.239500,  6,  0,0
81422,2007-02-20 12:00:23,121.476100,31.239300, 32,135,0
81422,2007-02-20 12:01:01,121.475300,31.239000,  8,135,1
81422,2007-02-20 12:02:01,121.478000,31.242000, 40, 45,1
81422,2007-02-20 12:03:01,121.480100,31.240000, 14, 67,1
81422,2007-02-20 12:04:03,121.481000,31.236800,  0, 90,1
81422,2007-02-20 12:05:04,121.481300,31.235600, 38, 90,1
81422,2007-02-20 12:06:04,121.482000,31.233000, 10, 90,1
81422,2007-02-20 12:07:06,121.482100,31.232500,  0, 45,1
81422,2007-02-20 12:08:06,121.482300,31.231800, 32, 90,1
81422,2007-02-20 12:09:02,121.480800,31.230100,  0,112,0
81422,2007-02-20 12:09:18,121.480800,31.230300,  0,112,0
81422,2007-02-20 12:10:05,121.480100,31.230800, 26,  0,0
81422,2007-02-20 12:10:26,121.481000,31.231300, 32, 22,0
81422,2007-02-20 12:10:59,121.484000,31.232300, 10, 22,0
81422,2007-02-20 12:11:16,121.485100,31.233000, 32, 22,0
81422,2007-02-20 12:11:31,121.486100,31.233500, 32, 22,0
81422,2007-02-20 12:11:48,121.487600,31.233500, 32, 45,0
81422,2007-02-20 12:16:00,121.484500,31.262000,  0,  0,0
81422,2007-02-20 12:17:01,121.484500,31.262000,  0,  0,0
81422,2007-02-20 12:17:46,121.484300,31.262600, 20,  0,0
81422,2007-02-20 12:18:03,121.485600,31.264800, 60,  0,0
81422,2007-02-20 12:18:19,121.486500,31.266500, 30,  0,0
81422,2007-02-20 12:18:35,121.487500,31.268100, 56, 22,0
81422,2007-02-20 12:18:51,121.489000,31.269600, 26, 22,0
81422,2007-02-20 12:19:29,121.489800,31.270300, 30, 22,0
81422,2007-02-20 12:19:45,121.491000,31.271500, 48, 22,0
81422,2007-02-20 12:20:01,121.492600,31.272800, 56, 22,0
81422,2007-02-20 12:20:16,121.494500,31.274500, 62, 22,0
81422,2007-02-20 12:20:33,121.496000,31.275800, 32, 22,0
81422,2007-02-20 12:20:49,121.497100,31.276500, 24, 45,0
81422,2007-02-20 12:21:04,121.498000,31.275800, 18, 67,0
81422,2007-02-20 12:21:24,121.499000,31.276600, 28, 22,0
81422,2007-02-20 12:21:40,121.499600,31.277300, 24, 22,0
81422,2007-02-20 12:22:00,121.500100,31.278300, 22,  0,0
81422,2007-02-20 12:23:01,121.500000,31.278800,  0,112,0
81422,2007-02-20 12:24:01,121.500000,31.278800,  0,112,0
81422,2007-02-20 12:25:03,121.500000,31.278800,  0,112,0
81422,2007-02-20 12:26:04,121.500000,31.278800,  0,112,0
81422,2007-02-20 12:29:06,121.500100,31.278800,  0,112,0
81422,2007-02-20 12:30:07,121.500100,31.278800,  0,112,0
81422,2007-02-20 12:31:08,121.500100,31.278800,  0,112,0
81422,2007-02-20 12:32:09,121.500100,31.278800,  0,112,0
81422,2007-02-20 12:33:11,121.500100,31.278800,  0,112,0
81422,2007-02-20 12:34:11,121.500000,31.278800,  0,112,0
81422,2007-02-20 12:35:13,121.500100,31.278800,  0,112,0
81422,2007-02-20 12:36:14,121.500100,31.278800,  0,112,0
81422,2007-02-20 12:37:15,121.500100,31.278800,  0,112,0
81422,2007-02-20 12:38:16,121.500000,31.278600,  0,112,0
81422,2007-02-20 12:39:16,121.500000,31.278800,  0,112,0
81422,2007-02-20 12:40:18,121.500100,31.278800,  0,112,0
81422,2007-02-20 12:41:19,121.500300,31.278800,  0,112,0
81422,2007-02-20 12:42:20,121.500300,31.278800,  0,112,0
81422,2007-02-20 12:43:21,121.500300,31.278800,  0,112,0
81422,2007-02-20 12:44:21,121.500300,31.278800,  0,112,0
81422,2007-02-20 12:45:23,121.500300,31.278800,  0,112,0
81422,2007-02-20 12:46:24,121.500100,31.278600,  0,112,0
81422,2007-02-20 12:47:25,121.500100,31.278600,  0,112,0
81422,2007-02-20 12:48:26,121.500100,31.278600,  0,112,0
81422,2007-02-20 12:49:26,121.500100,31.278600,  0,112,0
81422,2007-02-20 12:50:28,121.500100,31.278600,  0,112,0
81422,2007-02-20 12:51:28,121.500100,31.278600,  0,112,0
81422,2007-02-20 12:52:29,121.500100,31.278600,  0,112,0
81422,2007-02-20 12:53:30,121.500100,31.278600,  0,112,0
81422,2007-02-20 12:54:31,121.500100,31.278600,  0,112,0
81422,2007-02-20 12:55:33,121.500000,31.278600,  0,112,0
81422,2007-02-20 12:56:34,121.500000,31.278800,  0,112,0
81422,2007-02-20 12:57:35,121.500000,31.278800,  0,112,0
81422,2007-02-20 12:58:35,121.500000,31.278800,  0,112,0
81422,2007-02-20 12:59:36,121.500000,31.278800,  0,112,0
81422,2007-02-20 13:00:37,121.500000,31.278800,  0,112,0
81422,2007-02-20 13:02:39,121.500000,31.278800,  0,112,0
81422,2007-02-20 13:03:40,121.500000,31.278800,  0,112,0
81422,2007-02-20 13:04:41,121.500000,31.278800,  0,112,0
81422,2007-02-20 13:05:42,121.500000,31.278800,  0,112,0
81422,2007-02-20 13:06:43,121.500000,31.278800,  0,112,0
81422,2007-02-20 13:07:44,121.500000,31.278800,  0,112,0
81422,2007-02-20 13:08:45,121.500000,31.278800,  0,112,0
81422,2007-02-20 13:09:46,121.500000,31.278800,  0,112,0
81422,2007-02-20 13:10:47,121.500000,31.278800,  0,112,0
81422,2007-02-20 13:11:48,121.500000,31.278800,  0,112,0
81422,2007-02-20 13:12:49,121.500000,31.278800,  0,112,0
81422,2007-02-20 13:14:51,121.499800,31.278800,  0,112,0
81422,2007-02-20 13:15:53,121.499800,31.278800,  0,112,0
81422,2007-02-20 13:16:54,121.499800,31.278800,  0,112,0
81422,2007-02-20 13:17:55,121.499800,31.278800,  0,112,0
81422,2007-02-20 13:18:56,121.499800,31.278800,  0,112,0
81422,2007-02-20 13:19:56,121.499800,31.278800,  0,112,0
81422,2007-02-20 13:20:58,121.499800,31.278800,  0,112,0
81422,2007-02-20 13:21:59,121.499800,31.278800,  0,112,0
81422,2007-02-20 13:23:00,121.499800,31.278800,  0,112,0
81422,2007-02-20 13:24:01,121.499800,31.278800,  0,112,0
81422,2007-02-20 13:25:01,121.499800,31.278800,  0,112,0
81422,2007-02-20 13:26:03,121.499800,31.278800,  0,112,0
81422,2007-02-20 13:27:04,121.499800,31.278800,  0,112,0
81422,2007-02-20 13:28:05,121.499800,31.278800,  0,112,0
81422,2007-02-20 13:29:06,121.499800,31.278800,  0,112,0
81422,2007-02-20 13:30:06,121.499800,31.278800,  0,112,0
81422,2007-02-20 13:31:08,121.499800,31.278800,  0,112,0
81422,2007-02-20 13:32:09,121.499800,31.278800,  0,112,0
81422,2007-02-20 13:33:10,121.499800,31.278800,  0,112,0
81422,2007-02-20 13:34:11,121.499800,31.278800,  0,112,0
81422,2007-02-20 13:35:11,121.499800,31.278800,  0,112,0
81422,2007-02-20 13:38:15,121.499800,31.278800,  0,112,0
81422,2007-02-20 13:39:16,121.499800,31.278800,  0,112,0
81422,2007-02-20 13:40:16,121.499800,31.278800,  0,112,0
81422,2007-02-20 13:41:18,121.499800,31.278800,  0,112,0
81422,2007-02-20 13:43:20,121.499800,31.278800,  0,112,0
81422,2007-02-20 13:44:21,121.499800,31.278800,  0,112,0
81422,2007-02-20 13:45:21,121.499800,31.278800,  0,112,0
81422,2007-02-20 13:46:23,121.499800,31.278800,  0,112,0
81422,2007-02-20 13:47:24,121.499800,31.278800,  0,112,0
81422,2007-02-20 13:48:25,121.499800,31.278800,  0,112,0
81422,2007-02-20 13:49:26,121.499800,31.279000,  0,112,0
81422,2007-02-20 13:51:11,121.501500,31.277600, 32,112,0
81422,2007-02-20 13:51:49,121.501000,31.276600, 14,112,0
81422,2007-02-20 13:52:11,121.500600,31.276300, 12,112,1
81422,2007-02-20 13:53:11,121.499300,31.275100,  0,112,1
81422,2007-02-20 13:54:13,121.501800,31.272000, 40, 90,1
81422,2007-02-20 13:55:14,121.502000,31.267100,  2, 67,1
81422,2007-02-20 13:56:15,121.498500,31.264500, 34, 67,1
81422,2007-02-20 13:57:16,121.497000,31.261600, 28,112,1
81422,2007-02-20 13:58:16,121.494800,31.260300,  0,112,1
81422,2007-02-20 13:59:17,121.493000,31.257500,  2,112,1
81422,2007-02-20 14:00:18,121.490000,31.255500,  8,135,1
81422,2007-02-20 14:01:19,121.486800,31.255300, 36,112,1
81422,2007-02-20 14:02:20,121.484300,31.254000,  0,112,1
81422,2007-02-20 14:03:21,121.484300,31.254000,  0,112,1
81422,2007-02-20 14:04:22,121.484800,31.247300, 88, 90,1
81422,2007-02-20 14:05:23,121.485600,31.238800, 44, 90,1
81422,2007-02-20 14:06:24,121.484100,31.237300, 26,135,1
81422,2007-02-20 14:07:25,121.478100,31.235800, 42,135,1
81422,2007-02-20 14:08:26,121.477500,31.235500,  0,112,1
81422,2007-02-20 14:09:27,121.474100,31.234300, 36,112,1
81422,2007-02-20 14:10:28,121.473000,31.234000,  0,112,1
81422,2007-02-20 14:11:09,121.472600,31.233800,  0,135,0
81422,2007-02-20 14:12:25,121.473000,31.231500, 38, 90,0
81422,2007-02-20 14:12:41,121.473000,31.230500, 14, 90,0
81422,2007-02-20 14:13:05,121.472000,31.234500, 22,  0,0
81422,2007-02-20 14:13:28,121.472000,31.234300,  6,157,0
81422,2007-02-20 14:14:22,121.471600,31.234300, 24,  0,0
81422,2007-02-20 14:14:38,121.470800,31.235300, 22,157,0
81422,2007-02-20 14:18:27,121.468500,31.236000,  4, 90,0
81422,2007-02-20 14:19:28,121.468600,31.236100,  0, 45,0
81422,2007-02-20 14:20:29,121.469300,31.236500,  0, 45,0
81422,2007-02-20 14:21:30,121.469600,31.236500,  0,  0,0
81422,2007-02-20 14:22:31,121.468600,31.236300,  8,112,0
81422,2007-02-20 14:23:16,121.468500,31.236100,  0,112,1
81422,2007-02-20 14:24:16,121.468300,31.235800, 10,112,1
81422,2007-02-20 14:25:17,121.466000,31.237100, 22,157,1
81422,2007-02-20 14:26:18,121.465500,31.237800, 26,  0,1
81422,2007-02-20 14:27:19,121.461500,31.237100, 36,157,1
81422,2007-02-20 14:28:20,121.460600,31.238500,  4,135,1
81422,2007-02-20 14:29:21,121.458600,31.243000, 16,157,1
81422,2007-02-20 14:30:22,121.453800,31.239500, 20,112,1
81422,2007-02-20 14:31:23,121.451000,31.239100, 22,112,1
81422,2007-02-20 14:32:24,121.448100,31.237600, 34,135,1
81422,2007-02-20 14:33:25,121.447100,31.237500,  0,112,1
81422,2007-02-20 14:34:26,121.445500,31.236800,  6,112,1
81422,2007-02-20 14:35:27,121.443600,31.238300, 18,157,1
81422,2007-02-20 14:37:03,121.440600,31.242100,  8,157,0
81422,2007-02-20 14:37:18,121.440500,31.242300,  4,157,0
81422,2007-02-20 14:38:35,121.441100,31.240800, 16, 67,1
81422,2007-02-20 14:39:35,121.441800,31.240000, 32, 67,1
81422,2007-02-20 14:40:36,121.441000,31.237500,  0,135,1
81422,2007-02-20 14:41:37,121.442100,31.236100, 32, 67,1
81422,2007-02-20 14:43:39,121.438100,31.231000, 54, 90,1
81422,2007-02-20 14:45:41,121.438300,31.227000,  0,112,1
81422,2007-02-20 14:46:42,121.438300,31.227000,  0,112,1
81422,2007-02-20 14:47:43,121.440000,31.225300, 30, 67,1
81422,2007-02-20 14:48:44,121.441100,31.221800, 38, 90,1
81422,2007-02-20 14:49:45,121.441600,31.220500,  0, 67,1
81422,2007-02-20 14:50:46,121.443300,31.218300, 42, 90,1
81422,2007-02-20 14:51:47,121.445100,31.213100, 34, 90,1
81422,2007-02-20 14:52:48,121.445100,31.212600,  0, 90,1
81422,2007-02-20 14:53:49,121.442000,31.207000, 66,112,1
81422,2007-02-20 14:54:50,121.441300,31.205800,  0,112,1
81422,2007-02-20 14:55:51,121.439300,31.203300, 64,112,1
81422,2007-02-20 14:56:52,121.434000,31.195600, 62, 90,1
81422,2007-02-20 14:57:53,121.431800,31.188000,  4, 90,1
81422,2007-02-20 14:58:54,121.431300,31.183600, 54, 90,1
81422,2007-02-20 14:59:55,121.431100,31.182800,  0, 90,1
81422,2007-02-20 15:01:57,121.430000,31.180000, 34,112,1
81422,2007-02-20 15:02:03,121.429600,31.180000,  8,135,0
81422,2007-02-20 15:03:03,121.429600,31.179600,  0, 90,0
81422,2007-02-20 15:03:25,121.430100,31.179600, 10, 90,1
81422,2007-02-20 15:05:26,121.429300,31.167600, 38, 90,1
81422,2007-02-20 15:06:27,121.428800,31.165100, 38, 90,1
81422,2007-02-20 15:07:28,121.428000,31.163100, 42, 90,1
81422,2007-02-20 15:08:29,121.424300,31.159600,  0,112,1
81422,2007-02-20 15:09:30,121.424100,31.159600, 22,135,1
81422,2007-02-20 15:10:31,121.419500,31.154800,  0, 90,1
81422,2007-02-20 15:11:32,121.419600,31.155000,  0, 22,1
81422,2007-02-20 15:12:33,121.415500,31.150800, 76,112,1
81422,2007-02-20 15:13:34,121.405300,31.141100, 90,112,1
81422,2007-02-20 15:14:35,121.395300,31.131500, 86,112,1
81422,2007-02-20 15:15:36,121.386800,31.123800, 78,112,1
81422,2007-02-20 15:16:37,121.382800,31.121300, 58, 90,1
81422,2007-02-20 15:18:39,121.395800,31.098500, 86, 90,1
81422,2007-02-20 15:19:40,121.401100,31.085000,110, 90,1
81422,2007-02-20 15:20:41,121.407100,31.072000,106, 90,1
81422,2007-02-20 15:22:43,121.417300,31.049600,126, 90,1
81422,2007-02-20 15:23:44,121.424600,31.033600,124, 90,1
81422,2007-02-20 15:24:45,121.430500,31.020600, 90, 90,1
81422,2007-02-20 15:26:47,121.442000,30.999500, 66, 67,1
81422,2007-02-20 15:27:48,121.449600,30.985500, 86, 90,1
81422,2007-02-20 15:28:49,121.453800,30.973800, 44, 90,1
81422,2007-02-20 15:29:50,121.456300,30.971500, 74, 22,1
81422,2007-02-20 15:30:51,121.458600,30.972300,  0, 22,1
81422,2007-02-20 15:32:53,121.472800,30.977100, 70, 45,1
81422,2007-02-20 15:33:54,121.485000,30.978300, 86, 45,1
81422,2007-02-20 15:34:55,121.496500,30.979600, 10, 45,1
81422,2007-02-20 15:35:56,121.502800,30.978800, 72, 45,1
81422,2007-02-20 15:36:57,121.513300,30.978100, 58, 45,1
81422,2007-02-20 15:38:59,121.532100,30.978500,  0, 90,1
81422,2007-02-20 15:40:00,121.532000,30.978600,  6, 90,1
81422,2007-02-20 15:41:01,121.538600,30.979100, 32, 45,1
81422,2007-02-20 15:42:02,121.548300,30.980100, 16, 45,1
81422,2007-02-20 15:43:03,121.556500,30.980800, 84, 45,1
81422,2007-02-20 15:44:04,121.558800,30.982500, 12,  0,1
81422,2007-02-20 15:45:05,121.558500,30.984300, 14,  0,1
81422,2007-02-20 15:45:37,121.558500,30.984600,  0,  0,0
81422,2007-02-20 15:46:37,121.558500,30.984600,  0,  0,0
81422,2007-02-20 15:47:58,121.558600,30.983300, 22, 90,0
81422,2007-02-20 15:48:50,121.558600,30.982100, 10, 90,0
81422,2007-02-20 15:49:27,121.557600,30.981100, 46,135,0
81422,2007-02-20 15:49:43,121.555300,30.980800, 58,135,0
81422,2007-02-20 15:49:59,121.553000,30.980600, 52,135,0
81422,2007-02-20 15:50:15,121.550600,30.980500, 52,135,0
81422,2007-02-20 15:50:31,121.548300,30.980300, 56,135,0
81422,2007-02-20 15:51:03,121.542800,30.979800, 68,135,0
81422,2007-02-20 15:51:19,121.539600,30.979500, 52,135,0
81422,2007-02-20 15:51:35,121.538100,30.979500, 32,112,0
81422,2007-02-20 15:51:51,121.536100,30.979100, 66,135,0
81422,2007-02-20 15:52:07,121.533000,30.978600, 70,135,0
81422,2007-02-20 15:52:23,121.530100,30.978100, 62,135,0
81422,2007-02-20 15:52:39,121.526600,30.978000, 96,135,0
81422,2007-02-20 15:52:55,121.522500,30.978000, 88,135,0
81422,2007-02-20 15:53:11,121.519100,30.978100, 80,135,0
81422,2007-02-20 15:53:27,121.515300,30.978300, 80,135,0
81422,2007-02-20 15:53:43,121.512800,30.978300, 32,135,0
81422,2007-02-20 15:55:00,121.509000,30.978500, 72,135,0
81422,2007-02-20 15:55:32,121.502500,30.979000, 70,135,0
81422,2007-02-20 15:55:48,121.499600,30.979500, 62,135,0
81422,2007-02-20 15:56:04,121.497100,30.979800, 50,135,0
81422,2007-02-20 15:56:20,121.494600,30.979600, 72,135,0
81422,2007-02-20 15:56:36,121.491300,30.979100, 78,135,0
81422,2007-02-20 15:56:52,121.488000,30.978800, 74,135,0
81422,2007-02-20 15:57:08,121.485000,30.978500, 76,135,0
81422,2007-02-20 15:57:40,121.478600,30.977300, 68,135,0
81422,2007-02-20 15:57:56,121.476600,30.977500,  8,135,0
81422,2007-02-20 15:58:28,121.472600,30.977300, 62,135,0
81422,2007-02-20 15:58:44,121.470300,30.976800, 62,135,0
81422,2007-02-20 15:59:00,121.466800,30.976100, 86,135,0
81422,2007-02-20 15:59:16,121.463300,30.976000, 74,135,0
81422,2007-02-20 15:59:32,121.460500,30.975600, 46,135,0
81422,2007-02-20 16:00:13,121.459500,30.975100, 30, 90,0
81422,2007-02-20 16:00:29,121.459300,30.973300, 48,112,0
81422,2007-02-20 16:00:45,121.458500,30.972600,  4,112,0
81422,2007-02-20 16:01:07,121.457500,30.972300, 48,112,0
81422,2007-02-20 16:01:23,121.455000,30.972500, 76,157,0
81422,2007-02-20 16:01:39,121.453500,30.975600,100,  0,0
81422,2007-02-20 16:01:55,121.452100,30.979600,114,  0,0
81422,2007-02-20 16:02:11,121.450500,30.984100,134,  0,0
81422,2007-02-20 16:02:27,121.448100,30.988800,132,157,0
81422,2007-02-20 16:02:43,121.446000,30.992800,114,157,0
81422,2007-02-20 16:02:59,121.444300,30.996000, 74,157,0
81422,2007-02-20 16:03:15,121.443000,30.998100, 70,157,0
81422,2007-02-20 16:03:31,121.441600,31.000500, 70,157,0
81422,2007-02-20 16:03:47,121.440100,31.003000, 78,157,0
81422,2007-02-20 16:04:03,121.438600,31.005800, 82,157,0
81422,2007-02-20 16:04:19,121.437100,31.008500, 80,157,0
81422,2007-02-20 16:04:35,121.435600,31.011300, 76,157,0
81422,2007-02-20 16:04:51,121.434300,31.013800, 74,157,0
81422,2007-02-20 16:05:07,121.432800,31.016300, 72,157,0
81422,2007-02-20 16:05:23,121.431500,31.018800, 80,157,0
81422,2007-02-20 16:07:34,121.419100,31.046300, 96,157,0
81422,2007-02-20 16:07:50,121.417500,31.050000,108,157,0
81422,2007-02-20 16:08:06,121.415800,31.053600,100,157,0
81422,2007-02-20 16:08:54,121.411500,31.063000, 70,157,0
81422,2007-02-20 16:09:10,121.410600,31.065100, 48,  0,0
81422,2007-02-20 16:09:39,121.410100,31.066000, 20,  0,0
81422,2007-02-20 16:09:55,121.409600,31.067100, 42,157,0
81422,2007-02-20 16:10:11,121.408800,31.069000, 66,157,0
81422,2007-02-20 16:10:27,121.407500,31.072000, 96,157,0
81422,2007-02-20 16:10:43,121.406000,31.075300, 96,157,0
81422,2007-02-20 16:10:59,121.404500,31.078500, 78,157,0
81422,2007-02-20 16:11:15,121.403100,31.081300, 96,157,0
81422,2007-02-20 16:11:31,121.401600,31.084800,102,157,0
81422,2007-02-20 16:12:03,121.398000,31.093100,106,  0,0
81422,2007-02-20 16:12:19,121.396800,31.096300, 74,  0,0
81422,2007-02-20 16:12:35,121.395800,31.099300, 92,  0,0
81422,2007-02-20 16:12:51,121.394500,31.102500, 88,  0,0
81422,2007-02-20 16:13:07,121.393000,31.105800,102,157,0
81422,2007-02-20 16:13:40,121.388800,31.112600, 94,157,0
81422,2007-02-20 16:13:55,121.387100,31.115300, 78,157,0
81422,2007-02-20 16:14:11,121.385800,31.117300, 44,157,0
81422,2007-02-20 16:14:43,121.385300,31.121300, 64, 22,0
81422,2007-02-20 16:14:59,121.387500,31.123500, 68, 22,0
81422,2007-02-20 16:15:15,121.388800,31.124800, 40, 22,0
81422,2007-02-20 16:15:31,121.390500,31.126500, 64, 22,0
81422,2007-02-20 16:15:47,121.392300,31.128300, 54, 22,0
81422,2007-02-20 16:16:03,121.394300,31.130100, 76, 22,0
81422,2007-02-20 16:16:19,121.396600,31.132300, 76, 22,0
81422,2007-02-20 16:16:35,121.399000,31.134600, 78, 22,0
81422,2007-02-20 16:16:51,121.401500,31.137000, 82, 22,0
81422,2007-02-20 16:17:07,121.404000,31.139500, 84, 22,0
81422,2007-02-20 16:17:23,121.406300,31.141800, 84, 22,0
81422,2007-02-20 16:17:39,121.409000,31.144100, 88, 22,0
81422,2007-02-20 16:17:55,121.411600,31.146600, 96, 22,0
81422,2007-02-20 16:18:27,121.417300,31.152100, 84, 22,0
81422,2007-02-20 16:18:43,121.420000,31.154600, 88, 22,0
81422,2007-02-20 16:18:59,121.422600,31.157100,104, 22,0
81422,2007-02-20 16:19:15,121.425600,31.160000, 98, 22,0
81422,2007-02-20 16:19:31,121.428100,31.162800, 94, 22,0
81422,2007-02-20 16:19:47,121.429300,31.165800, 78,  0,0
81422,2007-02-20 16:20:03,121.429500,31.167300, 24,  0,0
81422,2007-02-20 16:20:55,121.429600,31.168500,  8,  0,0
81422,2007-02-20 16:21:33,121.429800,31.169500, 22,  0,0
81422,2007-02-20 16:21:49,121.430000,31.170600, 24,  0,0
81422,2007-02-20 16:22:06,121.430100,31.171600, 40,  0,0
81422,2007-02-20 16:22:22,121.430300,31.173300, 46,  0,0
81422,2007-02-20 16:22:38,121.430500,31.175100, 68,  0,0
81422,2007-02-20 16:22:54,121.430800,31.177800, 72,  0,0
81422,2007-02-20 16:23:10,121.431100,31.180300, 66,  0,0
81422,2007-02-20 16:23:26,121.431500,31.183100, 68,  0,0
81422,2007-02-20 16:23:42,121.431800,31.185500, 64,  0,0
81422,2007-02-20 16:23:58,121.432100,31.187000,  0,  0,0
81422,2007-02-20 16:24:30,121.432100,31.187800, 46,  0,0
81422,2007-02-20 16:24:46,121.432500,31.190000, 58,  0,0
81422,2007-02-20 16:25:02,121.433000,31.191600, 50,  0,0
81422,2007-02-20 16:25:18,121.433600,31.193300, 28,  0,0
81422,2007-02-20 16:25:46,121.433800,31.194300, 14, 22,0
81422,2007-02-20 16:26:47,121.434300,31.195100,  0, 22,0
81422,2007-02-20 16:27:48,121.434500,31.195100,  0, 22,0
81422,2007-02-20 16:28:49,121.434500,31.195300,  0, 22,0
81422,2007-02-20 16:29:07,121.434600,31.195300,  8, 22,1
81422,2007-02-20 16:30:07,121.437800,31.197100, 58, 22,1
81422,2007-02-20 16:31:08,121.439000,31.201100, 40,157,1
81422,2007-02-20 16:32:09,121.440600,31.204600, 42, 22,1
81422,2007-02-20 16:33:10,121.443300,31.208300, 10, 22,1
81422,2007-02-20 16:34:11,121.445100,31.213500, 26,157,1
81422,2007-02-20 16:35:12,121.445000,31.213800,  0,  0,1
81422,2007-02-20 16:36:13,121.445000,31.215000,  0,157,1
81422,2007-02-20 16:37:14,121.444100,31.216300, 38,  0,1
81422,2007-02-20 16:38:15,121.442100,31.220100,  0,135,1
81422,2007-02-20 16:39:16,121.441100,31.222100,  0,  0,1
81422,2007-02-20 16:40:17,121.440800,31.224500, 20, 22,1
81422,2007-02-20 16:40:35,121.441500,31.224800,  0, 22,0
81422,2007-02-20 16:42:04,121.442600,31.225300,  0, 22,0
81422,2007-02-20 16:42:45,121.443500,31.226000, 32, 22,0
81422,2007-02-20 16:43:01,121.444800,31.226600, 40, 22,0
81422,2007-02-20 16:43:17,121.446500,31.227300, 38, 22,0
81422,2007-02-20 16:43:33,121.447800,31.228000, 26, 22,0
81422,2007-02-20 16:44:01,121.448800,31.228600, 32, 22,0
81422,2007-02-20 16:45:02,121.449500,31.228800,  0, 45,0
81422,2007-02-20 16:45:46,121.451600,31.230100, 16, 22,0
81422,2007-02-20 16:46:47,121.451800,31.230300,  0, 22,0
81422,2007-02-20 16:47:55,121.451600,31.230500, 12,157,1
81422,2007-02-20 16:48:55,121.450600,31.231600,  0,157,1
81422,2007-02-20 16:49:56,121.449600,31.231800, 36,135,1
81422,2007-02-20 16:50:57,121.444000,31.229800, 50,112,1
81422,2007-02-20 16:51:58,121.442800,31.227300, 22, 90,1
81422,2007-02-20 16:52:59,121.444300,31.224300,  6, 67,1
81422,2007-02-20 16:54:00,121.442000,31.223000, 24,135,1
81422,2007-02-20 16:55:01,121.439600,31.222600, 56,112,1
81422,2007-02-20 16:56:02,121.435500,31.221100, 30,112,1
81422,2007-02-20 16:56:56,121.430300,31.218100,  0,135,0
81422,2007-02-20 16:57:12,121.430300,31.218100,  0,135,0
81422,2007-02-20 16:57:54,121.429600,31.217500, 36,112,0
81422,2007-02-20 16:58:19,121.428600,31.217000, 10,112,0
81422,2007-02-20 16:59:20,121.428500,31.216800,  0,112,0
81422,2007-02-20 17:00:21,121.428500,31.216800,  0,112,0
81422,2007-02-20 17:00:47,121.423800,31.211500, 28, 90,0
81422,2007-02-20 17:01:21,121.424600,31.210100, 28, 90,0
81422,2007-02-20 17:01:37,121.424600,31.209000, 36, 90,0
81422,2007-02-20 17:01:53,121.424500,31.207600, 38, 90,0
81422,2007-02-20 17:02:09,121.424800,31.206300, 44, 67,0
81422,2007-02-20 17:02:25,121.425500,31.205300,  6, 90,0
81422,2007-02-20 17:03:19,121.426300,31.204800, 34, 45,0
81422,2007-02-20 17:03:35,121.428100,31.204500, 42, 45,0
81422,2007-02-20 17:03:51,121.429300,31.203600, 24, 67,0
81422,2007-02-20 17:04:28,121.430100,31.203800,  4, 22,0
81422,2007-02-20 17:05:29,121.430600,31.204000, 28, 22,0
81422,2007-02-20 17:05:45,121.431600,31.204600, 30, 22,0
81422,2007-02-20 17:06:10,121.432600,31.205100, 36, 22,0
81422,2007-02-20 17:07:11,121.433000,31.205500,  0, 22,0
81422,2007-02-20 17:07:51,121.433600,31.204800, 40, 67,0
81422,2007-02-20 17:08:07,121.434500,31.203600, 20, 67,0
81422,2007-02-20 17:08:33,121.435000,31.202600, 36, 90,0
81422,2007-02-20 17:08:49,121.435600,31.201500, 16, 90,0
81422,2007-02-20 17:09:28,121.436000,31.200600, 30, 67,0
81422,2007-02-20 17:09:43,121.436500,31.199500, 32,112,0
81422,2007-02-20 17:09:59,121.435600,31.198300, 28,112,0
81422,2007-02-20 17:10:15,121.434800,31.197300, 24,112,0
81422,2007-02-20 17:11:16,121.434100,31.196500,  6,112,0
81422,2007-02-20 17:11:36,121.434000,31.196500,  4,112,1
81422,2007-02-20 17:12:37,121.432300,31.200000, 14,157,1
81422,2007-02-20 17:13:38,121.430800,31.203800,  0,157,1
81422,2007-02-20 17:14:39,121.429300,31.206300, 38,  0,1
81422,2007-02-20 17:15:40,121.428600,31.211500, 60, 22,1
81422,2007-02-20 17:16:41,121.429300,31.214000, 52,157,1
81422,2007-02-20 17:17:42,121.433000,31.219500, 64, 22,1
81422,2007-02-20 17:18:43,121.436000,31.221300, 16, 22,1
81422,2007-02-20 17:18:47,121.436000,31.221300,  8, 22,0
81422,2007-02-20 17:19:48,121.436100,31.221500, 14, 22,0
81422,2007-02-20 17:20:06,121.437000,31.222300, 34, 22,0
81422,2007-02-20 17:20:22,121.438100,31.223100, 36, 22,0
81422,2007-02-20 17:20:38,121.439800,31.224000, 28, 22,0
81422,2007-02-20 17:21:39,121.440100,31.224300, 12, 22,0
81422,2007-02-20 17:21:56,121.440600,31.223500, 20, 90,0
81422,2007-02-20 17:22:57,121.441000,31.223000,  0, 90,0
81422,2007-02-20 17:23:27,121.441000,31.222100, 36, 90,0
81422,2007-02-20 17:23:43,121.441300,31.221000, 30, 67,0
81422,2007-02-20 17:23:59,121.441300,31.219800, 44,112,0
81422,2007-02-20 17:24:15,121.439500,31.219000, 40,135,0
81422,2007-02-20 17:24:31,121.437600,31.218800, 42,135,0
81422,2007-02-20 17:24:47,121.435500,31.218300, 44,112,0
81422,2007-02-20 17:25:03,121.434800,31.217000, 48, 90,0
81422,2007-02-20 17:25:19,121.434500,31.215800, 10, 90,0
81422,2007-02-20 17:25:56,121.434800,31.215000, 30, 67,0
81422,2007-02-20 17:26:29,121.435300,31.215000, 12,135,1
81422,2007-02-20 17:27:30,121.434100,31.214500, 28,112,1
81422,2007-02-20 17:28:31,121.430100,31.212800, 44,135,1
81422,2007-02-20 17:30:33,121.427500,31.218100, 42,  0,1
81422,2007-02-20 17:31:34,121.424500,31.224600,  4,157,1
81422,2007-02-20 17:32:35,121.423100,31.226000, 24,157,1
81422,2007-02-20 17:33:36,121.419000,31.231000, 80,157,1
81422,2007-02-20 17:35:38,121.414000,31.239000, 38,157,1
81422,2007-02-20 17:36:39,121.411800,31.240500,  0,157,1
81422,2007-02-20 17:37:40,121.411500,31.240600,  0,157,1
81422,2007-02-20 17:38:41,121.409800,31.241800, 10,157,1
81422,2007-02-20 17:40:30,121.410600,31.242800,  0,157,0
81422,2007-02-20 17:41:25,121.410100,31.242600, 18,112,0
81422,2007-02-20 17:41:55,121.410100,31.242500, 10,112,1
81422,2007-02-20 17:42:55,121.409800,31.241800,  0, 90,1
81422,2007-02-20 17:43:56,121.410600,31.241000,  0, 67,1
81422,2007-02-20 17:44:57,121.410600,31.241000,  0, 67,1
81422,2007-02-20 17:45:58,121.415000,31.243000, 28, 67,1
81422,2007-02-20 17:46:59,121.417000,31.241500,  0, 67,1
81422,2007-02-20 17:48:00,121.417000,31.241500,  4, 67,1
81422,2007-02-20 17:49:01,121.419100,31.239600,  0, 67,1
81422,2007-02-20 17:50:02,121.419300,31.239500, 22, 67,1
81422,2007-02-20 17:51:03,121.424800,31.235300, 26, 67,1
81422,2007-02-20 17:52:04,121.430100,31.239500, 58, 45,1
81422,2007-02-20 17:53:05,121.434800,31.237000, 46, 67,1
81422,2007-02-20 17:54:06,121.436300,31.234800, 36, 67,1
81422,2007-02-20 17:56:08,121.438800,31.234000,  4, 45,1
81422,2007-02-20 17:57:09,121.441500,31.231500, 16, 67,1
81422,2007-02-20 17:59:11,121.442800,31.227300, 26, 90,1
81422,2007-02-20 18:00:12,121.445300,31.226800,  6, 45,1
81422,2007-02-20 18:01:13,121.448500,31.228300,  0, 45,1
81422,2007-02-20 18:02:47,121.449100,31.228800,  8, 45,0
81422,2007-02-20 18:03:12,121.450100,31.228800,  2, 22,1
81422,2007-02-20 18:04:12,121.452000,31.225000, 56, 90,1
81422,2007-02-20 18:05:13,121.452600,31.222500, 20, 90,1
81422,2007-02-20 18:06:14,121.454000,31.219100, 14, 67,1
81422,2007-02-20 18:06:44,121.454600,31.218600,  0, 22,0
81422,2007-02-20 18:08:07,121.456500,31.219500, 20,  0,1
81422,2007-02-20 18:09:08,121.456000,31.225000, 42, 22,1
81422,2007-02-20 18:10:09,121.458500,31.225600, 10, 45,1
81422,2007-02-20 18:11:10,121.458600,31.229100, 42,  0,1
81422,2007-02-20 18:12:11,121.457100,31.232000,  0,  0,1
81422,2007-02-20 18:13:12,121.455000,31.232000, 22,112,1
81422,2007-02-20 18:14:13,121.452000,31.230100,  6,112,1
81422,2007-02-20 18:14:55,121.452000,31.230100,  0,135,0
81422,2007-02-20 18:15:56,121.451800,31.230300,  0,  0,0
81422,2007-02-20 18:17:58,121.451100,31.230100,  0,157,0
81422,2007-02-20 18:18:59,121.451100,31.230100,  0,157,0
81422,2007-02-20 18:19:54,121.451100,31.230300,  0,  0,1
81422,2007-02-20 18:20:55,121.451100,31.230600,  0,  0,1
81422,2007-02-20 18:21:56,121.449600,31.233600, 28,157,1
81422,2007-02-20 18:22:57,121.449300,31.234100,  0,157,1
81422,2007-02-20 18:23:57,121.446000,31.238300, 30,157,1
81422,2007-02-20 18:26:00,121.441600,31.243000,  0,112,1
81422,2007-02-20 18:27:01,121.438300,31.246500, 34,157,1
81422,2007-02-20 18:28:02,121.435500,31.249600, 48,157,1
81422,2007-02-20 18:29:31,121.429800,31.251600,  0,135,1
81422,2007-02-20 18:30:32,121.427300,31.254000, 34,  0,1
81422,2007-02-20 18:32:34,121.425800,31.267000, 18,  0,1
81422,2007-02-20 18:34:36,121.418000,31.266500, 44,135,1
81422,2007-02-20 18:36:38,121.406100,31.270600, 18,157,1
81422,2007-02-20 18:37:39,121.406300,31.275100, 36,  0,1
81422,2007-02-20 18:38:40,121.403600,31.278000,  0,135,1
81422,2007-02-20 18:38:47,121.403600,31.278000,  0,135,0
81422,2007-02-20 18:39:40,121.402500,31.278100, 32,135,0
81422,2007-02-20 18:40:04,121.401800,31.278500, 18,  0,0
81422,2007-02-20 18:41:05,121.401800,31.278600,  0, 22,0
81422,2007-02-20 18:41:30,121.401800,31.279600, 24,  0,0
81422,2007-02-20 18:42:08,121.401800,31.282000, 50,  0,0
81422,2007-02-20 18:42:24,121.401800,31.283800, 48,  0,0
81422,2007-02-20 18:42:56,121.403500,31.285100, 48, 45,0
81422,2007-02-20 18:43:12,121.405300,31.285100, 28, 45,0
81422,2007-02-20 18:43:28,121.406600,31.285100, 38, 45,0
81422,2007-02-20 18:43:44,121.408300,31.285300, 40, 45,0
81422,2007-02-20 18:44:16,121.411600,31.285300, 24, 67,0
81422,2007-02-20 18:44:32,121.411800,31.284300, 38, 90,0
81422,2007-02-20 18:44:48,121.411500,31.282800, 48, 90,0
81422,2007-02-20 18:45:04,121.411000,31.281000, 48, 90,0
81422,2007-02-20 18:45:20,121.410500,31.279500, 34, 90,0
81422,2007-02-20 18:45:35,121.410000,31.277800, 46, 90,0
81422,2007-02-20 18:45:52,121.409800,31.275800, 56, 90,0
81422,2007-02-20 18:46:08,121.409600,31.274300, 24, 90,0
81422,2007-02-20 18:46:24,121.410000,31.273100, 38, 90,0
81422,2007-02-20 18:46:40,121.410300,31.271600, 48, 90,0
81422,2007-02-20 18:46:55,121.410500,31.270000, 50, 90,0
81422,2007-02-20 18:47:12,121.410800,31.268100, 30, 90,0
81422,2007-02-20 18:47:29,121.411300,31.267500, 34, 45,0
81422,2007-02-20 18:47:45,121.413800,31.267100, 64, 45,0
81422,2007-02-20 18:48:00,121.416000,31.266800, 22, 45,0
81422,2007-02-20 18:48:19,121.417100,31.266500, 38, 45,0
81422,2007-02-20 18:49:20,121.417600,31.266500,  0, 45,0
81422,2007-02-20 18:50:21,121.417800,31.266300,  0, 67,0
81422,2007-02-20 18:51:22,121.418300,31.266300, 16, 45,0
81422,2007-02-20 18:51:38,121.419500,31.266300, 44, 45,0
81422,2007-02-20 18:51:54,121.421300,31.266600, 40, 45,0
81422,2007-02-20 18:52:10,121.423000,31.267000, 38, 45,0
81422,2007-02-20 18:52:26,121.424600,31.267100, 26, 45,0
81422,2007-02-20 18:53:15,121.425600,31.267000, 32, 90,0
81422,2007-02-20 18:53:49,121.426100,31.264100, 18, 90,0
81422,2007-02-20 18:54:05,121.426100,31.262600, 58, 90,0
81422,2007-02-20 18:54:37,121.425800,31.257800, 50, 90,0
81422,2007-02-20 18:55:13,121.427000,31.253800, 42, 90,0
81422,2007-02-20 18:55:25,121.427800,31.252600, 50, 67,0
81422,2007-02-20 18:55:41,121.428600,31.251300, 22, 67,0
81422,2007-02-20 18:57:08,121.435600,31.249300, 20, 67,0
81422,2007-02-20 18:57:32,121.436100,31.248600, 22, 67,0
81422,2007-02-20 18:57:48,121.437000,31.247800, 34, 67,0
81422,2007-02-20 18:58:20,121.439300,31.245300, 48, 67,0
81422,2007-02-20 18:58:36,121.440600,31.244000, 34, 67,0
81422,2007-02-20 18:59:03,121.440600,31.243600, 10, 67,1
81422,2007-02-20 19:00:03,121.442800,31.241600, 48, 67,1
81422,2007-02-20 19:01:04,121.443500,31.238300,  2,135,1
81422,2007-02-20 19:02:05,121.446300,31.235100, 28, 67,1
81422,2007-02-20 19:03:05,121.448500,31.232000, 16, 67,1
81422,2007-02-20 19:04:46,121.452100,31.223600, 20, 90,1
81422,2007-02-20 19:06:48,121.456300,31.214500, 64, 90,1
81422,2007-02-20 19:07:49,121.457000,31.212100,  0, 45,1
81422,2007-02-20 19:09:50,121.457300,31.205600, 40, 90,1
81422,2007-02-20 19:10:51,121.454800,31.204800, 26,135,1
81422,2007-02-20 19:11:53,121.452000,31.204000, 42,135,1
81422,2007-02-20 19:12:54,121.451100,31.202600, 22, 67,1
81422,2007-02-20 19:13:55,121.453300,31.198600, 36,112,1
81422,2007-02-20 19:14:55,121.448000,31.196500,  0,112,1
81422,2007-02-20 19:16:58,121.442500,31.193600,  0,112,1
81422,2007-02-20 19:17:59,121.441000,31.192800, 24,112,1
81422,2007-02-20 19:19:00,121.442100,31.189500, 18, 45,1
81422,2007-02-20 19:20:00,121.441800,31.188800, 20, 90,1
81422,2007-02-20 19:21:02,121.440600,31.186800, 24,135,1
81422,2007-02-20 19:21:42,121.440500,31.186000,  6, 90,0
81422,2007-02-20 19:21:57,121.440500,31.185600,  6, 90,0
81422,2007-02-20 19:22:57,121.440500,31.186000,  0, 90,0
81422,2007-02-20 19:23:58,121.440500,31.186000,  0, 90,0
81422,2007-02-20 19:25:00,121.439600,31.182800, 12, 90,0
81422,2007-02-20 19:25:18,121.439100,31.182000, 34,112,0
81422,2007-02-20 19:25:49,121.436600,31.180300, 42,112,0
81422,2007-02-20 19:26:05,121.435000,31.179500, 42,112,0
81422,2007-02-20 19:26:22,121.435600,31.179500, 24,135,0
81422,2007-02-20 19:26:38,121.434600,31.180300, 38,157,0
81422,2007-02-20 19:26:54,121.433300,31.181100,  6,157,0
81422,2007-02-20 19:27:28,121.432300,31.181600, 44,157,0
81422,2007-02-20 19:28:00,121.431600,31.183800, 14,  0,0
81422,2007-02-20 19:28:29,121.431800,31.184800, 38,  0,0
81422,2007-02-20 19:28:45,121.432300,31.186100, 42,  0,0
81422,2007-02-20 19:29:00,121.432500,31.187600, 32,  0,0
81422,2007-02-20 19:29:17,121.432300,31.189300, 50,  0,0
81422,2007-02-20 19:29:33,121.432800,31.191000, 36,  0,0
81422,2007-02-20 19:29:49,121.433300,31.192300, 46,  0,0
81422,2007-02-20 19:32:00,121.434500,31.195300,  0, 22,0
81422,2007-02-20 19:33:02,121.434500,31.195300,  0, 22,0
81422,2007-02-20 19:34:03,121.434500,31.195100,  0, 22,0
81422,2007-02-20 19:35:03,121.434600,31.194800,  0, 22,0
81422,2007-02-20 19:36:04,121.434600,31.194800,  0, 22,0
81422,2007-02-20 19:37:46,121.434600,31.194800,  0, 22,1
81422,2007-02-20 19:38:47,121.434600,31.194800,  0, 22,1
81422,2007-02-20 19:39:49,121.450600,31.202800, 62, 22,1
81422,2007-02-20 19:41:50,121.460600,31.205500, 52, 22,1
81422,2007-02-20 19:42:52,121.466000,31.205300, 38, 67,1
81422,2007-02-20 19:43:53,121.466800,31.201500, 22, 90,1
81422,2007-02-20 19:45:55,121.468800,31.198300,  0, 67,1
81422,2007-02-20 19:46:55,121.469300,31.197500, 30, 67,1
81422,2007-02-20 19:47:57,121.470100,31.197000, 10,  0,1
81422,2007-02-20 19:48:07,121.470100,31.197000,  0,157,0
81422,2007-02-20 19:48:57,121.470100,31.197000,  0,157,1
81422,2007-02-20 19:49:58,121.469300,31.197500,  0,157,1
81422,2007-02-20 19:53:00,121.457000,31.191600, 70,112,1
81422,2007-02-20 19:54:02,121.446000,31.187000, 64,112,1
81422,2007-02-20 19:55:03,121.437500,31.180600, 68,112,1
81422,2007-02-20 19:56:04,121.427800,31.182600, 58,157,1
81422,2007-02-20 19:57:05,121.418500,31.188500, 86,157,1
81422,2007-02-20 19:58:05,121.411100,31.198300, 86,157,1
81422,2007-02-20 20:00:08,121.407500,31.211500, 22,  0,1
81422,2007-02-20 20:06:00,121.391100,31.214800,  0,135,1
81422,2007-02-20 20:07:02,121.383500,31.216600, 54,135,1
81422,2007-02-20 20:08:03,121.376000,31.217600, 30,135,1
81422,2007-02-20 20:09:04,121.372800,31.218000,  0,135,1
81422,2007-02-20 20:10:05,121.372000,31.218000, 16,135,1
81422,2007-02-20 20:12:07,121.358500,31.219800, 46,135,1
81422,2007-02-20 20:13:08,121.355800,31.220000,  6,135,1
81422,2007-02-20 20:13:29,121.355600,31.219500,  0, 90,0
81422,2007-02-20 20:14:30,121.355800,31.219600,  0, 22,0
81422,2007-02-20 20:15:08,121.355800,31.219800,  4, 22,1
81422,2007-02-20 20:16:09,121.359300,31.219600, 32, 45,1
81422,2007-02-20 20:17:10,121.363100,31.219300,  0, 45,1
81422,2007-02-20 20:18:10,121.367800,31.218600, 42, 45,1
81422,2007-02-20 20:19:12,121.371100,31.218000,  0, 45,1
81422,2007-02-20 20:20:13,121.371100,31.218000,  0, 45,1
81422,2007-02-20 20:22:15,121.372300,31.227100, 56,  0,1
81422,2007-02-20 20:23:15,121.374800,31.233000,  0, 22,1
81422,2007-02-20 20:24:17,121.375000,31.233100,  0, 22,1
81422,2007-02-20 20:25:17,121.373600,31.234600, 32,135,1
81422,2007-02-20 20:26:18,121.370600,31.235600, 22,157,1
81422,2007-02-20 20:27:19,121.365800,31.237800, 54,157,1
81422,2007-02-20 20:28:20,121.362100,31.238300, 44, 90,1
81422,2007-02-20 20:30:05,121.357100,31.235100,  0, 22,0
81422,2007-02-20 20:31:21,121.356600,31.235100, 14,  0,0
81422,2007-02-20 20:32:00,121.356500,31.235300,  4,  0,1
81422,2007-02-20 20:33:01,121.358100,31.236000, 24, 22,1
81422,2007-02-20 20:34:02,121.361000,31.236000, 12, 45,1
81422,2007-02-20 20:35:03,121.364000,31.238600,  6, 67,1
81422,2007-02-20 20:36:04,121.369100,31.236100,  6, 67,1
81422,2007-02-20 20:37:05,121.372100,31.235000,  0, 45,1
81422,2007-02-20 20:38:06,121.372100,31.235000,  0, 45,1
81422,2007-02-20 20:39:07,121.374500,31.234300,  0, 45,1
81422,2007-02-20 20:40:08,121.374500,31.234300,  0, 45,1
81422,2007-02-20 20:41:09,121.374500,31.234300,  0, 45,1
81422,2007-02-20 20:42:10,121.378100,31.233800, 42, 45,1
81422,2007-02-20 20:43:11,121.386600,31.233100, 14, 45,1
81422,2007-02-20 20:44:12,121.392300,31.233500, 42, 45,1
81422,2007-02-20 20:45:13,121.397300,31.234100, 30,  0,1
81422,2007-02-20 20:46:14,121.399800,31.238300, 26, 22,1
81422,2007-02-20 20:47:04,121.399800,31.239500,  0,157,0
81422,2007-02-20 20:47:20,121.399800,31.239500,  0,157,0
81422,2007-02-20 20:48:11,121.399800,31.239500,  8, 67,1
81422,2007-02-20 20:49:11,121.401600,31.240100, 12, 22,1
81422,2007-02-20 20:50:12,121.404300,31.239600, 30, 45,1
81422,2007-02-20 20:52:14,121.409600,31.241500,  8, 45,1
81422,2007-02-20 20:53:15,121.410300,31.241100,  0, 67,1
81422,2007-02-20 20:55:12,121.415500,31.237600, 16, 67,1
81422,2007-02-20 20:56:13,121.417500,31.238000, 54, 22,1
81422,2007-02-20 20:57:14,121.423300,31.236500, 78, 67,1
81422,2007-02-20 20:58:15,121.429600,31.232500, 38, 22,1
81422,2007-02-20 20:59:16,121.434800,31.232600, 28, 67,1
81422,2007-02-20 21:00:17,121.435800,31.232600,  0, 22,1
81422,2007-02-20 21:01:18,121.435800,31.232600,  0, 22,1
81422,2007-02-20 21:02:19,121.435800,31.232600,  0, 22,1
81422,2007-02-20 21:03:45,121.435600,31.232800,  0, 22,0
81422,2007-02-20 21:04:46,121.436600,31.233100, 28, 22,0
81422,2007-02-20 21:05:18,121.438000,31.231100, 40, 90,0
81422,2007-02-20 21:05:34,121.438500,31.230000,  6, 67,0
81422,2007-02-20 21:06:25,121.439500,31.230000, 38, 22,0
81422,2007-02-20 21:06:41,121.441300,31.230800, 42, 22,0
81422,2007-02-20 21:06:57,121.442000,31.230600, 30, 90,0
81422,2007-02-20 21:07:13,121.442100,31.229600, 12, 90,0
81422,2007-02-20 21:07:47,121.442800,31.229100, 30, 22,0
81422,2007-02-20 21:08:03,121.444100,31.229600, 32, 22,0
81422,2007-02-20 21:08:19,121.445000,31.229000, 34, 90,0
81422,2007-02-20 21:08:35,121.445300,31.227600, 38, 67,0
81422,2007-02-20 21:08:51,121.446100,31.227100, 32, 22,0
81422,2007-02-20 21:09:45,121.448600,31.228500,  4, 22,1
81422,2007-02-20 21:10:46,121.453600,31.231000, 16, 22,1
81422,2007-02-20 21:11:47,121.456100,31.232500,  0, 45,1
81422,2007-02-20 21:12:48,121.460500,31.232600, 34, 45,1
81422,2007-02-20 21:13:49,121.462600,31.232800,  0, 45,1
81422,2007-02-20 21:14:50,121.462600,31.232800,  0, 45,1
81422,2007-02-20 21:16:52,121.467100,31.238500,  0, 45,1
81422,2007-02-20 21:17:53,121.472300,31.240300, 40, 45,1
81422,2007-02-20 21:19:55,121.479000,31.242100, 18, 45,1
81422,2007-02-20 21:20:56,121.481600,31.242300,  0, 45,1
81422,2007-02-20 21:21:57,121.481500,31.244500, 46,  0,1
81422,2007-02-20 21:22:58,121.484300,31.246100, 10, 45,1
81422,2007-02-20 21:23:59,121.485600,31.245800,  6, 45,1
81422,2007-02-20 21:25:00,121.486000,31.246300, 22,  0,1
81422,2007-02-20 21:26:01,121.488100,31.247800, 52, 22,1
81422,2007-02-20 21:27:02,121.489300,31.250000,  0,  0,1
81422,2007-02-20 21:28:03,121.489100,31.250100, 12,157,1
81422,2007-02-20 21:29:04,121.490800,31.253000, 34, 45,1
81422,2007-02-20 21:29:15,121.491100,31.253000,  0, 22,0
81422,2007-02-20 21:30:38,121.487800,31.252100, 36,112,0
81422,2007-02-20 21:30:54,121.486500,31.251100, 38,112,0
81422,2007-02-20 21:32:11,121.485500,31.250300,  0,112,0
81422,2007-02-20 21:33:11,121.485000,31.249600, 30, 90,0
81422,2007-02-20 21:33:27,121.484800,31.248500, 26, 90,0
81422,2007-02-20 21:33:43,121.484300,31.247600, 32,135,0
81422,2007-02-20 21:34:03,121.483300,31.247500, 14,135,0
81422,2007-02-20 21:34:19,121.482100,31.247300, 28,135,0
81422,2007-02-20 21:35:00,121.481000,31.247000, 22, 90,0
81422,2007-02-20 21:35:29,121.481000,31.246000, 26, 90,0
81422,2007-02-20 21:35:45,121.481500,31.244500, 36, 90,0
81422,2007-02-20 21:36:01,121.481800,31.243100, 40, 90,0
81422,2007-02-20 21:36:18,121.481600,31.242500, 34,135,0
81422,2007-02-20 21:36:34,121.479800,31.242500, 36,135,0
81422,2007-02-20 21:36:50,121.479100,31.242000, 32, 67,0
81422,2007-02-20 21:37:06,121.479500,31.240800, 30, 67,0
81422,2007-02-20 21:37:23,121.479800,31.240300,  8, 67,1
81422,2007-02-20 21:38:24,121.480000,31.239800,  0, 67,1
81422,2007-02-20 21:39:25,121.480100,31.238300,  8,135,1
81422,2007-02-20 21:40:26,121.476100,31.237300, 12,135,1
81422,2007-02-20 21:41:27,121.475000,31.239600, 18,  0,1
81422,2007-02-20 21:42:28,121.474600,31.240800,  6,157,1
81422,2007-02-20 21:43:29,121.472000,31.240600, 32,135,1
81422,2007-02-20 21:44:30,121.469300,31.239800,  0,135,1
81422,2007-02-20 21:45:31,121.467300,31.240000, 36,135,1
81422,2007-02-20 21:46:31,121.462800,31.241100,  6,135,1
81422,2007-02-20 21:47:32,121.459000,31.242100, 48,  0,1
81422,2007-02-20 21:48:34,121.458800,31.251000, 82,  0,1
81422,2007-02-20 21:49:34,121.459000,31.259800, 60,  0,1
81422,2007-02-20 21:50:35,121.451000,31.261100, 78,135,1
81422,2007-02-20 21:51:36,121.439300,31.258800, 68,112,1
81422,2007-02-20 21:53:38,121.420000,31.246600, 74,112,1
81422,2007-02-20 21:54:39,121.410500,31.240600, 42,112,1
81422,2007-02-20 21:55:41,121.406000,31.233800, 14, 90,1
81422,2007-02-20 21:56:41,121.405600,31.232800, 26, 90,1
81422,2007-02-20 21:57:27,121.405100,31.229800,  0, 90,0
81422,2007-02-20 21:57:42,121.405100,31.229800,  0, 90,0
81422,2007-02-20 21:58:43,121.405100,31.229800,  0, 90,0
81422,2007-02-20 21:59:44,121.405100,31.229800,  0, 90,0
81422,2007-02-20 22:00:45,121.405100,31.229800,  0, 90,0
81422,2007-02-20 22:01:47,121.405600,31.229000, 28, 90,0
81422,2007-02-20 22:02:03,121.406100,31.227600, 46, 90,0
81422,2007-02-20 22:02:19,121.406100,31.225500, 64, 90,0
81422,2007-02-20 22:02:35,121.405800,31.222600, 78, 90,0
81422,2007-02-20 22:02:51,121.405800,31.220100, 60, 90,0
81422,2007-02-20 22:03:07,121.406000,31.218600, 38, 90,0
81422,2007-02-20 22:03:23,121.406100,31.218100, 12, 67,0
81422,2007-02-20 22:04:23,121.405800,31.219100,  0, 67,0
81422,2007-02-20 22:05:25,121.407000,31.218800, 40, 45,0
81422,2007-02-20 22:06:13,121.413500,31.220000, 56, 45,0
81422,2007-02-20 22:06:28,121.415600,31.220500, 40, 45,0
81422,2007-02-20 22:07:30,121.416600,31.220500,  0, 45,0
81422,2007-02-20 22:08:07,121.416800,31.219600, 38, 90,0
81422,2007-02-20 22:08:22,121.417300,31.218600, 26, 45,0
81422,2007-02-20 22:08:55,121.420800,31.218800, 34, 45,0
81422,2007-02-20 22:09:11,121.422500,31.219000, 44, 45,0
81422,2007-02-20 22:09:29,121.424300,31.219300, 28, 45,0
81422,2007-02-20 22:09:47,121.425300,31.219300, 26, 45,0
81422,2007-02-20 22:10:07,121.426500,31.219500, 10, 45,0
81422,2007-02-20 22:11:08,121.426500,31.219500,  0, 45,0
81422,2007-02-20 22:11:37,121.427600,31.219800, 32, 45,0
81422,2007-02-20 22:11:53,121.429000,31.220000, 30, 45,0
81422,2007-02-20 22:12:25,121.431800,31.220300, 36, 22,0
81422,2007-02-20 22:12:41,121.432000,31.221100, 34,  0,0
81422,2007-02-20 22:12:57,121.431600,31.222500, 24,  0,0
81422,2007-02-20 22:13:14,121.432500,31.222800, 42, 22,0
81422,2007-02-20 22:13:45,121.435500,31.223800, 28, 22,0
81422,2007-02-20 22:14:01,121.436600,31.224500, 42, 22,0
81422,2007-02-20 22:14:39,121.437100,31.224800,  6, 22,1
81422,2007-02-20 22:15:40,121.438100,31.223500,  0, 67,1
81422,2007-02-20 22:16:41,121.438500,31.222300, 10, 90,1
81422,2007-02-20 22:17:42,121.438800,31.220300, 38, 90,1
81422,2007-02-20 22:18:43,121.440100,31.216500, 28, 67,1
81422,2007-02-20 22:19:43,121.440600,31.215300, 32, 90,1
81422,2007-02-20 22:20:40,121.441800,31.212600,  0, 67,0
81422,2007-02-20 22:20:55,121.441800,31.212600,  0, 67,0
81422,2007-02-20 22:21:40,121.442800,31.212100, 36, 45,0
81422,2007-02-20 22:21:55,121.443800,31.212800, 42, 22,0
81422,2007-02-20 22:22:12,121.444600,31.213800, 12, 22,0
81422,2007-02-20 22:23:13,121.445000,31.214000,  0, 22,0
81422,2007-02-20 22:23:54,121.445000,31.215000, 32,157,0
81422,2007-02-20 22:24:10,121.444100,31.216500, 48,  0,0
81422,2007-02-20 22:24:25,121.443600,31.217500,  4,  0,0
81422,2007-02-20 22:25:10,121.443300,31.218600, 38,157,0
81422,2007-02-20 22:25:25,121.442300,31.219800, 44,157,0
81422,2007-02-20 22:25:42,121.441300,31.221300, 46,  0,0
81422,2007-02-20 22:25:59,121.441100,31.222300,  6,  0,0
81422,2007-02-20 22:27:00,121.441100,31.222300,  0,  0,0
81422,2007-02-20 22:27:50,121.441000,31.223300, 40,  0,0
81422,2007-02-20 22:28:07,121.441000,31.224500, 28, 22,0
81422,2007-02-20 22:28:38,121.443500,31.225800, 46, 22,0
81422,2007-02-20 22:28:54,121.445300,31.226800, 54, 45,0
81422,2007-02-20 22:29:09,121.447100,31.227600, 60, 22,0
81422,2007-02-20 22:29:26,121.449000,31.228800, 34, 22,0
81422,2007-02-20 22:30:08,121.450000,31.229100, 30, 45,0
81422,2007-02-20 22:30:34,121.451100,31.229300, 18, 22,0
81422,2007-02-20 22:30:54,121.452000,31.230100, 14,157,0
81422,2007-02-20 22:31:47,121.451100,31.231100, 26,157,0
81422,2007-02-20 22:32:52,121.455800,31.234100, 30, 22,0
81422,2007-02-20 22:33:24,121.456800,31.234600, 28, 22,0
81422,2007-02-20 22:33:41,121.458300,31.235100, 26, 45,0
81422,2007-02-20 22:34:16,121.459500,31.235500, 24, 45,0
81422,2007-02-20 22:34:32,121.460800,31.236000, 26, 22,0
81422,2007-02-20 22:34:57,121.461600,31.235600, 24, 90,0
81422,2007-02-20 22:35:12,121.462300,31.234500, 34, 67,0
81422,2007-02-20 22:36:13,121.462500,31.234300,  0, 67,0
81422,2007-02-20 22:37:14,121.462600,31.232500,  0, 67,0
81422,2007-02-20 22:37:44,121.465800,31.232600, 16, 45,0
81422,2007-02-20 22:38:01,121.466500,31.234100, 40, 22,0
81422,2007-02-20 22:38:17,121.467300,31.235000, 16, 22,0
81422,2007-02-20 22:38:37,121.468300,31.235100, 28, 45,0
81422,2007-02-20 22:38:53,121.469500,31.235300, 12, 45,0
81422,2007-02-20 22:39:54,121.470600,31.235600, 24, 45,0
81422,2007-02-20 22:40:09,121.471800,31.235800, 28, 45,0
81422,2007-02-20 22:40:26,121.473100,31.236000, 28, 45,0
81422,2007-02-20 22:40:42,121.474600,31.236300, 30, 22,0
81422,2007-02-20 22:41:39,121.475800,31.236600,  4, 22,0
81422,2007-02-20 22:42:39,121.475800,31.237300,  0,157,0
81422,2007-02-20 22:43:34,121.475500,31.238600, 28,  0,0
81422,2007-02-20 22:43:51,121.474300,31.238600, 26,135,0
81422,2007-02-20 22:44:14,121.473300,31.238300, 12,112,0
81422,2007-02-20 22:45:16,121.473300,31.237600,  6, 90,0
81422,2007-02-20 22:46:17,121.473800,31.237300, 10, 67,0
81422,2007-02-20 22:46:47,121.474500,31.236500, 18,135,0
81422,2007-02-20 22:47:14,121.473100,31.236300, 10,135,0
81422,2007-02-20 22:48:14,121.471800,31.236000, 20,135,0
81422,2007-02-20 22:49:16,121.470500,31.235800,  0,135,0
81422,2007-02-20 22:50:03,121.469300,31.235600, 36,135,0
81422,2007-02-20 22:50:19,121.468000,31.235300,  6,135,0
81422,2007-02-20 22:50:48,121.466800,31.235300, 16,157,0
81422,2007-02-20 22:51:28,121.466100,31.236300, 12,157,0
81422,2007-02-20 22:51:53,121.465600,31.237100, 16,157,0
81422,2007-02-20 22:52:54,121.465500,31.237500,  0,157,0
81422,2007-02-20 22:53:36,121.464500,31.237600, 24,112,0
81422,2007-02-20 22:54:04,121.463300,31.237100, 28,135,0
81422,2007-02-20 22:54:19,121.462100,31.236800, 12,135,0
81422,2007-02-20 22:54:52,121.461100,31.236300, 36,112,0
81422,2007-02-20 22:55:08,121.459800,31.236000,  8,135,0
81422,2007-02-20 22:55:34,121.458600,31.235600, 30,112,0
81422,2007-02-20 22:55:51,121.457300,31.235000, 24,112,0
81422,2007-02-20 22:56:52,121.456100,31.234600, 32,112,0
81422,2007-02-20 22:57:08,121.454600,31.233800, 34,112,0
81422,2007-02-20 22:58:06,121.453600,31.233300, 30,112,0
81422,2007-02-20 22:58:22,121.451800,31.232600, 50,112,0
81422,2007-02-20 22:58:38,121.450000,31.232000, 40,135,0
81422,2007-02-20 22:58:54,121.448300,31.231500, 42,135,0
81422,2007-02-20 22:59:09,121.446300,31.230800, 50,112,0
81422,2007-02-20 22:59:26,121.444600,31.230000, 28,112,0
81422,2007-02-20 22:59:44,121.444800,31.229000, 28, 67,0
81422,2007-02-20 23:00:46,121.445100,31.228500,  0,112,0
81422,2007-02-20 23:01:47,121.445000,31.228500,  0,112,0
81422,2007-02-20 23:02:48,121.445100,31.228500,  0,112,0
81422,2007-02-20 23:04:49,121.445300,31.228500,  0,112,0
81422,2007-02-20 23:05:51,121.445100,31.228600,  0,  0,0
81422,2007-02-20 23:06:52,121.445100,31.228800,  0,  0,0
81422,2007-02-20 23:07:53,121.445000,31.228500,  0,135,0
81422,2007-02-20 23:08:54,121.445000,31.228500,  0, 90,0
81422,2007-02-20 23:09:54,121.445000,31.228500,  0, 67,0
81422,2007-02-20 23:10:56,121.446500,31.228800,  0, 22,0
81422,2007-02-20 23:11:57,121.445600,31.228300,  0,112,0
81422,2007-02-20 23:12:58,121.445300,31.228000,  0, 22,0
81422,2007-02-20 23:13:58,121.445300,31.228000,  0, 22,0
81422,2007-02-20 23:14:59,121.444600,31.227500,  0,112,0
81422,2007-02-20 23:16:01,121.445100,31.228500,  0,112,0
81422,2007-02-20 23:17:02,121.445500,31.229000,  0,  0,0
81422,2007-02-20 23:18:03,121.445800,31.229000,  0,  0,0
81422,2007-02-20 23:19:04,121.445800,31.228800,  0,112,0
81422,2007-02-20 23:20:04,121.445800,31.228800,  0,112,0
81422,2007-02-20 23:22:07,121.445800,31.228800,  0,112,0
81422,2007-02-20 23:23:08,121.445800,31.228800,  0,112,0
81422,2007-02-20 23:24:09,121.445800,31.228800,  0,112,0
81422,2007-02-20 23:25:09,121.445600,31.228800, 12,112,0
81422,2007-02-20 23:26:11,121.444800,31.228300,  0,112,0
81422,2007-02-20 23:27:12,121.445000,31.228000,  0,112,0
81422,2007-02-20 23:29:14,121.445300,31.228100,  0, 22,0
81422,2007-02-20 23:31:16,121.445500,31.228500,  0, 22,0
81422,2007-02-20 23:33:18,121.445500,31.228500,  0, 22,0
81422,2007-02-20 23:35:19,121.445600,31.228500,  0, 22,0
81422,2007-02-20 23:36:21,121.445600,31.228300,  0, 90,0
81422,2007-02-20 23:37:22,121.445600,31.228300,  0, 90,0
81422,2007-02-20 23:38:23,121.445600,31.228300,  0, 90,0
81422,2007-02-20 23:39:24,121.445600,31.228500,  0, 90,0
81422,2007-02-20 23:40:24,121.445600,31.228500,  0, 90,0
81422,2007-02-20 23:41:17,121.445500,31.228300,  2, 67,1
81422,2007-02-20 23:42:18,121.444000,31.226500,  6,112,1
81422,2007-02-20 23:43:19,121.442500,31.228500, 36,  0,1
81422,2007-02-20 23:44:19,121.439000,31.229100, 40,157,1
81422,2007-02-20 23:45:21,121.438300,31.231800,  0, 22,1
81422,2007-02-20 23:46:22,121.438000,31.231500,  0, 22,1
81422,2007-02-20 23:47:23,121.438000,31.231500,  0, 22,1
81422,2007-02-20 23:48:14,121.438000,31.231500,  0, 22,0
81422,2007-02-20 23:49:04,121.439000,31.232300, 38, 45,0
81422,2007-02-20 23:49:41,121.441600,31.231300, 24, 67,0
81422,2007-02-20 23:50:03,121.442000,31.230600, 24, 90,0
81422,2007-02-20 23:50:19,121.442100,31.229500, 32, 90,0
81422,2007-02-20 23:50:57,121.443000,31.229100, 28, 22,0
81422,2007-02-20 23:51:12,121.444100,31.229600, 30, 22,0
81422,2007-02-20 23:52:34,121.445000,31.228800,  0, 67,0
81422,2007-02-20 23:53:34,121.442500,31.230500,  0,157,0
81422,2007-02-20 23:54:36,121.445000,31.228000,  0,157,0
81422,2007-02-20 23:55:37,121.445000,31.228100,  0,157,0
81422,2007-02-20 23:56:38,121.445000,31.228100,  0,157,0
81422,2007-02-20 23:57:39,121.444800,31.228000,  0,157,0
81422,2007-02-20 23:57:48,121.444800,31.228000,  8, 90,1
81422,2007-02-20 23:58:49,121.446100,31.225500, 26, 67,1
81422,2007-02-20 23:59:49,121.444100,31.223500, 32,112,1
