87382,2007-02-20 00:00:25,121.514500,31.218000,  0,157,0
87382,2007-02-20 00:01:26,121.514100,31.218000,  0,157,0
87382,2007-02-20 00:02:27,121.514100,31.218000,  0,157,0
87382,2007-02-20 00:03:28,121.512500,31.212600, 26,112,0
87382,2007-02-20 00:04:29,121.511600,31.212600,  0, 67,0
87382,2007-02-20 00:05:30,121.511600,31.212600,  0, 45,0
87382,2007-02-20 00:06:31,121.511600,31.212600,  0, 45,0
87382,2007-02-20 00:07:32,121.511800,31.212600,  0, 45,0
87382,2007-02-20 00:08:33,121.511800,31.212600,  0, 45,0
87382,2007-02-20 00:09:34,121.511800,31.212600,  0, 45,0
87382,2007-02-20 00:10:35,121.511800,31.212600,  0, 45,0
87382,2007-02-20 00:11:36,121.511800,31.212600,  0, 45,0
87382,2007-02-20 00:12:37,121.511800,31.212600,  0, 45,0
87382,2007-02-20 00:13:38,121.511800,31.212600,  0, 45,0
87382,2007-02-20 00:14:39,121.511800,31.212600,  0, 45,0
87382,2007-02-20 00:15:40,121.511800,31.212600,  0, 45,0
87382,2007-02-20 00:16:41,121.511800,31.212600,  0, 45,0
87382,2007-02-20 00:17:42,121.511800,31.212600,  0, 45,0
87382,2007-02-20 00:18:43,121.511800,31.212600,  0, 45,0
87382,2007-02-20 00:19:44,121.510600,31.213000, 38,135,0
87382,2007-02-20 00:20:36,121.510500,31.216100, 16, 90,1
87382,2007-02-20 00:21:37,121.511600,31.211100, 56,112,1
87382,2007-02-20 00:22:38,121.511500,31.204100, 66,135,1
87382,2007-02-20 00:23:39,121.497500,31.208600, 78,135,1
87382,2007-02-20 00:25:46,121.491500,31.208100,  4,135,1
87382,2007-02-20 00:26:47,121.485600,31.205300, 70,112,1
87382,2007-02-20 00:27:48,121.485000,31.203600, 34,112,1
87382,2007-02-20 00:28:49,121.480300,31.201800, 52,135,1
87382,2007-02-20 00:30:51,121.463100,31.195800,  0,112,1
87382,2007-02-20 00:31:24,121.467500,31.197600,  0,112,0
87382,2007-02-20 00:33:25,121.465100,31.197100, 40,  0,0
87382,2007-02-20 00:34:26,121.463500,31.202800, 36,  0,0
87382,2007-02-20 00:35:27,121.470600,31.204600, 20, 67,0
87382,2007-02-20 00:36:28,121.474100,31.199000, 36, 45,0
87382,2007-02-20 00:37:29,121.484300,31.202800, 58, 45,0
87382,2007-02-20 00:38:30,121.486800,31.204100, 48, 22,0
87382,2007-02-20 00:39:31,121.489500,31.206100,  0, 22,0
87382,2007-02-20 00:41:33,121.496300,31.208800, 60, 67,0
87382,2007-02-20 00:42:34,121.507800,31.204600, 68, 67,0
87382,2007-02-20 00:43:35,121.510000,31.206600, 50,157,0
87382,2007-02-20 00:44:36,121.512500,31.212300,  0,  0,0
87382,2007-02-20 00:45:37,121.510300,31.213100,  0,157,0
87382,2007-02-20 00:46:38,121.510000,31.211600, 30, 90,0
87382,2007-02-20 00:47:39,121.511000,31.213000, 34, 45,0
87382,2007-02-20 00:49:41,121.513000,31.212800, 36, 22,0
87382,2007-02-20 00:50:42,121.518100,31.216300, 30, 22,0
87382,2007-02-20 00:51:43,121.523600,31.216500, 30, 45,0
87382,2007-02-20 00:52:44,121.525000,31.217600, 28,  0,0
87382,2007-02-20 00:53:45,121.524500,31.222000, 60,  0,0
87382,2007-02-20 00:54:46,121.520800,31.227500, 42,135,0
87382,2007-02-20 00:55:47,121.518000,31.230800, 34,  0,0
87382,2007-02-20 00:56:48,121.518800,31.231100,  0, 45,0
87382,2007-02-20 00:57:49,121.518800,31.231100,  0, 45,0
87382,2007-02-20 00:58:50,121.518800,31.231100,  0, 45,0
87382,2007-02-20 00:59:51,121.518800,31.231100,  0, 45,0
87382,2007-02-20 01:01:53,121.518800,31.231100,  0, 45,0
87382,2007-02-20 01:02:54,121.518800,31.231100,  0, 45,0
87382,2007-02-20 01:03:55,121.518800,31.231100,  0, 45,0
87382,2007-02-20 01:04:56,121.518800,31.231100,  0, 45,0
87382,2007-02-20 01:05:57,121.522000,31.228100, 26, 90,0
87382,2007-02-20 01:06:58,121.521000,31.222800, 56, 90,0
87382,2007-02-20 01:07:50,121.523800,31.222500, 20, 45,1
87382,2007-02-20 01:09:51,121.527800,31.211100, 72, 90,1
87382,2007-02-20 01:10:52,121.523100,31.199100, 72, 90,1
87382,2007-02-20 01:11:53,121.524300,31.196100,  6, 45,1
87382,2007-02-20 01:12:54,121.527000,31.194600, 44, 67,1
87382,2007-02-20 01:13:55,121.530000,31.188100, 68, 90,1
87382,2007-02-20 01:14:27,121.532500,31.185300, 52, 45,0
87382,2007-02-20 01:15:27,121.533100,31.185600,  0, 45,0
87382,2007-02-20 01:16:28,121.533100,31.185600,  0, 45,0
87382,2007-02-20 01:17:29,121.539600,31.186800, 18, 45,0
87382,2007-02-20 01:18:30,121.541500,31.187000, 34, 45,0
87382,2007-02-20 01:19:03,121.543100,31.186800, 18, 45,1
87382,2007-02-20 01:20:03,121.550500,31.185300, 24, 45,1
87382,2007-02-20 01:21:04,121.553600,31.182800, 28,135,1
87382,2007-02-20 01:21:10,121.553500,31.182800,  0,135,0
87382,2007-02-20 01:22:10,121.554800,31.183000, 46, 45,0
87382,2007-02-20 01:23:11,121.557300,31.183100,  8, 45,0
87382,2007-02-20 01:24:12,121.558600,31.178000, 56, 90,0
87382,2007-02-20 01:25:13,121.560000,31.175500,  0, 45,0
87382,2007-02-20 01:26:14,121.560000,31.175500,  0, 45,0
87382,2007-02-20 01:27:15,121.560000,31.175500,  0, 45,0
87382,2007-02-20 01:28:16,121.560000,31.175500,  0, 45,0
87382,2007-02-20 01:29:17,121.560000,31.175500,  0, 45,0
87382,2007-02-20 01:30:18,121.560000,31.175500,  0, 45,0
87382,2007-02-20 01:31:19,121.560000,31.175500,  0, 45,0
87382,2007-02-20 01:32:20,121.560000,31.175500,  0, 45,0
87382,2007-02-20 01:33:21,121.560000,31.175500,  0, 45,0
87382,2007-02-20 01:34:22,121.560000,31.175500,  0, 45,0
87382,2007-02-20 01:35:23,121.560000,31.175500,  0, 45,0
87382,2007-02-20 01:36:24,121.560000,31.175500,  0, 45,0
87382,2007-02-20 01:38:26,121.560500,31.174000, 62, 90,0
87382,2007-02-20 01:39:27,121.564100,31.165600, 40, 90,0
87382,2007-02-20 01:40:28,121.566600,31.162600, 48, 90,0
87382,2007-02-20 01:41:29,121.568100,31.157800,  8, 90,0
87382,2007-02-20 01:41:40,121.568100,31.157600, 24, 90,1
87382,2007-02-20 01:42:40,121.565800,31.152500, 80, 90,1
87382,2007-02-20 01:43:41,121.562600,31.150800,  0,135,1
87382,2007-02-20 01:44:42,121.561600,31.150500, 52,135,1
87382,2007-02-20 01:48:46,121.533000,31.155100, 36,157,1
87382,2007-02-20 01:49:47,121.531300,31.161500,  8, 67,1
87382,2007-02-20 01:50:09,121.532100,31.161500,  0, 22,0
87382,2007-02-20 01:51:09,121.531500,31.161100, 18,157,0
87382,2007-02-20 01:52:10,121.532800,31.164100, 68,157,0
87382,2007-02-20 01:53:11,121.533000,31.169600, 76,157,0
87382,2007-02-20 01:54:12,121.533300,31.173000,  0, 45,0
87382,2007-02-20 01:54:28,121.533300,31.173000, 18,112,1
87382,2007-02-20 01:55:28,121.529500,31.169500, 32,112,1
87382,2007-02-20 01:56:29,121.525000,31.166800, 70, 67,1
87382,2007-02-20 01:57:30,121.520800,31.162000, 78,135,1
87382,2007-02-20 01:58:31,121.524600,31.153500, 98, 67,1
87382,2007-02-20 01:59:32,121.521500,31.151600, 54,157,1
87382,2007-02-20 02:00:04,121.517600,31.151800,  0,112,0
87382,2007-02-20 02:01:04,121.522600,31.150000, 20, 67,0
87382,2007-02-20 02:02:05,121.525300,31.145800,  0, 67,0
87382,2007-02-20 02:03:06,121.532600,31.147300, 24, 45,0
87382,2007-02-20 02:04:07,121.540500,31.145800, 38, 22,0
87382,2007-02-20 02:05:08,121.550600,31.147500, 64, 45,0
87382,2007-02-20 02:06:09,121.560500,31.150000, 58, 22,0
87382,2007-02-20 02:07:10,121.562100,31.150500,  0, 45,0
87382,2007-02-20 02:08:11,121.566000,31.152100, 46,  0,0
87382,2007-02-20 02:09:12,121.564800,31.155300,  0, 90,0
87382,2007-02-20 02:11:14,121.562600,31.150800,  0,135,0
87382,2007-02-20 02:12:15,121.564600,31.146500, 58, 45,0
87382,2007-02-20 02:13:16,121.578300,31.148000, 96, 45,0
87382,2007-02-20 02:14:17,121.593500,31.149800, 86, 45,0
87382,2007-02-20 02:15:18,121.608600,31.153800,102, 45,0
87382,2007-02-20 02:16:19,121.626100,31.156100,112, 45,0
87382,2007-02-20 02:17:20,121.642100,31.157000, 98, 45,0
87382,2007-02-20 02:18:21,121.656800,31.158100, 80, 45,0
87382,2007-02-20 02:19:22,121.669800,31.161600, 78, 45,0
87382,2007-02-20 02:20:24,121.682600,31.166100, 72, 45,0
87382,2007-02-20 02:21:25,121.687500,31.159300, 70, 90,0
87382,2007-02-20 02:22:25,121.688600,31.148300, 80, 90,0
87382,2007-02-20 02:23:26,121.689800,31.137500, 82, 90,0
87382,2007-02-20 02:24:27,121.692800,31.126600, 88, 90,0
87382,2007-02-20 02:25:28,121.698000,31.115800, 80, 67,0
87382,2007-02-20 02:26:29,121.702100,31.105100, 82, 90,0
87382,2007-02-20 02:27:30,121.705100,31.095000,  0, 90,0
87382,2007-02-20 02:28:31,121.705600,31.089300, 76, 90,0
87382,2007-02-20 02:29:33,121.707500,31.079000, 80, 90,0
87382,2007-02-20 02:31:34,121.709100,31.063100, 88, 90,0
87382,2007-02-20 02:32:35,121.710000,31.052300, 38, 90,0
87382,2007-02-20 02:33:36,121.710100,31.042500, 68, 90,0
87382,2007-02-20 02:34:37,121.710300,31.036500, 58, 90,0
87382,2007-02-20 02:35:38,121.710000,31.027300, 66, 90,0
87382,2007-02-20 02:36:39,121.709000,31.016800, 82, 90,0
87382,2007-02-20 02:37:40,121.708800,31.005800, 86, 90,0
87382,2007-02-20 02:38:41,121.708600,30.995000, 68, 90,0
87382,2007-02-20 02:39:43,121.710600,30.987000, 58, 90,0
87382,2007-02-20 02:40:43,121.717500,30.977800, 78, 67,0
87382,2007-02-20 02:41:45,121.725800,30.971500, 54, 67,0
87382,2007-02-20 02:42:45,121.731300,30.968100, 42,112,0
87382,2007-02-20 02:43:46,121.727000,30.959600, 78,112,0
87382,2007-02-20 02:44:48,121.725800,30.950000, 66, 90,0
87382,2007-02-20 02:45:49,121.725300,30.946000,  0, 90,0
87382,2007-02-20 02:46:50,121.725300,30.946000,  0, 90,0
87382,2007-02-20 02:47:50,121.724500,30.943000, 58, 90,0
87382,2007-02-20 02:48:52,121.725800,30.934500, 54, 67,0
87382,2007-02-20 02:49:53,121.729300,30.927000, 38, 90,0
87382,2007-02-20 02:50:54,121.731600,30.919300, 66, 90,0
87382,2007-02-20 02:51:55,121.733100,30.911000, 56, 90,0
87382,2007-02-20 02:52:55,121.740100,30.909000, 52, 45,0
87382,2007-02-20 02:53:57,121.747800,30.909000, 52, 45,0
87382,2007-02-20 02:54:58,121.756000,30.909600, 50, 45,0
87382,2007-02-20 02:58:00,121.777100,30.910100, 36, 45,0
87382,2007-02-20 03:00:02,121.779300,30.910300,  0, 90,0
87382,2007-02-20 03:01:03,121.779300,30.910300,  0, 90,0
87382,2007-02-20 03:02:04,121.779300,30.910300,  0, 90,0
87382,2007-02-20 03:03:04,121.779300,30.910300,  0, 90,0
87382,2007-02-20 03:04:06,121.779300,30.910300,  0, 90,0
87382,2007-02-20 03:05:07,121.779300,30.910300,  0, 90,0
87382,2007-02-20 03:06:08,121.779300,30.910300,  0, 90,0
87382,2007-02-20 03:07:09,121.779300,30.910300,  0, 90,0
87382,2007-02-20 03:08:09,121.779300,30.910300,  0, 90,0
87382,2007-02-20 03:09:11,121.779300,30.910300,  0, 90,0
87382,2007-02-20 03:11:13,121.779300,30.910300,  0, 90,0
87382,2007-02-20 03:12:14,121.779300,30.910300,  0, 90,0
87382,2007-02-20 03:13:14,121.779300,30.910300,  0, 90,0
87382,2007-02-20 03:14:16,121.779300,30.910300,  0, 90,0
87382,2007-02-20 03:15:17,121.779300,30.910300,  0, 90,0
87382,2007-02-20 03:18:19,121.779300,30.910300,  0, 90,0
87382,2007-02-20 03:19:21,121.779300,30.910300,  0, 90,0
87382,2007-02-20 03:20:22,121.779300,30.910300,  0, 90,0
87382,2007-02-20 03:21:23,121.779300,30.910300,  0, 90,0
87382,2007-02-20 03:22:24,121.779300,30.910300,  0, 90,0
87382,2007-02-20 03:23:24,121.779300,30.910300,  0, 90,0
87382,2007-02-20 03:24:26,121.779300,30.910300,  0, 90,0
87382,2007-02-20 03:25:27,121.779300,30.910300,  0, 90,0
87382,2007-02-20 03:27:29,121.779300,30.910300,  0, 90,0
87382,2007-02-20 03:28:29,121.779300,30.910300,  0, 90,0
87382,2007-02-20 03:29:31,121.779300,30.910300,  0, 90,0
87382,2007-02-20 03:30:32,121.779300,30.910300,  0, 90,0
87382,2007-02-20 03:31:33,121.779300,30.910300,  0, 90,0
87382,2007-02-20 03:32:34,121.779300,30.910300,  0, 90,0
87382,2007-02-20 03:33:34,121.779300,30.910300,  0, 90,0
87382,2007-02-20 03:34:36,121.779300,30.910300,  0, 90,0
87382,2007-02-20 03:35:37,121.779300,30.910300,  0, 90,0
87382,2007-02-20 03:36:38,121.779300,30.910300,  0, 90,0
87382,2007-02-20 03:37:39,121.779300,30.910300,  0, 90,0
87382,2007-02-20 03:38:39,121.779300,30.910300,  0, 90,0
87382,2007-02-20 03:41:43,121.779300,30.910300,  0, 90,0
87382,2007-02-20 03:42:44,121.779300,30.910300,  0, 90,0
87382,2007-02-20 03:43:44,121.779300,30.910300,  0, 90,0
87382,2007-02-20 03:44:46,121.779300,30.910300,  0, 90,0
87382,2007-02-20 03:45:47,121.779300,30.910300,  0, 90,0
87382,2007-02-20 03:46:48,121.779300,30.910300,  0, 90,0
87382,2007-02-20 03:47:49,121.779300,30.910300,  0, 90,0
87382,2007-02-20 03:48:49,121.779300,30.910300,  0, 90,0
87382,2007-02-20 03:49:51,121.779300,30.910300,  0, 90,0
87382,2007-02-20 03:50:52,121.779300,30.910300,  0, 90,0
87382,2007-02-20 03:51:53,121.779300,30.910300,  0, 90,0
87382,2007-02-20 03:52:54,121.779300,30.910300,  0, 90,0
87382,2007-02-20 03:53:54,121.779300,30.910300,  0, 90,0
87382,2007-02-20 03:54:56,121.779300,30.910300,  0, 90,0
87382,2007-02-20 03:56:58,121.779300,30.910300,  0, 90,0
87382,2007-02-20 03:57:59,121.779300,30.910300,  0, 90,0
87382,2007-02-20 03:58:59,121.779300,30.910300,  0, 90,0
87382,2007-02-20 04:00:01,121.779300,30.910300,  0, 90,0
87382,2007-02-20 04:02:03,121.779300,30.910300,  0, 90,0
87382,2007-02-20 04:03:04,121.779300,30.910300,  0, 90,0
87382,2007-02-20 04:04:04,121.779300,30.910300,  0, 90,0
87382,2007-02-20 04:05:06,121.779300,30.910300,  0, 90,0
87382,2007-02-20 04:06:07,121.779300,30.910300,  0, 90,0
87382,2007-02-20 04:07:08,121.779300,30.910300,  0, 90,0
87382,2007-02-20 04:08:09,121.779300,30.910300,  0, 90,0
87382,2007-02-20 04:09:09,121.779300,30.910300,  0, 90,0
87382,2007-02-20 04:10:11,121.779300,30.910300,  0, 90,0
87382,2007-02-20 04:11:12,121.779300,30.910300,  0, 90,0
87382,2007-02-20 04:12:13,121.779300,30.910300,  0, 90,0
87382,2007-02-20 04:13:14,121.779300,30.910300,  0, 90,0
87382,2007-02-20 04:14:14,121.779300,30.910300,  0, 90,0
87382,2007-02-20 04:15:16,121.779300,30.910300,  0, 90,0
87382,2007-02-20 04:16:17,121.779300,30.910300,  0, 90,0
87382,2007-02-20 04:17:18,121.779300,30.910300,  0, 90,0
87382,2007-02-20 04:18:19,121.779300,30.910300,  0, 90,0
87382,2007-02-20 04:19:19,121.779300,30.910300,  0, 90,0
87382,2007-02-20 04:20:21,121.779300,30.910300,  0, 90,0
87382,2007-02-20 04:21:22,121.779300,30.910300,  0, 90,0
87382,2007-02-20 04:22:23,121.779300,30.910300,  0, 90,0
87382,2007-02-20 04:23:24,121.779300,30.910300,  0, 90,0
87382,2007-02-20 04:24:24,121.779300,30.910300,  0, 90,0
87382,2007-02-20 04:26:27,121.779300,30.910300,  0, 90,0
87382,2007-02-20 04:27:28,121.779300,30.910300,  0, 90,0
87382,2007-02-20 04:28:29,121.779300,30.910300,  0, 90,0
87382,2007-02-20 04:29:29,121.779300,30.910300,  0, 90,0
87382,2007-02-20 04:30:31,121.779300,30.910300,  0, 90,0
87382,2007-02-20 04:31:32,121.779300,30.910300,  0, 90,0
87382,2007-02-20 04:32:33,121.779300,30.910300,  0, 90,0
87382,2007-02-20 04:33:34,121.779300,30.910300,  0, 90,0
87382,2007-02-20 04:34:34,121.779300,30.910300,  0, 90,0
87382,2007-02-20 04:35:36,121.779300,30.910300,  0, 90,0
87382,2007-02-20 04:36:37,121.779300,30.910300,  0, 90,0
87382,2007-02-20 04:37:38,121.779300,30.910300,  0, 90,0
87382,2007-02-20 04:39:39,121.779300,30.910300,  0, 90,0
87382,2007-02-20 04:40:41,121.779300,30.910300,  0, 90,0
87382,2007-02-20 04:41:42,121.779300,30.910300,  0, 90,0
87382,2007-02-20 04:43:44,121.779300,30.910300,  0, 90,0
87382,2007-02-20 04:44:44,121.779300,30.910300,  0, 90,0
87382,2007-02-20 04:45:46,121.779300,30.910300,  0, 90,0
87382,2007-02-20 04:46:47,121.779300,30.910300,  0, 90,0
87382,2007-02-20 04:47:48,121.779300,30.910300,  0, 90,0
87382,2007-02-20 04:48:49,121.779300,30.910300,  0, 90,0
87382,2007-02-20 04:49:49,121.779300,30.910300,  0, 90,0
87382,2007-02-20 04:50:51,121.779300,30.910300,  0, 90,0
87382,2007-02-20 04:51:52,121.779300,30.910300,  0, 90,0
87382,2007-02-20 04:52:53,121.779300,30.910300,  0, 90,0
87382,2007-02-20 04:53:54,121.779300,30.910300,  0, 90,0
87382,2007-02-20 04:54:54,121.779300,30.910300,  0, 90,0
87382,2007-02-20 04:55:56,121.779300,30.910300,  0, 90,0
87382,2007-02-20 04:56:57,121.779300,30.910300,  0, 90,0
87382,2007-02-20 04:57:58,121.779300,30.910300,  0, 90,0
87382,2007-02-20 04:58:59,121.779300,30.910300,  0, 90,0
87382,2007-02-20 05:00:25,121.779300,30.910300,  0, 90,0
87382,2007-02-20 05:01:26,121.779300,30.910300,  0, 90,0
87382,2007-02-20 05:02:27,121.779300,30.910300,  0, 90,0
87382,2007-02-20 05:03:28,121.779300,30.910300,  0, 90,0
87382,2007-02-20 05:04:29,121.779300,30.910300,  0, 90,0
87382,2007-02-20 05:05:30,121.779300,30.910300,  0, 90,0
87382,2007-02-20 05:07:32,121.779300,30.910300,  0, 90,0
87382,2007-02-20 05:09:34,121.779300,30.910300,  0, 90,0
87382,2007-02-20 05:10:35,121.779300,30.910300,  0, 90,0
87382,2007-02-20 05:11:36,121.779300,30.910300,  0, 90,0
87382,2007-02-20 05:12:37,121.779300,30.910300,  0, 90,0
87382,2007-02-20 05:13:38,121.779300,30.910300,  0, 90,0
87382,2007-02-20 05:14:39,121.779300,30.910300,  0, 90,0
87382,2007-02-20 05:15:40,121.779300,30.910300,  0, 90,0
87382,2007-02-20 05:16:41,121.779300,30.910300,  0, 90,0
87382,2007-02-20 05:17:42,121.779300,30.910300,  0, 90,0
87382,2007-02-20 05:18:43,121.779300,30.910300,  0, 90,0
87382,2007-02-20 05:19:44,121.779300,30.910300,  0, 90,0
87382,2007-02-20 05:20:45,121.779300,30.910300,  0, 90,0
87382,2007-02-20 05:21:46,121.779300,30.910300,  0, 45,0
87382,2007-02-20 05:22:47,121.779300,30.910300,  0, 45,0
87382,2007-02-20 05:23:48,121.779300,30.910300,  0, 45,0
87382,2007-02-20 05:24:49,121.779300,30.910300,  0, 45,0
87382,2007-02-20 05:25:50,121.779300,30.910300,  0, 45,0
87382,2007-02-20 05:26:51,121.785600,30.910300, 48, 45,0
87382,2007-02-20 05:27:52,121.793300,30.910500, 66,  0,0
87382,2007-02-20 05:28:53,121.796000,30.921600, 86,  0,0
87382,2007-02-20 05:29:54,121.797100,30.932600, 42,157,0
87382,2007-02-20 05:30:55,121.784600,30.940600, 98,157,0
87382,2007-02-20 05:32:57,121.757100,30.956500, 10,157,0
87382,2007-02-20 05:33:58,121.747100,30.961500,116,157,0
87382,2007-02-20 05:34:59,121.734100,30.967500, 50,157,0
87382,2007-02-20 05:36:00,121.725300,30.972000, 48,157,0
87382,2007-02-20 05:37:01,121.716500,30.978800, 80,157,0
87382,2007-02-20 05:39:03,121.708800,30.994000, 62,  0,0
87382,2007-02-20 05:40:04,121.709000,31.005300, 84,  0,0
87382,2007-02-20 05:41:05,121.709100,31.015800, 90,  0,0
87382,2007-02-20 05:42:06,121.710000,31.027100, 76,  0,0
87382,2007-02-20 05:43:07,121.710500,31.036600, 42,  0,0
87382,2007-02-20 05:44:08,121.704600,31.039600, 84,135,0
87382,2007-02-20 05:46:10,121.678500,31.037000, 78,135,0
87382,2007-02-20 05:47:11,121.665100,31.034800, 86,135,0
87382,2007-02-20 05:48:12,121.651800,31.032300, 80,135,0
87382,2007-02-20 05:49:13,121.642600,31.031000, 58,135,0
87382,2007-02-20 05:50:14,121.638100,31.029600, 36,135,0
87382,2007-02-20 05:52:16,121.612000,31.029300, 84,135,0
87382,2007-02-20 05:53:17,121.597800,31.027600, 80,135,0
87382,2007-02-20 05:54:18,121.593100,31.035800, 82,  0,0
87382,2007-02-20 05:55:19,121.588000,31.047800, 90,157,0
87382,2007-02-20 05:56:20,121.585000,31.054600, 72,  0,0
87382,2007-02-20 05:57:21,121.583000,31.066500, 90,  0,0
87382,2007-02-20 05:58:22,121.581500,31.076300, 70,  0,0
87382,2007-02-20 05:59:23,121.579800,31.087300, 80,  0,0
87382,2007-02-20 06:00:24,121.577600,31.096100, 58,  0,0
87382,2007-02-20 06:02:26,121.576800,31.109000, 78,  0,0
87382,2007-02-20 06:03:27,121.574100,31.117300, 50, 45,0
87382,2007-02-20 06:04:28,121.578600,31.117100, 56, 45,0
87382,2007-02-20 06:05:29,121.581500,31.120600, 56,  0,0
87382,2007-02-20 06:06:30,121.580500,31.123300,  0,  0,0
87382,2007-02-20 06:07:31,121.580500,31.123300,  0,  0,0
87382,2007-02-20 06:08:32,121.579800,31.125100, 28,  0,0
87382,2007-02-20 06:09:33,121.575600,31.122000, 68,112,0
87382,2007-02-20 06:10:34,121.567100,31.120300, 58,135,0
87382,2007-02-20 06:11:35,121.563000,31.119600,  0,135,0
87382,2007-02-20 06:12:36,121.558000,31.120600, 76,135,0
87382,2007-02-20 06:14:38,121.538800,31.126100, 86,  0,0
87382,2007-02-20 06:15:39,121.534500,31.136300, 86,157,0
87382,2007-02-20 06:16:40,121.529100,31.146300, 18,  0,0
87382,2007-02-20 06:16:58,121.529100,31.146600, 24,157,1
87382,2007-02-20 06:17:58,121.525500,31.152500, 86,157,1
87382,2007-02-20 06:18:59,121.521300,31.158600,  0,157,1
87382,2007-02-20 06:20:00,121.517300,31.165600, 46,  0,1
87382,2007-02-20 06:20:49,121.520800,31.167000,  0, 22,0
87382,2007-02-20 06:21:49,121.523800,31.168000,  6, 22,0
87382,2007-02-20 06:22:50,121.529100,31.169500, 54, 22,0
87382,2007-02-20 06:23:51,121.529600,31.170000, 36,157,1
87382,2007-02-20 06:25:52,121.539800,31.170600, 48, 22,1
87382,2007-02-20 06:26:53,121.544300,31.174000, 22, 22,1
87382,2007-02-20 06:27:07,121.545100,31.174100,  0, 45,0
87382,2007-02-20 06:28:07,121.545000,31.174100, 18,135,0
87382,2007-02-20 06:30:09,121.537800,31.170300, 32,157,0
87382,2007-02-20 06:32:11,121.529500,31.169600, 26, 90,0
87382,2007-02-20 06:33:12,121.525300,31.168300,  0, 45,0
87382,2007-02-20 06:34:22,121.518500,31.176100, 94,157,1
87382,2007-02-20 06:35:23,121.514600,31.176300,  0,112,1
87382,2007-02-20 06:36:24,121.509300,31.175600, 52,  0,1
87382,2007-02-20 06:37:25,121.505300,31.178600, 54,135,1
87382,2007-02-20 06:38:26,121.495600,31.177100, 52,135,1
87382,2007-02-20 06:39:27,121.491000,31.176500,  0,135,1
87382,2007-02-20 06:40:45,121.488300,31.176000, 28,135,0
87382,2007-02-20 06:41:46,121.483100,31.177500, 48, 22,0
87382,2007-02-20 06:43:48,121.497000,31.185100,  4, 22,0
87382,2007-02-20 06:44:49,121.500800,31.191800, 12, 22,0
87382,2007-02-20 06:45:50,121.503300,31.196800,  0,  0,0
87382,2007-02-20 06:46:51,121.503500,31.196600, 10, 90,0
87382,2007-02-20 06:47:52,121.501000,31.192100, 46,112,0
87382,2007-02-20 06:50:12,121.493100,31.181500, 28,112,0
87382,2007-02-20 06:51:13,121.490100,31.180300,  0,135,0
87382,2007-02-20 06:52:14,121.483000,31.177500, 82,112,0
87382,2007-02-20 06:53:15,121.480100,31.176000,  0,135,0
87382,2007-02-20 06:54:16,121.475500,31.173100, 54, 22,0
87382,2007-02-20 06:57:29,121.477600,31.178300,114, 22,1
87382,2007-02-20 06:58:30,121.477100,31.189500, 82,  0,1
87382,2007-02-20 06:59:31,121.473100,31.199600, 42,157,1
87382,2007-02-20 07:00:32,121.463300,31.195600, 84,112,1
87382,2007-02-20 07:01:33,121.452000,31.188800, 68,135,1
87382,2007-02-20 07:02:34,121.444300,31.190000, 28,157,1
87382,2007-02-20 07:03:35,121.444000,31.190800, 48,157,1
87382,2007-02-20 07:04:36,121.437300,31.191300, 12,112,1
87382,2007-02-20 07:08:17,121.434100,31.195500, 30, 22,0
87382,2007-02-20 07:09:18,121.436300,31.195500, 40, 67,0
87382,2007-02-20 07:10:19,121.437500,31.191600, 14, 45,0
87382,2007-02-20 07:11:20,121.445800,31.195100, 60, 22,0
87382,2007-02-20 07:13:22,121.453600,31.198500,  0, 22,0
87382,2007-02-20 07:14:23,121.457500,31.198600, 62, 90,0
87382,2007-02-20 07:15:24,121.462100,31.194500, 46, 22,0
87382,2007-02-20 07:16:25,121.466300,31.196800,  8, 22,0
87382,2007-02-20 07:18:27,121.469600,31.197100,  0, 45,0
87382,2007-02-20 07:19:28,121.469600,31.197100,  0, 45,0
87382,2007-02-20 07:20:29,121.469600,31.197100,  0, 45,0
87382,2007-02-20 07:21:30,121.483500,31.175100, 42, 90,0
87382,2007-02-20 07:23:32,121.491300,31.173100,  6,  0,0
87382,2007-02-20 07:23:58,121.490300,31.173100, 30,135,1
87382,2007-02-20 07:24:59,121.488500,31.173100,  0,135,1
87382,2007-02-20 07:26:00,121.484500,31.172600, 12,135,1
87382,2007-02-20 07:27:01,121.478600,31.173800, 58,  0,1
87382,2007-02-20 07:28:01,121.473600,31.173300, 60,157,1
87382,2007-02-20 07:29:02,121.479500,31.183500, 92,  0,1
87382,2007-02-20 07:30:03,121.475000,31.195000, 78,  0,1
87382,2007-02-20 07:31:04,121.470500,31.205500, 76,  0,1
87382,2007-02-20 07:32:05,121.466000,31.216600, 68,  0,1
87382,2007-02-20 07:33:06,121.463000,31.228000, 86,157,1
87382,2007-02-20 07:34:07,121.460000,31.239300, 90,157,1
87382,2007-02-20 07:35:08,121.459000,31.253100,104,  0,1
87382,2007-02-20 07:36:09,121.456000,31.263000, 58,112,1
87382,2007-02-20 07:37:10,121.444800,31.260300, 32,157,1
87382,2007-02-20 07:38:11,121.441500,31.264800,  0,157,1
87382,2007-02-20 07:39:12,121.441000,31.265500, 58,157,1
87382,2007-02-20 07:40:39,121.435000,31.269300,  4,112,0
87382,2007-02-20 07:41:39,121.435000,31.269300,  0,112,0
87382,2007-02-20 07:42:40,121.438000,31.269100,  0, 67,0
87382,2007-02-20 07:43:15,121.438000,31.269000, 20, 67,1
87382,2007-02-20 07:44:15,121.439500,31.267100, 32, 67,1
87382,2007-02-20 07:45:16,121.440800,31.265300,  0, 67,1
87382,2007-02-20 07:46:17,121.442500,31.263300,  0, 67,1
87382,2007-02-20 07:47:18,121.442600,31.263000, 36, 67,1
87382,2007-02-20 07:48:19,121.450100,31.260800, 64, 45,1
87382,2007-02-20 07:49:20,121.459000,31.256800, 98, 90,1
87382,2007-02-20 07:50:07,121.458100,31.249100, 24, 90,0
87382,2007-02-20 07:51:07,121.459100,31.240500, 24, 67,0
87382,2007-02-20 07:52:08,121.458000,31.246300, 16, 22,0
87382,2007-02-20 07:53:09,121.453500,31.248000, 22,135,0
87382,2007-02-20 07:54:10,121.452800,31.248600,  0, 22,0
87382,2007-02-20 07:55:11,121.452600,31.249100,  0,135,0
87382,2007-02-20 07:56:12,121.452500,31.248000,  0, 90,0
87382,2007-02-20 07:57:13,121.452500,31.248000,  0, 90,0
87382,2007-02-20 07:58:14,121.453300,31.247300, 48, 45,0
87382,2007-02-20 08:00:16,121.463000,31.227300, 78, 67,0
87382,2007-02-20 08:01:17,121.473100,31.230100, 78, 22,0
87382,2007-02-20 08:05:21,121.503100,31.234600, 44, 45,0
87382,2007-02-20 08:06:22,121.509100,31.235000,  0, 45,0
87382,2007-02-20 08:06:41,121.509500,31.234600, 36, 67,1
87382,2007-02-20 08:07:41,121.513300,31.224800, 66, 90,1
87382,2007-02-20 08:08:42,121.514100,31.216800, 48, 90,1
87382,2007-02-20 08:09:43,121.512800,31.213000,  0,112,1
87382,2007-02-20 08:10:44,121.511500,31.210600, 74,112,1
87382,2007-02-20 08:11:45,121.506500,31.200300, 64,112,1
87382,2007-02-20 08:13:38,121.502000,31.203500,  6, 90,0
87382,2007-02-20 08:14:38,121.503000,31.201800,  0, 90,0
87382,2007-02-20 08:15:39,121.503000,31.201800,  0, 90,0
87382,2007-02-20 08:16:40,121.503100,31.201500, 26, 67,0
87382,2007-02-20 08:18:21,121.501100,31.192500, 40,112,0
87382,2007-02-20 08:19:21,121.498500,31.186500, 30, 67,0
87382,2007-02-20 08:20:22,121.500600,31.183500,  0, 90,0
87382,2007-02-20 08:21:23,121.498500,31.180100, 58, 67,0
87382,2007-02-20 08:23:25,121.491500,31.176300,  0,135,0
87382,2007-02-20 08:24:26,121.489500,31.173100, 42,135,0
87382,2007-02-20 08:25:27,121.488300,31.173000, 16,135,0
87382,2007-02-20 08:26:51,121.479600,31.169800, 54, 90,0
87382,2007-02-20 08:28:53,121.476300,31.167800,  0,135,0
87382,2007-02-20 08:29:54,121.476300,31.167800,  6,112,0
87382,2007-02-20 08:30:55,121.480800,31.168800, 28, 45,0
87382,2007-02-20 08:31:56,121.486300,31.169500, 48, 45,0
87382,2007-02-20 08:32:57,121.490500,31.170000, 36, 45,0
87382,2007-02-20 08:33:58,121.492500,31.166500, 40, 90,0
87382,2007-02-20 08:36:00,121.491000,31.159100, 54, 90,0
87382,2007-02-20 08:37:01,121.487100,31.156100, 28,135,0
87382,2007-02-20 08:39:03,121.489300,31.147600, 22,135,0
87382,2007-02-20 08:40:04,121.489500,31.147600,  0, 22,0
87382,2007-02-20 08:41:05,121.491500,31.144800, 40, 90,0
87382,2007-02-20 08:42:06,121.495300,31.144100, 10, 90,0
87382,2007-02-20 08:43:07,121.496800,31.141800, 28, 45,0
87382,2007-02-20 08:44:08,121.503000,31.143800, 22, 22,0
87382,2007-02-20 08:45:09,121.506000,31.144800,  0, 22,0
87382,2007-02-20 08:46:10,121.503500,31.148500, 48,157,0
87382,2007-02-20 08:47:11,121.501100,31.154100, 58, 45,0
87382,2007-02-20 08:49:13,121.502300,31.158500, 30,157,0
87382,2007-02-20 08:50:14,121.498100,31.159600, 46,135,0
87382,2007-02-20 08:53:17,121.494000,31.170600, 32, 45,0
87382,2007-02-20 08:54:18,121.497500,31.173800, 54, 45,0
87382,2007-02-20 08:55:19,121.503600,31.174500, 14,135,0
87382,2007-02-20 08:56:24,121.497000,31.173800, 70,135,1
87382,2007-02-20 08:57:25,121.487000,31.173000, 62,135,1
87382,2007-02-20 08:58:26,121.479000,31.172300, 34,  0,1
87382,2007-02-20 08:59:27,121.478600,31.174300,  0,  0,1
87382,2007-02-20 09:00:28,121.474100,31.173000, 48,157,1
87382,2007-02-20 09:01:29,121.480100,31.182000, 84,  0,1
87382,2007-02-20 09:03:30,121.472000,31.199500, 26,112,1
87382,2007-02-20 09:04:31,121.462000,31.194800, 96,112,1
87382,2007-02-20 09:05:32,121.449000,31.188000, 96,135,1
87382,2007-02-20 09:06:33,121.438100,31.181000, 68,112,1
87382,2007-02-20 09:07:34,121.426800,31.183000, 86,135,1
87382,2007-02-20 09:08:35,121.417300,31.190100, 84,157,1
87382,2007-02-20 09:12:46,121.406000,31.233600, 40,  0,1
87382,2007-02-20 09:13:47,121.404300,31.233100, 50,135,1
87382,2007-02-20 09:14:48,121.398600,31.236600, 42,157,1
87382,2007-02-20 09:15:49,121.395800,31.240100, 30,157,1
87382,2007-02-20 09:16:50,121.394500,31.243800, 42,  0,1
87382,2007-02-20 09:17:11,121.394100,31.245800, 30,  0,0
87382,2007-02-20 09:18:11,121.397300,31.246300,  0, 45,0
87382,2007-02-20 09:19:12,121.402800,31.247000, 40, 45,0
87382,2007-02-20 09:20:13,121.405300,31.247300, 36, 45,0
87382,2007-02-20 09:21:14,121.407100,31.247100,  0, 45,0
87382,2007-02-20 09:22:15,121.412100,31.245100, 56, 67,0
87382,2007-02-20 09:23:16,121.410800,31.240800, 54,112,0
87382,2007-02-20 09:24:17,121.405300,31.231500, 86, 90,0
87382,2007-02-20 09:25:18,121.405800,31.220100, 80, 90,0
87382,2007-02-20 09:26:19,121.407100,31.207300, 96, 90,0
87382,2007-02-20 09:27:20,121.411300,31.198000, 68, 67,0
87382,2007-02-20 09:28:21,121.416000,31.191000, 14,112,0
87382,2007-02-20 09:29:22,121.414100,31.190100, 76,135,0
87382,2007-02-20 09:30:23,121.409000,31.188600,  0,135,0
87382,2007-02-20 09:31:24,121.408800,31.188100, 24, 90,0
87382,2007-02-20 09:32:25,121.409500,31.182600,  0, 90,0
87382,2007-02-20 09:34:27,121.402100,31.174300, 86,135,0
87382,2007-02-20 09:35:28,121.393100,31.172000, 58, 90,0
87382,2007-02-20 09:36:29,121.395500,31.167100,  0, 67,0
87382,2007-02-20 09:37:30,121.395500,31.167100,  0, 67,0
87382,2007-02-20 09:38:31,121.395500,31.167100,  0, 67,0
87382,2007-02-20 09:39:32,121.395500,31.167100,  0, 67,0
87382,2007-02-20 09:40:33,121.395500,31.167100,  0, 67,0
87382,2007-02-20 09:41:34,121.395500,31.167100,  0, 67,0
87382,2007-02-20 09:42:35,121.395500,31.167100,  0, 67,0
87382,2007-02-20 09:43:36,121.395500,31.167100,  0, 67,0
87382,2007-02-20 09:44:37,121.395500,31.167100,  0, 67,0
87382,2007-02-20 09:45:38,121.396600,31.165600, 58, 67,0
87382,2007-02-20 09:46:39,121.397500,31.164100,  0, 67,0
87382,2007-02-20 09:48:41,121.398800,31.164300, 56, 22,0
87382,2007-02-20 09:49:42,121.406600,31.166000, 76, 45,0
87382,2007-02-20 09:50:43,121.409600,31.167000, 38,  0,0
87382,2007-02-20 09:51:44,121.411600,31.172000,  0, 45,0
87382,2007-02-20 09:52:00,121.412000,31.172000, 30, 45,1
87382,2007-02-20 09:53:00,121.411600,31.176000,  0,  0,1
87382,2007-02-20 09:56:03,121.410600,31.181600,  6, 45,1
87382,2007-02-20 09:57:04,121.411000,31.182100,  0, 45,1
87382,2007-02-20 09:57:28,121.411000,31.182100,  0, 45,0
87382,2007-02-20 09:58:29,121.410500,31.181600, 30, 90,0
87382,2007-02-20 09:59:30,121.410100,31.179600, 50, 90,0
87382,2007-02-20 10:00:31,121.411100,31.177100,  0, 67,0
87382,2007-02-20 10:01:32,121.412100,31.174100, 44, 90,0
87382,2007-02-20 10:02:33,121.412600,31.172500,  0, 67,0
87382,2007-02-20 10:03:34,121.415500,31.172600, 24, 45,0
87382,2007-02-20 10:05:36,121.420500,31.174000,  0, 22,0
87382,2007-02-20 10:05:51,121.420600,31.174000, 22, 22,1
87382,2007-02-20 10:06:51,121.424600,31.175500,  0, 45,1
87382,2007-02-20 10:07:52,121.429800,31.176300,  0, 67,1
87382,2007-02-20 10:09:54,121.436300,31.171500, 24, 45,1
87382,2007-02-20 10:10:55,121.440300,31.170600, 48, 90,1
87382,2007-02-20 10:11:56,121.444100,31.161300, 38, 67,1
87382,2007-02-20 10:12:57,121.445100,31.158300, 64, 90,1
87382,2007-02-20 10:13:58,121.445300,31.155500,  0, 90,1
87382,2007-02-20 10:14:59,121.445600,31.150600, 84, 90,1
87382,2007-02-20 10:16:00,121.446000,31.146300,  0, 90,1
87382,2007-02-20 10:17:01,121.446100,31.143500, 78, 90,1
87382,2007-02-20 10:18:02,121.448300,31.137600,  0, 67,1
87382,2007-02-20 10:19:03,121.448500,31.137300, 34, 90,1
87382,2007-02-20 10:21:05,121.452100,31.122100, 46, 90,1
87382,2007-02-20 10:21:35,121.454800,31.122000,  0, 45,0
87382,2007-02-20 10:22:35,121.454600,31.122100, 20,135,0
87382,2007-02-20 10:22:37,121.454500,31.122100, 26,135,1
87382,2007-02-20 10:23:37,121.452000,31.126300, 50,  0,1
87382,2007-02-20 10:25:39,121.446600,31.142000, 62,  0,1
87382,2007-02-20 10:27:41,121.445600,31.152000, 46,  0,1
87382,2007-02-20 10:29:43,121.444600,31.160100, 18,157,1
87382,2007-02-20 10:30:44,121.440300,31.159500, 74,135,1
87382,2007-02-20 10:31:45,121.439100,31.159100, 28,135,1
87382,2007-02-20 10:31:53,121.438300,31.159000, 36,135,0
87382,2007-02-20 10:32:54,121.434600,31.157600,  0,112,0
87382,2007-02-20 10:33:55,121.434500,31.157500, 18, 45,0
87382,2007-02-20 10:34:56,121.443000,31.160000,  0, 45,0
87382,2007-02-20 10:35:57,121.445300,31.156600, 44, 90,0
87382,2007-02-20 10:36:58,121.445300,31.155600,  0, 90,0
87382,2007-02-20 10:37:59,121.445800,31.146500, 20, 90,0
87382,2007-02-20 10:39:28,121.441500,31.142800, 28,112,1
87382,2007-02-20 10:40:28,121.435000,31.140300, 40,135,1
87382,2007-02-20 10:43:09,121.422600,31.136800, 40,135,1
87382,2007-02-20 10:44:10,121.416300,31.134600, 44,112,1
87382,2007-02-20 10:45:11,121.414600,31.134000,  0,112,1
87382,2007-02-20 10:46:12,121.412000,31.135600, 36,157,1
87382,2007-02-20 10:47:13,121.408600,31.139800, 58,157,1
87382,2007-02-20 10:48:14,121.406100,31.142000, 62,112,1
87382,2007-02-20 10:49:03,121.400600,31.136800, 50,112,0
87382,2007-02-20 10:50:04,121.400100,31.139600, 80, 22,0
87382,2007-02-20 10:51:05,121.403800,31.144800, 46, 45,0
87382,2007-02-20 10:52:06,121.406100,31.143500,  0, 67,0
87382,2007-02-20 10:53:07,121.406100,31.141300, 46,112,0
87382,2007-02-20 10:54:08,121.399600,31.135100, 24, 90,0
87382,2007-02-20 10:55:09,121.401500,31.131000, 18, 67,0
87382,2007-02-20 10:56:10,121.406600,31.132000,  0, 45,0
87382,2007-02-20 10:57:11,121.413600,31.133300, 22, 45,0
87382,2007-02-20 10:58:12,121.415300,31.131000,  0, 67,0
87382,2007-02-20 10:59:13,121.415300,31.131000,  0, 67,0
87382,2007-02-20 11:00:14,121.418500,31.131300, 20, 45,0
87382,2007-02-20 11:01:15,121.421500,31.132000,  8, 45,0
87382,2007-02-20 11:02:16,121.427500,31.133000, 46, 45,0
87382,2007-02-20 11:04:18,121.439800,31.135100, 36, 45,0
87382,2007-02-20 11:05:19,121.446600,31.136800, 70, 45,0
87382,2007-02-20 11:06:01,121.448800,31.136300, 22, 90,1
87382,2007-02-20 11:07:01,121.451300,31.126600, 74, 90,1
87382,2007-02-20 11:08:02,121.460800,31.127800, 80, 22,1
87382,2007-02-20 11:09:03,121.477000,31.132500,104, 45,1
87382,2007-02-20 11:10:04,121.489800,31.132600, 78, 45,1
87382,2007-02-20 11:11:05,121.486500,31.140500, 30,  0,1
87382,2007-02-20 11:11:22,121.486300,31.140800,  0,  0,0
87382,2007-02-20 11:12:22,121.487300,31.143100, 38, 45,0
87382,2007-02-20 11:14:24,121.495000,31.145100, 14, 67,0
87382,2007-02-20 11:15:25,121.495500,31.143600, 16, 90,0
87382,2007-02-20 11:16:26,121.500100,31.142800, 52, 45,0
87382,2007-02-20 11:17:27,121.506800,31.144300, 56, 67,0
87382,2007-02-20 11:18:28,121.510500,31.140600,  0,  0,0
87382,2007-02-20 11:19:29,121.515500,31.143000, 62, 22,0
87382,2007-02-20 11:20:30,121.519000,31.142000, 44, 67,0
87382,2007-02-20 11:21:31,121.522100,31.144000, 48,157,0
87382,2007-02-20 11:22:32,121.519100,31.144300,  0,135,0
87382,2007-02-20 11:22:57,121.519000,31.144300, 28,135,1
87382,2007-02-20 11:23:57,121.515500,31.143000, 74,112,1
87382,2007-02-20 11:24:58,121.507600,31.143300, 68,157,1
87382,2007-02-20 11:25:59,121.503600,31.148500, 10,157,1
87382,2007-02-20 11:27:00,121.499500,31.154300, 16,157,1
87382,2007-02-20 11:28:01,121.497800,31.155600, 14,157,1
87382,2007-02-20 11:29:02,121.495600,31.158800, 14,157,1
87382,2007-02-20 11:30:03,121.493000,31.158000, 60,112,1
87382,2007-02-20 11:31:04,121.489000,31.159500, 36,112,1
87382,2007-02-20 11:31:14,121.488100,31.159300, 12,112,0
87382,2007-02-20 11:32:14,121.486300,31.161000, 38,  0,0
87382,2007-02-20 11:32:57,121.487000,31.161500, 36, 45,1
87382,2007-02-20 11:33:57,121.490500,31.163300, 60, 22,1
87382,2007-02-20 11:34:58,121.492600,31.166500, 28,  0,1
87382,2007-02-20 11:35:59,121.492500,31.169800,  0,  0,1
87382,2007-02-20 11:37:00,121.495500,31.171000, 38, 45,1
87382,2007-02-20 11:38:01,121.501100,31.172800, 48,  0,1
87382,2007-02-20 11:39:02,121.500600,31.174300, 34,  0,1
87382,2007-02-20 11:40:03,121.498300,31.181100,  4, 22,1
87382,2007-02-20 11:40:32,121.499800,31.181500,  6, 22,0
87382,2007-02-20 11:41:10,121.500000,31.181500, 24, 45,1
87382,2007-02-20 11:42:10,121.506000,31.183100, 34, 22,1
87382,2007-02-20 11:43:11,121.510100,31.184600, 38, 22,1
87382,2007-02-20 11:44:12,121.514000,31.186000, 12, 22,1
87382,2007-02-20 11:46:14,121.509600,31.195600, 40,157,1
87382,2007-02-20 11:47:15,121.506800,31.199500,  6, 22,1
87382,2007-02-20 11:48:16,121.508500,31.201000,  8, 45,1
87382,2007-02-20 11:48:32,121.508500,31.201000,  0, 45,0
87382,2007-02-20 11:49:32,121.509300,31.201000, 18, 90,0
87382,2007-02-20 11:50:37,121.506500,31.199800,  0,  0,0
87382,2007-02-20 11:51:38,121.505500,31.199100,  6,112,0
87382,2007-02-20 11:55:18,121.505600,31.196100,  0, 67,1
87382,2007-02-20 11:58:39,121.517100,31.202100,  0, 22,1
87382,2007-02-20 11:59:40,121.517100,31.202100,  8,  0,1
87382,2007-02-20 12:00:41,121.524500,31.200500, 68, 22,1
87382,2007-02-20 12:01:42,121.528500,31.212600, 66,  0,1
87382,2007-02-20 12:02:42,121.531100,31.219500, 94,  0,1
87382,2007-02-20 12:03:44,121.543000,31.229000, 78, 45,1
87382,2007-02-20 12:04:45,121.552600,31.233100,  0, 22,1
87382,2007-02-20 12:08:32,121.540300,31.258000,100,157,1
87382,2007-02-20 12:09:32,121.530800,31.268800, 86,157,1
87382,2007-02-20 12:10:34,121.522000,31.278800, 86,157,1
87382,2007-02-20 12:11:35,121.518100,31.287000,  0,  0,1
87382,2007-02-20 12:12:36,121.518100,31.287000, 16,157,1
87382,2007-02-20 12:13:37,121.516300,31.290800,  0,  0,1
87382,2007-02-20 12:14:37,121.515800,31.291800, 24,  0,1
87382,2007-02-20 12:16:40,121.509000,31.306000, 68,157,1
87382,2007-02-20 12:17:41,121.510800,31.310100, 34,  0,1
87382,2007-02-20 12:18:42,121.510800,31.314500, 42,  0,1
87382,2007-02-20 12:20:44,121.519500,31.320000, 32, 45,1
87382,2007-02-20 12:21:45,121.521300,31.320100,  4, 45,1
87382,2007-02-20 12:22:04,121.521600,31.321000, 16,  0,0
87382,2007-02-20 12:23:05,121.521600,31.321100,  0,157,0
87382,2007-02-20 12:24:06,121.519100,31.320000, 30,112,0
87382,2007-02-20 12:25:07,121.514800,31.314000, 48, 90,0
87382,2007-02-20 12:26:07,121.514800,31.311100, 38, 90,0
87382,2007-02-20 12:27:09,121.514800,31.309000, 46, 90,0
87382,2007-02-20 12:28:10,121.514600,31.303000, 24,112,0
87382,2007-02-20 12:28:45,121.511600,31.302600, 32,135,1
87382,2007-02-20 12:29:46,121.506600,31.310000, 46,157,1
87382,2007-02-20 12:31:47,121.502100,31.328000, 82,  0,1
87382,2007-02-20 12:36:20,121.512100,31.332000, 62, 90,1
87382,2007-02-20 12:37:21,121.519000,31.330600, 42, 45,1
87382,2007-02-20 12:38:22,121.524500,31.335000, 66,  0,1
87382,2007-02-20 12:39:22,121.524000,31.338300, 14,135,1
87382,2007-02-20 12:40:29,121.524100,31.337800, 22, 45,0
87382,2007-02-20 12:41:30,121.524300,31.334500, 22, 90,0
87382,2007-02-20 12:42:31,121.524100,31.334500,  0, 90,0
87382,2007-02-20 12:43:32,121.523800,31.333100, 42, 90,0
87382,2007-02-20 12:44:32,121.521100,31.329100, 46, 90,0
87382,2007-02-20 12:45:34,121.521500,31.321800, 36, 90,0
87382,2007-02-20 12:46:35,121.518000,31.319300, 26,112,0
87382,2007-02-20 12:47:36,121.515100,31.316100, 34,112,0
87382,2007-02-20 12:48:37,121.514800,31.312300, 22, 90,0
87382,2007-02-20 12:49:37,121.514800,31.310300, 42, 90,0
87382,2007-02-20 12:50:39,121.514800,31.307000,  0, 90,0
87382,2007-02-20 12:51:40,121.515000,31.303100, 14,112,0
87382,2007-02-20 12:52:41,121.511500,31.301100, 30, 67,0
87382,2007-02-20 12:53:42,121.513500,31.296600,  0, 90,0
87382,2007-02-20 12:54:42,121.513600,31.296300, 24, 90,0
87382,2007-02-20 12:55:44,121.516300,31.290300, 40, 90,0
87382,2007-02-20 12:56:42,121.516500,31.290000, 18, 67,1
87382,2007-02-20 12:57:44,121.517500,31.288000,  0, 90,1
87382,2007-02-20 12:58:45,121.518800,31.284800, 72, 67,1
87382,2007-02-20 12:59:46,121.526100,31.275100,102, 67,1
87382,2007-02-20 13:00:47,121.534800,31.262500,100, 67,1
87382,2007-02-20 13:01:47,121.547500,31.252300, 96, 67,1
87382,2007-02-20 13:02:49,121.550500,31.255000, 50,157,1
87382,2007-02-20 13:03:50,121.552100,31.256600, 12, 67,1
87382,2007-02-20 13:04:51,121.554300,31.255300, 44, 22,1
87382,2007-02-20 13:05:52,121.561300,31.259800, 70, 22,1
87382,2007-02-20 13:06:52,121.570500,31.263500, 60, 67,1
87382,2007-02-20 13:07:54,121.576300,31.258800,  0, 67,1
87382,2007-02-20 13:08:55,121.577300,31.258800, 34, 22,1
87382,2007-02-20 13:09:54,121.583600,31.262300, 26, 45,0
87382,2007-02-20 13:10:55,121.582500,31.262500, 70,135,0
87382,2007-02-20 13:11:54,121.582600,31.266500,  0,  0,0
87382,2007-02-20 13:13:56,121.576600,31.270100,  0,157,0
87382,2007-02-20 13:14:57,121.576600,31.270100,  0,157,0
87382,2007-02-20 13:15:57,121.576600,31.270100,  0,157,0
87382,2007-02-20 13:16:59,121.576600,31.270100,  0,157,0
87382,2007-02-20 13:18:00,121.576600,31.270100,  0,157,0
87382,2007-02-20 13:19:01,121.576600,31.270100,  0,157,0
87382,2007-02-20 13:20:02,121.576600,31.270100,  0,157,0
87382,2007-02-20 13:21:02,121.576600,31.270100,  0,157,0
87382,2007-02-20 13:22:04,121.576600,31.270100,  0,157,0
87382,2007-02-20 13:23:05,121.576600,31.270100,  0,157,0
87382,2007-02-20 13:24:06,121.576600,31.270100,  0,157,0
87382,2007-02-20 13:25:07,121.576600,31.270100,  0,157,0
87382,2007-02-20 13:26:07,121.576600,31.270100,  0,157,0
87382,2007-02-20 13:27:09,121.576600,31.270100,  0,157,0
87382,2007-02-20 13:28:10,121.576600,31.270100,  0,157,0
87382,2007-02-20 13:29:11,121.576600,31.270100,  0,157,0
87382,2007-02-20 13:30:12,121.576600,31.270100,  0,157,0
87382,2007-02-20 13:32:14,121.576000,31.270600, 38, 67,0
87382,2007-02-20 13:33:15,121.578500,31.268300, 14, 67,0
87382,2007-02-20 13:33:16,121.578500,31.268300, 18, 67,1
87382,2007-02-20 13:34:17,121.582000,31.265100, 52, 90,1
87382,2007-02-20 13:35:17,121.579000,31.261000, 64,112,1
87382,2007-02-20 13:36:19,121.572500,31.255500,  0,112,1
87382,2007-02-20 13:37:20,121.570600,31.256300, 68,157,1
87382,2007-02-20 13:38:21,121.566500,31.256300, 46,112,1
87382,2007-02-20 13:39:22,121.561300,31.253100, 56,112,1
87382,2007-02-20 13:40:22,121.557500,31.255300, 62,157,1
87382,2007-02-20 13:41:24,121.553600,31.255000, 30,112,1
87382,2007-02-20 13:42:25,121.551100,31.252800, 54,112,1
87382,2007-02-20 13:42:56,121.549500,31.251100, 10, 45,0
87382,2007-02-20 13:43:57,121.553600,31.248600, 32, 67,0
87382,2007-02-20 13:45:59,121.552500,31.243300,  0,112,0
87382,2007-02-20 13:46:07,121.552100,31.243100, 34,112,1
87382,2007-02-20 13:47:07,121.546100,31.240600,  0,112,1
87382,2007-02-20 13:48:09,121.540000,31.238500, 10,112,1
87382,2007-02-20 13:49:10,121.533800,31.236500,  0,112,1
87382,2007-02-20 13:51:12,121.520600,31.232100, 78,135,1
87382,2007-02-20 13:52:12,121.518100,31.231300,  0,135,1
87382,2007-02-20 13:53:14,121.515100,31.230500, 22,135,1
87382,2007-02-20 13:54:15,121.515000,31.229300,  0, 67,1
87382,2007-02-20 13:55:16,121.513100,31.229600,  0, 67,1
87382,2007-02-20 13:55:21,121.513300,31.229500,  4, 67,0
87382,2007-02-20 13:56:22,121.513500,31.228800,  0,157,0
87382,2007-02-20 13:57:22,121.513100,31.229300,  0, 90,0
87382,2007-02-20 13:57:27,121.513000,31.229500, 10,135,1
87382,2007-02-20 13:58:27,121.513300,31.229800,  0, 45,1
87382,2007-02-20 13:59:29,121.519800,31.231500, 74, 45,1
87382,2007-02-20 14:00:30,121.525300,31.229100, 34, 67,1
87382,2007-02-20 14:01:31,121.534100,31.223500, 42, 22,1
87382,2007-02-20 14:02:12,121.535800,31.221500,  4,112,0
87382,2007-02-20 14:03:12,121.535800,31.220500, 30, 90,0
87382,2007-02-20 14:05:15,121.548300,31.225500, 28, 22,0
87382,2007-02-20 14:06:16,121.548000,31.227500, 58,  0,0
87382,2007-02-20 14:07:17,121.553500,31.230000,  4,112,0
87382,2007-02-20 14:07:27,121.553600,31.229800, 22, 45,1
87382,2007-02-20 14:08:27,121.555300,31.224100, 68, 90,1
87382,2007-02-20 14:09:29,121.553600,31.215000, 88,135,1
87382,2007-02-20 14:10:30,121.551000,31.209100, 32,112,1
87382,2007-02-20 14:11:31,121.551600,31.206000,  0, 90,1
87382,2007-02-20 14:12:32,121.552100,31.202800, 36, 90,1
87382,2007-02-20 14:13:32,121.554800,31.198000, 32, 45,1
87382,2007-02-20 14:14:34,121.557800,31.198300,  0, 45,1
87382,2007-02-20 14:15:35,121.563800,31.199100, 22, 45,1
87382,2007-02-20 14:15:45,121.564000,31.199100,  0, 45,0
87382,2007-02-20 14:16:46,121.564100,31.199300, 10,135,0
87382,2007-02-20 14:17:47,121.559600,31.198600, 32,135,0
87382,2007-02-20 14:18:47,121.556100,31.198100, 28,135,0
87382,2007-02-20 14:19:49,121.553100,31.200600, 48,157,0
87382,2007-02-20 14:20:50,121.551800,31.205100,  0,  0,0
87382,2007-02-20 14:22:52,121.547000,31.210100,  0,  0,0
87382,2007-02-20 14:23:52,121.546600,31.211100, 22,  0,0
87382,2007-02-20 14:24:54,121.541600,31.213100, 62,135,0
87382,2007-02-20 14:25:55,121.534600,31.215300, 28,157,0
87382,2007-02-20 14:26:56,121.530300,31.216500,  0,135,0
87382,2007-02-20 14:27:57,121.528500,31.213500, 32,135,0
87382,2007-02-20 14:28:57,121.524500,31.213800,  0,135,0
87382,2007-02-20 14:29:59,121.524000,31.214000, 26,135,0
87382,2007-02-20 14:30:50,121.522300,31.212100, 32,112,1
87382,2007-02-20 14:31:51,121.521600,31.210500,  0, 90,1
87382,2007-02-20 14:32:52,121.521500,31.210300,  4, 90,1
87382,2007-02-20 14:33:52,121.523800,31.209800,  0, 67,1
87382,2007-02-20 14:34:54,121.531000,31.209600, 56, 45,1
87382,2007-02-20 14:35:55,121.537500,31.207800, 16,112,1
87382,2007-02-20 14:36:20,121.536500,31.208000,  0,157,0
87382,2007-02-20 14:38:22,121.539500,31.204300, 38, 67,0
87382,2007-02-20 14:39:22,121.535000,31.201800, 36,  0,0
87382,2007-02-20 14:40:24,121.536300,31.204500, 56,157,0
87382,2007-02-20 14:41:25,121.535300,31.208800,  0,  0,0
87382,2007-02-20 14:42:26,121.535300,31.208800,  0,  0,0
87382,2007-02-20 14:43:27,121.530000,31.209800, 74,135,0
87382,2007-02-20 14:44:27,121.527300,31.209800, 10,135,0
87382,2007-02-20 14:45:29,121.526600,31.208600,  4,112,0
87382,2007-02-20 14:46:30,121.526100,31.208800,  0,135,0
87382,2007-02-20 14:47:31,121.526000,31.208100, 10, 67,0
87382,2007-02-20 14:47:37,121.526100,31.208100, 12, 45,1
87382,2007-02-20 14:48:37,121.523300,31.202000, 48,112,1
87382,2007-02-20 14:49:39,121.521300,31.205600, 16, 22,1
87382,2007-02-20 14:50:40,121.524500,31.209800, 32, 45,1
87382,2007-02-20 14:52:42,121.531300,31.209600, 54, 45,1
87382,2007-02-20 14:53:42,121.532100,31.203600, 28, 90,1
87382,2007-02-20 14:54:44,121.531000,31.201100, 28,135,1
87382,2007-02-20 14:54:58,121.530500,31.201100,  4,135,0
87382,2007-02-20 14:55:59,121.530800,31.201000,  2, 45,0
87382,2007-02-20 14:57:00,121.526500,31.203100, 32,  0,0
87382,2007-02-20 14:58:01,121.531500,31.205000, 22,  0,0
87382,2007-02-20 14:59:02,121.532300,31.209300,  0,  0,0
87382,2007-02-20 15:00:02,121.530100,31.209800, 66,135,0
87382,2007-02-20 15:02:05,121.522500,31.210000, 12,135,0
87382,2007-02-20 15:03:06,121.521600,31.210100, 22,  0,0
87382,2007-02-20 15:04:07,121.522600,31.212000,  0, 22,0
87382,2007-02-20 15:05:07,121.523800,31.214000, 42, 22,0
87382,2007-02-20 15:06:09,121.524000,31.216600, 34,135,0
87382,2007-02-20 15:07:10,121.518600,31.218100, 64,  0,0
87382,2007-02-20 15:07:56,121.518500,31.220000, 18,  0,1
87382,2007-02-20 15:08:57,121.518300,31.221000,  0, 22,1
87382,2007-02-20 15:09:57,121.515800,31.225600,  4,157,1
87382,2007-02-20 15:12:00,121.512300,31.228800,  0,157,1
87382,2007-02-20 15:13:01,121.510800,31.228800, 62,112,1
87382,2007-02-20 15:14:02,121.506500,31.227100,  0,112,1
87382,2007-02-20 15:15:02,121.489600,31.224100, 56,135,1
87382,2007-02-20 15:16:04,121.480000,31.221000, 44,135,1
87382,2007-02-20 15:17:05,121.475300,31.219800, 12,112,1
87382,2007-02-20 15:18:06,121.475300,31.219800,  0,112,1
87382,2007-02-20 15:19:07,121.470500,31.218500, 14,135,1
87382,2007-02-20 15:19:44,121.468600,31.218100,  0,  0,0
87382,2007-02-20 15:20:44,121.468500,31.218300,  0,157,0
87382,2007-02-20 15:21:45,121.468600,31.218000,  0, 90,0
87382,2007-02-20 15:22:46,121.468600,31.217600, 20, 90,0
87382,2007-02-20 15:23:47,121.469600,31.213500,  0, 90,0
87382,2007-02-20 15:24:47,121.470800,31.213800,  0, 45,0
87382,2007-02-20 15:25:49,121.473600,31.214600, 36, 22,0
87382,2007-02-20 15:26:50,121.477800,31.216300, 40, 22,0
87382,2007-02-20 15:28:52,121.479600,31.218500, 52,157,0
87382,2007-02-20 15:29:52,121.479300,31.219300, 16,157,0
87382,2007-02-20 15:30:54,121.480000,31.220800,  0, 45,0
87382,2007-02-20 15:31:55,121.486100,31.223800, 86, 45,0
87382,2007-02-20 15:32:56,121.496500,31.222300,  0, 45,0
87382,2007-02-20 15:33:57,121.496500,31.222300,  0, 45,0
87382,2007-02-20 15:34:57,121.511500,31.229000,  0, 22,0
87382,2007-02-20 15:35:59,121.513000,31.229500, 36, 22,0
87382,2007-02-20 15:37:00,121.512100,31.229300,  0,157,0
87382,2007-02-20 15:39:02,121.510000,31.234300, 16, 22,0
87382,2007-02-20 15:39:57,121.510000,31.233500, 32, 67,1
87382,2007-02-20 15:40:57,121.510600,31.232100,  0, 90,1
87382,2007-02-20 15:41:57,121.513300,31.232500, 24, 22,1
87382,2007-02-20 15:42:59,121.515300,31.233100,  0, 45,1
87382,2007-02-20 15:44:00,121.518600,31.234600, 28, 45,1
87382,2007-02-20 15:45:01,121.518600,31.234600,  0, 22,1
87382,2007-02-20 15:46:02,121.521800,31.236000, 22, 45,1
87382,2007-02-20 15:47:02,121.524800,31.236800, 38, 90,1
87382,2007-02-20 15:48:04,121.526000,31.234000,  0, 90,1
87382,2007-02-20 15:48:48,121.526100,31.233500, 26, 67,0
87382,2007-02-20 15:49:49,121.526500,31.233100,  0, 90,0
87382,2007-02-20 15:50:50,121.526300,31.233500,  0,157,0
87382,2007-02-20 15:51:51,121.524300,31.233300, 12,135,0
87382,2007-02-20 15:52:52,121.523300,31.233000, 50,135,0
87382,2007-02-20 15:53:52,121.518100,31.231300,  0,135,0
87382,2007-02-20 15:54:54,121.514100,31.230000,  2,135,0
87382,2007-02-20 15:55:55,121.514100,31.230000,  0,135,0
87382,2007-02-20 15:56:56,121.511500,31.230600, 38,  0,0
87382,2007-02-20 15:57:57,121.512800,31.232100, 22, 45,0
87382,2007-02-20 15:58:57,121.513300,31.230500,  8, 90,0
87382,2007-02-20 15:59:59,121.513100,31.229600,  0, 90,0
87382,2007-02-20 16:01:00,121.513100,31.229500,  0, 90,0
87382,2007-02-20 16:02:01,121.513100,31.229500,  0, 90,0
87382,2007-02-20 16:02:47,121.513300,31.229100, 10,112,1
87382,2007-02-20 16:04:49,121.517100,31.230600, 30, 45,1
87382,2007-02-20 16:05:50,121.518600,31.228800, 30, 90,1
87382,2007-02-20 16:06:51,121.520100,31.224800, 62, 90,1
87382,2007-02-20 16:07:52,121.521100,31.222000,  0, 90,1
87382,2007-02-20 16:08:52,121.524000,31.222600,  0, 45,1
87382,2007-02-20 16:09:54,121.524300,31.222500, 26, 67,1
87382,2007-02-20 16:10:55,121.524600,31.217500, 52, 90,1
87382,2007-02-20 16:11:56,121.523500,31.214100,  0,112,1
87382,2007-02-20 16:12:57,121.523000,31.213500, 16,112,1
87382,2007-02-20 16:14:02,121.522800,31.212600, 14,112,0
87382,2007-02-20 16:15:02,121.522500,31.212100,  0, 90,0
87382,2007-02-20 16:15:07,121.522300,31.212100, 16,112,1
87382,2007-02-20 16:16:09,121.519600,31.207000, 18,112,1
87382,2007-02-20 16:17:10,121.517500,31.203100,  0, 90,1
87382,2007-02-20 16:18:11,121.517500,31.203000, 32,112,1
87382,2007-02-20 16:19:12,121.513100,31.196000, 58,112,1
87382,2007-02-20 16:20:12,121.507600,31.191600, 40, 67,1
87382,2007-02-20 16:21:14,121.509800,31.186100, 70, 90,1
87382,2007-02-20 16:22:15,121.510600,31.181000, 12,112,1
87382,2007-02-20 16:23:16,121.505300,31.178600, 20,135,1
87382,2007-02-20 16:24:17,121.502800,31.178300,  4,135,1
87382,2007-02-20 16:25:17,121.503100,31.174500, 22,135,1
87382,2007-02-20 16:27:19,121.499000,31.173300, 20, 90,1
87382,2007-02-20 16:28:41,121.499100,31.173100,  0, 22,0
87382,2007-02-20 16:29:43,121.499000,31.174000,  0,  0,0
87382,2007-02-20 16:30:44,121.503000,31.174300, 62, 45,0
87382,2007-02-20 16:31:45,121.503500,31.178300, 40, 45,0
87382,2007-02-20 16:33:46,121.500600,31.183800, 52,  0,0
87382,2007-02-20 16:34:48,121.498500,31.187600, 54, 22,0
87382,2007-02-20 16:35:49,121.503100,31.191000, 64, 45,0
87382,2007-02-20 16:36:50,121.505300,31.195300,  0, 22,0
87382,2007-02-20 16:37:51,121.503600,31.200300, 46,157,0
87382,2007-02-20 16:38:51,121.502000,31.203600,  0,  0,0
87382,2007-02-20 16:39:11,121.502000,31.203300, 26, 67,1
87382,2007-02-20 16:42:41,121.511600,31.191000, 52, 67,1
87382,2007-02-20 16:43:43,121.514600,31.190800,  4, 45,1
87382,2007-02-20 16:43:44,121.514600,31.190800,  0, 45,0
87382,2007-02-20 16:44:45,121.513800,31.190600, 14,157,0
87382,2007-02-20 16:45:46,121.512300,31.190500, 12,112,0
87382,2007-02-20 16:46:46,121.510300,31.193600, 26,157,0
87382,2007-02-20 16:47:48,121.509300,31.197500, 40, 22,0
87382,2007-02-20 16:48:49,121.514100,31.199000, 24, 67,0
87382,2007-02-20 16:50:51,121.519100,31.201300, 26, 22,0
87382,2007-02-20 16:51:51,121.520800,31.200100,  0,135,0
87382,2007-02-20 16:52:44,121.521100,31.200500, 24,  0,1
87382,2007-02-20 16:53:45,121.524800,31.201300, 60,  0,1
87382,2007-02-20 16:54:46,121.528800,31.213500, 84,  0,1
87382,2007-02-20 16:55:46,121.533600,31.224000, 88, 22,1
87382,2007-02-20 16:56:48,121.543600,31.229100,  0, 22,1
87382,2007-02-20 16:57:49,121.545300,31.229600, 50, 22,1
87382,2007-02-20 16:58:50,121.552300,31.233000, 18, 22,1
87382,2007-02-20 16:59:51,121.552500,31.233000,  0, 22,1
87382,2007-02-20 17:00:51,121.561000,31.237100, 84, 22,1
87382,2007-02-20 17:01:53,121.569800,31.241500,  0, 22,1
87382,2007-02-20 17:02:54,121.577800,31.245000, 90, 22,1
87382,2007-02-20 17:03:55,121.582300,31.247800,  0, 22,1
87382,2007-02-20 17:04:56,121.582300,31.247800,  0, 22,1
87382,2007-02-20 17:06:58,121.576600,31.252100, 10,157,1
87382,2007-02-20 17:07:59,121.576300,31.252500, 40,157,1
87382,2007-02-20 17:09:00,121.576500,31.257800, 48, 22,1
87382,2007-02-20 17:10:01,121.580300,31.262000, 60, 22,1
87382,2007-02-20 17:11:01,121.582600,31.266500,  0, 22,1
87382,2007-02-20 17:12:03,121.582100,31.271600, 48,135,1
87382,2007-02-20 17:13:04,121.580800,31.275100,  0, 22,1
87382,2007-02-20 17:13:16,121.580800,31.275100,  0, 22,0
87382,2007-02-20 17:14:16,121.583000,31.276300, 36, 45,0
87382,2007-02-20 17:15:18,121.583300,31.272100,  0, 90,0
87382,2007-02-20 17:16:19,121.584000,31.271500, 38, 45,0
87382,2007-02-20 17:17:20,121.590000,31.273100, 42, 22,0
87382,2007-02-20 17:18:21,121.594100,31.276600,  0, 22,0
87382,2007-02-20 17:18:32,121.594300,31.276600, 22, 22,1
87382,2007-02-20 17:19:33,121.599600,31.273600,  0, 67,1
87382,2007-02-20 17:20:34,121.601000,31.273100, 56, 67,1
87382,2007-02-20 17:21:35,121.604000,31.267500, 52, 90,1
87382,2007-02-20 17:22:21,121.602600,31.264100,  0, 90,0
87382,2007-02-20 17:23:21,121.604500,31.268500, 68,  0,0
87382,2007-02-20 17:24:23,121.602500,31.271500, 42,157,0
87382,2007-02-20 17:25:24,121.599800,31.273800, 28,135,0
87382,2007-02-20 17:26:19,121.597000,31.275300, 24,157,1
87382,2007-02-20 17:27:20,121.591300,31.274300, 26,112,1
87382,2007-02-20 17:28:21,121.585000,31.271800, 38,135,1
87382,2007-02-20 17:29:21,121.584000,31.276000, 16,  0,1
87382,2007-02-20 17:30:23,121.579100,31.279600, 18,  0,1
87382,2007-02-20 17:31:24,121.580000,31.285800, 34,  0,1
87382,2007-02-20 17:31:51,121.580600,31.287300,  0, 45,0
87382,2007-02-20 17:32:51,121.580100,31.287300,  4,112,0
87382,2007-02-20 17:33:53,121.580100,31.287300,  0,112,0
87382,2007-02-20 17:34:54,121.579600,31.283800, 70, 90,0
87382,2007-02-20 17:35:55,121.579000,31.279500, 50, 90,0
87382,2007-02-20 17:36:56,121.578800,31.274300, 32, 67,0
87382,2007-02-20 17:37:56,121.580500,31.270800, 40,112,0
87382,2007-02-20 17:38:58,121.578800,31.267800, 42, 67,0
87382,2007-02-20 17:39:59,121.576600,31.263500,  0,112,0
87382,2007-02-20 17:41:00,121.580100,31.262600,  2, 45,0
87382,2007-02-20 17:42:01,121.586100,31.262500, 38, 22,0
87382,2007-02-20 17:43:01,121.590500,31.264100, 34, 22,0
87382,2007-02-20 17:44:03,121.592600,31.259800, 54,112,0
87382,2007-02-20 17:45:04,121.593100,31.255000, 68,112,0
87382,2007-02-20 17:46:05,121.589800,31.248500, 36,112,0
87382,2007-02-20 17:47:06,121.583800,31.247100, 36,157,0
87382,2007-02-20 17:48:06,121.582800,31.247800,  0,157,0
87382,2007-02-20 17:49:08,121.580800,31.249300, 24,157,0
87382,2007-02-20 17:50:09,121.576000,31.251600, 40,112,0
87382,2007-02-20 17:52:11,121.572100,31.249500,  0,135,0
87382,2007-02-20 17:53:11,121.572100,31.249500,  0,135,0
87382,2007-02-20 17:54:13,121.572100,31.249500,  0,135,0
87382,2007-02-20 17:55:14,121.572100,31.249500,  0,135,0
87382,2007-02-20 17:56:15,121.572100,31.249500,  0,135,0
87382,2007-02-20 17:57:16,121.572100,31.249500,  0,135,0
87382,2007-02-20 17:58:16,121.572100,31.249500,  0,135,0
87382,2007-02-20 17:59:18,121.572100,31.249500,  0,135,0
87382,2007-02-20 18:00:19,121.572100,31.249500,  0,135,0
87382,2007-02-20 18:01:20,121.572100,31.249500,  0,135,0
87382,2007-02-20 18:02:21,121.572100,31.249500,  0,135,0
87382,2007-02-20 18:03:21,121.572100,31.249500,  0,135,0
87382,2007-02-20 18:04:23,121.572100,31.249500,  0,135,0
87382,2007-02-20 18:05:24,121.572100,31.249500,  0,135,0
87382,2007-02-20 18:07:26,121.571300,31.249300, 18,135,0
87382,2007-02-20 18:08:26,121.571000,31.246800, 28, 67,0
87382,2007-02-20 18:10:29,121.565000,31.243000, 16,112,0
87382,2007-02-20 18:11:18,121.565600,31.241800, 26,157,1
87382,2007-02-20 18:12:19,121.568100,31.244500, 30, 22,1
87382,2007-02-20 18:13:20,121.571300,31.246300, 34,157,1
87382,2007-02-20 18:14:11,121.571800,31.249300, 12, 45,0
87382,2007-02-20 18:15:11,121.574000,31.249800, 14, 22,0
87382,2007-02-20 18:16:13,121.576100,31.246000, 42,112,0
87382,2007-02-20 18:17:14,121.571600,31.246000,  0,157,0
87382,2007-02-20 18:18:15,121.571500,31.246000, 18,157,0
87382,2007-02-20 18:19:16,121.568600,31.244800, 16,112,0
87382,2007-02-20 18:20:16,121.565600,31.241600, 40, 67,0
87382,2007-02-20 18:22:20,121.553000,31.233000, 30, 90,0
87382,2007-02-20 18:23:21,121.554000,31.229000, 46, 90,0
87382,2007-02-20 18:24:21,121.552800,31.226800, 58,135,0
87382,2007-02-20 18:25:23,121.551600,31.223300, 56,112,0
87382,2007-02-20 18:26:24,121.544600,31.221300, 54,135,0
87382,2007-02-20 18:27:25,121.543600,31.221100,  0,112,0
87382,2007-02-20 18:28:26,121.543500,31.221300,  0,112,0
87382,2007-02-20 18:29:26,121.543500,31.221100,  0,112,0
87382,2007-02-20 18:30:28,121.540800,31.219100, 66,112,0
87382,2007-02-20 18:31:29,121.541800,31.213000, 84, 45,0
87382,2007-02-20 18:32:30,121.546500,31.211300,  0, 90,0
87382,2007-02-20 18:33:31,121.545600,31.208000, 54,135,0
87382,2007-02-20 18:34:31,121.541100,31.208500, 32,112,0
87382,2007-02-20 18:35:33,121.535500,31.209000,  0,135,0
87382,2007-02-20 18:36:34,121.529600,31.209800, 62,135,0
87382,2007-02-20 18:37:35,121.527800,31.209800,  0,135,0
87382,2007-02-20 18:38:36,121.526500,31.209600, 12,135,0
87382,2007-02-20 18:39:36,121.526600,31.208600,  0, 90,0
87382,2007-02-20 18:40:38,121.526600,31.208600,  0, 90,0
87382,2007-02-20 18:42:40,121.520800,31.202000, 58,135,0
87382,2007-02-20 18:44:41,121.522800,31.212500, 32, 22,0
87382,2007-02-20 18:45:43,121.523800,31.213600,  0, 45,0
87382,2007-02-20 18:46:44,121.523800,31.213600,  0, 45,0
87382,2007-02-20 18:47:45,121.523800,31.213600,  0, 45,0
87382,2007-02-20 18:48:46,121.523300,31.213600, 28,135,0
87382,2007-02-20 18:49:46,121.518300,31.213800, 18,135,0
87382,2007-02-20 18:50:48,121.516800,31.211000,  0,112,0
87382,2007-02-20 18:51:49,121.513800,31.214100,  0,  0,0
87382,2007-02-20 18:52:04,121.514000,31.214300, 32,  0,1
87382,2007-02-20 18:53:04,121.514300,31.222300, 66,  0,1
87382,2007-02-20 18:54:05,121.511100,31.231000, 12,  0,1
87382,2007-02-20 18:55:31,121.512800,31.232300, 16, 45,0
87382,2007-02-20 18:57:34,121.513500,31.229800,  0,135,0
87382,2007-02-20 18:58:35,121.513300,31.229800,  0,135,0
87382,2007-02-20 18:59:36,121.513300,31.229800,  0,135,0
87382,2007-02-20 19:00:36,121.513300,31.229800,  0,135,0
87382,2007-02-20 19:01:38,121.513100,31.229800,  0,135,0
87382,2007-02-20 19:02:39,121.513100,31.229800,  0,135,0
87382,2007-02-20 19:03:40,121.513100,31.229600,  0,112,0
87382,2007-02-20 19:04:41,121.513100,31.229600,  0,112,0
87382,2007-02-20 19:05:41,121.513100,31.229600,  0,112,0
87382,2007-02-20 19:06:43,121.513000,31.229600,  0,112,0
87382,2007-02-20 19:07:44,121.513000,31.229600,  0,112,0
87382,2007-02-20 19:08:45,121.513000,31.229600,  0,112,0
87382,2007-02-20 19:09:46,121.513000,31.229600,  0,112,0
87382,2007-02-20 19:10:46,121.513000,31.229600,  0,112,0
87382,2007-02-20 19:11:48,121.513000,31.229600,  0,112,0
87382,2007-02-20 19:12:30,121.513000,31.229600, 14,112,1
87382,2007-02-20 19:13:31,121.513800,31.229100, 34, 90,1
87382,2007-02-20 19:14:31,121.515600,31.226000,  0, 67,1
87382,2007-02-20 19:15:33,121.517100,31.223600, 48, 67,1
87382,2007-02-20 19:16:34,121.518100,31.221300,  0, 67,1
87382,2007-02-20 19:17:35,121.518600,31.218600, 38, 90,1
87382,2007-02-20 19:18:36,121.518800,31.214600, 24, 90,1
87382,2007-02-20 19:18:46,121.518600,31.214500,  2,112,0
87382,2007-02-20 19:19:46,121.518600,31.214500,  0,112,0
87382,2007-02-20 19:20:48,121.518800,31.215300, 18,  0,0
87382,2007-02-20 19:21:49,121.518000,31.213500, 30, 90,0
87382,2007-02-20 19:23:51,121.513600,31.213800, 32,  0,0
87382,2007-02-20 19:24:51,121.514300,31.217800, 40,  0,0
87382,2007-02-20 19:25:53,121.513100,31.225800, 68,  0,0
87382,2007-02-20 19:26:54,121.510000,31.234000, 50,157,0
87382,2007-02-20 19:27:48,121.507800,31.234600, 20,135,1
87382,2007-02-20 19:29:49,121.502000,31.242100,  8, 67,1
87382,2007-02-20 19:30:50,121.503800,31.239100,  0, 90,1
87382,2007-02-20 19:31:51,121.501800,31.238100, 14,135,1
87382,2007-02-20 19:32:51,121.495000,31.241000,  0,157,1
87382,2007-02-20 19:33:53,121.495000,31.241000,  0,157,1
87382,2007-02-20 19:34:54,121.495000,31.241000,  0,157,1
87382,2007-02-20 19:35:55,121.476800,31.236300,  0,157,1
87382,2007-02-20 19:36:56,121.476300,31.236100,  0,157,1
87382,2007-02-20 19:37:56,121.475000,31.239300, 38,  0,1
87382,2007-02-20 19:38:58,121.475100,31.241300, 52, 45,1
87382,2007-02-20 19:39:59,121.478100,31.242100, 26, 45,1
87382,2007-02-20 19:41:00,121.478600,31.243300, 22,  0,1
87382,2007-02-20 19:42:01,121.477500,31.247000, 26,  0,1
87382,2007-02-20 19:43:01,121.476800,31.249100,  0,  0,1
87382,2007-02-20 19:44:03,121.475600,31.250800, 44,157,1
87382,2007-02-20 19:45:04,121.474800,31.251800, 24,157,1
87382,2007-02-20 19:46:05,121.472100,31.255500,  0,  0,1
87382,2007-02-20 19:47:06,121.472800,31.258600, 18, 22,1
87382,2007-02-20 19:48:06,121.472000,31.260500,  0,135,1
87382,2007-02-20 19:49:08,121.470800,31.263000, 18, 22,1
87382,2007-02-20 19:49:21,121.471000,31.263300,  0,  0,0
87382,2007-02-20 19:50:21,121.471100,31.263800,  0, 22,0
87382,2007-02-20 19:51:23,121.472000,31.261000, 22,112,0
87382,2007-02-20 19:52:24,121.469800,31.258600,  0,112,0
87382,2007-02-20 19:53:25,121.464600,31.255100,  0,112,0
87382,2007-02-20 19:54:26,121.464300,31.254500, 34, 90,0
87382,2007-02-20 19:55:26,121.466500,31.247000,  0, 90,0
87382,2007-02-20 19:56:28,121.466600,31.245800, 56, 90,0
87382,2007-02-20 19:57:29,121.468600,31.240100,  0, 90,0
87382,2007-02-20 19:58:30,121.468600,31.240000, 16, 90,0
87382,2007-02-20 19:59:31,121.470100,31.235600,  0, 67,0
87382,2007-02-20 20:00:31,121.470800,31.234600, 10, 67,0
87382,2007-02-20 20:01:23,121.473000,31.231500, 62, 67,0
87382,2007-02-20 20:02:24,121.475000,31.228500,  0, 67,0
87382,2007-02-20 20:03:25,121.475000,31.228300, 28, 67,0
87382,2007-02-20 20:04:26,121.477100,31.222800,  0, 90,0
87382,2007-02-20 20:05:26,121.478100,31.221000,  0, 67,0
87382,2007-02-20 20:06:28,121.484100,31.223300, 62, 22,0
87382,2007-02-20 20:07:29,121.496100,31.222500, 76, 45,0
87382,2007-02-20 20:08:30,121.497100,31.222100,  0, 45,0
87382,2007-02-20 20:09:31,121.511800,31.229100,  0, 22,0
87382,2007-02-20 20:10:31,121.511100,31.231100, 50,  0,0
87382,2007-02-20 20:11:33,121.509500,31.234500,  0,112,0
87382,2007-02-20 20:12:34,121.509300,31.234300,  0,157,0
87382,2007-02-20 20:13:35,121.509100,31.234300,  0,135,0
87382,2007-02-20 20:14:06,121.509300,31.234100,  8, 45,1
87382,2007-02-20 20:15:08,121.510600,31.232100,  0, 90,1
87382,2007-02-20 20:16:09,121.514000,31.232800, 24, 45,1
87382,2007-02-20 20:18:11,121.518600,31.234800,  0, 22,1
87382,2007-02-20 20:19:11,121.517500,31.237800, 56,157,1
87382,2007-02-20 20:20:13,121.514800,31.243000,  0,157,1
87382,2007-02-20 20:21:14,121.514800,31.243000,  0,157,1
87382,2007-02-20 20:22:15,121.509000,31.259600,  0,157,1
87382,2007-02-20 20:23:16,121.507600,31.261100, 48,157,1
87382,2007-02-20 20:25:18,121.508800,31.266500, 78, 22,1
87382,2007-02-20 20:26:19,121.509800,31.267300, 18, 22,1
87382,2007-02-20 20:27:20,121.515100,31.272100, 40, 22,1
87382,2007-02-20 20:28:21,121.514500,31.276000, 34,  0,1
87382,2007-02-20 20:29:21,121.514300,31.276800,  0,157,1
87382,2007-02-20 20:30:23,121.513600,31.278500, 36,  0,1
87382,2007-02-20 20:31:54,121.515100,31.282000,  0, 67,0
87382,2007-02-20 20:32:54,121.515100,31.282100,  0, 45,0
87382,2007-02-20 20:33:55,121.514800,31.281800, 16, 67,0
87382,2007-02-20 20:34:56,121.513800,31.281100, 16,135,0
87382,2007-02-20 20:35:56,121.513300,31.279100,  0, 90,0
87382,2007-02-20 20:36:41,121.513600,31.278300, 24, 67,1
87382,2007-02-20 20:37:41,121.514000,31.277300,  0, 90,1
87382,2007-02-20 20:38:43,121.515000,31.274300, 20, 90,1
87382,2007-02-20 20:40:45,121.519800,31.265100, 10, 67,1
87382,2007-02-20 20:41:46,121.522800,31.264600, 22, 22,1
87382,2007-02-20 20:42:46,121.524100,31.265300,  0, 22,1
87382,2007-02-20 20:43:48,121.524100,31.265300,  0, 22,1
87382,2007-02-20 20:45:06,121.524100,31.265300,  0, 22,0
87382,2007-02-20 20:46:06,121.524800,31.265100, 24, 67,0
87382,2007-02-20 20:46:40,121.525100,31.264800, 18, 22,1
87382,2007-02-20 20:47:41,121.531600,31.267500, 52, 67,1
87382,2007-02-20 20:48:41,121.538000,31.259600, 80, 67,1
87382,2007-02-20 20:49:43,121.546500,31.252800, 64, 67,1
87382,2007-02-20 20:51:45,121.551500,31.257000,  8, 45,1
87382,2007-02-20 20:51:58,121.551600,31.257000,  0, 67,0
87382,2007-02-20 20:52:59,121.552100,31.256500, 14, 67,0
87382,2007-02-20 20:54:00,121.554000,31.251500, 62, 67,0
87382,2007-02-20 20:55:01,121.554000,31.248500, 44,112,0
87382,2007-02-20 20:56:00,121.548500,31.248000, 42,157,0
87382,2007-02-20 20:57:02,121.545000,31.250500, 42, 22,0
87382,2007-02-20 20:58:50,121.553800,31.248500,  0, 67,1
87382,2007-02-20 20:59:50,121.557300,31.250500, 56, 22,1
87382,2007-02-20 21:00:52,121.562500,31.253500, 28, 67,1
87382,2007-02-20 21:01:53,121.568100,31.252300, 30, 22,1
87382,2007-02-20 21:02:54,121.572100,31.254600,  0, 22,1
87382,2007-02-20 21:03:55,121.575500,31.253000, 68, 67,1
87382,2007-02-20 21:05:57,121.585600,31.258600, 48, 22,1
87382,2007-02-20 21:06:58,121.590600,31.254300,  0, 67,1
87382,2007-02-20 21:06:59,121.590600,31.254300,  0, 67,0
87382,2007-02-20 21:07:59,121.589100,31.257100, 32, 22,0
87382,2007-02-20 21:08:45,121.591800,31.258300, 24,157,0
87382,2007-02-20 21:09:46,121.593000,31.262500, 54,157,0
87382,2007-02-20 21:10:47,121.587600,31.263100, 32,135,0
87382,2007-02-20 21:11:48,121.585300,31.266500,  0,157,0
87382,2007-02-20 21:12:49,121.583000,31.266600, 24,135,0
87382,2007-02-20 21:13:50,121.580300,31.262500, 42,112,0
87382,2007-02-20 21:14:51,121.578300,31.260300,  0,112,0
87382,2007-02-20 21:15:52,121.577600,31.259500,  0,112,0
87382,2007-02-20 21:17:54,121.571300,31.262300, 72,157,0
87382,2007-02-20 21:18:55,121.567300,31.262800,  0,112,0
87382,2007-02-20 21:19:10,121.567100,31.262800, 16,112,1
87382,2007-02-20 21:20:11,121.561100,31.262100, 60,157,1
87382,2007-02-20 21:21:12,121.559100,31.262300, 64,112,1
87382,2007-02-20 21:22:13,121.552500,31.258000, 54,112,1
87382,2007-02-20 21:23:14,121.547300,31.253000,  0,112,1
87382,2007-02-20 21:24:15,121.542100,31.248800, 74,112,1
87382,2007-02-20 21:25:16,121.533500,31.245300, 34,135,1
87382,2007-02-20 21:26:17,121.529800,31.244300, 78,135,1
87382,2007-02-20 21:27:18,121.525100,31.243000,  0,135,1
87382,2007-02-20 21:28:19,121.519500,31.243600, 32,157,1
87382,2007-02-20 21:29:20,121.514000,31.243600,  0,135,1
87382,2007-02-20 21:29:30,121.514000,31.243600,  0,135,0
87382,2007-02-20 21:30:30,121.508800,31.242100, 52,135,0
87382,2007-02-20 21:31:31,121.505000,31.241800, 46,157,0
87382,2007-02-20 21:32:32,121.499000,31.239500, 16,112,0
87382,2007-02-20 21:32:58,121.498000,31.239800, 22,135,1
87382,2007-02-20 21:33:59,121.499000,31.242300, 44, 67,1
87382,2007-02-20 21:35:00,121.504100,31.243100, 34, 67,1
87382,2007-02-20 21:36:01,121.505800,31.240000,  0, 90,1
87382,2007-02-20 21:37:02,121.515100,31.242300, 42, 45,1
87382,2007-02-20 21:38:03,121.523600,31.242600, 68, 45,1
87382,2007-02-20 21:39:04,121.535800,31.246000, 68, 22,1
87382,2007-02-20 21:40:05,121.539100,31.247500, 46, 22,1
87382,2007-02-20 21:41:06,121.545100,31.250500, 54, 22,1
87382,2007-02-20 21:42:07,121.551100,31.256800, 26, 22,1
87382,2007-02-20 21:43:08,121.556000,31.260100,  0, 22,1
87382,2007-02-20 21:44:09,121.558500,31.261600, 22, 22,1
87382,2007-02-20 21:44:49,121.559500,31.261100,  0, 67,0
87382,2007-02-20 21:46:50,121.559500,31.262300, 40, 22,0
87382,2007-02-20 21:47:51,121.557300,31.261100,  0,112,0
87382,2007-02-20 21:48:52,121.553800,31.259000, 72,112,0
87382,2007-02-20 21:49:53,121.546300,31.252000, 68,112,0
87382,2007-02-20 21:50:54,121.544300,31.250100, 42,112,0
87382,2007-02-20 21:51:55,121.539000,31.247500, 62,112,0
87382,2007-02-20 21:53:57,121.522500,31.242800, 66,135,0
87382,2007-02-20 21:54:58,121.515300,31.243600, 40,135,0
87382,2007-02-20 21:55:59,121.508000,31.242000, 36,112,0
87382,2007-02-20 21:57:00,121.505100,31.241500, 28,157,0
87382,2007-02-20 21:58:01,121.499300,31.240000, 26, 90,0
87382,2007-02-20 21:59:02,121.496800,31.240300,  0,157,0
87382,2007-02-20 21:59:33,121.496800,31.240300,  0,157,1
87382,2007-02-20 22:01:34,121.498100,31.234300, 36, 67,1
87382,2007-02-20 22:02:35,121.506000,31.233300, 72, 67,1
87382,2007-02-20 22:03:03,121.507100,31.231100,  0, 90,0
87382,2007-02-20 22:04:03,121.507000,31.231100,  0, 45,0
87382,2007-02-20 22:05:04,121.504300,31.235100, 44,135,0
87382,2007-02-20 22:06:05,121.499600,31.236500,  0,  0,0
87382,2007-02-20 22:06:13,121.499800,31.236500, 22, 45,1
87382,2007-02-20 22:07:14,121.502500,31.234800, 32, 67,1
87382,2007-02-20 22:08:15,121.507600,31.230500, 78, 67,1
87382,2007-02-20 22:09:16,121.512100,31.228500, 36, 90,1
87382,2007-02-20 22:10:17,121.514500,31.221000, 48, 90,1
87382,2007-02-20 22:11:05,121.514600,31.220600,  0,  0,0
87382,2007-02-20 22:12:06,121.513500,31.225000, 60,  0,0
87382,2007-02-20 22:13:07,121.509500,31.234600, 12,157,0
87382,2007-02-20 22:14:08,121.503500,31.235000, 70,135,0
87382,2007-02-20 22:15:09,121.500800,31.236500, 38,135,0
87382,2007-02-20 22:16:10,121.499800,31.240800, 14,112,0
87382,2007-02-20 22:18:08,121.499800,31.241100, 56, 67,1
87382,2007-02-20 22:19:09,121.500000,31.241000, 18, 45,1
87382,2007-02-20 22:20:10,121.504000,31.239000,  0, 90,1
87382,2007-02-20 22:21:11,121.504000,31.239000,  0, 90,1
87382,2007-02-20 22:22:12,121.502000,31.238100,  0,135,1
87382,2007-02-20 22:24:14,121.494000,31.241300,  0,157,1
87382,2007-02-20 22:25:15,121.494000,31.241300,  0,157,1
87382,2007-02-20 22:26:16,121.494000,31.241300,  0,157,1
87382,2007-02-20 22:27:17,121.494000,31.241300,  0,157,1
87382,2007-02-20 22:28:18,121.494000,31.241300,  0,157,1
87382,2007-02-20 22:30:20,121.457000,31.232300, 20,157,1
87382,2007-02-20 22:31:21,121.454000,31.231300,  0,112,1
87382,2007-02-20 22:32:22,121.452000,31.230100, 24,112,1
87382,2007-02-20 22:32:53,121.449800,31.229100,  0,112,0
87382,2007-02-20 22:33:53,121.450500,31.228800, 26, 67,0
87382,2007-02-20 22:34:54,121.453300,31.223100, 50, 67,0
87382,2007-02-20 22:35:55,121.468500,31.227600, 68, 22,0
87382,2007-02-20 22:39:16,120.836800,31.242300,  0, 67,0
87382,2007-02-20 22:40:15,121.500500,31.236300, 22, 45,1
87382,2007-02-20 22:41:15,121.502300,31.234800,  0, 90,1
87382,2007-02-20 22:42:16,121.506100,31.233000, 56, 67,1
87382,2007-02-20 22:43:17,121.511000,31.231300, 40, 90,1
87382,2007-02-20 22:44:18,121.511800,31.229300,  0, 67,1
87382,2007-02-20 22:45:19,121.515500,31.230100, 48, 45,1
87382,2007-02-20 22:46:20,121.520100,31.231600,  6, 45,1
87382,2007-02-20 22:47:21,121.530600,31.234800, 66, 22,1
87382,2007-02-20 22:48:22,121.540500,31.238100, 34, 45,1
87382,2007-02-20 22:49:23,121.545000,31.239600, 66, 22,1
87382,2007-02-20 22:51:25,121.561000,31.247300, 42, 67,1
87382,2007-02-20 22:52:26,121.562500,31.245600, 50, 67,1
87382,2007-02-20 22:53:20,121.562600,31.241800,  0,135,0
87382,2007-02-20 22:56:23,121.565800,31.241300, 60, 67,0
87382,2007-02-20 22:57:24,121.557100,31.235500,104,112,0
87382,2007-02-20 22:58:25,121.546300,31.230600, 76,135,0
87382,2007-02-20 22:59:26,121.535100,31.225000,100,112,0
87382,2007-02-20 23:00:27,121.529600,31.216000, 42, 90,0
87382,2007-02-20 23:01:28,121.524100,31.213800, 12,135,0
87382,2007-02-20 23:02:29,121.523100,31.213800, 32,135,0
87382,2007-02-20 23:03:28,121.518600,31.213800, 30, 45,1
87382,2007-02-20 23:04:28,121.523100,31.213600, 18, 90,1
87382,2007-02-20 23:05:29,121.522500,31.212100,  0, 90,1
87382,2007-02-20 23:06:30,121.522800,31.209800, 66, 45,1
87382,2007-02-20 23:07:31,121.531800,31.209500, 58, 45,1
87382,2007-02-20 23:08:32,121.535100,31.209000,  0, 45,1
87382,2007-02-20 23:09:33,121.539300,31.206500,  0, 67,1
87382,2007-02-20 23:10:34,121.542800,31.201500, 40, 90,1
87382,2007-02-20 23:11:35,121.545600,31.194500, 46, 67,1
87382,2007-02-20 23:12:36,121.548500,31.190100, 50, 67,1
87382,2007-02-20 23:13:37,121.551500,31.182100, 74, 90,1
87382,2007-02-20 23:14:38,121.555300,31.173000, 76, 67,1
87382,2007-02-20 23:15:39,121.558100,31.167100,  0, 90,1
87382,2007-02-20 23:16:40,121.563300,31.165500, 70, 45,1
87382,2007-02-20 23:18:11,121.566800,31.166300,  4, 45,0
87382,2007-02-20 23:19:12,121.567500,31.169600, 54,  0,0
87382,2007-02-20 23:21:45,121.558800,31.177800, 26,157,1
87382,2007-02-20 23:23:47,121.555300,31.191300, 48,  0,1
87382,2007-02-20 23:24:48,121.554100,31.197600, 58,  0,1
87382,2007-02-20 23:26:50,121.551800,31.205500, 16,  0,1
87382,2007-02-20 23:27:51,121.550100,31.213600,  0,  0,1
87382,2007-02-20 23:28:52,121.542100,31.213000, 62,135,1
87382,2007-02-20 23:29:53,121.535800,31.215000, 66,135,1
87382,2007-02-20 23:30:54,121.530300,31.216500,  0,135,1
87382,2007-02-20 23:31:55,121.525000,31.216500, 26,135,1
87382,2007-02-20 23:34:17,121.523300,31.225300, 40,157,1
87382,2007-02-20 23:35:18,121.519100,31.234600, 54,157,1
87382,2007-02-20 23:36:19,121.515600,31.242100,  0,  0,1
87382,2007-02-20 23:37:20,121.515600,31.242300,  6,157,1
87382,2007-02-20 23:38:21,121.510600,31.241100, 12, 90,1
87382,2007-02-20 23:38:28,121.510600,31.241000,  8, 67,0
87382,2007-02-20 23:39:29,121.511000,31.240500, 20, 67,0
87382,2007-02-20 23:41:31,121.508600,31.240300, 40,157,0
87382,2007-02-20 23:42:32,121.511100,31.240100, 30, 67,0
87382,2007-02-20 23:43:33,121.512000,31.240000, 28, 45,0
87382,2007-02-20 23:44:34,121.515000,31.237100, 56, 67,0
87382,2007-02-20 23:45:35,121.516500,31.234000,  0, 90,0
87382,2007-02-20 23:46:36,121.518500,31.234500, 46, 22,0
87382,2007-02-20 23:47:37,121.522000,31.227800, 30,112,0
87382,2007-02-20 23:48:38,121.521100,31.222000, 18, 67,0
87382,2007-02-20 23:49:39,121.524000,31.222600,  0, 22,0
87382,2007-02-20 23:50:18,121.524000,31.222600, 16, 45,1
87382,2007-02-20 23:51:18,121.524100,31.215300, 70, 90,1
87382,2007-02-20 23:52:19,121.521500,31.210500,  0,112,1
87382,2007-02-20 23:53:20,121.520000,31.207500, 72,112,1
87382,2007-02-20 23:54:21,121.515000,31.203100, 64,135,1
87382,2007-02-20 23:55:22,121.511600,31.201100, 70,112,1
87382,2007-02-20 23:56:23,121.507800,31.196600, 28,112,1
87382,2007-02-20 23:58:14,121.506600,31.197600,  0,157,0
87382,2007-02-20 23:59:15,121.507300,31.196600,  4, 67,0
