85302,2007-02-20 00:00:17,121.471300,31.264100,  0, 22,0
85302,2007-02-20 00:01:19,121.471300,31.264100,  0, 22,0
85302,2007-02-20 00:01:52,121.471000,31.264800, 28, 22,0
85302,2007-02-20 00:02:07,121.472000,31.265500, 30, 22,0
85302,2007-02-20 00:04:10,121.471800,31.265600,  0, 22,0
85302,2007-02-20 00:05:11,121.471800,31.265600,  0, 22,0
85302,2007-02-20 00:06:12,121.471800,31.265600,  0, 22,0
85302,2007-02-20 00:07:12,121.472000,31.265600,  0, 22,0
85302,2007-02-20 00:09:15,121.471800,31.265600,  0, 22,0
85302,2007-02-20 00:11:17,121.471800,31.265600,  0, 22,0
85302,2007-02-20 00:12:17,121.471800,31.265600,  0, 22,0
85302,2007-02-20 00:13:19,121.471800,31.265600,  0, 22,0
85302,2007-02-20 00:14:20,121.471800,31.265600,  0, 22,0
85302,2007-02-20 00:15:21,121.471800,31.265600,  0, 22,0
85302,2007-02-20 00:17:22,121.471800,31.265800,  0, 67,0
85302,2007-02-20 00:19:25,121.471800,31.265600,  0,112,0
85302,2007-02-20 00:20:26,121.471800,31.265600,  0,112,0
85302,2007-02-20 00:21:27,121.471800,31.265600,  0,112,0
85302,2007-02-20 00:22:27,121.471800,31.265600,  0,112,0
85302,2007-02-20 00:23:29,121.471800,31.265600,  0,112,0
85302,2007-02-20 00:24:30,121.471800,31.265600,  0,112,0
85302,2007-02-20 00:25:31,121.471800,31.265600,  0,112,0
85302,2007-02-20 00:26:31,121.471800,31.265600,  0,112,0
85302,2007-02-20 00:27:31,121.471800,31.265600,  0,112,0
85302,2007-02-20 00:28:33,121.471800,31.265600,  0,112,0
85302,2007-02-20 00:29:34,121.471800,31.265600,  0,112,0
85302,2007-02-20 00:30:35,121.471800,31.265600,  0,112,0
85302,2007-02-20 00:31:36,121.471800,31.265600,  0,112,0
85302,2007-02-20 00:32:36,121.471800,31.265600,  0,112,0
85302,2007-02-20 00:33:38,121.471800,31.265600,  0,112,0
85302,2007-02-20 00:34:39,121.471800,31.265600,  0,112,0
85302,2007-02-20 00:35:40,121.471800,31.265600,  0,112,0
85302,2007-02-20 00:36:41,121.471800,31.265600,  0,112,0
85302,2007-02-20 00:37:41,121.471800,31.265600,  0,112,0
85302,2007-02-20 00:38:43,121.471800,31.265600,  0,112,0
85302,2007-02-20 00:39:44,121.471800,31.265600,  0,112,0
85302,2007-02-20 00:40:45,121.471800,31.265600,  0,112,0
85302,2007-02-20 00:41:46,121.471800,31.265600,  0,112,0
85302,2007-02-20 00:42:46,121.471800,31.265600,  0,112,0
85302,2007-02-20 00:43:48,121.471800,31.265600,  0,112,0
85302,2007-02-20 00:44:49,121.471800,31.265600,  0,112,0
85302,2007-02-20 00:45:50,121.471800,31.265600,  0,112,0
85302,2007-02-20 00:46:51,121.471800,31.265600,  0,112,0
85302,2007-02-20 00:48:53,121.471800,31.265600,  0,112,0
85302,2007-02-20 00:49:54,121.471800,31.265600,  0,112,0
85302,2007-02-20 00:50:55,121.471800,31.265600,  0,112,0
85302,2007-02-20 00:53:16,121.471800,31.265600,  0,112,0
85302,2007-02-20 00:54:16,121.471800,31.265600,  0,112,0
85302,2007-02-20 00:55:18,121.471800,31.265600,  0,112,0
85302,2007-02-20 00:56:19,121.471800,31.265600,  0,112,0
85302,2007-02-20 00:57:20,121.471800,31.265600,  0,112,0
85302,2007-02-20 00:58:21,121.471800,31.265600,  0,112,0
85302,2007-02-20 00:59:21,121.471800,31.265600,  0,112,0
85302,2007-02-20 01:00:23,121.471800,31.265600,  0,112,0
85302,2007-02-20 01:01:24,121.471800,31.265600,  0,112,0
85302,2007-02-20 01:02:25,121.471800,31.265600,  0,112,0
85302,2007-02-20 01:03:26,121.471800,31.265600,  0,112,0
85302,2007-02-20 01:05:28,121.471800,31.265600,  0,112,0
85302,2007-02-20 01:06:29,121.471800,31.265600,  0,112,0
85302,2007-02-20 01:07:30,121.471800,31.265600,  0,112,0
85302,2007-02-20 01:08:31,121.471800,31.265600,  0,112,0
85302,2007-02-20 01:09:31,121.471800,31.265600,  0,112,0
85302,2007-02-20 01:10:33,121.471800,31.265600,  0,112,0
85302,2007-02-20 01:11:34,121.471800,31.265600,  0,112,0
85302,2007-02-20 01:13:36,121.471800,31.265600,  0,112,0
85302,2007-02-20 01:14:36,121.471800,31.265600,  0,112,0
85302,2007-02-20 01:15:38,121.471800,31.265600,  0,112,0
85302,2007-02-20 01:16:39,121.471800,31.265600,  0,112,0
85302,2007-02-20 01:17:40,121.471800,31.265600,  0,112,0
85302,2007-02-20 01:18:41,121.471800,31.265600,  0,112,0
85302,2007-02-20 01:19:41,121.471800,31.265600,  0,112,0
85302,2007-02-20 01:20:43,121.471800,31.265600,  0,112,0
85302,2007-02-20 01:21:44,121.471800,31.265600,  0,112,0
85302,2007-02-20 01:22:45,121.471800,31.265600,  0,112,0
85302,2007-02-20 01:23:46,121.471800,31.265600,  0,112,0
85302,2007-02-20 01:24:46,121.471800,31.265600,  0,112,0
85302,2007-02-20 01:25:48,121.471800,31.265600,  0,112,0
85302,2007-02-20 01:26:49,121.471800,31.265600,  0,112,0
85302,2007-02-20 01:27:50,121.471800,31.265600,  0,112,0
85302,2007-02-20 01:28:51,121.471800,31.265600,  0,112,0
85302,2007-02-20 01:29:51,121.471800,31.265600,  0,112,0
85302,2007-02-20 01:30:53,121.471800,31.265600,  0,112,0
85302,2007-02-20 01:31:54,121.471800,31.265600,  0,112,0
85302,2007-02-20 01:32:55,121.471800,31.265600,  0,112,0
85302,2007-02-20 01:33:56,121.471800,31.265600,  0,112,0
85302,2007-02-20 01:34:56,121.471800,31.265600,  0,112,0
85302,2007-02-20 01:35:58,121.471800,31.265600,  0,112,0
85302,2007-02-20 01:36:59,121.471800,31.265600,  0,112,0
85302,2007-02-20 01:38:00,121.471800,31.265600,  0,112,0
85302,2007-02-20 01:40:01,121.471800,31.265600,  0,112,0
85302,2007-02-20 01:41:03,121.471800,31.265600,  0,112,0
85302,2007-02-20 01:42:04,121.471800,31.265600,  0,112,0
85302,2007-02-20 01:43:05,121.471800,31.265600,  0,112,0
85302,2007-02-20 01:45:06,121.471800,31.265600,  0,112,0
85302,2007-02-20 01:47:09,121.471800,31.265600,  0,112,0
85302,2007-02-20 01:49:11,121.471800,31.265600,  0,112,0
85302,2007-02-20 01:50:11,121.471800,31.265600,  0,112,0
85302,2007-02-20 01:51:13,121.471800,31.265600,  0,112,0
85302,2007-02-20 01:52:14,121.471800,31.265600,  0,112,0
85302,2007-02-20 01:53:15,121.471800,31.265600,  0,112,0
85302,2007-02-20 01:54:16,121.471800,31.265600,  0,112,0
85302,2007-02-20 01:55:16,121.471800,31.265600,  0,112,0
85302,2007-02-20 01:56:18,121.471800,31.265600,  0,112,0
85302,2007-02-20 01:58:20,121.472000,31.265600,  0,112,0
85302,2007-02-20 02:00:21,121.472000,31.265600,  0,112,0
85302,2007-02-20 02:01:23,121.472000,31.265600,  0,112,0
85302,2007-02-20 02:02:24,121.472000,31.265600,  0,112,0
85302,2007-02-20 02:03:25,121.472000,31.265600,  0,112,0
85302,2007-02-20 02:05:26,121.472100,31.265500,  0,157,0
85302,2007-02-20 02:07:29,121.472000,31.265600,  0,157,0
85302,2007-02-20 02:08:30,121.472000,31.265600,  0,157,0
85302,2007-02-20 02:09:31,121.472000,31.265600,  0,157,0
85302,2007-02-20 02:10:31,121.472000,31.265600,  0,157,0
85302,2007-02-20 02:11:33,121.472000,31.265600,  0,157,0
85302,2007-02-20 02:13:35,121.472000,31.265600,  0,157,0
85302,2007-02-20 02:14:36,121.472000,31.265600,  0,157,0
85302,2007-02-20 02:15:36,121.472000,31.265600,  0,157,0
85302,2007-02-20 02:16:38,121.472000,31.265600,  0,157,0
85302,2007-02-20 02:17:39,121.472300,31.265500,  0,157,0
85302,2007-02-20 02:18:40,121.472300,31.265500,  0,157,0
85302,2007-02-20 02:19:41,121.472300,31.265500,  0,157,0
85302,2007-02-20 02:20:41,121.472300,31.265500,  0,157,0
85302,2007-02-20 02:21:43,121.472300,31.265500,  0,157,0
85302,2007-02-20 02:22:44,121.472300,31.265500,  0,157,0
85302,2007-02-20 02:23:45,121.472300,31.265500,  0,157,0
85302,2007-02-20 02:24:46,121.472300,31.265500,  0,157,0
85302,2007-02-20 02:25:46,121.472300,31.265500,  0,157,0
85302,2007-02-20 02:26:48,121.472300,31.265500,  0,157,0
85302,2007-02-20 02:27:49,121.472300,31.265500,  0,157,0
85302,2007-02-20 02:28:50,121.472300,31.265500,  0,157,0
85302,2007-02-20 02:29:51,121.472300,31.265500,  0,157,0
85302,2007-02-20 02:30:51,121.472300,31.265500,  0,157,0
85302,2007-02-20 02:32:54,121.472300,31.265500,  0,157,0
85302,2007-02-20 02:33:55,121.472300,31.265500,  0,157,0
85302,2007-02-20 02:35:56,121.471800,31.265600,  0,157,0
85302,2007-02-20 02:36:58,121.471800,31.265600,  0,157,0
85302,2007-02-20 02:37:59,121.472000,31.265600,  0,157,0
85302,2007-02-20 02:39:00,121.472000,31.265500,  0,157,0
85302,2007-02-20 02:40:01,121.472000,31.265500,  0,157,0
85302,2007-02-20 02:41:01,121.472000,31.265500,  0,157,0
85302,2007-02-20 02:42:03,121.472000,31.265500,  0,157,0
85302,2007-02-20 02:43:04,121.472500,31.265100,  0,157,0
85302,2007-02-20 02:44:05,121.472500,31.265100,  0,157,0
85302,2007-02-20 02:45:06,121.472100,31.265500,  0,157,0
85302,2007-02-20 02:46:06,121.472100,31.265500,  0,157,0
85302,2007-02-20 02:47:08,121.472100,31.265500,  0,157,0
85302,2007-02-20 02:48:09,121.472100,31.265500,  0,157,0
85302,2007-02-20 02:49:10,121.472100,31.265500,  0,157,0
85302,2007-02-20 02:50:11,121.472100,31.265500,  0,157,0
85302,2007-02-20 02:51:11,121.472100,31.265500,  0,157,0
85302,2007-02-20 02:52:13,121.472100,31.265500,  0,157,0
85302,2007-02-20 02:53:14,121.472100,31.265500,  0,157,0
85302,2007-02-20 02:54:15,121.472100,31.265500,  0,157,0
85302,2007-02-20 02:55:16,121.472000,31.265500,  0,157,0
85302,2007-02-20 02:56:16,121.472000,31.265500,  0,157,0
85302,2007-02-20 02:57:18,121.472000,31.265500,  0,157,0
85302,2007-02-20 02:58:19,121.471600,31.265600,  0,135,0
85302,2007-02-20 02:59:20,121.471600,31.265600,  0,135,0
85302,2007-02-20 03:00:21,121.471600,31.265800,  0,135,0
85302,2007-02-20 03:01:21,121.471600,31.265800,  0,135,0
85302,2007-02-20 03:03:24,121.471800,31.265600,  0,135,0
85302,2007-02-20 03:04:25,121.471800,31.265600,  0,135,0
85302,2007-02-20 03:05:26,121.471800,31.265600,  0,135,0
85302,2007-02-20 03:06:26,121.471800,31.265600,  0,135,0
85302,2007-02-20 03:07:28,121.471800,31.265600,  0,135,0
85302,2007-02-20 03:08:29,121.471800,31.265600,  0,135,0
85302,2007-02-20 03:09:30,121.471800,31.265600,  0,135,0
85302,2007-02-20 03:11:31,121.471800,31.265600,  0,135,0
85302,2007-02-20 03:12:33,121.471800,31.265600,  0,135,0
85302,2007-02-20 03:13:34,121.471800,31.265600,  0,135,0
85302,2007-02-20 03:14:35,121.471800,31.265600,  0,135,0
85302,2007-02-20 03:17:38,121.471800,31.265600,  0,135,0
85302,2007-02-20 03:18:39,121.471800,31.265600,  0,135,0
85302,2007-02-20 03:19:40,121.471800,31.265600,  0,135,0
85302,2007-02-20 03:20:41,121.471800,31.265600,  0,135,0
85302,2007-02-20 03:21:41,121.471800,31.265600,  0,135,0
85302,2007-02-20 03:22:43,121.471800,31.265600,  0,135,0
85302,2007-02-20 03:23:44,121.471800,31.265600,  0,135,0
85302,2007-02-20 03:24:45,121.471800,31.265600,  0,135,0
85302,2007-02-20 03:25:46,121.471800,31.265600,  0,135,0
85302,2007-02-20 03:27:48,121.471800,31.265600,  0,135,0
85302,2007-02-20 03:28:49,121.471800,31.265600,  0,135,0
85302,2007-02-20 03:29:50,121.471800,31.265600,  0,135,0
85302,2007-02-20 03:31:51,121.471800,31.265600,  0,135,0
85302,2007-02-20 03:33:54,121.471800,31.265600,  0,135,0
85302,2007-02-20 03:34:55,121.471800,31.265600,  0,135,0
85302,2007-02-20 03:35:56,121.471800,31.265600,  0,135,0
85302,2007-02-20 03:36:56,121.471800,31.265600,  0,135,0
85302,2007-02-20 03:37:58,121.471800,31.265600,  0,135,0
85302,2007-02-20 03:38:59,121.471800,31.265600,  0,135,0
85302,2007-02-20 03:40:00,121.471800,31.265600,  0,135,0
85302,2007-02-20 03:41:01,121.471800,31.265600,  0,135,0
85302,2007-02-20 03:42:03,121.471800,31.265600,  0, 22,0
85302,2007-02-20 03:43:04,121.471800,31.265600,  0, 22,0
85302,2007-02-20 03:44:05,121.471800,31.265600,  0, 22,0
85302,2007-02-20 03:45:06,121.471800,31.265600,  0, 67,0
85302,2007-02-20 03:46:06,121.471800,31.265600,  0, 67,0
85302,2007-02-20 03:47:08,121.471800,31.265600,  0, 67,0
85302,2007-02-20 03:48:09,121.471800,31.265600,  0, 67,0
85302,2007-02-20 03:49:10,121.471800,31.265600,  0, 67,0
85302,2007-02-20 03:50:11,121.471800,31.265600,  0, 67,0
85302,2007-02-20 03:51:11,121.472000,31.265500,  0, 45,0
85302,2007-02-20 03:52:13,121.472000,31.265500,  0, 45,0
85302,2007-02-20 03:53:14,121.472000,31.265500,  0, 45,0
85302,2007-02-20 03:54:15,121.472000,31.265500,  0, 45,0
85302,2007-02-20 03:55:16,121.472000,31.265500,  0, 45,0
85302,2007-02-20 03:56:16,121.472000,31.265500,  0, 45,0
85302,2007-02-20 03:57:18,121.472000,31.265500,  0, 45,0
85302,2007-02-20 03:58:19,121.472000,31.265500,  0, 45,0
85302,2007-02-20 03:59:20,121.472300,31.265500,  0, 45,0
85302,2007-02-20 04:00:21,121.472300,31.265500,  0, 67,0
85302,2007-02-20 04:01:21,121.472300,31.265100,  0, 90,0
85302,2007-02-20 04:02:23,121.472100,31.265300,  0, 90,0
85302,2007-02-20 04:03:24,121.472100,31.265300,  0, 90,0
85302,2007-02-20 04:05:26,121.472100,31.265300,  0, 90,0
85302,2007-02-20 04:06:26,121.472100,31.265300,  0, 90,0
85302,2007-02-20 04:07:28,121.472100,31.265300,  0, 90,0
85302,2007-02-20 04:08:29,121.472100,31.265300,  0, 90,0
85302,2007-02-20 04:09:30,121.472100,31.265300,  0, 90,0
85302,2007-02-20 04:10:31,121.472000,31.265100,  0, 90,0
85302,2007-02-20 04:12:33,121.472000,31.265500,  0, 90,0
85302,2007-02-20 04:13:34,121.472000,31.265500,  0, 90,0
85302,2007-02-20 04:14:35,121.472000,31.265500,  0, 90,0
85302,2007-02-20 04:15:36,121.472000,31.265500,  0, 90,0
85302,2007-02-20 04:16:36,121.472000,31.265500,  0, 90,0
85302,2007-02-20 04:17:38,121.472000,31.265500,  0, 90,0
85302,2007-02-20 04:18:39,121.472000,31.265500,  0, 90,0
85302,2007-02-20 04:19:40,121.472000,31.265500,  0, 90,0
85302,2007-02-20 04:20:41,121.472000,31.265500,  0, 90,0
85302,2007-02-20 04:21:41,121.472000,31.265500,  0, 90,0
85302,2007-02-20 04:22:43,121.472000,31.265500,  0, 90,0
85302,2007-02-20 04:23:44,121.472000,31.265500,  0, 90,0
85302,2007-02-20 04:26:46,121.472000,31.265500,  0, 90,0
85302,2007-02-20 04:27:48,121.472000,31.265500,  0, 90,0
85302,2007-02-20 04:28:49,121.472000,31.265500,  0, 90,0
85302,2007-02-20 04:29:50,121.471800,31.265500,  0, 90,0
85302,2007-02-20 04:30:51,121.472000,31.265600,  0, 90,0
85302,2007-02-20 04:31:51,121.472000,31.265600,  0, 90,0
85302,2007-02-20 04:32:53,121.472000,31.265500,  0, 90,0
85302,2007-02-20 04:33:54,121.472000,31.265500,  0, 90,0
85302,2007-02-20 04:34:55,121.471800,31.264600,  0, 90,0
85302,2007-02-20 04:35:56,121.471800,31.264600,  0, 90,0
85302,2007-02-20 04:37:58,121.472000,31.265600,  0, 90,0
85302,2007-02-20 04:38:59,121.472000,31.265600,  0, 90,0
85302,2007-02-20 04:40:00,121.472000,31.265600,  0, 90,0
85302,2007-02-20 04:41:01,121.472000,31.265600,  0, 90,0
85302,2007-02-20 04:42:01,121.472000,31.265600,  0, 90,0
85302,2007-02-20 04:43:03,121.472000,31.265600,  0, 90,0
85302,2007-02-20 04:46:06,121.472000,31.265600,  0, 90,0
85302,2007-02-20 04:47:06,121.472000,31.265600,  0, 90,0
85302,2007-02-20 04:48:08,121.472000,31.265600,  0, 90,0
85302,2007-02-20 04:49:09,121.472000,31.265600,  0, 90,0
85302,2007-02-20 04:50:10,121.472000,31.265600,  0, 90,0
85302,2007-02-20 04:51:11,121.472000,31.265600,  0, 90,0
85302,2007-02-20 04:52:11,121.472000,31.265600,  0, 90,0
85302,2007-02-20 04:53:13,121.472000,31.265600,  0, 90,0
85302,2007-02-20 04:54:13,121.472000,31.265500,  0, 90,0
85302,2007-02-20 04:55:14,121.472000,31.265500,  0, 90,0
85302,2007-02-20 04:56:15,121.472000,31.265500,  0, 90,0
85302,2007-02-20 04:57:16,121.472000,31.265500,  0, 90,0
85302,2007-02-20 04:58:16,121.472000,31.265500,  0, 90,0
85302,2007-02-20 04:59:17,121.472000,31.265500,  0, 90,0
85302,2007-02-20 05:00:18,121.472000,31.265500,  0, 90,0
85302,2007-02-20 05:01:19,121.472000,31.265500,  0, 90,0
85302,2007-02-20 05:02:20,121.472000,31.265500,  0, 90,0
85302,2007-02-20 05:03:21,121.472000,31.265500,  0, 90,0
85302,2007-02-20 05:04:22,121.472000,31.265500,  0, 90,0
85302,2007-02-20 05:05:23,121.472000,31.265500,  0, 90,0
85302,2007-02-20 05:06:24,121.472000,31.265500,  0, 90,0
85302,2007-02-20 05:07:25,121.472000,31.265500,  0, 90,0
85302,2007-02-20 05:09:27,121.472000,31.265500,  0, 90,0
85302,2007-02-20 05:10:28,121.472000,31.265500,  0, 90,0
85302,2007-02-20 05:11:29,121.472000,31.265500,  0, 90,0
85302,2007-02-20 05:13:31,121.471800,31.265600,  0, 90,0
85302,2007-02-20 05:14:32,121.471800,31.265600,  0, 90,0
85302,2007-02-20 05:15:33,121.471800,31.265800,  0, 90,0
85302,2007-02-20 05:17:35,121.471800,31.265800,  0, 90,0
85302,2007-02-20 05:18:36,121.471800,31.265800,  0, 90,0
85302,2007-02-20 05:19:37,121.471800,31.265800,  0, 90,0
85302,2007-02-20 05:20:38,121.471800,31.265800,  0, 90,0
85302,2007-02-20 05:21:39,121.471800,31.265800,  0, 90,0
85302,2007-02-20 05:22:40,121.471800,31.265800,  0, 90,0
85302,2007-02-20 05:23:41,121.471800,31.265800,  0, 90,0
85302,2007-02-20 05:24:42,121.471800,31.265800,  8, 22,0
85302,2007-02-20 05:25:05,121.472800,31.266300, 16, 22,0
85302,2007-02-20 05:25:31,121.473600,31.267000, 24, 22,0
85302,2007-02-20 05:25:47,121.474800,31.267500, 34, 22,0
85302,2007-02-20 05:26:03,121.476100,31.267500, 28, 67,0
85302,2007-02-20 05:26:19,121.477000,31.267000, 12, 67,0
85302,2007-02-20 05:26:45,121.478100,31.266600, 20, 45,0
85302,2007-02-20 05:27:08,121.479100,31.266100, 34, 67,0
85302,2007-02-20 05:27:24,121.480000,31.265300, 28, 45,0
85302,2007-02-20 05:27:40,121.481300,31.264800, 34, 67,0
85302,2007-02-20 05:27:56,121.483500,31.263800, 52, 67,0
85302,2007-02-20 05:28:12,121.484800,31.262600, 26, 45,0
85302,2007-02-20 05:28:28,121.485500,31.263800, 12, 22,0
85302,2007-02-20 05:29:06,121.485600,31.264800, 32,  0,0
85302,2007-02-20 05:29:22,121.486100,31.265800, 14,  0,0
85302,2007-02-20 05:29:56,121.486800,31.266800, 14, 22,0
85302,2007-02-20 05:30:18,121.486500,31.267000, 50,  0,0
85302,2007-02-20 05:30:34,121.487600,31.268500, 56, 22,0
85302,2007-02-20 05:31:06,121.491000,31.271300, 50, 22,0
85302,2007-02-20 05:31:22,121.492500,31.272800, 50, 22,0
85302,2007-02-20 05:31:38,121.493000,31.272600, 28, 22,0
85302,2007-02-20 05:31:54,121.494000,31.273300, 28, 22,0
85302,2007-02-20 05:32:10,121.494800,31.275300, 24,157,0
85302,2007-02-20 05:32:30,121.494100,31.276500, 20,157,0
85302,2007-02-20 05:33:31,121.493800,31.277000,  0,157,0
85302,2007-02-20 05:34:05,121.493800,31.277000,  0,157,1
85302,2007-02-20 05:35:05,121.493800,31.277000,  0,157,1
85302,2007-02-20 05:36:06,121.493800,31.277000,  0,157,1
85302,2007-02-20 05:38:33,121.478600,31.284100,  0,157,1
85302,2007-02-20 05:38:35,121.478600,31.284100,  0,157,1
85302,2007-02-20 05:39:34,121.475600,31.284300, 60,135,1
85302,2007-02-20 05:40:35,121.472500,31.288100,  0, 22,1
85302,2007-02-20 05:42:37,121.471000,31.292800, 48,157,1
85302,2007-02-20 05:42:52,121.469800,31.294000, 14,  0,0
85302,2007-02-20 05:43:08,121.469000,31.292600,  0,112,0
85302,2007-02-20 05:43:45,121.467800,31.293000, 50,135,0
85302,2007-02-20 05:44:00,121.466500,31.293500, 20,157,0
85302,2007-02-20 05:44:18,121.466300,31.292500, 44, 90,0
85302,2007-02-20 05:44:34,121.466000,31.290600, 12, 90,0
85302,2007-02-20 05:44:43,121.466000,31.290600, 16, 90,1
85302,2007-02-20 05:45:44,121.464800,31.283800, 86, 90,1
85302,2007-02-20 05:46:45,121.465100,31.281500, 12, 45,1
85302,2007-02-20 05:47:45,121.473100,31.276300, 58, 90,1
85302,2007-02-20 05:48:47,121.465100,31.266500, 94,112,1
85302,2007-02-20 05:49:48,121.455600,31.262500, 20, 90,1
85302,2007-02-20 05:50:49,121.458800,31.252800, 70, 90,1
85302,2007-02-20 05:51:50,121.455600,31.247600, 56,135,1
85302,2007-02-20 05:52:35,121.452500,31.248600, 12,  0,0
85302,2007-02-20 05:52:50,121.452800,31.248800,  0,  0,0
85302,2007-02-20 05:53:52,121.452800,31.248800,  0,  0,0
85302,2007-02-20 05:54:53,121.452500,31.248600, 24, 90,0
85302,2007-02-20 05:55:10,121.452500,31.247600, 22, 90,0
85302,2007-02-20 05:55:30,121.452500,31.246800, 14, 90,0
85302,2007-02-20 05:56:10,121.455600,31.247500, 72, 45,0
85302,2007-02-20 05:56:25,121.457600,31.246500, 44, 67,0
85302,2007-02-20 05:56:42,121.458100,31.248000, 58,  0,0
85302,2007-02-20 05:56:58,121.458800,31.250800, 80,  0,0
85302,2007-02-20 05:57:14,121.459300,31.252100, 14, 22,0
85302,2007-02-20 05:57:45,121.462000,31.251100, 36, 45,0
85302,2007-02-20 05:58:00,121.463800,31.251800, 22, 22,0
85302,2007-02-20 05:58:19,121.465100,31.252300, 22, 45,0
85302,2007-02-20 05:59:00,121.464300,31.252300, 14, 45,0
85302,2007-02-20 05:59:20,121.464500,31.253300, 36,  0,0
85302,2007-02-20 05:59:37,121.464600,31.255100, 44, 22,0
85302,2007-02-20 05:59:53,121.466800,31.256100, 64, 22,0
85302,2007-02-20 06:00:37,121.469300,31.258300, 44, 22,0
85302,2007-02-20 06:00:53,121.470600,31.259500, 44, 22,0
85302,2007-02-20 06:01:09,121.471500,31.261000, 42, 22,0
85302,2007-02-20 06:01:25,121.473100,31.262300, 10, 22,0
85302,2007-02-20 06:01:44,121.473100,31.262100, 18,112,1
85302,2007-02-20 06:02:44,121.470100,31.259100, 42,112,1
85302,2007-02-20 06:03:45,121.464500,31.255100,  0, 90,1
85302,2007-02-20 06:04:45,121.459100,31.253500, 26, 90,1
85302,2007-02-20 06:05:47,121.458300,31.250100, 66, 90,1
85302,2007-02-20 06:06:48,121.453100,31.248000, 26,135,1
85302,2007-02-20 06:07:43,121.452600,31.248500,  0,  0,0
85302,2007-02-20 06:07:59,121.452600,31.248800, 10,  0,0
85302,2007-02-20 06:08:54,121.453500,31.249500, 34, 45,0
85302,2007-02-20 06:09:10,121.455000,31.249300, 18, 45,0
85302,2007-02-20 06:09:25,121.455100,31.248100, 32, 90,0
85302,2007-02-20 06:10:27,121.455300,31.247500,  4, 90,0
85302,2007-02-20 06:11:05,121.458300,31.246600, 54, 45,0
85302,2007-02-20 06:11:22,121.461000,31.246100, 42, 45,0
85302,2007-02-20 06:11:54,121.462100,31.246000, 42, 45,0
85302,2007-02-20 06:12:10,121.464500,31.246100, 48, 45,0
85302,2007-02-20 06:12:25,121.466300,31.246100, 46, 45,0
85302,2007-02-20 06:12:56,121.464600,31.245500, 12, 90,1
85302,2007-02-20 06:13:57,121.462300,31.247500,  0,  0,1
85302,2007-02-20 06:14:58,121.462300,31.247500,  0,  0,1
85302,2007-02-20 06:15:59,121.462300,31.247500,  0,  0,1
85302,2007-02-20 06:17:00,121.462300,31.247500,  0,  0,1
85302,2007-02-20 06:18:00,121.462300,31.247500,  0,  0,1
85302,2007-02-20 06:19:02,121.462300,31.247500,  0,  0,1
85302,2007-02-20 06:20:03,121.462300,31.247500,  0,  0,1
85302,2007-02-20 06:21:04,121.462300,31.247500,  0,  0,1
85302,2007-02-20 06:22:05,121.462300,31.247500,  0,  0,1
85302,2007-02-20 06:22:21,121.462300,31.247500,  0,  0,0
85302,2007-02-20 06:23:17,121.462300,31.247500,  0,  0,1
85302,2007-02-20 06:24:18,121.462300,31.247500,  0,  0,1
85302,2007-02-20 06:25:17,121.462300,31.247500,  0,  0,0
85302,2007-02-20 06:26:17,121.475100,31.213300,  0,  0,0
85302,2007-02-20 06:27:18,121.475100,31.213300,  0,  0,0
85302,2007-02-20 06:28:19,121.475100,31.213300,  0,  0,0
85302,2007-02-20 06:29:20,121.475100,31.213300,  0,  0,0
85302,2007-02-20 06:30:20,121.475600,31.227300,  0,  0,0
85302,2007-02-20 06:31:22,121.475300,31.227600,  0,  0,0
85302,2007-02-20 06:32:23,121.475300,31.227600,  0,  0,0
85302,2007-02-20 06:33:24,121.475300,31.227600,  0,  0,0
85302,2007-02-20 06:37:20,121.483500,31.254600, 54,157,0
85302,2007-02-20 06:37:35,121.482000,31.256500, 64,  0,0
85302,2007-02-20 06:37:52,121.483600,31.258800, 66,  0,0
85302,2007-02-20 06:38:08,121.484100,31.260600, 56,  0,0
85302,2007-02-20 06:38:24,121.484800,31.262800, 64,  0,0
85302,2007-02-20 06:38:40,121.485800,31.264800, 36, 22,0
85302,2007-02-20 06:38:55,121.487500,31.264500, 50, 45,0
85302,2007-02-20 06:39:12,121.488600,31.264300, 32, 22,0
85302,2007-02-20 06:39:35,121.488300,31.265500, 12,  0,0
85302,2007-02-20 06:39:57,121.489100,31.264800, 32, 45,0
85302,2007-02-20 06:40:42,121.492100,31.263800, 30, 67,0
85302,2007-02-20 06:40:58,121.493300,31.263000, 42, 67,0
85302,2007-02-20 06:41:14,121.494500,31.262100, 28, 67,0
85302,2007-02-20 06:41:30,121.493300,31.263000, 28,157,0
85302,2007-02-20 06:41:45,121.492000,31.263800, 46,157,0
85302,2007-02-20 06:42:02,121.490600,31.264500, 18,135,0
85302,2007-02-20 06:42:35,121.489800,31.263800, 14,112,0
85302,2007-02-20 06:43:35,121.491000,31.264300,  0,112,0
85302,2007-02-20 06:44:37,121.491000,31.264500,  0,112,0
85302,2007-02-20 06:46:20,121.496800,31.260100, 10, 67,1
85302,2007-02-20 06:47:22,121.498300,31.256300, 30, 67,1
85302,2007-02-20 06:48:23,121.499500,31.254000, 40, 67,1
85302,2007-02-20 06:49:24,121.501100,31.251500, 16, 67,1
85302,2007-02-20 06:50:25,121.500800,31.253000,  0, 67,1
85302,2007-02-20 06:51:25,121.500800,31.253000,  0, 67,1
85302,2007-02-20 06:52:27,121.500800,31.253000,  0, 67,1
85302,2007-02-20 06:53:28,121.499600,31.254600,  0, 67,1
85302,2007-02-20 06:54:29,121.487300,31.248500, 58,112,1
85302,2007-02-20 06:55:30,121.484800,31.244100, 82, 90,1
85302,2007-02-20 06:56:30,121.480800,31.239600, 34,112,1
85302,2007-02-20 06:56:38,121.480500,31.239500, 16,112,0
85302,2007-02-20 06:57:02,121.480600,31.239500, 22,135,0
85302,2007-02-20 06:57:18,121.480000,31.240300, 44,157,0
85302,2007-02-20 06:57:34,121.479300,31.241600, 32,  0,0
85302,2007-02-20 06:57:50,121.479600,31.242500, 34, 45,0
85302,2007-02-20 06:58:05,121.481800,31.242600, 50, 45,0
85302,2007-02-20 06:58:22,121.482800,31.243300, 28, 22,0
85302,2007-02-20 06:58:38,121.481500,31.245000, 16, 22,0
85302,2007-02-20 06:58:54,121.483100,31.245600, 30, 22,0
85302,2007-02-20 06:59:10,121.483500,31.246600, 22, 22,0
85302,2007-02-20 06:59:42,121.485800,31.247300, 38,  0,0
85302,2007-02-20 06:59:58,121.485300,31.249100, 30,  0,0
85302,2007-02-20 07:00:14,121.485100,31.250600, 42,  0,0
85302,2007-02-20 07:00:30,121.484800,31.252300, 30,  0,0
85302,2007-02-20 07:00:45,121.484300,31.253300, 40,157,0
85302,2007-02-20 07:01:02,121.482500,31.255800, 52,157,0
85302,2007-02-20 07:01:18,121.483100,31.257800, 74,  0,0
85302,2007-02-20 07:01:34,121.484100,31.260500, 66,  0,0
85302,2007-02-20 07:01:50,121.484500,31.261800,  2,  0,0
85302,2007-02-20 07:02:50,121.484600,31.262300, 30,  0,0
85302,2007-02-20 07:03:25,121.485300,31.263300, 48, 22,0
85302,2007-02-20 07:03:40,121.486000,31.264600, 30, 45,0
85302,2007-02-20 07:03:57,121.488300,31.264000, 40, 67,0
85302,2007-02-20 07:04:47,121.491800,31.264000, 42, 67,0
85302,2007-02-20 07:05:03,121.492800,31.263100, 20, 67,0
85302,2007-02-20 07:05:29,121.492000,31.263800, 20,157,0
85302,2007-02-20 07:05:45,121.490500,31.264500, 42,135,0
85302,2007-02-20 07:06:00,121.488500,31.265100, 64,157,0
85302,2007-02-20 07:06:17,121.486100,31.266000, 48,157,0
85302,2007-02-20 07:06:33,121.487000,31.267600, 54, 22,0
85302,2007-02-20 07:06:49,121.488600,31.269300, 64, 22,0
85302,2007-02-20 07:07:05,121.490500,31.271000, 58, 22,0
85302,2007-02-20 07:07:21,121.491000,31.271500, 14, 22,1
85302,2007-02-20 07:08:22,121.496000,31.271600, 26, 45,1
85302,2007-02-20 07:09:23,121.501300,31.270300,  0, 67,1
85302,2007-02-20 07:10:24,121.502300,31.266600,  0, 90,1
85302,2007-02-20 07:11:25,121.505000,31.263500, 50, 67,1
85302,2007-02-20 07:12:25,121.504800,31.260600, 18, 67,1
85302,2007-02-20 07:12:40,121.506300,31.259300, 30, 67,0
85302,2007-02-20 07:12:55,121.506600,31.258500, 26, 67,0
85302,2007-02-20 07:14:13,121.507500,31.257000,  0, 67,0
85302,2007-02-20 07:15:14,121.507500,31.257000,  0, 67,0
85302,2007-02-20 07:16:15,121.507500,31.257000,  0, 67,0
85302,2007-02-20 07:17:15,121.507500,31.257000,  0, 67,0
85302,2007-02-20 07:18:17,121.507500,31.257000,  0, 67,0
85302,2007-02-20 07:19:18,121.507500,31.257000,  0, 67,0
85302,2007-02-20 07:20:19,121.507500,31.257000,  0, 67,0
85302,2007-02-20 07:21:20,121.518100,31.277800,  8,  0,0
85302,2007-02-20 07:21:25,121.517800,31.278000, 16,135,1
85302,2007-02-20 07:22:25,121.513000,31.276600,  0,135,1
85302,2007-02-20 07:23:27,121.513000,31.276600,  0,135,1
85302,2007-02-20 07:24:28,121.513000,31.276600,  0,135,1
85302,2007-02-20 07:26:30,121.513000,31.276600,  0,135,1
85302,2007-02-20 07:27:30,121.513000,31.276600,  0,135,1
85302,2007-02-20 07:28:31,121.513000,31.276600,  0,135,1
85302,2007-02-20 07:29:33,121.513000,31.276600,  0,135,1
85302,2007-02-20 07:30:34,121.513000,31.276600,  0,135,1
85302,2007-02-20 07:31:35,121.513000,31.276600,  0,135,1
85302,2007-02-20 07:32:35,121.513000,31.276600,  0,135,1
85302,2007-02-20 07:33:37,121.513000,31.276600,  0,135,1
85302,2007-02-20 07:34:38,121.513000,31.276600,  0,135,1
85302,2007-02-20 07:35:39,121.513000,31.276600,  0,135,1
85302,2007-02-20 07:36:39,121.513000,31.276600,  0,135,1
85302,2007-02-20 07:37:40,121.513000,31.276600,  0,135,1
85302,2007-02-20 07:38:41,121.457800,31.247500, 30,135,1
85302,2007-02-20 07:39:42,121.450500,31.247800, 32,135,1
85302,2007-02-20 07:40:43,121.448000,31.247800,  0,135,1
85302,2007-02-20 07:41:44,121.448000,31.247800,  0,135,1
85302,2007-02-20 07:42:45,121.448000,31.247800,  0,135,1
85302,2007-02-20 07:43:46,121.448000,31.247800,  0,135,1
85302,2007-02-20 07:44:47,121.436600,31.245000,  0,135,1
85302,2007-02-20 07:45:48,121.427500,31.239000, 52,112,1
85302,2007-02-20 07:46:49,121.422300,31.231300,  0,135,1
85302,2007-02-20 07:47:50,121.428300,31.228300, 50, 67,1
85302,2007-02-20 07:48:39,121.429500,31.226800,  6, 45,0
85302,2007-02-20 07:48:54,121.428000,31.228500,  0, 45,0
85302,2007-02-20 07:49:29,121.426800,31.227800, 20, 90,0
85302,2007-02-20 07:49:45,121.430600,31.228100, 36, 22,0
85302,2007-02-20 07:50:01,121.432000,31.229000, 32, 22,0
85302,2007-02-20 07:50:17,121.430500,31.230100, 40,157,0
85302,2007-02-20 07:50:33,121.429100,31.232000, 66,157,0
85302,2007-02-20 07:50:49,121.427500,31.233800, 52,157,0
85302,2007-02-20 07:51:05,121.425500,31.235300, 56,157,0
85302,2007-02-20 07:51:21,121.426300,31.236500, 30, 22,0
85302,2007-02-20 07:51:58,121.426300,31.237800, 54,  0,0
85302,2007-02-20 07:52:16,121.427300,31.239000, 12,  0,0
85302,2007-02-20 07:52:32,121.429500,31.239300, 60, 45,0
85302,2007-02-20 07:52:48,121.431100,31.240600, 68, 22,0
85302,2007-02-20 07:53:04,121.432800,31.242000, 14, 22,0
85302,2007-02-20 07:54:05,121.433000,31.241800,  0, 45,0
85302,2007-02-20 07:54:21,121.434100,31.242600, 58, 22,0
85302,2007-02-20 07:54:37,121.436300,31.244600, 72, 22,0
85302,2007-02-20 07:54:53,121.438600,31.245600, 48, 45,0
85302,2007-02-20 07:55:09,121.440800,31.246100, 46, 45,0
85302,2007-02-20 07:55:25,121.443300,31.246600, 62, 45,0
85302,2007-02-20 07:55:41,121.446300,31.247100, 56, 45,0
85302,2007-02-20 07:56:13,121.451100,31.247600, 56, 45,0
85302,2007-02-20 07:56:29,121.453100,31.247600, 52, 45,0
85302,2007-02-20 07:56:45,121.455800,31.247300, 72, 45,0
85302,2007-02-20 07:57:17,121.458300,31.247800, 52,  0,0
85302,2007-02-20 07:57:33,121.458600,31.250000, 78,  0,0
85302,2007-02-20 07:57:49,121.459300,31.252000, 24, 22,0
85302,2007-02-20 07:58:06,121.460600,31.251300, 30, 67,0
85302,2007-02-20 07:58:27,121.463300,31.251300, 38, 45,0
85302,2007-02-20 07:58:38,121.463500,31.251600, 30, 45,0
85302,2007-02-20 07:59:23,121.464600,31.252000, 16, 45,0
85302,2007-02-20 07:59:39,121.466100,31.252500, 38, 45,0
85302,2007-02-20 08:00:11,121.469100,31.253600, 34, 45,0
85302,2007-02-20 08:00:27,121.471100,31.254100, 38, 45,0
85302,2007-02-20 08:01:41,121.472100,31.255000, 24,  0,0
85302,2007-02-20 08:01:57,121.472100,31.256300, 42,  0,0
85302,2007-02-20 08:02:13,121.472500,31.257300, 28,  0,0
85302,2007-02-20 08:02:29,121.472600,31.258500, 40,  0,0
85302,2007-02-20 08:02:45,121.473100,31.259800, 34,  0,0
85302,2007-02-20 08:03:17,121.474600,31.262300, 44, 22,0
85302,2007-02-20 08:03:49,121.475100,31.265600, 44,  0,0
85302,2007-02-20 08:04:05,121.475300,31.267500, 36,  0,0
85302,2007-02-20 08:04:21,121.475600,31.269100, 56,  0,0
85302,2007-02-20 08:04:37,121.475300,31.271600, 62,  0,0
85302,2007-02-20 08:04:53,121.475300,31.271100,  0,112,0
85302,2007-02-20 08:05:45,121.474800,31.272300, 40,  0,0
85302,2007-02-20 08:06:01,121.474800,31.274000, 40,  0,0
85302,2007-02-20 08:06:17,121.475500,31.275500, 24, 22,0
85302,2007-02-20 08:06:33,121.476300,31.276300, 36,  0,0
85302,2007-02-20 08:06:49,121.477500,31.275500, 36, 67,0
85302,2007-02-20 08:07:05,121.477800,31.276100, 34,  0,0
85302,2007-02-20 08:07:21,121.479800,31.277100, 62, 22,0
85302,2007-02-20 08:07:37,121.481100,31.277600, 18, 45,0
85302,2007-02-20 08:08:00,121.482300,31.277500, 18, 45,0
85302,2007-02-20 08:08:36,121.481300,31.278100, 26, 22,0
85302,2007-02-20 08:08:52,121.484100,31.278300, 62, 45,0
85302,2007-02-20 08:09:08,121.485500,31.278300,  0, 45,0
85302,2007-02-20 08:10:09,121.485600,31.278300, 18, 45,0
85302,2007-02-20 08:10:41,121.489300,31.278100, 38, 45,0
85302,2007-02-20 08:10:57,121.491500,31.278100, 64, 45,0
85302,2007-02-20 08:11:13,121.494600,31.278100, 66, 45,0
85302,2007-02-20 08:11:29,121.496800,31.276800, 52, 67,0
85302,2007-02-20 08:12:01,121.493800,31.274000, 60,112,0
85302,2007-02-20 08:12:17,121.492300,31.272600, 42,112,0
85302,2007-02-20 08:12:56,121.491100,31.271600, 30, 22,0
85302,2007-02-20 08:13:12,121.492000,31.272500, 26, 22,0
85302,2007-02-20 08:13:28,121.493800,31.274100, 62, 22,0
85302,2007-02-20 08:14:04,121.495300,31.275100, 10, 45,1
85302,2007-02-20 08:15:04,121.495300,31.270800, 20, 90,1
85302,2007-02-20 08:16:05,121.494500,31.265100, 58,112,1
85302,2007-02-20 08:17:06,121.493100,31.263000, 24, 90,1
85302,2007-02-20 08:18:07,121.495800,31.260300, 14, 45,1
85302,2007-02-20 08:19:08,121.496600,31.260100,  0, 45,1
85302,2007-02-20 08:20:09,121.496600,31.260100,  0, 45,1
85302,2007-02-20 08:21:10,121.496600,31.260100,  0, 45,1
85302,2007-02-20 08:22:11,121.496600,31.260100,  0, 45,1
85302,2007-02-20 08:22:42,121.496600,31.260100,  0, 45,0
85302,2007-02-20 08:23:42,121.488000,31.252600,  0, 45,0
85302,2007-02-20 08:25:09,121.484800,31.248500, 52, 90,1
85302,2007-02-20 08:26:10,121.486000,31.237100, 84, 90,1
85302,2007-02-20 08:27:11,121.479500,31.233100, 86,135,1
85302,2007-02-20 08:28:12,121.466100,31.227000, 78,112,1
85302,2007-02-20 08:29:13,121.466500,31.219000,112, 90,1
85302,2007-02-20 08:30:14,121.470300,31.205300,108, 90,1
85302,2007-02-20 08:31:15,121.469000,31.198000, 72,135,1
85302,2007-02-20 08:32:16,121.454000,31.190600,100,112,1
85302,2007-02-20 08:33:17,121.440300,31.183800,114,112,1
85302,2007-02-20 08:34:18,121.430500,31.181500, 38,157,1
85302,2007-02-20 08:36:20,121.427800,31.162300, 84,112,1
85302,2007-02-20 08:38:22,121.405800,31.141500,102,112,1
85302,2007-02-20 08:39:23,121.399800,31.135800,  4,112,1
85302,2007-02-20 08:40:15,121.397000,31.133300, 20,112,0
85302,2007-02-20 08:40:30,121.397100,31.133100,  2, 90,0
85302,2007-02-20 08:41:31,121.396800,31.132800, 14, 90,0
85302,2007-02-20 08:42:00,121.396800,31.132300, 18, 22,0
85302,2007-02-20 08:42:19,121.397500,31.133300, 22, 22,0
85302,2007-02-20 08:42:35,121.398300,31.134100, 34, 22,0
85302,2007-02-20 08:42:51,121.399300,31.135000, 18, 22,0
85302,2007-02-20 08:43:52,121.400100,31.135100,  0, 22,0
85302,2007-02-20 08:44:53,121.400100,31.135100,  0, 22,0
85302,2007-02-20 08:45:19,121.411500,31.146600,114, 22,0
85302,2007-02-20 08:45:35,121.414300,31.149300, 80, 22,0
85302,2007-02-20 08:45:51,121.416800,31.151600, 86, 22,0
85302,2007-02-20 08:46:07,121.419100,31.154100, 74,  0,0
85302,2007-02-20 08:47:08,121.419100,31.153800,  0, 22,0
85302,2007-02-20 08:47:51,121.419500,31.154800, 44,  0,0
85302,2007-02-20 08:48:07,121.419500,31.156500, 44,  0,0
85302,2007-02-20 08:48:23,121.417000,31.158300, 38,157,0
85302,2007-02-20 08:48:55,121.415500,31.159800, 24,  0,0
85302,2007-02-20 08:49:30,121.415300,31.160800, 50,  0,0
85302,2007-02-20 08:49:46,121.414800,31.163100, 54,  0,0
85302,2007-02-20 08:50:02,121.414600,31.164300,  4,  0,0
85302,2007-02-20 08:50:33,121.414500,31.165100, 44,  0,0
85302,2007-02-20 08:50:49,121.414100,31.167300, 56,  0,0
85302,2007-02-20 08:51:22,121.414100,31.168100, 12,  0,1
85302,2007-02-20 08:52:22,121.413100,31.172300, 14,  0,1
85302,2007-02-20 08:53:23,121.413100,31.172600,  0,  0,1
85302,2007-02-20 08:54:24,121.413100,31.172600,  0,  0,1
85302,2007-02-20 08:55:25,121.409000,31.188100,  8,  0,1
85302,2007-02-20 08:56:26,121.409000,31.188100,  0,  0,1
85302,2007-02-20 08:57:27,121.404300,31.187300,  0,135,1
85302,2007-02-20 08:58:28,121.396600,31.185500, 26,112,1
85302,2007-02-20 08:59:29,121.392100,31.183500, 64,112,1
85302,2007-02-20 09:00:30,121.389500,31.185300, 46,  0,1
85302,2007-02-20 09:01:31,121.384600,31.195000, 52,157,1
85302,2007-02-20 09:02:32,121.383800,31.196100, 14,135,1
85302,2007-02-20 09:04:23,121.362800,31.188300, 72,135,1
85302,2007-02-20 09:05:23,121.352100,31.189000, 78,157,1
85302,2007-02-20 09:06:24,121.346300,31.195600, 34,157,1
85302,2007-02-20 09:07:25,121.342800,31.196600,  4,135,1
85302,2007-02-20 09:07:39,121.342600,31.196600,  6,135,0
85302,2007-02-20 09:08:55,121.342100,31.195100, 38, 90,0
85302,2007-02-20 09:09:11,121.343600,31.195000, 50, 45,0
85302,2007-02-20 09:09:27,121.346000,31.195500, 42, 45,0
85302,2007-02-20 09:09:43,121.348000,31.193600, 60, 67,0
85302,2007-02-20 09:09:59,121.349600,31.191600, 78, 67,0
85302,2007-02-20 09:10:15,121.351600,31.189500, 74, 67,0
85302,2007-02-20 09:10:31,121.354000,31.187800, 70, 67,0
85302,2007-02-20 09:10:47,121.356800,31.186600, 60, 67,0
85302,2007-02-20 09:11:03,121.358800,31.186600, 64, 22,0
85302,2007-02-20 09:11:19,121.362100,31.187800,100, 45,0
85302,2007-02-20 09:11:35,121.366300,31.189100,104, 45,0
85302,2007-02-20 09:12:07,121.374000,31.191600,116, 45,0
85302,2007-02-20 09:12:23,121.378300,31.193100, 94, 22,0
85302,2007-02-20 09:12:39,121.381500,31.194600, 92, 22,0
85302,2007-02-20 09:12:55,121.384500,31.196500, 72, 22,0
85302,2007-02-20 09:13:11,121.387500,31.198300, 84, 22,0
85302,2007-02-20 09:13:27,121.390000,31.199600,  0, 22,0
85302,2007-02-20 09:14:28,121.390000,31.199600,  0, 22,0
85302,2007-02-20 09:15:29,121.390000,31.199600,  0, 22,0
85302,2007-02-20 09:16:30,121.386600,31.205300,  0, 22,0
85302,2007-02-20 09:16:48,121.386300,31.206600, 40,  0,0
85302,2007-02-20 09:17:04,121.386600,31.207600, 30, 45,0
85302,2007-02-20 09:17:20,121.389000,31.207500, 50, 45,0
85302,2007-02-20 09:17:36,121.391000,31.207600, 50, 45,0
85302,2007-02-20 09:17:52,121.393500,31.207600, 56, 45,0
85302,2007-02-20 09:18:08,121.396100,31.207600, 62, 45,0
85302,2007-02-20 09:18:24,121.399000,31.207600, 60, 45,0
85302,2007-02-20 09:18:40,121.400800,31.207000, 32, 45,0
85302,2007-02-20 09:19:03,121.401500,31.207300, 28,  0,0
85302,2007-02-20 09:19:19,121.402100,31.209300, 38,  0,0
85302,2007-02-20 09:19:35,121.402500,31.210500, 36,  0,0
85302,2007-02-20 09:19:51,121.402800,31.211800, 38,  0,0
85302,2007-02-20 09:20:11,121.403500,31.212000, 34, 45,0
85302,2007-02-20 09:20:27,121.405500,31.211500, 44, 45,0
85302,2007-02-20 09:20:43,121.407000,31.211100, 20, 67,0
85302,2007-02-20 09:21:41,121.408100,31.210800, 22, 45,0
85302,2007-02-20 09:21:57,121.408600,31.213500, 54,  0,0
85302,2007-02-20 09:22:13,121.408800,31.214300, 36, 45,0
85302,2007-02-20 09:22:30,121.410100,31.214300, 28, 45,0
85302,2007-02-20 09:22:46,121.411600,31.214500, 30, 45,0
85302,2007-02-20 09:23:05,121.412500,31.215000, 18, 22,0
85302,2007-02-20 09:24:06,121.412600,31.215500,  0, 22,0
85302,2007-02-20 09:25:07,121.412600,31.215500,  0, 22,0
85302,2007-02-20 09:26:08,121.412600,31.215500,  0, 22,0
85302,2007-02-20 09:27:09,121.412600,31.215500,  0, 22,0
85302,2007-02-20 09:28:10,121.412600,31.215500,  0, 22,0
85302,2007-02-20 09:29:11,121.412600,31.215500,  0, 22,0
85302,2007-02-20 09:29:50,121.423300,31.228300, 32,  0,0
85302,2007-02-20 09:30:06,121.423000,31.229500, 32,  0,0
85302,2007-02-20 09:30:27,121.423000,31.230500,  6,  0,0
85302,2007-02-20 09:31:04,121.423500,31.233100, 58, 22,0
85302,2007-02-20 09:31:20,121.424800,31.234600, 48, 22,0
85302,2007-02-20 09:31:36,121.426500,31.236300, 54, 22,0
85302,2007-02-20 09:31:52,121.427000,31.238100, 32, 22,0
85302,2007-02-20 09:32:08,121.428000,31.239100, 34, 22,0
85302,2007-02-20 09:32:24,121.430000,31.239500, 56, 45,0
85302,2007-02-20 09:33:16,121.431100,31.240100, 40, 22,0
85302,2007-02-20 09:33:32,121.432000,31.241000,  8, 22,0
85302,2007-02-20 09:34:33,121.432100,31.241000,  0, 45,0
85302,2007-02-20 09:35:34,121.432300,31.241300,  6, 22,0
85302,2007-02-20 09:36:35,121.432500,31.241500,  0, 22,0
85302,2007-02-20 09:37:36,121.432500,31.241500,  0, 22,0
85302,2007-02-20 09:38:37,121.432500,31.241500,  0, 22,0
85302,2007-02-20 09:39:38,121.432500,31.241500,  0, 22,0
85302,2007-02-20 09:40:39,121.432500,31.241500,  0, 22,0
85302,2007-02-20 09:41:40,121.432500,31.241500,  0, 22,0
85302,2007-02-20 09:42:41,121.446500,31.246800,  0, 22,0
85302,2007-02-20 09:43:42,121.446600,31.246800,  0, 22,0
85302,2007-02-20 09:43:58,121.451800,31.247600, 66, 45,0
85302,2007-02-20 09:44:14,121.454600,31.247500, 64, 45,0
85302,2007-02-20 09:44:30,121.456600,31.247100, 40, 67,0
85302,2007-02-20 09:44:46,121.458000,31.246300, 24, 45,0
85302,2007-02-20 09:45:02,121.458300,31.247600, 48,  0,0
85302,2007-02-20 09:45:18,121.458600,31.249800, 76,  0,0
85302,2007-02-20 09:45:34,121.459100,31.252600, 64,  0,0
85302,2007-02-20 09:45:50,121.460600,31.253100, 38, 22,0
85302,2007-02-20 09:46:06,121.462100,31.253800, 38, 22,0
85302,2007-02-20 09:47:23,121.462300,31.254300, 22, 45,0
85302,2007-02-20 09:47:59,121.462300,31.254300,  0, 67,1
85302,2007-02-20 09:49:00,121.464500,31.253500,  0, 90,1
85302,2007-02-20 09:50:01,121.465000,31.251100, 40, 90,1
85302,2007-02-20 09:51:02,121.466500,31.246100, 18, 90,1
85302,2007-02-20 09:52:03,121.466500,31.247100,  0, 90,1
85302,2007-02-20 09:53:04,121.476500,31.249500, 42, 22,1
85302,2007-02-20 09:54:05,121.476600,31.249600,  0, 22,1
85302,2007-02-20 09:55:06,121.477000,31.248500,  0, 67,1
85302,2007-02-20 09:55:39,121.477300,31.247800, 14, 90,0
85302,2007-02-20 09:55:55,121.477300,31.247500,  6, 90,0
85302,2007-02-20 09:56:24,121.477500,31.246800, 38, 90,0
85302,2007-02-20 09:56:40,121.477600,31.246000, 18, 90,0
85302,2007-02-20 09:57:09,121.477600,31.245600, 18, 67,0
85302,2007-02-20 09:57:25,121.478800,31.245800, 26, 45,0
85302,2007-02-20 09:58:13,121.479800,31.246500, 36, 22,0
85302,2007-02-20 09:58:29,121.480800,31.247000,  6, 45,0
85302,2007-02-20 09:59:14,121.481100,31.246800, 20, 22,0
85302,2007-02-20 09:59:36,121.480800,31.248300, 30,  0,0
85302,2007-02-20 09:59:52,121.480800,31.250000, 36,  0,0
85302,2007-02-20 10:00:08,121.480600,31.251300, 26,  0,0
85302,2007-02-20 10:01:09,121.480100,31.251300,  0,135,0
85302,2007-02-20 10:02:10,121.480100,31.251300,  0,135,0
85302,2007-02-20 10:03:11,121.483000,31.254500,  0, 67,0
85302,2007-02-20 10:04:28,121.482300,31.256000, 24,157,0
85302,2007-02-20 10:05:29,121.481600,31.256500,  0,157,0
85302,2007-02-20 10:06:30,121.485000,31.263000,  0,157,0
85302,2007-02-20 10:07:31,121.485800,31.265000,  0,157,0
85302,2007-02-20 10:07:46,121.485800,31.265000,  0,157,1
85302,2007-02-20 10:08:46,121.485800,31.265000,  0,157,1
85302,2007-02-20 10:09:47,121.485800,31.265000,  0,157,1
85302,2007-02-20 10:10:48,121.485800,31.265000,  0,157,1
85302,2007-02-20 10:11:49,121.485800,31.265000,  0,157,1
85302,2007-02-20 10:12:50,121.485800,31.265000,  0,157,1
85302,2007-02-20 10:13:51,121.485800,31.265000,  0,157,1
85302,2007-02-20 10:14:52,121.502000,31.271600,  0,157,1
85302,2007-02-20 10:15:53,121.502000,31.271600,  0,157,1
85302,2007-02-20 10:16:54,121.502000,31.271600,  0,157,1
85302,2007-02-20 10:17:55,121.502000,31.271600,  0,157,1
85302,2007-02-20 10:18:56,121.502000,31.271600,  0,157,1
85302,2007-02-20 10:19:57,121.502000,31.271600,  0,157,1
85302,2007-02-20 10:20:58,121.502000,31.271600,  0,157,1
85302,2007-02-20 10:21:59,121.502000,31.271600,  0,157,1
85302,2007-02-20 10:23:00,121.502000,31.271600,  0,157,1
85302,2007-02-20 10:23:29,121.502000,31.271600,  0,157,0
85302,2007-02-20 10:24:29,121.502000,31.271600,  0,157,0
85302,2007-02-20 10:25:30,121.502000,31.271600,  0,157,0
85302,2007-02-20 10:26:31,121.502000,31.271600,  0,157,0
85302,2007-02-20 10:27:32,121.502000,31.271600,  0,157,0
85302,2007-02-20 10:29:34,121.502000,31.271600,  0,157,0
85302,2007-02-20 10:30:35,121.502000,31.271600,  0,157,0
85302,2007-02-20 10:31:36,121.540100,31.305000,  0, 67,0
85302,2007-02-20 10:32:37,121.540100,31.305000,  0, 67,0
85302,2007-02-20 10:33:38,121.540100,31.305000,  0, 67,0
85302,2007-02-20 10:34:39,121.540100,31.305000,  0, 67,0
85302,2007-02-20 10:36:41,121.540100,31.305000,  0, 67,0
85302,2007-02-20 10:37:42,121.540100,31.305000,  0, 67,0
85302,2007-02-20 10:38:43,121.540000,31.305100,  0, 67,0
85302,2007-02-20 10:39:30,121.541100,31.304600, 20, 67,0
85302,2007-02-20 10:39:46,121.539600,31.303000, 36,112,0
85302,2007-02-20 10:40:02,121.537800,31.301800, 52,112,0
85302,2007-02-20 10:40:18,121.536800,31.301000, 18,112,0
85302,2007-02-20 10:40:42,121.536000,31.300300, 36,112,0
85302,2007-02-20 10:40:58,121.534800,31.299300, 28,112,0
85302,2007-02-20 10:41:29,121.534000,31.298600, 30,112,0
85302,2007-02-20 10:42:46,121.532100,31.297100,  0,112,0
85302,2007-02-20 10:43:47,121.532300,31.297100,  0, 90,0
85302,2007-02-20 10:44:48,121.532300,31.297100,  0, 90,0
85302,2007-02-20 10:45:49,121.532300,31.297100,  0, 90,0
85302,2007-02-20 10:46:50,121.532300,31.297100,  0, 90,0
85302,2007-02-20 10:47:51,121.532300,31.297100,  0, 90,0
85302,2007-02-20 10:48:52,121.532300,31.297100,  0, 90,0
85302,2007-02-20 10:49:53,121.532300,31.297100,  0, 90,0
85302,2007-02-20 10:50:54,121.532300,31.297100,  0, 90,0
85302,2007-02-20 10:51:26,121.532300,31.297100,  0, 90,1
85302,2007-02-20 10:52:26,121.532300,31.297100,  0, 90,1
85302,2007-02-20 10:53:27,121.530800,31.287800, 24, 90,1
85302,2007-02-20 10:54:28,121.532800,31.285000, 36, 67,1
85302,2007-02-20 10:55:29,121.534100,31.283000,  0, 67,1
85302,2007-02-20 10:56:30,121.534100,31.283000,  0, 67,1
85302,2007-02-20 10:57:31,121.534100,31.283000,  0, 67,1
85302,2007-02-20 10:58:12,121.534100,31.283000,  0, 67,0
85302,2007-02-20 10:59:12,121.534100,31.283000,  0, 67,0
85302,2007-02-20 11:00:13,121.534100,31.283000,  0, 67,0
85302,2007-02-20 11:01:14,121.534100,31.283000,  0, 67,0
85302,2007-02-20 11:02:15,121.534100,31.283000,  0, 67,0
85302,2007-02-20 11:03:39,121.516500,31.270300,  0,157,1
85302,2007-02-20 11:04:40,121.515600,31.272100,  0,  0,1
85302,2007-02-20 11:05:41,121.513800,31.271300, 52,112,1
85302,2007-02-20 11:06:42,121.511600,31.269300, 30,112,1
85302,2007-02-20 11:07:43,121.504000,31.264600, 14,135,1
85302,2007-02-20 11:08:44,121.504100,31.264800,  0,135,1
85302,2007-02-20 11:09:45,121.499800,31.262100, 64,112,1
85302,2007-02-20 11:10:46,121.497600,31.259800,  8, 90,1
85302,2007-02-20 11:11:47,121.492600,31.257300, 18,112,1
85302,2007-02-20 11:12:48,121.492300,31.257000, 26,112,1
85302,2007-02-20 11:13:49,121.485100,31.252300, 56,112,1
85302,2007-02-20 11:14:50,121.485000,31.252100,  0,112,1
85302,2007-02-20 11:15:51,121.485000,31.252100,  0,112,1
85302,2007-02-20 11:16:52,121.479500,31.251100, 50,112,1
85302,2007-02-20 11:17:53,121.472500,31.246100,  0,112,1
85302,2007-02-20 11:18:54,121.472500,31.246100,  0,112,1
85302,2007-02-20 11:19:55,121.472500,31.246100,  0,112,1
85302,2007-02-20 11:20:56,121.472500,31.246100,  0,112,1
85302,2007-02-20 11:21:31,121.472500,31.246100,  0,112,0
85302,2007-02-20 11:22:32,121.472500,31.246100,  0,112,0
85302,2007-02-20 11:23:33,121.472500,31.246100,  0,112,0
85302,2007-02-20 11:24:34,121.472500,31.246100,  0,112,0
85302,2007-02-20 11:26:36,121.464800,31.246500,  0,112,0
85302,2007-02-20 11:27:37,121.464800,31.246300,  0,112,0
85302,2007-02-20 11:28:15,121.464800,31.246300,  0,112,1
85302,2007-02-20 11:29:16,121.464800,31.246300,  0,112,1
85302,2007-02-20 11:30:17,121.464800,31.246300,  0,112,1
85302,2007-02-20 11:31:18,121.464800,31.246300,  0,112,1
85302,2007-02-20 11:31:22,121.464800,31.246300,  0,112,0
85302,2007-02-20 11:32:23,121.464800,31.246300,  0,112,0
85302,2007-02-20 11:34:25,121.464800,31.246300,  0,112,0
85302,2007-02-20 11:35:26,121.464800,31.246300,  0,112,0
85302,2007-02-20 11:37:28,121.464800,31.246300,  0,112,0
85302,2007-02-20 11:38:29,121.464800,31.246300,  0,112,0
85302,2007-02-20 11:39:16,121.464800,31.246300,  0,112,1
85302,2007-02-20 11:40:17,121.464800,31.246300,  0,112,1
85302,2007-02-20 11:41:18,121.464800,31.246300,  0,112,1
85302,2007-02-20 11:43:19,121.464800,31.246300,  0,112,1
85302,2007-02-20 11:44:21,121.464800,31.246300,  0,112,1
85302,2007-02-20 11:45:22,121.464800,31.246300,  0,112,1
85302,2007-02-20 11:46:23,121.464800,31.246300,  0,112,1
85302,2007-02-20 11:47:24,121.464800,31.246300,  0,112,1
85302,2007-02-20 11:48:24,121.464800,31.246300,  0,112,1
85302,2007-02-20 11:50:27,121.464800,31.246300,  0,112,1
85302,2007-02-20 11:51:28,121.464800,31.246300,  0,112,1
85302,2007-02-20 11:52:29,121.464800,31.246300,  0,112,1
85302,2007-02-20 11:53:21,121.464800,31.246300,  0,112,0
85302,2007-02-20 11:54:21,121.464800,31.246300,  0,112,0
85302,2007-02-20 11:56:23,121.464800,31.246300,  0,112,0
85302,2007-02-20 11:57:24,121.464800,31.246300,  0,112,0
85302,2007-02-20 11:58:24,121.464800,31.246300,  0,112,0
85302,2007-02-20 11:59:26,121.464800,31.246300,  0,112,0
85302,2007-02-20 12:00:39,121.464800,31.246300,  0,112,1
85302,2007-02-20 12:01:39,121.464800,31.246300,  0,112,1
85302,2007-02-20 12:02:41,121.464800,31.246300,  0,112,1
85302,2007-02-20 12:03:42,121.464800,31.246300,  0,112,1
85302,2007-02-20 12:04:43,121.464800,31.246300,  0,112,1
85302,2007-02-20 12:05:44,121.464800,31.246300,  0,112,1
85302,2007-02-20 12:06:44,121.464800,31.246300,  0,112,1
85302,2007-02-20 12:07:46,121.464800,31.246300,  0,112,1
85302,2007-02-20 12:08:47,121.464800,31.246300,  0,112,1
85302,2007-02-20 12:09:48,121.464800,31.246300,  0,112,1
85302,2007-02-20 12:10:49,121.464800,31.246300,  0,112,1
85302,2007-02-20 12:12:51,121.464800,31.246300,  0,112,1
85302,2007-02-20 12:13:46,121.464800,31.246300,  0,112,0
85302,2007-02-20 12:14:47,121.464800,31.246300,  0,112,0
85302,2007-02-20 12:15:48,121.464800,31.246300,  0,112,0
85302,2007-02-20 12:16:49,121.464800,31.246300,  0,112,0
85302,2007-02-20 12:17:49,121.464800,31.246300,  0,112,0
85302,2007-02-20 12:18:51,121.464800,31.246300,  0,112,0
85302,2007-02-20 12:19:52,121.464800,31.246300,  0,112,0
85302,2007-02-20 12:20:53,121.464800,31.246300,  0,112,0
85302,2007-02-20 12:21:54,121.464800,31.246300,  0,112,0
85302,2007-02-20 12:22:54,121.439300,31.267600,  0,112,0
85302,2007-02-20 12:23:56,121.439300,31.267600,  0,112,0
85302,2007-02-20 12:24:57,121.439300,31.267600,  0,112,0
85302,2007-02-20 12:26:59,121.439300,31.267600,  0,112,0
85302,2007-02-20 12:27:59,121.439300,31.267600,  0,112,1
85302,2007-02-20 12:28:59,121.439300,31.267600,  0,112,1
85302,2007-02-20 12:30:01,121.439300,31.267600,  0,112,1
85302,2007-02-20 12:31:02,121.439300,31.267600,  0,112,1
85302,2007-02-20 12:32:03,121.439300,31.267600,  0,112,1
85302,2007-02-20 12:33:04,121.439300,31.267600,  0,112,1
85302,2007-02-20 12:34:04,121.439300,31.267600,  0,112,1
85302,2007-02-20 12:34:23,121.439300,31.267600,  0,112,0
85302,2007-02-20 12:35:24,121.439300,31.267600,  0,112,0
85302,2007-02-20 12:36:24,121.462500,31.299600,  0,112,0
85302,2007-02-20 12:37:26,121.462600,31.299000,  0,112,0
85302,2007-02-20 12:38:27,121.462600,31.299000,  0,112,0
85302,2007-02-20 12:39:28,121.462600,31.299000,  0,112,0
85302,2007-02-20 12:40:29,121.462600,31.299000,  0,112,0
85302,2007-02-20 12:41:29,121.462600,31.299000,  0,112,0
85302,2007-02-20 12:42:31,121.462600,31.299000,  0,112,0
85302,2007-02-20 12:42:53,121.472800,31.284600, 38, 45,0
85302,2007-02-20 12:43:09,121.474500,31.284500, 38, 45,0
85302,2007-02-20 12:43:24,121.476100,31.284300, 46, 45,0
85302,2007-02-20 12:43:41,121.478000,31.284000, 32, 45,0
85302,2007-02-20 12:43:57,121.479100,31.283800, 26, 45,0
85302,2007-02-20 12:44:13,121.480300,31.283600, 26, 45,0
85302,2007-02-20 12:44:29,121.479100,31.282300, 34, 45,0
85302,2007-02-20 12:45:01,121.483500,31.281300, 54, 45,0
85302,2007-02-20 12:45:17,121.485600,31.281100, 38, 45,0
85302,2007-02-20 12:45:56,121.486000,31.280500, 38, 90,0
85302,2007-02-20 12:46:12,121.486000,31.278600, 28, 90,0
85302,2007-02-20 12:47:13,121.485800,31.278500,  0, 90,0
85302,2007-02-20 12:47:56,121.485800,31.277500, 50, 90,0
85302,2007-02-20 12:48:12,121.485800,31.276500,  0, 90,0
85302,2007-02-20 12:49:13,121.486100,31.276100, 28, 67,0
85302,2007-02-20 12:49:29,121.487100,31.274300, 64, 67,0
85302,2007-02-20 12:49:44,121.488500,31.272000, 80, 67,0
85302,2007-02-20 12:50:54,121.490300,31.270800, 36, 22,0
85302,2007-02-20 12:51:09,121.491800,31.272000, 44, 22,0
85302,2007-02-20 12:51:26,121.493600,31.272000, 52, 45,0
85302,2007-02-20 12:51:42,121.495500,31.271300, 20, 45,0
85302,2007-02-20 12:52:43,121.496100,31.271100,  0, 90,0
85302,2007-02-20 12:53:44,121.496100,31.271100,  0, 90,0
85302,2007-02-20 12:54:23,121.496500,31.271000,  8, 67,1
85302,2007-02-20 12:55:24,121.495000,31.266500, 30, 90,1
85302,2007-02-20 12:56:24,121.497500,31.265300, 26, 45,1
85302,2007-02-20 12:57:26,121.499800,31.262600, 18, 67,1
85302,2007-02-20 12:58:27,121.502800,31.260100, 24, 67,1
85302,2007-02-20 12:59:28,121.506800,31.259300, 32, 67,1
85302,2007-02-20 12:59:29,121.506800,31.259300, 18, 67,0
85302,2007-02-20 13:00:28,121.507100,31.258500, 14, 67,0
85302,2007-02-20 13:00:49,121.505800,31.257500, 46,112,0
85302,2007-02-20 13:01:04,121.504800,31.256800, 10,135,0
85302,2007-02-20 13:01:48,121.503500,31.255800, 30,135,0
85302,2007-02-20 13:02:04,121.501600,31.255500, 42,135,0
85302,2007-02-20 13:02:22,121.500800,31.255300, 18,157,0
85302,2007-02-20 13:03:07,121.500300,31.256300, 22,  0,0
85302,2007-02-20 13:03:24,121.499800,31.257100, 28,157,0
85302,2007-02-20 13:03:49,121.499300,31.258100, 32,157,0
85302,2007-02-20 13:04:14,121.499100,31.258500, 16,157,1
85302,2007-02-20 13:05:14,121.496600,31.258000, 14, 90,1
85302,2007-02-20 13:06:16,121.496600,31.258000,  0, 90,1
85302,2007-02-20 13:07:17,121.496600,31.258000,  0, 90,1
85302,2007-02-20 13:08:18,121.489300,31.255300, 14,135,1
85302,2007-02-20 13:09:19,121.489500,31.255300,  0,112,1
85302,2007-02-20 13:10:19,121.484500,31.254100,  0,112,1
85302,2007-02-20 13:11:21,121.484500,31.254100,  0,112,1
85302,2007-02-20 13:12:22,121.484500,31.254100,  0,112,1
85302,2007-02-20 13:13:23,121.484500,31.254100,  0,112,1
85302,2007-02-20 13:14:24,121.484500,31.254100,  0,112,1
85302,2007-02-20 13:15:24,121.484500,31.254100,  0,112,1
85302,2007-02-20 13:16:26,121.458600,31.250300, 62,  0,1
85302,2007-02-20 13:17:36,121.461500,31.254300, 52, 45,0
85302,2007-02-20 13:18:08,121.465600,31.255600, 50, 22,0
85302,2007-02-20 13:18:24,121.467600,31.256600, 54, 22,0
85302,2007-02-20 13:18:39,121.469100,31.258100, 56, 22,0
85302,2007-02-20 13:18:56,121.471500,31.260300, 76, 22,0
85302,2007-02-20 13:19:12,121.473100,31.262000, 40, 22,0
85302,2007-02-20 13:19:28,121.473600,31.263000, 28, 22,0
85302,2007-02-20 13:19:44,121.474100,31.264000, 30,  0,0
85302,2007-02-20 13:20:44,121.473300,31.262300, 20,  0,0
85302,2007-02-20 13:21:01,121.472100,31.263500, 52,157,0
85302,2007-02-20 13:21:17,121.471000,31.264100, 20,157,0
85302,2007-02-20 13:22:03,121.471100,31.265000, 42, 22,0
85302,2007-02-20 13:22:19,121.472100,31.265600, 16, 22,0
85302,2007-02-20 13:23:19,121.471800,31.266000,  0,157,0
85302,2007-02-20 13:24:21,121.471800,31.266000,  0,157,0
85302,2007-02-20 13:25:22,121.471800,31.266000,  0,157,0
85302,2007-02-20 13:26:23,121.471800,31.266000,  0,157,0
85302,2007-02-20 13:27:24,121.471800,31.266000,  0,157,0
85302,2007-02-20 13:28:24,121.471800,31.266000,  0,157,0
85302,2007-02-20 13:29:26,121.471800,31.266000,  0,157,0
85302,2007-02-20 13:30:27,121.471800,31.266000,  0,157,0
85302,2007-02-20 13:32:29,121.471800,31.266000,  0,157,0
85302,2007-02-20 13:34:31,121.471800,31.266000,  0,157,0
85302,2007-02-20 13:35:32,121.471800,31.266000,  0,157,0
85302,2007-02-20 13:36:33,121.471800,31.266000,  0,157,0
85302,2007-02-20 13:37:34,121.471800,31.266000,  0,157,0
85302,2007-02-20 13:38:34,121.471800,31.266000,  0,157,0
85302,2007-02-20 13:39:36,121.471800,31.266000,  0,157,0
85302,2007-02-20 13:40:37,121.471800,31.266000,  0,157,0
85302,2007-02-20 13:41:38,121.471800,31.266000,  0,157,0
85302,2007-02-20 13:42:39,121.471800,31.266000,  0,157,0
85302,2007-02-20 13:43:39,121.471800,31.266000,  0,157,0
85302,2007-02-20 13:44:41,121.471800,31.266000,  0,157,0
85302,2007-02-20 13:45:42,121.471800,31.266000,  0,157,0
85302,2007-02-20 13:48:44,121.471800,31.266000,  0,157,0
85302,2007-02-20 13:49:05,121.471800,31.266000,  0,157,1
85302,2007-02-20 13:50:06,121.471800,31.266000,  0,157,1
85302,2007-02-20 13:51:07,121.471800,31.266000,  0,157,1
85302,2007-02-20 13:52:08,121.471800,31.266000,  0,157,1
85302,2007-02-20 13:53:09,121.471800,31.266000,  0,157,1
85302,2007-02-20 13:54:09,121.471800,31.266000,  0,157,1
85302,2007-02-20 13:55:11,121.471800,31.266000,  0,157,1
85302,2007-02-20 13:55:24,121.471800,31.266000,  0,157,0
85302,2007-02-20 13:55:47,121.471800,31.266000,  0,157,0
85302,2007-02-20 13:56:47,121.471800,31.266000,  0,157,0
85302,2007-02-20 13:57:48,121.471800,31.266000,  0,157,0
85302,2007-02-20 14:00:08,121.471800,31.266000,  0,157,0
85302,2007-02-20 14:01:26,121.471800,31.266000,  0,157,0
85302,2007-02-20 14:03:27,121.471800,31.266000,  0,157,0
85302,2007-02-20 14:04:27,121.471800,31.266000,  0,157,0
85302,2007-02-20 14:04:46,121.471800,31.266000,  0,157,1
85302,2007-02-20 14:05:46,121.471800,31.266000,  0,157,1
85302,2007-02-20 14:06:47,121.496500,31.276500,  0,157,1
85302,2007-02-20 14:07:48,121.496600,31.276600,  0,157,1
85302,2007-02-20 14:09:50,121.502300,31.272500, 34, 45,1
85302,2007-02-20 14:10:51,121.506800,31.275500, 18, 45,1
85302,2007-02-20 14:11:52,121.509100,31.273300, 54, 67,1
85302,2007-02-20 14:12:53,121.510800,31.271300,  4, 90,1
85302,2007-02-20 14:13:54,121.511800,31.269600, 14, 90,1
85302,2007-02-20 14:14:55,121.516500,31.272800, 52, 22,1
85302,2007-02-20 14:15:56,121.518100,31.273800,  0,  0,1
85302,2007-02-20 14:16:57,121.521300,31.270000, 44, 67,1
85302,2007-02-20 14:17:58,121.523000,31.268100, 22, 22,1
85302,2007-02-20 14:18:59,121.526500,31.271300, 36, 22,1
85302,2007-02-20 14:20:00,121.528300,31.271300,  8,  0,1
85302,2007-02-20 14:21:01,121.528300,31.271600,  0,  0,1
85302,2007-02-20 14:22:02,121.532100,31.272500, 22, 45,1
85302,2007-02-20 14:22:27,121.532600,31.272800,  0, 22,0
85302,2007-02-20 14:23:04,121.532500,31.272800, 12,157,1
85302,2007-02-20 14:24:04,121.532100,31.272800,  0,112,1
85302,2007-02-20 14:25:05,121.526300,31.270500, 30,135,1
85302,2007-02-20 14:26:06,121.522300,31.278000, 34,157,1
85302,2007-02-20 14:27:07,121.520800,31.279000,  0,157,1
85302,2007-02-20 14:28:08,121.520800,31.279000,  0,157,1
85302,2007-02-20 14:29:09,121.520800,31.279000,  0,157,1
85302,2007-02-20 14:30:10,121.520800,31.279000,  0,157,1
85302,2007-02-20 14:30:18,121.520800,31.279000,  0,157,0
85302,2007-02-20 14:31:19,121.520800,31.279000,  0,157,0
85302,2007-02-20 14:32:20,121.520800,31.279000,  0,157,0
85302,2007-02-20 14:32:22,121.520800,31.279000,  0,157,1
85302,2007-02-20 14:33:22,121.520800,31.279000,  0,157,1
85302,2007-02-20 14:34:23,121.520800,31.279000,  0,157,1
85302,2007-02-20 14:35:24,121.520800,31.279000,  0,157,1
85302,2007-02-20 14:36:25,121.520800,31.279000,  0,157,1
85302,2007-02-20 14:37:26,121.519500,31.283000,  0,157,1
85302,2007-02-20 14:39:28,121.519500,31.283000,  0,157,1
85302,2007-02-20 14:40:29,121.519500,31.283000,  0,157,1
85302,2007-02-20 14:41:30,121.519500,31.283000,  0,157,1
85302,2007-02-20 14:42:03,121.519500,31.283000,  0,157,0
85302,2007-02-20 14:43:01,121.538000,31.288100,  0,157,1
85302,2007-02-20 14:44:01,121.538000,31.288100,  0,157,1
85302,2007-02-20 14:45:02,121.538000,31.288100,  0,157,1
85302,2007-02-20 14:46:03,121.538000,31.288100,  0,157,1
85302,2007-02-20 14:47:04,121.538000,31.288100,  0,157,1
85302,2007-02-20 14:48:05,121.538000,31.288100,  0,157,1
85302,2007-02-20 14:49:06,121.538000,31.288100,  0,157,1
85302,2007-02-20 14:49:13,121.538000,31.288100,  0,157,0
85302,2007-02-20 14:50:14,121.510000,31.275800,  0,157,0
85302,2007-02-20 14:50:53,121.510000,31.275800,  0,157,0
85302,2007-02-20 14:51:53,121.510000,31.275800,  0,157,0
85302,2007-02-20 14:52:54,121.510000,31.275800,  0,157,0
85302,2007-02-20 14:53:55,121.510000,31.275800,  0,157,0
85302,2007-02-20 14:54:56,121.510000,31.275800,  0,157,0
85302,2007-02-20 14:55:57,121.510000,31.275800,  0,157,0
85302,2007-02-20 14:56:58,121.510000,31.275800,  0,157,0
85302,2007-02-20 14:57:59,121.533000,31.285300,  0,157,0
85302,2007-02-20 14:59:00,121.532500,31.285000,  0,157,0
85302,2007-02-20 15:00:01,121.532500,31.285000,  0,157,0
85302,2007-02-20 15:01:02,121.532500,31.285000,  0,157,0
85302,2007-02-20 15:02:03,121.532500,31.285000,  0,157,0
85302,2007-02-20 15:02:51,121.517100,31.277600, 34,112,0
85302,2007-02-20 15:03:30,121.517100,31.277800,  6,157,1
85302,2007-02-20 15:04:31,121.514300,31.277000, 12, 45,1
85302,2007-02-20 15:05:32,121.515600,31.272800,  8, 67,1
85302,2007-02-20 15:06:33,121.511100,31.268300, 60,112,1
85302,2007-02-20 15:07:34,121.510500,31.267500,  0,112,1
85302,2007-02-20 15:08:35,121.510500,31.267500,  0,112,1
85302,2007-02-20 15:09:36,121.510500,31.267500,  0,112,1
85302,2007-02-20 15:10:37,121.510500,31.267500,  0,112,1
85302,2007-02-20 15:12:39,121.510500,31.267500,  0,112,1
85302,2007-02-20 15:13:40,121.510500,31.267500,  0,112,1
85302,2007-02-20 15:14:41,121.510500,31.267500,  0,112,1
85302,2007-02-20 15:15:42,121.510500,31.267500,  0,112,1
85302,2007-02-20 15:16:43,121.510500,31.267500,  0,112,1
85302,2007-02-20 15:17:44,121.510500,31.267500,  0,112,1
85302,2007-02-20 15:18:45,121.510500,31.267500,  0,112,1
85302,2007-02-20 15:19:46,121.510500,31.267500,  0,112,1
85302,2007-02-20 15:20:47,121.510500,31.267500,  0,112,1
85302,2007-02-20 15:21:48,121.510500,31.267500,  0,112,1
85302,2007-02-20 15:22:49,121.510500,31.267500,  0,112,1
85302,2007-02-20 15:23:50,121.510500,31.267500,  0,112,1
85302,2007-02-20 15:24:51,121.510500,31.267500,  0,112,1
85302,2007-02-20 15:25:52,121.510500,31.267500,  0,112,1
85302,2007-02-20 15:26:53,121.510500,31.267500,  0,112,1
85302,2007-02-20 15:27:29,121.510500,31.267500,  0,112,1
85302,2007-02-20 15:27:55,121.510500,31.267500,  0,112,1
85302,2007-02-20 15:28:56,121.510500,31.267500,  0,112,1
85302,2007-02-20 15:29:57,121.510500,31.267500,  0,112,1
85302,2007-02-20 15:30:58,121.510500,31.267500,  0,112,1
85302,2007-02-20 15:33:38,121.510500,31.267500,  0,112,1
85302,2007-02-20 15:34:39,121.510500,31.267500,  0,112,1
85302,2007-02-20 15:35:40,121.510500,31.267500,  0,112,1
85302,2007-02-20 15:36:41,121.431100,31.258800,  0,112,1
85302,2007-02-20 15:37:42,121.431100,31.258800,  0,112,1
85302,2007-02-20 15:38:43,121.431100,31.258800,  0,112,1
85302,2007-02-20 15:39:44,121.431100,31.258800,  0,112,1
85302,2007-02-20 15:40:45,121.431100,31.258800,  0,112,1
85302,2007-02-20 15:41:46,121.406600,31.270500,  0,157,1
85302,2007-02-20 15:42:47,121.406600,31.270300,  0,112,1
85302,2007-02-20 15:44:38,121.408500,31.271300,  0, 22,0
85302,2007-02-20 15:44:53,121.408300,31.271300,  4,112,0
85302,2007-02-20 15:45:33,121.407100,31.271500, 38,135,0
85302,2007-02-20 15:45:49,121.406000,31.271500, 18, 90,0
85302,2007-02-20 15:46:38,121.405800,31.270500, 28, 67,0
85302,2007-02-20 15:46:54,121.407100,31.269600, 38, 67,0
85302,2007-02-20 15:47:10,121.408800,31.268000, 74, 67,0
85302,2007-02-20 15:47:26,121.410600,31.267600,  0, 45,0
85302,2007-02-20 15:48:05,121.411000,31.268500, 30,  0,0
85302,2007-02-20 15:48:21,121.410600,31.270300, 38,  0,0
85302,2007-02-20 15:48:37,121.410500,31.271300, 34,  0,0
85302,2007-02-20 15:48:53,121.410300,31.272500, 20,  0,0
85302,2007-02-20 15:49:11,121.410100,31.273500, 16,  0,0
85302,2007-02-20 15:49:28,121.410100,31.274500, 34,  0,0
85302,2007-02-20 15:49:44,121.409800,31.276100, 44,  0,0
85302,2007-02-20 15:50:00,121.410000,31.278000, 46,  0,0
85302,2007-02-20 15:50:32,121.411000,31.281000, 10,  0,0
85302,2007-02-20 15:51:04,121.411300,31.282000, 42,  0,0
85302,2007-02-20 15:51:20,121.411600,31.283800, 36,  0,0
85302,2007-02-20 15:51:48,121.411600,31.283300, 10, 90,0
85302,2007-02-20 15:52:04,121.411300,31.282000, 46, 90,0
85302,2007-02-20 15:52:36,121.413500,31.281300, 38, 45,0
85302,2007-02-20 15:52:52,121.415500,31.281300, 36, 45,0
85302,2007-02-20 15:53:53,121.416600,31.281500,  0, 45,0
85302,2007-02-20 15:54:54,121.416600,31.281500,  0, 45,0
85302,2007-02-20 15:55:36,121.417500,31.283500, 44,  0,0
85302,2007-02-20 15:55:56,121.418000,31.284300, 12, 45,0
85302,2007-02-20 15:56:12,121.418800,31.283300, 54, 67,0
85302,2007-02-20 15:57:01,121.422800,31.279000, 58, 67,0
85302,2007-02-20 15:57:17,121.424300,31.277300, 50, 67,0
85302,2007-02-20 15:57:46,121.425100,31.276600, 20, 45,0
85302,2007-02-20 15:58:18,121.427000,31.278300, 34, 22,0
85302,2007-02-20 15:58:50,121.429600,31.280800, 28, 22,0
85302,2007-02-20 15:59:06,121.430300,31.281500, 44, 22,0
85302,2007-02-20 15:59:22,121.432000,31.283000, 56, 22,0
85302,2007-02-20 16:00:53,121.445300,31.285100,  6, 45,0
85302,2007-02-20 16:01:54,121.445300,31.285100,  4, 45,0
85302,2007-02-20 16:02:11,121.446500,31.285100, 38, 45,0
85302,2007-02-20 16:02:27,121.447000,31.284000, 42, 90,0
85302,2007-02-20 16:02:43,121.447100,31.282000, 38, 90,0
85302,2007-02-20 16:02:59,121.447600,31.281300, 16, 45,0
85302,2007-02-20 16:03:24,121.448800,31.281300, 16, 45,0
85302,2007-02-20 16:04:25,121.449100,31.281300,  0, 45,0
85302,2007-02-20 16:04:57,121.449100,31.281100, 48, 45,0
85302,2007-02-20 16:05:17,121.450300,31.281100, 16, 45,0
85302,2007-02-20 16:05:33,121.451600,31.281100, 36, 45,0
85302,2007-02-20 16:05:57,121.452800,31.281300, 28, 45,0
85302,2007-02-20 16:06:20,121.454000,31.281300, 36, 45,0
85302,2007-02-20 16:06:36,121.456100,31.281300, 32, 45,0
85302,2007-02-20 16:07:01,121.457300,31.281500, 36, 45,0
85302,2007-02-20 16:07:17,121.459000,31.281800, 28, 45,0
85302,2007-02-20 16:07:33,121.460500,31.282000, 38, 45,0
85302,2007-02-20 16:07:49,121.462300,31.281800, 36, 45,0
85302,2007-02-20 16:08:50,121.463100,31.281800,  0, 45,0
85302,2007-02-20 16:09:18,121.464100,31.281600, 18, 45,0
85302,2007-02-20 16:09:34,121.465300,31.281300, 34, 45,0
85302,2007-02-20 16:09:50,121.467000,31.280800, 46, 45,0
85302,2007-02-20 16:10:06,121.469000,31.280100, 38, 45,0
85302,2007-02-20 16:11:03,121.470800,31.280300, 46,  0,0
85302,2007-02-20 16:11:19,121.471100,31.282500, 62,  0,0
85302,2007-02-20 16:12:00,121.474100,31.284600, 42, 45,0
85302,2007-02-20 16:12:15,121.476000,31.284300, 48, 45,0
85302,2007-02-20 16:13:03,121.477100,31.284100, 32, 45,0
85302,2007-02-20 16:13:26,121.478300,31.284000, 12, 67,0
85302,2007-02-20 16:14:10,121.479100,31.282100, 48, 45,0
85302,2007-02-20 16:14:26,121.481300,31.281600, 42, 45,0
85302,2007-02-20 16:14:42,121.483500,31.281100, 48, 45,0
85302,2007-02-20 16:14:58,121.485000,31.281100, 22, 45,0
85302,2007-02-20 16:15:59,121.485300,31.281100,  0, 45,0
85302,2007-02-20 16:16:47,121.486100,31.281600, 10,  0,0
85302,2007-02-20 16:17:31,121.486100,31.281800, 12,  0,1
85302,2007-02-20 16:18:31,121.485800,31.285800,  0,157,1
85302,2007-02-20 16:19:32,121.486100,31.286800, 32,  0,1
85302,2007-02-20 16:20:33,121.486100,31.287300,  0,  0,1
85302,2007-02-20 16:21:34,121.486100,31.287500, 18,  0,1
85302,2007-02-20 16:22:35,121.485100,31.296000, 58,157,1
85302,2007-02-20 16:23:36,121.480800,31.308600,104,  0,1
85302,2007-02-20 16:24:37,121.480800,31.322600,124,  0,1
85302,2007-02-20 16:25:38,121.489000,31.335800,124, 22,1
85302,2007-02-20 16:26:39,121.497600,31.349800,100,  0,1
85302,2007-02-20 16:27:40,121.493100,31.363500,106,  0,1
85302,2007-02-20 16:28:41,121.488600,31.373600, 52,  0,1
85302,2007-02-20 16:29:42,121.492500,31.375800, 16, 45,1
85302,2007-02-20 16:30:43,121.494800,31.377500, 28,157,1
85302,2007-02-20 16:31:44,121.497300,31.380800, 30,  0,1
85302,2007-02-20 16:32:13,121.497000,31.382300,  0,  0,0
85302,2007-02-20 16:32:28,121.497000,31.382300,  0,  0,0
85302,2007-02-20 16:33:15,121.496100,31.382100, 32,135,0
85302,2007-02-20 16:33:44,121.495000,31.382100, 36,112,0
85302,2007-02-20 16:34:00,121.494300,31.381000, 32,112,0
85302,2007-02-20 16:34:16,121.493300,31.379800, 28,135,0
85302,2007-02-20 16:34:32,121.492600,31.381100, 50,  0,0
85302,2007-02-20 16:35:04,121.491600,31.385000, 48,157,0
85302,2007-02-20 16:35:20,121.490800,31.386000, 30,157,0
85302,2007-02-20 16:36:14,121.490300,31.386800, 14,157,0
85302,2007-02-20 16:36:30,121.489600,31.387800, 48,157,0
85302,2007-02-20 16:36:46,121.488500,31.389500, 46,157,0
85302,2007-02-20 16:37:02,121.487500,31.390600, 24,157,0
85302,2007-02-20 16:37:18,121.487500,31.391600, 40, 22,0
85302,2007-02-20 16:37:34,121.488600,31.392100, 12,135,0
85302,2007-02-20 16:37:50,121.487100,31.391300, 30,112,0
85302,2007-02-20 16:38:06,121.488000,31.390000, 60, 67,0
85302,2007-02-20 16:38:22,121.489500,31.387800, 72, 67,0
85302,2007-02-20 16:38:38,121.490800,31.386100, 44, 67,0
85302,2007-02-20 16:38:54,121.491600,31.384600, 34, 67,0
85302,2007-02-20 16:39:10,121.492100,31.383300, 18, 90,0
85302,2007-02-20 16:39:33,121.492100,31.382300,  6,112,0
85302,2007-02-20 16:39:54,121.492500,31.381500, 50, 90,0
85302,2007-02-20 16:40:10,121.493000,31.379800, 34, 67,0
85302,2007-02-20 16:40:26,121.494000,31.378300, 42, 67,0
85302,2007-02-20 16:40:42,121.494600,31.377500, 24, 67,0
85302,2007-02-20 16:41:30,121.493100,31.376100, 20,135,0
85302,2007-02-20 16:42:09,121.492100,31.376300, 16,157,0
85302,2007-02-20 16:42:27,121.491300,31.376800, 36,112,0
85302,2007-02-20 16:42:43,121.489100,31.376000, 50,112,0
85302,2007-02-20 16:43:07,121.488600,31.375600, 16,112,1
85302,2007-02-20 16:44:07,121.487600,31.374800,  0,112,1
85302,2007-02-20 16:45:08,121.492600,31.375100,  0, 90,1
85302,2007-02-20 16:47:10,121.493800,31.378800, 50,157,1
85302,2007-02-20 16:48:11,121.496000,31.383600, 48,  0,1
85302,2007-02-20 16:49:12,121.499300,31.390000, 36,  0,1
85302,2007-02-20 16:50:13,121.502300,31.392800, 26,  0,1
85302,2007-02-20 16:50:51,121.504600,31.392600,  0, 67,0
85302,2007-02-20 16:51:07,121.504600,31.392600, 10,  0,0
85302,2007-02-20 16:51:41,121.502100,31.392500, 30, 90,0
85302,2007-02-20 16:51:57,121.501600,31.390600, 42, 90,0
85302,2007-02-20 16:52:29,121.499500,31.390300, 48,112,0
85302,2007-02-20 16:52:45,121.498500,31.388600, 48,112,0
85302,2007-02-20 16:53:01,121.497500,31.386600, 68,112,0
85302,2007-02-20 16:53:17,121.496500,31.385000, 38,112,0
85302,2007-02-20 16:53:33,121.495600,31.383500, 56, 90,0
85302,2007-02-20 16:53:49,121.494800,31.381800, 36,112,0
85302,2007-02-20 16:54:05,121.494000,31.380300, 44,112,0
85302,2007-02-20 16:54:25,121.493500,31.379500, 26, 90,0
85302,2007-02-20 16:54:41,121.494100,31.378300, 44, 67,0
85302,2007-02-20 16:54:57,121.495000,31.377100, 18, 67,0
85302,2007-02-20 16:55:17,121.494000,31.376500, 28,112,0
85302,2007-02-20 16:55:37,121.493000,31.376000, 16,112,0
85302,2007-02-20 16:56:11,121.492100,31.376500, 22,157,0
85302,2007-02-20 16:56:27,121.491000,31.376600, 50,112,0
85302,2007-02-20 16:56:43,121.488600,31.375800, 42,112,0
85302,2007-02-20 16:56:59,121.487600,31.375000, 28,112,0
85302,2007-02-20 16:57:15,121.486800,31.373800, 26,112,0
85302,2007-02-20 16:57:31,121.487500,31.373500, 28, 90,0
85302,2007-02-20 16:57:47,121.488500,31.372100, 44, 90,0
85302,2007-02-20 16:58:03,121.490000,31.370000, 78, 67,0
85302,2007-02-20 16:58:19,121.491500,31.367300, 68, 67,0
85302,2007-02-20 16:58:35,121.492300,31.364800, 82, 90,0
85302,2007-02-20 16:58:51,121.493100,31.362500,  8, 90,0
85302,2007-02-20 16:59:33,121.493600,31.361600, 58, 90,0
85302,2007-02-20 17:00:05,121.496000,31.356300, 66, 67,0
85302,2007-02-20 17:00:21,121.497000,31.353600, 70, 90,0
85302,2007-02-20 17:00:37,121.497600,31.351600, 46, 90,0
85302,2007-02-20 17:00:53,121.497500,31.349600, 56, 90,0
85302,2007-02-20 17:01:09,121.497000,31.348600,  4, 90,0
85302,2007-02-20 17:02:10,121.496500,31.349000,  0,112,0
85302,2007-02-20 17:02:20,121.496500,31.348800, 10, 67,1
85302,2007-02-20 17:03:21,121.497800,31.351300,  0,157,1
85302,2007-02-20 17:04:22,121.498100,31.351300,  0, 45,1
85302,2007-02-20 17:05:23,121.498000,31.351100,  0, 67,1
85302,2007-02-20 17:06:24,121.498000,31.351100,  0, 67,1
85302,2007-02-20 17:07:25,121.498000,31.351100,  0, 67,1
85302,2007-02-20 17:08:26,121.498000,31.351100,  0, 67,1
85302,2007-02-20 17:09:27,121.493000,31.363500,  0, 67,1
85302,2007-02-20 17:10:28,121.491600,31.367000, 26,157,1
85302,2007-02-20 17:11:29,121.487000,31.378100,106,  0,1
85302,2007-02-20 17:12:30,121.477800,31.393000, 98,157,1
85302,2007-02-20 17:13:31,121.475500,31.397500, 10, 90,1
85302,2007-02-20 17:14:32,121.476800,31.399000,  0, 22,1
85302,2007-02-20 17:15:27,121.481800,31.398500, 42, 67,0
85302,2007-02-20 17:15:42,121.481600,31.398600,  0, 67,0
85302,2007-02-20 17:16:32,121.482300,31.397600, 30, 67,0
85302,2007-02-20 17:17:25,121.483100,31.396600, 30, 67,0
85302,2007-02-20 17:17:41,121.484100,31.395100, 50, 67,0
85302,2007-02-20 17:18:13,121.486100,31.392300, 30, 67,0
85302,2007-02-20 17:19:09,121.486800,31.391500, 12, 67,0
85302,2007-02-20 17:19:25,121.487500,31.390500, 38, 67,0
85302,2007-02-20 17:19:41,121.488600,31.388800, 52, 67,0
85302,2007-02-20 17:19:57,121.489600,31.387600, 26, 67,0
85302,2007-02-20 17:20:58,121.489800,31.387500,  4, 67,0
85302,2007-02-20 17:21:15,121.490500,31.386500, 32, 67,0
85302,2007-02-20 17:21:31,121.491300,31.385100, 58, 67,0
85302,2007-02-20 17:21:47,121.492300,31.383100, 44, 90,0
85302,2007-02-20 17:22:03,121.492300,31.382500, 14, 90,0
85302,2007-02-20 17:22:19,121.492600,31.381100, 50, 90,0
85302,2007-02-20 17:22:35,121.493100,31.379600, 30, 67,0
85302,2007-02-20 17:22:51,121.494000,31.378500, 28, 67,0
85302,2007-02-20 17:23:38,121.492300,31.377100, 12,112,0
85302,2007-02-20 17:24:02,121.491300,31.376800, 40,112,0
85302,2007-02-20 17:24:18,121.489600,31.376100, 34,112,0
85302,2007-02-20 17:24:34,121.488600,31.375600, 16,135,0
85302,2007-02-20 17:25:35,121.488100,31.375500,  0,112,0
85302,2007-02-20 17:26:36,121.487800,31.375000,  0,112,0
85302,2007-02-20 17:26:55,121.490100,31.369800, 66, 67,0
85302,2007-02-20 17:27:11,121.491500,31.366800, 88, 90,0
85302,2007-02-20 17:27:27,121.492600,31.363600, 92, 90,0
85302,2007-02-20 17:27:43,121.494000,31.361000, 68, 90,0
85302,2007-02-20 17:27:59,121.495000,31.358300, 74, 90,0
85302,2007-02-20 17:28:15,121.495800,31.356500, 50, 90,0
85302,2007-02-20 17:28:31,121.496500,31.354800, 44, 67,0
85302,2007-02-20 17:28:47,121.497500,31.352800, 56, 90,0
85302,2007-02-20 17:29:03,121.497600,31.350500, 62, 90,0
85302,2007-02-20 17:29:19,121.497100,31.348800, 42, 90,0
85302,2007-02-20 17:29:37,121.497100,31.348500,  8,112,1
85302,2007-02-20 17:31:38,121.483100,31.328300, 82,112,1
85302,2007-02-20 17:32:39,121.480800,31.314600, 82, 90,1
85302,2007-02-20 17:33:40,121.483300,31.299600,102, 90,1
85302,2007-02-20 17:34:41,121.486100,31.290300, 76, 90,1
85302,2007-02-20 17:35:42,121.486500,31.288100,  0, 67,1
85302,2007-02-20 17:36:43,121.486000,31.284600,  0, 90,1
85302,2007-02-20 17:37:44,121.486000,31.283600, 40, 90,1
85302,2007-02-20 17:38:45,121.485800,31.279000, 12, 90,1
85302,2007-02-20 17:39:46,121.485800,31.279000,  0, 67,1
85302,2007-02-20 17:40:47,121.485800,31.279000,  0, 67,1
85302,2007-02-20 17:41:48,121.485800,31.279000,  0, 67,1
85302,2007-02-20 17:42:35,121.485800,31.279000,  0, 67,0
85302,2007-02-20 17:43:36,121.496600,31.277000,  0, 67,0
85302,2007-02-20 17:44:06,121.493000,31.273300, 26,112,0
85302,2007-02-20 17:44:22,121.491800,31.272300, 38,112,0
85302,2007-02-20 17:44:38,121.490800,31.271100, 18, 90,0
85302,2007-02-20 17:45:12,121.491300,31.271600,  8,112,1
85302,2007-02-20 17:46:13,121.487800,31.273500, 18,157,1
85302,2007-02-20 17:47:14,121.482100,31.272600, 24,112,1
85302,2007-02-20 17:49:16,121.480000,31.268000, 30,112,1
85302,2007-02-20 17:50:17,121.479800,31.266100,  6, 90,1
85302,2007-02-20 17:51:18,121.479500,31.265600,  0,112,1
85302,2007-02-20 17:53:20,121.479500,31.265600,  0,112,1
85302,2007-02-20 17:54:01,121.475100,31.272300,  0,  0,0
85302,2007-02-20 17:54:31,121.474800,31.273100, 42,  0,0
85302,2007-02-20 17:54:54,121.474600,31.274000,  4,135,0
85302,2007-02-20 17:55:28,121.474800,31.274000, 12,  0,1
85302,2007-02-20 17:56:29,121.477300,31.275600, 38, 45,1
85302,2007-02-20 17:57:30,121.476600,31.276800, 40,135,1
85302,2007-02-20 17:58:31,121.474000,31.277500,  0,135,1
85302,2007-02-20 17:59:32,121.471500,31.272600, 68,112,1
85302,2007-02-20 18:00:33,121.463000,31.265300, 56,112,1
85302,2007-02-20 18:01:34,121.461600,31.264800,  0, 90,1
85302,2007-02-20 18:02:35,121.461600,31.264800,  0, 90,1
85302,2007-02-20 18:03:36,121.461600,31.264800,  0, 90,1
85302,2007-02-20 18:04:37,121.461600,31.264800,  0, 90,1
85302,2007-02-20 18:05:38,121.461600,31.264800,  0, 90,1
85302,2007-02-20 18:06:39,121.461600,31.264800,  0, 90,1
85302,2007-02-20 18:07:40,121.461600,31.264800,  0, 90,1
85302,2007-02-20 18:10:08,121.448000,31.251000, 12, 22,0
85302,2007-02-20 18:10:32,121.448800,31.250100, 26, 90,0
85302,2007-02-20 18:10:48,121.449300,31.249300, 40, 67,0
85302,2007-02-20 18:11:04,121.450600,31.248800, 28, 67,0
85302,2007-02-20 18:12:04,121.451300,31.247600, 20, 67,0
85302,2007-02-20 18:12:37,121.451500,31.247100, 14,  0,1
85302,2007-02-20 18:13:38,121.455100,31.247500, 42, 45,1
85302,2007-02-20 18:14:39,121.458800,31.241600, 66, 90,1
85302,2007-02-20 18:15:40,121.462100,31.232600, 68, 90,1
85302,2007-02-20 18:16:41,121.462300,31.229000,  0, 90,1
85302,2007-02-20 18:17:42,121.462300,31.229000,  0, 90,1
85302,2007-02-20 18:18:48,121.462300,31.229000,  0, 90,0
85302,2007-02-20 18:19:49,121.462300,31.229000,  0, 90,0
85302,2007-02-20 18:20:50,121.460100,31.221000,  0, 90,0
85302,2007-02-20 18:21:02,121.460100,31.221000,  0, 90,1
85302,2007-02-20 18:22:03,121.457000,31.219800,  0,112,1
85302,2007-02-20 18:23:04,121.455000,31.219000, 20,135,1
85302,2007-02-20 18:24:05,121.454600,31.218800,  0,112,1
85302,2007-02-20 18:25:06,121.454600,31.218800,  0,112,1
85302,2007-02-20 18:26:07,121.455800,31.215500,  0, 67,1
85302,2007-02-20 18:27:08,121.456500,31.215500,  0, 45,1
85302,2007-02-20 18:28:08,121.457000,31.210500, 50, 90,1
85302,2007-02-20 18:29:10,121.457300,31.204500, 38,112,1
85302,2007-02-20 18:30:11,121.451800,31.203600, 44,135,1
85302,2007-02-20 18:31:12,121.452300,31.201000, 48, 67,1
85302,2007-02-20 18:32:13,121.456000,31.195100,  0, 90,1
85302,2007-02-20 18:33:13,121.456000,31.195000,  0, 90,0
85302,2007-02-20 18:33:17,121.456100,31.195000, 16, 67,1
85302,2007-02-20 18:35:18,121.444300,31.208300,214,157,1
85302,2007-02-20 18:36:19,121.444300,31.208300,  0,157,1
85302,2007-02-20 18:36:54,121.444300,31.208300,  0,157,0
85302,2007-02-20 18:37:54,121.447800,31.182800, 38,  0,0
85302,2007-02-20 18:38:37,121.448100,31.183800, 24,  0,0
85302,2007-02-20 18:38:54,121.447500,31.185000, 10,157,0
85302,2007-02-20 18:39:55,121.447500,31.185000,  0,157,0
85302,2007-02-20 18:41:02,121.446600,31.186100, 10,157,1
85302,2007-02-20 18:42:02,121.453100,31.189100, 78, 22,1
85302,2007-02-20 18:43:02,121.461800,31.194000,  0, 22,1
85302,2007-02-20 18:44:04,121.461800,31.194000,  0, 22,1
85302,2007-02-20 18:45:05,121.461800,31.194000,  0, 22,1
85302,2007-02-20 18:46:06,121.461800,31.194000,  0, 22,1
85302,2007-02-20 18:47:07,121.502600,31.206600, 84, 45,1
85302,2007-02-20 18:48:07,121.516100,31.202800, 86, 45,1
85302,2007-02-20 18:50:49,121.544500,31.198000,  0, 90,1
85302,2007-02-20 18:51:50,121.547100,31.192300, 58, 67,1
85302,2007-02-20 18:53:52,121.550600,31.185300, 30, 45,1
85302,2007-02-20 18:54:53,121.552600,31.184300, 18, 90,1
85302,2007-02-20 18:55:54,121.553000,31.182100, 12, 90,1
85302,2007-02-20 18:56:14,121.552800,31.181800,  0,112,0
85302,2007-02-20 18:57:14,121.552800,31.181800,  0,157,0
85302,2007-02-20 18:58:10,121.553100,31.182600,  8, 22,0
85302,2007-02-20 18:58:57,121.551300,31.183300, 30,157,0
85302,2007-02-20 18:59:14,121.550800,31.184500, 30,  0,0
85302,2007-02-20 18:59:42,121.550300,31.185500, 40,  0,0
85302,2007-02-20 18:59:57,121.549800,31.186800, 38,  0,0
85302,2007-02-20 19:00:14,121.549500,31.188300, 56,  0,0
85302,2007-02-20 19:00:46,121.547600,31.191800, 62,157,0
85302,2007-02-20 19:01:17,121.545500,31.195000, 46,  0,0
85302,2007-02-20 19:01:57,121.545100,31.196000, 20,  0,0
85302,2007-02-20 19:02:12,121.545000,31.197100, 42,157,0
85302,2007-02-20 19:02:29,121.544500,31.198100, 46,157,0
85302,2007-02-20 19:02:45,121.543500,31.200300, 62,  0,0
85302,2007-02-20 19:03:01,121.543000,31.201500,  0,157,0
85302,2007-02-20 19:04:02,121.543000,31.201500,  0,157,0
85302,2007-02-20 19:04:32,121.542500,31.202500, 54,157,0
85302,2007-02-20 19:04:47,121.541100,31.204300, 52,157,0
85302,2007-02-20 19:05:04,121.540000,31.206000, 20,157,0
85302,2007-02-20 19:05:21,121.539100,31.207000, 44,157,0
85302,2007-02-20 19:05:37,121.537100,31.208300, 62,157,0
85302,2007-02-20 19:05:52,121.535600,31.209000, 30,135,0
85302,2007-02-20 19:06:09,121.533500,31.209300, 48,135,0
85302,2007-02-20 19:06:25,121.531800,31.209600, 50,135,0
85302,2007-02-20 19:06:57,121.527800,31.209800,  4,135,0
85302,2007-02-20 19:07:57,121.527800,31.209800,  0,135,0
85302,2007-02-20 19:08:27,121.526600,31.209800, 54,135,0
85302,2007-02-20 19:08:42,121.524600,31.209800, 50,135,0
85302,2007-02-20 19:08:59,121.522000,31.210000, 54,135,0
85302,2007-02-20 19:09:15,121.521800,31.210600, 36, 22,0
85302,2007-02-20 19:09:57,121.523000,31.212600, 46, 22,0
85302,2007-02-20 19:10:30,121.525000,31.217600, 66,  0,0
85302,2007-02-20 19:10:46,121.525000,31.220100, 82,  0,0
85302,2007-02-20 19:11:02,121.524100,31.223100, 74,  0,0
85302,2007-02-20 19:11:17,121.523100,31.225500, 72,157,0
85302,2007-02-20 19:11:34,121.522300,31.227800, 44,157,0
85302,2007-02-20 19:11:50,121.521100,31.230100, 88,  0,0
85302,2007-02-20 19:12:06,121.520000,31.233300, 74,  0,0
85302,2007-02-20 19:12:22,121.518800,31.235500, 64,  0,0
85302,2007-02-20 19:12:37,121.518000,31.237100, 48,157,0
85302,2007-02-20 19:12:54,121.517000,31.238800, 62,157,0
85302,2007-02-20 19:13:10,121.515500,31.241800, 92,157,0
85302,2007-02-20 19:13:26,121.514300,31.244000,  0,157,0
85302,2007-02-20 19:14:27,121.514300,31.244000,  0,157,0
85302,2007-02-20 19:14:49,121.510800,31.257100, 74,157,0
85302,2007-02-20 19:15:05,121.509800,31.258800, 48,157,0
85302,2007-02-20 19:15:21,121.508600,31.260000, 18,  0,0
85302,2007-02-20 19:15:41,121.509500,31.260800, 28, 22,0
85302,2007-02-20 19:15:57,121.510500,31.261600, 40, 22,0
85302,2007-02-20 19:16:12,121.511300,31.262300, 20, 22,0
85302,2007-02-20 19:17:00,121.513100,31.261000, 14, 90,0
85302,2007-02-20 19:17:16,121.512100,31.260300, 26,112,0
85302,2007-02-20 19:17:32,121.511000,31.259500, 44,112,0
85302,2007-02-20 19:17:47,121.510100,31.258800, 10,112,0
85302,2007-02-20 19:18:30,121.509300,31.259300, 46,157,0
85302,2007-02-20 19:19:11,121.509000,31.260300, 18, 22,0
85302,2007-02-20 19:20:12,121.509300,31.260500,  0, 22,0
85302,2007-02-20 19:21:12,121.509300,31.260500,  0, 22,0
85302,2007-02-20 19:21:23,121.509300,31.260500, 10, 22,1
85302,2007-02-20 19:22:24,121.511500,31.262300, 32, 22,1
85302,2007-02-20 19:23:25,121.515000,31.264500,  6, 45,1
85302,2007-02-20 19:25:27,121.522100,31.267800, 24, 22,1
85302,2007-02-20 19:26:27,121.525600,31.269500, 40, 22,1
85302,2007-02-20 19:27:29,121.527600,31.270600,  0, 22,1
85302,2007-02-20 19:28:30,121.531100,31.272300, 20, 22,1
85302,2007-02-20 19:29:31,121.533300,31.273000, 32, 45,1
85302,2007-02-20 19:30:32,121.536000,31.274100, 42, 22,1
85302,2007-02-20 19:31:32,121.540800,31.277500, 56, 22,1
85302,2007-02-20 19:32:34,121.542100,31.282000, 44,157,1
85302,2007-02-20 19:33:35,121.541800,31.282500,  0,157,1
85302,2007-02-20 19:34:36,121.548300,31.287000, 70, 22,1
85302,2007-02-20 19:34:56,121.550100,31.288000,  6, 22,0
85302,2007-02-20 19:35:12,121.550100,31.288000,  0, 22,0
85302,2007-02-20 19:35:41,121.549800,31.288100, 24,112,1
85302,2007-02-20 19:36:41,121.541600,31.283000, 54,112,1
85302,2007-02-20 19:37:42,121.536500,31.280000,  0,112,1
85302,2007-02-20 19:38:42,121.540500,31.275000, 54, 67,1
85302,2007-02-20 19:39:44,121.542500,31.272300, 20, 67,1
85302,2007-02-20 19:40:42,121.544800,31.269800, 14, 67,0
85302,2007-02-20 19:41:22,121.545000,31.270800, 30, 22,0
85302,2007-02-20 19:41:39,121.544000,31.271600, 50,157,0
85302,2007-02-20 19:41:55,121.543300,31.272000, 12,157,1
85302,2007-02-20 19:42:56,121.540600,31.274300, 38,157,1
85302,2007-02-20 19:43:57,121.538800,31.276800, 42,157,1
85302,2007-02-20 19:45:59,121.532800,31.285000, 36,157,1
85302,2007-02-20 19:47:00,121.528000,31.283000, 24,112,1
85302,2007-02-20 19:48:01,121.522600,31.280100, 42,112,1
85302,2007-02-20 19:50:02,121.521300,31.275600, 28, 67,1
85302,2007-02-20 19:51:04,121.518500,31.274100,  0, 67,1
85302,2007-02-20 19:52:05,121.513600,31.271300, 64,112,1
85302,2007-02-20 19:53:06,121.505800,31.265000, 70,112,1
85302,2007-02-20 19:54:07,121.504500,31.264800,  0,112,1
85302,2007-02-20 19:55:07,121.508300,31.260000, 34, 67,1
85302,2007-02-20 19:56:09,121.513100,31.253800, 60, 67,1
85302,2007-02-20 19:57:10,121.513300,31.253500,  0, 67,1
85302,2007-02-20 19:58:11,121.513300,31.253500,  0, 67,1
85302,2007-02-20 19:59:12,121.513300,31.253500,  0, 67,1
85302,2007-02-20 20:00:12,121.519100,31.232500,  0, 67,1
85302,2007-02-20 20:01:14,121.519300,31.232000, 32, 90,1
85302,2007-02-20 20:02:14,121.513500,31.230000, 28,112,0
85302,2007-02-20 20:02:30,121.514000,31.230000,  4,135,0
85302,2007-02-20 20:03:31,121.513300,31.230000, 14,135,0
85302,2007-02-20 20:04:21,121.514000,31.228800,  8, 67,0
85302,2007-02-20 20:05:22,121.513000,31.229300,  0, 67,0
85302,2007-02-20 20:06:22,121.513000,31.229300,  0, 67,0
85302,2007-02-20 20:07:19,121.513000,31.229300,  0, 67,1
85302,2007-02-20 20:08:19,121.513000,31.229300,  0, 67,1
85302,2007-02-20 20:09:20,121.513000,31.229300,  0, 67,1
85302,2007-02-20 20:10:21,121.513000,31.229300,  0, 67,1
85302,2007-02-20 20:11:22,121.504300,31.237300,  0, 67,1
85302,2007-02-20 20:12:22,121.498100,31.239600, 56,157,1
85302,2007-02-20 20:13:24,121.496500,31.240300,  0,157,1
85302,2007-02-20 20:14:25,121.496500,31.240300,  0,157,1
85302,2007-02-20 20:17:27,121.496500,31.240300,  0,157,1
85302,2007-02-20 20:18:29,121.496500,31.240300,  0,157,1
85302,2007-02-20 20:19:30,121.496500,31.240300,  0,157,1
85302,2007-02-20 20:36:44,121.378600,31.233800, 56,135,1
85302,2007-02-20 20:37:45,121.375800,31.234300, 28,135,1
85302,2007-02-20 20:38:46,121.372600,31.235000,  0,135,1
85302,2007-02-20 20:41:49,121.366100,31.241800, 28,157,1
85302,2007-02-20 20:42:48,121.364000,31.241800,  0,135,0
85302,2007-02-20 20:44:05,121.363500,31.241100, 26, 90,0
85302,2007-02-20 20:44:26,121.363100,31.240100, 30, 90,0
85302,2007-02-20 20:44:50,121.363600,31.239500, 12, 45,0
85302,2007-02-20 20:45:31,121.365100,31.239800, 20, 22,0
85302,2007-02-20 20:45:47,121.366000,31.241300, 32,  0,0
85302,2007-02-20 20:46:02,121.366600,31.241500, 34, 67,0
85302,2007-02-20 20:46:21,121.367500,31.241100, 20, 67,1
85302,2007-02-20 20:47:21,121.368500,31.236500, 58, 67,1
85302,2007-02-20 20:48:22,121.371000,31.235300, 56, 67,1
85302,2007-02-20 20:49:18,121.372000,31.235000,  6, 45,1
85302,2007-02-20 20:50:19,121.372600,31.234800,  6, 45,1
85302,2007-02-20 20:51:20,121.374800,31.234300,  0, 45,1
85302,2007-02-20 20:52:21,121.374800,31.234300,  0, 45,1
85302,2007-02-20 20:53:22,121.374800,31.234300,  0, 45,1
85302,2007-02-20 20:55:24,121.388300,31.233300, 62, 45,1
85302,2007-02-20 20:56:25,121.395800,31.233800, 32, 45,1
85302,2007-02-20 20:57:26,121.399100,31.233800,  0, 22,1
85302,2007-02-20 21:02:02,121.407000,31.222100,  0, 90,1
85302,2007-02-20 21:03:02,121.407000,31.222100,  0, 90,1
85302,2007-02-20 21:04:04,121.407000,31.222100,  0, 90,1
85302,2007-02-20 21:05:05,121.407000,31.222100,  0, 90,1
85302,2007-02-20 21:06:06,121.430500,31.181300, 66, 67,1
85302,2007-02-20 21:07:07,121.440500,31.182600, 66, 22,1
85302,2007-02-20 21:08:07,121.445300,31.186500, 32, 22,1
85302,2007-02-20 21:09:09,121.448300,31.187800, 16, 45,1
85302,2007-02-20 21:10:10,121.450500,31.188300, 18, 45,1
85302,2007-02-20 21:12:12,121.459500,31.193100, 52, 22,1
85302,2007-02-20 21:13:12,121.467300,31.197300, 56, 45,1
85302,2007-02-20 21:15:15,121.480600,31.201600,  0, 22,1
85302,2007-02-20 21:17:17,121.481300,31.206100, 18,  0,1
85302,2007-02-20 21:17:52,121.481100,31.207000,  0,  0,0
85302,2007-02-20 21:18:07,121.481100,31.207000,  0,  0,0
85302,2007-02-20 21:20:10,121.481100,31.207100,  0, 90,0
85302,2007-02-20 21:21:11,121.481100,31.207100,  0, 90,0
85302,2007-02-20 21:22:12,121.481100,31.207100,  0, 90,0
85302,2007-02-20 21:23:12,121.481100,31.207100,  0, 90,0
85302,2007-02-20 21:23:14,121.481100,31.207100,  0, 90,1
85302,2007-02-20 21:24:15,121.481100,31.207100,  0, 90,1
85302,2007-02-20 21:25:16,121.483100,31.202500, 34,112,1
85302,2007-02-20 21:26:17,121.478100,31.199800, 34,112,1
85302,2007-02-20 21:27:17,121.476600,31.199000,  0,112,1
85302,2007-02-20 21:28:19,121.476600,31.199000,  0,112,1
85302,2007-02-20 21:29:20,121.476600,31.199000,  0,112,1
85302,2007-02-20 21:30:21,121.476600,31.199000,  0,112,1
85302,2007-02-20 21:31:22,121.476600,31.199000,  0,112,1
85302,2007-02-20 21:32:22,121.476600,31.199000,  0,112,1
85302,2007-02-20 21:34:25,121.439300,31.177500, 48, 67,1
85302,2007-02-20 21:35:26,121.437500,31.171800, 48,135,1
85302,2007-02-20 21:36:27,121.436100,31.171600,  0, 45,1
85302,2007-02-20 21:37:27,121.437500,31.170600,  8,112,1
85302,2007-02-20 21:37:58,121.436800,31.170100, 10,112,0
85302,2007-02-20 21:38:14,121.436100,31.169600, 14,112,0
85302,2007-02-20 21:38:34,121.434800,31.168800, 18,112,0
85302,2007-02-20 21:39:17,121.437500,31.171000, 26,  0,0
85302,2007-02-20 21:39:35,121.437800,31.171800, 36, 45,0
85302,2007-02-20 21:39:51,121.439800,31.172300, 40, 45,0
85302,2007-02-20 21:40:07,121.441300,31.172600, 20, 45,0
85302,2007-02-20 21:40:44,121.443600,31.173500, 42, 45,0
85302,2007-02-20 21:41:00,121.445100,31.173800, 30, 45,0
85302,2007-02-20 21:41:31,121.446300,31.174100, 28, 45,0
85302,2007-02-20 21:41:47,121.447300,31.174500, 30, 22,0
85302,2007-02-20 21:42:19,121.448100,31.177300, 52,  0,0
85302,2007-02-20 21:42:35,121.447800,31.179600, 66,  0,0
85302,2007-02-20 21:42:51,121.447300,31.181600, 42,  0,0
85302,2007-02-20 21:43:07,121.447600,31.182600, 44,  0,0
85302,2007-02-20 21:43:22,121.448100,31.184000, 30,  0,0
85302,2007-02-20 21:44:40,121.447000,31.185800, 18,157,0
85302,2007-02-20 21:46:11,121.446300,31.186500,  4,157,1
85302,2007-02-20 21:47:12,121.445000,31.190800, 36, 22,1
85302,2007-02-20 21:48:12,121.450000,31.192500,  0, 22,1
85302,2007-02-20 21:49:14,121.450600,31.191300,  8, 90,1
85302,2007-02-20 21:49:19,121.450600,31.191300,  0, 90,0
85302,2007-02-20 21:50:06,121.450800,31.192500, 26,  0,0
85302,2007-02-20 21:50:44,121.452600,31.193500, 24, 22,0
85302,2007-02-20 21:51:02,121.452800,31.194300, 42,157,0
85302,2007-02-20 21:51:19,121.452000,31.195600, 42,  0,0
85302,2007-02-20 21:51:35,121.451300,31.197100, 32,157,0
85302,2007-02-20 21:52:36,121.451300,31.197300,  0, 90,0
85302,2007-02-20 21:53:14,121.450600,31.198500, 34,  0,0
85302,2007-02-20 21:53:57,121.450100,31.199500, 36,  0,0
85302,2007-02-20 21:54:12,121.449600,31.200600, 26,157,0
85302,2007-02-20 21:54:30,121.449100,31.201500, 26,157,0
85302,2007-02-20 21:55:31,121.448800,31.202300, 22,  0,0
85302,2007-02-20 21:55:47,121.450600,31.202800, 46, 22,0
85302,2007-02-20 21:56:18,121.451100,31.203000, 12, 67,1
85302,2007-02-20 21:57:19,121.452600,31.200600,  0, 67,1
85302,2007-02-20 21:58:20,121.453500,31.198500, 34,112,1
85302,2007-02-20 21:59:21,121.449300,31.197000, 18,112,1
85302,2007-02-20 22:00:22,121.448100,31.196500,  0,112,1
85302,2007-02-20 22:01:22,121.444000,31.194100, 34,112,1
85302,2007-02-20 22:02:24,121.441300,31.192800, 26,112,1
85302,2007-02-20 22:03:25,121.442500,31.189600, 16, 45,1
85302,2007-02-20 22:03:59,121.445800,31.190800, 38, 22,0
85302,2007-02-20 22:04:14,121.446800,31.191100, 12, 45,0
85302,2007-02-20 22:05:15,121.447100,31.191300,  0, 22,0
85302,2007-02-20 22:05:56,121.448100,31.191800, 32, 22,0
85302,2007-02-20 22:06:12,121.449500,31.192300, 26, 22,0
85302,2007-02-20 22:06:30,121.450500,31.192800, 28, 22,0
85302,2007-02-20 22:06:46,121.451600,31.193300, 28, 22,0
85302,2007-02-20 22:07:02,121.453000,31.193800, 28, 22,0
85302,2007-02-20 22:07:40,121.451600,31.196800, 32,  0,0
85302,2007-02-20 22:07:54,121.451300,31.197300,  4,  0,0
85302,2007-02-20 22:08:51,121.451000,31.198000, 32,  0,0
85302,2007-02-20 22:09:07,121.450300,31.199100, 28,157,0
85302,2007-02-20 22:09:22,121.449800,31.200300, 36,157,0
85302,2007-02-20 22:09:42,121.449300,31.201300, 12,157,0
85302,2007-02-20 22:10:34,121.449000,31.202300, 20, 22,0
85302,2007-02-20 22:10:50,121.450800,31.203000, 34, 22,0
85302,2007-02-20 22:11:06,121.452000,31.203300, 40, 45,0
85302,2007-02-20 22:11:22,121.453800,31.203800, 34, 45,0
85302,2007-02-20 22:11:37,121.455000,31.204100, 18, 45,0
85302,2007-02-20 22:12:32,121.456100,31.204300, 10, 45,0
85302,2007-02-20 22:12:47,121.457500,31.204600, 44, 45,0
85302,2007-02-20 22:13:04,121.458600,31.205000, 10, 45,0
85302,2007-02-20 22:14:05,121.458800,31.205000,  0, 45,0
85302,2007-02-20 22:15:06,121.458800,31.205000,  0, 45,0
85302,2007-02-20 22:17:30,121.467800,31.212100, 36,157,1
85302,2007-02-20 22:18:31,121.466800,31.219300, 48,  0,1
85302,2007-02-20 22:19:32,121.468000,31.224100, 14, 22,1
85302,2007-02-20 22:20:32,121.468500,31.224300,  0, 22,1
85302,2007-02-20 22:21:34,121.468800,31.226000, 30, 45,1
85302,2007-02-20 22:22:21,121.472600,31.227300,  0, 45,0
85302,2007-02-20 22:22:37,121.472600,31.227300,  0, 45,0
85302,2007-02-20 22:23:10,121.473600,31.227800, 30, 22,0
85302,2007-02-20 22:24:11,121.474500,31.228100,  0, 45,0
85302,2007-02-20 22:24:39,121.475500,31.228600, 28, 22,0
85302,2007-02-20 22:24:55,121.476800,31.229300, 30, 22,0
85302,2007-02-20 22:25:34,121.477000,31.229500, 12,112,1
85302,2007-02-20 22:26:35,121.475300,31.228800,  0,135,1
85302,2007-02-20 22:27:36,121.474300,31.228100,  0,157,1
85302,2007-02-20 22:28:37,121.469500,31.226000,  0,112,1
85302,2007-02-20 22:29:37,121.469500,31.226000,  0,112,1
85302,2007-02-20 22:30:39,121.465300,31.224300, 30,112,1
85302,2007-02-20 22:31:40,121.460100,31.223100, 36,135,1
85302,2007-02-20 22:32:41,121.455800,31.221500, 28, 90,1
85302,2007-02-20 22:33:42,121.456500,31.220000, 14, 90,1
85302,2007-02-20 22:34:42,121.457300,31.217300, 24, 90,1
85302,2007-02-20 22:35:44,121.457600,31.216000,  0, 90,1
85302,2007-02-20 22:36:45,121.457800,31.215800, 18, 90,1
85302,2007-02-20 22:37:42,121.458100,31.214800,  0, 90,0
85302,2007-02-20 22:37:57,121.458100,31.214800,  0, 90,0
85302,2007-02-20 22:38:59,121.458500,31.213600, 32, 90,0
85302,2007-02-20 22:39:52,121.459000,31.212600, 20, 22,0
85302,2007-02-20 22:40:07,121.460300,31.213300, 36, 22,0
85302,2007-02-20 22:41:52,121.460100,31.217500, 32,  0,0
85302,2007-02-20 22:42:07,121.459800,31.218800, 34,  0,0
85302,2007-02-20 22:42:24,121.459500,31.220300, 34,  0,0
85302,2007-02-20 22:42:46,121.460000,31.221000, 26, 22,0
85302,2007-02-20 22:43:02,121.461300,31.221500, 32, 22,0
85302,2007-02-20 22:43:17,121.462300,31.222000, 24, 22,0
85302,2007-02-20 22:43:34,121.463500,31.222300, 18, 22,0
85302,2007-02-20 22:44:07,121.464300,31.222800, 32, 45,0
85302,2007-02-20 22:44:44,121.465500,31.223100, 18, 22,0
85302,2007-02-20 22:45:06,121.466600,31.223500, 18, 22,0
85302,2007-02-20 22:45:25,121.467000,31.224300, 24,  0,0
85302,2007-02-20 22:45:41,121.467300,31.225100, 26,  0,0
85302,2007-02-20 22:46:20,121.468100,31.225800, 18, 22,0
85302,2007-02-20 22:46:52,121.471600,31.226800, 36, 22,0
85302,2007-02-20 22:47:11,121.472600,31.227300, 16, 22,0
85302,2007-02-20 22:47:49,121.473800,31.227800, 26, 22,0
85302,2007-02-20 22:48:29,121.474600,31.228300, 16, 22,0
85302,2007-02-20 22:49:17,121.476600,31.229100, 28, 22,0
85302,2007-02-20 22:49:55,121.478800,31.230500, 34, 22,0
85302,2007-02-20 22:50:44,121.480100,31.231000, 36, 22,0
85302,2007-02-20 22:51:00,121.481800,31.231800, 44, 22,0
85302,2007-02-20 22:52:01,121.482100,31.232300,  0,  0,0
85302,2007-02-20 22:53:02,121.482100,31.232300,  0,  0,0
85302,2007-02-20 22:54:02,121.482100,31.232300,  0,  0,0
85302,2007-02-20 22:55:55,121.487300,31.235100, 26,157,0
85302,2007-02-20 22:56:31,121.486000,31.238300, 50,  0,0
85302,2007-02-20 22:56:42,121.485800,31.239300, 26,  0,0
85302,2007-02-20 22:56:59,121.485600,31.240300, 30,  0,0
85302,2007-02-20 22:57:15,121.485600,31.241300, 12,  0,0
85302,2007-02-20 22:57:32,121.485600,31.242500, 34,  0,0
85302,2007-02-20 22:57:47,121.485600,31.243800, 50,  0,0
85302,2007-02-20 22:58:04,121.484800,31.245500, 50,  0,0
85302,2007-02-20 22:58:20,121.485100,31.247600, 62,  0,0
85302,2007-02-20 22:58:36,121.485100,31.249300, 28,  0,0
85302,2007-02-20 22:59:04,121.485300,31.250000, 30,  0,0
85302,2007-02-20 23:00:05,121.485300,31.250600,  0,  0,0
85302,2007-02-20 23:01:06,121.485600,31.250600,  0,  0,0
85302,2007-02-20 23:02:07,121.485600,31.250600,  0,  0,0
85302,2007-02-20 23:03:07,121.485600,31.250600,  0,  0,0
85302,2007-02-20 23:04:09,121.485600,31.250600,  0,  0,0
85302,2007-02-20 23:05:10,121.485600,31.250600,  0,  0,0
85302,2007-02-20 23:06:11,121.485600,31.250600,  0,  0,0
85302,2007-02-20 23:07:12,121.485600,31.250600,  0,  0,0
85302,2007-02-20 23:08:12,121.485600,31.250600,  0,  0,0
85302,2007-02-20 23:09:13,121.485600,31.250600,  0,  0,0
85302,2007-02-20 23:10:14,121.485600,31.250600,  0,  0,0
85302,2007-02-20 23:11:14,121.485800,31.250600,  0,  0,0
85302,2007-02-20 23:12:15,121.485500,31.250600,  0,135,0
85302,2007-02-20 23:13:16,121.485500,31.250600,  0,135,0
85302,2007-02-20 23:14:17,121.485800,31.250600,  0,135,0
85302,2007-02-20 23:15:18,121.485500,31.250600,  0,135,0
85302,2007-02-20 23:16:19,121.485800,31.250500,  0,135,0
85302,2007-02-20 23:17:20,121.485800,31.250500,  0,135,0
85302,2007-02-20 23:18:21,121.485800,31.250500,  0,135,0
85302,2007-02-20 23:19:22,121.485800,31.250500,  0,135,0
85302,2007-02-20 23:20:23,121.485800,31.250500,  0,135,0
85302,2007-02-20 23:21:24,121.485800,31.250500,  0,135,0
85302,2007-02-20 23:22:25,121.485600,31.250500,  0,135,0
85302,2007-02-20 23:23:26,121.485600,31.250500,  0,135,0
85302,2007-02-20 23:24:18,121.485500,31.249100, 30, 90,0
85302,2007-02-20 23:24:19,121.485500,31.249000, 30, 90,1
85302,2007-02-20 23:25:19,121.485000,31.252300,  2, 22,1
85302,2007-02-20 23:26:20,121.488800,31.254000, 30,  0,1
85302,2007-02-20 23:27:21,121.493300,31.257600, 62, 22,1
85302,2007-02-20 23:28:22,121.499800,31.262000, 38, 22,1
85302,2007-02-20 23:29:23,121.499600,31.262000,  0,112,1
85302,2007-02-20 23:30:24,121.506500,31.265300, 56, 45,1
85302,2007-02-20 23:31:25,121.510300,31.267800, 50, 22,1
85302,2007-02-20 23:32:26,121.516100,31.270800, 50, 90,1
85302,2007-02-20 23:33:10,121.517000,31.267800,  0,135,0
85302,2007-02-20 23:33:25,121.517000,31.267800,  4,112,0
85302,2007-02-20 23:33:42,121.515800,31.267500, 28,112,0
85302,2007-02-20 23:33:58,121.514300,31.266800, 30,112,0
85302,2007-02-20 23:34:14,121.513100,31.267500, 52,157,0
85302,2007-02-20 23:34:30,121.512100,31.268600, 34,157,0
85302,2007-02-20 23:34:47,121.511800,31.269100, 14,157,0
85302,2007-02-20 23:35:21,121.510600,31.269300, 12,135,0
85302,2007-02-20 23:36:22,121.511100,31.270600,  0,135,0
85302,2007-02-20 23:37:23,121.510600,31.271800,  0,  0,0
85302,2007-02-20 23:38:24,121.510800,31.271600,  0,  0,0
85302,2007-02-20 23:39:25,121.510800,31.271600,  0,  0,0
85302,2007-02-20 23:40:26,121.510800,31.271600,  0,  0,0
85302,2007-02-20 23:41:27,121.510800,31.271600,  0,  0,0
85302,2007-02-20 23:42:28,121.510800,31.271600,  0,  0,0
85302,2007-02-20 23:43:29,121.510800,31.271600,  0,  0,0
85302,2007-02-20 23:44:30,121.510600,31.271800,  0,  0,0
85302,2007-02-20 23:45:31,121.510600,31.271800,  0,  0,0
85302,2007-02-20 23:46:32,121.510600,31.271800,  0,  0,0
85302,2007-02-20 23:47:33,121.510600,31.271800,  0,  0,0
85302,2007-02-20 23:48:34,121.510600,31.271800,  0,  0,0
85302,2007-02-20 23:49:35,121.510600,31.271800,  0,  0,0
85302,2007-02-20 23:50:36,121.510600,31.271800,  0,  0,0
85302,2007-02-20 23:51:37,121.510600,31.271800,  0,  0,0
85302,2007-02-20 23:52:38,121.510600,31.271800,  0,  0,0
85302,2007-02-20 23:53:39,121.510600,31.271800,  0,  0,0
85302,2007-02-20 23:54:40,121.510600,31.271800,  0,  0,0
85302,2007-02-20 23:55:57,121.509000,31.273000, 38,157,0
85302,2007-02-20 23:56:13,121.508100,31.273800, 22,  0,0
85302,2007-02-20 23:57:24,121.508600,31.277100, 32, 22,1
85302,2007-02-20 23:58:25,121.513600,31.278800,  0, 45,1
85302,2007-02-20 23:59:26,121.514600,31.281600, 40, 45,1
