89474,2007-02-20 00:00:14,121.512600,31.296000,  0, 45,0
89474,2007-02-20 00:01:15,121.512600,31.296000,  0, 45,0
89474,2007-02-20 00:02:16,121.512600,31.296000,  0, 45,0
89474,2007-02-20 00:03:17,121.512600,31.296000,  0, 45,0
89474,2007-02-20 00:04:18,121.512600,31.296000,  0, 45,0
89474,2007-02-20 00:05:19,121.512600,31.296000,  0, 45,0
89474,2007-02-20 00:06:20,121.512600,31.296000,  0, 45,0
89474,2007-02-20 00:07:21,121.512600,31.296000,  0, 45,0
89474,2007-02-20 00:08:22,121.512800,31.296000,  0, 45,0
89474,2007-02-20 00:09:23,121.512800,31.296000,  0, 45,0
89474,2007-02-20 00:10:24,121.512800,31.296000,  0, 45,0
89474,2007-02-20 00:11:25,121.512800,31.296000,  0, 45,0
89474,2007-02-20 00:12:26,121.512800,31.296000,  0, 45,0
89474,2007-02-20 00:14:28,121.512800,31.296000,  0, 45,0
89474,2007-02-20 00:16:30,121.512800,31.296000,  0, 45,0
89474,2007-02-20 00:17:31,121.512800,31.296000,  0, 45,0
89474,2007-02-20 00:18:32,121.512800,31.296000,  0, 45,0
89474,2007-02-20 00:19:33,121.512800,31.296000,  0, 45,0
89474,2007-02-20 00:21:35,121.513100,31.296100,  0, 45,0
89474,2007-02-20 00:22:36,121.513100,31.296100,  0, 45,0
89474,2007-02-20 00:23:37,121.513100,31.296100,  0, 45,0
89474,2007-02-20 00:24:38,121.513100,31.296100,  0, 22,0
89474,2007-02-20 00:25:39,121.513100,31.296100,  0, 45,0
89474,2007-02-20 00:26:40,121.513100,31.296100,  0, 45,0
89474,2007-02-20 00:27:41,121.513100,31.296100,  0, 45,0
89474,2007-02-20 00:28:42,121.513100,31.296100,  0, 45,0
89474,2007-02-20 00:29:43,121.513100,31.296100,  0, 45,0
89474,2007-02-20 00:30:44,121.513100,31.296100,  0, 45,0
89474,2007-02-20 00:31:45,121.513100,31.296100,  0, 45,0
89474,2007-02-20 00:32:28,121.513100,31.296100,  0, 45,1
89474,2007-02-20 00:33:28,121.515100,31.293300, 36, 67,1
89474,2007-02-20 00:35:30,121.515300,31.284500, 28,112,1
89474,2007-02-20 00:36:32,121.512600,31.283000,  0,112,1
89474,2007-02-20 00:37:32,121.509500,31.281500, 42,112,1
89474,2007-02-20 00:38:02,121.508300,31.281800,  0,157,0
89474,2007-02-20 00:39:03,121.508600,31.281300, 18, 45,0
89474,2007-02-20 00:40:03,121.511300,31.286500, 30,  0,0
89474,2007-02-20 00:41:05,121.517300,31.287800,  0, 45,0
89474,2007-02-20 00:42:06,121.517600,31.287800,  0, 45,0
89474,2007-02-20 00:43:07,121.516100,31.291000,  0,157,0
89474,2007-02-20 00:45:08,121.512800,31.296000,  0,112,0
89474,2007-02-20 00:46:10,121.512800,31.296000,  0,112,0
89474,2007-02-20 00:47:11,121.512800,31.296000,  0,112,0
89474,2007-02-20 00:48:12,121.513000,31.296000,  0, 22,0
89474,2007-02-20 00:49:13,121.513000,31.296000,  0, 22,0
89474,2007-02-20 00:50:13,121.513000,31.296000,  0, 22,0
89474,2007-02-20 00:51:15,121.513000,31.296000,  0, 22,0
89474,2007-02-20 00:52:16,121.513000,31.296000,  0, 22,0
89474,2007-02-20 00:53:17,121.513000,31.296000,  0, 22,0
89474,2007-02-20 00:55:18,121.513000,31.296000,  0, 22,0
89474,2007-02-20 00:56:20,121.513100,31.296000,  0, 45,0
89474,2007-02-20 00:57:21,121.513100,31.296000,  0, 45,0
89474,2007-02-20 00:58:22,121.513100,31.296000,  0, 45,0
89474,2007-02-20 00:59:23,121.513100,31.296000,  0, 45,0
89474,2007-02-20 01:02:26,121.513100,31.296000,  0, 45,0
89474,2007-02-20 01:03:27,121.513100,31.296000,  0, 45,0
89474,2007-02-20 01:04:15,121.513100,31.296000,  0, 45,1
89474,2007-02-20 01:05:16,121.512500,31.299600, 36,  0,1
89474,2007-02-20 01:06:17,121.509000,31.301100, 34,112,1
89474,2007-02-20 01:07:18,121.500800,31.298800,  0,112,1
89474,2007-02-20 01:08:18,121.498800,31.298300, 52,135,1
89474,2007-02-20 01:09:20,121.490500,31.296300, 60,135,1
89474,2007-02-20 01:10:21,121.488100,31.295500,  8,112,1
89474,2007-02-20 01:11:22,121.483100,31.300300, 60,157,1
89474,2007-02-20 01:12:23,121.483300,31.303000,  0,157,1
89474,2007-02-20 01:13:23,121.483300,31.303000,  0,157,1
89474,2007-02-20 01:14:25,121.480800,31.316500, 80,  0,1
89474,2007-02-20 01:15:26,121.483600,31.328800, 82, 22,1
89474,2007-02-20 01:16:27,121.491800,31.339500,104, 22,1
89474,2007-02-20 01:17:28,121.497600,31.352800, 82,  0,1
89474,2007-02-20 01:18:28,121.492800,31.364000, 76,  0,1
89474,2007-02-20 01:19:30,121.489300,31.371600, 62,157,1
89474,2007-02-20 01:20:31,121.487300,31.377600, 50,  0,1
89474,2007-02-20 01:21:32,121.484100,31.383000, 40,157,1
89474,2007-02-20 01:22:33,121.484300,31.382500, 42, 67,1
89474,2007-02-20 01:23:33,121.487600,31.376100, 38, 90,1
89474,2007-02-20 01:24:35,121.491300,31.367600, 74, 90,1
89474,2007-02-20 01:26:37,121.493300,31.354000, 58,135,1
89474,2007-02-20 01:27:38,121.492000,31.353600, 12,112,1
89474,2007-02-20 01:28:38,121.485500,31.351300, 10,135,1
89474,2007-02-20 01:29:40,121.481800,31.350000, 42,112,1
89474,2007-02-20 01:30:41,121.475000,31.347600, 58,112,1
89474,2007-02-20 01:31:42,121.464300,31.344000, 74,112,1
89474,2007-02-20 01:32:43,121.454500,31.340500, 60,112,1
89474,2007-02-20 01:33:43,121.450800,31.343300, 32,157,1
89474,2007-02-20 01:34:45,121.445800,31.341800,  0,112,1
89474,2007-02-20 01:35:46,121.441000,31.340100, 28,112,1
89474,2007-02-20 01:36:47,121.436800,31.338600,  0,112,1
89474,2007-02-20 01:37:48,121.436800,31.338600,  0,  0,1
89474,2007-02-20 01:38:05,121.436800,31.338600,  0,  0,0
89474,2007-02-20 01:39:06,121.436800,31.338600,  0,  0,0
89474,2007-02-20 01:41:08,121.435000,31.336500, 50, 90,0
89474,2007-02-20 01:42:08,121.436500,31.333100,  0, 90,0
89474,2007-02-20 01:43:10,121.438500,31.329000,  0, 90,0
89474,2007-02-20 01:44:11,121.439300,31.326600, 54, 90,0
89474,2007-02-20 01:45:12,121.443600,31.316000, 96, 90,0
89474,2007-02-20 01:46:13,121.444100,31.300600, 72, 90,0
89474,2007-02-20 01:47:13,121.444500,31.298800,  8,  0,0
89474,2007-02-20 01:49:16,121.446300,31.293500, 68, 22,0
89474,2007-02-20 01:50:17,121.459100,31.295500,102, 67,0
89474,2007-02-20 01:51:18,121.473100,31.291300, 74, 45,0
89474,2007-02-20 01:52:18,121.487600,31.295100, 82, 45,0
89474,2007-02-20 01:53:20,121.499000,31.298100, 58, 45,0
89474,2007-02-20 01:54:21,121.508800,31.301100, 74, 45,0
89474,2007-02-20 01:55:22,121.513500,31.297000, 54, 90,0
89474,2007-02-20 01:56:23,121.513300,31.296100,  0, 45,0
89474,2007-02-20 01:57:23,121.513300,31.296100,  0, 45,0
89474,2007-02-20 01:58:25,121.513300,31.296100,  0, 45,0
89474,2007-02-20 01:59:26,121.513300,31.296100,  0, 45,0
89474,2007-02-20 02:02:27,121.513300,31.296300,  0, 22,0
89474,2007-02-20 02:03:29,121.513300,31.296300,  0, 22,0
89474,2007-02-20 02:04:30,121.513300,31.296300,  0, 22,0
89474,2007-02-20 02:06:32,121.513300,31.296100,  0,112,0
89474,2007-02-20 02:07:32,121.513300,31.296100,  0,112,0
89474,2007-02-20 02:08:34,121.513300,31.296100,  0,112,0
89474,2007-02-20 02:10:36,121.513300,31.296100,  0,112,0
89474,2007-02-20 02:11:37,121.513300,31.296100,  0,112,0
89474,2007-02-20 02:12:37,121.513300,31.296100,  0,112,0
89474,2007-02-20 02:13:39,121.513300,31.296100,  0,112,0
89474,2007-02-20 02:14:40,121.513300,31.296100,  0,112,0
89474,2007-02-20 02:15:41,121.513300,31.296100,  0,112,0
89474,2007-02-20 02:16:42,121.513300,31.296100,  0,112,0
89474,2007-02-20 02:17:42,121.513300,31.296100,  0,112,0
89474,2007-02-20 02:18:44,121.513300,31.296100,  0,112,0
89474,2007-02-20 02:19:45,121.513300,31.296100,  0,112,0
89474,2007-02-20 02:20:46,121.513300,31.296100,  0,112,0
89474,2007-02-20 02:21:47,121.513300,31.296100,  0,112,0
89474,2007-02-20 02:22:47,121.513300,31.296000,  0,112,0
89474,2007-02-20 02:23:49,121.514300,31.294600, 40, 90,0
89474,2007-02-20 02:24:50,121.515300,31.292600, 40, 67,0
89474,2007-02-20 02:25:51,121.517300,31.288000, 32, 90,0
89474,2007-02-20 02:26:52,121.518600,31.285000, 20, 90,0
89474,2007-02-20 02:27:52,121.520600,31.281000, 42, 67,0
89474,2007-02-20 02:28:54,121.521300,31.279600,  0, 67,0
89474,2007-02-20 02:30:24,121.521300,31.279600,  0, 67,0
89474,2007-02-20 02:31:25,121.521300,31.279600,  0, 67,0
89474,2007-02-20 02:32:26,121.521300,31.279600,  0, 67,0
89474,2007-02-20 02:33:27,121.533100,31.265800, 28, 22,0
89474,2007-02-20 02:34:27,121.538100,31.270000, 80, 22,0
89474,2007-02-20 02:35:29,121.543000,31.273300, 64, 22,0
89474,2007-02-20 02:36:30,121.546300,31.278500, 48,157,0
89474,2007-02-20 02:37:31,121.543000,31.281000,  0,135,0
89474,2007-02-20 02:38:32,121.542800,31.281000,  0,135,0
89474,2007-02-20 02:39:32,121.543000,31.281000,  0, 67,0
89474,2007-02-20 02:40:34,121.543800,31.283000, 52,  0,0
89474,2007-02-20 02:41:35,121.545000,31.279600, 72, 67,0
89474,2007-02-20 02:42:36,121.550100,31.279300,  0, 45,0
89474,2007-02-20 02:43:11,121.550100,31.279300, 10,112,1
89474,2007-02-20 02:44:11,121.546000,31.276300, 66,112,1
89474,2007-02-20 02:45:12,121.542100,31.272500, 26,112,1
89474,2007-02-20 02:46:12,121.536300,31.268600, 22,112,1
89474,2007-02-20 02:46:38,121.535800,31.268300,  0,112,0
89474,2007-02-20 02:48:40,121.546000,31.276300, 72, 22,0
89474,2007-02-20 02:49:41,121.552800,31.280100, 20,  0,0
89474,2007-02-20 02:50:42,121.552600,31.280300,  0,  0,0
89474,2007-02-20 02:51:42,121.552600,31.280300,  0,  0,0
89474,2007-02-20 02:53:45,121.552600,31.280300,  0,  0,0
89474,2007-02-20 02:54:46,121.552600,31.280300,  0,  0,0
89474,2007-02-20 02:55:47,121.552600,31.280300,  0,  0,0
89474,2007-02-20 02:56:47,121.552600,31.280300,  0,  0,0
89474,2007-02-20 02:57:49,121.552600,31.280300,  0,  0,0
89474,2007-02-20 02:58:50,121.552600,31.280300,  0,  0,0
89474,2007-02-20 02:59:51,121.552600,31.280300,  0,  0,0
89474,2007-02-20 03:00:52,121.552600,31.280300,  0,  0,0
89474,2007-02-20 03:01:52,121.552600,31.280300,  0,  0,0
89474,2007-02-20 03:02:54,121.552600,31.280300,  0,  0,0
89474,2007-02-20 03:03:55,121.552600,31.280300,  0,  0,0
89474,2007-02-20 03:04:56,121.552600,31.280300,  0,  0,0
89474,2007-02-20 03:05:57,121.552600,31.280300,  0,  0,0
89474,2007-02-20 03:06:57,121.552800,31.280300,  0,  0,0
89474,2007-02-20 03:07:59,121.552800,31.280300,  0,  0,0
89474,2007-02-20 03:09:00,121.552800,31.280300,  0,  0,0
89474,2007-02-20 03:10:01,121.552600,31.280300,  0,  0,0
89474,2007-02-20 03:11:02,121.552600,31.280300,  0,  0,0
89474,2007-02-20 03:12:02,121.552600,31.280300,  0,  0,0
89474,2007-02-20 03:13:04,121.552600,31.280300,  0,  0,0
89474,2007-02-20 03:14:05,121.552600,31.280300,  0,  0,0
89474,2007-02-20 03:15:06,121.552600,31.280300,  0,  0,0
89474,2007-02-20 03:16:07,121.552600,31.280300,  0,  0,0
89474,2007-02-20 03:17:07,121.552600,31.280300,  0,  0,0
89474,2007-02-20 03:18:09,121.552600,31.280300,  0,  0,0
89474,2007-02-20 03:19:10,121.552600,31.280300,  0,  0,0
89474,2007-02-20 03:20:11,121.552600,31.280300,  0,  0,0
89474,2007-02-20 03:21:12,121.552600,31.280300,  0,  0,0
89474,2007-02-20 03:22:13,121.552600,31.280300,  0,  0,0
89474,2007-02-20 03:23:14,121.552600,31.280300,  0,  0,0
89474,2007-02-20 03:24:15,121.552600,31.280300,  0,  0,0
89474,2007-02-20 03:25:16,121.552600,31.280300,  0,  0,0
89474,2007-02-20 03:26:17,121.552600,31.280300,  0,  0,0
89474,2007-02-20 03:27:18,121.552600,31.280300,  0,  0,0
89474,2007-02-20 03:28:19,121.552600,31.280300,  0,  0,0
89474,2007-02-20 03:29:20,121.552600,31.280300,  0,  0,0
89474,2007-02-20 03:30:21,121.552600,31.280300,  0,  0,0
89474,2007-02-20 03:31:22,121.552600,31.280300,  0,  0,0
89474,2007-02-20 03:32:23,121.552600,31.280300,  0,  0,0
89474,2007-02-20 03:33:24,121.552600,31.280300,  0,  0,0
89474,2007-02-20 03:34:25,121.552600,31.280300,  0,  0,0
89474,2007-02-20 03:35:26,121.552600,31.280300,  0,  0,0
89474,2007-02-20 03:36:27,121.552600,31.280300,  0,  0,0
89474,2007-02-20 03:37:28,121.552600,31.280300,  0,  0,0
89474,2007-02-20 03:38:29,121.552600,31.280300,  0,  0,0
89474,2007-02-20 03:39:30,121.552600,31.280300,  0,  0,0
89474,2007-02-20 03:40:31,121.552600,31.280300,  0,  0,0
89474,2007-02-20 03:41:32,121.552600,31.280300,  0,  0,0
89474,2007-02-20 03:42:33,121.552600,31.280300,  0,  0,0
89474,2007-02-20 03:43:34,121.552600,31.280300,  0,  0,0
89474,2007-02-20 03:44:35,121.552600,31.280300,  0,  0,0
89474,2007-02-20 03:45:36,121.552600,31.280300,  0,  0,0
89474,2007-02-20 03:46:37,121.552600,31.280300,  0,  0,0
89474,2007-02-20 03:47:38,121.552600,31.280300,  0,  0,0
89474,2007-02-20 03:48:39,121.552600,31.280300,  0,  0,0
89474,2007-02-20 03:49:40,121.552600,31.280300,  0,  0,0
89474,2007-02-20 03:50:41,121.552600,31.280300,  0,  0,0
89474,2007-02-20 03:51:42,121.552600,31.280100,  0,  0,0
89474,2007-02-20 03:52:43,121.552600,31.280100,  0,  0,0
89474,2007-02-20 03:53:44,121.552600,31.280100,  0,  0,0
89474,2007-02-20 03:54:45,121.552600,31.280100,  0,  0,0
89474,2007-02-20 03:55:46,121.552600,31.280100,  0,  0,0
89474,2007-02-20 03:56:47,121.552600,31.280100,  0,  0,0
89474,2007-02-20 03:57:48,121.552600,31.280100,  0,  0,0
89474,2007-02-20 03:58:49,121.552600,31.280100,  0,  0,0
89474,2007-02-20 03:59:50,121.552600,31.280100,  0,  0,0
89474,2007-02-20 04:00:51,121.552600,31.280100,  0,  0,0
89474,2007-02-20 04:01:52,121.552600,31.280100,  0,  0,0
89474,2007-02-20 04:02:53,121.552600,31.280100,  0,  0,0
89474,2007-02-20 04:03:54,121.552600,31.280100,  0,  0,0
89474,2007-02-20 04:04:55,121.552600,31.280100,  0,  0,0
89474,2007-02-20 04:05:56,121.552600,31.280100,  0,  0,0
89474,2007-02-20 04:06:57,121.552600,31.280100,  0,  0,0
89474,2007-02-20 04:07:58,121.552600,31.280300,  0,157,0
89474,2007-02-20 04:08:59,121.552600,31.280300,  0,157,0
89474,2007-02-20 04:10:00,121.552600,31.280300,  0,157,0
89474,2007-02-20 04:11:01,121.552600,31.280300,  0,157,0
89474,2007-02-20 04:12:02,121.552600,31.280300,  0,157,0
89474,2007-02-20 04:13:03,121.552600,31.280300,  0,157,0
89474,2007-02-20 04:14:04,121.552600,31.280300,  0,157,0
89474,2007-02-20 04:15:05,121.552600,31.280300,  0,157,0
89474,2007-02-20 04:16:06,121.552600,31.280300,  0,157,0
89474,2007-02-20 04:17:07,121.552600,31.280300,  0,157,0
89474,2007-02-20 04:18:08,121.552600,31.280300,  0,157,0
89474,2007-02-20 04:19:09,121.552600,31.280300,  0,157,0
89474,2007-02-20 04:20:10,121.552600,31.280300,  0,157,0
89474,2007-02-20 04:21:11,121.552600,31.280300,  0,157,0
89474,2007-02-20 04:22:12,121.552600,31.280300,  0,157,0
89474,2007-02-20 04:23:13,121.552600,31.280300,  0,157,0
89474,2007-02-20 04:24:14,121.552600,31.280300,  0,157,0
89474,2007-02-20 04:25:15,121.552600,31.280300,  0,157,0
89474,2007-02-20 04:26:16,121.552600,31.280300,  0,157,0
89474,2007-02-20 04:27:17,121.552600,31.280300,  0,157,0
89474,2007-02-20 04:28:18,121.552600,31.280300,  0,157,0
89474,2007-02-20 04:29:19,121.552600,31.280300,  0,157,0
89474,2007-02-20 04:30:20,121.552600,31.280300,  0,157,0
89474,2007-02-20 04:31:21,121.552600,31.280300,  0,157,0
89474,2007-02-20 04:32:22,121.552600,31.280300,  0,157,0
89474,2007-02-20 04:33:23,121.552600,31.280300,  0,157,0
89474,2007-02-20 04:34:24,121.552800,31.280100,  0,157,0
89474,2007-02-20 04:35:25,121.552800,31.280100,  0,157,0
89474,2007-02-20 04:36:26,121.552800,31.280100,  0,157,0
89474,2007-02-20 04:37:27,121.552800,31.280100,  0,157,0
89474,2007-02-20 04:38:28,121.552800,31.280100,  0,157,0
89474,2007-02-20 04:39:29,121.552800,31.280000,  0,157,0
89474,2007-02-20 04:40:30,121.552800,31.280000,  0,157,0
89474,2007-02-20 04:41:31,121.553000,31.279800,  0,157,0
89474,2007-02-20 04:43:33,121.553100,31.279800,  0, 22,0
89474,2007-02-20 04:44:34,121.553300,31.279600,  0, 67,0
89474,2007-02-20 04:45:35,121.553300,31.279600,  0, 67,0
89474,2007-02-20 04:47:37,121.553000,31.280000,  0,157,0
89474,2007-02-20 04:48:38,121.553000,31.280000,  0,157,0
89474,2007-02-20 04:49:39,121.553000,31.280000,  0,157,0
89474,2007-02-20 04:51:41,121.552500,31.280300,  0,157,0
89474,2007-02-20 04:52:42,121.552600,31.280100,  0,157,0
89474,2007-02-20 04:54:44,121.552800,31.280000,  0,157,0
89474,2007-02-20 04:55:45,121.552800,31.280300,  0,157,0
89474,2007-02-20 04:57:47,121.552500,31.280500,  0,157,0
89474,2007-02-20 04:59:49,121.553100,31.280100,  0,157,0
89474,2007-02-20 05:00:50,121.552600,31.280300,  0,157,0
89474,2007-02-20 05:01:51,121.552500,31.280500,  0,157,0
89474,2007-02-20 05:02:52,121.552500,31.280500,  0,157,0
89474,2007-02-20 05:03:53,121.552800,31.280300,  0,157,0
89474,2007-02-20 05:04:54,121.552800,31.280300,  0,157,0
89474,2007-02-20 05:05:55,121.552800,31.280100,  0,157,0
89474,2007-02-20 05:06:56,121.552800,31.280300,  0,157,0
89474,2007-02-20 05:07:57,121.552800,31.280300,  0,157,0
89474,2007-02-20 05:09:59,121.552800,31.280300,  0,157,0
89474,2007-02-20 05:13:02,121.552800,31.280100,  0,157,0
89474,2007-02-20 05:14:03,121.552800,31.280100,  0,157,0
89474,2007-02-20 05:15:04,121.552800,31.280100,  0,157,0
89474,2007-02-20 05:16:05,121.552800,31.280100,  0,157,0
89474,2007-02-20 05:17:06,121.552800,31.280100,  0,157,0
89474,2007-02-20 05:18:07,121.552800,31.280100,  0,157,0
89474,2007-02-20 05:19:08,121.552800,31.280100,  0,157,0
89474,2007-02-20 05:20:09,121.552600,31.280500,  0,157,0
89474,2007-02-20 05:21:10,121.552600,31.280500,  0,157,0
89474,2007-02-20 05:22:11,121.552600,31.280500,  0,157,0
89474,2007-02-20 05:23:12,121.552600,31.280500,  0,157,0
89474,2007-02-20 05:24:13,121.552600,31.280500,  0,157,0
89474,2007-02-20 05:27:16,121.552600,31.280500,  0,157,0
89474,2007-02-20 05:28:17,121.552600,31.280500,  0,157,0
89474,2007-02-20 05:29:18,121.552600,31.280500,  0,157,0
89474,2007-02-20 05:30:19,121.552600,31.280500,  0,157,0
89474,2007-02-20 05:31:20,121.552800,31.280600,  0,157,0
89474,2007-02-20 05:32:21,121.552600,31.280500,  0,157,0
89474,2007-02-20 05:33:22,121.552600,31.280300,  0, 90,0
89474,2007-02-20 05:34:23,121.552600,31.280300,  0, 90,0
89474,2007-02-20 05:35:24,121.552600,31.280300,  0, 90,0
89474,2007-02-20 05:36:25,121.552600,31.280300,  0, 90,0
89474,2007-02-20 05:37:26,121.552600,31.280300,  0, 90,0
89474,2007-02-20 05:38:27,121.552600,31.280300,  0, 90,0
89474,2007-02-20 05:39:28,121.552600,31.280300,  0, 90,0
89474,2007-02-20 05:40:29,121.552600,31.280300,  0, 90,0
89474,2007-02-20 05:41:30,121.552600,31.280300,  0, 90,0
89474,2007-02-20 05:42:31,121.552600,31.280300,  0, 90,0
89474,2007-02-20 05:43:32,121.552600,31.280300,  0, 90,0
89474,2007-02-20 05:44:33,121.552600,31.280300,  0, 90,0
89474,2007-02-20 05:45:34,121.552300,31.281600,  0, 90,0
89474,2007-02-20 05:46:35,121.552300,31.281100,  0, 90,0
89474,2007-02-20 05:47:36,121.552500,31.280800,  0, 90,0
89474,2007-02-20 05:48:37,121.552500,31.280800,  0, 90,0
89474,2007-02-20 05:49:38,121.552500,31.280800,  0, 90,0
89474,2007-02-20 05:51:40,121.552600,31.280500,  0,  0,0
89474,2007-02-20 05:52:41,121.552600,31.280600,  0, 90,0
89474,2007-02-20 05:53:42,121.552600,31.280600,  0, 90,0
89474,2007-02-20 05:54:43,121.552600,31.280600,  4, 67,0
89474,2007-02-20 05:55:44,121.552800,31.280500,  0, 67,0
89474,2007-02-20 05:56:45,121.552800,31.280500,  0, 67,0
89474,2007-02-20 05:57:46,121.552500,31.280000,  0, 90,0
89474,2007-02-20 05:59:48,121.548000,31.278300, 28,112,0
89474,2007-02-20 06:00:49,121.544500,31.280000, 10,157,0
89474,2007-02-20 06:01:50,121.543600,31.280600,  0,  0,0
89474,2007-02-20 06:02:51,121.543500,31.280600, 10,135,0
89474,2007-02-20 06:03:52,121.541600,31.282500,  0,157,0
89474,2007-02-20 06:04:53,121.536800,31.280100, 32,112,0
89474,2007-02-20 06:05:54,121.532800,31.285000, 18,157,0
89474,2007-02-20 06:07:56,121.537000,31.290300, 20,157,0
89474,2007-02-20 06:08:57,121.535300,31.289500,  0,112,0
89474,2007-02-20 06:09:30,121.534600,31.288500, 30, 67,1
89474,2007-02-20 06:10:30,121.538500,31.282600, 52, 67,1
89474,2007-02-20 06:11:31,121.535600,31.279600, 44,112,1
89474,2007-02-20 06:12:32,121.530800,31.278600,  0,135,1
89474,2007-02-20 06:13:33,121.524600,31.277300, 18,112,1
89474,2007-02-20 06:13:58,121.523500,31.276600,  0,112,0
89474,2007-02-20 06:14:58,121.522600,31.276100, 34,112,0
89474,2007-02-20 06:15:59,121.523000,31.278000, 44,157,0
89474,2007-02-20 06:17:00,121.524800,31.281100, 54, 22,0
89474,2007-02-20 06:18:01,121.528500,31.282500, 24, 67,0
89474,2007-02-20 06:18:11,121.529000,31.281600, 46, 67,1
89474,2007-02-20 06:19:12,121.525500,31.277500, 60,135,1
89474,2007-02-20 06:20:13,121.524100,31.277000, 38,112,1
89474,2007-02-20 06:21:14,121.521600,31.275600,  0,112,1
89474,2007-02-20 06:22:15,121.518500,31.274000,  0,112,1
89474,2007-02-20 06:23:16,121.511500,31.269100, 88,112,1
89474,2007-02-20 06:24:17,121.504300,31.264800,  0,112,1
89474,2007-02-20 06:25:18,121.501600,31.263500, 44,112,1
89474,2007-02-20 06:26:19,121.500100,31.262500, 24,112,1
89474,2007-02-20 06:28:21,121.493600,31.257800, 14,112,1
89474,2007-02-20 06:30:23,121.484000,31.254000,  0,112,1
89474,2007-02-20 06:31:24,121.484000,31.254000,  0,112,1
89474,2007-02-20 06:32:25,121.480100,31.251600, 60,112,1
89474,2007-02-20 06:33:27,121.473500,31.248600, 62,135,1
89474,2007-02-20 06:36:29,121.468600,31.240000,  0, 90,1
89474,2007-02-20 06:37:30,121.468600,31.240000,  0, 90,1
89474,2007-02-20 06:38:31,121.470100,31.235800,  0, 67,1
89474,2007-02-20 06:39:32,121.471600,31.233500, 66, 67,1
89474,2007-02-20 06:40:32,121.473100,31.231000,  0, 45,1
89474,2007-02-20 06:42:35,121.473800,31.226600, 52,112,1
89474,2007-02-20 06:43:20,121.469300,31.225100,  0,135,0
89474,2007-02-20 06:44:20,121.468600,31.227300, 18,  0,0
89474,2007-02-20 06:45:22,121.472300,31.230600, 26, 22,0
89474,2007-02-20 06:46:22,121.471800,31.233500, 72,157,0
89474,2007-02-20 06:47:24,121.467600,31.239000, 24,112,0
89474,2007-02-20 06:48:25,121.466300,31.240100, 30, 45,0
89474,2007-02-20 06:49:26,121.466600,31.239600,  0, 67,0
89474,2007-02-20 06:51:27,121.466500,31.239800,  0, 67,0
89474,2007-02-20 06:52:29,121.464800,31.239800, 38,157,0
89474,2007-02-20 06:54:31,121.463500,31.246100, 58, 45,0
89474,2007-02-20 06:55:32,121.470100,31.247300, 36, 45,0
89474,2007-02-20 06:56:32,121.473300,31.248300, 66, 45,0
89474,2007-02-20 06:57:34,121.478500,31.250100,  0, 22,0
89474,2007-02-20 06:58:35,121.480100,31.252500, 44,  0,0
89474,2007-02-20 06:59:36,121.479000,31.256300,  0,  0,0
89474,2007-02-20 07:00:37,121.478300,31.259300,  0,  0,0
89474,2007-02-20 07:01:37,121.479100,31.262500, 50,  0,0
89474,2007-02-20 07:02:39,121.479300,31.265800, 24,  0,0
89474,2007-02-20 07:03:40,121.475600,31.267600,  0,157,0
89474,2007-02-20 07:04:41,121.474300,31.268000,  0,135,0
89474,2007-02-20 07:05:42,121.472800,31.268600,  0,135,0
89474,2007-02-20 07:06:42,121.470300,31.269800, 42,157,0
89474,2007-02-20 07:07:44,121.469500,31.270100,  0,157,0
89474,2007-02-20 07:08:45,121.466500,31.273100, 54,157,0
89474,2007-02-20 07:09:46,121.462300,31.278000, 22,157,0
89474,2007-02-20 07:10:47,121.463100,31.281800, 18,135,0
89474,2007-02-20 07:11:47,121.460600,31.284500, 46,  0,0
89474,2007-02-20 07:12:49,121.461600,31.290600, 24,  0,0
89474,2007-02-20 07:13:50,121.462600,31.298600, 70,  0,0
89474,2007-02-20 07:14:51,121.459300,31.301600, 38,135,0
89474,2007-02-20 07:15:52,121.458800,31.302000,  0, 45,0
89474,2007-02-20 07:16:52,121.458800,31.302000,  0, 45,0
89474,2007-02-20 07:17:54,121.458800,31.302000,  0, 45,0
89474,2007-02-20 07:18:55,121.458800,31.302000,  0, 45,0
89474,2007-02-20 07:19:56,121.458800,31.302000,  0, 45,0
89474,2007-02-20 07:20:57,121.458800,31.302000,  0, 45,0
89474,2007-02-20 07:21:57,121.458800,31.302000,  0, 45,0
89474,2007-02-20 07:22:59,121.458800,31.302000,  0, 45,0
89474,2007-02-20 07:24:00,121.458800,31.302000,  0, 45,0
89474,2007-02-20 07:25:01,121.458800,31.302000,  0, 45,0
89474,2007-02-20 07:26:02,121.458800,31.302000,  0, 45,0
89474,2007-02-20 07:27:02,121.458800,31.302000,  0, 45,0
89474,2007-02-20 07:28:04,121.458800,31.302000,  0, 45,0
89474,2007-02-20 07:29:05,121.458800,31.302000,  0, 45,0
89474,2007-02-20 07:30:06,121.458800,31.302000,  0, 45,0
89474,2007-02-20 07:31:07,121.458800,31.302000,  0, 45,0
89474,2007-02-20 07:33:09,121.458800,31.302000,  0, 45,0
89474,2007-02-20 07:34:10,121.458800,31.302000,  0, 45,0
89474,2007-02-20 07:35:11,121.458800,31.302000,  0, 45,0
89474,2007-02-20 07:36:12,121.458800,31.302000,  0, 45,0
89474,2007-02-20 07:37:12,121.458800,31.302000,  0, 45,0
89474,2007-02-20 07:38:14,121.459500,31.301600, 12, 45,0
89474,2007-02-20 07:39:15,121.462300,31.301800, 12, 45,0
89474,2007-02-20 07:40:16,121.464300,31.302000, 26, 45,0
89474,2007-02-20 07:41:17,121.466500,31.298800, 22, 90,0
89474,2007-02-20 07:42:17,121.471300,31.298800, 18, 45,0
89474,2007-02-20 07:43:19,121.476300,31.298000, 32, 90,0
89474,2007-02-20 07:44:20,121.480100,31.298000, 40, 22,0
89474,2007-02-20 07:45:21,121.485800,31.300500, 38, 45,0
89474,2007-02-20 07:46:22,121.490000,31.303500, 38,  0,0
89474,2007-02-20 07:47:22,121.495500,31.303500, 44, 67,0
89474,2007-02-20 07:48:24,121.501600,31.304000, 26, 22,0
89474,2007-02-20 07:49:25,121.502500,31.303000,  0, 67,0
89474,2007-02-20 07:51:27,121.505600,31.297600,  8, 67,0
89474,2007-02-20 07:53:29,121.510300,31.300500, 42, 22,0
89474,2007-02-20 07:54:30,121.512800,31.298300, 44, 67,0
89474,2007-02-20 07:55:31,121.515600,31.300100, 62,  0,0
89474,2007-02-20 07:56:32,121.521600,31.305000, 54, 45,0
89474,2007-02-20 07:57:32,121.527600,31.308100, 50,  0,0
89474,2007-02-20 07:58:34,121.527500,31.313100, 42,  0,0
89474,2007-02-20 08:00:36,121.534100,31.315500, 34,  0,0
89474,2007-02-20 08:01:37,121.534100,31.321100, 36,  0,0
89474,2007-02-20 08:02:37,121.535000,31.323500, 12, 45,0
89474,2007-02-20 08:03:39,121.535000,31.323600,  0, 45,0
89474,2007-02-20 08:04:40,121.535000,31.323600,  0, 45,0
89474,2007-02-20 08:06:42,121.535800,31.326600, 42, 45,0
89474,2007-02-20 08:07:42,121.535000,31.326600, 38,135,0
89474,2007-02-20 08:08:44,121.533600,31.331800, 46,  0,0
89474,2007-02-20 08:09:45,121.527600,31.333600, 20,135,0
89474,2007-02-20 08:10:46,121.527300,31.333500, 30,  0,0
89474,2007-02-20 08:11:47,121.524500,31.333600, 10, 45,0
89474,2007-02-20 08:13:49,121.533300,31.330300, 14,135,0
89474,2007-02-20 08:14:50,121.528500,31.330500,  2,135,0
89474,2007-02-20 08:15:51,121.523100,31.330600, 42,135,0
89474,2007-02-20 08:16:52,121.521500,31.327000,  0, 90,0
89474,2007-02-20 08:17:52,121.521600,31.323500, 32, 90,0
89474,2007-02-20 08:18:54,121.524300,31.320000, 22, 45,0
89474,2007-02-20 08:19:55,121.525500,31.320000,  0, 45,0
89474,2007-02-20 08:20:56,121.525500,31.320000,  0, 45,0
89474,2007-02-20 08:21:57,121.527000,31.320000,  6, 45,0
89474,2007-02-20 08:22:57,121.527500,31.316800,  0, 90,0
89474,2007-02-20 08:23:59,121.527500,31.315100, 44, 90,0
89474,2007-02-20 08:25:00,121.532600,31.313300, 44, 45,0
89474,2007-02-20 08:26:01,121.534300,31.308600, 44, 90,0
89474,2007-02-20 08:27:37,121.534300,31.304000, 38,112,1
89474,2007-02-20 08:28:37,121.529100,31.300800, 36,112,1
89474,2007-02-20 08:29:39,121.529800,31.295600, 22, 67,1
89474,2007-02-20 08:30:40,121.529600,31.293300, 38,112,1
89474,2007-02-20 08:31:41,121.523600,31.290000, 62,112,1
89474,2007-02-20 08:32:42,121.517600,31.287300, 30, 90,1
89474,2007-02-20 08:33:42,121.521600,31.278800, 74, 67,1
89474,2007-02-20 08:35:45,121.517600,31.273500, 46,112,1
89474,2007-02-20 08:36:46,121.510300,31.268000, 30,112,1
89474,2007-02-20 08:37:47,121.508800,31.266600, 56,112,1
89474,2007-02-20 08:38:47,121.502800,31.264300, 48,112,1
89474,2007-02-20 08:39:49,121.500600,31.262800,  0,112,1
89474,2007-02-20 08:40:50,121.497100,31.260100,  0,112,1
89474,2007-02-20 08:41:51,121.494800,31.258300, 58,112,1
89474,2007-02-20 08:42:52,121.492600,31.257100,  0,112,1
89474,2007-02-20 08:43:52,121.489100,31.259000, 38,157,1
89474,2007-02-20 08:44:54,121.486300,31.257100,  0, 90,1
89474,2007-02-20 08:44:57,121.486300,31.257100,  0, 90,0
89474,2007-02-20 08:45:57,121.486300,31.257100,  0, 90,0
89474,2007-02-20 08:46:59,121.486300,31.257100,  0, 90,0
89474,2007-02-20 08:48:00,121.487100,31.257300, 16,  0,0
89474,2007-02-20 08:49:01,121.488600,31.260500, 36, 22,0
89474,2007-02-20 08:50:02,121.490300,31.264300,  0, 67,0
89474,2007-02-20 08:51:02,121.492500,31.263600, 34, 67,0
89474,2007-02-20 08:53:05,121.497100,31.260000,  6, 45,0
89474,2007-02-20 08:54:06,121.501500,31.263300, 66, 22,0
89474,2007-02-20 08:56:07,121.511000,31.268300, 54, 22,0
89474,2007-02-20 08:57:09,121.511100,31.270600, 20,157,0
89474,2007-02-20 08:58:10,121.508000,31.274600, 34,  0,0
89474,2007-02-20 08:59:11,121.511600,31.276500, 26, 45,0
89474,2007-02-20 09:00:12,121.513000,31.276600,  0, 45,0
89474,2007-02-20 09:01:12,121.514100,31.277000, 16, 22,0
89474,2007-02-20 09:02:14,121.512300,31.278500, 28,135,0
89474,2007-02-20 09:03:15,121.508800,31.281300, 18, 22,0
89474,2007-02-20 09:04:16,121.511800,31.283000,  0,  0,0
89474,2007-02-20 09:05:17,121.515100,31.284100, 32, 67,0
89474,2007-02-20 09:06:17,121.513300,31.281000, 38,135,0
89474,2007-02-20 09:07:19,121.512300,31.282500,  0,  0,0
89474,2007-02-20 09:07:36,121.512300,31.282500, 18,157,1
89474,2007-02-20 09:08:37,121.510000,31.286300, 26,135,1
89474,2007-02-20 09:09:37,121.504100,31.287600,  0,135,1
89474,2007-02-20 09:10:39,121.503800,31.287800, 20,135,1
89474,2007-02-20 09:11:40,121.493800,31.288500, 52,112,1
89474,2007-02-20 09:12:41,121.487500,31.288000, 46,135,1
89474,2007-02-20 09:13:42,121.485800,31.294100, 34,  0,1
89474,2007-02-20 09:14:42,121.482600,31.302000, 90,  0,1
89474,2007-02-20 09:16:45,121.483800,31.329100, 82, 22,1
89474,2007-02-20 09:17:46,121.492100,31.340000, 94, 22,1
89474,2007-02-20 09:18:47,121.498000,31.351100, 70,  0,1
89474,2007-02-20 09:19:47,121.492800,31.353800, 14,135,1
89474,2007-02-20 09:20:49,121.495000,31.354500, 48, 22,1
89474,2007-02-20 09:21:50,121.495600,31.357600, 68,  0,1
89474,2007-02-20 09:22:34,121.494000,31.362600,  0, 45,0
89474,2007-02-20 09:23:35,121.493800,31.362600,  0,135,0
89474,2007-02-20 09:24:36,121.493800,31.362600, 18,112,0
89474,2007-02-20 09:25:37,121.496300,31.355800, 16, 67,0
89474,2007-02-20 09:26:37,121.497600,31.352300, 20, 90,0
89474,2007-02-20 09:27:39,121.497800,31.351300, 44, 90,0
89474,2007-02-20 09:28:40,121.494300,31.343800, 78,112,0
89474,2007-02-20 09:29:41,121.490600,31.338500, 86,112,0
89474,2007-02-20 09:30:42,121.485800,31.332000, 52,112,0
89474,2007-02-20 09:31:42,121.481000,31.325500, 38,112,0
89474,2007-02-20 09:32:44,121.480000,31.322500, 10,112,0
89474,2007-02-20 09:33:45,121.480000,31.322300,  0,112,0
89474,2007-02-20 09:34:46,121.477600,31.322300, 48, 45,0
89474,2007-02-20 09:35:47,121.482800,31.322300, 24, 45,0
89474,2007-02-20 09:36:48,121.486600,31.322000, 24, 90,0
89474,2007-02-20 09:37:49,121.486300,31.320300,  0, 90,0
89474,2007-02-20 09:38:50,121.486300,31.320300,  0, 90,0
89474,2007-02-20 09:39:51,121.486100,31.320300,  0, 90,0
89474,2007-02-20 09:40:52,121.485800,31.316600, 40, 90,0
89474,2007-02-20 09:41:53,121.485500,31.313500, 10, 90,0
89474,2007-02-20 09:42:54,121.489800,31.313300, 22, 45,0
89474,2007-02-20 09:43:55,121.491600,31.310100,  0, 90,0
89474,2007-02-20 09:44:56,121.488500,31.310000,  0,135,0
89474,2007-02-20 09:45:57,121.485500,31.313100, 24,  0,0
89474,2007-02-20 09:46:58,121.491600,31.311500, 54, 90,0
89474,2007-02-20 09:47:59,121.485600,31.309800, 18,112,0
89474,2007-02-20 09:49:00,121.486300,31.302600, 60, 90,0
89474,2007-02-20 09:50:01,121.487800,31.301100, 30, 45,0
89474,2007-02-20 09:51:02,121.491300,31.304800, 44, 45,0
89474,2007-02-20 09:52:03,121.495500,31.303500, 56, 45,0
89474,2007-02-20 09:53:04,121.501600,31.304000, 28, 22,0
89474,2007-02-20 09:54:05,121.504100,31.300300,  2, 67,0
89474,2007-02-20 09:55:06,121.505300,31.298100, 50, 67,0
89474,2007-02-20 09:56:07,121.507600,31.296800,  0,157,0
89474,2007-02-20 09:57:08,121.506600,31.293300, 48,112,0
89474,2007-02-20 09:58:09,121.504000,31.288300,  0, 90,0
89474,2007-02-20 10:00:11,121.502100,31.284600, 48,112,0
89474,2007-02-20 10:01:12,121.497300,31.277100, 36,112,0
89474,2007-02-20 10:02:54,121.500500,31.274000, 56, 67,0
89474,2007-02-20 10:03:54,121.503800,31.274000, 34, 22,0
89474,2007-02-20 10:04:55,121.506500,31.275100, 24, 22,0
89474,2007-02-20 10:05:56,121.508100,31.274000, 32, 90,0
89474,2007-02-20 10:06:57,121.510800,31.271500,  0, 90,0
89474,2007-02-20 10:07:58,121.512100,31.271800, 16, 22,0
89474,2007-02-20 10:08:59,121.513800,31.272500, 22, 67,0
89474,2007-02-20 10:10:00,121.512000,31.269300,  0,112,0
89474,2007-02-20 10:12:02,121.514300,31.266600,  8, 67,0
89474,2007-02-20 10:13:03,121.517800,31.268100, 16, 45,0
89474,2007-02-20 10:14:04,121.521100,31.263100, 42, 67,0
89474,2007-02-20 10:15:05,121.523100,31.260800, 36, 22,0
89474,2007-02-20 10:16:06,121.523000,31.264300, 26,157,0
89474,2007-02-20 10:18:08,121.523000,31.268300, 26, 22,0
89474,2007-02-20 10:19:09,121.525500,31.270600, 16,157,0
89474,2007-02-20 10:20:10,121.528600,31.271800, 14, 67,0
89474,2007-02-20 10:21:11,121.529000,31.270600,  0, 67,0
89474,2007-02-20 10:22:12,121.529000,31.270600,  0, 67,0
89474,2007-02-20 10:23:13,121.529000,31.270600,  0, 67,0
89474,2007-02-20 10:24:14,121.529000,31.270600,  0, 67,0
89474,2007-02-20 10:25:15,121.522000,31.276000,  0,112,0
89474,2007-02-20 10:26:16,121.517000,31.273100, 46,112,0
89474,2007-02-20 10:27:17,121.514600,31.275600, 32,  0,0
89474,2007-02-20 10:29:16,121.514100,31.276800,  0,  0,0
89474,2007-02-20 10:29:44,121.513800,31.278000, 28,  0,1
89474,2007-02-20 10:30:45,121.513100,31.280300,  0,157,1
89474,2007-02-20 10:31:45,121.512500,31.282500, 12,  0,1
89474,2007-02-20 10:32:46,121.510300,31.286500, 12,135,1
89474,2007-02-20 10:33:47,121.504500,31.287800, 18,135,1
89474,2007-02-20 10:34:49,121.504100,31.287600,  0,112,1
89474,2007-02-20 10:35:50,121.504100,31.287600,  0,112,1
89474,2007-02-20 10:36:51,121.504100,31.287600,  0,112,1
89474,2007-02-20 10:37:52,121.504100,31.287600,  0,112,1
89474,2007-02-20 10:38:52,121.504100,31.287600,  0,112,1
89474,2007-02-20 10:39:54,121.504100,31.287600,  0,112,1
89474,2007-02-20 10:40:55,121.480300,31.287600,  0, 67,1
89474,2007-02-20 10:41:56,121.478100,31.284100, 56, 90,1
89474,2007-02-20 10:42:57,121.472800,31.275100, 78, 90,1
89474,2007-02-20 10:43:57,121.469600,31.270500, 34,112,1
89474,2007-02-20 10:46:00,121.455800,31.262500, 44, 90,1
89474,2007-02-20 10:47:01,121.459000,31.256300, 56, 90,1
89474,2007-02-20 10:48:02,121.458000,31.248100, 38, 90,1
89474,2007-02-20 10:49:02,121.459000,31.241100, 58, 90,1
89474,2007-02-20 10:50:04,121.457800,31.246500, 70,  0,1
89474,2007-02-20 10:51:05,121.459100,31.254800, 60,  0,1
89474,2007-02-20 10:52:06,121.456800,31.262800, 66,157,1
89474,2007-02-20 10:53:07,121.452000,31.272000, 58,157,1
89474,2007-02-20 10:54:07,121.448000,31.278500,  0,157,1
89474,2007-02-20 10:55:09,121.448000,31.278500,  0,157,1
89474,2007-02-20 10:56:10,121.448000,31.278500,  0,157,1
89474,2007-02-20 10:56:34,121.448000,31.278500,  0,157,0
89474,2007-02-20 10:57:35,121.448000,31.278500,  0,157,0
89474,2007-02-20 10:58:36,121.448000,31.278500,  0,157,0
89474,2007-02-20 10:59:37,121.456300,31.263000,  0,157,0
89474,2007-02-20 11:01:39,121.462000,31.264800, 44, 22,0
89474,2007-02-20 11:02:40,121.462800,31.265100,  0, 22,0
89474,2007-02-20 11:03:41,121.462800,31.265100,  0, 22,0
89474,2007-02-20 11:04:42,121.462800,31.265100,  0, 22,0
89474,2007-02-20 11:05:42,121.462800,31.265100,  0, 22,0
89474,2007-02-20 11:06:44,121.462800,31.265100,  0, 22,0
89474,2007-02-20 11:08:46,121.474500,31.277500,  0, 45,0
89474,2007-02-20 11:09:14,121.476000,31.277000, 40, 45,1
89474,2007-02-20 11:10:15,121.479300,31.277000,  0, 45,1
89474,2007-02-20 11:11:16,121.481600,31.278100, 40, 22,1
89474,2007-02-20 11:12:17,121.486800,31.278300, 46, 45,1
89474,2007-02-20 11:13:17,121.491500,31.278300,  0, 67,1
89474,2007-02-20 11:14:19,121.494500,31.278100, 10, 45,1
89474,2007-02-20 11:15:19,121.496500,31.277100,  0, 67,1
89474,2007-02-20 11:17:21,121.496500,31.276800, 14, 67,1
89474,2007-02-20 11:18:21,121.498800,31.275100,  0, 67,1
89474,2007-02-20 11:19:23,121.502000,31.272800,  0, 67,1
89474,2007-02-20 11:20:24,121.502000,31.272600,  0, 67,1
89474,2007-02-20 11:21:25,121.502100,31.267300, 42, 67,1
89474,2007-02-20 11:22:26,121.502300,31.266800, 18, 67,1
89474,2007-02-20 11:23:26,121.508500,31.260100, 56, 67,1
89474,2007-02-20 11:24:28,121.512800,31.254100, 46, 67,1
89474,2007-02-20 11:25:29,121.513000,31.253800,  0, 67,1
89474,2007-02-20 11:27:31,121.515300,31.236800, 14, 67,1
89474,2007-02-20 11:29:51,121.510800,31.241000,  0,157,1
89474,2007-02-20 11:30:53,121.509000,31.241000, 34,135,1
89474,2007-02-20 11:31:54,121.503000,31.239300, 62,135,1
89474,2007-02-20 11:32:55,121.496800,31.240300,  0,157,1
89474,2007-02-20 11:33:40,121.495600,31.239600,  0, 90,0
89474,2007-02-20 11:34:41,121.495600,31.239500,  6, 90,0
89474,2007-02-20 11:35:41,121.495800,31.239500,  0, 90,0
89474,2007-02-20 11:38:45,121.502100,31.237600, 24,  0,0
89474,2007-02-20 11:39:46,121.504300,31.238100,  0,157,0
89474,2007-02-20 11:40:46,121.503500,31.239000, 46,157,0
89474,2007-02-20 11:41:48,121.504800,31.242000, 34, 67,0
89474,2007-02-20 11:42:49,121.506100,31.240800,  0, 67,0
89474,2007-02-20 11:43:50,121.506300,31.240800,  6, 45,0
89474,2007-02-20 11:44:51,121.510600,31.241100,  0, 45,0
89474,2007-02-20 11:45:51,121.512800,31.240100, 30, 45,0
89474,2007-02-20 11:46:53,121.514800,31.237100, 40, 67,0
89474,2007-02-20 11:47:54,121.518600,31.235800, 50,157,0
89474,2007-02-20 11:48:55,121.515300,31.242800,  0,  0,0
89474,2007-02-20 11:49:56,121.515300,31.242800,  0,  0,0
89474,2007-02-20 11:50:56,121.515300,31.242800,  0,  0,0
89474,2007-02-20 11:51:58,121.511100,31.260100, 34,157,0
89474,2007-02-20 11:52:59,121.509300,31.262100, 30,157,0
89474,2007-02-20 11:54:00,121.508800,31.263300,  0, 22,0
89474,2007-02-20 11:55:01,121.509000,31.263500, 10, 45,0
89474,2007-02-20 11:56:01,121.510000,31.264100,  0, 22,0
89474,2007-02-20 11:57:03,121.510000,31.264100,  0, 22,0
89474,2007-02-20 11:58:04,121.510000,31.264100,  0, 22,0
89474,2007-02-20 11:59:05,121.510000,31.264100,  0, 22,0
89474,2007-02-20 12:00:06,121.510000,31.264100,  0, 22,0
89474,2007-02-20 12:01:06,121.510100,31.264100,  0, 22,0
89474,2007-02-20 12:02:08,121.510100,31.264100,  0, 22,0
89474,2007-02-20 12:03:09,121.510100,31.264100,  0, 22,0
89474,2007-02-20 12:05:11,121.510100,31.264100,  0, 22,0
89474,2007-02-20 12:06:33,121.510500,31.267000, 30,157,0
89474,2007-02-20 12:07:34,121.511800,31.269300,  0, 22,0
89474,2007-02-20 12:08:35,121.510500,31.271800, 36,157,0
89474,2007-02-20 12:09:36,121.507800,31.275300, 12,  0,0
89474,2007-02-20 12:10:37,121.510000,31.276100, 40, 45,0
89474,2007-02-20 12:10:39,121.510100,31.276100, 40, 45,1
89474,2007-02-20 12:11:39,121.514600,31.276100, 38, 67,1
89474,2007-02-20 12:12:40,121.515500,31.272800, 12, 67,1
89474,2007-02-20 12:13:41,121.519600,31.272500, 52, 67,1
89474,2007-02-20 12:14:42,121.521800,31.270100,  0, 22,1
89474,2007-02-20 12:15:43,121.522600,31.268300,  6, 90,1
89474,2007-02-20 12:16:44,121.522100,31.268800,  0,  0,0
89474,2007-02-20 12:17:44,121.522100,31.268800,  0,157,0
89474,2007-02-20 12:18:45,121.522100,31.268800,  0,157,0
89474,2007-02-20 12:19:46,121.522100,31.268800,  0,157,0
89474,2007-02-20 12:20:47,121.522100,31.268800,  0, 22,0
89474,2007-02-20 12:21:48,121.522100,31.269100,  0,  0,0
89474,2007-02-20 12:22:41,121.520600,31.271100, 54,157,1
89474,2007-02-20 12:23:41,121.518600,31.273800,  0,157,1
89474,2007-02-20 12:24:42,121.518000,31.273800, 36,112,1
89474,2007-02-20 12:25:43,121.515500,31.272600, 22,157,1
89474,2007-02-20 12:26:44,121.512600,31.276600, 38,135,1
89474,2007-02-20 12:27:45,121.507500,31.275500, 36,135,1
89474,2007-02-20 12:28:46,121.504100,31.274300,  0,112,1
89474,2007-02-20 12:29:47,121.502100,31.272500,  6, 45,1
89474,2007-02-20 12:31:26,121.497100,31.276500,  0,157,0
89474,2007-02-20 12:32:26,121.497000,31.276600, 18,157,0
89474,2007-02-20 12:33:27,121.496300,31.277300,  0,157,0
89474,2007-02-20 12:35:29,121.496500,31.277000,  0, 90,0
89474,2007-02-20 12:35:46,121.496500,31.277000,  6, 67,1
89474,2007-02-20 12:37:48,121.501600,31.272100, 34, 90,1
89474,2007-02-20 12:38:49,121.501600,31.272500,  4, 67,1
89474,2007-02-20 12:39:50,121.502100,31.267000,  0, 90,1
89474,2007-02-20 12:40:51,121.503600,31.264800,  0, 67,1
89474,2007-02-20 12:41:52,121.503800,31.264600, 22, 67,1
89474,2007-02-20 12:42:53,121.504600,31.262500, 14,157,1
89474,2007-02-20 12:43:31,121.504100,31.262600,  0,112,0
89474,2007-02-20 12:44:32,121.504100,31.262500,  6,157,0
89474,2007-02-20 12:45:33,121.504600,31.262500, 12,112,0
89474,2007-02-20 12:46:34,121.505100,31.262600,  0,  0,0
89474,2007-02-20 12:47:24,121.505300,31.263600, 38,157,1
89474,2007-02-20 12:48:25,121.502100,31.267300, 74,157,1
89474,2007-02-20 12:49:26,121.499800,31.274500, 60,157,1
89474,2007-02-20 12:50:27,121.496600,31.276800,  4,157,1
89474,2007-02-20 12:51:28,121.493300,31.278300, 42,157,1
89474,2007-02-20 12:52:29,121.489300,31.278300, 28,157,1
89474,2007-02-20 12:53:30,121.487300,31.278500, 16,157,1
89474,2007-02-20 12:54:31,121.483500,31.278600,  0,157,1
89474,2007-02-20 12:54:34,121.483500,31.278600,  0,157,0
89474,2007-02-20 12:55:34,121.483500,31.278600,  0,157,0
89474,2007-02-20 12:56:35,121.481100,31.278000, 14,157,0
89474,2007-02-20 12:57:36,121.478800,31.276800, 32,157,0
89474,2007-02-20 12:58:37,121.480000,31.277300, 36,157,0
89474,2007-02-20 12:59:38,121.485300,31.278300,  0,157,0
89474,2007-02-20 13:00:39,121.486600,31.278300, 30,157,0
89474,2007-02-20 13:01:40,121.490000,31.278300, 30,157,0
89474,2007-02-20 13:02:41,121.494100,31.278100,  0,157,0
89474,2007-02-20 13:03:42,121.496300,31.277100, 16,157,0
89474,2007-02-20 13:04:43,121.498800,31.275000,  0,157,0
89474,2007-02-20 13:05:44,121.501000,31.273300, 38,157,0
89474,2007-02-20 13:06:45,121.501600,31.272800,  4,157,0
89474,2007-02-20 13:07:46,121.502100,31.267000, 12,157,0
89474,2007-02-20 13:08:47,121.502100,31.267000,  0,157,0
89474,2007-02-20 13:09:48,121.506300,31.268000, 42,157,0
89474,2007-02-20 13:10:49,121.510800,31.270500, 20,157,0
89474,2007-02-20 13:11:50,121.514100,31.266600, 40,157,0
89474,2007-02-20 13:12:51,121.515300,31.264800, 22,157,0
89474,2007-02-20 13:13:52,121.518600,31.261300, 16,157,0
89474,2007-02-20 13:14:53,121.513800,31.258800, 38,157,0
89474,2007-02-20 13:15:54,121.512800,31.260800, 34,157,0
89474,2007-02-20 13:16:55,121.517300,31.263500, 26,157,0
89474,2007-02-20 13:17:56,121.513000,31.267800, 50,157,0
89474,2007-02-20 13:18:57,121.512600,31.270000, 52,157,0
89474,2007-02-20 13:19:58,121.515600,31.272300,  0,157,0
89474,2007-02-20 13:20:59,121.514100,31.276600, 30,157,0
89474,2007-02-20 13:22:00,121.514000,31.277500, 40,157,0
89474,2007-02-20 13:23:01,121.513000,31.280600,  0,157,0
89474,2007-02-20 13:23:23,121.513100,31.281000, 24,157,1
89474,2007-02-20 13:24:23,121.518300,31.282600, 46,157,1
89474,2007-02-20 13:25:24,121.523000,31.283800, 14,157,1
89474,2007-02-20 13:25:45,121.523600,31.284000,  2,157,0
89474,2007-02-20 13:27:46,121.518100,31.282600, 40,157,0
89474,2007-02-20 13:28:47,121.516300,31.282100,  0,157,0
89474,2007-02-20 13:30:49,121.510000,31.286500, 18,157,0
89474,2007-02-20 13:31:50,121.509800,31.287500,  0,157,0
89474,2007-02-20 13:33:52,121.509000,31.290300, 46,157,0
89474,2007-02-20 13:34:53,121.507800,31.295300, 52,157,0
89474,2007-02-20 13:35:54,121.511500,31.295600, 40,157,0
89474,2007-02-20 13:36:55,121.514100,31.295300, 36,157,0
89474,2007-02-20 13:37:50,121.516100,31.290800, 50,157,1
89474,2007-02-20 13:38:50,121.520000,31.282300, 76,157,1
89474,2007-02-20 13:39:51,121.523000,31.276500, 50,157,1
89474,2007-02-20 13:40:52,121.518600,31.274100,  0,157,1
89474,2007-02-20 13:42:54,121.507600,31.265800, 70,157,1
89474,2007-02-20 13:43:55,121.504300,31.264600,  0,157,1
89474,2007-02-20 13:44:56,121.508100,31.260300, 22,157,1
89474,2007-02-20 13:45:57,121.512000,31.254500, 32,157,1
89474,2007-02-20 13:46:31,121.509500,31.253300,  0,157,0
89474,2007-02-20 13:47:32,121.508800,31.253100, 34,157,0
89474,2007-02-20 13:48:33,121.506800,31.253100,  0,157,0
89474,2007-02-20 13:48:49,121.506800,31.253100, 12,157,1
89474,2007-02-20 13:49:49,121.504000,31.255100, 24,157,1
89474,2007-02-20 13:50:50,121.503800,31.255300,  0,157,1
89474,2007-02-20 13:51:51,121.501100,31.255100, 16,157,1
89474,2007-02-20 13:52:52,121.493600,31.252300, 48,157,1
89474,2007-02-20 13:53:54,121.487600,31.248800, 34,112,1
89474,2007-02-20 13:54:55,121.486300,31.247600, 22,112,1
89474,2007-02-20 13:55:56,121.485600,31.242800, 58, 90,1
89474,2007-02-20 13:56:56,121.484800,31.237100, 40, 90,1
89474,2007-02-20 13:57:58,121.480600,31.236300, 20, 90,1
89474,2007-02-20 13:58:59,121.477600,31.235500,  0, 90,1
89474,2007-02-20 14:00:00,121.475600,31.234800, 30, 90,1
89474,2007-02-20 14:01:01,121.473300,31.234000,  0, 90,1
89474,2007-02-20 14:02:01,121.473600,31.232600, 12, 90,1
89474,2007-02-20 14:02:51,121.474300,31.230300, 16, 90,0
89474,2007-02-20 14:03:51,121.473100,31.231600, 26, 90,0
89474,2007-02-20 14:04:41,121.472500,31.232500,  0, 90,0
89474,2007-02-20 14:05:41,121.472300,31.232500, 22, 90,0
89474,2007-02-20 14:06:41,121.471000,31.234800,  0, 90,0
89474,2007-02-20 14:09:11,121.469100,31.239100, 24, 90,0
89474,2007-02-20 14:10:13,121.468600,31.241000, 58, 90,0
89474,2007-02-20 14:12:15,121.469000,31.244300,  0, 90,0
89474,2007-02-20 14:12:46,121.469800,31.244500, 18, 90,1
89474,2007-02-20 14:13:46,121.475000,31.245300, 50, 90,1
89474,2007-02-20 14:14:48,121.479300,31.246000, 22, 90,1
89474,2007-02-20 14:15:49,121.481100,31.247100, 24, 90,1
89474,2007-02-20 14:16:50,121.483100,31.247300,  8, 90,1
89474,2007-02-20 14:17:51,121.485100,31.249000, 46, 90,1
89474,2007-02-20 14:18:51,121.485500,31.250000, 16, 90,1
89474,2007-02-20 14:19:53,121.484100,31.253500,  0, 90,1
89474,2007-02-20 14:20:54,121.484100,31.253600, 16, 90,1
89474,2007-02-20 14:21:39,121.483800,31.255300,  4, 90,0
89474,2007-02-20 14:22:40,121.484000,31.255100,  0, 90,0
89474,2007-02-20 14:23:41,121.484000,31.255100,  4, 90,0
89474,2007-02-20 14:24:41,121.483800,31.255100,  4, 90,0
89474,2007-02-20 14:25:34,121.483300,31.254800, 18, 90,1
89474,2007-02-20 14:26:35,121.483500,31.253600, 40, 90,1
89474,2007-02-20 14:27:36,121.482300,31.253000,  0, 90,1
89474,2007-02-20 14:28:36,121.479600,31.251600, 36, 90,1
89474,2007-02-20 14:29:38,121.475100,31.249100, 44, 90,1
89474,2007-02-20 14:30:38,121.469300,31.247300,  0, 90,0
89474,2007-02-20 14:31:39,121.469300,31.247300,  0, 90,0
89474,2007-02-20 14:32:40,121.467100,31.247000, 34, 90,0
89474,2007-02-20 14:33:41,121.466600,31.247000,  0, 90,0
89474,2007-02-20 14:34:41,121.466800,31.244500,  0, 90,0
89474,2007-02-20 14:36:44,121.470000,31.244600, 20, 90,0
89474,2007-02-20 14:37:45,121.473600,31.245100,  4, 90,0
89474,2007-02-20 14:38:46,121.477600,31.245800,  0, 90,0
89474,2007-02-20 14:39:46,121.477600,31.246800, 12, 90,0
89474,2007-02-20 14:40:48,121.477300,31.247500,  0, 90,0
89474,2007-02-20 14:41:06,121.477300,31.247800, 28, 90,1
89474,2007-02-20 14:42:06,121.477000,31.250300, 10, 90,1
89474,2007-02-20 14:43:08,121.476600,31.249300,  0, 90,1
89474,2007-02-20 14:44:09,121.472100,31.248100, 68, 90,1
89474,2007-02-20 14:45:10,121.468000,31.247300,  0, 90,1
89474,2007-02-20 14:46:11,121.467000,31.247000,  0, 90,1
89474,2007-02-20 14:48:13,121.455100,31.247800, 26, 90,1
89474,2007-02-20 14:49:49,121.452800,31.248000,  4, 90,0
89474,2007-02-20 14:50:50,121.452600,31.248000,  0, 90,0
89474,2007-02-20 14:52:51,121.456100,31.245800, 40, 90,0
89474,2007-02-20 14:53:53,121.459100,31.247100, 38, 90,0
89474,2007-02-20 14:54:54,121.461500,31.243500, 36, 90,0
89474,2007-02-20 14:55:55,121.463000,31.242100, 18, 90,0
89474,2007-02-20 14:56:56,121.462300,31.241100,  0, 90,0
89474,2007-02-20 14:57:41,121.461600,31.241000, 16, 90,1
89474,2007-02-20 14:58:41,121.460300,31.240300,  0, 90,1
89474,2007-02-20 14:59:43,121.459300,31.240000, 32, 90,1
89474,2007-02-20 15:00:44,121.456300,31.238500, 10, 90,1
89474,2007-02-20 15:01:45,121.453500,31.239300, 36, 90,1
89474,2007-02-20 15:02:46,121.451000,31.239000, 26, 90,1
89474,2007-02-20 15:04:48,121.445600,31.238800,  0, 90,1
89474,2007-02-20 15:05:49,121.442600,31.242000, 26, 90,1
89474,2007-02-20 15:06:40,121.441600,31.242800,  0, 90,0
89474,2007-02-20 15:07:41,121.441600,31.243000,  0, 90,0
89474,2007-02-20 15:08:41,121.440300,31.244300, 40, 90,0
89474,2007-02-20 15:09:43,121.440600,31.245800, 28, 90,0
89474,2007-02-20 15:10:44,121.442600,31.243800, 26, 90,0
89474,2007-02-20 15:12:46,121.447800,31.240100, 30, 90,0
89474,2007-02-20 15:13:46,121.451000,31.239100,  0, 90,0
89474,2007-02-20 15:14:48,121.453500,31.239300, 40, 90,0
89474,2007-02-20 15:15:49,121.453500,31.235600, 48, 90,0
89474,2007-02-20 15:16:50,121.456100,31.238300, 32, 90,0
89474,2007-02-20 15:17:51,121.460100,31.240100, 36, 90,0
89474,2007-02-20 15:18:51,121.463100,31.242500, 34, 90,0
89474,2007-02-20 15:19:53,121.462000,31.245800, 14, 90,0
89474,2007-02-20 15:20:54,121.465300,31.245000, 20, 90,0
89474,2007-02-20 15:21:55,121.466800,31.244300,  0, 90,0
89474,2007-02-20 15:22:56,121.471000,31.244800, 40, 90,0
89474,2007-02-20 15:23:56,121.474300,31.245300, 34, 90,0
89474,2007-02-20 15:24:58,121.477600,31.246100,  6, 90,0
89474,2007-02-20 15:25:59,121.477500,31.246800,  4, 90,0
89474,2007-02-20 15:27:00,121.477300,31.247500,  4, 90,0
89474,2007-02-20 15:29:01,121.481500,31.252300, 40, 90,0
89474,2007-02-20 15:30:03,121.483800,31.253600,  0, 90,0
89474,2007-02-20 15:31:04,121.483800,31.255300, 18, 90,0
89474,2007-02-20 15:32:05,121.487100,31.255500,  0, 90,0
89474,2007-02-20 15:34:06,121.488500,31.255300, 40, 90,0
89474,2007-02-20 15:35:08,121.495000,31.258300, 46, 90,0
89474,2007-02-20 15:36:09,121.499300,31.258000, 22, 90,0
89474,2007-02-20 15:37:10,121.500800,31.255100,  0, 90,0
89474,2007-02-20 15:38:11,121.501800,31.253500,  0, 90,0
89474,2007-02-20 15:39:11,121.501800,31.253300,  6, 90,0
89474,2007-02-20 15:40:13,121.504600,31.254100, 28, 90,0
89474,2007-02-20 15:40:28,121.505600,31.255000, 36, 90,1
89474,2007-02-20 15:42:30,121.507800,31.259300, 20, 90,1
89474,2007-02-20 15:43:31,121.508800,31.260000, 30, 90,1
89474,2007-02-20 15:44:31,121.513000,31.263500,  0, 90,1
89474,2007-02-20 15:45:33,121.518000,31.265800, 30, 90,1
89474,2007-02-20 15:46:34,121.523100,31.268300, 22, 90,1
89474,2007-02-20 15:47:35,121.525500,31.268500,  0, 90,1
89474,2007-02-20 15:47:55,121.525500,31.268500,  0, 90,0
89474,2007-02-20 15:48:56,121.525100,31.269000, 10, 90,0
89474,2007-02-20 15:49:56,121.525800,31.269500,  8, 90,0
89474,2007-02-20 15:50:57,121.530500,31.271800, 40, 90,0
89474,2007-02-20 15:51:58,121.531000,31.272100,  0, 90,0
89474,2007-02-20 15:52:59,121.534000,31.273100, 14, 90,0
89474,2007-02-20 15:54:00,121.533100,31.275000, 18, 90,0
89474,2007-02-20 15:57:03,121.536000,31.279600, 12, 90,0
89474,2007-02-20 15:58:04,121.530500,31.278600, 16, 90,0
89474,2007-02-20 15:59:05,121.529500,31.281000,  0, 90,0
89474,2007-02-20 15:59:20,121.529600,31.280600, 20, 90,1
89474,2007-02-20 16:00:22,121.531300,31.277500, 16, 90,1
89474,2007-02-20 16:01:23,121.533600,31.274100, 26, 90,1
89474,2007-02-20 16:02:24,121.532000,31.272600, 28, 90,1
89474,2007-02-20 16:03:25,121.531100,31.268000, 26, 90,1
89474,2007-02-20 16:04:25,121.532100,31.265000, 46, 90,1
89474,2007-02-20 16:05:27,121.526500,31.262000, 26, 90,1
89474,2007-02-20 16:06:28,121.522800,31.260800,  0, 90,1
89474,2007-02-20 16:07:13,121.521000,31.259600,  0, 90,0
89474,2007-02-20 16:08:13,121.521100,31.259300, 18, 90,0
89474,2007-02-20 16:09:14,121.523100,31.259600, 18, 90,0
89474,2007-02-20 16:10:15,121.524800,31.261500, 26, 90,0
89474,2007-02-20 16:11:15,121.522500,31.265000, 24, 90,0
89474,2007-02-20 16:14:40,121.526300,31.269300,  0, 90,0
89474,2007-02-20 16:15:40,121.527100,31.270300,  0, 90,0
89474,2007-02-20 16:16:42,121.527800,31.273300, 44, 90,0
89474,2007-02-20 16:17:43,121.525300,31.277300, 38, 90,0
89474,2007-02-20 16:18:44,121.530100,31.278300,  0, 90,0
89474,2007-02-20 16:19:45,121.529800,31.280000, 36, 90,0
89474,2007-02-20 16:20:45,121.528100,31.282600,  0, 90,0
89474,2007-02-20 16:21:47,121.526600,31.284600, 28, 90,0
89474,2007-02-20 16:22:48,121.057600,31.536000,182, 90,0
89474,2007-02-20 16:23:49,120.842800,31.662000,194, 90,0
89474,2007-02-20 16:24:50,121.024300,31.567000, 46, 90,0
89474,2007-02-20 16:25:50,121.032800,31.575600, 84, 90,0
89474,2007-02-20 16:26:52,121.037000,31.585100, 78, 90,0
89474,2007-02-20 16:27:53,121.041300,31.595600, 76, 90,0
89474,2007-02-20 16:29:55,121.044000,31.603000, 20, 90,0
89474,2007-02-20 16:30:55,121.044800,31.607600, 68, 90,0
89474,2007-02-20 16:32:37,121.049600,31.619500, 40, 90,0
89474,2007-02-20 16:33:38,121.047800,31.637300, 66, 90,0
89474,2007-02-20 16:34:39,121.005300,31.634800,  0, 90,0
89474,2007-02-20 16:36:40,121.444300,31.945100,  0, 90,0
89474,2007-02-20 16:38:43,121.444300,31.945100,  0, 90,0
89474,2007-02-20 16:39:44,121.444300,31.945100,  0, 90,0
89474,2007-02-20 16:40:25,121.528100,31.323300, 16, 90,1
89474,2007-02-20 16:41:25,121.521600,31.323300, 22, 90,1
89474,2007-02-20 16:42:25,121.519300,31.320000,  0, 90,1
89474,2007-02-20 16:43:27,121.517500,31.318600,  0, 90,1
89474,2007-02-20 16:44:28,121.515800,31.316800, 48, 90,1
89474,2007-02-20 16:45:29,121.514800,31.312000, 10, 90,1
89474,2007-02-20 16:47:30,121.514800,31.307500,  0, 90,1
89474,2007-02-20 16:48:32,121.515000,31.304100, 38, 90,1
89474,2007-02-20 16:49:33,121.515100,31.304000,  0, 90,1
89474,2007-02-20 16:50:34,121.464100,31.336300, 40, 90,1
89474,2007-02-20 17:01:05,121.514800,31.315800,  0, 90,0
89474,2007-02-20 17:02:05,121.514800,31.315800,  0, 90,0
89474,2007-02-20 17:03:06,121.514800,31.315800,  0, 90,0
89474,2007-02-20 17:05:07,121.514800,31.315800,  0, 90,0
89474,2007-02-20 17:06:09,121.514800,31.315800,  0, 90,0
89474,2007-02-20 17:07:10,121.514800,31.315800,  0, 90,0
89474,2007-02-20 17:08:11,121.514800,31.315800,  0, 90,0
89474,2007-02-20 17:09:12,121.514800,31.315800,  0, 90,0
89474,2007-02-20 17:10:12,121.514800,31.315800,  0, 90,0
89474,2007-02-20 17:11:14,121.514800,31.315800,  0, 90,0
89474,2007-02-20 17:12:15,121.514800,31.315800,  0, 90,0
89474,2007-02-20 17:13:16,121.514800,31.315800,  0, 90,0
89474,2007-02-20 17:14:17,121.514800,31.315800,  0, 90,0
89474,2007-02-20 17:15:17,121.514800,31.315800,  0, 90,0
89474,2007-02-20 17:16:19,121.514800,31.315800,  0, 90,0
89474,2007-02-20 17:17:20,121.516000,31.317000,  0, 90,0
89474,2007-02-20 17:18:21,121.518100,31.319300, 42, 90,0
89474,2007-02-20 17:19:22,121.521500,31.321000, 24, 90,0
89474,2007-02-20 17:20:22,121.524500,31.323500, 40, 90,0
89474,2007-02-20 17:22:25,121.528100,31.330500, 42, 90,0
89474,2007-02-20 17:23:26,121.533600,31.329100, 36, 90,0
89474,2007-02-20 17:24:27,121.536000,31.326600, 26, 90,0
89474,2007-02-20 17:25:27,121.534500,31.326800, 22, 90,0
89474,2007-02-20 17:27:30,121.535000,31.323500,  0, 90,0
89474,2007-02-20 17:28:31,121.535000,31.323500,  0, 90,0
89474,2007-02-20 17:29:32,121.535000,31.323500,  0, 90,0
89474,2007-02-20 17:30:32,121.534300,31.323500, 38, 90,0
89474,2007-02-20 17:30:36,121.534000,31.323500, 28, 90,1
89474,2007-02-20 17:31:37,121.534100,31.316600, 18, 90,1
89474,2007-02-20 17:32:37,121.534300,31.311100, 48, 90,1
89474,2007-02-20 17:33:39,121.534300,31.309500,  0, 90,1
89474,2007-02-20 17:35:41,121.529600,31.301100, 44, 90,1
89474,2007-02-20 17:36:04,121.528500,31.300500,  0, 90,0
89474,2007-02-20 17:37:04,121.528500,31.300500,  0, 90,0
89474,2007-02-20 17:38:05,121.527800,31.300100,  0, 90,0
89474,2007-02-20 17:39:06,121.523500,31.297100, 64, 90,0
89474,2007-02-20 17:40:07,121.522500,31.292600, 36, 90,0
89474,2007-02-20 17:41:07,121.525600,31.287100, 42, 90,0
89474,2007-02-20 17:42:09,121.526800,31.284300, 28, 90,0
89474,2007-02-20 17:43:10,121.522100,31.282600, 26, 90,0
89474,2007-02-20 17:44:07,121.522500,31.281000, 26, 90,1
89474,2007-02-20 17:45:07,121.527600,31.282600, 34, 90,1
89474,2007-02-20 17:46:07,121.530000,31.279800, 24, 90,1
89474,2007-02-20 17:47:09,121.531500,31.278600, 46, 90,1
89474,2007-02-20 17:48:10,121.540300,31.282000, 60, 90,1
89474,2007-02-20 17:49:11,121.543100,31.283800, 66, 90,1
89474,2007-02-20 17:49:51,121.547000,31.286100,  0, 90,0
89474,2007-02-20 17:50:52,121.547000,31.286100,  0, 90,0
89474,2007-02-20 17:51:52,121.549800,31.287800,  0, 90,0
89474,2007-02-20 17:52:54,121.552500,31.286100, 56, 90,0
89474,2007-02-20 17:53:55,121.553000,31.280100, 42, 90,0
89474,2007-02-20 17:54:56,121.547300,31.277600, 14, 90,0
89474,2007-02-20 17:55:57,121.543500,31.279600, 42, 90,0
89474,2007-02-20 17:56:57,121.539500,31.276500,  0, 90,0
89474,2007-02-20 17:57:59,121.542100,31.272800, 24, 90,0
89474,2007-02-20 17:59:00,121.539600,31.270800, 30, 90,0
89474,2007-02-20 18:00:01,121.536300,31.268600,  0, 90,0
89474,2007-02-20 18:01:02,121.535800,31.268300, 28, 90,0
89474,2007-02-20 18:02:02,121.532100,31.266800, 44, 90,0
89474,2007-02-20 18:03:04,121.528800,31.271600, 46, 90,0
89474,2007-02-20 18:04:05,121.525100,31.276500, 44, 90,0
89474,2007-02-20 18:05:06,121.530300,31.278300, 24, 90,0
89474,2007-02-20 18:06:07,121.528300,31.278100, 20, 90,0
89474,2007-02-20 18:07:47,121.527000,31.277800, 44, 90,1
89474,2007-02-20 18:08:47,121.524800,31.277100,  0, 90,1
89474,2007-02-20 18:10:49,121.528000,31.270600, 36, 90,1
89474,2007-02-20 18:12:51,121.525300,31.264000, 14, 90,1
89474,2007-02-20 18:13:52,121.521500,31.262300,  0, 90,1
89474,2007-02-20 18:14:52,121.518800,31.261100,  0, 90,1
89474,2007-02-20 18:15:54,121.515500,31.259600, 18, 90,1
89474,2007-02-20 18:16:32,121.516500,31.258100,  0, 90,0
89474,2007-02-20 18:17:32,121.516500,31.258100,  0, 90,0
89474,2007-02-20 18:18:32,121.516600,31.257800, 12, 67,0
89474,2007-02-20 18:19:32,121.514800,31.256000, 24,112,0
89474,2007-02-20 18:20:33,121.511100,31.257000, 32,157,0
89474,2007-02-20 18:21:34,121.514500,31.259100, 28, 22,0
89474,2007-02-20 18:22:35,121.518100,31.261000, 22, 22,0
89474,2007-02-20 18:23:36,121.516800,31.261600, 34,112,0
89474,2007-02-20 18:24:37,121.514800,31.261800,  0,157,0
89474,2007-02-20 18:25:38,121.513000,31.264100, 38,157,0
89474,2007-02-20 18:26:39,121.510500,31.264500, 24,112,0
89474,2007-02-20 18:27:40,121.506500,31.261000, 36,112,0
89474,2007-02-20 18:29:42,121.502100,31.263500,  0,157,0
89474,2007-02-20 18:30:43,121.503100,31.264300, 26, 45,0
89474,2007-02-20 18:31:44,121.505500,31.265000, 46, 22,0
89474,2007-02-20 18:32:45,121.509300,31.268000, 28,157,0
89474,2007-02-20 18:33:46,121.511000,31.270500, 16, 22,0
89474,2007-02-20 18:34:47,121.510500,31.271800, 32,157,0
89474,2007-02-20 18:35:48,121.508600,31.273100, 30,157,0
89474,2007-02-20 18:36:59,121.511800,31.276300, 26, 45,1
89474,2007-02-20 18:38:00,121.513600,31.278300, 14,  0,1
89474,2007-02-20 18:39:01,121.512300,31.282600,  0,  0,1
89474,2007-02-20 18:40:02,121.512100,31.283100, 40,  0,1
89474,2007-02-20 18:41:03,121.513300,31.287000,  0, 45,1
89474,2007-02-20 18:42:04,121.516800,31.289600, 56,  0,1
89474,2007-02-20 18:43:05,121.516100,31.290800, 24,157,1
89474,2007-02-20 18:44:06,121.515100,31.293000,  0,  0,1
89474,2007-02-20 18:45:07,121.514600,31.294300, 52,  0,1
89474,2007-02-20 18:46:08,121.515800,31.299600, 68,  0,1
89474,2007-02-20 18:47:09,121.515300,31.302800,  0,112,1
89474,2007-02-20 19:15:59,121.515000,31.310100, 32,  0,0
89474,2007-02-20 19:17:00,121.518100,31.311500,  0, 45,0
89474,2007-02-20 19:42:51,121.527500,31.308500, 38, 90,1
89474,2007-02-20 19:43:52,121.522100,31.305600, 62,135,1
89474,2007-02-20 19:45:54,121.510300,31.300600, 36,112,1
89474,2007-02-20 19:46:55,121.509100,31.298300, 46, 90,1
89474,2007-02-20 19:47:56,121.507000,31.294000,  0, 90,1
89474,2007-02-20 19:48:57,121.506600,31.293500, 42, 90,1
89474,2007-02-20 19:51:10,121.503100,31.286800, 50,112,1
89474,2007-02-20 19:52:11,121.499800,31.280300, 58,112,1
89474,2007-02-20 19:53:12,121.497000,31.276800,  0,112,1
89474,2007-02-20 19:55:14,121.495600,31.275600,  0,112,1
89474,2007-02-20 19:56:15,121.492300,31.273000, 16,157,1
89474,2007-02-20 19:56:44,121.491600,31.273500,  0,157,0
89474,2007-02-20 19:57:44,121.491500,31.273500,  8,157,0
89474,2007-02-20 19:58:17,121.491600,31.275800, 38,  0,1
89474,2007-02-20 19:59:18,121.489000,31.278300, 44,135,1
89474,2007-02-20 20:00:19,121.486500,31.278500,  0,135,1
89474,2007-02-20 20:01:20,121.486300,31.278500, 20,135,1
89474,2007-02-20 20:02:21,121.481100,31.278000,  0,112,1
89474,2007-02-20 20:03:22,121.480100,31.277600, 36,112,1
89474,2007-02-20 20:04:23,121.476100,31.277000,  0,135,1
89474,2007-02-20 20:05:24,121.474500,31.277300, 14,135,1
89474,2007-02-20 20:06:25,121.471800,31.278800, 46,157,1
89474,2007-02-20 20:08:27,121.464500,31.281600, 36,135,1
89474,2007-02-20 20:09:28,121.461100,31.282000,  0,135,1
89474,2007-02-20 20:10:29,121.460500,31.282000, 22,135,1
89474,2007-02-20 20:11:30,121.457500,31.281500,  2,112,1
89474,2007-02-20 20:12:31,121.452000,31.281300, 42,135,1
89474,2007-02-20 20:13:32,121.448000,31.281100,  0,135,1
89474,2007-02-20 20:14:33,121.446800,31.281100, 40,135,1
89474,2007-02-20 20:15:34,121.439800,31.280500, 26,135,1
89474,2007-02-20 20:17:36,121.431100,31.276000, 38, 67,1
89474,2007-02-20 20:19:12,121.434500,31.271100,  0, 45,0
89474,2007-02-20 20:20:13,121.435300,31.272500, 14,  0,0
89474,2007-02-20 20:21:14,121.438500,31.271300, 38, 45,0
89474,2007-02-20 20:21:17,121.438600,31.271500, 46, 22,1
89474,2007-02-20 20:22:18,121.444100,31.272300,  0, 67,1
89474,2007-02-20 20:23:19,121.445800,31.271100, 26, 45,1
89474,2007-02-20 20:24:20,121.450300,31.273000,  0, 22,1
89474,2007-02-20 20:25:21,121.451100,31.273300, 26, 22,1
89474,2007-02-20 20:26:22,121.453500,31.274100, 42, 22,1
89474,2007-02-20 20:27:23,121.456800,31.275800, 28,  0,1
89474,2007-02-20 20:28:18,121.455500,31.277300,  6,157,0
89474,2007-02-20 20:29:18,121.455100,31.277600,  0,157,0
89474,2007-02-20 20:30:19,121.456300,31.276500, 10, 67,0
89474,2007-02-20 20:30:27,121.456500,31.276100, 24, 67,1
89474,2007-02-20 20:31:27,121.453300,31.274100,  0,112,1
89474,2007-02-20 20:33:29,121.451000,31.273300, 18,112,1
89474,2007-02-20 20:34:30,121.454300,31.267300, 34, 67,1
89474,2007-02-20 20:35:31,121.455600,31.263800, 50, 90,1
89474,2007-02-20 20:36:32,121.458600,31.259800, 14, 90,1
89474,2007-02-20 20:37:33,121.459000,31.258800, 12, 90,1
89474,2007-02-20 20:38:34,121.459000,31.255600, 28, 90,1
89474,2007-02-20 20:39:35,121.458800,31.252100, 10, 90,1
89474,2007-02-20 20:40:36,121.458100,31.249000, 42, 90,1
89474,2007-02-20 20:41:37,121.458500,31.242100, 56, 90,1
89474,2007-02-20 20:42:38,121.459300,31.238000, 18, 90,1
89474,2007-02-20 20:43:39,121.463800,31.240500, 28, 45,1
89474,2007-02-20 20:43:54,121.464300,31.240500,  0, 45,0
89474,2007-02-20 20:44:54,121.464100,31.240500,  0,157,0
89474,2007-02-20 20:45:55,121.462600,31.241000,  0,135,0
89474,2007-02-20 20:46:11,121.462000,31.241000, 26,135,1
89474,2007-02-20 20:47:11,121.458000,31.244300, 60,  0,1
89474,2007-02-20 20:48:12,121.459000,31.252000, 50,  0,1
89474,2007-02-20 20:49:13,121.459000,31.258600, 56,  0,1
89474,2007-02-20 20:50:14,121.455000,31.266100, 58,  0,1
89474,2007-02-20 20:51:15,121.449000,31.276300, 88,157,1
89474,2007-02-20 20:52:16,121.447100,31.286000, 48,  0,1
89474,2007-02-20 20:53:17,121.445800,31.293600, 48,  0,1
89474,2007-02-20 20:54:18,121.453100,31.296300, 86, 45,1
89474,2007-02-20 20:55:19,121.465300,31.293300, 76, 45,1
89474,2007-02-20 20:57:21,121.485500,31.293800, 36, 45,1
89474,2007-02-20 20:58:22,121.483500,31.299600, 54,157,1
89474,2007-02-20 20:59:23,121.481000,31.310000, 70,  0,1
89474,2007-02-20 21:00:24,121.481000,31.318800, 54,  0,1
89474,2007-02-20 21:01:25,121.480800,31.321800,  0,  0,1
89474,2007-02-20 21:02:26,121.480800,31.321800,  0,  0,1
89474,2007-02-20 21:03:27,121.476000,31.322500, 42,135,1
89474,2007-02-20 21:04:28,121.471300,31.323800, 42,  0,1
89474,2007-02-20 21:05:29,121.470300,31.327300,  0,  0,1
89474,2007-02-20 21:06:30,121.470300,31.327500,  8,  0,1
89474,2007-02-20 21:07:31,121.470300,31.333800, 44,  0,1
89474,2007-02-20 21:08:32,121.470100,31.338000, 36,  0,1
89474,2007-02-20 21:09:33,121.471000,31.341500, 30,  0,1
89474,2007-02-20 21:10:34,121.470600,31.342300, 16,  0,1
89474,2007-02-20 21:10:58,121.470300,31.342300,  0, 90,0
89474,2007-02-20 21:11:58,121.470300,31.342500,  0, 90,0
89474,2007-02-20 21:12:59,121.471100,31.341000, 22, 90,0
89474,2007-02-20 21:14:00,121.470800,31.339600,  0,135,0
89474,2007-02-20 21:15:01,121.470600,31.339500, 18,112,0
89474,2007-02-20 21:16:02,121.470100,31.336600, 36, 90,0
89474,2007-02-20 21:17:03,121.470300,31.333100,  8, 90,0
89474,2007-02-20 21:17:12,121.470300,31.332600, 32, 90,1
89474,2007-02-20 21:18:13,121.471100,31.324300, 66, 90,1
89474,2007-02-20 21:19:14,121.464500,31.321500, 42,135,1
89474,2007-02-20 21:21:35,121.460000,31.325300, 36,135,1
89474,2007-02-20 21:21:42,121.459600,31.325300,  6,157,0
89474,2007-02-20 21:22:44,121.459600,31.325300,  0,157,0
89474,2007-02-20 21:23:45,121.459500,31.325100,  6, 67,0
89474,2007-02-20 21:24:46,121.460100,31.321500, 42, 90,0
89474,2007-02-20 21:25:46,121.461000,31.320600, 40, 45,0
89474,2007-02-20 21:26:46,121.463600,31.317500, 44, 90,0
89474,2007-02-20 21:27:48,121.463500,31.315300,  0, 90,0
89474,2007-02-20 21:28:49,121.463100,31.310800, 54, 90,0
89474,2007-02-20 21:29:50,121.462800,31.302800,  0, 90,0
89474,2007-02-20 21:30:51,121.464000,31.302000, 46, 45,0
89474,2007-02-20 21:31:51,121.466500,31.302000, 16, 67,0
89474,2007-02-20 21:32:06,121.466500,31.301000, 42, 90,1
89474,2007-02-20 21:33:06,121.466500,31.295100, 38, 90,1
89474,2007-02-20 21:34:08,121.462800,31.294300, 22,135,1
89474,2007-02-20 21:35:09,121.454500,31.296600, 56,135,1
89474,2007-02-20 21:37:11,121.446100,31.291500, 72, 90,1
89474,2007-02-20 21:38:11,121.447300,31.281100, 78, 90,1
89474,2007-02-20 21:40:14,121.455300,31.264600, 30, 90,1
89474,2007-02-20 21:42:16,121.458300,31.260500, 10, 67,1
89474,2007-02-20 21:43:16,121.459000,31.258600,  0, 90,1
89474,2007-02-20 21:44:18,121.459000,31.255300,  0, 90,1
89474,2007-02-20 21:45:19,121.459000,31.254000, 28, 90,1
89474,2007-02-20 21:46:20,121.458300,31.249600, 24, 90,1
89474,2007-02-20 21:48:21,121.449300,31.247800,  0,135,1
89474,2007-02-20 21:49:23,121.449300,31.247800,  0,135,1
89474,2007-02-20 21:50:24,121.448500,31.247600, 38,135,1
89474,2007-02-20 21:51:25,121.440500,31.246300,  0,135,1
89474,2007-02-20 21:53:26,121.436800,31.245100,  0,112,1
89474,2007-02-20 21:54:28,121.433600,31.242800, 22,112,1
89474,2007-02-20 21:56:08,121.434300,31.243000,  0, 22,0
89474,2007-02-20 21:57:09,121.434300,31.243000,  0, 22,0
89474,2007-02-20 21:59:11,121.439600,31.246000, 44, 45,0
89474,2007-02-20 22:00:11,121.446100,31.247000, 12, 45,0
89474,2007-02-20 22:01:13,121.450000,31.246000, 20, 67,0
89474,2007-02-20 22:02:14,121.452800,31.247600,  0, 22,0
89474,2007-02-20 22:02:46,121.455800,31.247500, 56, 45,1
89474,2007-02-20 22:03:46,121.458600,31.250000, 66,  0,1
89474,2007-02-20 22:04:48,121.459000,31.259100, 56,  0,1
89474,2007-02-20 22:05:49,121.454600,31.266800, 50,  0,1
89474,2007-02-20 22:06:50,121.448800,31.276600, 90,157,1
89474,2007-02-20 22:08:51,121.444600,31.299000, 62,  0,1
89474,2007-02-20 22:09:53,121.444100,31.308100, 58,  0,1
89474,2007-02-20 22:10:54,121.443600,31.312300,  0,157,1
89474,2007-02-20 22:11:55,121.443300,31.312500, 38,135,1
89474,2007-02-20 22:12:56,121.438300,31.312300, 50,135,1
89474,2007-02-20 22:13:56,121.435800,31.311000, 16,112,1
89474,2007-02-20 22:14:21,121.435800,31.310500,  0, 90,0
89474,2007-02-20 22:15:21,121.435800,31.310500,  0, 45,0
89474,2007-02-20 22:16:23,121.435800,31.310500,  0, 45,0
89474,2007-02-20 22:17:24,121.435800,31.310500,  0, 45,0
89474,2007-02-20 22:18:25,121.435800,31.310600,  0,  0,0
89474,2007-02-20 22:19:26,121.436000,31.311300, 10, 22,0
89474,2007-02-20 22:20:05,121.436500,31.311100, 28, 90,1
89474,2007-02-20 22:21:06,121.435300,31.306800, 44,135,1
89474,2007-02-20 22:21:38,121.432600,31.306300,  0,135,0
89474,2007-02-20 22:22:39,121.432600,31.306300,  0,135,0
89474,2007-02-20 22:23:40,121.432600,31.306100, 12, 45,0
89474,2007-02-20 22:25:41,121.440500,31.307100,  0, 45,0
89474,2007-02-20 22:26:43,121.442500,31.307300, 32, 45,0
89474,2007-02-20 22:27:44,121.443600,31.305800,  0, 90,0
89474,2007-02-20 22:28:45,121.443600,31.305600,  0, 90,0
89474,2007-02-20 22:29:46,121.444500,31.307100,  0,  0,0
89474,2007-02-20 22:30:46,121.444500,31.307300, 16,  0,0
89474,2007-02-20 22:31:48,121.452000,31.307300, 50, 45,0
89474,2007-02-20 22:32:49,121.456600,31.307600, 52, 45,0
89474,2007-02-20 22:33:50,121.461800,31.308000, 10,157,0
89474,2007-02-20 22:34:51,121.461500,31.308000, 10,135,0
89474,2007-02-20 22:35:00,121.460800,31.308000, 32,135,1
89474,2007-02-20 22:36:01,121.452100,31.307300, 54,135,1
89474,2007-02-20 22:37:01,121.445000,31.307500, 38,135,1
89474,2007-02-20 22:38:03,121.444600,31.307600,  0,135,1
89474,2007-02-20 22:38:51,121.444100,31.309100,  8,157,0
89474,2007-02-20 22:39:51,121.444300,31.310100, 16,  0,0
89474,2007-02-20 22:40:53,121.445800,31.312500, 16, 45,0
89474,2007-02-20 22:41:54,121.446500,31.312500,  0, 45,0
89474,2007-02-20 22:42:55,121.447000,31.312600, 10, 45,0
89474,2007-02-20 22:44:56,121.450600,31.309600, 32, 90,0
89474,2007-02-20 22:45:58,121.453500,31.307500, 44, 45,0
89474,2007-02-20 22:46:59,121.461000,31.307800, 52, 45,0
89474,2007-02-20 22:48:00,121.461300,31.307800,  0, 45,0
89474,2007-02-20 22:48:11,121.461600,31.308000, 24, 45,1
89474,2007-02-20 22:49:11,121.465500,31.308100, 70, 45,1
89474,2007-02-20 22:50:13,121.476300,31.309600,  0, 45,1
89474,2007-02-20 22:51:14,121.480100,31.309800, 34, 45,1
89474,2007-02-20 22:52:15,121.480300,31.309800,  0, 45,1
89474,2007-02-20 22:53:16,121.480600,31.309800, 26, 45,1
89474,2007-02-20 22:54:16,121.490600,31.309800, 34, 45,1
89474,2007-02-20 22:55:18,121.495500,31.309800, 36, 45,1
89474,2007-02-20 22:56:19,121.498600,31.309800, 42, 45,1
89474,2007-02-20 22:57:20,121.506000,31.309800, 16, 45,1
89474,2007-02-20 22:58:21,121.506300,31.309800, 32, 45,1
89474,2007-02-20 22:59:21,121.509000,31.311500, 58,  0,1
89474,2007-02-20 23:00:23,121.514300,31.313500, 36, 45,1
89474,2007-02-20 23:02:25,121.519000,31.319800, 44, 22,1
89474,2007-02-20 23:03:12,121.521600,31.321800,  0,  0,0
89474,2007-02-20 23:04:13,121.521600,31.321800,  0,  0,0
89474,2007-02-20 23:05:14,121.521600,31.321800,  0,  0,0
89474,2007-02-20 23:06:15,121.521600,31.321800,  0,  0,0
89474,2007-02-20 23:06:44,121.521600,31.321800,  8, 22,1
89474,2007-02-20 23:07:44,121.521500,31.326000, 50,  0,1
89474,2007-02-20 23:08:45,121.520500,31.330800, 22,135,1
89474,2007-02-20 23:09:46,121.518300,31.333800, 28, 45,1
89474,2007-02-20 23:10:46,121.522100,31.334300,  6, 22,1
89474,2007-02-20 23:11:31,121.523300,31.334600,  0, 67,0
89474,2007-02-20 23:12:31,121.523300,31.335300,  8,135,0
89474,2007-02-20 23:13:33,121.522100,31.334300, 12,112,0
89474,2007-02-20 23:14:34,121.520600,31.333800, 50,135,0
89474,2007-02-20 23:15:35,121.520000,31.330600, 60, 45,0
89474,2007-02-20 23:16:36,121.521500,31.325800, 44, 90,0
89474,2007-02-20 23:17:36,121.521500,31.320500, 20, 90,0
89474,2007-02-20 23:18:38,121.526000,31.316600, 72, 45,0
89474,2007-02-20 23:19:39,121.527500,31.314600, 24, 90,0
89474,2007-02-20 23:20:21,121.527500,31.313600,  0, 90,1
89474,2007-02-20 23:21:21,121.527500,31.307500,  0, 90,1
89474,2007-02-20 23:22:23,121.527500,31.307500,  0, 90,1
89474,2007-02-20 23:23:24,121.527500,31.306500, 34, 90,1
89474,2007-02-20 23:24:25,121.527500,31.301800, 66, 90,1
89474,2007-02-20 23:25:26,121.529100,31.296800, 74, 67,1
89474,2007-02-20 23:26:26,121.530500,31.293100, 26, 90,1
89474,2007-02-20 23:27:28,121.531100,31.287300, 54, 67,1
89474,2007-02-20 23:28:29,121.534500,31.282600,  0, 67,1
89474,2007-02-20 23:29:30,121.536300,31.280100,  0, 67,1
89474,2007-02-20 23:30:31,121.536300,31.280100,  4, 67,1
89474,2007-02-20 23:31:31,121.541100,31.273800, 62, 67,1
89474,2007-02-20 23:32:33,121.544500,31.275000, 48, 22,1
89474,2007-02-20 23:33:34,121.545100,31.275600,  0, 22,1
89474,2007-02-20 23:33:45,121.545100,31.275600,  0, 22,0
89474,2007-02-20 23:34:45,121.549600,31.275600, 54, 67,0
89474,2007-02-20 23:35:46,121.555000,31.275600, 60, 22,0
89474,2007-02-20 23:36:46,121.553600,31.280600, 30,135,0
89474,2007-02-20 23:37:48,121.547500,31.277800, 26,112,0
89474,2007-02-20 23:38:49,121.545600,31.276100, 26,112,0
89474,2007-02-20 23:39:50,121.542300,31.272600, 18,112,0
89474,2007-02-20 23:40:51,121.536100,31.268600,  0,135,0
89474,2007-02-20 23:41:51,121.533300,31.266000, 40,112,0
89474,2007-02-20 23:42:53,121.529300,31.270800, 46,157,0
89474,2007-02-20 23:43:54,121.531800,31.272500, 20, 22,0
89474,2007-02-20 23:44:55,121.538600,31.276000, 44, 22,0
89474,2007-02-20 23:45:56,121.544000,31.280500, 32,157,0
89474,2007-02-20 23:46:56,121.540600,31.285000, 44,  0,0
89474,2007-02-20 23:48:59,121.537800,31.289800,  0,157,0
89474,2007-02-20 23:50:00,121.537800,31.289800,  0,157,0
89474,2007-02-20 23:51:01,121.537800,31.289800,  0,157,0
89474,2007-02-20 23:52:01,121.537800,31.289800,  0,157,0
89474,2007-02-20 23:53:03,121.537800,31.289800,  0,157,0
89474,2007-02-20 23:54:04,121.537800,31.289800,  0,157,0
89474,2007-02-20 23:55:05,121.537600,31.289800,  0,157,0
89474,2007-02-20 23:56:06,121.537600,31.289800,  0,157,0
89474,2007-02-20 23:57:06,121.537600,31.289800,  0,157,0
89474,2007-02-20 23:58:08,121.537600,31.289800,  0,157,0
89474,2007-02-20 23:59:09,121.537600,31.289800,  0,157,0
