87381,2007-02-20 00:01:00,121.445500,31.238600, 12,157,0
87381,2007-02-20 00:02:01,121.443000,31.241600, 42,157,0
87381,2007-02-20 00:03:02,121.439100,31.245500, 30,157,0
87381,2007-02-20 00:05:04,121.448100,31.249100, 10,  0,0
87381,2007-02-20 00:06:05,121.450300,31.248800, 24, 67,0
87381,2007-02-20 00:07:06,121.449000,31.249600, 20,135,0
87381,2007-02-20 00:08:07,121.446800,31.253300, 62,  0,0
87381,2007-02-20 00:10:09,121.447000,31.257500,  0,157,0
87381,2007-02-20 00:10:40,121.446800,31.257600, 20,157,1
87381,2007-02-20 00:11:41,121.442800,31.263000, 50,157,1
87381,2007-02-20 00:12:42,121.439800,31.267100,  0,157,1
87381,2007-02-20 00:13:43,121.438300,31.269000, 58,157,1
87381,2007-02-20 00:14:44,121.435100,31.270300, 20,135,1
87381,2007-02-20 00:15:45,121.428000,31.273600, 34,157,1
87381,2007-02-20 00:17:37,121.426300,31.280300, 68,157,1
87381,2007-02-20 00:19:16,121.427000,31.288500,  0, 45,1
87381,2007-02-20 00:20:17,121.427100,31.290300, 34,  0,1
87381,2007-02-20 00:21:18,121.427000,31.293500, 58,  0,1
87381,2007-02-20 00:22:19,121.425100,31.300300, 48,157,1
87381,2007-02-20 00:23:20,121.425600,31.305100, 34, 45,1
87381,2007-02-20 00:23:38,121.426800,31.305300,  0, 45,0
87381,2007-02-20 00:24:38,121.426800,31.305300,  0, 45,0
87381,2007-02-20 00:25:39,121.428300,31.305500, 14, 45,0
87381,2007-02-20 00:26:40,121.427300,31.305500,  0,135,0
87381,2007-02-20 00:27:41,121.427300,31.305500,  0,135,0
87381,2007-02-20 00:28:42,121.427300,31.305500,  0,135,0
87381,2007-02-20 00:29:43,121.427300,31.305500,  0,135,0
87381,2007-02-20 00:31:45,121.427300,31.305500,  0,135,0
87381,2007-02-20 00:32:46,121.427300,31.305500,  0,135,0
87381,2007-02-20 00:33:47,121.427300,31.305500,  0,135,0
87381,2007-02-20 00:34:48,121.427300,31.305500,  0,135,0
87381,2007-02-20 00:35:49,121.427300,31.305500,  0,135,0
87381,2007-02-20 00:36:50,121.427300,31.305500,  0,135,0
87381,2007-02-20 00:40:24,121.427300,31.305500,  0,135,0
87381,2007-02-20 00:41:25,121.427300,31.305500,  0,135,0
87381,2007-02-20 00:42:26,121.427300,31.305500,  0,135,0
87381,2007-02-20 00:43:27,121.427300,31.305500,  0,135,0
87381,2007-02-20 00:45:29,121.424500,31.305100, 46,135,0
87381,2007-02-20 00:46:30,121.416600,31.304600, 52,135,0
87381,2007-02-20 00:47:31,121.414800,31.301800, 26, 45,0
87381,2007-02-20 00:48:32,121.418300,31.298600, 28, 90,0
87381,2007-02-20 00:49:33,121.419100,31.294600, 10, 90,0
87381,2007-02-20 00:49:41,121.419100,31.294300, 32, 90,1
87381,2007-02-20 00:50:42,121.418500,31.288300, 48, 90,1
87381,2007-02-20 00:52:23,121.418100,31.284800,  0,112,1
87381,2007-02-20 00:53:23,121.417100,31.282600, 36, 90,1
87381,2007-02-20 00:54:24,121.418000,31.277000, 36, 90,1
87381,2007-02-20 00:55:25,121.418600,31.274800, 18, 90,1
87381,2007-02-20 00:56:53,121.418800,31.273100, 30, 67,0
87381,2007-02-20 00:57:34,121.419500,31.272300, 18, 67,1
87381,2007-02-20 00:58:34,121.418100,31.267800, 48, 90,1
87381,2007-02-20 00:59:35,121.418000,31.266600,  0, 90,1
87381,2007-02-20 01:00:36,121.417500,31.261500, 66, 90,1
87381,2007-02-20 01:01:37,121.417300,31.255300, 40, 90,1
87381,2007-02-20 01:03:39,121.416100,31.249600, 40,112,1
87381,2007-02-20 01:05:41,121.404500,31.247300, 28,135,1
87381,2007-02-20 01:06:42,121.404500,31.243300,  0,112,1
87381,2007-02-20 01:07:43,121.403300,31.241100, 28, 67,1
87381,2007-02-20 01:08:44,121.401100,31.239800, 34,112,1
87381,2007-02-20 01:09:34,121.398800,31.240300,  0,157,0
87381,2007-02-20 01:10:35,121.397500,31.241600, 10,157,0
87381,2007-02-20 01:11:36,121.400000,31.241600,  8, 67,0
87381,2007-02-20 01:12:37,121.400600,31.241100,  8, 67,0
87381,2007-02-20 01:12:41,121.400800,31.241000, 10, 67,1
87381,2007-02-20 01:13:41,121.402100,31.240100, 14,157,1
87381,2007-02-20 01:14:42,121.400100,31.241300, 14,157,1
87381,2007-02-20 01:15:43,121.398100,31.243100, 28,157,1
87381,2007-02-20 01:16:44,121.397600,31.245800, 22,  0,1
87381,2007-02-20 01:17:45,121.403800,31.247300,  0, 45,1
87381,2007-02-20 01:18:46,121.403600,31.249300, 26,  0,1
87381,2007-02-20 01:19:47,121.405100,31.249600, 10,135,1
87381,2007-02-20 01:20:48,121.402600,31.252100, 22,  0,1
87381,2007-02-20 01:21:49,121.402500,31.252600, 18,112,1
87381,2007-02-20 01:22:50,121.398300,31.250100, 36,135,1
87381,2007-02-20 01:23:31,121.397300,31.251800,  0,  0,0
87381,2007-02-20 01:24:32,121.397300,31.252100, 20,  0,0
87381,2007-02-20 01:25:33,121.400500,31.252500, 16, 45,0
87381,2007-02-20 01:26:34,121.402100,31.252500,  0, 45,0
87381,2007-02-20 01:27:35,121.406000,31.253300, 52, 45,0
87381,2007-02-20 01:28:36,121.406300,31.253500,  0, 45,0
87381,2007-02-20 01:29:37,121.409600,31.254100, 44, 45,0
87381,2007-02-20 01:30:38,121.414500,31.255600,  0, 22,0
87381,2007-02-20 01:31:39,121.416500,31.257000,  0, 22,0
87381,2007-02-20 01:32:40,121.417000,31.257300, 32, 22,0
87381,2007-02-20 01:33:41,121.417800,31.264100, 50,  0,0
87381,2007-02-20 01:34:42,121.419500,31.266500, 42, 45,0
87381,2007-02-20 01:35:43,121.422600,31.267000, 30, 45,0
87381,2007-02-20 01:36:44,121.429100,31.268100, 22, 45,0
87381,2007-02-20 01:37:45,121.433100,31.268800, 50, 45,0
87381,2007-02-20 01:38:46,121.436000,31.269500,  0, 67,0
87381,2007-02-20 01:39:47,121.436000,31.269500,  0, 67,0
87381,2007-02-20 01:40:48,121.436000,31.269500,  0,  0,0
87381,2007-02-20 01:41:49,121.436000,31.269500,  0,  0,0
87381,2007-02-20 01:42:50,121.436600,31.269500,  0, 22,0
87381,2007-02-20 01:43:51,121.432100,31.271500, 38,157,0
87381,2007-02-20 01:45:31,121.427000,31.274500, 38,157,0
87381,2007-02-20 01:47:11,121.418800,31.283600, 42,157,0
87381,2007-02-20 01:48:12,121.418600,31.288300, 38,  0,0
87381,2007-02-20 01:49:13,121.419000,31.291000, 36,  0,0
87381,2007-02-20 01:51:15,121.418000,31.299300, 36,157,0
87381,2007-02-20 01:52:16,121.414000,31.303000, 44,  0,0
87381,2007-02-20 01:53:17,121.413600,31.304500, 20,157,0
87381,2007-02-20 01:54:18,121.411500,31.304500,  0,  0,0
87381,2007-02-20 01:55:19,121.411500,31.304500,  0,  0,0
87381,2007-02-20 01:56:20,121.411500,31.304500,  0,  0,0
87381,2007-02-20 01:57:17,121.411500,31.304500,  0,  0,0
87381,2007-02-20 01:58:18,121.411500,31.304500,  0,  0,0
87381,2007-02-20 02:00:20,121.411500,31.304500,  0,  0,0
87381,2007-02-20 02:01:21,121.411500,31.304500,  0,  0,0
87381,2007-02-20 02:02:21,121.411500,31.304500,  0,  0,0
87381,2007-02-20 02:03:23,121.411500,31.304500,  0,  0,0
87381,2007-02-20 02:04:24,121.411500,31.304500,  0,  0,0
87381,2007-02-20 02:05:25,121.411500,31.304500,  0,  0,0
87381,2007-02-20 02:07:26,121.411500,31.304500,  0,  0,0
87381,2007-02-20 02:08:28,121.411500,31.304500,  0,  0,0
87381,2007-02-20 02:09:29,121.411500,31.304500,  0,  0,0
87381,2007-02-20 02:10:30,121.411500,31.304500,  0,  0,0
87381,2007-02-20 02:12:31,121.411500,31.304500,  0,  0,0
87381,2007-02-20 02:13:33,121.410100,31.304300, 28,135,0
87381,2007-02-20 02:14:34,121.406800,31.305600, 36,  0,0
87381,2007-02-20 02:15:35,121.404600,31.309800, 40,135,0
87381,2007-02-20 02:16:36,121.399100,31.309600, 16,  0,0
87381,2007-02-20 02:17:36,121.398800,31.310800,  0, 90,0
87381,2007-02-20 02:18:38,121.398800,31.310800,  0, 90,0
87381,2007-02-20 02:19:39,121.398800,31.310800,  0, 90,0
87381,2007-02-20 02:20:40,121.398800,31.310800,  0, 90,0
87381,2007-02-20 02:22:41,121.398600,31.311300, 38,157,0
87381,2007-02-20 02:23:43,121.394000,31.313600, 44,135,0
87381,2007-02-20 02:24:44,121.388000,31.313100, 74,135,0
87381,2007-02-20 02:25:45,121.380800,31.312800, 52,135,0
87381,2007-02-20 02:26:46,121.376500,31.313800,  8,135,0
87381,2007-02-20 02:27:46,121.378600,31.312600, 44, 45,0
87381,2007-02-20 05:05:30,121.399000,31.310800,  0, 67,0
87381,2007-02-20 05:06:30,121.399000,31.310800,  0, 67,0
87381,2007-02-20 05:07:31,121.399000,31.310800,  0, 67,0
87381,2007-02-20 05:09:33,121.399000,31.310800,  0, 67,0
87381,2007-02-20 05:10:50,121.399000,31.310800,  0, 67,0
87381,2007-02-20 05:11:51,121.399000,31.310800,  0, 67,0
87381,2007-02-20 05:13:53,121.399000,31.310800,  0, 67,0
87381,2007-02-20 05:14:54,121.399000,31.310800,  0, 67,0
87381,2007-02-20 05:15:55,121.399000,31.310800,  0, 67,0
87381,2007-02-20 05:16:56,121.399000,31.310800,  0, 67,0
87381,2007-02-20 05:17:57,121.399000,31.310800,  0, 67,0
87381,2007-02-20 05:18:58,121.399000,31.310800,  0, 67,0
87381,2007-02-20 05:19:59,121.399000,31.310800,  0, 67,0
87381,2007-02-20 05:21:00,121.399000,31.310800,  0, 67,0
87381,2007-02-20 05:22:01,121.399000,31.310800,  0, 67,0
87381,2007-02-20 05:23:02,121.399000,31.310800,  0, 67,0
87381,2007-02-20 05:24:03,121.399000,31.310800,  0, 67,0
87381,2007-02-20 05:25:04,121.399000,31.310800,  0, 67,0
87381,2007-02-20 05:26:05,121.399000,31.310800,  0, 67,0
87381,2007-02-20 05:27:06,121.399000,31.310800,  0, 67,0
87381,2007-02-20 05:28:07,121.399000,31.310800,  0, 67,0
87381,2007-02-20 05:29:08,121.399000,31.310800,  0, 67,0
87381,2007-02-20 05:30:09,121.399000,31.310800,  0, 67,0
87381,2007-02-20 05:31:10,121.399000,31.310800,  0, 67,0
87381,2007-02-20 05:32:11,121.399000,31.310800,  0, 67,0
87381,2007-02-20 05:34:13,121.399000,31.310800,  0, 67,0
87381,2007-02-20 05:35:14,121.399000,31.310800,  0, 67,0
87381,2007-02-20 05:36:15,121.399000,31.310800,  0, 67,0
87381,2007-02-20 05:37:16,121.399000,31.310800,  0, 67,0
87381,2007-02-20 05:38:17,121.399000,31.310800,  0, 67,0
87381,2007-02-20 05:39:18,121.399000,31.310800,  0, 67,0
87381,2007-02-20 05:44:30,121.399000,31.310800,  0, 67,0
87381,2007-02-20 05:45:31,121.399000,31.310800,  0, 67,0
87381,2007-02-20 05:46:32,121.399000,31.310800,  0, 67,0
87381,2007-02-20 05:47:33,121.399000,31.310800,  0, 67,0
87381,2007-02-20 05:48:34,121.399000,31.310800,  0, 67,0
87381,2007-02-20 05:49:35,121.399000,31.310800,  0, 67,0
87381,2007-02-20 05:50:36,121.399000,31.310800,  0, 67,0
87381,2007-02-20 05:51:37,121.399000,31.310800,  0, 67,0
87381,2007-02-20 05:52:38,121.399000,31.310800,  0, 67,0
87381,2007-02-20 05:53:39,121.399000,31.310800,  0, 67,0
87381,2007-02-20 05:54:40,121.399000,31.310800,  0, 67,0
87381,2007-02-20 05:56:42,121.399000,31.310800,  0, 67,0
87381,2007-02-20 05:57:43,121.399000,31.310800,  0, 67,0
87381,2007-02-20 05:58:44,121.399000,31.310800,  0, 67,0
87381,2007-02-20 05:59:45,121.399000,31.310800,  0, 67,0
87381,2007-02-20 06:00:46,121.399000,31.310800,  0, 67,0
87381,2007-02-20 06:01:47,121.399000,31.310800,  0, 67,0
87381,2007-02-20 06:02:48,121.399000,31.310800,  0, 67,0
87381,2007-02-20 06:03:49,121.399000,31.310800,  0, 67,0
87381,2007-02-20 06:04:50,121.399000,31.310800,  0, 67,0
87381,2007-02-20 06:05:51,121.399000,31.310800,  0, 67,0
87381,2007-02-20 06:06:52,121.399000,31.310800,  0, 67,0
87381,2007-02-20 06:07:53,121.399000,31.310800,  0, 67,0
87381,2007-02-20 06:08:54,121.399000,31.310800,  0, 67,0
87381,2007-02-20 06:09:55,121.399000,31.310800,  0, 67,0
87381,2007-02-20 06:10:56,121.399000,31.310800,  0, 67,0
87381,2007-02-20 06:11:57,121.399000,31.310800,  0, 67,0
87381,2007-02-20 06:12:58,121.399000,31.310800,  0, 67,0
87381,2007-02-20 06:13:59,121.399000,31.310800,  0, 67,0
87381,2007-02-20 06:15:00,121.399000,31.310800,  0, 67,0
87381,2007-02-20 06:16:01,121.399000,31.310800,  0, 67,0
87381,2007-02-20 06:17:02,121.399000,31.310800,  0, 67,0
87381,2007-02-20 06:18:03,121.399000,31.310800,  0, 67,0
87381,2007-02-20 06:19:04,121.399000,31.310800,  0, 67,0
87381,2007-02-20 06:20:05,121.399000,31.310800,  0, 67,0
87381,2007-02-20 06:21:06,121.399000,31.310800,  0, 67,0
87381,2007-02-20 06:23:08,121.399000,31.310800,  0, 67,0
87381,2007-02-20 06:24:09,121.399000,31.310800,  0, 67,0
87381,2007-02-20 06:25:10,121.399000,31.310800,  0, 67,0
87381,2007-02-20 06:26:11,121.399000,31.310800,  0, 67,0
87381,2007-02-20 06:27:12,121.399000,31.310800,  0, 67,0
87381,2007-02-20 06:28:14,121.399000,31.310800,  0, 67,0
87381,2007-02-20 06:29:14,121.399000,31.310800,  0, 67,0
87381,2007-02-20 06:30:15,121.399000,31.310800,  0, 67,0
87381,2007-02-20 06:31:16,121.399000,31.310800,  0, 67,0
87381,2007-02-20 06:32:17,121.399000,31.310800,  0, 67,0
87381,2007-02-20 06:33:18,121.399000,31.310800,  0, 67,0
87381,2007-02-20 06:34:19,121.399000,31.310800,  0, 67,0
87381,2007-02-20 06:35:20,121.399000,31.310800,  0, 67,0
87381,2007-02-20 06:36:22,121.399000,31.310800,  0, 67,0
87381,2007-02-20 06:37:23,121.399000,31.310800,  0, 67,0
87381,2007-02-20 06:38:24,121.399000,31.310800,  0, 67,0
87381,2007-02-20 06:39:25,121.398800,31.310300, 22, 90,0
87381,2007-02-20 06:40:25,121.401600,31.309500, 34, 45,0
87381,2007-02-20 06:41:27,121.407800,31.308800, 52, 67,0
87381,2007-02-20 06:42:28,121.409800,31.298300, 60, 90,0
87381,2007-02-20 06:43:29,121.411800,31.295000, 56, 67,0
87381,2007-02-20 06:44:30,121.414500,31.290000, 24, 90,0
87381,2007-02-20 06:45:30,121.411000,31.289600,  0,135,0
87381,2007-02-20 06:46:32,121.411100,31.285600, 46,135,0
87381,2007-02-20 06:47:33,121.406000,31.285300, 36,135,0
87381,2007-02-20 06:48:34,121.403000,31.285100,  8, 45,0
87381,2007-02-20 06:48:41,121.403500,31.285100, 28, 45,1
87381,2007-02-20 06:50:43,121.406500,31.278100,  0, 90,1
87381,2007-02-20 06:51:44,121.405800,31.272500, 78, 90,1
87381,2007-02-20 06:52:45,121.405300,31.268100,  0, 90,1
87381,2007-02-20 06:53:45,121.404500,31.262300, 46, 90,1
87381,2007-02-20 06:54:47,121.400800,31.258000, 62, 90,1
87381,2007-02-20 06:55:48,121.402300,31.252800,  0, 90,1
87381,2007-02-20 06:56:49,121.402300,31.252800,  0, 90,1
87381,2007-02-20 06:57:50,121.402300,31.252800, 16, 90,1
87381,2007-02-20 06:58:50,121.399500,31.250500, 48,112,1
87381,2007-02-20 06:59:52,121.397500,31.247300, 46, 90,1
87381,2007-02-20 07:00:18,121.397500,31.245000,  0, 90,0
87381,2007-02-20 07:01:19,121.397600,31.244800,  0,  0,0
87381,2007-02-20 07:01:25,121.397600,31.245000, 18,  0,1
87381,2007-02-20 07:02:25,121.403800,31.247300, 14, 45,1
87381,2007-02-20 07:03:27,121.404100,31.247300,  0, 22,1
87381,2007-02-20 07:04:28,121.404100,31.247500, 18,  0,1
87381,2007-02-20 07:05:29,121.403100,31.252600, 36, 45,1
87381,2007-02-20 07:06:30,121.412300,31.254800, 70, 45,1
87381,2007-02-20 07:07:30,121.416500,31.257000,  0, 22,1
87381,2007-02-20 07:08:32,121.417300,31.259100, 50,  0,1
87381,2007-02-20 07:09:33,121.418300,31.266300, 26, 22,1
87381,2007-02-20 07:11:35,121.426100,31.267600, 40, 45,1
87381,2007-02-20 07:12:35,121.429000,31.268000, 24, 45,1
87381,2007-02-20 07:13:15,121.430600,31.268300,  0, 45,0
87381,2007-02-20 07:14:15,121.432000,31.265800, 38, 67,0
87381,2007-02-20 07:15:17,121.430600,31.262000, 44,112,0
87381,2007-02-20 07:16:18,121.428500,31.267300, 44,  0,0
87381,2007-02-20 07:17:19,121.426500,31.267600, 32,135,0
87381,2007-02-20 07:18:20,121.421500,31.266600, 42,135,0
87381,2007-02-20 07:19:20,121.416600,31.266600, 18,135,0
87381,2007-02-20 07:20:22,121.414100,31.267500, 32,  0,0
87381,2007-02-20 07:21:23,121.414300,31.272600, 24,157,0
87381,2007-02-20 07:22:24,121.415800,31.278500, 44,  0,0
87381,2007-02-20 07:24:25,121.416000,31.281500, 20,135,0
87381,2007-02-20 07:25:27,121.411600,31.282800, 54,  0,0
87381,2007-02-20 07:29:49,121.391500,31.283800, 26,135,0
87381,2007-02-20 07:30:50,121.387500,31.284100, 22,135,0
87381,2007-02-20 07:31:50,121.383100,31.284800, 16,135,0
87381,2007-02-20 07:32:52,121.379800,31.285300, 22,135,0
87381,2007-02-20 07:33:53,121.376000,31.285600, 18,112,0
87381,2007-02-20 07:34:54,121.374600,31.285600,  0,135,0
87381,2007-02-20 07:35:55,121.374000,31.283500, 52, 90,0
87381,2007-02-20 07:36:50,121.373300,31.278800, 18, 90,1
87381,2007-02-20 07:37:50,121.372500,31.273600,  0, 90,1
87381,2007-02-20 07:38:52,121.372000,31.271300, 62, 90,1
87381,2007-02-20 07:39:53,121.370500,31.262100, 58, 90,1
87381,2007-02-20 07:40:54,121.367800,31.254000, 62, 90,1
87381,2007-02-20 07:41:55,121.366600,31.250800, 46, 90,1
87381,2007-02-20 07:42:55,121.363800,31.243100,  0, 90,1
87381,2007-02-20 07:43:57,121.362300,31.239300, 62, 90,1
87381,2007-02-20 07:44:58,121.362600,31.235100, 48, 67,1
87381,2007-02-20 07:45:59,121.367600,31.232800, 54, 67,1
87381,2007-02-20 07:47:00,121.373000,31.230000, 38, 90,1
87381,2007-02-20 07:48:00,121.371500,31.220500, 64, 90,1
87381,2007-02-20 07:49:02,121.371300,31.218100,  0, 90,1
87381,2007-02-20 07:50:03,121.374800,31.217600, 48, 45,1
87381,2007-02-20 07:50:33,121.376600,31.217600,  0, 45,0
87381,2007-02-20 07:51:34,121.376500,31.217600,  0, 45,0
87381,2007-02-20 07:52:35,121.373500,31.217600, 44,135,0
87381,2007-02-20 07:53:35,121.371800,31.217800, 22,135,0
87381,2007-02-20 07:54:37,121.368000,31.218800, 14,135,0
87381,2007-02-20 07:55:38,121.363500,31.219500, 16,157,0
87381,2007-02-20 07:56:39,121.360100,31.221800,  0,135,0
87381,2007-02-20 07:57:40,121.359800,31.218600, 42, 90,0
87381,2007-02-20 07:58:40,121.359600,31.215300, 32, 90,0
87381,2007-02-20 07:59:42,121.360300,31.211800, 40, 90,0
87381,2007-02-20 08:00:43,121.362000,31.210100, 34, 45,0
87381,2007-02-20 08:01:44,121.365800,31.209800, 44, 45,0
87381,2007-02-20 08:02:45,121.373000,31.209300, 26, 45,0
87381,2007-02-20 08:03:45,121.380600,31.208600, 56, 45,0
87381,2007-02-20 08:04:47,121.386300,31.206000, 38, 90,0
87381,2007-02-20 08:05:48,121.387500,31.201500,  0, 90,0
87381,2007-02-20 08:06:49,121.387500,31.201500,  0, 90,0
87381,2007-02-20 08:07:50,121.388300,31.198800, 32, 90,0
87381,2007-02-20 08:08:50,121.386300,31.196300, 32,112,0
87381,2007-02-20 08:09:52,121.389500,31.195000, 18, 67,0
87381,2007-02-20 08:10:53,121.394000,31.193600, 32, 45,0
87381,2007-02-20 08:11:54,121.399300,31.193300, 16, 90,0
87381,2007-02-20 08:12:55,121.399500,31.190500, 18, 45,0
87381,2007-02-20 08:13:55,121.407000,31.190300, 46, 45,0
87381,2007-02-20 08:14:57,121.409100,31.185300, 56, 90,0
87381,2007-02-20 08:15:58,121.409600,31.182600,  2, 90,0
87381,2007-02-20 08:16:59,121.411000,31.177100,  8, 90,0
87381,2007-02-20 08:18:00,121.412500,31.173300, 54, 90,0
87381,2007-02-20 08:19:00,121.416500,31.173000, 28, 45,0
87381,2007-02-20 08:20:02,121.417500,31.176500, 48,157,0
87381,2007-02-20 08:21:03,121.415800,31.179800, 14,  0,0
87381,2007-02-20 08:22:04,121.415800,31.179800,  0,157,0
87381,2007-02-20 08:23:05,121.415800,31.179800,  0,157,0
87381,2007-02-20 08:24:05,121.415800,31.179800,  0,157,0
87381,2007-02-20 08:25:07,121.415800,31.181300, 22,  0,0
87381,2007-02-20 08:26:08,121.415800,31.181800,  0, 90,0
87381,2007-02-20 08:27:09,121.415800,31.181800,  0, 90,0
87381,2007-02-20 08:27:45,121.415800,31.181300, 20, 90,1
87381,2007-02-20 08:28:47,121.416600,31.177600,  0, 90,1
87381,2007-02-20 08:29:48,121.419100,31.173800,  0, 90,1
87381,2007-02-20 08:30:49,121.420100,31.170100, 42, 90,1
87381,2007-02-20 08:31:50,121.420100,31.166500, 26,135,1
87381,2007-02-20 08:32:50,121.414500,31.166300,  0,112,1
87381,2007-02-20 08:33:52,121.414300,31.166100, 28, 90,1
87381,2007-02-20 08:34:53,121.415600,31.158600,  4, 67,1
87381,2007-02-20 08:35:54,121.417000,31.157000,  0, 67,1
87381,2007-02-20 08:36:55,121.418300,31.155300, 40, 67,1
87381,2007-02-20 08:37:55,121.419000,31.154300,  0, 67,1
87381,2007-02-20 08:38:57,121.421300,31.151500, 62, 67,1
87381,2007-02-20 08:39:58,121.423500,31.148600,  0, 67,1
87381,2007-02-20 08:40:59,121.424300,31.144000,  0, 90,1
87381,2007-02-20 08:42:00,121.424300,31.144000,  0, 90,1
87381,2007-02-20 08:43:00,121.425500,31.141800,  0, 67,1
87381,2007-02-20 08:44:02,121.427500,31.138300, 18, 90,1
87381,2007-02-20 08:45:03,121.429500,31.136000,  0, 67,1
87381,2007-02-20 08:46:04,121.431100,31.136300, 52, 45,1
87381,2007-02-20 08:47:05,121.433300,31.136800,  8, 22,1
87381,2007-02-20 08:47:17,121.433500,31.136800,  0,  0,0
87381,2007-02-20 08:48:18,121.435500,31.136800, 36, 90,0
87381,2007-02-20 08:49:19,121.435300,31.134000, 24,135,0
87381,2007-02-20 08:51:20,121.424100,31.135600, 42,  0,0
87381,2007-02-20 08:52:22,121.422600,31.139000, 26,  0,0
87381,2007-02-20 08:53:23,121.421100,31.142500,  0,  0,0
87381,2007-02-20 08:54:24,121.421100,31.142500,  0,  0,0
87381,2007-02-20 08:55:25,121.417500,31.141500, 24,112,0
87381,2007-02-20 08:56:25,121.411500,31.139100, 44,135,0
87381,2007-02-20 08:57:27,121.406500,31.143500, 74,157,0
87381,2007-02-20 08:58:28,121.405600,31.148800,  0, 45,0
87381,2007-02-20 08:59:29,121.407500,31.150800,  0,  0,0
87381,2007-02-20 09:00:05,121.407600,31.150600, 16, 90,1
87381,2007-02-20 09:01:05,121.405100,31.148600, 50,135,1
87381,2007-02-20 09:03:07,121.406600,31.142300, 20, 90,1
87381,2007-02-20 09:04:08,121.400300,31.137000, 58,112,1
87381,2007-02-20 09:05:09,121.399600,31.136000,  0, 90,1
87381,2007-02-20 09:06:09,121.397600,31.134000, 22,112,1
87381,2007-02-20 09:07:11,121.392100,31.128500, 70,112,1
87381,2007-02-20 09:08:12,121.390800,31.127800,  0, 90,1
87381,2007-02-20 09:09:13,121.390800,31.127800,  4, 67,1
87381,2007-02-20 09:10:14,121.393000,31.127000, 18,112,1
87381,2007-02-20 09:11:14,121.389000,31.122300,  0, 90,1
87381,2007-02-20 09:11:31,121.389000,31.122300,  0, 90,0
87381,2007-02-20 09:12:32,121.389800,31.123100, 34, 22,0
87381,2007-02-20 09:13:33,121.393600,31.124000,  4, 45,0
87381,2007-02-20 09:16:36,121.401500,31.123300,  0, 22,0
87381,2007-02-20 09:17:37,121.404300,31.123500, 38, 45,0
87381,2007-02-20 09:18:38,121.405300,31.124600, 44,  0,0
87381,2007-02-20 09:19:39,121.401800,31.127300, 46,  0,0
87381,2007-02-20 09:20:39,121.401600,31.129500, 38,  0,0
87381,2007-02-20 09:21:41,121.400500,31.133500, 40,157,0
87381,2007-02-20 09:22:42,121.397500,31.133600, 26,112,0
87381,2007-02-20 09:23:43,121.396100,31.132500,  0,112,0
87381,2007-02-20 09:24:44,121.390500,31.127500, 28,135,0
87381,2007-02-20 09:25:44,121.386100,31.126100, 30, 90,0
87381,2007-02-20 09:26:46,121.384100,31.123800, 20,135,0
87381,2007-02-20 09:27:47,121.384100,31.126300, 24, 22,0
87381,2007-02-20 09:28:48,121.387000,31.127300,  6,  0,0
87381,2007-02-20 09:29:49,121.385100,31.129600, 54,  0,0
87381,2007-02-20 09:30:49,121.385100,31.134100, 40, 45,0
87381,2007-02-20 09:31:51,121.390300,31.135300, 14, 45,0
87381,2007-02-20 09:32:52,121.393300,31.136000, 28, 45,0
87381,2007-02-20 09:33:53,121.396100,31.136600, 24, 90,0
87381,2007-02-20 09:34:54,121.396300,31.134100, 18, 67,0
87381,2007-02-20 09:35:19,121.396600,31.133600, 18, 67,1
87381,2007-02-20 09:36:19,121.397500,31.133800,  0, 67,1
87381,2007-02-20 09:37:19,121.400100,31.134100, 52, 67,1
87381,2007-02-20 09:38:21,121.401500,31.129100, 14, 90,1
87381,2007-02-20 09:39:22,121.409300,31.129800, 66, 45,1
87381,2007-02-20 09:41:24,121.416500,31.131000, 34, 45,1
87381,2007-02-20 09:42:25,121.420500,31.131600, 30, 45,1
87381,2007-02-20 09:43:07,121.423500,31.132100,  0, 45,0
87381,2007-02-20 09:44:08,121.425300,31.132800, 32,  0,0
87381,2007-02-20 09:45:09,121.423600,31.136600,  0,  0,0
87381,2007-02-20 09:46:10,121.418000,31.135500, 46,112,0
87381,2007-02-20 09:47:11,121.415500,31.137300, 16,157,0
87381,2007-02-20 09:48:12,121.412100,31.135800, 10,112,0
87381,2007-02-20 09:49:13,121.408600,31.139500, 56,157,0
87381,2007-02-20 09:50:14,121.405600,31.141500, 82,112,0
87381,2007-02-20 09:51:15,121.400000,31.136100,  0,112,0
87381,2007-02-20 09:52:16,121.399500,31.135500, 42,112,0
87381,2007-02-20 09:53:17,121.396800,31.135000, 12,112,0
87381,2007-02-20 09:54:18,121.396500,31.133800,  6, 67,0
87381,2007-02-20 09:55:19,121.396500,31.133800,  0, 67,0
87381,2007-02-20 09:56:20,121.396600,31.134000,  0, 67,0
87381,2007-02-20 09:56:33,121.396600,31.134000,  8, 67,1
87381,2007-02-20 09:57:34,121.398600,31.134300, 40, 22,1
87381,2007-02-20 09:58:35,121.399100,31.135000,  0,135,1
87381,2007-02-20 09:59:36,121.400000,31.135600, 14, 22,1
87381,2007-02-20 10:00:08,121.399000,31.137100,  0,  0,0
87381,2007-02-20 10:01:08,121.399300,31.135300, 32, 90,0
87381,2007-02-20 10:02:09,121.396300,31.134800, 26,112,0
87381,2007-02-20 10:03:10,121.396500,31.134000,  0, 67,0
87381,2007-02-20 10:04:11,121.396600,31.134300,  0, 67,0
87381,2007-02-20 10:05:12,121.396600,31.134100,  0, 67,0
87381,2007-02-20 10:06:13,121.396800,31.134300,  0, 67,0
87381,2007-02-20 10:07:14,121.396800,31.134300,  0, 67,0
87381,2007-02-20 10:08:15,121.396800,31.134300,  0, 67,0
87381,2007-02-20 10:08:23,121.396800,31.134300, 10, 67,1
87381,2007-02-20 10:09:23,121.396300,31.136600, 48,  0,1
87381,2007-02-20 10:10:24,121.398000,31.137800,  0, 22,1
87381,2007-02-20 10:11:25,121.401800,31.142600, 58,  0,1
87381,2007-02-20 10:12:26,121.400000,31.147500,  0,  0,1
87381,2007-02-20 10:13:27,121.398500,31.151300, 62,  0,1
87381,2007-02-20 10:14:28,121.396600,31.156000, 60,  0,1
87381,2007-02-20 10:15:29,121.394300,31.162300, 44,  0,1
87381,2007-02-20 10:16:30,121.390300,31.169600, 76,  0,1
87381,2007-02-20 10:17:31,121.391800,31.174100, 34,157,1
87381,2007-02-20 10:18:18,121.391000,31.177000,  0, 45,0
87381,2007-02-20 10:19:19,121.391000,31.177000,  6, 90,0
87381,2007-02-20 10:20:20,121.388300,31.176600, 38,135,0
87381,2007-02-20 10:21:21,121.382300,31.175500, 30,135,0
87381,2007-02-20 10:22:22,121.381000,31.178500,  0,  0,0
87381,2007-02-20 10:23:23,121.381000,31.178500,  0,  0,0
87381,2007-02-20 10:24:24,121.377300,31.177800, 42,135,0
87381,2007-02-20 10:25:25,121.371800,31.176300, 14,112,0
87381,2007-02-20 10:26:26,121.373000,31.172300, 46, 67,0
87381,2007-02-20 10:27:27,121.375500,31.167000, 16, 67,0
87381,2007-02-20 10:28:28,121.377000,31.163500,  0, 67,0
87381,2007-02-20 10:29:29,121.377300,31.159500,  0, 90,0
87381,2007-02-20 10:30:30,121.377300,31.159500,  0, 90,0
87381,2007-02-20 10:31:31,121.377300,31.158300, 18, 90,0
87381,2007-02-20 10:32:32,121.378100,31.152000, 48, 90,0
87381,2007-02-20 10:33:33,121.379500,31.147600, 24, 90,0
87381,2007-02-20 10:34:40,121.380500,31.144300, 54, 90,1
87381,2007-02-20 10:35:41,121.381300,31.141500,  0, 90,1
87381,2007-02-20 10:36:42,121.382000,31.139800, 44, 90,1
87381,2007-02-20 10:37:43,121.382600,31.137500,  0, 90,1
87381,2007-02-20 10:38:44,121.385500,31.134100, 46, 45,1
87381,2007-02-20 10:41:47,121.396600,31.135000, 18,112,1
87381,2007-02-20 10:42:12,121.396100,31.134500,  0,112,0
87381,2007-02-20 10:43:13,121.396300,31.134100, 14, 67,0
87381,2007-02-20 10:44:14,121.396600,31.133800,  0, 45,0
87381,2007-02-20 10:45:15,121.396600,31.133800,  0, 45,0
87381,2007-02-20 10:46:16,121.396600,31.133800,  0, 45,0
87381,2007-02-20 10:46:20,121.396600,31.133800, 12, 67,1
87381,2007-02-20 10:47:20,121.395800,31.137100, 20,135,1
87381,2007-02-20 10:48:21,121.389800,31.135100, 18,135,1
87381,2007-02-20 10:49:22,121.386600,31.134100,  6, 22,1
87381,2007-02-20 10:50:21,121.387500,31.134500,  0, 22,0
87381,2007-02-20 10:51:22,121.387000,31.134100, 16,135,0
87381,2007-02-20 10:52:23,121.386300,31.132300, 28,112,0
87381,2007-02-20 10:53:24,121.384000,31.133600, 30,  0,0
87381,2007-02-20 10:54:25,121.389500,31.135100, 24, 45,0
87381,2007-02-20 10:55:26,121.392800,31.135800,  0, 45,0
87381,2007-02-20 10:56:27,121.396000,31.136800, 10, 90,0
87381,2007-02-20 10:57:28,121.396100,31.134100,  0, 67,0
87381,2007-02-20 10:58:29,121.396300,31.134000,  0, 67,0
87381,2007-02-20 10:59:06,121.396500,31.133800, 12, 67,1
87381,2007-02-20 11:00:06,121.397500,31.133800, 14, 67,1
87381,2007-02-20 11:01:07,121.401300,31.131300, 58, 90,1
87381,2007-02-20 11:02:08,121.402500,31.126000, 40, 45,1
87381,2007-02-20 11:03:09,121.408300,31.124100,  0, 67,1
87381,2007-02-20 11:04:10,121.412800,31.123100, 46, 67,1
87381,2007-02-20 11:05:19,121.415300,31.123000, 16, 22,0
87381,2007-02-20 11:06:19,121.419500,31.125000, 26, 22,0
87381,2007-02-20 11:07:20,121.417500,31.128100, 52,157,0
87381,2007-02-20 11:08:21,121.414000,31.133100,  0,157,0
87381,2007-02-20 11:09:22,121.412100,31.132800, 44,112,0
87381,2007-02-20 11:10:23,121.407000,31.132100,  0,135,0
87381,2007-02-20 11:11:24,121.403800,31.133000, 20,157,0
87381,2007-02-20 11:12:03,121.403600,31.133500, 24,  0,1
87381,2007-02-20 11:13:03,121.405800,31.135500, 36, 45,1
87381,2007-02-20 11:14:04,121.407800,31.138100, 28, 45,1
87381,2007-02-20 11:15:05,121.409100,31.138600, 18, 22,1
87381,2007-02-20 11:16:06,121.408600,31.144000, 58, 22,1
87381,2007-02-20 11:17:07,121.414800,31.149600, 46, 22,1
87381,2007-02-20 11:18:08,121.419100,31.153600,  0, 22,1
87381,2007-02-20 11:19:09,121.419100,31.153600,  0, 22,1
87381,2007-02-20 11:20:10,121.423600,31.158100, 52, 22,1
87381,2007-02-20 11:21:11,121.424300,31.158600,  0, 22,1
87381,2007-02-20 11:22:12,121.427500,31.161800, 70, 22,1
87381,2007-02-20 11:23:13,121.430100,31.172500, 46,  0,1
87381,2007-02-20 11:24:14,121.431000,31.178500, 32,  0,1
87381,2007-02-20 11:25:15,121.432000,31.187100, 28,  0,1
87381,2007-02-20 11:26:16,121.432300,31.189500, 52,  0,1
87381,2007-02-20 11:28:16,121.438600,31.202000, 56, 22,1
87381,2007-02-20 11:30:18,121.443500,31.208500,  0,  0,1
87381,2007-02-20 11:31:19,121.444500,31.209800, 46, 22,1
87381,2007-02-20 11:32:20,121.445000,31.213800,  0,  0,1
87381,2007-02-20 11:33:21,121.445000,31.213800,  0,  0,1
87381,2007-02-20 11:34:22,121.443600,31.217500,  0,  0,1
87381,2007-02-20 11:35:23,121.442500,31.219600, 38,157,1
87381,2007-02-20 11:36:24,121.440800,31.224100,  4,  0,1
87381,2007-02-20 11:37:25,121.440600,31.224600,  0,  0,1
87381,2007-02-20 11:38:26,121.436800,31.227000,  8,157,1
87381,2007-02-20 11:39:27,121.434300,31.227300, 52,135,1
87381,2007-02-20 11:40:28,121.430300,31.227100,  0,157,1
87381,2007-02-20 11:41:29,121.429800,31.227500,  0,157,1
87381,2007-02-20 11:42:31,121.427100,31.229000, 36,157,1
87381,2007-02-20 11:43:31,121.425100,31.230100, 12,157,1
87381,2007-02-20 11:44:21,121.423100,31.232100,  0,  0,0
87381,2007-02-20 11:45:21,121.423100,31.232100,  8,  0,0
87381,2007-02-20 11:46:22,121.423800,31.234000, 54,112,0
87381,2007-02-20 11:47:23,121.420600,31.231100, 24,112,0
87381,2007-02-20 11:48:24,121.419600,31.230500,  0,112,0
87381,2007-02-20 11:49:25,121.419600,31.230500,  0,112,0
87381,2007-02-20 11:51:27,121.420000,31.223100, 36,112,0
87381,2007-02-20 11:52:28,121.415800,31.221000, 38,135,0
87381,2007-02-20 11:53:29,121.411800,31.220100,  0,135,0
87381,2007-02-20 11:54:30,121.411800,31.220100,  0,135,0
87381,2007-02-20 11:55:32,121.402000,31.219100, 64,135,0
87381,2007-02-20 11:56:33,121.394100,31.219000, 42, 90,0
87381,2007-02-20 11:57:34,121.394800,31.217100, 24, 90,0
87381,2007-02-20 11:58:34,121.395800,31.212000, 10, 90,0
87381,2007-02-20 11:59:36,121.392800,31.211600,  0,135,0
87381,2007-02-20 11:59:47,121.392500,31.211600, 22,135,1
87381,2007-02-20 12:00:48,121.391600,31.214600, 40, 45,1
87381,2007-02-20 12:01:49,121.399500,31.212800, 62, 45,1
87381,2007-02-20 12:02:49,121.403300,31.212000, 36, 45,1
87381,2007-02-20 12:08:22,121.443300,31.223000, 90, 45,1
87381,2007-02-20 12:09:23,121.456100,31.225800, 80, 45,1
87381,2007-02-20 12:10:24,121.469600,31.228300, 80, 22,1
87381,2007-02-20 12:11:24,121.479100,31.233000, 44, 22,1
87381,2007-02-20 12:12:26,121.480800,31.232300,  0,112,1
87381,2007-02-20 12:13:27,121.483500,31.233100,  0, 45,1
87381,2007-02-20 12:14:28,121.484000,31.233300, 14,157,1
87381,2007-02-20 12:15:29,121.481100,31.236300, 40,  0,1
87381,2007-02-20 12:16:29,121.480100,31.239100,  0,  0,1
87381,2007-02-20 12:17:31,121.479300,31.242100, 28,  0,1
87381,2007-02-20 12:18:42,121.477600,31.246500,  0,  0,0
87381,2007-02-20 12:19:43,121.477500,31.246800, 12,  0,0
87381,2007-02-20 12:20:44,121.477000,31.248800,  0,157,0
87381,2007-02-20 12:21:44,121.474500,31.249000, 46,112,0
87381,2007-02-20 12:23:47,121.467300,31.247100, 10,135,0
87381,2007-02-20 12:24:48,121.463300,31.246300, 62,135,0
87381,2007-02-20 12:25:49,121.456300,31.247600, 46,135,0
87381,2007-02-20 12:26:49,121.452000,31.248000,  0,112,0
87381,2007-02-20 12:27:51,121.449500,31.247800,  0,157,0
87381,2007-02-20 12:28:52,121.449500,31.247800,  0,157,0
87381,2007-02-20 12:30:54,121.439500,31.250000, 16,  0,0
87381,2007-02-20 12:32:56,121.432100,31.248500, 24,112,0
87381,2007-02-20 12:33:57,121.430000,31.246800,  0,112,0
87381,2007-02-20 12:34:19,121.430000,31.246800, 18, 90,1
87381,2007-02-20 12:35:19,121.434000,31.244500, 38, 67,1
87381,2007-02-20 12:36:21,121.434600,31.244100, 12, 45,1
87381,2007-02-20 12:37:22,121.437300,31.242300, 34, 67,1
87381,2007-02-20 12:38:23,121.439000,31.239500, 26, 67,1
87381,2007-02-20 12:39:24,121.442600,31.235600, 44, 67,1
87381,2007-02-20 12:40:24,121.445000,31.233000, 26, 67,1
87381,2007-02-20 12:41:26,121.444600,31.230000,  0, 90,1
87381,2007-02-20 12:42:27,121.442800,31.227300, 22, 90,1
87381,2007-02-20 12:43:28,121.442600,31.225500, 26,112,1
87381,2007-02-20 12:44:29,121.440800,31.224600,  0,112,1
87381,2007-02-20 12:45:29,121.440600,31.223300,  0, 90,1
87381,2007-02-20 12:46:31,121.440600,31.223100,  6, 90,1
87381,2007-02-20 12:47:32,121.443300,31.218100, 14, 90,1
87381,2007-02-20 12:48:33,121.444000,31.216100, 56, 90,1
87381,2007-02-20 12:49:24,121.444800,31.212300,  0,135,0
87381,2007-02-20 12:50:26,121.443800,31.212300,  0,135,0
87381,2007-02-20 12:51:27,121.440300,31.210300, 56,112,0
87381,2007-02-20 12:53:24,121.442000,31.211300, 50, 22,1
87381,2007-02-20 12:54:26,121.444300,31.210500,  8, 45,1
87381,2007-02-20 12:55:27,121.445300,31.211000,  0, 22,1
87381,2007-02-20 12:56:03,121.444800,31.211300, 12,135,0
87381,2007-02-20 12:57:04,121.442500,31.211500,  8,157,0
87381,2007-02-20 12:58:04,121.437100,31.208300, 14,112,0
87381,2007-02-20 12:59:06,121.433300,31.205800,  0, 90,0
87381,2007-02-20 13:00:07,121.431100,31.204500, 42,112,0
87381,2007-02-20 13:01:08,121.425500,31.203600,  0,135,0
87381,2007-02-20 13:02:09,121.419500,31.205600, 66,157,0
87381,2007-02-20 13:05:39,121.401800,31.208000,  0,  0,0
87381,2007-02-20 13:06:41,121.402500,31.210500,  0,  0,0
87381,2007-02-20 13:07:42,121.397000,31.211600, 64,135,0
87381,2007-02-20 13:08:43,121.389100,31.211800, 54,135,0
87381,2007-02-20 13:09:44,121.379600,31.212000, 34, 90,0
87381,2007-02-20 13:10:44,121.376300,31.209500,  0,135,0
87381,2007-02-20 13:11:46,121.376300,31.209500, 18,135,0
87381,2007-02-20 13:12:47,121.372000,31.209600, 38,135,0
87381,2007-02-20 13:13:48,121.367100,31.210000,  0,135,0
87381,2007-02-20 13:14:49,121.363500,31.210100, 36,135,0
87381,2007-02-20 13:15:49,121.357000,31.210600, 50,135,0
87381,2007-02-20 13:16:51,121.347600,31.211500, 52,135,0
87381,2007-02-20 13:18:53,121.339100,31.219100, 20,135,0
87381,2007-02-20 13:19:54,121.338600,31.219600,  0, 45,0
87381,2007-02-20 13:20:54,121.338600,31.219600,  0, 45,0
87381,2007-02-20 13:22:57,121.338600,31.219600,  0, 45,0
87381,2007-02-20 13:23:58,121.338600,31.219600,  0, 45,0
87381,2007-02-20 13:24:59,121.338600,31.219600,  0, 45,0
87381,2007-02-20 13:25:19,121.338600,31.219600,  0, 45,0
87381,2007-02-20 13:26:21,121.338600,31.219600,  0, 45,0
87381,2007-02-20 13:27:22,121.338600,31.219600,  0, 45,0
87381,2007-02-20 13:28:23,121.338600,31.219600,  0, 45,0
87381,2007-02-20 13:29:24,121.338600,31.219600,  0, 45,0
87381,2007-02-20 13:31:06,121.338600,31.219600,  0, 45,0
87381,2007-02-20 13:32:07,121.338600,31.219600,  0, 45,0
87381,2007-02-20 13:33:08,121.338600,31.219600,  0, 45,0
87381,2007-02-20 13:34:09,121.338600,31.219600,  0, 45,0
87381,2007-02-20 13:35:09,121.338600,31.219600,  0, 45,0
87381,2007-02-20 13:36:11,121.338600,31.219600,  0, 45,0
87381,2007-02-20 13:37:11,121.338600,31.219600,  0, 45,0
87381,2007-02-20 13:38:12,121.338600,31.219600,  0, 45,0
87381,2007-02-20 13:39:13,121.338600,31.219600,  0, 45,0
87381,2007-02-20 13:40:13,121.338600,31.219600,  0, 45,0
87381,2007-02-20 13:41:15,121.338600,31.219600,  0, 45,0
87381,2007-02-20 13:42:16,121.338600,31.219600,  0, 45,0
87381,2007-02-20 13:43:17,121.338600,31.219600,  0, 45,0
87381,2007-02-20 13:44:18,121.338600,31.219600,  0, 45,0
87381,2007-02-20 13:45:18,121.338600,31.219600,  0, 45,0
87381,2007-02-20 13:46:20,121.338600,31.219600,  0, 45,0
87381,2007-02-20 13:47:21,121.338600,31.219600,  0, 45,0
87381,2007-02-20 13:48:22,121.338600,31.219600,  0, 45,0
87381,2007-02-20 13:50:23,121.338600,31.219600,  0, 45,0
87381,2007-02-20 13:51:25,121.338600,31.219600,  0, 45,0
87381,2007-02-20 13:52:26,121.338600,31.219600,  0, 45,0
87381,2007-02-20 13:53:27,121.338600,31.219600,  0, 45,0
87381,2007-02-20 13:54:28,121.338600,31.219600,  0, 45,0
87381,2007-02-20 13:55:28,121.338600,31.219600,  0, 45,0
87381,2007-02-20 13:56:30,121.338600,31.219600,  0, 45,0
87381,2007-02-20 13:58:32,121.338600,31.219500,  0, 67,0
87381,2007-02-20 13:59:33,121.338600,31.219500,  0, 67,0
87381,2007-02-20 14:00:33,121.338600,31.219500,  0, 67,0
87381,2007-02-20 14:01:35,121.338600,31.219500,  0, 67,0
87381,2007-02-20 14:02:36,121.338300,31.219500,  0, 90,0
87381,2007-02-20 14:03:37,121.338300,31.219500, 10, 90,0
87381,2007-02-20 14:04:38,121.339600,31.217600, 30, 90,0
87381,2007-02-20 14:05:18,121.339600,31.216300, 14, 90,1
87381,2007-02-20 14:06:18,121.342500,31.212800, 54, 45,1
87381,2007-02-20 14:07:20,121.349000,31.209500, 44, 90,1
87381,2007-02-20 14:08:21,121.350800,31.202300, 52, 90,1
87381,2007-02-20 14:09:22,121.351500,31.198000, 34, 90,1
87381,2007-02-20 14:10:23,121.352300,31.190800, 44, 90,1
87381,2007-02-20 14:11:23,121.352600,31.189100,  0, 90,1
87381,2007-02-20 14:12:25,121.353000,31.186600, 52, 90,1
87381,2007-02-20 14:13:26,121.347800,31.183300,  0,135,1
87381,2007-02-20 14:14:27,121.349100,31.179500, 40, 90,1
87381,2007-02-20 14:15:28,121.350100,31.175000, 42,112,1
87381,2007-02-20 14:16:22,121.346300,31.173500,  0,135,0
87381,2007-02-20 14:17:22,121.344800,31.172800, 36,112,0
87381,2007-02-20 14:18:23,121.344000,31.170800,  0,  0,0
87381,2007-02-20 14:19:03,121.343800,31.171000, 20,157,1
87381,2007-02-20 14:20:03,121.341000,31.175500, 40,157,1
87381,2007-02-20 14:21:05,121.342300,31.179800, 64, 22,1
87381,2007-02-20 14:22:06,121.348100,31.183300, 50, 45,1
87381,2007-02-20 14:23:07,121.352500,31.184600,  0, 22,1
87381,2007-02-20 14:24:08,121.353300,31.187800, 24,  0,1
87381,2007-02-20 14:26:10,121.349300,31.211000,106,  0,1
87381,2007-02-20 14:27:11,121.343800,31.225100,100,  0,1
87381,2007-02-20 14:28:12,121.342800,31.237600, 86,  0,1
87381,2007-02-20 14:29:13,121.347000,31.250600,102, 22,1
87381,2007-02-20 14:30:13,121.353600,31.263800, 98, 22,1
87381,2007-02-20 14:31:15,121.355100,31.278100,106,  0,1
87381,2007-02-20 14:32:16,121.356000,31.290000, 66, 22,1
87381,2007-02-20 14:33:17,121.370600,31.289100,104, 45,1
87381,2007-02-20 14:35:18,121.400300,31.288800, 70, 45,1
87381,2007-02-20 14:36:20,121.406300,31.289100,  0, 45,1
87381,2007-02-20 14:38:00,121.414500,31.289500,  0, 45,1
87381,2007-02-20 14:39:01,121.419800,31.289800, 72, 45,1
87381,2007-02-20 14:40:02,121.424500,31.290500, 54, 45,1
87381,2007-02-20 14:41:03,121.427100,31.288500,  0, 90,1
87381,2007-02-20 14:42:03,121.427300,31.287300, 52, 90,1
87381,2007-02-20 14:43:05,121.426100,31.283500, 14,135,1
87381,2007-02-20 14:43:08,121.426000,31.283500,  2,157,0
87381,2007-02-20 14:44:48,121.426100,31.283500, 10, 45,0
87381,2007-02-20 14:45:48,121.428300,31.282500, 38, 67,0
87381,2007-02-20 14:46:50,121.427500,31.278800,  0,112,0
87381,2007-02-20 14:48:33,121.422000,31.273800, 24,112,0
87381,2007-02-20 14:49:33,121.418300,31.270100, 24, 90,0
87381,2007-02-20 14:50:35,121.418000,31.267100,  0, 90,0
87381,2007-02-20 14:51:36,121.418000,31.265000, 28, 90,0
87381,2007-02-20 14:52:37,121.417300,31.258300, 44, 90,0
87381,2007-02-20 14:53:38,121.414800,31.256100,  0,112,0
87381,2007-02-20 14:54:38,121.409100,31.254100, 38,135,0
87381,2007-02-20 14:55:40,121.403000,31.252800,  0,135,0
87381,2007-02-20 14:56:41,121.403000,31.252800,  0,135,0
87381,2007-02-20 14:57:42,121.401600,31.251600, 24,135,0
87381,2007-02-20 14:58:43,121.397300,31.250100,  6, 90,0
87381,2007-02-20 14:59:07,121.397300,31.250000, 14, 90,1
87381,2007-02-20 15:00:07,121.397500,31.247000, 16, 90,1
87381,2007-02-20 15:01:08,121.400500,31.246600, 54, 45,1
87381,2007-02-20 15:02:08,121.407500,31.247100, 28, 45,1
87381,2007-02-20 15:03:10,121.413100,31.244500, 18, 67,1
87381,2007-02-20 15:04:11,121.414600,31.243300, 20, 67,1
87381,2007-02-20 15:05:12,121.419100,31.245800, 30, 22,1
87381,2007-02-20 15:06:13,121.427000,31.251000, 74, 22,1
87381,2007-02-20 15:07:13,121.434300,31.256600, 52, 22,1
87381,2007-02-20 15:08:15,121.442800,31.259300, 58, 45,1
87381,2007-02-20 15:09:56,121.449500,31.260800,  0, 45,1
87381,2007-02-20 15:10:56,121.450100,31.260800, 30, 45,1
87381,2007-02-20 15:11:57,121.456100,31.262300,  0,157,1
87381,2007-02-20 15:13:58,121.460600,31.264000,  0, 45,1
87381,2007-02-20 15:15:00,121.460500,31.264000,  0, 45,1
87381,2007-02-20 15:16:01,121.463500,31.265000, 20, 22,1
87381,2007-02-20 15:17:02,121.466100,31.267000, 30, 22,1
87381,2007-02-20 15:18:03,121.466800,31.267600,  0, 22,1
87381,2007-02-20 15:19:03,121.465000,31.269500,  0,157,1
87381,2007-02-20 15:19:05,121.465000,31.269500,  0,157,0
87381,2007-02-20 15:20:06,121.464100,31.270500, 30,157,0
87381,2007-02-20 15:22:08,121.459800,31.269800, 14,112,0
87381,2007-02-20 15:23:09,121.460600,31.265600, 46, 67,0
87381,2007-02-20 15:24:10,121.461100,31.264600,  0, 67,0
87381,2007-02-20 15:25:11,121.461100,31.264600, 10, 67,0
87381,2007-02-20 15:26:12,121.462800,31.258500, 20, 90,0
87381,2007-02-20 15:27:13,121.464000,31.255500,  0, 90,0
87381,2007-02-20 15:28:13,121.464500,31.253300, 50, 90,0
87381,2007-02-20 15:29:15,121.466100,31.247300,  0, 90,0
87381,2007-02-20 15:30:16,121.466600,31.244500, 42, 90,0
87381,2007-02-20 15:32:18,121.469500,31.237300, 40, 90,0
87381,2007-02-20 15:33:19,121.469500,31.236000, 10, 90,0
87381,2007-02-20 15:34:20,121.469000,31.234800,  0,135,0
87381,2007-02-20 15:34:31,121.469000,31.234600, 10,112,1
87381,2007-02-20 15:35:31,121.468100,31.234500,  0,112,1
87381,2007-02-20 15:36:32,121.467100,31.234800, 26,112,1
87381,2007-02-20 15:37:33,121.466000,31.233300,  0, 90,1
87381,2007-02-20 15:38:34,121.465600,31.233100, 18,135,1
87381,2007-02-20 15:39:35,121.462500,31.232800,  0,135,1
87381,2007-02-20 15:40:36,121.463100,31.227300, 60, 67,1
87381,2007-02-20 15:41:37,121.464100,31.226300,  0,135,1
87381,2007-02-20 15:42:38,121.466000,31.224600, 32, 67,1
87381,2007-02-20 15:43:39,121.466300,31.219100, 38, 90,1
87381,2007-02-20 15:44:40,121.467500,31.212100, 74, 67,1
87381,2007-02-20 15:45:41,121.471000,31.203100, 42, 90,1
87381,2007-02-20 15:46:42,121.468500,31.197800, 66,112,1
87381,2007-02-20 15:47:43,121.458300,31.192300, 76,112,1
87381,2007-02-20 15:49:45,121.446600,31.187500,  6,112,1
87381,2007-02-20 15:50:46,121.441600,31.183800, 32,112,1
87381,2007-02-20 15:51:47,121.440100,31.182600,  0,112,1
87381,2007-02-20 15:52:48,121.440100,31.182600,  0,112,1
87381,2007-02-20 15:53:27,121.438800,31.181600,  0,112,0
87381,2007-02-20 15:54:27,121.437800,31.181000, 36,112,0
87381,2007-02-20 15:55:28,121.433300,31.181000, 38,157,0
87381,2007-02-20 15:56:29,121.431600,31.184000, 24,  0,0
87381,2007-02-20 15:57:30,121.432500,31.189800, 48,  0,0
87381,2007-02-20 15:58:31,121.433800,31.194600, 16,  0,0
87381,2007-02-20 16:00:11,121.436000,31.196000,  6, 67,0
87381,2007-02-20 16:01:11,121.436100,31.195800,  0, 90,0
87381,2007-02-20 16:02:03,121.436100,31.195800,  8, 67,1
87381,2007-02-20 16:03:04,121.437500,31.191600, 16, 67,1
87381,2007-02-20 16:04:05,121.441100,31.192800,  0, 22,1
87381,2007-02-20 16:05:06,121.447500,31.196100,  0, 22,1
87381,2007-02-20 16:06:07,121.447500,31.196100, 12, 22,1
87381,2007-02-20 16:07:08,121.451000,31.198000, 32,157,1
87381,2007-02-20 16:07:30,121.450500,31.198800,  0,  0,0
87381,2007-02-20 16:08:30,121.450100,31.199600, 32,157,0
87381,2007-02-20 16:09:31,121.448800,31.202000, 24,157,0
87381,2007-02-20 16:10:32,121.445500,31.201300, 30,135,0
87381,2007-02-20 16:11:33,121.440300,31.199100,  0,112,0
87381,2007-02-20 16:12:34,121.439800,31.199000, 28,112,0
87381,2007-02-20 16:13:35,121.436000,31.196500, 18,112,0
87381,2007-02-20 16:14:36,121.437100,31.194000, 20, 67,0
87381,2007-02-20 16:15:21,121.437500,31.193000, 22, 90,1
87381,2007-02-20 16:16:22,121.437300,31.192000, 24, 90,1
87381,2007-02-20 16:17:23,121.438000,31.188300,  0, 90,1
87381,2007-02-20 16:18:44,121.440000,31.182800, 22, 90,1
87381,2007-02-20 16:19:45,121.440100,31.181500, 36, 90,1
87381,2007-02-20 16:20:46,121.443800,31.175500, 40, 67,1
87381,2007-02-20 16:21:47,121.441000,31.172600,  0,112,1
87381,2007-02-20 16:22:48,121.440300,31.170100, 60, 90,1
87381,2007-02-20 16:23:49,121.444300,31.160800, 34, 67,1
87381,2007-02-20 16:24:50,121.445500,31.158600, 16, 22,1
87381,2007-02-20 16:25:51,121.447300,31.156100, 40, 90,1
87381,2007-02-20 16:26:52,121.447500,31.155500, 20, 67,1
87381,2007-02-20 16:27:53,121.451100,31.153300,  8, 67,1
87381,2007-02-20 16:27:59,121.451100,31.153300,  0, 67,0
87381,2007-02-20 16:29:00,121.451100,31.153300,  0, 67,0
87381,2007-02-20 16:30:01,121.451100,31.154600, 16, 22,0
87381,2007-02-20 16:31:02,121.452500,31.153100, 12, 45,0
87381,2007-02-20 16:32:03,121.453000,31.153300,  0, 22,0
87381,2007-02-20 16:33:04,121.453000,31.153300,  0, 22,0
87381,2007-02-20 16:34:05,121.453000,31.153300,  0, 22,0
87381,2007-02-20 16:35:06,121.453000,31.153300,  0, 22,0
87381,2007-02-20 16:36:07,121.453100,31.154100, 10,135,0
87381,2007-02-20 16:37:15,121.451000,31.153800, 26,  0,1
87381,2007-02-20 16:38:15,121.450800,31.155600, 24,  0,1
87381,2007-02-20 16:39:16,121.449500,31.159000,  0,135,1
87381,2007-02-20 16:40:17,121.448500,31.159000, 30,135,1
87381,2007-02-20 16:41:18,121.446500,31.161300, 30,  0,1
87381,2007-02-20 16:42:19,121.443800,31.162100, 12,135,1
87381,2007-02-20 16:43:20,121.440800,31.168500, 52,  0,1
87381,2007-02-20 16:45:22,121.443800,31.173500, 50, 45,1
87381,2007-02-20 16:46:23,121.446100,31.174100,  0, 45,1
87381,2007-02-20 16:48:25,121.447800,31.175100,  6,  0,1
87381,2007-02-20 16:49:26,121.448300,31.178500, 40,  0,1
87381,2007-02-20 16:51:28,121.447100,31.185300, 26,157,1
87381,2007-02-20 16:52:29,121.448000,31.187600, 40, 45,1
87381,2007-02-20 16:53:30,121.455300,31.190300, 46, 22,1
87381,2007-02-20 16:54:31,121.462300,31.194800, 54, 22,1
87381,2007-02-20 16:55:32,121.469100,31.197800, 48, 45,1
87381,2007-02-20 16:56:33,121.472100,31.201300, 42,  0,1
87381,2007-02-20 16:57:34,121.469300,31.208100, 60,  0,1
87381,2007-02-20 16:58:35,121.465800,31.216300, 54,  0,1
87381,2007-02-20 16:59:36,121.466600,31.224100, 50,157,1
87381,2007-02-20 17:00:37,121.469100,31.228000, 42, 22,1
87381,2007-02-20 17:01:38,121.476300,31.231600, 50, 22,1
87381,2007-02-20 17:02:39,121.478000,31.232500, 10,135,1
87381,2007-02-20 17:03:40,121.493300,31.251300,  4, 22,1
87381,2007-02-20 17:05:42,121.570300,31.330800,  0, 22,1
87381,2007-02-20 17:06:43,121.501800,31.237600, 20, 67,1
87381,2007-02-20 17:07:44,121.502800,31.235500, 32, 90,1
87381,2007-02-20 17:08:45,121.502500,31.234100,  8, 90,1
87381,2007-02-20 17:09:46,121.502100,31.233800,  0,135,1
87381,2007-02-20 17:10:47,121.502300,31.234500,  0, 90,1
87381,2007-02-20 17:11:48,121.502300,31.234800,  0, 90,1
87381,2007-02-20 17:12:49,121.502600,31.235000,  8,135,1
87381,2007-02-20 17:13:50,121.500800,31.234500,  8,135,1
87381,2007-02-20 17:14:27,121.500500,31.234000,  0, 90,0
87381,2007-02-20 17:15:27,121.500800,31.234300, 16, 45,0
87381,2007-02-20 17:16:28,121.503800,31.235100, 22, 22,0
87381,2007-02-20 17:17:29,121.506600,31.236100, 14, 45,0
87381,2007-02-20 17:18:03,121.506300,31.235500,  8, 90,1
87381,2007-02-20 17:19:04,121.507500,31.232000,  0, 67,1
87381,2007-02-20 17:20:05,121.506800,31.230600, 14,  0,1
87381,2007-02-20 17:21:06,121.509800,31.234000, 36, 45,1
87381,2007-02-20 17:22:07,121.512000,31.231300,  8,112,1
87381,2007-02-20 17:23:08,121.513500,31.231100, 18, 22,1
87381,2007-02-20 17:24:09,121.520500,31.234300, 52, 45,1
87381,2007-02-20 17:25:10,121.527100,31.238100, 34, 22,1
87381,2007-02-20 17:28:13,121.544100,31.247800, 42, 22,1
87381,2007-02-20 17:29:05,121.559500,31.249300,  0,157,0
87381,2007-02-20 17:30:05,121.559500,31.249300,  0,157,0
87381,2007-02-20 17:31:31,121.558100,31.250800,  0,  0,1
87381,2007-02-20 17:32:32,121.554300,31.254500, 38,157,1
87381,2007-02-20 17:33:33,121.552100,31.256500, 30,157,1
87381,2007-02-20 17:34:34,121.551600,31.257000,  0,157,1
87381,2007-02-20 17:35:35,121.551500,31.257000, 16,157,1
87381,2007-02-20 17:36:36,121.545800,31.251500, 54,112,1
87381,2007-02-20 17:37:37,121.538500,31.247300, 58,135,1
87381,2007-02-20 17:38:38,121.533000,31.245100,  0, 90,1
87381,2007-02-20 17:39:39,121.526300,31.243300, 34,135,1
87381,2007-02-20 17:41:41,121.525100,31.243000,  0,112,1
87381,2007-02-20 17:42:42,121.526300,31.240100, 44, 67,1
87381,2007-02-20 17:43:43,121.526300,31.232800, 34,135,1
87381,2007-02-20 17:44:44,121.518300,31.232100, 50,135,1
87381,2007-02-20 17:45:45,121.514000,31.230800,  0,112,1
87381,2007-02-20 17:46:46,121.513500,31.230600, 28,135,1
87381,2007-02-20 17:47:15,121.512600,31.230000,  0,135,0
87381,2007-02-20 17:48:16,121.512500,31.229300,  0,112,0
87381,2007-02-20 17:49:17,121.511800,31.229300, 32,135,0
87381,2007-02-20 17:50:18,121.508600,31.228100, 46,112,0
87381,2007-02-20 17:51:19,121.506500,31.227300,  0,112,0
87381,2007-02-20 17:52:20,121.493100,31.223300, 40,157,0
87381,2007-02-20 17:53:21,121.485800,31.223600, 24,135,0
87381,2007-02-20 17:53:50,121.485800,31.222500, 24, 67,0
87381,2007-02-20 17:54:50,121.487600,31.217800, 36, 90,0
87381,2007-02-20 17:56:52,121.485500,31.214300,  2,135,0
87381,2007-02-20 17:57:53,121.485100,31.214100, 10,112,0
87381,2007-02-20 17:58:54,121.486600,31.210600, 16,112,0
87381,2007-02-20 18:00:56,121.479600,31.208600, 28,135,0
87381,2007-02-20 18:01:57,121.473300,31.205800, 10,135,0
87381,2007-02-20 18:02:58,121.471300,31.204800, 36,135,0
87381,2007-02-20 18:03:59,121.471000,31.205000,  0,135,0
87381,2007-02-20 18:06:01,121.463800,31.203100,  0,112,0
87381,2007-02-20 18:07:02,121.460500,31.201300, 32,112,0
87381,2007-02-20 18:08:03,121.457500,31.200100,  0,135,0
87381,2007-02-20 18:09:04,121.458500,31.196800, 38, 67,0
87381,2007-02-20 18:10:04,121.459300,31.196100,  8, 22,0
87381,2007-02-20 18:11:05,121.459300,31.196100,  0, 22,0
87381,2007-02-20 18:12:06,121.459300,31.196100,  0, 22,0
87381,2007-02-20 18:13:07,121.459300,31.196100,  0, 22,0
87381,2007-02-20 18:14:08,121.458500,31.196800, 28,157,0
87381,2007-02-20 18:15:09,121.457500,31.199500,  4,  0,0
87381,2007-02-20 18:16:10,121.454100,31.199000, 12,112,0
87381,2007-02-20 18:17:11,121.451500,31.197800,  0,112,0
87381,2007-02-20 18:18:12,121.450600,31.198500, 44,157,0
87381,2007-02-20 18:19:13,121.449000,31.201600,  0,  0,0
87381,2007-02-20 18:21:15,121.440100,31.199300,  0,112,0
87381,2007-02-20 18:22:16,121.438000,31.198000, 44,112,0
87381,2007-02-20 18:23:17,121.436100,31.195500,  0, 45,0
87381,2007-02-20 18:23:26,121.436300,31.195300, 20, 67,1
87381,2007-02-20 18:24:27,121.437500,31.192100,  0,112,1
87381,2007-02-20 18:25:28,121.437300,31.191600, 20,112,1
87381,2007-02-20 18:26:29,121.432800,31.191100,  0,157,1
87381,2007-02-20 18:27:30,121.425800,31.191600, 32,135,1
87381,2007-02-20 18:28:31,121.423000,31.187100, 34,112,1
87381,2007-02-20 18:29:32,121.421800,31.185000,  0, 90,1
87381,2007-02-20 18:31:34,121.419600,31.180300, 32,112,1
87381,2007-02-20 18:32:35,121.414800,31.177500, 36,135,1
87381,2007-02-20 18:33:36,121.410600,31.178600, 36,  0,1
87381,2007-02-20 18:34:37,121.409800,31.181600,  4,  0,1
87381,2007-02-20 18:35:07,121.410100,31.182100,  0, 45,0
87381,2007-02-20 18:36:08,121.410100,31.182100,  0, 67,0
87381,2007-02-20 18:37:09,121.409600,31.182300,  0,  0,0
87381,2007-02-20 18:38:10,121.409300,31.184800, 46,  0,0
87381,2007-02-20 18:39:11,121.407800,31.188300, 34,135,0
87381,2007-02-20 18:40:12,121.400800,31.186600, 28,135,0
87381,2007-02-20 18:41:13,121.395500,31.184800, 44,112,0
87381,2007-02-20 18:43:15,121.387600,31.181500, 36,112,0
87381,2007-02-20 18:44:16,121.383500,31.179300, 34,135,0
87381,2007-02-20 18:45:17,121.377600,31.177800, 34,135,0
87381,2007-02-20 18:46:18,121.371600,31.176100,  6,112,0
87381,2007-02-20 18:47:19,121.372100,31.174000, 30, 90,0
87381,2007-02-20 18:48:05,121.373000,31.172100, 16, 67,1
87381,2007-02-20 18:49:05,121.376100,31.165500, 58, 67,1
87381,2007-02-20 18:50:06,121.377100,31.162600, 36, 90,1
87381,2007-02-20 18:52:08,121.377500,31.155500, 30, 90,1
87381,2007-02-20 18:53:09,121.378000,31.152600, 32, 90,1
87381,2007-02-20 18:54:10,121.381100,31.154000, 26, 45,1
87381,2007-02-20 18:55:31,121.381500,31.152300, 10,112,0
87381,2007-02-20 18:56:32,121.380000,31.151500, 22, 90,0
87381,2007-02-20 18:57:33,121.381000,31.151500,  0, 45,0
87381,2007-02-20 18:58:34,121.379300,31.152800, 24,135,0
87381,2007-02-20 18:59:35,121.378500,31.151000, 30, 90,0
87381,2007-02-20 19:01:37,121.381100,31.142300,  0, 90,0
87381,2007-02-20 19:01:51,121.381100,31.142100, 12, 67,1
87381,2007-02-20 19:02:51,121.382500,31.138000, 46, 90,1
87381,2007-02-20 19:03:52,121.383500,31.134800, 46, 90,1
87381,2007-02-20 19:05:54,121.392800,31.135800, 20, 45,1
87381,2007-02-20 19:07:50,121.396000,31.134300,  0, 67,0
87381,2007-02-20 19:10:52,121.396100,31.134100,  0, 67,0
87381,2007-02-20 19:11:53,121.396300,31.134000,  0, 67,0
87381,2007-02-20 19:12:54,121.396300,31.134000,  0, 67,0
87381,2007-02-20 19:13:55,121.396500,31.133800,  0, 67,0
87381,2007-02-20 19:14:03,121.396500,31.133600, 14, 67,1
87381,2007-02-20 19:15:03,121.397300,31.133800,  0, 45,1
87381,2007-02-20 19:16:04,121.399100,31.134800,  0, 22,1
87381,2007-02-20 19:17:05,121.403000,31.138500, 52, 22,1
87381,2007-02-20 19:18:06,121.408100,31.143800, 48,157,1
87381,2007-02-20 19:19:07,121.403100,31.151800, 78,  0,1
87381,2007-02-20 19:20:08,121.399000,31.161600, 76,  0,1
87381,2007-02-20 19:21:09,121.393500,31.171600, 84,157,1
87381,2007-02-20 19:22:10,121.390800,31.181600, 50,  0,1
87381,2007-02-20 19:23:11,121.390600,31.182300,  0,  0,1
87381,2007-02-20 19:24:12,121.389300,31.185800, 74,  0,1
87381,2007-02-20 19:25:13,121.385600,31.193800, 20, 22,1
87381,2007-02-20 19:26:14,121.389600,31.195000,  0,  0,1
87381,2007-02-20 19:27:15,121.389000,31.197300,  0,  0,1
87381,2007-02-20 19:28:16,121.389000,31.197300,  0,  0,1
87381,2007-02-20 19:28:17,121.389000,31.197300,  0,  0,0
87381,2007-02-20 19:29:17,121.388800,31.197600,  0,  0,0
87381,2007-02-20 19:30:18,121.388500,31.198300, 20,  0,0
87381,2007-02-20 19:31:19,121.388500,31.198500,  0,  0,0
87381,2007-02-20 19:32:20,121.388500,31.198600, 12,  0,0
87381,2007-02-20 19:33:21,121.392600,31.201100, 50, 22,0
87381,2007-02-20 19:36:24,121.394600,31.193800, 22, 67,0
87381,2007-02-20 19:37:25,121.400100,31.193300, 20, 45,0
87381,2007-02-20 19:39:27,121.404100,31.189800, 42, 90,0
87381,2007-02-20 19:40:28,121.404300,31.187500,  0, 90,0
87381,2007-02-20 19:41:29,121.407500,31.188100, 36, 45,0
87381,2007-02-20 19:42:30,121.408500,31.188500, 16, 45,0
87381,2007-02-20 19:43:31,121.409800,31.180800, 62, 90,0
87381,2007-02-20 19:44:32,121.410600,31.178300, 42, 90,0
87381,2007-02-20 19:44:51,121.411000,31.177500, 14, 90,1
87381,2007-02-20 19:45:51,121.411600,31.175500, 46, 90,1
87381,2007-02-20 19:46:52,121.414800,31.172600, 42, 45,1
87381,2007-02-20 19:47:53,121.417100,31.173100,  6,135,1
87381,2007-02-20 19:48:54,121.417000,31.173000,  0,135,1
87381,2007-02-20 19:49:55,121.415800,31.172800, 36,135,1
87381,2007-02-20 19:50:56,121.411800,31.175000, 40,  0,1
87381,2007-02-20 19:51:57,121.411600,31.175500,  0,  0,1
87381,2007-02-20 19:52:58,121.410600,31.178800,  0,  0,1
87381,2007-02-20 19:55:00,121.410600,31.181800,  4, 22,1
87381,2007-02-20 19:55:18,121.410800,31.182100,  0, 45,0
87381,2007-02-20 19:56:18,121.410500,31.181800, 16,135,0
87381,2007-02-20 19:57:19,121.409800,31.181000, 30, 90,0
87381,2007-02-20 19:58:20,121.410800,31.178000, 38, 90,0
87381,2007-02-20 19:59:21,121.412500,31.173100, 22, 90,0
87381,2007-02-20 20:00:22,121.413600,31.169300, 40, 90,0
87381,2007-02-20 20:01:23,121.410000,31.166800,  0,112,0
87381,2007-02-20 20:02:01,121.410100,31.166800, 16, 45,1
87381,2007-02-20 20:03:01,121.413600,31.168500,  0, 22,1
87381,2007-02-20 20:04:02,121.415500,31.168800, 46, 45,1
87381,2007-02-20 20:05:03,121.420600,31.167100, 26, 67,1
87381,2007-02-20 20:05:25,121.421800,31.167100,  0, 45,0
87381,2007-02-20 20:06:25,121.422800,31.167300, 22, 45,0
87381,2007-02-20 20:07:07,121.423300,31.167300, 16, 45,1
87381,2007-02-20 20:08:07,121.429100,31.167300, 40, 45,1
87381,2007-02-20 20:09:08,121.430000,31.169500,  0,  0,1
87381,2007-02-20 20:10:09,121.430100,31.171100, 46,  0,1
87381,2007-02-20 20:11:10,121.431100,31.179500, 76,  0,1
87381,2007-02-20 20:12:11,121.432100,31.187600, 36,  0,1
87381,2007-02-20 20:13:12,121.433800,31.194100, 26,  0,1
87381,2007-02-20 20:13:29,121.433800,31.194100,  0,  0,0
87381,2007-02-20 20:14:29,121.434000,31.194800, 24,  0,0
87381,2007-02-20 20:15:30,121.435000,31.195500,  4, 22,0
87381,2007-02-20 20:16:31,121.436100,31.196000,  0, 90,0
87381,2007-02-20 20:17:15,121.436300,31.195600, 16, 67,1
87381,2007-02-20 20:18:15,121.437600,31.192000,  0,135,1
87381,2007-02-20 20:19:16,121.439500,31.192500, 52, 45,1
87381,2007-02-20 20:20:17,121.446800,31.195600, 50, 22,1
87381,2007-02-20 20:21:18,121.450100,31.192800, 16, 67,1
87381,2007-02-20 20:22:19,121.450500,31.192000,  0, 67,1
87381,2007-02-20 20:22:37,121.450500,31.192000,  0, 67,0
87381,2007-02-20 20:23:38,121.451600,31.189000,  0, 90,0
87381,2007-02-20 20:24:39,121.451600,31.189000,  0, 90,0
87381,2007-02-20 20:25:40,121.452100,31.188600, 14, 45,0
87381,2007-02-20 20:25:41,121.452300,31.188800, 18, 22,1
87381,2007-02-20 20:26:41,121.457100,31.191300, 52, 22,1
87381,2007-02-20 20:27:42,121.459500,31.195100, 24,157,1
87381,2007-02-20 20:28:43,121.459500,31.198800, 18, 22,1
87381,2007-02-20 20:29:44,121.460500,31.200800, 12,157,1
87381,2007-02-20 20:30:45,121.463000,31.202800,  0, 45,1
87381,2007-02-20 20:31:46,121.468800,31.204500, 60, 45,1
87381,2007-02-20 20:32:47,121.470100,31.204800,  0, 45,1
87381,2007-02-20 20:33:49,121.471100,31.205600, 14, 45,1
87381,2007-02-20 20:34:50,121.469100,31.210800, 18,  0,1
87381,2007-02-20 20:35:50,121.466100,31.217100, 60,  0,1
87381,2007-02-20 20:36:51,121.467100,31.223000,  6,  0,1
87381,2007-02-20 20:37:52,121.464100,31.226600, 56,157,1
87381,2007-02-20 20:38:54,121.462000,31.235000, 68,  0,1
87381,2007-02-20 20:39:54,121.458300,31.243100, 34,  0,1
87381,2007-02-20 20:40:55,121.458500,31.249800, 30,  0,1
87381,2007-02-20 20:41:57,121.459100,31.256600, 40,  0,1
87381,2007-02-20 20:42:57,121.459500,31.263500, 54, 22,1
87381,2007-02-20 20:43:59,121.467800,31.269000, 58, 22,1
87381,2007-02-20 20:45:00,121.473300,31.275600, 42,  0,1
87381,2007-02-20 20:46:52,121.476600,31.276600, 14, 45,1
87381,2007-02-20 20:47:54,121.480300,31.277500, 24, 22,1
87381,2007-02-20 20:48:55,121.484800,31.278300,  6, 45,1
87381,2007-02-20 20:49:56,121.486600,31.275100, 52, 67,1
87381,2007-02-20 20:50:31,121.488100,31.272500,  0, 67,0
87381,2007-02-20 20:51:32,121.488800,31.269600, 32,112,0
87381,2007-02-20 20:53:34,121.484800,31.263100,  0, 90,0
87381,2007-02-20 20:54:35,121.484800,31.263100,  0, 90,0
87381,2007-02-20 20:55:36,121.484000,31.259800, 36, 90,0
87381,2007-02-20 20:56:37,121.482800,31.254800, 32,112,0
87381,2007-02-20 20:58:39,121.475300,31.252000, 10,112,0
87381,2007-02-20 20:59:40,121.473600,31.252000, 32,135,0
87381,2007-02-20 21:00:41,121.468600,31.250300, 42,112,0
87381,2007-02-20 21:01:42,121.464000,31.247300, 16,112,0
87381,2007-02-20 21:02:42,121.458500,31.247100, 24,157,0
87381,2007-02-20 21:03:44,121.451600,31.247800, 42,135,0
87381,2007-02-20 21:04:45,121.451500,31.247800,  0,135,0
87381,2007-02-20 21:05:40,121.451000,31.247800, 26,135,1
87381,2007-02-20 21:06:41,121.445500,31.247300, 56,135,1
87381,2007-02-20 21:07:42,121.440600,31.246500,  0,135,1
87381,2007-02-20 21:09:44,121.433600,31.242800, 54,112,1
87381,2007-02-20 21:11:46,121.431000,31.240500,  0,112,1
87381,2007-02-20 21:12:47,121.428000,31.239100,  0,112,1
87381,2007-02-20 21:13:47,121.426500,31.237800, 28, 90,1
87381,2007-02-20 21:14:49,121.425100,31.235800,  0,112,1
87381,2007-02-20 21:15:50,121.420300,31.239100, 20,157,1
87381,2007-02-20 21:16:51,121.419000,31.240100,  2,157,1
87381,2007-02-20 21:17:52,121.419000,31.240100,  0,157,1
87381,2007-02-20 21:21:12,121.415300,31.243100,  0,157,1
87381,2007-02-20 21:23:55,121.404000,31.248300,  0,  0,0
87381,2007-02-20 21:24:46,121.403600,31.248800, 14,157,1
87381,2007-02-20 21:25:47,121.403000,31.251500,  0,  0,1
87381,2007-02-20 21:26:47,121.403000,31.251500,  0,  0,1
87381,2007-02-20 21:27:49,121.402600,31.253100, 34,  0,1
87381,2007-02-20 21:28:50,121.401100,31.257300, 28,  0,1
87381,2007-02-20 21:29:51,121.400300,31.259600, 18,  0,1
87381,2007-02-20 21:30:52,121.405000,31.263300, 46,  0,1
87381,2007-02-20 21:31:52,121.407600,31.266100, 54, 67,1
87381,2007-02-20 21:32:54,121.410300,31.265600,  0, 45,1
87381,2007-02-20 21:33:55,121.411000,31.267600, 40,  0,1
87381,2007-02-20 21:34:56,121.410100,31.274100,  0,  0,1
87381,2007-02-20 21:35:57,121.410100,31.277500,  0,  0,1
87381,2007-02-20 21:37:59,121.416500,31.281300,  4, 45,1
87381,2007-02-20 21:39:00,121.416800,31.281300, 22, 22,1
87381,2007-02-20 21:42:52,121.443000,31.293800, 48, 45,1
87381,2007-02-20 21:43:52,121.445100,31.296800, 48,  0,1
87381,2007-02-20 21:44:54,121.444100,31.304600, 58,  0,1
87381,2007-02-20 21:45:55,121.444100,31.311500, 24,  0,1
87381,2007-02-20 21:46:56,121.444100,31.311600,  0,  0,1
87381,2007-02-20 21:47:57,121.444000,31.314800,  0,  0,1
87381,2007-02-20 21:51:00,121.441800,31.316300, 14,135,1
87381,2007-02-20 21:52:01,121.441100,31.319000,  0,157,1
87381,2007-02-20 21:52:59,121.440600,31.321100,  0,  0,0
87381,2007-02-20 21:53:59,121.440100,31.321600, 20,135,0
87381,2007-02-20 21:55:00,121.439600,31.323000, 22, 45,0
87381,2007-02-20 21:56:01,121.442800,31.319300, 40, 90,0
87381,2007-02-20 21:57:02,121.442300,31.316500, 38,135,0
87381,2007-02-20 21:58:02,121.436600,31.315100, 10,135,0
87381,2007-02-20 21:59:04,121.436500,31.310800, 44, 90,0
87381,2007-02-20 22:26:56,121.414000,31.277300,  0, 45,0
87381,2007-02-20 22:27:57,121.414000,31.277300,  0, 45,0
87381,2007-02-20 22:29:59,121.414000,31.277300,  0, 45,0
87381,2007-02-20 22:31:00,121.414000,31.277300,  0, 45,0
87381,2007-02-20 22:32:01,121.414000,31.277300,  0, 45,0
87381,2007-02-20 22:33:02,121.414000,31.277300,  0, 45,0
87381,2007-02-20 22:34:02,121.414000,31.277300,  0, 45,0
87381,2007-02-20 22:36:05,121.413800,31.275500, 28,112,0
87381,2007-02-20 22:37:06,121.415000,31.272500, 28, 45,0
87381,2007-02-20 22:38:07,121.414100,31.267600, 16, 90,0
87381,2007-02-20 22:39:07,121.416100,31.266600,  4, 45,0
87381,2007-02-20 22:40:09,121.417600,31.264100, 52, 90,0
87381,2007-02-20 22:41:10,121.417100,31.257600,  0,112,0
87381,2007-02-20 22:42:11,121.414600,31.256000, 24,112,0
87381,2007-02-20 22:43:11,121.406800,31.253600, 54,135,0
87381,2007-02-20 22:44:11,121.402500,31.252500, 16,112,0
87381,2007-02-20 22:45:13,121.398500,31.250100, 40,135,0
87381,2007-02-20 22:47:06,121.397600,31.246500, 20, 67,1
87381,2007-02-20 22:48:06,121.404300,31.246600, 38, 90,1
87381,2007-02-20 22:51:48,121.414000,31.238800, 18, 67,1
87381,2007-02-20 22:52:49,121.413300,31.234800, 16,112,1
87381,2007-02-20 22:53:01,121.413100,31.234800,  0,112,0
87381,2007-02-20 22:54:01,121.412100,31.234300, 28,112,0
87381,2007-02-20 22:55:03,121.407600,31.230500, 46, 90,0
87381,2007-02-20 22:56:04,121.408300,31.225500, 68, 67,0
87381,2007-02-20 22:57:05,121.411100,31.220100,  0, 67,0
87381,2007-02-20 22:58:06,121.409600,31.219500, 36,135,0
87381,2007-02-20 23:00:08,121.404500,31.218800,  0,135,0
87381,2007-02-20 23:00:55,121.404000,31.217800, 14, 90,1
87381,2007-02-20 23:01:56,121.403500,31.214800,  0, 90,1
87381,2007-02-20 23:02:56,121.403000,31.212100, 22, 45,1
87381,2007-02-20 23:03:58,121.408100,31.210800, 38, 45,1
87381,2007-02-20 23:06:00,121.414600,31.210300, 68, 45,1
87381,2007-02-20 23:07:01,121.426000,31.214100, 82, 22,1
87381,2007-02-20 23:09:03,121.447600,31.224600, 60, 22,1
87381,2007-02-20 23:10:04,121.458800,31.225600, 72, 45,1
87381,2007-02-20 23:11:05,121.467100,31.222500, 66, 90,1
87381,2007-02-20 23:12:06,121.466300,31.214000, 60, 67,1
87381,2007-02-20 23:13:06,121.468100,31.210500, 22, 90,1
87381,2007-02-20 23:14:08,121.470000,31.205600, 36, 67,1
87381,2007-02-20 23:15:09,121.472300,31.208500, 24, 45,1
87381,2007-02-20 23:16:10,121.474500,31.211500,  0, 45,1
87381,2007-02-20 23:17:11,121.478600,31.213300, 60, 45,1
87381,2007-02-20 23:18:11,121.485000,31.214100,  0, 22,1
87381,2007-02-20 23:19:13,121.487000,31.214300, 50, 45,1
87381,2007-02-20 23:20:14,121.491100,31.214800,  0, 45,1
87381,2007-02-20 23:21:15,121.492800,31.214300, 36, 67,1
87381,2007-02-20 23:21:46,121.493600,31.213100,  0, 67,0
87381,2007-02-20 23:22:46,121.493600,31.213100,  0, 67,0
87381,2007-02-20 23:24:49,121.493800,31.212800,  0, 67,0
87381,2007-02-20 23:25:50,121.493800,31.212800, 10, 90,0
87381,2007-02-20 23:25:51,121.493800,31.212800, 12, 90,1
87381,2007-02-20 23:26:51,121.491500,31.208000, 42,112,1
87381,2007-02-20 23:27:53,121.488300,31.205600, 50,112,1
87381,2007-02-20 23:28:54,121.485300,31.204000,  0,112,1
87381,2007-02-20 23:29:55,121.480800,31.203000, 40,  0,1
87381,2007-02-20 23:30:56,121.480300,31.208100, 24, 45,1
87381,2007-02-20 23:31:56,121.479800,31.209500, 28,  0,1
87381,2007-02-20 23:32:58,121.478300,31.211300, 36,157,1
87381,2007-02-20 23:33:19,121.477800,31.212100,  0,  0,0
87381,2007-02-20 23:34:20,121.477500,31.212600, 16,157,0
87381,2007-02-20 23:35:21,121.476800,31.213100, 30,135,0
87381,2007-02-20 23:36:21,121.474800,31.211800, 20,112,0
87381,2007-02-20 23:37:23,121.474600,31.211800,  0,112,0
87381,2007-02-20 23:38:24,121.475600,31.209300, 20, 67,0
87381,2007-02-20 23:39:25,121.476300,31.207800, 24, 67,0
87381,2007-02-20 23:40:26,121.471800,31.205300, 32,112,0
87381,2007-02-20 23:41:26,121.467100,31.204100,  0,112,0
87381,2007-02-20 23:42:28,121.464600,31.203500, 36,135,0
87381,2007-02-20 23:43:29,121.463600,31.203100, 10,135,0
87381,2007-02-20 23:44:30,121.458300,31.200300, 36,135,0
87381,2007-02-20 23:45:31,121.454000,31.199000, 46,112,0
87381,2007-02-20 23:47:33,121.448000,31.196500,  0,112,0
87381,2007-02-20 23:48:34,121.446800,31.195800, 46,112,0
87381,2007-02-20 23:49:35,121.442800,31.193500,  0,112,0
87381,2007-02-20 23:50:36,121.439500,31.192500, 44,112,0
87381,2007-02-20 23:52:38,121.434100,31.191000,  0, 45,0
87381,2007-02-20 23:53:39,121.434100,31.191000,  0, 45,0
87381,2007-02-20 23:54:40,121.434100,31.191000,  0, 45,0
87381,2007-02-20 23:55:41,121.434100,31.191000,  0, 45,0
87381,2007-02-20 23:56:41,121.434100,31.191000,  0, 45,0
87381,2007-02-20 23:57:43,121.434100,31.191000,  0, 45,0
87381,2007-02-20 23:59:45,121.434100,31.191000,  0, 45,0
