87298,2007-02-20 04:25:06,121.520300,31.241300,  0,  0,1
87298,2007-02-20 04:26:07,121.436000,31.322100, 64,  0,1
87298,2007-02-20 04:27:08,121.431800,31.322600, 10, 90,1
87298,2007-02-20 04:27:12,121.432000,31.322600, 14, 45,0
87298,2007-02-20 04:28:12,121.440800,31.323100, 36, 45,0
87298,2007-02-20 04:29:13,121.443000,31.318800,  8, 45,0
87298,2007-02-20 04:30:14,121.443500,31.316100, 42, 90,0
87298,2007-02-20 04:31:15,121.443800,31.311100, 54, 90,0
87298,2007-02-20 04:32:16,121.444000,31.302600, 72, 90,0
87298,2007-02-20 04:33:17,121.446300,31.290500, 96, 90,0
87298,2007-02-20 04:34:18,121.447100,31.281300, 32, 90,0
87298,2007-02-20 04:35:19,121.448000,31.277600,  0, 90,0
87298,2007-02-20 04:36:20,121.452100,31.270500, 54, 67,0
87298,2007-02-20 04:37:21,121.454000,31.270300,  0, 45,0
87298,2007-02-20 04:38:22,121.454000,31.270300,  0, 45,0
87298,2007-02-20 04:39:23,121.456100,31.263000,  0, 45,0
87298,2007-02-20 04:40:24,121.459300,31.260000,  0, 67,0
87298,2007-02-20 04:41:25,121.458800,31.254300,  0,157,0
87298,2007-02-20 04:42:26,121.458600,31.252800,  0, 90,0
87298,2007-02-20 04:43:27,121.458000,31.249500, 66, 90,0
87298,2007-02-20 04:44:28,121.452600,31.248100,  0,135,0
87298,2007-02-20 04:45:19,121.452000,31.249300, 12,157,1
87298,2007-02-20 04:46:19,121.452800,31.249100,  0,157,1
87298,2007-02-20 04:47:20,121.452600,31.249100,  0,157,1
87298,2007-02-20 04:48:21,121.451000,31.248000, 22, 90,1
87298,2007-02-20 04:49:22,121.446600,31.252000, 64,  0,1
87298,2007-02-20 04:50:23,121.447100,31.256800,  0,  0,1
87298,2007-02-20 04:51:24,121.445300,31.259600, 14,157,1
87298,2007-02-20 04:52:25,121.442100,31.263800, 60,157,1
87298,2007-02-20 04:53:26,121.441500,31.264800,  0,157,1
87298,2007-02-20 04:55:28,121.449300,31.272600, 16, 45,1
87298,2007-02-20 04:56:29,121.450800,31.273100,  0, 22,1
87298,2007-02-20 04:57:30,121.448100,31.278100, 60,157,1
87298,2007-02-20 04:58:31,121.447000,31.287100, 66,  0,1
87298,2007-02-20 04:59:32,121.444600,31.298600, 88,  0,1
87298,2007-02-20 05:00:33,121.444100,31.310600, 74,  0,1
87298,2007-02-20 05:01:34,121.448300,31.312500, 42, 45,1
87298,2007-02-20 05:03:36,121.455300,31.317300, 36,  0,1
87298,2007-02-20 05:04:37,121.455100,31.321800, 20,157,1
87298,2007-02-20 05:05:38,121.455000,31.324600,  0,  0,1
87298,2007-02-20 05:06:39,121.455000,31.324600,  0,  0,1
87298,2007-02-20 05:07:40,121.455000,31.324600,  0,  0,1
87298,2007-02-20 05:08:41,121.455000,31.324600,  0,  0,1
87298,2007-02-20 05:09:42,121.455000,31.324600,  0,  0,1
87298,2007-02-20 05:10:43,121.455000,31.324600,  0,  0,1
87298,2007-02-20 05:11:44,121.455000,31.324600,  0,  0,1
87298,2007-02-20 05:12:55,121.455000,31.324600,  0,  0,1
87298,2007-02-20 05:13:56,121.455000,31.324600,  0,  0,1
87298,2007-02-20 05:14:57,121.455000,31.324600,  0,  0,1
87298,2007-02-20 05:15:58,121.455000,31.324600,  0,  0,1
87298,2007-02-20 05:16:59,121.455000,31.324600,  0,  0,1
87298,2007-02-20 10:48:46,121.455000,31.324600,  0,  0,0
87298,2007-02-20 10:49:46,121.455000,31.324600,  0,  0,0
87298,2007-02-20 10:50:47,121.455000,31.324600,  0,  0,0
87298,2007-02-20 10:51:48,121.455000,31.324600,  0,  0,0
87298,2007-02-20 10:52:49,121.561300,31.264000,  0, 22,0
87298,2007-02-20 10:54:08,121.565300,31.267500, 10, 22,0
87298,2007-02-20 10:55:08,121.569100,31.270800, 52, 22,0
87298,2007-02-20 10:56:09,121.571600,31.273300, 22, 22,0
87298,2007-02-20 10:57:10,121.572600,31.281000, 46,  0,0
87298,2007-02-20 10:57:43,121.574100,31.281000,  0, 45,1
87298,2007-02-20 10:58:43,121.574100,31.281000,  0, 45,1
87298,2007-02-20 10:59:44,121.574100,31.281000,  0, 45,1
87298,2007-02-20 11:00:45,121.573000,31.281100,  0,135,1
87298,2007-02-20 11:00:51,121.573000,31.281100,  0,135,0
87298,2007-02-20 11:01:51,121.572800,31.281300,  0,157,0
87298,2007-02-20 11:02:52,121.571800,31.275600, 70,112,0
87298,2007-02-20 11:03:53,121.570300,31.271600,  8,112,0
87298,2007-02-20 11:04:54,121.566500,31.268600,  2, 90,0
87298,2007-02-20 11:05:55,121.566500,31.268600,  0, 90,0
87298,2007-02-20 11:06:56,121.561800,31.264500, 38,112,0
87298,2007-02-20 11:07:57,121.557100,31.261100,  0,112,0
87298,2007-02-20 11:08:58,121.554800,31.259600, 66,112,0
87298,2007-02-20 11:09:59,121.551300,31.257300, 40,112,0
87298,2007-02-20 11:11:00,121.547300,31.253300,  0,112,0
87298,2007-02-20 11:12:01,121.540500,31.248100, 48,112,0
87298,2007-02-20 11:13:02,121.536300,31.246300,  0,112,0
87298,2007-02-20 11:14:03,121.530100,31.244500, 40,135,0
87298,2007-02-20 11:15:04,121.519100,31.242600, 68,135,0
87298,2007-02-20 11:16:05,121.511300,31.241500, 66,135,0
87298,2007-02-20 11:17:06,121.506100,31.239800,  0,135,0
87298,2007-02-20 11:18:07,121.508300,31.236500, 32, 67,0
87298,2007-02-20 11:19:08,121.508500,31.236000, 38, 67,0
87298,2007-02-20 11:20:09,121.510600,31.232100,  0, 67,0
87298,2007-02-20 11:21:10,121.507300,31.231300, 34,135,0
87298,2007-02-20 11:22:16,121.504100,31.231300,  0,135,1
87298,2007-02-20 11:22:33,121.504100,31.231300,  0,135,0
87298,2007-02-20 11:23:33,121.504100,31.231300,  0,135,0
87298,2007-02-20 11:24:34,121.504100,31.231300,  0,135,0
87298,2007-02-20 11:26:36,121.508100,31.236100,  0, 45,0
87298,2007-02-20 11:27:37,121.511600,31.238000,  4, 22,0
87298,2007-02-20 11:28:11,121.513000,31.238500, 20, 22,1
87298,2007-02-20 11:29:11,121.514000,31.239000,  0, 22,1
87298,2007-02-20 11:30:54,121.511800,31.238000, 12, 90,0
87298,2007-02-20 11:31:55,121.512800,31.232500, 26,112,0
87298,2007-02-20 11:32:56,121.509300,31.228300, 58,112,0
87298,2007-02-20 11:33:57,121.507000,31.227500,  0,112,0
87298,2007-02-20 11:34:58,121.491500,31.224000, 44,135,0
87298,2007-02-20 11:35:59,121.481000,31.221500, 44,112,0
87298,2007-02-20 11:37:00,121.478500,31.221000, 10,157,0
87298,2007-02-20 11:37:15,121.478100,31.221500, 10,157,1
87298,2007-02-20 11:38:16,121.477500,31.222300,  0,157,1
87298,2007-02-20 11:39:17,121.477500,31.222300,  0,157,1
87298,2007-02-20 11:40:18,121.477500,31.222500,  0, 90,1
87298,2007-02-20 11:41:19,121.477500,31.222500,  0, 90,1
87298,2007-02-20 11:42:20,121.483000,31.222500, 48, 22,1
87298,2007-02-20 11:43:21,121.492800,31.223300, 58, 45,1
87298,2007-02-20 11:45:23,121.496500,31.222000,  0, 67,1
87298,2007-02-20 11:46:23,121.513300,31.229500, 22, 45,1
87298,2007-02-20 11:47:24,121.517800,31.230800,  0, 45,1
87298,2007-02-20 11:48:25,121.519500,31.231500, 12, 45,1
87298,2007-02-20 11:49:26,121.526600,31.233600, 56, 22,1
87298,2007-02-20 11:50:27,121.529100,31.234300,  0, 45,1
87298,2007-02-20 11:51:28,121.535300,31.236500, 72, 45,1
87298,2007-02-20 11:52:29,121.540800,31.238300, 52, 45,1
87298,2007-02-20 11:53:30,121.550600,31.242300, 64, 22,1
87298,2007-02-20 11:54:31,121.551300,31.247000, 34, 22,1
87298,2007-02-20 11:55:32,121.552000,31.248100,  0,157,1
87298,2007-02-20 11:56:33,121.552000,31.248100,  0,157,1
87298,2007-02-20 11:58:35,121.551800,31.248100,  0,157,1
87298,2007-02-20 12:00:37,121.551800,31.248100,  0,157,1
87298,2007-02-20 12:01:38,121.552100,31.248300,  0,157,1
87298,2007-02-20 12:02:39,121.552100,31.248300,  0,157,1
87298,2007-02-20 12:03:40,121.552000,31.248100,  0,157,1
87298,2007-02-20 12:04:41,121.552000,31.248100,  0,157,1
87298,2007-02-20 12:05:42,121.552000,31.248100,  0,157,1
87298,2007-02-20 12:06:43,121.552000,31.248100,  0,157,1
87298,2007-02-20 12:07:44,121.552000,31.247600,  8,112,1
87298,2007-02-20 12:07:59,121.552000,31.247600, 10, 67,0
87298,2007-02-20 12:08:59,121.557300,31.250600, 38, 22,0
87298,2007-02-20 12:11:01,121.565600,31.255800, 56, 22,0
87298,2007-02-20 12:12:02,121.574100,31.260100, 52, 67,0
87298,2007-02-20 12:13:03,121.576500,31.258600,  0, 67,0
87298,2007-02-20 12:14:04,121.580100,31.261800, 66, 22,0
87298,2007-02-20 12:15:05,121.582500,31.266100, 44,  0,0
87298,2007-02-20 12:16:06,121.585300,31.271800, 42, 45,0
87298,2007-02-20 12:17:28,121.594100,31.276600, 52, 22,0
87298,2007-02-20 12:18:28,121.594800,31.284300, 26,  0,0
87298,2007-02-20 12:19:24,121.593800,31.284000,  0,112,1
87298,2007-02-20 12:20:24,121.593500,31.284000,  6,135,1
87298,2007-02-20 12:21:25,121.591600,31.282800, 24,135,1
87298,2007-02-20 12:23:27,121.590100,31.282100, 46, 45,1
87298,2007-02-20 12:24:28,121.594800,31.279800,  0, 90,1
87298,2007-02-20 12:25:29,121.594000,31.276600, 36,112,1
87298,2007-02-20 12:26:30,121.589300,31.273000, 38,112,1
87298,2007-02-20 12:27:31,121.586500,31.272100, 40,135,1
87298,2007-02-20 12:28:32,121.580100,31.270600, 62,112,1
87298,2007-02-20 12:29:33,121.579100,31.267600, 48, 67,1
87298,2007-02-20 12:30:34,121.577100,31.264000, 24,112,1
87298,2007-02-20 12:32:36,121.575500,31.259300, 58,157,1
87298,2007-02-20 12:33:37,121.569600,31.258300, 66,112,1
87298,2007-02-20 12:34:38,121.565500,31.255800,  0,112,1
87298,2007-02-20 12:35:39,121.563600,31.254600,  0,112,1
87298,2007-02-20 12:36:40,121.563600,31.254600,  0,112,1
87298,2007-02-20 12:37:41,121.563600,31.254600,  0,112,1
87298,2007-02-20 12:39:43,121.563600,31.254600,  0,112,1
87298,2007-02-20 12:40:44,121.563600,31.254600,  0,112,1
87298,2007-02-20 12:41:45,121.563600,31.254600,  0,112,1
87298,2007-02-20 12:42:46,121.563600,31.254600,  0,112,1
87298,2007-02-20 12:44:48,121.563600,31.254600,  0,112,1
87298,2007-02-20 12:46:50,121.563500,31.254600, 12,112,1
87298,2007-02-20 12:47:38,121.563600,31.254500, 14, 22,0
87298,2007-02-20 12:48:38,121.569100,31.257600, 26, 67,0
87298,2007-02-20 12:49:39,121.573100,31.254600, 54, 67,0
87298,2007-02-20 12:50:26,121.575800,31.251500,  0,112,1
87298,2007-02-20 12:51:26,121.572600,31.249600, 30,135,1
87298,2007-02-20 12:52:27,121.569800,31.249100,  0,135,1
87298,2007-02-20 12:53:28,121.564100,31.247100, 64,112,1
87298,2007-02-20 12:55:30,121.556300,31.241800, 36,112,1
87298,2007-02-20 12:56:31,121.548800,31.238100, 50,112,1
87298,2007-02-20 12:58:33,121.535800,31.233300, 24,112,1
87298,2007-02-20 12:59:34,121.533800,31.236000, 20,157,1
87298,2007-02-20 13:00:35,121.529300,31.234800, 24,112,1
87298,2007-02-20 13:01:36,121.523000,31.232800, 66,135,1
87298,2007-02-20 13:02:37,121.516100,31.230800, 20,135,1
87298,2007-02-20 13:03:38,121.514300,31.229800,  0,112,1
87298,2007-02-20 13:04:39,121.508300,31.228000, 56,112,1
87298,2007-02-20 13:05:40,121.507000,31.227500,  0,112,1
87298,2007-02-20 13:06:41,121.492000,31.223800,  0,112,1
87298,2007-02-20 13:07:42,121.487800,31.225500, 22,  0,1
87298,2007-02-20 13:08:43,121.487800,31.227000,  0,  0,1
87298,2007-02-20 13:09:44,121.486600,31.227100,  4,135,1
87298,2007-02-20 13:10:28,121.486500,31.227100,  6,135,0
87298,2007-02-20 13:11:28,121.484600,31.226500, 14,135,0
87298,2007-02-20 13:13:30,121.484500,31.225100,  0, 90,0
87298,2007-02-20 13:14:31,121.487500,31.223800, 48, 45,0
87298,2007-02-20 13:15:32,121.494300,31.222800,  0, 45,0
87298,2007-02-20 13:16:33,121.498100,31.224000, 36, 22,0
87298,2007-02-20 13:17:34,121.498500,31.224100,  0, 22,0
87298,2007-02-20 13:18:35,121.495800,31.227100, 10,157,0
87298,2007-02-20 13:19:36,121.495500,31.227300, 12,157,0
87298,2007-02-20 13:20:14,121.494500,31.226500, 16, 22,1
87298,2007-02-20 13:21:14,121.494800,31.226800,  0, 90,1
87298,2007-02-20 13:22:15,121.494100,31.226800, 18,157,1
87298,2007-02-20 13:23:16,121.492800,31.227000, 10,157,1
87298,2007-02-20 13:24:17,121.491300,31.229600,  4,135,1
87298,2007-02-20 13:25:18,121.489100,31.231300, 28,135,1
87298,2007-02-20 13:26:19,121.488300,31.231300,  0,135,1
87298,2007-02-20 13:27:20,121.487000,31.231500, 12,135,1
87298,2007-02-20 13:28:21,121.486500,31.231500,  0,135,1
87298,2007-02-20 13:28:32,121.486300,31.231500, 10,112,0
87298,2007-02-20 13:29:32,121.485500,31.231300, 12,135,0
87298,2007-02-20 13:30:33,121.484800,31.231300,  0,135,0
87298,2007-02-20 13:31:34,121.484600,31.231500,  0,  0,0
87298,2007-02-20 13:32:35,121.484300,31.232000,  0,157,0
87298,2007-02-20 13:33:36,121.484300,31.232000,  0,  0,0
87298,2007-02-20 13:34:37,121.483800,31.233000,  0,157,0
87298,2007-02-20 13:35:38,121.483800,31.233000,  0,157,0
87298,2007-02-20 13:36:39,121.483800,31.233000,  0,157,0
87298,2007-02-20 13:37:40,121.483800,31.233000,  0,157,0
87298,2007-02-20 13:38:41,121.483800,31.233000,  0,157,0
87298,2007-02-20 13:39:42,121.483800,31.233000,  0,157,0
