80948,2007-02-20 00:00:19,121.551500,31.163800,  0,135,0
80948,2007-02-20 00:01:20,121.551500,31.163800,  0,135,0
80948,2007-02-20 00:02:21,121.551500,31.163800,  0,135,0
80948,2007-02-20 00:03:22,121.551500,31.163800,  0,135,0
80948,2007-02-20 00:04:23,121.551500,31.163800,  0,135,0
80948,2007-02-20 00:05:24,121.551500,31.163800,  0,135,0
80948,2007-02-20 00:06:25,121.551500,31.163800,  0,135,0
80948,2007-02-20 00:08:27,121.551500,31.163800,  0,135,0
80948,2007-02-20 00:09:28,121.551500,31.163800,  0,135,0
80948,2007-02-20 00:10:29,121.551500,31.163800,  0,135,0
80948,2007-02-20 00:11:30,121.551500,31.163800,  0,135,0
80948,2007-02-20 00:13:32,121.551500,31.163800,  0,135,0
80948,2007-02-20 00:14:33,121.551500,31.163800,  0,135,0
80948,2007-02-20 00:15:34,121.551500,31.163800,  0,135,0
80948,2007-02-20 00:16:35,121.551500,31.163800,  0,135,0
80948,2007-02-20 00:17:36,121.551500,31.163800,  0,135,0
80948,2007-02-20 00:18:37,121.551500,31.163800,  0,135,0
80948,2007-02-20 00:19:38,121.551500,31.163800,  0,135,0
80948,2007-02-20 00:20:39,121.551500,31.163800,  0,135,0
80948,2007-02-20 00:21:40,121.551500,31.163800,  0,135,0
80948,2007-02-20 00:22:41,121.551500,31.163800,  0,135,0
80948,2007-02-20 00:23:42,121.551500,31.163800,  0,135,0
80948,2007-02-20 00:25:44,121.551500,31.163800,  0,135,0
80948,2007-02-20 00:26:45,121.551500,31.163800,  0,135,0
80948,2007-02-20 00:27:46,121.551500,31.163800,  0,135,0
80948,2007-02-20 00:28:47,121.551500,31.163800,  0,135,0
80948,2007-02-20 00:29:48,121.551500,31.163800,  0,135,0
80948,2007-02-20 00:32:51,121.551500,31.163800,  0,135,0
80948,2007-02-20 00:34:53,121.551500,31.163800,  0,135,0
80948,2007-02-20 00:35:54,121.551500,31.163800,  0,135,0
80948,2007-02-20 00:36:55,121.551500,31.163800,  0,135,0
80948,2007-02-20 00:37:56,121.551500,31.163800,  0,135,0
80948,2007-02-20 00:38:57,121.551500,31.163800,  0,135,0
80948,2007-02-20 00:39:50,121.552600,31.164100, 24, 45,0
80948,2007-02-20 00:40:12,121.553800,31.164500, 18, 45,0
80948,2007-02-20 00:40:31,121.554800,31.164600, 26, 45,0
80948,2007-02-20 00:41:06,121.557300,31.165000, 28, 45,0
80948,2007-02-20 00:41:22,121.558300,31.165000, 24, 45,0
80948,2007-02-20 00:41:49,121.558800,31.165600, 24,  0,0
80948,2007-02-20 00:42:05,121.558500,31.166800, 34,  0,0
80948,2007-02-20 00:42:21,121.558000,31.168000, 36,157,0
80948,2007-02-20 00:42:37,121.557300,31.169300, 34,157,0
80948,2007-02-20 00:43:09,121.556100,31.171500, 26,157,0
80948,2007-02-20 00:43:25,121.555500,31.172600, 38,157,0
80948,2007-02-20 00:43:41,121.554800,31.174000, 38,157,0
80948,2007-02-20 00:43:57,121.554100,31.175100, 34,157,0
80948,2007-02-20 00:44:58,121.553600,31.176100,  0,  0,0
80948,2007-02-20 00:45:59,121.553600,31.176100,  0,  0,0
80948,2007-02-20 00:47:00,121.553600,31.176100,  0,  0,0
80948,2007-02-20 00:48:01,121.553600,31.176100,  0,  0,0
80948,2007-02-20 00:48:47,121.551800,31.176300, 38,135,0
80948,2007-02-20 00:49:03,121.550500,31.176000, 32,135,0
80948,2007-02-20 00:49:19,121.549100,31.175600, 28,135,0
80948,2007-02-20 00:49:35,121.547500,31.175100, 34,135,0
80948,2007-02-20 00:49:51,121.546300,31.174600,  0,112,0
80948,2007-02-20 00:50:43,121.544100,31.173800, 10, 90,0
80948,2007-02-20 00:51:01,121.544300,31.172800, 26, 90,0
80948,2007-02-20 00:52:02,121.544600,31.172300,  0, 22,0
80948,2007-02-20 00:53:03,121.544600,31.172300,  0, 22,0
80948,2007-02-20 00:54:04,121.544600,31.172300,  0, 22,0
80948,2007-02-20 00:55:05,121.544600,31.172300,  0, 22,0
80948,2007-02-20 00:56:06,121.544600,31.172300,  0, 22,0
80948,2007-02-20 00:57:07,121.544600,31.172100,  0, 22,0
80948,2007-02-20 00:58:08,121.544600,31.172100,  0, 22,0
80948,2007-02-20 00:59:09,121.544600,31.172100,  0, 22,0
80948,2007-02-20 01:00:10,121.544600,31.172100,  0, 22,0
80948,2007-02-20 01:01:11,121.544600,31.172100,  0, 22,0
80948,2007-02-20 01:02:12,121.544600,31.172100,  0, 22,0
80948,2007-02-20 01:03:13,121.544600,31.172100,  0, 22,0
80948,2007-02-20 01:04:14,121.544600,31.172100,  0, 22,0
80948,2007-02-20 01:05:15,121.545100,31.172500,  0, 90,0
80948,2007-02-20 01:05:51,121.544300,31.172800, 28,  0,0
80948,2007-02-20 01:06:11,121.544100,31.173800, 28,  0,0
80948,2007-02-20 01:06:27,121.545500,31.174300, 50, 45,0
80948,2007-02-20 01:07:12,121.545800,31.175300, 30, 90,0
80948,2007-02-20 01:08:13,121.546000,31.174600,  0, 90,0
80948,2007-02-20 01:09:14,121.546000,31.174600,  0, 90,0
80948,2007-02-20 01:09:57,121.547100,31.175000, 46, 22,0
80948,2007-02-20 01:10:13,121.549100,31.175500, 62, 45,0
80948,2007-02-20 01:10:29,121.551600,31.176300, 60, 45,0
80948,2007-02-20 01:10:45,121.553300,31.177000, 24,  0,0
80948,2007-02-20 01:11:01,121.552800,31.178800, 56,  0,0
80948,2007-02-20 01:11:17,121.552100,31.181000, 64,  0,0
80948,2007-02-20 01:11:33,121.551300,31.182800, 12,  0,0
80948,2007-02-20 01:11:59,121.551000,31.183800, 40,  0,0
80948,2007-02-20 01:12:15,121.550500,31.185000,  8,  0,0
80948,2007-02-20 01:12:45,121.550100,31.186000, 48,  0,0
80948,2007-02-20 01:13:01,121.549600,31.187600, 52,  0,0
80948,2007-02-20 01:13:17,121.549000,31.189300, 48,  0,0
80948,2007-02-20 01:13:33,121.548500,31.190300, 18,157,0
80948,2007-02-20 01:13:49,121.547800,31.191500, 46,157,0
80948,2007-02-20 01:14:05,121.546800,31.193100, 50,157,0
80948,2007-02-20 01:14:21,121.546300,31.194000, 20,157,0
80948,2007-02-20 01:14:37,121.545500,31.195000, 38,  0,0
80948,2007-02-20 01:14:53,121.545100,31.196000,  0,  0,0
80948,2007-02-20 01:15:20,121.545100,31.196800, 28,  0,0
80948,2007-02-20 01:15:43,121.544600,31.197800, 34,157,0
80948,2007-02-20 01:15:59,121.543600,31.199600, 68,  0,0
80948,2007-02-20 01:16:15,121.543000,31.201500, 20,  0,0
80948,2007-02-20 01:16:54,121.542000,31.201500, 38,112,0
80948,2007-02-20 01:17:10,121.540000,31.200600, 58,112,0
80948,2007-02-20 01:17:26,121.537500,31.199800, 68,135,0
80948,2007-02-20 01:17:42,121.534500,31.199500, 54,135,0
80948,2007-02-20 01:17:58,121.532500,31.199500, 42,135,0
80948,2007-02-20 01:18:14,121.530800,31.199600, 32,135,0
80948,2007-02-20 01:18:30,121.529600,31.200000, 24,135,0
80948,2007-02-20 01:18:53,121.528500,31.200100, 12,135,0
80948,2007-02-20 01:19:24,121.527300,31.200500, 16,135,0
80948,2007-02-20 01:20:22,121.526100,31.200800, 36,135,0
80948,2007-02-20 01:20:38,121.523500,31.201300, 78,135,0
80948,2007-02-20 01:20:54,121.520100,31.202000, 84,135,0
80948,2007-02-20 01:21:10,121.516300,31.202800, 94,135,0
80948,2007-02-20 01:21:26,121.512600,31.203600, 80,135,0
80948,2007-02-20 01:21:42,121.509300,31.204500, 80,135,0
80948,2007-02-20 01:21:58,121.505800,31.205600, 88,157,0
80948,2007-02-20 01:22:30,121.499000,31.208000, 92,135,0
80948,2007-02-20 01:22:46,121.496000,31.209500, 64,  0,0
80948,2007-02-20 01:23:02,121.497600,31.211000, 66, 67,0
80948,2007-02-20 01:23:18,121.497600,31.209100, 60,135,0
80948,2007-02-20 01:23:34,121.496300,31.210600, 58,  0,0
80948,2007-02-20 01:23:50,121.496000,31.213000, 66,157,0
80948,2007-02-20 01:24:06,121.493300,31.213800, 58,157,0
80948,2007-02-20 01:24:22,121.491600,31.215000, 42,135,0
80948,2007-02-20 01:25:07,121.492100,31.215000, 44, 45,0
80948,2007-02-20 01:25:23,121.493600,31.213300, 50, 67,0
80948,2007-02-20 01:25:39,121.495300,31.213000,  0, 45,0
80948,2007-02-20 01:27:19,121.496600,31.211600,  0, 67,0
80948,2007-02-20 01:27:35,121.497100,31.210600, 44, 90,0
80948,2007-02-20 01:27:51,121.496600,31.209300, 44,112,0
80948,2007-02-20 01:28:13,121.497000,31.208800, 18, 45,0
80948,2007-02-20 01:29:14,121.496600,31.208000,  0, 90,0
80948,2007-02-20 01:30:15,121.496600,31.208000,  0, 90,0
80948,2007-02-20 01:31:16,121.496600,31.208000,  0, 90,0
80948,2007-02-20 01:32:17,121.496600,31.208000,  0, 90,0
80948,2007-02-20 01:33:18,121.496600,31.208000,  0, 90,0
80948,2007-02-20 01:34:19,121.496600,31.208000,  0, 90,0
80948,2007-02-20 01:35:20,121.496600,31.208000,  0, 90,0
80948,2007-02-20 01:36:21,121.496600,31.208000,  0, 90,0
80948,2007-02-20 01:37:22,121.496600,31.208000,  0, 90,0
80948,2007-02-20 01:39:24,121.496600,31.208000,  0, 90,0
80948,2007-02-20 01:40:25,121.496600,31.208000,  0, 90,0
80948,2007-02-20 01:41:26,121.496600,31.208000,  0, 90,0
80948,2007-02-20 01:42:27,121.496600,31.208000,  0, 90,0
80948,2007-02-20 01:43:28,121.496600,31.208000,  0, 90,0
80948,2007-02-20 01:45:30,121.496600,31.208000,  0, 90,0
80948,2007-02-20 01:46:31,121.496600,31.208000,  0, 90,0
80948,2007-02-20 01:47:32,121.496600,31.208000,  0, 90,0
80948,2007-02-20 01:48:33,121.497000,31.209000,  0, 90,0
80948,2007-02-20 01:49:34,121.497000,31.208800,  0, 90,0
80948,2007-02-20 01:50:35,121.496800,31.208800,  0, 90,0
80948,2007-02-20 01:51:36,121.496800,31.208800,  0, 90,0
80948,2007-02-20 01:52:37,121.496800,31.208800,  0, 90,0
80948,2007-02-20 01:53:38,121.496800,31.208800,  0, 90,0
80948,2007-02-20 01:54:39,121.496800,31.208800,  0, 90,0
80948,2007-02-20 01:55:36,121.498500,31.209000, 42, 45,0
80948,2007-02-20 01:55:52,121.500600,31.209100, 50, 45,0
80948,2007-02-20 01:56:53,121.501300,31.209300,  0, 45,0
80948,2007-02-20 01:57:54,121.501300,31.209300,  0, 45,0
80948,2007-02-20 01:58:55,121.501300,31.209300,  0, 45,0
80948,2007-02-20 01:59:56,121.501300,31.209300,  0, 45,0
80948,2007-02-20 02:00:57,121.501300,31.209300,  0, 45,0
80948,2007-02-20 02:01:58,121.501300,31.209300,  0, 45,0
80948,2007-02-20 02:02:59,121.501300,31.209300,  0, 45,0
80948,2007-02-20 02:04:00,121.501300,31.209300,  0, 45,0
80948,2007-02-20 02:05:01,121.501300,31.209300,  0, 45,0
80948,2007-02-20 02:06:02,121.501300,31.209300,  0, 45,0
80948,2007-02-20 02:07:03,121.501300,31.209300,  0, 45,0
80948,2007-02-20 02:08:00,121.501300,31.209300,  0,  0,0
80948,2007-02-20 02:09:00,121.501300,31.209300,  0,  0,0
80948,2007-02-20 02:10:01,121.501300,31.209300,  0,  0,0
80948,2007-02-20 02:11:02,121.501300,31.209300,  0,  0,0
80948,2007-02-20 02:13:04,121.501300,31.209300,  0,  0,0
80948,2007-02-20 02:15:06,121.501300,31.209300,  0,  0,0
80948,2007-02-20 02:16:07,121.501300,31.209300,  0,  0,0
80948,2007-02-20 02:17:08,121.501300,31.209300,  0,  0,0
80948,2007-02-20 02:18:09,121.501300,31.209300,  0,  0,0
80948,2007-02-20 02:19:10,121.501300,31.209300,  0,  0,0
80948,2007-02-20 02:21:12,121.501300,31.209300,  0,  0,0
80948,2007-02-20 02:22:13,121.501300,31.209300,  0,  0,0
80948,2007-02-20 02:23:13,121.501300,31.209300,  0,  0,0
80948,2007-02-20 02:24:14,121.501300,31.209300,  0,  0,0
80948,2007-02-20 02:25:15,121.501300,31.209300,  0,  0,0
80948,2007-02-20 02:26:16,121.501300,31.209300,  0,  0,0
80948,2007-02-20 02:27:17,121.501300,31.209300,  0,  0,0
80948,2007-02-20 02:28:18,121.501300,31.209300,  0,  0,0
80948,2007-02-20 02:29:19,121.497500,31.209300,  0,  0,0
80948,2007-02-20 02:30:20,121.496800,31.208600,  0,  0,0
80948,2007-02-20 02:31:21,121.497300,31.209100,  0,  0,0
80948,2007-02-20 02:32:22,121.497300,31.209100,  0,  0,0
80948,2007-02-20 02:33:23,121.497300,31.209100,  0,  0,0
80948,2007-02-20 02:34:24,121.497000,31.209100,  0,  0,0
80948,2007-02-20 02:35:25,121.497000,31.209100,  0,  0,0
80948,2007-02-20 02:36:26,121.497000,31.209100,  0,  0,0
80948,2007-02-20 02:37:27,121.497000,31.209100,  0,  0,0
80948,2007-02-20 02:38:28,121.497000,31.209100,  0,  0,0
80948,2007-02-20 02:39:29,121.497000,31.209100,  0,  0,0
80948,2007-02-20 02:40:30,121.497000,31.209100,  0,  0,0
80948,2007-02-20 02:41:31,121.497000,31.209100,  0,  0,0
80948,2007-02-20 02:42:32,121.497000,31.209100,  0,  0,0
80948,2007-02-20 02:43:33,121.497000,31.209100,  0,  0,0
80948,2007-02-20 02:44:34,121.497000,31.209100,  0,  0,0
80948,2007-02-20 02:45:35,121.497000,31.209100,  0,  0,0
80948,2007-02-20 02:46:36,121.497000,31.209100,  0,  0,0
80948,2007-02-20 02:47:37,121.497000,31.209100,  0,  0,0
80948,2007-02-20 02:48:38,121.497000,31.209100,  0,  0,0
80948,2007-02-20 02:49:39,121.497000,31.209100,  0,  0,0
80948,2007-02-20 02:50:40,121.497000,31.209100,  0,  0,0
80948,2007-02-20 02:51:41,121.497000,31.209100,  0,  0,0
80948,2007-02-20 02:52:42,121.497000,31.209100,  0,  0,0
80948,2007-02-20 02:53:43,121.497000,31.209100,  0,  0,0
80948,2007-02-20 02:54:44,121.497000,31.209100,  0,  0,0
80948,2007-02-20 02:55:45,121.497000,31.209100,  0,  0,0
80948,2007-02-20 02:56:46,121.497000,31.209100,  0,  0,0
80948,2007-02-20 02:57:47,121.497000,31.209100,  0,  0,0
80948,2007-02-20 02:58:48,121.497000,31.209100,  0,  0,0
80948,2007-02-20 02:59:49,121.497000,31.209100,  0,  0,0
80948,2007-02-20 03:00:50,121.497000,31.209100,  0,  0,0
80948,2007-02-20 03:01:51,121.497000,31.209100,  0,  0,0
80948,2007-02-20 03:02:52,121.497000,31.209100,  0,  0,0
80948,2007-02-20 03:03:53,121.497000,31.209100,  0,  0,0
80948,2007-02-20 03:04:54,121.497000,31.209100,  0,  0,0
80948,2007-02-20 03:05:55,121.497000,31.209100,  0,  0,0
80948,2007-02-20 03:06:56,121.497000,31.209100,  0,  0,0
80948,2007-02-20 03:07:57,121.497000,31.209100,  0,  0,0
80948,2007-02-20 03:08:58,121.497000,31.209100,  0,  0,0
80948,2007-02-20 03:09:59,121.496100,31.209600,  0,  0,0
80948,2007-02-20 03:11:00,121.496100,31.209600,  0,  0,0
80948,2007-02-20 03:12:01,121.496100,31.209600,  0,  0,0
80948,2007-02-20 03:13:02,121.496100,31.209600,  0,  0,0
80948,2007-02-20 03:14:03,121.496100,31.209600,  0,  0,0
80948,2007-02-20 03:15:04,121.496100,31.209600,  0,  0,0
80948,2007-02-20 03:16:05,121.496500,31.209500,  0,  0,0
80948,2007-02-20 03:17:06,121.497100,31.208600,  0,  0,0
80948,2007-02-20 03:18:07,121.497500,31.208100,  0,  0,0
80948,2007-02-20 03:19:08,121.497500,31.208100,  0,  0,0
80948,2007-02-20 03:20:09,121.497500,31.208100,  0,  0,0
80948,2007-02-20 03:21:10,121.497500,31.208100,  0,  0,0
80948,2007-02-20 03:21:50,121.497500,31.208100,  0,  0,0
80948,2007-02-20 03:22:51,121.497500,31.208100,  0,  0,0
80948,2007-02-20 03:23:51,121.497500,31.208100,  0,  0,0
80948,2007-02-20 03:25:18,121.497500,31.208100,  0,  0,0
80948,2007-02-20 03:26:01,121.497500,31.208100,  0,  0,0
80948,2007-02-20 03:27:32,121.497500,31.208100,  0,  0,0
80948,2007-02-20 03:28:32,121.497500,31.208100,  0,  0,0
80948,2007-02-20 03:29:33,121.497500,31.208100,  0,  0,0
80948,2007-02-20 03:30:34,121.497500,31.208100,  0,  0,0
80948,2007-02-20 03:31:35,121.497100,31.208800,  0,  0,0
80948,2007-02-20 03:32:36,121.497300,31.208500,  0,  0,0
80948,2007-02-20 03:33:37,121.497300,31.208500,  0,  0,0
80948,2007-02-20 03:34:38,121.497300,31.208500,  0,  0,0
80948,2007-02-20 03:35:39,121.497300,31.208500,  0,  0,0
80948,2007-02-20 03:36:40,121.497300,31.208500,  0,  0,0
80948,2007-02-20 03:37:41,121.497300,31.208500,  0,  0,0
80948,2007-02-20 03:38:42,121.497300,31.208500,  0,  0,0
80948,2007-02-20 03:40:44,121.497300,31.208500,  0,  0,0
80948,2007-02-20 03:41:45,121.497300,31.208500,  0,  0,0
80948,2007-02-20 03:42:46,121.497300,31.208500,  0,  0,0
80948,2007-02-20 03:43:47,121.497300,31.208500,  0,  0,0
80948,2007-02-20 03:44:48,121.497300,31.208500,  0,  0,0
80948,2007-02-20 03:45:49,121.497300,31.208500,  0,  0,0
80948,2007-02-20 03:46:50,121.497300,31.208500,  0,  0,0
80948,2007-02-20 03:47:51,121.497300,31.208500,  0,  0,0
80948,2007-02-20 03:48:52,121.497300,31.208500,  0,  0,0
80948,2007-02-20 03:49:53,121.497300,31.208500,  0,  0,0
80948,2007-02-20 03:50:54,121.497300,31.208500,  0,  0,0
80948,2007-02-20 03:51:55,121.497300,31.208500,  0,  0,0
80948,2007-02-20 03:52:56,121.497300,31.208500,  0,  0,0
80948,2007-02-20 03:53:57,121.497300,31.208500,  0,  0,0
80948,2007-02-20 03:54:58,121.497300,31.208500,  0,  0,0
80948,2007-02-20 03:55:59,121.497300,31.208500,  0,  0,0
80948,2007-02-20 03:57:00,121.497300,31.208500,  0,  0,0
80948,2007-02-20 03:58:01,121.497300,31.208500,  0,  0,0
80948,2007-02-20 03:59:02,121.497300,31.208500,  0,  0,0
80948,2007-02-20 04:01:04,121.497300,31.208500,  0,  0,0
80948,2007-02-20 04:02:05,121.497300,31.208500,  0,  0,0
80948,2007-02-20 04:03:06,121.497300,31.208500,  0,  0,0
80948,2007-02-20 04:04:07,121.497300,31.208500,  0,  0,0
80948,2007-02-20 04:05:08,121.497300,31.208500,  0,  0,0
80948,2007-02-20 04:06:09,121.497300,31.208500,  0,  0,0
80948,2007-02-20 04:07:10,121.497300,31.208500,  0,  0,0
80948,2007-02-20 04:09:12,121.497300,31.208500,  0,  0,0
80948,2007-02-20 04:10:13,121.497300,31.208500,  0,  0,0
80948,2007-02-20 04:11:14,121.497300,31.208500,  0,  0,0
80948,2007-02-20 04:12:15,121.497300,31.208500,  0,  0,0
80948,2007-02-20 04:13:16,121.497300,31.208500,  0,  0,0
80948,2007-02-20 04:14:17,121.497300,31.208500,  0,  0,0
80948,2007-02-20 04:15:18,121.497300,31.208500,  0,  0,0
80948,2007-02-20 04:16:19,121.497300,31.208500,  0,  0,0
80948,2007-02-20 04:17:20,121.497300,31.208500,  0,  0,0
80948,2007-02-20 04:18:21,121.497300,31.208500,  0,  0,0
80948,2007-02-20 04:19:22,121.497300,31.208500,  0,  0,0
80948,2007-02-20 04:20:23,121.497300,31.208500,  0,  0,0
80948,2007-02-20 04:21:24,121.497300,31.208500,  0,  0,0
80948,2007-02-20 04:22:25,121.497300,31.208500,  0,  0,0
80948,2007-02-20 04:23:26,121.497300,31.208500,  0,  0,0
80948,2007-02-20 04:24:27,121.497300,31.208500,  0,  0,0
80948,2007-02-20 04:25:28,121.497300,31.208500,  0,  0,0
80948,2007-02-20 04:26:29,121.497300,31.208500,  0,  0,0
80948,2007-02-20 04:27:30,121.497300,31.208500,  0,  0,0
80948,2007-02-20 04:28:31,121.497300,31.208500,  0,  0,0
80948,2007-02-20 04:29:32,121.497300,31.208500,  0,  0,0
80948,2007-02-20 04:30:33,121.497300,31.208500,  0,  0,0
80948,2007-02-20 04:31:34,121.497300,31.208500,  0,  0,0
80948,2007-02-20 04:32:35,121.497300,31.208500,  0,  0,0
80948,2007-02-20 04:34:37,121.497300,31.208500,  0,  0,0
80948,2007-02-20 04:35:38,121.497300,31.208500,  0,  0,0
80948,2007-02-20 04:36:39,121.497300,31.208500,  0,  0,0
80948,2007-02-20 04:37:40,121.497300,31.208500,  0,  0,0
80948,2007-02-20 04:38:41,121.497300,31.208500,  0,  0,0
80948,2007-02-20 04:39:42,121.497300,31.208500,  0,  0,0
80948,2007-02-20 04:40:43,121.497300,31.208500,  0,  0,0
80948,2007-02-20 04:41:44,121.497300,31.208500,  0,  0,0
80948,2007-02-20 04:42:45,121.497300,31.208500,  0,  0,0
80948,2007-02-20 04:43:46,121.497300,31.208500,  0,  0,0
80948,2007-02-20 04:44:47,121.497300,31.208500,  0,  0,0
80948,2007-02-20 04:45:48,121.497300,31.208500,  0,  0,0
80948,2007-02-20 04:46:49,121.497300,31.208500,  0,  0,0
80948,2007-02-20 04:47:50,121.497300,31.208500,  0,  0,0
80948,2007-02-20 04:48:51,121.497300,31.208500,  0,  0,0
80948,2007-02-20 04:49:52,121.497300,31.208500,  0,  0,0
80948,2007-02-20 04:50:53,121.497300,31.208500,  0,  0,0
80948,2007-02-20 04:51:54,121.497300,31.208500,  0,  0,0
80948,2007-02-20 04:52:55,121.497300,31.208500,  0,  0,0
80948,2007-02-20 04:53:56,121.497300,31.208500,  0,  0,0
80948,2007-02-20 04:54:57,121.497300,31.208500,  0,  0,0
80948,2007-02-20 04:55:58,121.497300,31.208500,  0,  0,0
80948,2007-02-20 04:56:59,121.497300,31.208500,  0,  0,0
80948,2007-02-20 04:58:00,121.497300,31.208500,  0,  0,0
80948,2007-02-20 04:59:01,121.497300,31.208500,  0,  0,0
80948,2007-02-20 05:00:02,121.497300,31.208500,  0,  0,0
80948,2007-02-20 05:01:03,121.497300,31.208500,  0,  0,0
80948,2007-02-20 05:02:04,121.497300,31.208500,  0,  0,0
80948,2007-02-20 05:03:05,121.497300,31.208500,  0,  0,0
80948,2007-02-20 05:04:06,121.497300,31.208500,  0,  0,0
80948,2007-02-20 05:05:07,121.497300,31.208500,  0,  0,0
80948,2007-02-20 05:06:08,121.497300,31.208500,  0,  0,0
80948,2007-02-20 05:07:09,121.497300,31.208500,  0,  0,0
80948,2007-02-20 05:08:10,121.497300,31.208500,  0,  0,0
80948,2007-02-20 05:09:11,121.497300,31.208500,  0,  0,0
80948,2007-02-20 05:10:12,121.497300,31.208500,  0,  0,0
80948,2007-02-20 05:11:13,121.497300,31.208500,  0,  0,0
80948,2007-02-20 05:12:14,121.497300,31.208500,  0,  0,0
80948,2007-02-20 05:13:15,121.497300,31.208500,  0,  0,0
80948,2007-02-20 05:14:16,121.497300,31.208500,  0,  0,0
80948,2007-02-20 05:15:17,121.497300,31.208500,  0,  0,0
80948,2007-02-20 05:16:18,121.497300,31.208500,  0,  0,0
80948,2007-02-20 05:17:19,121.497300,31.208500,  0,  0,0
80948,2007-02-20 05:18:20,121.497300,31.208500,  0,  0,0
80948,2007-02-20 05:19:21,121.497300,31.208500,  0,  0,0
80948,2007-02-20 05:20:22,121.497300,31.208500,  0,  0,0
80948,2007-02-20 05:21:23,121.497600,31.209300,  0,  0,0
80948,2007-02-20 05:22:24,121.498000,31.209600,  0,  0,0
80948,2007-02-20 05:23:25,121.497300,31.209000,  0,  0,0
80948,2007-02-20 05:24:26,121.497300,31.209000,  0,  0,0
80948,2007-02-20 05:25:14,121.496300,31.208100, 20,112,0
80948,2007-02-20 05:26:15,121.496800,31.208600,  0,112,0
80948,2007-02-20 05:27:16,121.496800,31.208600,  0,112,0
80948,2007-02-20 05:28:17,121.496800,31.208600,  0,112,0
80948,2007-02-20 05:29:18,121.496800,31.208600,  0,112,0
80948,2007-02-20 05:31:20,121.496800,31.208600,  0,112,0
80948,2007-02-20 05:32:21,121.496800,31.208600,  0,112,0
80948,2007-02-20 05:33:22,121.496800,31.208600,  0,112,0
80948,2007-02-20 05:34:23,121.496800,31.208600,  0,112,0
80948,2007-02-20 05:37:26,121.496800,31.208600,  0,112,0
80948,2007-02-20 05:38:27,121.496800,31.208600,  0,112,0
80948,2007-02-20 05:39:28,121.496800,31.208600,  0,112,0
80948,2007-02-20 05:41:30,121.496800,31.208600,  0,112,0
80948,2007-02-20 05:42:31,121.496800,31.208600,  0,112,0
80948,2007-02-20 05:43:32,121.496800,31.208600,  0,112,0
80948,2007-02-20 05:44:33,121.497800,31.209800,  0,112,0
80948,2007-02-20 05:45:34,121.497500,31.209300,  0,112,0
80948,2007-02-20 05:46:35,121.497500,31.209300,  0,112,0
80948,2007-02-20 05:47:36,121.497100,31.208800,  0,112,0
80948,2007-02-20 05:49:38,121.497100,31.209000,  0,112,0
80948,2007-02-20 05:50:39,121.497100,31.209000,  0,112,0
80948,2007-02-20 05:51:40,121.497100,31.209000,  0,112,0
80948,2007-02-20 05:52:41,121.496800,31.208800,  0,112,0
80948,2007-02-20 05:53:42,121.496800,31.208800,  0,112,0
80948,2007-02-20 05:54:43,121.496800,31.208500,  0,112,0
80948,2007-02-20 05:55:32,121.496600,31.207300, 32, 90,0
80948,2007-02-20 05:55:48,121.496800,31.206300, 20, 90,0
80948,2007-02-20 05:56:49,121.496300,31.208300,  0,  0,0
80948,2007-02-20 05:58:51,121.496300,31.208300,  0,  0,0
80948,2007-02-20 05:59:52,121.496300,31.208300,  0,  0,0
80948,2007-02-20 06:00:53,121.496300,31.208500,  0, 90,0
80948,2007-02-20 06:01:54,121.496100,31.207800,  0,112,0
80948,2007-02-20 06:02:56,121.496100,31.207800,  0,112,0
80948,2007-02-20 06:03:56,121.496100,31.207800,  0,112,0
80948,2007-02-20 06:04:57,121.496100,31.207800,  0,112,0
80948,2007-02-20 06:05:58,121.496100,31.207800,  0,112,0
80948,2007-02-20 06:06:59,121.496100,31.207800,  0,112,0
80948,2007-02-20 06:08:00,121.496100,31.207800,  0,112,0
80948,2007-02-20 06:09:01,121.496100,31.207800,  0,112,0
80948,2007-02-20 06:10:02,121.496100,31.207800,  0,112,0
80948,2007-02-20 06:11:03,121.496100,31.207800,  0,112,0
80948,2007-02-20 06:12:04,121.496100,31.207800,  0,112,0
80948,2007-02-20 06:13:05,121.496100,31.207800,  0,112,0
80948,2007-02-20 06:14:06,121.496100,31.207800,  0,112,0
80948,2007-02-20 06:15:07,121.496100,31.207800,  0,112,0
80948,2007-02-20 06:16:08,121.496100,31.207800,  0,112,0
80948,2007-02-20 06:17:09,121.496100,31.207800,  0,112,0
80948,2007-02-20 06:18:10,121.496100,31.207800,  0,112,0
80948,2007-02-20 06:20:12,121.496100,31.207800,  0,112,0
80948,2007-02-20 06:21:13,121.496100,31.207800,  0,112,0
80948,2007-02-20 06:22:14,121.496100,31.207800,  0,112,0
80948,2007-02-20 06:23:15,121.496100,31.207800,  0,112,0
80948,2007-02-20 06:24:15,121.496100,31.207800,  0,112,0
80948,2007-02-20 06:25:16,121.496100,31.207800,  0,112,0
80948,2007-02-20 06:26:17,121.496100,31.207800,  0,112,0
80948,2007-02-20 06:27:18,121.496100,31.207800,  0,112,0
80948,2007-02-20 06:28:19,121.496100,31.207800,  0,112,0
80948,2007-02-20 06:29:20,121.496100,31.207800,  0,112,0
80948,2007-02-20 06:30:21,121.496100,31.207800,  0,112,0
80948,2007-02-20 06:31:22,121.496100,31.207800,  0,112,0
80948,2007-02-20 06:32:23,121.496100,31.207800,  0,112,0
80948,2007-02-20 06:33:24,121.496100,31.207800,  0,112,0
80948,2007-02-20 06:34:25,121.496100,31.207800,  0,112,0
80948,2007-02-20 06:35:26,121.496100,31.207800,  0,112,0
80948,2007-02-20 06:36:27,121.496100,31.207800,  0,112,0
80948,2007-02-20 06:37:28,121.496100,31.207800,  0,112,0
80948,2007-02-20 06:38:29,121.496100,31.207800,  0,112,0
80948,2007-02-20 06:39:30,121.496100,31.207800,  0,112,0
80948,2007-02-20 06:40:31,121.496100,31.207800,  0,112,0
80948,2007-02-20 06:41:32,121.496100,31.207800,  0,112,0
80948,2007-02-20 06:42:33,121.496100,31.207800,  0,112,0
80948,2007-02-20 06:43:34,121.496100,31.207800,  0,112,0
80948,2007-02-20 06:44:35,121.496100,31.207800,  0,112,0
80948,2007-02-20 06:45:36,121.496100,31.207800,  0,112,0
80948,2007-02-20 06:46:37,121.496100,31.207800,  0,112,0
80948,2007-02-20 06:47:38,121.496100,31.207800,  0,112,0
80948,2007-02-20 06:48:39,121.496100,31.207800,  0,112,0
80948,2007-02-20 06:49:40,121.496100,31.207800,  0,112,0
80948,2007-02-20 06:51:42,121.496100,31.207800,  0,112,0
80948,2007-02-20 06:53:44,121.496100,31.207800,  0,112,0
80948,2007-02-20 06:54:45,121.496100,31.207800,  0,112,0
80948,2007-02-20 06:55:46,121.496100,31.207800,  0,112,0
80948,2007-02-20 06:56:47,121.496100,31.207800,  0,112,0
80948,2007-02-20 06:57:49,121.496100,31.207800,  0,112,0
80948,2007-02-20 06:58:49,121.496100,31.207800,  0,112,0
80948,2007-02-20 06:59:50,121.496100,31.207800,  0,112,0
80948,2007-02-20 07:00:51,121.496100,31.207800,  0,112,0
80948,2007-02-20 07:01:52,121.496100,31.207800,  0,112,0
80948,2007-02-20 07:02:54,121.496100,31.207800,  0,112,0
80948,2007-02-20 07:03:54,121.496100,31.207800,  0,112,0
80948,2007-02-20 07:04:55,121.496100,31.207800,  0,112,0
80948,2007-02-20 07:05:56,121.496100,31.207800,  0,112,0
80948,2007-02-20 07:06:57,121.496100,31.207800,  0,112,0
80948,2007-02-20 07:07:59,121.496100,31.207800,  0,112,0
80948,2007-02-20 07:08:59,121.496100,31.207800,  0,112,0
80948,2007-02-20 07:10:00,121.496100,31.207800,  0,112,0
80948,2007-02-20 07:11:01,121.496100,31.207800,  0,112,0
80948,2007-02-20 07:13:04,121.496100,31.207800,  0,112,0
80948,2007-02-20 07:14:04,121.496100,31.207800,  0,112,0
80948,2007-02-20 07:15:05,121.496100,31.207800,  0,112,0
80948,2007-02-20 07:16:06,121.496100,31.207800,  0,112,0
80948,2007-02-20 07:18:09,121.496100,31.207800,  0,112,0
80948,2007-02-20 07:19:09,121.496100,31.207800,  0,112,0
80948,2007-02-20 07:20:10,121.496100,31.207800,  0,112,0
80948,2007-02-20 07:21:11,121.496100,31.207800,  0,112,0
80948,2007-02-20 07:23:14,121.496100,31.207800,  0,112,0
80948,2007-02-20 07:24:14,121.496100,31.207800,  0,112,0
80948,2007-02-20 07:25:15,121.496100,31.207800,  0,112,0
80948,2007-02-20 07:26:16,121.496100,31.207800,  0,112,0
80948,2007-02-20 07:27:17,121.496100,31.207800,  0,112,0
80948,2007-02-20 07:28:19,121.496100,31.207800,  0,112,0
80948,2007-02-20 07:29:19,121.496100,31.207800,  0,112,0
80948,2007-02-20 07:30:20,121.496100,31.207800,  0,112,0
80948,2007-02-20 07:31:21,121.496600,31.208300,  0,112,0
80948,2007-02-20 07:32:22,121.496600,31.208300,  0,112,0
80948,2007-02-20 07:33:24,121.496600,31.208300,  0,112,0
80948,2007-02-20 07:34:24,121.496600,31.208300,  0,112,0
80948,2007-02-20 07:35:25,121.496600,31.208300,  0,112,0
80948,2007-02-20 07:36:26,121.496600,31.208300,  0,112,0
80948,2007-02-20 07:37:56,121.496600,31.208300,  0,  0,0
80948,2007-02-20 07:38:56,121.496600,31.208300,  0,  0,0
80948,2007-02-20 07:40:58,121.496600,31.208300,  0,  0,0
80948,2007-02-20 07:41:59,121.496600,31.208300,  0,  0,0
80948,2007-02-20 07:43:00,121.496600,31.208300,  0,  0,0
80948,2007-02-20 07:44:01,121.496600,31.208300,  0,  0,0
80948,2007-02-20 07:45:02,121.496600,31.208300,  0,  0,0
80948,2007-02-20 07:46:03,121.496600,31.208300,  0,  0,0
80948,2007-02-20 07:47:04,121.496600,31.208300,  0,  0,0
80948,2007-02-20 07:48:05,121.496600,31.208300,  0,  0,0
80948,2007-02-20 07:49:06,121.496600,31.208300,  0,  0,0
80948,2007-02-20 07:50:07,121.496600,31.208300,  0,  0,0
80948,2007-02-20 07:51:08,121.496600,31.208300,  0,  0,0
80948,2007-02-20 07:53:10,121.496600,31.208300,  0,  0,0
80948,2007-02-20 07:54:11,121.496600,31.208300,  0,  0,0
80948,2007-02-20 07:55:12,121.496600,31.208300,  0,  0,0
80948,2007-02-20 07:56:13,121.496600,31.208300,  0,  0,0
80948,2007-02-20 07:57:14,121.496600,31.208300,  0,  0,0
80948,2007-02-20 07:58:15,121.496600,31.208300,  0,  0,0
80948,2007-02-20 07:59:16,121.496600,31.208300,  0,  0,0
80948,2007-02-20 08:00:17,121.496600,31.208300,  0,  0,0
80948,2007-02-20 08:01:18,121.496600,31.208300,  0,  0,0
80948,2007-02-20 08:02:19,121.496600,31.208300,  0,  0,0
80948,2007-02-20 08:04:21,121.496600,31.208300,  0,  0,0
80948,2007-02-20 08:05:22,121.496600,31.208300,  0,  0,0
80948,2007-02-20 08:06:23,121.496600,31.208300,  0,  0,0
80948,2007-02-20 08:07:24,121.496600,31.208300,  0,  0,0
80948,2007-02-20 08:08:25,121.496600,31.208300,  0,  0,0
80948,2007-02-20 08:09:26,121.497500,31.209500,  0,  0,0
80948,2007-02-20 08:10:27,121.497500,31.209300,  0,  0,0
80948,2007-02-20 08:11:28,121.497500,31.209300,  0,  0,0
80948,2007-02-20 08:12:29,121.497500,31.209300,  0,  0,0
80948,2007-02-20 08:13:30,121.497500,31.209300,  0,  0,0
80948,2007-02-20 08:14:31,121.497500,31.209300,  0,  0,0
80948,2007-02-20 08:15:32,121.497500,31.209300,  0,  0,0
80948,2007-02-20 08:16:33,121.497500,31.209300,  0,  0,0
80948,2007-02-20 08:17:34,121.497500,31.209300,  0,  0,0
80948,2007-02-20 08:18:35,121.497100,31.209300,  0,  0,0
80948,2007-02-20 08:19:36,121.496800,31.208600,  0,  0,0
80948,2007-02-20 08:20:37,121.496800,31.208600,  0,  0,0
80948,2007-02-20 08:21:38,121.496800,31.208600,  0,  0,0
80948,2007-02-20 08:22:39,121.496800,31.208600,  0,  0,0
80948,2007-02-20 08:23:40,121.496800,31.208600,  0,  0,0
80948,2007-02-20 08:24:41,121.496800,31.208600,  0,  0,0
80948,2007-02-20 08:25:42,121.496800,31.208600,  0,  0,0
80948,2007-02-20 08:26:43,121.496800,31.208600,  0,  0,0
80948,2007-02-20 08:27:44,121.496800,31.208600,  0,  0,0
80948,2007-02-20 08:28:45,121.496800,31.208600,  0,  0,0
80948,2007-02-20 08:29:25,121.496800,31.208600,  0,  0,0
80948,2007-02-20 08:30:25,121.496800,31.208600,  0,  0,0
80948,2007-02-20 08:31:26,121.496800,31.208600,  0,  0,0
80948,2007-02-20 08:32:27,121.496800,31.208600,  0,  0,0
80948,2007-02-20 08:33:28,121.496800,31.208600,  0,  0,0
80948,2007-02-20 08:34:29,121.496800,31.208600,  0,  0,0
80948,2007-02-20 08:35:30,121.496800,31.208600,  0,  0,0
80948,2007-02-20 08:36:31,121.496800,31.208600,  0,  0,0
80948,2007-02-20 08:38:33,121.496800,31.208600,  0,  0,0
80948,2007-02-20 08:39:34,121.496800,31.208600,  0,  0,0
80948,2007-02-20 08:40:35,121.496800,31.208600,  0,  0,0
80948,2007-02-20 08:41:36,121.496800,31.208600,  0,  0,0
80948,2007-02-20 08:42:37,121.496800,31.208600,  0,  0,0
80948,2007-02-20 08:43:38,121.496800,31.208600,  0,  0,0
80948,2007-02-20 08:44:39,121.496800,31.208600,  0,  0,0
80948,2007-02-20 08:45:40,121.496800,31.208600,  0,  0,0
80948,2007-02-20 08:46:41,121.496800,31.208600,  0,  0,0
80948,2007-02-20 08:47:42,121.496800,31.208600,  0,  0,0
80948,2007-02-20 08:49:06,121.496800,31.208600,  0,  0,0
80948,2007-02-20 08:50:06,121.496800,31.208600,  0,  0,0
80948,2007-02-20 08:51:07,121.496800,31.208600,  0,  0,0
80948,2007-02-20 08:52:08,121.496800,31.208600,  0,  0,0
80948,2007-02-20 08:53:29,121.496800,31.208600,  0,  0,0
80948,2007-02-20 08:54:29,121.496800,31.208600,  0,  0,0
80948,2007-02-20 08:55:37,121.496800,31.208600,  0,  0,0
80948,2007-02-20 08:56:37,121.496800,31.208600,  0,  0,0
80948,2007-02-20 08:57:46,121.496800,31.208600,  0,  0,0
80948,2007-02-20 08:58:47,121.496800,31.208600,  0,  0,0
80948,2007-02-20 09:00:26,121.496800,31.208600,  0,  0,0
80948,2007-02-20 09:02:27,121.496800,31.208600,  0,  0,0
80948,2007-02-20 09:03:28,121.496800,31.208600,  0,  0,0
80948,2007-02-20 09:04:29,121.496800,31.208600,  0,  0,0
80948,2007-02-20 09:05:30,121.496800,31.208600,  0,  0,0
80948,2007-02-20 09:06:31,121.496800,31.208600,  0,  0,0
80948,2007-02-20 09:07:32,121.496800,31.208600,  0,  0,0
80948,2007-02-20 09:08:33,121.496800,31.208600,  0,  0,0
80948,2007-02-20 09:09:34,121.496800,31.208600,  0,  0,0
80948,2007-02-20 09:10:35,121.496800,31.208600,  0,  0,0
80948,2007-02-20 09:11:36,121.496800,31.208600,  0,  0,0
80948,2007-02-20 09:12:37,121.496800,31.208600,  0,  0,0
80948,2007-02-20 09:13:38,121.496800,31.208600,  0,  0,0
80948,2007-02-20 09:14:39,121.496800,31.208600,  0,  0,0
80948,2007-02-20 09:15:40,121.496800,31.208600,  0,  0,0
80948,2007-02-20 09:16:41,121.496800,31.208600,  0,  0,0
80948,2007-02-20 09:17:42,121.496800,31.208600,  0,  0,0
80948,2007-02-20 09:19:44,121.496800,31.208600,  0,  0,0
80948,2007-02-20 09:20:45,121.496800,31.208600,  0,  0,0
80948,2007-02-20 09:21:46,121.496800,31.208600,  0,  0,0
80948,2007-02-20 09:22:47,121.496800,31.208600,  0,  0,0
80948,2007-02-20 09:23:49,121.496800,31.208600,  0,  0,0
80948,2007-02-20 09:24:49,121.496800,31.208600,  0,  0,0
80948,2007-02-20 09:25:50,121.496800,31.208600,  0,  0,0
80948,2007-02-20 09:26:51,121.496800,31.208600,  0,  0,0
80948,2007-02-20 09:27:52,121.496800,31.208600,  0,  0,0
80948,2007-02-20 09:28:54,121.496800,31.208600,  0,  0,0
80948,2007-02-20 09:29:54,121.496800,31.208600,  0,  0,0
80948,2007-02-20 09:30:55,121.497500,31.208500,  0,  0,0
80948,2007-02-20 09:31:56,121.497500,31.208600,  0,  0,0
80948,2007-02-20 09:32:57,121.497500,31.208600,  0,  0,0
80948,2007-02-20 09:33:59,121.497500,31.208600,  0,  0,0
80948,2007-02-20 09:34:59,121.497500,31.208600,  0,  0,0
80948,2007-02-20 09:36:00,121.497500,31.208600,  0,  0,0
80948,2007-02-20 09:37:01,121.497500,31.208600,  0,  0,0
80948,2007-02-20 09:38:02,121.497500,31.208600,  0,  0,0
80948,2007-02-20 09:39:04,121.497500,31.208600,  0,  0,0
80948,2007-02-20 09:40:04,121.497000,31.209500,  0,  0,0
80948,2007-02-20 09:41:05,121.497100,31.209500,  0,  0,0
80948,2007-02-20 09:42:06,121.497100,31.209500,  0,  0,0
80948,2007-02-20 09:43:07,121.497100,31.209500,  0,  0,0
80948,2007-02-20 09:45:09,121.497100,31.209500,  0,  0,0
80948,2007-02-20 09:46:10,121.497100,31.209500,  0,  0,0
80948,2007-02-20 09:47:11,121.497100,31.209500,  0,  0,0
80948,2007-02-20 09:48:12,121.497100,31.209500,  0,  0,0
80948,2007-02-20 09:49:14,121.497100,31.209500,  0,  0,0
80948,2007-02-20 09:50:14,121.497500,31.209600,  0,  0,0
80948,2007-02-20 09:52:16,121.496800,31.208800,  0,  0,0
80948,2007-02-20 09:53:17,121.496800,31.208800,  0,  0,0
80948,2007-02-20 09:54:19,121.496800,31.208800,  0,  0,0
80948,2007-02-20 09:55:19,121.496800,31.208800,  0,  0,0
80948,2007-02-20 09:56:20,121.497000,31.208800,  0,  0,0
80948,2007-02-20 09:57:22,121.497000,31.208800,  0,  0,0
80948,2007-02-20 09:58:22,121.496800,31.208600,  0,  0,0
80948,2007-02-20 09:59:24,121.496800,31.208600,  0,  0,0
80948,2007-02-20 10:00:24,121.496800,31.208600,  0,  0,0
80948,2007-02-20 10:01:25,121.496800,31.208600,  0,  0,0
80948,2007-02-20 10:02:26,121.496800,31.208600,  0,  0,0
80948,2007-02-20 10:03:27,121.496800,31.208600,  0,  0,0
80948,2007-02-20 10:04:29,121.496800,31.208600,  0,  0,0
80948,2007-02-20 10:05:29,121.496800,31.208600,  0,  0,0
80948,2007-02-20 10:06:30,121.496800,31.208600,  0,  0,0
80948,2007-02-20 10:07:31,121.496800,31.208600,  0,  0,0
80948,2007-02-20 10:08:32,121.496800,31.208600,  0,  0,0
80948,2007-02-20 10:09:34,121.496800,31.208600,  0,  0,0
80948,2007-02-20 10:11:35,121.496800,31.208600,  0,  0,0
80948,2007-02-20 10:12:36,121.496800,31.208600,  0,  0,0
80948,2007-02-20 10:13:37,121.496800,31.208600,  0,  0,0
80948,2007-02-20 10:14:39,121.496800,31.208600,  0,  0,0
80948,2007-02-20 10:15:39,121.496800,31.208600,  0,  0,0
80948,2007-02-20 10:16:40,121.496800,31.208600,  0,  0,0
80948,2007-02-20 10:17:41,121.496800,31.208600,  0,  0,0
80948,2007-02-20 10:18:41,121.496800,31.208600,  0,  0,0
80948,2007-02-20 10:19:43,121.496800,31.208600,  0,  0,0
80948,2007-02-20 10:20:43,121.496800,31.208600,  0,  0,0
80948,2007-02-20 10:21:44,121.496800,31.208600,  0,  0,0
80948,2007-02-20 10:22:45,121.496800,31.208600,  0,  0,0
80948,2007-02-20 10:23:46,121.496800,31.208600,  0,  0,0
80948,2007-02-20 10:24:48,121.496800,31.208600,  0,  0,0
80948,2007-02-20 10:26:50,121.496800,31.209000,  0,  0,0
80948,2007-02-20 10:27:50,121.496500,31.209300,  6, 22,0
80948,2007-02-20 10:28:28,121.497500,31.210100, 10,  0,0
80948,2007-02-20 10:28:57,121.497000,31.211100,  4,  0,0
80948,2007-02-20 10:29:41,121.496100,31.211000, 22,112,0
80948,2007-02-20 10:29:59,121.495300,31.210100, 24,112,0
80948,2007-02-20 10:30:19,121.494300,31.209600, 22,112,0
80948,2007-02-20 10:30:56,121.492300,31.208800, 22,112,0
80948,2007-02-20 10:31:13,121.490500,31.208000, 32,112,0
80948,2007-02-20 10:31:29,121.489100,31.207600, 26,135,0
80948,2007-02-20 10:32:17,121.489600,31.206600, 16,112,0
80948,2007-02-20 10:32:35,121.488800,31.206000, 22,112,0
80948,2007-02-20 10:33:36,121.488300,31.205500,  0,112,0
80948,2007-02-20 10:34:38,121.488300,31.205500,  0,112,0
80948,2007-02-20 10:35:38,121.488300,31.205500,  0,112,0
80948,2007-02-20 10:36:40,121.479100,31.201500,  0,112,0
80948,2007-02-20 10:37:13,121.478000,31.201100, 24,112,0
80948,2007-02-20 10:37:29,121.477000,31.200600, 24,112,0
80948,2007-02-20 10:37:46,121.475800,31.200300, 26,135,0
80948,2007-02-20 10:38:01,121.474600,31.200000, 26,135,0
80948,2007-02-20 10:38:19,121.473600,31.199500, 10,135,0
80948,2007-02-20 10:39:19,121.473100,31.199600,  0,157,0
80948,2007-02-20 10:40:20,121.473100,31.199600,  0,157,0
80948,2007-02-20 10:41:21,121.473100,31.199600,  0,157,0
80948,2007-02-20 10:42:08,121.468300,31.199100, 22,157,0
80948,2007-02-20 10:42:27,121.467800,31.200000, 10,  0,0
80948,2007-02-20 10:42:55,121.466600,31.200000, 22,135,0
80948,2007-02-20 10:43:16,121.465500,31.199600, 14,135,0
80948,2007-02-20 10:44:17,121.464800,31.199300,  0,135,0
80948,2007-02-20 10:45:18,121.464600,31.198600, 14, 90,0
80948,2007-02-20 10:45:42,121.464800,31.197600, 20, 90,0
80948,2007-02-20 10:46:43,121.465000,31.197100,  0, 90,0
80948,2007-02-20 10:47:36,121.465800,31.196600, 18, 45,0
80948,2007-02-20 10:48:37,121.466300,31.196600,  0,112,0
80948,2007-02-20 10:49:09,121.467500,31.196500, 24, 45,0
80948,2007-02-20 10:49:24,121.468500,31.196800, 26, 45,0
80948,2007-02-20 10:50:25,121.469500,31.197000,  0, 45,0
80948,2007-02-20 10:51:26,121.469500,31.197000,  0, 45,0
80948,2007-02-20 10:52:28,121.469500,31.197000,  0, 45,0
80948,2007-02-20 10:53:28,121.469500,31.197000,  0, 45,0
80948,2007-02-20 10:54:29,121.482100,31.178100,  0, 45,0
80948,2007-02-20 10:55:08,121.482000,31.176800, 22,112,0
80948,2007-02-20 10:55:30,121.481000,31.176300, 14,112,0
80948,2007-02-20 10:56:21,121.480000,31.175800, 16,112,0
80948,2007-02-20 10:56:45,121.479000,31.175300, 22,112,0
80948,2007-02-20 10:57:03,121.478000,31.174800, 26,112,0
80948,2007-02-20 10:57:19,121.477000,31.174300, 26,112,0
80948,2007-02-20 10:57:35,121.476000,31.173600, 24,112,0
80948,2007-02-20 10:57:51,121.475000,31.173100, 26,112,0
80948,2007-02-20 10:58:07,121.474100,31.172500, 24,112,0
80948,2007-02-20 10:58:23,121.474100,31.171500, 32, 90,0
80948,2007-02-20 10:58:39,121.474600,31.170300, 34, 90,0
80948,2007-02-20 10:58:55,121.475100,31.169100, 36, 90,0
80948,2007-02-20 10:59:11,121.475800,31.167800, 36, 90,0
80948,2007-02-20 10:59:27,121.476300,31.166500, 36, 90,0
80948,2007-02-20 10:59:43,121.476800,31.165300, 34, 90,0
80948,2007-02-20 10:59:59,121.477300,31.164000, 40, 90,0
80948,2007-02-20 11:00:15,121.478000,31.162300, 44, 90,0
80948,2007-02-20 11:00:31,121.478600,31.160800, 42, 90,0
80948,2007-02-20 11:00:47,121.479100,31.159300, 44, 90,0
80948,2007-02-20 11:01:03,121.479800,31.157800, 40, 90,0
80948,2007-02-20 11:01:19,121.480500,31.156300, 46, 90,0
80948,2007-02-20 11:01:35,121.480800,31.154800, 34, 90,0
80948,2007-02-20 11:01:51,121.481300,31.153500, 38, 90,0
80948,2007-02-20 11:02:07,121.481800,31.152100, 32, 90,0
80948,2007-02-20 11:02:23,121.482100,31.151100, 20, 90,0
80948,2007-02-20 11:02:47,121.481300,31.150600, 28,112,0
80948,2007-02-20 11:03:05,121.480300,31.150100, 12, 90,0
80948,2007-02-20 11:04:00,121.477300,31.148600, 28,135,0
80948,2007-02-20 11:04:21,121.476800,31.148000, 24, 90,0
80948,2007-02-20 11:04:37,121.477100,31.147000, 32, 90,0
80948,2007-02-20 11:04:53,121.477500,31.146000,  8, 90,0
80948,2007-02-20 11:05:12,121.476500,31.145500, 32,112,0
80948,2007-02-20 11:05:28,121.475300,31.145000, 32,112,0
80948,2007-02-20 11:05:44,121.474000,31.144500, 34,112,0
80948,2007-02-20 11:06:00,121.472500,31.144000, 30,112,0
80948,2007-02-20 11:06:31,121.471600,31.143500, 12, 90,0
80948,2007-02-20 11:07:32,121.471600,31.143500,  0,  0,0
80948,2007-02-20 11:08:33,121.471600,31.143500,  0,  0,0
80948,2007-02-20 11:09:34,121.471600,31.143500,  0,  0,0
80948,2007-02-20 11:11:36,121.471600,31.143500,  0,  0,0
80948,2007-02-20 11:12:37,121.471600,31.143500,  0,  0,0
80948,2007-02-20 11:13:38,121.471600,31.143500,  0,  0,0
80948,2007-02-20 11:14:39,121.471600,31.143500,  0,  0,0
80948,2007-02-20 11:15:40,121.471600,31.143500,  0,  0,0
80948,2007-02-20 11:17:42,121.471600,31.143500,  0,  0,0
80948,2007-02-20 11:18:43,121.471600,31.143500,  0,  0,0
80948,2007-02-20 11:19:44,121.471600,31.143300,  0,  0,0
80948,2007-02-20 11:21:46,121.471600,31.143300,  0,  0,0
80948,2007-02-20 11:23:48,121.471600,31.143300,  0,  0,0
80948,2007-02-20 11:24:49,121.471600,31.143300,  0,  0,0
80948,2007-02-20 11:25:50,121.471600,31.143300,  0,  0,0
80948,2007-02-20 11:26:51,121.471600,31.143300,  0,  0,0
80948,2007-02-20 11:27:52,121.471600,31.143300,  0,  0,0
80948,2007-02-20 11:28:53,121.471600,31.143300,  0,  0,0
80948,2007-02-20 11:29:54,121.471600,31.143300,  0,  0,0
80948,2007-02-20 11:30:55,121.471600,31.143300,  0,  0,0
80948,2007-02-20 11:31:56,121.471600,31.143300,  0,  0,0
80948,2007-02-20 11:32:57,121.471600,31.143300,  0,  0,0
80948,2007-02-20 11:33:58,121.471600,31.143300,  0,  0,0
80948,2007-02-20 11:34:59,121.471600,31.143300,  0,  0,0
80948,2007-02-20 11:36:00,121.471600,31.143300,  0,  0,0
80948,2007-02-20 11:37:01,121.471600,31.143300,  0,  0,0
80948,2007-02-20 11:38:02,121.471600,31.143300,  0,  0,0
80948,2007-02-20 11:39:03,121.471600,31.143300,  0,  0,0
80948,2007-02-20 11:40:04,121.471600,31.143300,  0,  0,0
80948,2007-02-20 11:41:05,121.471600,31.143300,  0,  0,0
80948,2007-02-20 11:43:07,121.471600,31.143300,  0,  0,0
80948,2007-02-20 11:44:08,121.471600,31.143300,  0,  0,0
80948,2007-02-20 11:45:09,121.471600,31.143300,  0,  0,0
80948,2007-02-20 11:46:10,121.471600,31.143300,  0,  0,0
80948,2007-02-20 11:47:11,121.471600,31.143300,  0,  0,0
80948,2007-02-20 11:48:12,121.471600,31.143300,  0,  0,0
80948,2007-02-20 11:49:13,121.471600,31.143300,  0,  0,0
80948,2007-02-20 11:51:15,121.471600,31.143300,  0,  0,0
80948,2007-02-20 11:52:16,121.471600,31.143300,  0,  0,0
80948,2007-02-20 11:53:17,121.471600,31.143300,  0,  0,0
80948,2007-02-20 11:54:18,121.471600,31.143300,  0,  0,0
80948,2007-02-20 11:55:19,121.471600,31.143300,  0,  0,0
80948,2007-02-20 11:56:20,121.471600,31.143300,  0,  0,0
80948,2007-02-20 11:57:21,121.471600,31.143300,  0,  0,0
80948,2007-02-20 11:58:22,121.471600,31.143300,  0,  0,0
80948,2007-02-20 11:59:23,121.471600,31.143300,  0,  0,0
80948,2007-02-20 12:00:24,121.471600,31.143300,  0,  0,0
80948,2007-02-20 12:02:26,121.471600,31.143300,  0,  0,0
80948,2007-02-20 12:03:27,121.471600,31.143300,  0,  0,0
80948,2007-02-20 12:04:28,121.471600,31.143300,  0,  0,0
80948,2007-02-20 12:05:29,121.471600,31.143300,  0,  0,0
80948,2007-02-20 12:06:30,121.471600,31.143300,  0,  0,0
80948,2007-02-20 12:09:33,121.471600,31.143300,  0,  0,0
80948,2007-02-20 12:10:34,121.471600,31.143300,  0,  0,0
80948,2007-02-20 12:11:35,121.471600,31.143300,  0,  0,0
80948,2007-02-20 12:12:36,121.471600,31.143300,  0,  0,0
80948,2007-02-20 12:13:37,121.471600,31.143300,  0,  0,0
80948,2007-02-20 12:14:38,121.471600,31.143300,  0,  0,0
80948,2007-02-20 12:15:39,121.471600,31.143300,  0,  0,0
80948,2007-02-20 12:17:41,121.471600,31.143300,  0,  0,0
80948,2007-02-20 12:18:42,121.471600,31.143300,  0,  0,0
80948,2007-02-20 12:19:43,121.471600,31.143300,  0,  0,0
80948,2007-02-20 12:20:46,121.471600,31.143300,  0,  0,0
80948,2007-02-20 12:21:46,121.471600,31.143300,  0,  0,0
80948,2007-02-20 12:22:47,121.471600,31.143300,  0,  0,0
80948,2007-02-20 12:23:48,121.471600,31.143300,  0,  0,0
80948,2007-02-20 12:24:49,121.471600,31.143300,  0,  0,0
80948,2007-02-20 12:25:50,121.471600,31.143300,  0,  0,0
80948,2007-02-20 12:26:51,121.471600,31.143300,  0,  0,0
80948,2007-02-20 12:27:52,121.471600,31.143300,  0,  0,0
80948,2007-02-20 12:28:53,121.471600,31.143300,  0,  0,0
80948,2007-02-20 12:30:55,121.471600,31.143300,  0,  0,0
80948,2007-02-20 12:32:57,121.471600,31.143300,  0,  0,0
80948,2007-02-20 12:34:59,121.471600,31.143300,  0,  0,0
80948,2007-02-20 12:36:00,121.471600,31.143300,  0,  0,0
80948,2007-02-20 12:37:01,121.471600,31.143300,  0,  0,0
80948,2007-02-20 12:38:02,121.471600,31.143300,  0,  0,0
80948,2007-02-20 12:39:03,121.471600,31.143300,  0,  0,0
80948,2007-02-20 12:40:04,121.471600,31.143300,  0,  0,0
80948,2007-02-20 12:42:06,121.471600,31.143300,  0,  0,0
80948,2007-02-20 12:43:07,121.471600,31.143300,  0,  0,0
80948,2007-02-20 12:44:08,121.471600,31.143300,  0,  0,0
80948,2007-02-20 12:45:09,121.471600,31.143300,  0,  0,0
80948,2007-02-20 12:46:10,121.471600,31.143300,  0,  0,0
80948,2007-02-20 12:47:11,121.471600,31.143300,  0,  0,0
80948,2007-02-20 12:48:12,121.471600,31.143300,  0,  0,0
80948,2007-02-20 12:49:13,121.471600,31.143300,  0,  0,0
