87043,2007-02-20 00:00:03,121.457500,31.329000,  0,  0,0
87043,2007-02-20 00:01:04,121.457500,31.329000,  0, 22,0
87043,2007-02-20 00:02:05,121.457500,31.329000,  0, 22,0
87043,2007-02-20 00:03:06,121.457500,31.329000,  0, 22,0
87043,2007-02-20 00:04:06,121.457600,31.329000,  0,135,0
87043,2007-02-20 00:05:08,121.457600,31.329000,  0,135,0
87043,2007-02-20 00:06:09,121.457600,31.329000,  0,135,0
87043,2007-02-20 00:07:10,121.457600,31.329000,  0,135,0
87043,2007-02-20 00:08:11,121.457600,31.329000,  0,135,0
87043,2007-02-20 00:09:11,121.457500,31.329300,  0,135,0
87043,2007-02-20 00:10:13,121.457600,31.329300,  0,135,0
87043,2007-02-20 00:11:14,121.457600,31.328800,  0,135,0
87043,2007-02-20 00:12:05,121.456300,31.328800, 32,135,0
87043,2007-02-20 00:12:21,121.455300,31.328600, 24,112,0
87043,2007-02-20 00:13:21,121.455100,31.328100,  0, 90,0
87043,2007-02-20 00:14:23,121.455100,31.328100,  0, 90,0
87043,2007-02-20 00:15:24,121.455100,31.328100,  0, 90,0
87043,2007-02-20 00:16:25,121.455100,31.328100,  0, 90,0
87043,2007-02-20 00:17:26,121.455100,31.328100,  0, 90,0
87043,2007-02-20 00:18:26,121.455100,31.328100,  0, 90,0
87043,2007-02-20 00:20:29,121.455100,31.328100,  0, 90,0
87043,2007-02-20 00:21:30,121.455100,31.328100,  0, 90,0
87043,2007-02-20 00:22:31,121.455100,31.328100,  0, 90,0
87043,2007-02-20 00:23:31,121.455100,31.328100,  0, 90,0
87043,2007-02-20 00:24:33,121.455100,31.328100,  0, 90,0
87043,2007-02-20 00:25:34,121.455100,31.328100,  0, 90,0
87043,2007-02-20 00:26:35,121.455100,31.328100,  0, 90,0
87043,2007-02-20 00:27:36,121.455100,31.328100,  0, 90,0
87043,2007-02-20 00:28:36,121.455100,31.328100,  0, 90,0
87043,2007-02-20 00:29:01,121.455100,31.329000, 36,  0,0
87043,2007-02-20 00:29:18,121.455300,31.330500, 28,  0,0
87043,2007-02-20 00:30:19,121.455300,31.330600,  0,  0,0
87043,2007-02-20 00:30:41,121.455100,31.330500, 16, 90,1
87043,2007-02-20 00:31:41,121.455000,31.325100, 30, 90,1
87043,2007-02-20 00:33:43,121.455100,31.315000, 30, 90,1
87043,2007-02-20 00:34:44,121.454300,31.312300, 16, 45,1
87043,2007-02-20 00:35:19,121.455000,31.311800,  0, 90,0
87043,2007-02-20 00:36:19,121.455000,31.311800,  0, 45,0
87043,2007-02-20 00:37:03,121.454300,31.312500, 12, 45,0
87043,2007-02-20 00:37:19,121.455300,31.313000, 40,  0,0
87043,2007-02-20 00:37:35,121.455300,31.314600, 32,  0,0
87043,2007-02-20 00:37:51,121.455300,31.316000, 38,  0,0
87043,2007-02-20 00:38:06,121.455300,31.317300, 44,  0,0
87043,2007-02-20 00:38:23,121.455300,31.319000, 36,  0,0
87043,2007-02-20 00:39:16,121.455300,31.319800, 40,  0,0
87043,2007-02-20 00:39:33,121.455300,31.321600, 42,  0,0
87043,2007-02-20 00:39:49,121.455100,31.323300, 50,  0,0
87043,2007-02-20 00:40:05,121.455100,31.324600,  8,  0,0
87043,2007-02-20 00:40:41,121.455100,31.327300, 50,  0,0
87043,2007-02-20 00:40:56,121.455100,31.328300,  0,  0,0
87043,2007-02-20 00:41:40,121.455100,31.329500, 28,  0,0
87043,2007-02-20 00:41:56,121.455300,31.330500, 20,  0,0
87043,2007-02-20 00:42:56,121.455300,31.330600,  0,  0,0
87043,2007-02-20 00:43:58,121.455300,31.330600,  0,  0,0
87043,2007-02-20 00:44:59,121.455300,31.330600,  0,  0,0
87043,2007-02-20 00:46:00,121.455300,31.330600,  0,  0,0
87043,2007-02-20 00:47:01,121.455300,31.330600,  0,  0,0
87043,2007-02-20 00:48:01,121.455300,31.330600,  0,  0,0
87043,2007-02-20 00:49:03,121.455300,31.330600,  0,  0,0
87043,2007-02-20 00:50:04,121.455300,31.330600,  0,  0,0
87043,2007-02-20 00:51:05,121.455300,31.330600,  0,  0,0
87043,2007-02-20 00:53:06,121.455300,31.330600,  0,  0,0
87043,2007-02-20 00:54:08,121.455300,31.330600,  0,  0,0
87043,2007-02-20 00:55:09,121.455300,31.330600,  0,  0,0
87043,2007-02-20 00:56:10,121.455300,31.330600,  0,  0,0
87043,2007-02-20 00:57:11,121.455300,31.330600,  0,  0,0
87043,2007-02-20 00:58:11,121.455300,31.330600,  0,  0,0
87043,2007-02-20 00:59:13,121.455300,31.330600,  0,  0,0
87043,2007-02-20 01:00:14,121.455100,31.330600,  0,  0,0
87043,2007-02-20 01:01:15,121.455100,31.330600,  0,  0,0
87043,2007-02-20 01:03:16,121.455100,31.330600,  0,  0,0
87043,2007-02-20 01:04:18,121.455100,31.330600,  0,  0,0
87043,2007-02-20 01:05:19,121.455100,31.330600,  0,  0,0
87043,2007-02-20 01:06:20,121.455100,31.330600,  0,  0,0
87043,2007-02-20 01:07:21,121.455100,31.330600,  0,  0,0
87043,2007-02-20 01:08:21,121.455100,31.330600,  0,  0,0
87043,2007-02-20 01:09:23,121.455100,31.330600,  0,  0,0
87043,2007-02-20 01:10:24,121.455100,31.330600,  0,  0,0
87043,2007-02-20 01:11:25,121.455100,31.330600,  0,  0,0
87043,2007-02-20 01:12:26,121.455100,31.330600,  0,  0,0
87043,2007-02-20 01:13:26,121.455100,31.330600,  0,  0,0
87043,2007-02-20 01:14:28,121.455100,31.330600,  0,  0,0
87043,2007-02-20 01:15:29,121.455100,31.330600,  0,  0,0
87043,2007-02-20 01:16:30,121.455100,31.330600,  0,  0,0
87043,2007-02-20 01:17:31,121.455100,31.330600,  0,  0,0
87043,2007-02-20 01:18:31,121.455100,31.330600,  0,  0,0
87043,2007-02-20 01:19:33,121.455100,31.330600,  0,  0,0
87043,2007-02-20 01:20:34,121.455100,31.330600,  0,  0,0
87043,2007-02-20 01:22:36,121.455100,31.330600,  0,  0,0
87043,2007-02-20 01:23:36,121.455100,31.330600,  0,  0,0
87043,2007-02-20 01:24:38,121.455100,31.330600,  0,  0,0
87043,2007-02-20 01:25:39,121.455100,31.330600,  0,  0,0
87043,2007-02-20 01:26:40,121.455100,31.330600,  0,  0,0
87043,2007-02-20 01:27:41,121.455100,31.330600,  0,  0,0
87043,2007-02-20 01:28:41,121.455100,31.330600,  0,  0,0
87043,2007-02-20 01:29:43,121.455100,31.330600,  0,  0,0
87043,2007-02-20 01:30:44,121.455100,31.330600,  0,  0,0
87043,2007-02-20 01:31:45,121.455100,31.330600,  0,  0,0
87043,2007-02-20 01:32:46,121.455100,31.330600,  0,  0,0
87043,2007-02-20 01:33:46,121.455100,31.330600,  0,  0,0
87043,2007-02-20 01:34:48,121.455100,31.330600,  0,  0,0
87043,2007-02-20 01:36:50,121.455100,31.330600,  0,  0,0
87043,2007-02-20 01:37:51,121.455100,31.330600,  0,  0,0
87043,2007-02-20 01:38:51,121.455100,31.330600,  0,  0,0
87043,2007-02-20 01:39:53,121.455100,31.330600,  0,  0,0
87043,2007-02-20 01:40:54,121.455100,31.330600,  0,  0,0
87043,2007-02-20 01:41:55,121.455100,31.330600,  0,  0,0
87043,2007-02-20 01:42:56,121.455100,31.330600,  0,  0,0
87043,2007-02-20 01:43:56,121.455100,31.330600,  0,  0,0
87043,2007-02-20 01:44:58,121.455100,31.330600,  0,  0,0
87043,2007-02-20 01:45:59,121.455100,31.330600,  0,  0,0
87043,2007-02-20 01:47:00,121.455100,31.330600,  0,  0,0
87043,2007-02-20 01:49:01,121.455100,31.330600,  0,  0,0
87043,2007-02-20 01:50:03,121.455100,31.330600,  0,  0,0
87043,2007-02-20 01:51:04,121.455100,31.330600,  0,  0,0
87043,2007-02-20 01:52:05,121.455100,31.330600,  0,  0,0
87043,2007-02-20 01:53:06,121.455100,31.330600,  0,  0,0
87043,2007-02-20 01:54:06,121.455100,31.330600,  0,  0,0
87043,2007-02-20 01:55:08,121.455100,31.330600,  0,  0,0
87043,2007-02-20 01:56:09,121.455100,31.330600,  0,  0,0
87043,2007-02-20 01:57:10,121.455100,31.330600,  0,  0,0
87043,2007-02-20 01:58:11,121.455100,31.330600,  0,  0,0
87043,2007-02-20 01:59:11,121.455100,31.330600,  0,  0,0
87043,2007-02-20 02:00:13,121.455100,31.330600,  0,  0,0
87043,2007-02-20 02:01:14,121.455100,31.330600,  0,  0,0
87043,2007-02-20 02:04:16,121.455100,31.330600,  0,  0,0
87043,2007-02-20 02:05:18,121.455100,31.330600,  0,  0,0
87043,2007-02-20 02:06:19,121.455100,31.330600,  0,  0,0
87043,2007-02-20 02:07:20,121.455100,31.330600,  0,  0,0
87043,2007-02-20 02:08:21,121.455100,31.330600,  0,  0,0
87043,2007-02-20 02:09:21,121.455100,31.330600,  0,  0,0
87043,2007-02-20 02:10:23,121.455100,31.330600,  0,  0,0
87043,2007-02-20 02:11:24,121.455100,31.330600,  0,  0,0
87043,2007-02-20 02:12:25,121.455100,31.330600,  0,  0,0
87043,2007-02-20 02:13:26,121.455100,31.330600,  0,  0,0
87043,2007-02-20 02:15:28,121.455100,31.330600,  0,  0,0
87043,2007-02-20 02:16:29,121.455100,31.330600,  0,  0,0
87043,2007-02-20 02:17:30,121.455100,31.330600,  0,  0,0
87043,2007-02-20 02:18:31,121.455100,31.330600,  0,  0,0
87043,2007-02-20 02:19:31,121.455100,31.330600,  0,  0,0
87043,2007-02-20 02:20:33,121.455100,31.330600,  0,  0,0
87043,2007-02-20 02:21:34,121.455100,31.330600,  0,  0,0
87043,2007-02-20 02:22:35,121.455100,31.330600,  0,  0,0
87043,2007-02-20 02:23:36,121.455100,31.330600,  0,  0,0
87043,2007-02-20 02:24:36,121.455100,31.330600,  0,  0,0
87043,2007-02-20 02:25:38,121.455100,31.330600,  0,  0,0
87043,2007-02-20 02:26:39,121.455100,31.330600,  0,  0,0
87043,2007-02-20 02:27:40,121.455100,31.330600,  0,  0,0
87043,2007-02-20 02:28:41,121.455100,31.330600,  0,  0,0
87043,2007-02-20 02:29:41,121.455100,31.330600,  0,  0,0
87043,2007-02-20 02:30:43,121.455100,31.330600,  0,  0,0
87043,2007-02-20 02:31:44,121.455100,31.330600,  0,  0,0
87043,2007-02-20 02:33:46,121.455100,31.330600,  0,  0,0
87043,2007-02-20 02:34:46,121.455100,31.330600,  0,  0,0
87043,2007-02-20 02:35:48,121.455100,31.330600,  0,  0,0
87043,2007-02-20 02:36:49,121.455100,31.330600,  0,  0,0
87043,2007-02-20 02:37:50,121.455100,31.330600,  0,  0,0
87043,2007-02-20 02:38:51,121.455100,31.330600,  0,  0,0
87043,2007-02-20 02:39:51,121.455100,31.330600,  0,  0,0
87043,2007-02-20 02:40:53,121.455100,31.330500,  0, 45,0
87043,2007-02-20 02:41:54,121.455100,31.330500,  0, 45,0
87043,2007-02-20 02:42:55,121.455100,31.330500,  0, 45,0
87043,2007-02-20 02:43:56,121.455100,31.330500,  0, 45,0
87043,2007-02-20 02:44:56,121.455100,31.330500,  0, 45,0
87043,2007-02-20 02:45:58,121.455100,31.330500,  0, 45,0
87043,2007-02-20 02:46:59,121.455100,31.330500,  0, 45,0
87043,2007-02-20 02:48:00,121.455100,31.330500,  0, 45,0
87043,2007-02-20 02:50:01,121.455100,31.330500,  0,135,0
87043,2007-02-20 02:51:03,121.455100,31.330500,  0,135,0
87043,2007-02-20 02:52:04,121.455100,31.330500,  0,135,0
87043,2007-02-20 02:53:05,121.455100,31.330500,  0,135,0
87043,2007-02-20 02:54:06,121.455300,31.330800,  0,135,0
87043,2007-02-20 02:55:06,121.455300,31.330800,  0,135,0
87043,2007-02-20 02:56:08,121.455100,31.330600,  0,135,0
87043,2007-02-20 02:57:09,121.455100,31.330600,  0,135,0
87043,2007-02-20 02:58:10,121.455100,31.330600,  0,135,0
87043,2007-02-20 02:59:11,121.455100,31.330600,  0,135,0
87043,2007-02-20 03:00:11,121.455100,31.330600,  0,135,0
87043,2007-02-20 03:01:13,121.455100,31.330600,  0,135,0
87043,2007-02-20 03:02:14,121.455100,31.330600,  0,135,0
87043,2007-02-20 03:03:15,121.455100,31.330600,  0,135,0
87043,2007-02-20 03:04:16,121.455100,31.330600,  0,135,0
87043,2007-02-20 03:05:16,121.455100,31.330600,  0,135,0
87043,2007-02-20 03:06:18,121.455100,31.330600,  0,135,0
87043,2007-02-20 03:07:19,121.455100,31.330600,  0,135,0
87043,2007-02-20 03:08:20,121.455100,31.330600,  0,135,0
87043,2007-02-20 03:09:21,121.455100,31.330600,  0,135,0
87043,2007-02-20 03:10:21,121.455100,31.330600,  0,135,0
87043,2007-02-20 03:11:23,121.455100,31.330600,  0,135,0
87043,2007-02-20 03:12:24,121.455100,31.330600,  0,135,0
87043,2007-02-20 03:13:25,121.455100,31.330600,  0,135,0
87043,2007-02-20 03:14:26,121.455100,31.330600,  0,135,0
87043,2007-02-20 03:15:26,121.455100,31.330600,  0,135,0
87043,2007-02-20 03:16:28,121.455100,31.330600,  0,135,0
87043,2007-02-20 03:17:29,121.455100,31.330600,  0,135,0
87043,2007-02-20 03:18:30,121.455100,31.330600,  0,135,0
87043,2007-02-20 03:19:31,121.455100,31.330600,  0,135,0
87043,2007-02-20 03:20:31,121.455100,31.330600,  0,135,0
87043,2007-02-20 03:21:33,121.455100,31.330600,  0,135,0
87043,2007-02-20 03:22:34,121.455100,31.330600,  0,135,0
87043,2007-02-20 03:24:36,121.455100,31.330600,  0,135,0
87043,2007-02-20 03:25:36,121.455100,31.330600,  0,135,0
87043,2007-02-20 03:26:38,121.455100,31.330600,  0,135,0
87043,2007-02-20 03:29:41,121.455100,31.330600,  0,135,0
87043,2007-02-20 03:30:41,121.455100,31.330600,  0,135,0
87043,2007-02-20 03:31:43,121.455100,31.330600,  0,135,0
87043,2007-02-20 03:32:44,121.455100,31.330600,  0,135,0
87043,2007-02-20 03:33:45,121.455100,31.330600,  0,135,0
87043,2007-02-20 03:34:46,121.455100,31.330600,  0,135,0
87043,2007-02-20 03:35:46,121.455100,31.330600,  0,135,0
87043,2007-02-20 03:36:48,121.455100,31.330600,  0,135,0
87043,2007-02-20 03:37:49,121.455100,31.330600,  0,135,0
87043,2007-02-20 03:38:50,121.455100,31.330600,  0,135,0
87043,2007-02-20 03:39:51,121.455300,31.330600,  0,135,0
87043,2007-02-20 03:40:52,121.455300,31.330600,  0,135,0
87043,2007-02-20 03:41:53,121.455300,31.330600,  0,135,0
87043,2007-02-20 03:42:54,121.455300,31.330600,  0,135,0
87043,2007-02-20 03:44:56,121.455300,31.330600,  0,135,0
87043,2007-02-20 03:45:57,121.455300,31.330600,  0,135,0
87043,2007-02-20 03:46:58,121.455300,31.330600,  0,135,0
87043,2007-02-20 03:47:59,121.455300,31.330600,  0,135,0
87043,2007-02-20 03:49:00,121.455300,31.330600,  0,135,0
87043,2007-02-20 03:50:01,121.455300,31.330600,  0,135,0
87043,2007-02-20 03:51:02,121.455300,31.330600,  0,135,0
87043,2007-02-20 03:52:03,121.455300,31.330600,  0,135,0
87043,2007-02-20 03:53:04,121.455300,31.330600,  0,135,0
87043,2007-02-20 03:54:05,121.455300,31.330600,  0,135,0
87043,2007-02-20 03:55:06,121.455300,31.330600,  0,135,0
87043,2007-02-20 03:57:08,121.455300,31.330600,  0,135,0
87043,2007-02-20 03:58:09,121.455300,31.330600,  0,135,0
87043,2007-02-20 04:00:11,121.455300,31.330600,  0,135,0
87043,2007-02-20 04:01:12,121.455300,31.330600,  0,135,0
87043,2007-02-20 04:02:13,121.455300,31.330600,  0,135,0
87043,2007-02-20 04:03:14,121.455300,31.330600,  0, 22,0
87043,2007-02-20 04:04:15,121.455300,31.330600,  0, 22,0
87043,2007-02-20 04:05:16,121.455300,31.330600,  0, 22,0
87043,2007-02-20 04:06:17,121.455300,31.330600,  0, 22,0
87043,2007-02-20 04:07:18,121.455300,31.330600,  0, 22,0
87043,2007-02-20 04:08:19,121.455300,31.330600,  0,157,0
87043,2007-02-20 04:09:20,121.455300,31.330600,  0,157,0
87043,2007-02-20 04:11:22,121.455500,31.330300,  0,157,0
87043,2007-02-20 04:12:23,121.455500,31.330300,  0,157,0
87043,2007-02-20 04:14:25,121.455500,31.330300,  0,157,0
87043,2007-02-20 04:15:26,121.455300,31.330500,  0,157,0
87043,2007-02-20 04:16:27,121.455300,31.330500,  0,157,0
87043,2007-02-20 04:17:28,121.455300,31.330500,  0,157,0
87043,2007-02-20 04:18:29,121.455300,31.330500,  0,157,0
87043,2007-02-20 04:20:30,121.455300,31.330500,  0,157,0
87043,2007-02-20 04:21:31,121.455300,31.330500,  0,157,0
87043,2007-02-20 04:22:32,121.455300,31.330500,  0,157,0
87043,2007-02-20 04:23:33,121.455300,31.330500,  0,157,0
87043,2007-02-20 04:24:34,121.455300,31.330500,  0,157,0
87043,2007-02-20 04:25:35,121.455300,31.330500,  0,157,0
87043,2007-02-20 04:26:36,121.455300,31.330500,  0,157,0
87043,2007-02-20 04:27:37,121.455300,31.330500,  0,157,0
87043,2007-02-20 04:28:38,121.455300,31.330500,  0,157,0
87043,2007-02-20 04:29:39,121.455300,31.330500,  0,157,0
87043,2007-02-20 04:30:40,121.455300,31.330500,  0,157,0
87043,2007-02-20 04:31:41,121.455300,31.330500,  0,157,0
87043,2007-02-20 04:32:42,121.455300,31.330500,  0,157,0
87043,2007-02-20 04:33:43,121.455300,31.330500,  0,157,0
87043,2007-02-20 04:34:44,121.455300,31.330500,  0,157,0
87043,2007-02-20 04:35:45,121.455300,31.330500,  0,157,0
87043,2007-02-20 04:36:46,121.455300,31.330500,  0,157,0
87043,2007-02-20 04:37:47,121.455300,31.330500,  0,157,0
87043,2007-02-20 04:38:48,121.455300,31.330500,  0,157,0
87043,2007-02-20 04:39:49,121.455300,31.330500,  0,157,0
87043,2007-02-20 04:40:50,121.455300,31.330500,  0,157,0
87043,2007-02-20 04:41:51,121.455300,31.330500,  0,157,0
87043,2007-02-20 04:42:52,121.455300,31.330500,  0,157,0
87043,2007-02-20 04:43:53,121.455300,31.330500,  0,157,0
87043,2007-02-20 04:44:54,121.455300,31.330500,  0,157,0
87043,2007-02-20 04:45:55,121.455300,31.330500,  0,157,0
87043,2007-02-20 04:46:56,121.455300,31.330500,  0,157,0
87043,2007-02-20 04:47:57,121.455300,31.330500,  0,157,0
87043,2007-02-20 04:48:58,121.455500,31.330600,  0,157,0
87043,2007-02-20 04:49:59,121.455500,31.330600,  0,157,0
87043,2007-02-20 04:51:00,121.455500,31.330600,  0,157,0
87043,2007-02-20 04:52:01,121.455500,31.330600,  0,157,0
87043,2007-02-20 04:53:02,121.455500,31.330600,  0,157,0
87043,2007-02-20 04:54:03,121.455500,31.330600,  0,157,0
87043,2007-02-20 04:55:04,121.455500,31.330600,  0,157,0
87043,2007-02-20 04:56:05,121.455500,31.330600,  0,157,0
87043,2007-02-20 04:57:06,121.455300,31.330600,  0,157,0
87043,2007-02-20 04:58:07,121.455300,31.330600,  0,157,0
87043,2007-02-20 04:59:08,121.455300,31.330600,  0,157,0
87043,2007-02-20 05:01:10,121.455300,31.330600,  0,157,0
87043,2007-02-20 05:02:11,121.455300,31.330600,  0,157,0
87043,2007-02-20 05:03:12,121.455300,31.330600,  0,157,0
87043,2007-02-20 05:04:13,121.455300,31.330600,  0,157,0
87043,2007-02-20 05:04:36,121.455100,31.329600, 28, 90,0
87043,2007-02-20 05:04:52,121.455100,31.328500, 32, 90,0
87043,2007-02-20 05:05:08,121.455000,31.327100, 40, 90,0
87043,2007-02-20 05:05:24,121.455000,31.325500, 46, 90,0
87043,2007-02-20 05:05:40,121.455000,31.324100, 42, 90,0
87043,2007-02-20 05:05:56,121.455100,31.322300, 42, 90,0
87043,2007-02-20 05:06:25,121.455100,31.321500, 38, 90,0
87043,2007-02-20 05:06:41,121.455100,31.319600, 38, 90,0
87043,2007-02-20 05:06:57,121.455300,31.318000, 42, 90,0
87043,2007-02-20 05:07:13,121.455300,31.316500, 46, 90,0
87043,2007-02-20 05:07:29,121.454800,31.315300, 26,135,0
87043,2007-02-20 05:07:45,121.453000,31.315100, 52,135,0
87043,2007-02-20 05:08:01,121.450800,31.315300, 24,135,0
87043,2007-02-20 05:08:19,121.449600,31.315100, 48,135,0
87043,2007-02-20 05:08:51,121.445000,31.315100, 48,135,0
87043,2007-02-20 05:09:46,121.443800,31.315100, 20,135,0
87043,2007-02-20 05:10:02,121.443500,31.314100, 40, 90,0
87043,2007-02-20 05:10:18,121.443600,31.312100, 46, 90,0
87043,2007-02-20 05:10:34,121.443600,31.310300, 32, 90,0
87043,2007-02-20 05:11:20,121.444000,31.309300, 40, 90,0
87043,2007-02-20 05:11:36,121.444000,31.307800, 28, 90,0
87043,2007-02-20 05:14:22,121.447300,31.281800,108, 90,0
87043,2007-02-20 05:14:54,121.450100,31.274100,110, 67,0
87043,2007-02-20 05:15:10,121.452500,31.270600,110, 67,0
87043,2007-02-20 05:15:26,121.454300,31.267600, 86, 90,0
87043,2007-02-20 05:15:42,121.455300,31.264600, 78, 90,0
87043,2007-02-20 05:15:58,121.457100,31.262000, 88, 67,0
87043,2007-02-20 05:16:14,121.458800,31.259100, 84, 90,0
87043,2007-02-20 05:16:30,121.459000,31.256300, 78, 90,0
87043,2007-02-20 05:16:46,121.458800,31.253100, 80, 90,0
87043,2007-02-20 05:17:02,121.458500,31.250600, 54, 90,0
87043,2007-02-20 05:17:18,121.457800,31.248600, 58, 90,0
87043,2007-02-20 05:17:34,121.456600,31.247500, 48,135,0
87043,2007-02-20 05:17:50,121.454600,31.248000, 48,135,0
87043,2007-02-20 05:18:06,121.452500,31.248000, 38,135,0
87043,2007-02-20 05:18:22,121.452800,31.249300, 22, 22,0
87043,2007-02-20 05:18:42,121.451600,31.249600, 36,135,0
87043,2007-02-20 05:19:43,121.451100,31.249800,  0,157,0
87043,2007-02-20 05:20:44,121.451100,31.249800,  0,157,0
87043,2007-02-20 05:21:45,121.450500,31.250300,  0,157,0
87043,2007-02-20 05:22:46,121.450500,31.250300,  0,157,0
87043,2007-02-20 05:23:47,121.450500,31.250300,  0,157,0
87043,2007-02-20 05:24:48,121.450500,31.250300,  0,157,0
87043,2007-02-20 05:25:49,121.450500,31.250300,  0,157,0
87043,2007-02-20 05:26:50,121.450500,31.250300,  0,157,0
87043,2007-02-20 05:27:51,121.450500,31.250300,  0,157,0
87043,2007-02-20 05:28:25,121.450500,31.250300,  0,157,1
87043,2007-02-20 05:29:26,121.452000,31.247500,  0,157,1
87043,2007-02-20 05:30:27,121.453300,31.247600, 26, 45,1
87043,2007-02-20 05:32:29,121.464800,31.246100,  0, 67,1
87043,2007-02-20 05:33:30,121.469500,31.247300, 72, 45,1
87043,2007-02-20 05:34:31,121.475300,31.249100,  0, 22,1
87043,2007-02-20 05:35:32,121.479000,31.250800, 32, 22,1
87043,2007-02-20 05:36:33,121.482000,31.252500,  0, 22,1
87043,2007-02-20 05:37:34,121.484100,31.253600, 14,  0,1
87043,2007-02-20 05:38:35,121.483800,31.254800, 24,157,1
87043,2007-02-20 05:38:57,121.483600,31.255500, 10,  0,0
87043,2007-02-20 05:39:12,121.483800,31.255800, 10,  0,0
87043,2007-02-20 05:40:13,121.483800,31.255800,  0,  0,0
87043,2007-02-20 05:41:14,121.483800,31.255800,  0,  0,0
87043,2007-02-20 05:42:15,121.483800,31.255800,  0,  0,0
87043,2007-02-20 05:43:16,121.483800,31.255800,  0,  0,0
87043,2007-02-20 05:44:17,121.483800,31.255800,  0,  0,0
87043,2007-02-20 05:44:25,121.483800,31.255800,  0,  0,1
87043,2007-02-20 05:45:25,121.483800,31.255800,  0,  0,1
87043,2007-02-20 05:46:26,121.483800,31.255800,  0,  0,1
87043,2007-02-20 05:47:27,121.483800,31.255800,  0,  0,1
87043,2007-02-20 05:48:28,121.481100,31.257600,  0,  0,1
87043,2007-02-20 05:49:29,121.484100,31.258600, 42,  0,1
87043,2007-02-20 05:50:30,121.487800,31.264000,  0, 22,1
87043,2007-02-20 05:51:31,121.488800,31.268000, 70,157,1
87043,2007-02-20 05:52:32,121.488600,31.268600, 36,  0,1
87043,2007-02-20 05:53:33,121.488000,31.277500,  0,  0,1
87043,2007-02-20 05:54:34,121.486500,31.283100, 54,  0,1
87043,2007-02-20 05:55:35,121.486100,31.277600, 48,  0,1
87043,2007-02-20 05:56:36,121.486800,31.286600, 64,  0,1
87043,2007-02-20 05:57:37,121.481000,31.297300, 56,  0,1
87043,2007-02-20 06:02:09,121.478000,31.285500,  0,  0,0
87043,2007-02-20 06:03:09,121.478000,31.285500,  0,  0,0
87043,2007-02-20 06:04:10,121.478000,31.285500,  0,  0,0
87043,2007-02-20 06:05:11,121.478000,31.285500,  0,  0,0
87043,2007-02-20 06:08:14,121.478000,31.285500,  0,  0,0
87043,2007-02-20 06:09:15,121.478000,31.285500,  0,  0,0
87043,2007-02-20 06:11:17,121.478000,31.285500,  0,  0,0
87043,2007-02-20 06:12:18,121.462500,31.271600, 40,112,0
87043,2007-02-20 06:12:54,121.461600,31.271000, 22, 90,0
87043,2007-02-20 06:13:10,121.462100,31.269600, 26, 90,0
87043,2007-02-20 06:13:29,121.462500,31.269000, 40, 67,0
87043,2007-02-20 06:13:45,121.462100,31.267800, 46,112,0
87043,2007-02-20 06:14:01,121.460500,31.267100, 26,112,0
87043,2007-02-20 06:14:50,121.460000,31.266800, 30, 67,0
87043,2007-02-20 06:15:17,121.460600,31.265800, 38, 67,0
87043,2007-02-20 06:15:33,121.461300,31.264500, 36, 67,0
87043,2007-02-20 06:16:05,121.462600,31.260800, 52, 90,0
87043,2007-02-20 06:16:42,121.462600,31.259800,  8, 90,0
87043,2007-02-20 06:16:58,121.463000,31.258300, 50, 90,0
87043,2007-02-20 06:17:14,121.463800,31.256600, 48, 90,0
87043,2007-02-20 06:17:30,121.464000,31.255500, 14, 90,0
87043,2007-02-20 06:18:00,121.464100,31.254500, 46, 90,0
87043,2007-02-20 06:18:16,121.464600,31.253300,  8, 90,0
87043,2007-02-20 06:19:03,121.464600,31.252300, 40, 90,0
87043,2007-02-20 06:19:35,121.466000,31.248000, 70, 90,0
87043,2007-02-20 06:19:51,121.466500,31.247000,  0, 67,0
87043,2007-02-20 06:20:46,121.466500,31.246000, 40, 90,0
87043,2007-02-20 06:21:02,121.466500,31.244600, 32, 90,0
87043,2007-02-20 06:21:50,121.466600,31.243600, 26, 90,0
87043,2007-02-20 06:22:22,121.468500,31.240300, 26, 67,0
87043,2007-02-20 06:24:27,121.472500,31.234300, 20, 67,0
87043,2007-02-20 06:24:48,121.473300,31.233600, 20, 67,0
87043,2007-02-20 06:25:09,121.474100,31.233000, 20, 67,0
87043,2007-02-20 06:26:10,121.474100,31.232800,  0, 67,0
87043,2007-02-20 06:27:11,121.474100,31.232800,  0, 67,0
87043,2007-02-20 06:28:12,121.474100,31.232800,  0, 67,0
87043,2007-02-20 06:28:14,121.474100,31.232800,  0, 67,1
87043,2007-02-20 06:29:14,121.474100,31.232800,  0, 67,1
87043,2007-02-20 06:30:15,121.474100,31.232800,  0, 67,1
87043,2007-02-20 06:31:16,121.474100,31.232800,  0, 67,1
87043,2007-02-20 06:32:17,121.436500,31.221100, 88,135,1
87043,2007-02-20 06:33:18,121.425000,31.213600, 78,112,1
87043,2007-02-20 06:34:19,121.413100,31.210300, 76,135,1
87043,2007-02-20 06:35:20,121.407600,31.204100, 86, 90,1
87043,2007-02-20 06:36:21,121.414100,31.194000, 74, 67,1
87043,2007-02-20 06:37:22,121.413000,31.190000, 38,135,1
87043,2007-02-20 06:38:23,121.409100,31.188800,  0, 22,1
87043,2007-02-20 06:39:24,121.404100,31.189000, 42,  0,1
87043,2007-02-20 06:39:45,121.404800,31.189000,  4, 67,0
87043,2007-02-20 06:40:46,121.404500,31.189100, 20,135,0
87043,2007-02-20 06:41:05,121.404100,31.190100, 30,  0,0
87043,2007-02-20 06:41:46,121.404100,31.191100, 46,  0,0
87043,2007-02-20 06:42:40,121.404100,31.191000, 12, 90,0
87043,2007-02-20 06:42:49,121.404100,31.190800, 14, 90,1
87043,2007-02-20 06:43:50,121.407500,31.188100, 60, 45,1
87043,2007-02-20 06:44:51,121.408500,31.188800,  0, 22,1
87043,2007-02-20 06:45:52,121.415100,31.190300, 62, 45,1
87043,2007-02-20 06:47:54,121.431100,31.181800, 28, 67,1
87043,2007-02-20 06:48:55,121.429600,31.169800, 86, 90,1
87043,2007-02-20 06:49:56,121.425000,31.158300, 76, 90,1
87043,2007-02-20 06:50:57,121.421000,31.158300,  0,135,1
87043,2007-02-20 06:51:58,121.421000,31.158300,  0,135,1
87043,2007-02-20 06:52:52,121.427800,31.153600,  0,135,0
87043,2007-02-20 06:53:49,121.426800,31.153300, 36,112,0
87043,2007-02-20 06:54:22,121.426800,31.151800, 28, 67,0
87043,2007-02-20 06:54:38,121.427800,31.152500, 48, 22,0
87043,2007-02-20 06:54:54,121.429100,31.153800, 40, 22,0
87043,2007-02-20 06:55:26,121.431800,31.156300, 54, 22,0
87043,2007-02-20 06:55:42,121.434000,31.157100, 62, 22,0
87043,2007-02-20 06:55:58,121.436300,31.158100, 60, 22,0
87043,2007-02-20 06:56:14,121.438500,31.158800, 40, 45,0
87043,2007-02-20 06:57:15,121.439100,31.159000,  2, 22,0
87043,2007-02-20 06:57:47,121.443000,31.160000, 46, 45,0
87043,2007-02-20 06:58:03,121.444300,31.160300, 26, 22,0
87043,2007-02-20 06:58:35,121.442600,31.164100, 66,157,0
87043,2007-02-20 06:58:51,121.441300,31.166800, 80,157,0
87043,2007-02-20 06:59:23,121.440300,31.171100, 38,  0,0
87043,2007-02-20 06:59:39,121.440300,31.172500, 28, 22,0
87043,2007-02-20 06:59:55,121.441500,31.172600, 10, 45,0
87043,2007-02-20 07:00:11,121.443000,31.173100, 50, 45,0
87043,2007-02-20 07:00:27,121.445100,31.173800, 42, 45,0
87043,2007-02-20 07:01:28,121.446100,31.174000,  0, 45,0
87043,2007-02-20 07:02:29,121.446800,31.174100, 38, 22,0
87043,2007-02-20 07:02:45,121.447800,31.175600, 48,  0,0
87043,2007-02-20 07:03:01,121.448100,31.177500, 46,  0,0
87043,2007-02-20 07:03:17,121.448100,31.179000, 40,  0,0
87043,2007-02-20 07:03:49,121.447600,31.182500, 52,  0,0
87043,2007-02-20 07:04:05,121.448000,31.184300, 46,157,0
87043,2007-02-20 07:04:37,121.445500,31.188000, 62,157,0
87043,2007-02-20 07:04:53,121.444500,31.189800, 24,  0,0
87043,2007-02-20 07:05:17,121.444800,31.190500, 38, 22,0
87043,2007-02-20 07:05:33,121.446600,31.191100, 44, 22,0
87043,2007-02-20 07:05:49,121.448600,31.192000, 38, 22,0
87043,2007-02-20 07:06:05,121.450300,31.192600, 46, 22,0
87043,2007-02-20 07:06:21,121.452500,31.193500, 50, 22,0
87043,2007-02-20 07:06:49,121.455600,31.194600, 58, 22,0
87043,2007-02-20 07:06:53,121.456100,31.194800, 54, 22,0
87043,2007-02-20 07:07:09,121.458300,31.195800, 50, 22,0
87043,2007-02-20 07:07:25,121.458500,31.196800, 44,157,0
87043,2007-02-20 07:07:41,121.457800,31.198100, 38,157,0
87043,2007-02-20 07:07:57,121.457500,31.199300, 40,  0,0
87043,2007-02-20 07:08:13,121.457000,31.201100, 64,  0,0
87043,2007-02-20 07:08:29,121.456600,31.203500, 62,  0,0
87043,2007-02-20 07:08:45,121.457100,31.204600, 28, 45,0
87043,2007-02-20 07:09:10,121.458100,31.204800, 42, 45,0
87043,2007-02-20 07:09:26,121.460300,31.205300, 58, 22,0
87043,2007-02-20 07:09:42,121.462500,31.206000, 46, 22,0
87043,2007-02-20 07:09:58,121.464000,31.207000, 24, 45,0
87043,2007-02-20 07:10:52,121.463600,31.207000, 38, 45,0
87043,2007-02-20 07:11:22,121.464300,31.206800, 14, 22,1
87043,2007-02-20 07:12:22,121.468100,31.210000,  6, 67,1
87043,2007-02-20 07:13:23,121.468500,31.210000,  0, 67,1
87043,2007-02-20 07:14:24,121.466000,31.215800, 66,  0,1
87043,2007-02-20 07:15:25,121.465500,31.226000, 60,  0,1
87043,2007-02-20 07:16:26,121.471000,31.230600, 50, 22,1
87043,2007-02-20 07:17:27,121.487000,31.234300, 72, 22,1
87043,2007-02-20 07:18:28,121.487000,31.234300,  0, 22,1
87043,2007-02-20 07:19:29,121.489500,31.248300, 56, 22,1
87043,2007-02-20 07:20:30,121.497000,31.251300,  0, 22,1
87043,2007-02-20 07:21:31,121.497000,31.251300,  0, 22,1
87043,2007-02-20 07:22:32,121.497000,31.251300,  0, 22,1
87043,2007-02-20 07:23:33,121.509500,31.253300,  0, 22,1
87043,2007-02-20 07:24:34,121.517100,31.257300,  0, 22,1
87043,2007-02-20 07:24:57,121.518000,31.257800,  0, 22,0
87043,2007-02-20 07:25:37,121.519000,31.258600, 38, 22,0
87043,2007-02-20 07:25:54,121.519500,31.259300, 20,157,0
87043,2007-02-20 07:26:10,121.519100,31.260300, 28,  0,0
87043,2007-02-20 07:26:26,121.518600,31.261600, 38,  0,0
87043,2007-02-20 07:26:42,121.517600,31.262800, 34,157,0
87043,2007-02-20 07:26:58,121.516800,31.263800, 36,157,0
87043,2007-02-20 07:27:14,121.515600,31.264500, 24,157,0
87043,2007-02-20 07:27:30,121.515000,31.265500, 42,157,0
87043,2007-02-20 07:27:46,121.514300,31.266600, 20,157,0
87043,2007-02-20 07:28:02,121.513300,31.267500, 44,157,0
87043,2007-02-20 07:28:18,121.512100,31.268600, 30,157,0
87043,2007-02-20 07:29:12,121.511000,31.271000, 16,157,0
87043,2007-02-20 07:29:37,121.510300,31.272000, 40,157,0
87043,2007-02-20 07:30:09,121.508000,31.274500, 40,  0,0
87043,2007-02-20 07:30:36,121.507600,31.275500, 22,  0,0
87043,2007-02-20 07:30:52,121.508300,31.276800, 48, 22,0
87043,2007-02-20 07:31:24,121.511800,31.278500, 42, 45,0
87043,2007-02-20 07:31:40,121.513000,31.278600, 22, 45,0
87043,2007-02-20 07:32:41,121.513500,31.279000, 18,  0,0
87043,2007-02-20 07:32:57,121.513300,31.280100, 26,  0,0
87043,2007-02-20 07:33:16,121.512800,31.281100, 30,  0,0
87043,2007-02-20 07:33:34,121.512500,31.282100, 20,  0,0
87043,2007-02-20 07:33:50,121.512100,31.283100, 36,  0,0
87043,2007-02-20 07:34:06,121.511600,31.284600, 40,  0,0
87043,2007-02-20 07:34:22,121.511300,31.285800, 16,  0,0
87043,2007-02-20 07:35:05,121.510500,31.286500, 20,135,0
87043,2007-02-20 07:35:29,121.510100,31.286800, 30, 22,0
87043,2007-02-20 07:35:45,121.510800,31.288300, 40,  0,0
87043,2007-02-20 07:36:01,121.510800,31.289600, 22,  0,0
87043,2007-02-20 07:36:33,121.507500,31.290800, 48,157,0
87043,2007-02-20 07:36:49,121.505800,31.291600, 16,  0,0
87043,2007-02-20 07:37:05,121.506300,31.292600, 42, 22,0
87043,2007-02-20 07:37:21,121.506800,31.293600,  0,  0,0
87043,2007-02-20 07:38:09,121.506000,31.294100, 40,157,0
87043,2007-02-20 07:38:30,121.503600,31.295100, 26,157,0
87043,2007-02-20 07:38:48,121.502600,31.295800, 46,157,0
87043,2007-02-20 07:39:20,121.500600,31.298800, 34,157,0
87043,2007-02-20 07:39:35,121.498600,31.298300, 64,135,0
87043,2007-02-20 07:39:52,121.496000,31.297500, 40,135,0
87043,2007-02-20 07:40:08,121.494300,31.297100, 60,135,0
87043,2007-02-20 07:40:24,121.491500,31.296500, 68,135,0
87043,2007-02-20 07:40:40,121.488800,31.295800, 62,135,0
87043,2007-02-20 07:40:55,121.486300,31.295300, 60,135,0
87043,2007-02-20 07:41:12,121.483500,31.294800, 60,135,0
87043,2007-02-20 07:41:28,121.481100,31.295000, 54,135,0
87043,2007-02-20 07:41:44,121.478800,31.295100, 54,135,0
87043,2007-02-20 07:42:45,121.477800,31.295100,  0,135,0
87043,2007-02-20 07:43:45,121.477800,31.295100,  0,135,0
87043,2007-02-20 07:44:47,121.477800,31.295100,  0,135,0
87043,2007-02-20 07:45:48,121.477800,31.295100,  0,135,0
87043,2007-02-20 07:46:49,121.477800,31.295100,  0,135,0
87043,2007-02-20 07:49:52,121.464800,31.294000,  0, 67,0
87043,2007-02-20 07:50:53,121.464800,31.294000,  0, 67,0
87043,2007-02-20 07:51:54,121.464600,31.294100,  0, 67,0
87043,2007-02-20 07:52:35,121.463800,31.294000, 38,135,0
87043,2007-02-20 07:53:35,121.462800,31.294300,  0,135,0
87043,2007-02-20 07:54:37,121.462800,31.294300,  0,135,0
87043,2007-02-20 07:55:20,121.462600,31.297500, 56,  0,0
87043,2007-02-20 07:55:35,121.462600,31.299300, 50,  0,0
87043,2007-02-20 07:55:52,121.462800,31.301300, 44,  0,0
87043,2007-02-20 07:56:39,121.462800,31.302300, 32,  0,0
87043,2007-02-20 07:56:55,121.463000,31.304300, 62,  0,0
87043,2007-02-20 07:57:10,121.463000,31.306600, 72,  0,0
87043,2007-02-20 07:57:27,121.463100,31.309800, 76,  0,0
87043,2007-02-20 07:57:43,121.463300,31.312000, 34,  0,0
87043,2007-02-20 07:58:37,121.462600,31.312600, 38,135,0
87043,2007-02-20 07:59:38,121.461600,31.312600,  0,135,0
87043,2007-02-20 08:00:39,121.461600,31.312600,  0,135,0
87043,2007-02-20 08:01:40,121.461600,31.312600,  0,135,0
87043,2007-02-20 08:03:42,121.461600,31.312600,  0,135,0
87043,2007-02-20 08:04:43,121.461600,31.312600,  0,135,0
87043,2007-02-20 08:05:44,121.461600,31.312600,  0,135,0
87043,2007-02-20 08:06:45,121.461600,31.312600,  0,135,0
87043,2007-02-20 08:07:45,121.461600,31.312500,  0, 90,0
87043,2007-02-20 08:08:47,121.461600,31.312500,  0, 90,0
87043,2007-02-20 08:09:48,121.461600,31.312500,  0, 90,0
87043,2007-02-20 08:11:50,121.461600,31.312500,  0, 90,0
87043,2007-02-20 08:12:50,121.461600,31.312500,  0, 90,0
87043,2007-02-20 08:13:52,121.461600,31.312500,  0, 90,0
87043,2007-02-20 08:14:53,121.461600,31.312500,  0, 90,0
87043,2007-02-20 08:15:54,121.461600,31.312500,  0, 90,0
87043,2007-02-20 08:16:55,121.460500,31.312300,  0, 90,0
87043,2007-02-20 08:17:55,121.460300,31.312300,  0, 90,0
87043,2007-02-20 08:18:57,121.460500,31.312300,  0, 90,0
87043,2007-02-20 08:19:58,121.460500,31.312300,  0, 90,0
87043,2007-02-20 08:20:59,121.460300,31.312300,  0, 90,0
87043,2007-02-20 08:22:00,121.460300,31.312500,  0, 90,0
87043,2007-02-20 08:24:02,121.460300,31.313000,  0, 90,0
87043,2007-02-20 08:25:03,121.460300,31.313000,  0, 90,0
87043,2007-02-20 08:26:04,121.460500,31.312600,  0, 90,0
87043,2007-02-20 08:27:05,121.460500,31.312600,  0, 90,0
87043,2007-02-20 08:28:05,121.460500,31.312600,  0, 90,0
87043,2007-02-20 08:29:07,121.460300,31.312600,  0, 90,0
87043,2007-02-20 08:30:08,121.460300,31.312600,  0, 90,0
87043,2007-02-20 08:31:09,121.460300,31.312600,  0, 90,0
87043,2007-02-20 08:32:10,121.460300,31.312600,  0, 90,0
87043,2007-02-20 08:33:10,121.460300,31.312600,  0, 90,0
87043,2007-02-20 08:35:13,121.460300,31.312600,  0, 90,0
87043,2007-02-20 08:36:14,121.460300,31.312600,  0, 90,0
87043,2007-02-20 08:37:15,121.460500,31.312600,  0, 67,0
87043,2007-02-20 08:38:15,121.460500,31.312600,  0, 67,0
87043,2007-02-20 08:39:17,121.460500,31.312600,  0, 67,0
87043,2007-02-20 08:40:18,121.460500,31.312600,  0, 67,0
87043,2007-02-20 08:41:19,121.460500,31.312600,  0, 67,0
87043,2007-02-20 08:42:20,121.460500,31.312600,  0, 22,0
87043,2007-02-20 08:43:20,121.460500,31.312600,  0, 22,0
87043,2007-02-20 08:44:22,121.460500,31.312600,  0, 22,0
87043,2007-02-20 08:45:23,121.460600,31.312600,  0, 22,0
87043,2007-02-20 08:45:58,121.460800,31.312600, 10, 45,1
87043,2007-02-20 08:46:59,121.463000,31.306600, 88, 90,1
87043,2007-02-20 08:48:00,121.463300,31.302000, 34, 45,1
87043,2007-02-20 08:49:00,121.466800,31.301800, 38, 45,1
87043,2007-02-20 08:50:02,121.471800,31.299000, 32, 90,1
87043,2007-02-20 08:51:02,121.472300,31.294000, 56, 90,1
87043,2007-02-20 08:52:03,121.472800,31.291800,  0, 90,1
87043,2007-02-20 08:53:04,121.472600,31.289800, 42, 90,1
87043,2007-02-20 08:54:04,121.472300,31.288000, 44, 90,1
87043,2007-02-20 08:55:06,121.470800,31.280300, 42, 90,1
87043,2007-02-20 08:56:07,121.472800,31.278100, 50, 67,1
87043,2007-02-20 08:57:08,121.473300,31.277800,  0, 67,1
87043,2007-02-20 08:58:09,121.479100,31.276800, 20, 45,1
87043,2007-02-20 08:59:09,121.482000,31.275500, 36, 90,1
87043,2007-02-20 09:00:11,121.483100,31.271800, 46, 90,1
87043,2007-02-20 09:01:12,121.484800,31.267300, 66, 67,1
87043,2007-02-20 09:04:14,121.492600,31.264300, 46, 22,1
87043,2007-02-20 09:05:14,121.491600,31.265800, 22, 67,0
87043,2007-02-20 09:05:29,121.492000,31.265100, 20, 67,0
87043,2007-02-20 09:05:57,121.492300,31.265600, 24, 67,0
87043,2007-02-20 09:06:48,121.491800,31.266100,  8,157,0
87043,2007-02-20 09:07:06,121.491800,31.266100, 20, 67,1
87043,2007-02-20 09:08:06,121.494100,31.264600, 12, 22,1
87043,2007-02-20 09:09:07,121.496300,31.269500,  0, 22,1
87043,2007-02-20 09:10:08,121.496300,31.269500,  0, 22,1
87043,2007-02-20 09:11:09,121.496300,31.269500,  0, 22,1
87043,2007-02-20 09:12:09,121.496300,31.269500,  0, 22,1
87043,2007-02-20 09:13:11,121.496300,31.269500,  0, 22,1
87043,2007-02-20 09:14:12,121.496300,31.269500,  0, 22,1
87043,2007-02-20 09:15:13,121.496300,31.269500,  0, 22,1
87043,2007-02-20 09:16:14,121.496300,31.269500,  0, 22,1
87043,2007-02-20 09:17:14,121.496300,31.269500,  0, 22,1
87043,2007-02-20 09:18:16,121.496300,31.269500,  0, 22,1
87043,2007-02-20 09:19:17,121.475800,31.277000, 46,135,1
87043,2007-02-20 09:20:18,121.470600,31.280800, 38,  0,1
87043,2007-02-20 09:21:19,121.473100,31.288800, 34, 22,1
87043,2007-02-20 09:22:19,121.473300,31.291300, 26, 22,1
87043,2007-02-20 09:23:21,121.474300,31.293300,  0, 22,1
87043,2007-02-20 09:24:22,121.474300,31.293300,  0, 22,1
87043,2007-02-20 09:25:23,121.474300,31.293300,  0, 22,1
87043,2007-02-20 09:26:24,121.474300,31.293300,  0, 22,1
87043,2007-02-20 09:27:24,121.474300,31.293300,  0, 22,1
87043,2007-02-20 09:30:46,121.423500,31.295100, 34,135,1
87043,2007-02-20 09:32:46,121.422000,31.296800,  0, 22,0
87043,2007-02-20 09:33:02,121.422000,31.296800,  0, 22,0
87043,2007-02-20 09:34:03,121.422300,31.296500, 10, 90,0
87043,2007-02-20 09:34:49,121.421500,31.296800, 22,135,0
87043,2007-02-20 09:35:06,121.421100,31.295800, 22, 90,0
87043,2007-02-20 09:35:54,121.420800,31.295500, 10, 90,0
87043,2007-02-20 09:36:19,121.421500,31.295000, 38, 45,0
87043,2007-02-20 09:36:36,121.423300,31.295100, 34, 45,0
87043,2007-02-20 09:36:52,121.425000,31.295300, 38, 45,0
87043,2007-02-20 09:37:08,121.426800,31.295500, 20, 22,0
87043,2007-02-20 09:37:24,121.426600,31.296800, 32,  0,0
87043,2007-02-20 09:37:39,121.426300,31.298100, 28,  0,0
87043,2007-02-20 09:38:31,121.425600,31.299000, 32,157,0
87043,2007-02-20 09:38:47,121.424800,31.300100, 30,157,0
87043,2007-02-20 09:41:08,121.424800,31.302500, 32,  0,0
87043,2007-02-20 09:41:24,121.425000,31.304300, 42,  0,0
87043,2007-02-20 09:41:39,121.425600,31.305300, 38, 45,0
87043,2007-02-20 09:42:12,121.429100,31.305500, 24, 45,0
87043,2007-02-20 09:42:42,121.430300,31.305600, 38, 45,0
87043,2007-02-20 09:42:58,121.432500,31.306100, 44, 45,0
87043,2007-02-20 09:43:34,121.435300,31.306600, 44, 45,0
87043,2007-02-20 09:44:41,121.438100,31.307000, 18, 45,0
87043,2007-02-20 09:45:42,121.438100,31.306800,  0,112,0
87043,2007-02-20 09:46:43,121.438100,31.306800,  0,112,0
87043,2007-02-20 09:47:44,121.438100,31.306800,  0,112,0
87043,2007-02-20 09:48:11,121.438300,31.307000, 30, 45,1
87043,2007-02-20 09:49:12,121.443500,31.307500,  8, 45,1
87043,2007-02-20 09:51:14,121.458100,31.307600, 28, 45,1
87043,2007-02-20 09:52:14,121.462600,31.308000,  0, 45,1
87043,2007-02-20 09:53:16,121.467000,31.308000, 44, 90,1
87043,2007-02-20 09:53:41,121.466500,31.304800, 38, 90,0
87043,2007-02-20 09:53:57,121.466500,31.304300,  0, 90,0
87043,2007-02-20 09:54:39,121.466300,31.302100, 20, 90,0
87043,2007-02-20 09:54:56,121.465000,31.302000, 34,135,0
87043,2007-02-20 09:55:12,121.463300,31.302000, 26,135,0
87043,2007-02-20 09:56:09,121.462800,31.302500, 18,  0,0
87043,2007-02-20 09:56:24,121.463000,31.304100, 64,  0,0
87043,2007-02-20 09:56:41,121.463000,31.307100, 80,  0,0
87043,2007-02-20 09:56:57,121.463100,31.310300, 78,  0,0
87043,2007-02-20 09:57:13,121.463300,31.312300, 20,  0,0
87043,2007-02-20 09:57:32,121.462300,31.312600, 54,135,0
87043,2007-02-20 09:57:48,121.460100,31.312600, 36,135,0
87043,2007-02-20 09:58:04,121.460000,31.312600, 12, 45,0
87043,2007-02-20 09:59:04,121.460300,31.312500,  0, 45,0
87043,2007-02-20 10:01:02,121.460300,31.312600, 22,135,1
87043,2007-02-20 10:02:02,121.458800,31.315300, 26,135,1
87043,2007-02-20 10:03:03,121.455300,31.318000,  6,157,1
87043,2007-02-20 10:04:04,121.455100,31.317500,  0,112,1
87043,2007-02-20 10:05:04,121.455300,31.317600,  0, 45,1
87043,2007-02-20 10:06:06,121.455300,31.317800,  0, 45,1
87043,2007-02-20 10:07:07,121.455300,31.314100, 34, 90,1
87043,2007-02-20 10:08:08,121.455300,31.310600, 26, 90,1
87043,2007-02-20 10:09:09,121.455300,31.308500,  0, 67,1
87043,2007-02-20 10:10:09,121.456000,31.307600, 24, 45,1
87043,2007-02-20 10:11:11,121.463500,31.308000, 66, 45,1
87043,2007-02-20 10:12:12,121.475000,31.309500, 64, 45,1
87043,2007-02-20 10:13:13,121.476300,31.309600,  0, 45,1
87043,2007-02-20 10:14:14,121.479500,31.309800,  0, 45,1
87043,2007-02-20 10:15:15,121.480500,31.309800, 18, 45,1
87043,2007-02-20 10:16:16,121.480300,31.309800,  0, 45,1
87043,2007-02-20 10:19:19,121.481800,31.307100,  0, 67,1
87043,2007-02-20 10:20:20,121.481800,31.307100,  0, 67,1
87043,2007-02-20 10:21:21,121.486000,31.288300,  0, 67,1
87043,2007-02-20 10:22:22,121.488000,31.285800, 16, 90,1
87043,2007-02-20 10:23:23,121.488000,31.285500,  0, 90,1
87043,2007-02-20 10:24:24,121.488000,31.285500,  0, 90,1
87043,2007-02-20 10:25:25,121.488000,31.285500,  0, 90,1
87043,2007-02-20 10:26:26,121.504500,31.283300, 26, 67,1
87043,2007-02-20 10:27:27,121.508100,31.282000, 34, 67,1
87043,2007-02-20 10:28:07,121.508600,31.281300, 14, 67,0
87043,2007-02-20 10:28:39,121.508800,31.281300,  8, 22,0
87043,2007-02-20 10:28:55,121.509800,31.281600, 38, 22,0
87043,2007-02-20 10:29:11,121.511600,31.282500, 36, 22,0
87043,2007-02-20 10:30:12,121.512300,31.283100, 18,  0,0
87043,2007-02-20 10:30:28,121.511800,31.284500, 46,  0,0
87043,2007-02-20 10:30:44,121.511300,31.286000, 48,  0,0
87043,2007-02-20 10:31:00,121.511300,31.285500, 60, 90,0
87043,2007-02-20 10:31:16,121.511800,31.283800,  0, 90,0
87043,2007-02-20 10:32:12,121.512100,31.282800,  8, 67,0
87043,2007-02-20 10:33:24,121.507500,31.282600, 42,157,1
87043,2007-02-20 10:34:25,121.503800,31.283600, 14,135,1
87043,2007-02-20 10:36:27,121.500100,31.281000,  0, 90,1
87043,2007-02-20 10:38:29,121.495300,31.273100, 34,112,1
87043,2007-02-20 10:39:30,121.492000,31.267100, 44,112,1
87043,2007-02-20 10:40:31,121.486500,31.266500,  0, 90,1
87043,2007-02-20 10:41:32,121.486500,31.266500,  8, 90,1
87043,2007-02-20 10:42:33,121.484500,31.262500, 34, 90,1
87043,2007-02-20 10:43:34,121.482100,31.255500, 30, 90,1
87043,2007-02-20 10:44:35,121.484500,31.252000, 56, 90,1
87043,2007-02-20 10:45:36,121.484800,31.244100, 60, 90,1
87043,2007-02-20 10:46:37,121.486000,31.237600,  0, 67,1
87043,2007-02-20 10:47:38,121.486800,31.235500, 52, 67,1
87043,2007-02-20 10:48:20,121.483800,31.234000, 42,112,0
87043,2007-02-20 10:48:36,121.482100,31.233300, 42,112,0
87043,2007-02-20 10:48:52,121.480300,31.232800, 42,112,0
87043,2007-02-20 10:49:31,121.481800,31.234100, 40,135,0
87043,2007-02-20 10:49:47,121.480300,31.234100,  0,135,0
87043,2007-02-20 10:50:48,121.480300,31.234100,  0,135,0
87043,2007-02-20 10:51:49,121.480300,31.234100,  0,135,0
87043,2007-02-20 10:52:50,121.480300,31.234100,  0,135,0
87043,2007-02-20 10:53:51,121.480300,31.234100,  0,135,0
87043,2007-02-20 10:54:52,121.483100,31.227800,  0,135,0
87043,2007-02-20 10:55:53,121.483600,31.226500,  0,135,0
87043,2007-02-20 10:56:56,121.484800,31.224300, 28, 67,0
87043,2007-02-20 10:57:12,121.485500,31.223300, 38, 67,0
87043,2007-02-20 10:57:28,121.486100,31.222000, 36, 67,0
87043,2007-02-20 10:57:44,121.486600,31.221300, 24, 67,0
87043,2007-02-20 10:58:00,121.487100,31.220100, 22, 90,0
87043,2007-02-20 10:58:23,121.487300,31.219300, 26, 90,0
87043,2007-02-20 10:59:10,121.487500,31.218300, 16, 90,0
87043,2007-02-20 10:59:26,121.487800,31.217300, 32, 90,0
87043,2007-02-20 10:59:42,121.488100,31.216300, 24, 90,0
87043,2007-02-20 10:59:58,121.488500,31.215300, 14, 90,0
87043,2007-02-20 11:00:59,121.488500,31.215000,  0, 90,0
87043,2007-02-20 11:01:44,121.488500,31.215500, 22,  0,0
87043,2007-02-20 11:02:45,121.488500,31.215600,  4,  0,0
87043,2007-02-20 11:02:49,121.488500,31.215600, 14,  0,1
87043,2007-02-20 11:03:50,121.484500,31.216600, 32,157,1
87043,2007-02-20 11:04:51,121.480500,31.218300, 34,135,1
87043,2007-02-20 11:06:53,121.477000,31.223800, 36,  0,1
87043,2007-02-20 11:07:54,121.476500,31.225600,  0, 67,1
87043,2007-02-20 11:08:55,121.474800,31.227600, 10,157,1
87043,2007-02-20 11:09:56,121.472600,31.231100, 26,157,1
87043,2007-02-20 11:10:57,121.463100,31.227800, 64,157,1
87043,2007-02-20 11:11:58,121.461300,31.237300, 74,157,1
87043,2007-02-20 11:12:59,121.457800,31.247100, 66,  0,1
87043,2007-02-20 11:14:00,121.458500,31.256600, 68,  0,1
87043,2007-02-20 11:15:01,121.456800,31.260800,  0,  0,1
87043,2007-02-20 11:16:02,121.456800,31.260800,  0,  0,1
87043,2007-02-20 11:17:03,121.456800,31.260800,  0,  0,1
87043,2007-02-20 11:18:04,121.456800,31.260800,  0,  0,1
87043,2007-02-20 11:18:55,121.456800,31.260800,  0,  0,0
87043,2007-02-20 11:19:56,121.456800,31.260800,  0,  0,0
87043,2007-02-20 11:20:57,121.456800,31.260800,  0,  0,0
87043,2007-02-20 11:21:58,121.456800,31.260800,  0,  0,0
87043,2007-02-20 11:22:59,121.456800,31.260800,  0,  0,0
87043,2007-02-20 11:23:49,121.456800,31.260800,  0,  0,1
87043,2007-02-20 11:24:50,121.458800,31.258000,  0,  0,1
87043,2007-02-20 11:25:51,121.458800,31.258000,  0,  0,1
87043,2007-02-20 11:26:52,121.458800,31.258000,  0,  0,1
87043,2007-02-20 11:27:53,121.458800,31.258000,  0,  0,1
87043,2007-02-20 11:28:54,121.458800,31.258000,  0,  0,1
87043,2007-02-20 11:29:55,121.458800,31.258000,  0,  0,1
87043,2007-02-20 11:30:56,121.465800,31.207100,  0,  0,1
87043,2007-02-20 11:32:58,121.473000,31.208600,  0, 45,1
87043,2007-02-20 11:33:59,121.473000,31.208600,  0, 45,1
87043,2007-02-20 11:35:00,121.473000,31.208600,  0, 45,1
87043,2007-02-20 11:36:01,121.473000,31.208600,  0, 45,1
87043,2007-02-20 11:36:33,121.473000,31.208600,  0, 45,0
87043,2007-02-20 11:37:34,121.473000,31.208600,  0, 45,0
87043,2007-02-20 11:38:35,121.485300,31.214100, 16, 45,0
87043,2007-02-20 11:39:12,121.488300,31.214500, 24, 45,0
87043,2007-02-20 11:39:29,121.488600,31.215500, 26,  0,0
87043,2007-02-20 11:40:30,121.488600,31.215600,  0,  0,0
87043,2007-02-20 11:41:31,121.488600,31.215600,  0, 90,0
87043,2007-02-20 11:42:32,121.488600,31.215300,  0, 90,0
87043,2007-02-20 11:43:33,121.488600,31.215000,  0, 90,0
87043,2007-02-20 11:44:34,121.488600,31.215000,  0, 90,0
87043,2007-02-20 11:45:35,121.488600,31.215000,  0, 90,0
87043,2007-02-20 11:46:36,121.488600,31.215000,  0, 90,0
87043,2007-02-20 11:47:37,121.488600,31.215300, 12,  0,0
87043,2007-02-20 11:47:57,121.488500,31.216000,  0,  0,1
87043,2007-02-20 11:48:58,121.488500,31.214600, 14, 90,1
87043,2007-02-20 11:49:59,121.487100,31.214600, 28,135,1
87043,2007-02-20 11:51:00,121.480500,31.213800, 54,135,1
87043,2007-02-20 11:52:01,121.472800,31.211300, 20,135,1
87043,2007-02-20 11:53:02,121.472000,31.211100, 20,135,1
87043,2007-02-20 11:54:03,121.464300,31.207000, 70,135,1
87043,2007-02-20 11:55:04,121.456800,31.203800, 36,112,1
87043,2007-02-20 11:56:05,121.455800,31.202300,  0,112,1
87043,2007-02-20 11:56:24,121.455800,31.202300,  0,112,0
87043,2007-02-20 11:57:25,121.455800,31.202300,  0,112,0
87043,2007-02-20 11:58:26,121.455800,31.202300,  0,112,0
87043,2007-02-20 11:59:27,121.455800,31.202300,  0,112,0
87043,2007-02-20 12:02:18,121.455800,31.202300,  0,112,0
87043,2007-02-20 12:03:19,121.455800,31.202300,  0,112,0
87043,2007-02-20 12:04:20,121.465100,31.207300,  0,112,0
87043,2007-02-20 12:05:21,121.465300,31.207600,  0, 45,0
87043,2007-02-20 12:05:46,121.466000,31.207100, 36, 45,0
87043,2007-02-20 12:06:02,121.467800,31.208000, 44, 22,0
87043,2007-02-20 12:06:18,121.468800,31.209100, 36, 22,0
87043,2007-02-20 12:06:34,121.469800,31.210100, 36, 22,0
87043,2007-02-20 12:07:35,121.470600,31.210800,  0, 22,0
87043,2007-02-20 12:08:36,121.467800,31.207500,  0, 22,0
87043,2007-02-20 12:09:37,121.467800,31.207600,  0, 22,0
87043,2007-02-20 12:10:38,121.468500,31.208300,  0, 22,0
87043,2007-02-20 12:11:39,121.468300,31.208100,  0, 22,0
87043,2007-02-20 12:12:40,121.468000,31.207800,  0, 22,0
87043,2007-02-20 12:13:41,121.468100,31.208100,  0, 22,0
87043,2007-02-20 12:14:42,121.468000,31.208000,  0, 22,0
87043,2007-02-20 12:15:43,121.468300,31.208000,  0, 22,0
87043,2007-02-20 12:16:44,121.468300,31.208000,  0, 22,0
87043,2007-02-20 12:17:45,121.468500,31.208300,  0, 22,0
87043,2007-02-20 12:18:46,121.468300,31.208000,  0, 22,0
87043,2007-02-20 12:20:23,121.468300,31.208000,  0, 22,1
87043,2007-02-20 12:21:24,121.476100,31.209100,  0, 22,1
87043,2007-02-20 12:23:26,121.487500,31.214500, 26, 45,1
87043,2007-02-20 12:24:27,121.487800,31.218000, 36,  0,1
87043,2007-02-20 12:25:28,121.487000,31.220800, 20,157,1
87043,2007-02-20 12:26:29,121.485600,31.223500, 26,  0,1
87043,2007-02-20 12:27:30,121.484500,31.225300,  4,157,1
87043,2007-02-20 12:28:31,121.484100,31.225600, 16,157,1
87043,2007-02-20 12:29:08,121.483800,31.226600, 28,157,0
87043,2007-02-20 12:29:24,121.483500,31.227300,  4,  0,0
87043,2007-02-20 12:30:30,121.483100,31.229300,  8,157,0
87043,2007-02-20 12:31:31,121.483300,31.229800,  0,  0,0
87043,2007-02-20 12:32:32,121.483100,31.229800, 12,  0,0
87043,2007-02-20 12:33:09,121.482500,31.230800, 22,135,0
87043,2007-02-20 12:33:25,121.481100,31.230100, 40,135,0
87043,2007-02-20 12:33:41,121.479600,31.229600, 30,135,0
87043,2007-02-20 12:33:57,121.478600,31.228600, 36,135,0
87043,2007-02-20 12:34:13,121.477600,31.228300, 28,112,0
87043,2007-02-20 12:34:29,121.475800,31.227600, 40,112,0
87043,2007-02-20 12:35:30,121.475500,31.228300,  4,135,0
87043,2007-02-20 12:35:50,121.474800,31.229100, 38,157,0
87043,2007-02-20 12:36:06,121.473800,31.230800, 52,157,0
87043,2007-02-20 12:36:22,121.472500,31.232600, 42,157,0
87043,2007-02-20 12:37:23,121.472100,31.233100,  0,  0,0
87043,2007-02-20 12:38:05,121.471600,31.234100, 40,157,0
87043,2007-02-20 12:38:21,121.471000,31.235100, 30,157,0
87043,2007-02-20 12:38:52,121.470500,31.235800, 28,157,0
87043,2007-02-20 12:39:08,121.470300,31.237000, 46,  0,0
87043,2007-02-20 12:39:24,121.469500,31.238500, 50,  0,0
87043,2007-02-20 12:40:25,121.469100,31.239300,  0,  0,0
87043,2007-02-20 12:40:57,121.468800,31.240300, 48,157,0
87043,2007-02-20 12:41:13,121.467800,31.242100, 58,157,0
87043,2007-02-20 12:41:29,121.467000,31.244000, 48,  0,0
87043,2007-02-20 12:41:45,121.466600,31.246000, 48,  0,0
87043,2007-02-20 12:42:46,121.466600,31.246500,  0,  0,0
87043,2007-02-20 12:43:47,121.466500,31.246600,  0,  0,0
87043,2007-02-20 12:44:09,121.465500,31.246600, 40,135,0
87043,2007-02-20 12:44:25,121.463300,31.246100, 52,135,0
87043,2007-02-20 12:44:41,121.462000,31.246100, 44,135,0
87043,2007-02-20 12:44:57,121.459100,31.246600, 64,135,0
87043,2007-02-20 12:45:13,121.457600,31.247500, 44,135,0
87043,2007-02-20 12:45:29,121.455500,31.247800, 52,135,0
87043,2007-02-20 12:45:45,121.453500,31.248000, 36,135,0
87043,2007-02-20 12:46:03,121.452500,31.248100, 22,157,0
87043,2007-02-20 12:46:19,121.452800,31.249600, 28,  0,0
87043,2007-02-20 12:47:20,121.451800,31.249600,  0,157,0
87043,2007-02-20 12:48:21,121.451800,31.249600,  0,157,0
87043,2007-02-20 12:49:22,121.451600,31.249600,  0,135,0
87043,2007-02-20 12:50:23,121.451600,31.249600,  0,135,0
87043,2007-02-20 12:51:24,121.451600,31.249600,  0,135,0
87043,2007-02-20 12:52:25,121.451600,31.249600,  0,135,0
87043,2007-02-20 12:53:26,121.451600,31.249600,  0,135,0
87043,2007-02-20 12:54:27,121.451500,31.249600,  0,157,0
87043,2007-02-20 12:55:28,121.451500,31.249600,  0,157,0
87043,2007-02-20 12:56:29,121.451300,31.249600,  0,157,0
87043,2007-02-20 12:58:31,121.451300,31.249600,  0,157,0
87043,2007-02-20 12:59:32,121.451300,31.249600,  0,157,0
87043,2007-02-20 13:00:33,121.451100,31.249800,  8,157,0
87043,2007-02-20 13:01:34,121.451000,31.249800,  0,135,0
87043,2007-02-20 13:02:35,121.451000,31.249800,  0,135,0
87043,2007-02-20 13:03:36,121.451000,31.249800,  0,135,0
87043,2007-02-20 13:04:37,121.451000,31.249800,  0,157,0
87043,2007-02-20 13:05:38,121.450800,31.250000,  0,157,0
87043,2007-02-20 13:06:39,121.450800,31.250000,  0,157,0
87043,2007-02-20 13:07:40,121.450800,31.250000,  0,157,0
87043,2007-02-20 13:08:41,121.450800,31.250000,  0,157,0
87043,2007-02-20 13:09:42,121.450800,31.250000,  0,157,0
87043,2007-02-20 13:10:43,121.450800,31.250000,  0,157,0
87043,2007-02-20 13:11:44,121.450800,31.250000,  0,157,0
87043,2007-02-20 13:12:45,121.450800,31.250000,  0,157,0
87043,2007-02-20 13:13:46,121.450800,31.250000,  0,157,0
87043,2007-02-20 13:14:47,121.450800,31.250000,  0,157,0
87043,2007-02-20 13:15:48,121.450800,31.250000,  0,157,0
87043,2007-02-20 13:16:49,121.450800,31.250000,  0,157,0
87043,2007-02-20 13:17:50,121.450800,31.250000,  0,157,0
87043,2007-02-20 13:18:51,121.450800,31.250000,  0,157,0
87043,2007-02-20 13:19:52,121.450800,31.250000,  0,157,0
87043,2007-02-20 13:20:53,121.450800,31.250000,  0,157,0
87043,2007-02-20 13:21:54,121.450800,31.250000,  0,157,0
87043,2007-02-20 13:22:54,121.450800,31.250000,  0,157,0
87043,2007-02-20 13:23:55,121.450800,31.250000,  0,157,0
87043,2007-02-20 13:24:56,121.450800,31.250000,  0,157,0
87043,2007-02-20 13:25:57,121.450800,31.250000,  0,157,0
87043,2007-02-20 13:26:58,121.450800,31.250000,  0,157,0
87043,2007-02-20 13:27:59,121.450800,31.250000,  0,157,0
87043,2007-02-20 13:28:55,121.450800,31.250000,  0,157,1
87043,2007-02-20 13:29:55,121.450800,31.250000,  0,157,1
87043,2007-02-20 13:30:56,121.450800,31.250000,  0,157,1
87043,2007-02-20 13:32:58,121.450800,31.250000,  0,157,1
87043,2007-02-20 13:33:59,121.450800,31.250000,  0,157,1
87043,2007-02-20 13:35:00,121.450800,31.250000,  0,157,1
87043,2007-02-20 13:36:01,121.450800,31.250000,  0,157,1
87043,2007-02-20 13:37:02,121.450800,31.250000,  0,157,1
87043,2007-02-20 13:38:33,121.450800,31.250000,  0,157,0
87043,2007-02-20 13:39:33,121.450800,31.250000,  0,157,0
87043,2007-02-20 13:43:37,121.450800,31.250000,  0,157,0
87043,2007-02-20 13:44:38,121.450800,31.250000,  0,157,0
87043,2007-02-20 13:45:39,121.450800,31.250000,  0,157,0
87043,2007-02-20 13:46:40,121.450800,31.250000,  0,157,0
87043,2007-02-20 13:47:41,121.450800,31.250000,  0,157,0
87043,2007-02-20 13:48:42,121.450800,31.250000,  0,157,0
87043,2007-02-20 13:50:41,121.466100,31.248100, 46,  0,1
87043,2007-02-20 13:51:42,121.464600,31.253300, 46,  0,1
87043,2007-02-20 13:52:43,121.464000,31.256300, 10,  0,1
87043,2007-02-20 13:53:44,121.462800,31.259500,  0,  0,1
87043,2007-02-20 13:54:45,121.462100,31.263300, 36,157,1
87043,2007-02-20 13:55:46,121.462100,31.265600,  0,  0,1
87043,2007-02-20 13:56:47,121.462100,31.265600,  0,  0,1
87043,2007-02-20 13:57:48,121.462100,31.265600,  0,  0,1
87043,2007-02-20 13:58:49,121.462100,31.265600,  0,  0,1
87043,2007-02-20 13:59:50,121.462100,31.265600,  0,  0,1
87043,2007-02-20 14:00:51,121.462100,31.265600,  0,  0,1
87043,2007-02-20 14:01:52,121.479100,31.287300,  0,  0,1
87043,2007-02-20 14:02:53,121.479100,31.287300,  0,  0,1
87043,2007-02-20 14:03:54,121.479100,31.287300,  0,  0,1
87043,2007-02-20 14:04:55,121.484300,31.297600, 60,  0,1
87043,2007-02-20 14:05:56,121.481600,31.303100, 10,135,1
87043,2007-02-20 14:06:57,121.481500,31.304000,  0,157,1
87043,2007-02-20 14:07:58,121.485600,31.309800,  0, 45,1
87043,2007-02-20 14:08:59,121.485600,31.309800,  0, 45,1
87043,2007-02-20 14:10:00,121.485500,31.313000, 30,  0,1
87043,2007-02-20 14:11:01,121.486000,31.318500, 64,  0,1
87043,2007-02-20 14:12:02,121.486100,31.322300, 24,135,1
87043,2007-02-20 14:14:04,121.481300,31.322300,  0,135,1
87043,2007-02-20 14:17:07,121.480800,31.323800,  0,  0,1
87043,2007-02-20 14:18:08,121.481000,31.324100, 10,  0,1
87043,2007-02-20 14:19:09,121.482800,31.327600,  0, 22,1
87043,2007-02-20 14:20:10,121.484800,31.331100, 42, 22,1
87043,2007-02-20 14:21:11,121.482800,31.335100, 68,157,1
87043,2007-02-20 14:22:12,121.477800,31.338300, 12, 45,1
87043,2007-02-20 14:23:16,121.477800,31.338300, 14,135,0
87043,2007-02-20 14:23:41,121.477000,31.338500, 26,157,0
87043,2007-02-20 14:23:57,121.475600,31.339100, 36,157,0
87043,2007-02-20 14:25:14,121.474000,31.340100, 22,157,0
87043,2007-02-20 14:25:30,121.472600,31.340100, 32,135,0
87043,2007-02-20 14:25:46,121.471000,31.339600, 46,135,0
87043,2007-02-20 14:26:18,121.466500,31.338100, 54,112,0
87043,2007-02-20 14:26:34,121.464600,31.337600, 26,135,0
87043,2007-02-20 14:26:50,121.463300,31.337500, 50,135,0
87043,2007-02-20 14:27:06,121.462000,31.337000, 36, 90,0
87043,2007-02-20 14:27:22,121.462300,31.335000, 52, 90,0
87043,2007-02-20 14:27:38,121.462500,31.333000, 60, 90,0
87043,2007-02-20 14:28:10,121.461300,31.330100, 44,112,0
87043,2007-02-20 14:28:26,121.459800,31.329500, 34,112,0
87043,2007-02-20 14:29:09,121.457500,31.328800, 36,135,0
87043,2007-02-20 14:29:25,121.456000,31.328800, 38,135,0
87043,2007-02-20 14:30:06,121.455000,31.330500, 10,157,0
87043,2007-02-20 14:31:07,121.454600,31.331100,  0,157,0
87043,2007-02-20 14:32:08,121.454600,31.331100,  0,157,0
87043,2007-02-20 14:33:09,121.454600,31.331100,  0,157,0
87043,2007-02-20 14:34:10,121.454600,31.331100,  0,157,0
87043,2007-02-20 14:35:11,121.454600,31.331100,  0,157,0
87043,2007-02-20 14:36:12,121.455500,31.330100,  0,157,0
87043,2007-02-20 14:37:13,121.455500,31.330300,  0,157,0
87043,2007-02-20 14:38:14,121.455300,31.330600,  0,157,0
87043,2007-02-20 14:39:15,121.455300,31.330600,  0,157,0
87043,2007-02-20 14:41:17,121.455300,31.330600,  0,157,0
87043,2007-02-20 14:42:18,121.455300,31.330600,  0,157,0
87043,2007-02-20 14:43:19,121.455300,31.330600,  0,157,0
87043,2007-02-20 14:44:20,121.455300,31.330600,  0,157,0
87043,2007-02-20 14:45:21,121.455100,31.330100,  0,157,0
87043,2007-02-20 14:48:24,121.455100,31.330300,  0,157,0
87043,2007-02-20 14:49:25,121.455100,31.330300,  0,157,0
87043,2007-02-20 14:50:26,121.455100,31.330300,  0,157,0
87043,2007-02-20 14:51:27,121.455100,31.330300,  0,157,0
87043,2007-02-20 14:52:28,121.455800,31.330300,  0, 45,0
87043,2007-02-20 14:53:29,121.455500,31.329800,  0, 90,0
87043,2007-02-20 14:54:30,121.455300,31.329600,  0, 90,0
87043,2007-02-20 14:55:31,121.455300,31.329600,  0, 90,0
87043,2007-02-20 14:56:32,121.455300,31.329600,  0, 90,0
87043,2007-02-20 14:57:33,121.455300,31.329600,  0, 90,0
87043,2007-02-20 14:58:34,121.455300,31.329600,  0, 90,0
87043,2007-02-20 14:59:35,121.455300,31.329600,  0, 90,0
87043,2007-02-20 15:00:20,121.455100,31.327800, 36, 90,0
87043,2007-02-20 15:00:36,121.455100,31.326300, 46, 90,0
87043,2007-02-20 15:00:52,121.455100,31.325000, 14, 90,0
87043,2007-02-20 15:01:08,121.456500,31.325000, 36, 45,0
87043,2007-02-20 15:01:24,121.458300,31.325100, 34, 45,0
87043,2007-02-20 15:01:40,121.459800,31.325100, 34, 45,0
87043,2007-02-20 15:01:58,121.459600,31.325300, 28,135,0
87043,2007-02-20 15:02:14,121.458000,31.325100, 40,135,0
87043,2007-02-20 15:02:30,121.456100,31.325000, 44,135,0
87043,2007-02-20 15:03:25,121.453600,31.324800, 30,135,0
87043,2007-02-20 15:03:41,121.452100,31.324600, 18,112,0
87043,2007-02-20 15:04:42,121.451000,31.324300, 16,112,0
87043,2007-02-20 15:04:58,121.451000,31.323000, 44, 90,0
87043,2007-02-20 15:05:14,121.451100,31.321600, 34, 90,0
87043,2007-02-20 15:05:30,121.451500,31.320800, 28, 22,0
87043,2007-02-20 15:05:46,121.452600,31.321300, 30, 45,0
87043,2007-02-20 15:06:02,121.454500,31.321800, 40, 45,0
87043,2007-02-20 15:06:18,121.455300,31.321300, 38, 90,0
87043,2007-02-20 15:06:34,121.455300,31.319600, 28, 90,0
87043,2007-02-20 15:07:35,121.455300,31.319500,  0, 90,0
87043,2007-02-20 15:08:05,121.455300,31.318500, 22, 90,0
87043,2007-02-20 15:08:21,121.455300,31.317500, 42, 90,0
87043,2007-02-20 15:08:37,121.455300,31.316100,  6, 90,0
87043,2007-02-20 15:09:28,121.455100,31.315500, 12, 90,1
87043,2007-02-20 15:10:28,121.449600,31.315300, 42,135,1
87043,2007-02-20 15:11:29,121.445600,31.315300, 36,135,1
87043,2007-02-20 15:12:30,121.444300,31.315500, 18,157,1
87043,2007-02-20 15:13:31,121.443600,31.312600,  0, 67,1
87043,2007-02-20 15:14:32,121.444000,31.308500, 36, 90,1
87043,2007-02-20 15:15:33,121.444000,31.308100,  0, 90,1
87043,2007-02-20 15:16:34,121.444000,31.308100,  0, 90,1
87043,2007-02-20 15:17:35,121.445000,31.296500,114, 90,1
87043,2007-02-20 15:18:36,121.447000,31.283600, 68, 90,1
87043,2007-02-20 15:19:37,121.449300,31.274300, 70, 67,1
87043,2007-02-20 15:20:38,121.452300,31.268300,  0, 67,1
87043,2007-02-20 15:21:39,121.452300,31.268300,  0, 67,1
87043,2007-02-20 15:22:40,121.452300,31.268300,  0, 67,1
87043,2007-02-20 15:23:41,121.452300,31.268300,  0, 67,1
87043,2007-02-20 15:23:58,121.452300,31.268300,  0, 67,0
87043,2007-02-20 15:24:50,121.457500,31.261500, 36, 67,0
87043,2007-02-20 15:25:05,121.458500,31.260600, 32, 67,0
87043,2007-02-20 15:26:07,121.458800,31.260500,  0, 67,0
87043,2007-02-20 15:27:08,121.458800,31.260500,  0, 67,0
87043,2007-02-20 15:28:01,121.464100,31.255000, 40, 90,0
87043,2007-02-20 15:28:17,121.464500,31.253100, 52, 90,0
87043,2007-02-20 15:28:33,121.465000,31.251300, 54, 90,0
87043,2007-02-20 15:28:49,121.465600,31.249100, 62, 90,0
87043,2007-02-20 15:29:05,121.466300,31.247500, 14, 90,0
87043,2007-02-20 15:29:56,121.466500,31.246500, 36, 90,0
87043,2007-02-20 15:30:12,121.466600,31.245100, 20, 90,0
87043,2007-02-20 15:30:28,121.466800,31.244000, 38, 90,0
87043,2007-02-20 15:30:44,121.467100,31.242300, 54, 67,0
87043,2007-02-20 15:31:00,121.468100,31.240800, 36, 90,0
87043,2007-02-20 15:31:47,121.468600,31.239800, 34, 90,0
87043,2007-02-20 15:32:03,121.469100,31.238000, 40, 90,0
87043,2007-02-20 15:32:20,121.469500,31.237000, 26, 90,0
87043,2007-02-20 15:33:20,121.469600,31.236500,  0, 90,0
87043,2007-02-20 15:34:22,121.469300,31.236300,  0,135,0
87043,2007-02-20 15:35:28,121.467500,31.235600,  0,112,1
87043,2007-02-20 15:36:30,121.467300,31.235100,  6,112,1
87043,2007-02-20 15:37:31,121.465600,31.237500,  0,157,1
87043,2007-02-20 15:38:32,121.464000,31.237300, 16,112,1
87043,2007-02-20 15:39:33,121.462500,31.237000, 24,112,1
87043,2007-02-20 15:40:33,121.459300,31.238100, 24,157,1
87043,2007-02-20 15:41:34,121.458800,31.242300, 34,  0,1
87043,2007-02-20 15:42:36,121.458300,31.249100, 68,  0,1
87043,2007-02-20 15:43:37,121.459100,31.258800, 70,  0,1
87043,2007-02-20 15:44:38,121.452100,31.261500, 80,135,1
87043,2007-02-20 15:45:38,121.441100,31.259100, 54,135,1
87043,2007-02-20 15:46:28,121.432500,31.256000, 74,112,1
87043,2007-02-20 15:47:28,121.423600,31.248100, 74,112,1
87043,2007-02-20 15:48:30,121.416300,31.244500, 38,112,1
87043,2007-02-20 15:49:31,121.410800,31.246100, 56,157,1
87043,2007-02-20 15:50:32,121.405800,31.247600, 24,135,1
87043,2007-02-20 15:51:33,121.398600,31.246500, 46,135,1
87043,2007-02-20 15:52:33,121.397100,31.246500, 46,135,1
87043,2007-02-20 15:53:35,121.392500,31.246600,  0,135,1
87043,2007-02-20 15:54:36,121.392500,31.246600,  0,135,1
87043,2007-02-20 15:55:37,121.388800,31.247500, 70,135,1
87043,2007-02-20 15:56:38,121.381800,31.249100, 36,135,1
87043,2007-02-20 15:57:38,121.379500,31.251500, 20,  0,1
87043,2007-02-20 15:58:40,121.377500,31.253000, 28,135,1
87043,2007-02-20 16:00:37,121.378600,31.257600, 14, 22,0
87043,2007-02-20 16:00:53,121.378800,31.257600,  0,  0,0
87043,2007-02-20 16:01:53,121.379100,31.258500,  0,  0,0
87043,2007-02-20 16:02:43,121.379800,31.259300, 34, 45,0
87043,2007-02-20 16:02:58,121.381800,31.259100, 46, 45,0
87043,2007-02-20 16:03:15,121.382000,31.258100, 38, 90,0
87043,2007-02-20 16:03:31,121.381500,31.256500, 46, 90,0
87043,2007-02-20 16:03:47,121.381000,31.255100, 32, 90,0
87043,2007-02-20 16:04:03,121.381800,31.254500, 38, 45,0
87043,2007-02-20 16:05:07,121.384300,31.253800, 40, 45,0
87043,2007-02-20 16:06:07,121.385000,31.254300, 22, 45,1
87043,2007-02-20 16:07:08,121.391300,31.252300, 62, 45,1
87043,2007-02-20 16:08:08,121.392100,31.247100, 18, 90,1
87043,2007-02-20 16:09:10,121.393300,31.246300, 12, 45,1
87043,2007-02-20 16:10:11,121.394100,31.245500, 40, 90,1
87043,2007-02-20 16:11:12,121.394500,31.243500,  0, 90,1
87043,2007-02-20 16:12:13,121.395500,31.240600,  0, 90,1
87043,2007-02-20 16:13:01,121.398300,31.242300, 16, 22,0
87043,2007-02-20 16:13:17,121.398300,31.242500,  4,  0,0
87043,2007-02-20 16:13:42,121.399100,31.242100, 20, 67,0
87043,2007-02-20 16:14:01,121.400100,31.241500, 18, 67,0
87043,2007-02-20 16:14:41,121.401000,31.240800, 16, 67,0
87043,2007-02-20 16:15:40,121.402000,31.240100, 34, 67,0
87043,2007-02-20 16:15:56,121.403100,31.239600,  6, 45,0
87043,2007-02-20 16:16:15,121.404300,31.239600, 30, 45,0
87043,2007-02-20 16:16:35,121.405500,31.239600, 36, 45,0
87043,2007-02-20 16:16:51,121.407100,31.240100, 38, 22,0
87043,2007-02-20 16:17:07,121.408500,31.241000, 32, 22,0
87043,2007-02-20 16:17:32,121.409300,31.241500,  4, 22,0
87043,2007-02-20 16:17:50,121.410300,31.241100, 22, 67,0
87043,2007-02-20 16:18:51,121.410500,31.241100,  0, 67,0
87043,2007-02-20 16:19:32,121.411300,31.240500, 42, 67,0
87043,2007-02-20 16:20:03,121.414600,31.238500, 52, 67,0
87043,2007-02-20 16:20:55,121.416500,31.237500, 32, 22,0
87043,2007-02-20 16:21:11,121.418000,31.238300, 36, 22,0
87043,2007-02-20 16:21:27,121.419500,31.239100, 34, 22,0
87043,2007-02-20 16:21:43,121.420800,31.238500, 58, 67,0
87043,2007-02-20 16:21:58,121.422800,31.237000, 68, 67,0
87043,2007-02-20 16:22:15,121.424600,31.235500, 28, 67,0
87043,2007-02-20 16:23:03,121.425500,31.235500, 28, 22,0
87043,2007-02-20 16:23:20,121.426300,31.236600, 28, 22,0
87043,2007-02-20 16:24:21,121.428600,31.236800, 32, 45,0
87043,2007-02-20 16:24:37,121.430300,31.237000, 38, 45,0
87043,2007-02-20 16:24:55,121.431300,31.237300, 22, 45,0
87043,2007-02-20 16:25:26,121.432000,31.236600, 24, 67,0
87043,2007-02-20 16:26:00,121.433600,31.234800, 24, 45,0
87043,2007-02-20 16:26:16,121.434800,31.235100, 36, 45,0
87043,2007-02-20 16:26:32,121.436300,31.235600, 46, 45,0
87043,2007-02-20 16:26:48,121.438100,31.236300, 42, 22,0
87043,2007-02-20 16:27:03,121.439800,31.236800, 42, 22,0
87043,2007-02-20 16:28:05,121.440600,31.237100, 28, 45,0
87043,2007-02-20 16:28:21,121.442100,31.236100, 40, 67,0
87043,2007-02-20 16:28:37,121.443100,31.235100, 44, 67,0
87043,2007-02-20 16:28:53,121.444300,31.233800, 30, 67,0
87043,2007-02-20 16:29:08,121.445000,31.233100, 26, 67,0
87043,2007-02-20 16:29:41,121.446300,31.231300, 10, 67,0
87043,2007-02-20 16:30:42,121.446300,31.231100,  0, 67,0
87043,2007-02-20 16:31:13,121.447300,31.231000, 42, 45,0
87043,2007-02-20 16:32:15,121.448300,31.231300,  0, 45,0
87043,2007-02-20 16:32:38,121.449100,31.230600, 30, 67,0
87043,2007-02-20 16:32:55,121.450000,31.229800, 16, 67,0
87043,2007-02-20 16:33:33,121.450600,31.229100, 36, 22,0
87043,2007-02-20 16:33:48,121.451600,31.229800, 14, 22,0
87043,2007-02-20 16:34:36,121.452600,31.230500,  6, 45,0
87043,2007-02-20 16:35:03,121.453000,31.230500, 14, 22,1
87043,2007-02-20 16:36:03,121.454800,31.229300, 50, 90,1
87043,2007-02-20 16:37:05,121.458300,31.225500, 14, 45,1
87043,2007-02-20 16:38:06,121.467000,31.227100, 70, 22,1
87043,2007-02-20 16:39:07,121.473600,31.230100,  0, 22,1
87043,2007-02-20 16:40:08,121.474800,31.228800,  0, 67,1
87043,2007-02-20 16:41:08,121.476500,31.225100, 48, 90,1
87043,2007-02-20 16:42:10,121.477000,31.222800, 36, 90,1
87043,2007-02-20 16:43:11,121.478100,31.220600, 36, 90,1
87043,2007-02-20 16:46:13,121.485500,31.213300, 32, 67,1
87043,2007-02-20 16:46:39,121.485600,31.212500,  0,112,0
87043,2007-02-20 16:46:55,121.485600,31.212500,  0,112,0
87043,2007-02-20 16:47:37,121.484600,31.211800, 14,112,0
87043,2007-02-20 16:48:06,121.483500,31.211300, 24,112,0
87043,2007-02-20 16:48:42,121.482600,31.210600, 10,112,0
87043,2007-02-20 16:48:45,121.482600,31.210600, 12,157,1
87043,2007-02-20 16:50:47,121.478500,31.213500, 44,135,1
87043,2007-02-20 16:51:48,121.477600,31.213300,  0,135,1
87043,2007-02-20 16:52:48,121.474800,31.213800, 38,  0,1
87043,2007-02-20 16:55:52,121.473800,31.219000, 16,  0,1
87043,2007-02-20 16:56:53,121.471600,31.220600,  4,135,1
87043,2007-02-20 16:57:53,121.469300,31.223300, 32,  0,1
87043,2007-02-20 16:58:11,121.468600,31.224500, 26,157,0
87043,2007-02-20 16:58:27,121.468000,31.224500,  0,112,0
87043,2007-02-20 16:59:28,121.469100,31.225000, 20, 22,0
87043,2007-02-20 16:59:46,121.470000,31.224500, 10, 90,0
87043,2007-02-20 17:00:56,121.471000,31.222500, 26, 90,0
87043,2007-02-20 17:01:12,121.471100,31.221100, 34, 90,0
87043,2007-02-20 17:01:28,121.470600,31.220300, 38,135,0
87043,2007-02-20 17:01:43,121.469800,31.220600, 34,  0,0
87043,2007-02-20 17:02:02,121.469600,31.221800, 24,  0,0
87043,2007-02-20 17:02:18,121.469500,31.223000, 24,  0,0
87043,2007-02-20 17:03:18,121.469500,31.223100,  0,  0,0
87043,2007-02-20 17:04:11,121.469600,31.224100, 10, 22,0
87043,2007-02-20 17:04:33,121.468600,31.224300, 30,157,0
87043,2007-02-20 17:04:58,121.468100,31.225500,  4, 22,0
87043,2007-02-20 17:05:58,121.468100,31.225500,  0, 22,0
87043,2007-02-20 17:07:00,121.468300,31.224800,  0, 22,0
87043,2007-02-20 17:08:01,121.469800,31.224600, 20, 67,0
87043,2007-02-20 17:08:41,121.470300,31.223800, 20, 67,1
87043,2007-02-20 17:10:43,121.472300,31.217000,  0, 67,1
87043,2007-02-20 17:11:43,121.473100,31.213300, 32, 90,1
87043,2007-02-20 17:12:45,121.474800,31.212800, 34, 45,1
87043,2007-02-20 17:13:46,121.475500,31.209600, 26, 90,1
87043,2007-02-20 17:14:47,121.472800,31.209000,  0,  0,1
87043,2007-02-20 17:15:28,121.472500,31.209000,  0,  0,0
87043,2007-02-20 17:16:17,121.472300,31.209600, 32,  0,0
87043,2007-02-20 17:16:33,121.472000,31.210600, 18,157,0
87043,2007-02-20 17:17:00,121.471500,31.211600, 22,  0,0
87043,2007-02-20 17:17:30,121.471500,31.211100, 28,135,0
87043,2007-02-20 17:17:46,121.470000,31.210800, 46,135,0
87043,2007-02-20 17:18:02,121.467300,31.210000, 66,112,0
87043,2007-02-20 17:18:18,121.466300,31.208100, 48,112,0
87043,2007-02-20 17:18:33,121.465300,31.207500, 12,135,0
87043,2007-02-20 17:19:35,121.465300,31.207500,  0,135,0
87043,2007-02-20 17:20:12,121.466100,31.207300, 44, 45,0
87043,2007-02-20 17:20:28,121.468000,31.207600, 34, 45,0
87043,2007-02-20 17:22:30,121.468100,31.207600,  6,135,0
87043,2007-02-20 17:23:23,121.468500,31.207600, 10, 22,1
87043,2007-02-20 17:24:23,121.469000,31.208000,  0, 22,1
87043,2007-02-20 17:25:25,121.469500,31.208000,  0, 45,1
87043,2007-02-20 17:26:26,121.469500,31.208000,  0, 45,1
87043,2007-02-20 17:27:27,121.469500,31.208000,  0, 45,1
87043,2007-02-20 17:28:28,121.469500,31.208000,  0, 45,1
87043,2007-02-20 17:29:28,121.469500,31.208000,  0, 45,1
87043,2007-02-20 17:30:30,121.463600,31.232600, 22, 22,1
87043,2007-02-20 17:31:07,121.467600,31.235500, 22, 22,0
87043,2007-02-20 17:31:23,121.468300,31.236100, 26, 22,0
87043,2007-02-20 17:32:07,121.469100,31.236300, 14, 22,0
87043,2007-02-20 17:32:32,121.469600,31.236300,  4, 45,1
87043,2007-02-20 17:34:33,121.473500,31.231000,  0, 67,1
87043,2007-02-20 17:35:35,121.473500,31.230800,  0, 90,1
87043,2007-02-20 17:36:36,121.477800,31.232300, 50, 22,1
87043,2007-02-20 17:37:37,121.482300,31.231300, 12, 90,1
87043,2007-02-20 17:38:38,121.482300,31.231000,  4, 90,1
87043,2007-02-20 17:39:38,121.486100,31.231300, 22, 45,1
87043,2007-02-20 17:40:01,121.486000,31.229800,  6, 67,0
87043,2007-02-20 17:41:02,121.486100,31.229600,  0, 45,0
87043,2007-02-20 17:42:01,121.486300,31.229600, 12, 45,1
87043,2007-02-20 17:43:02,121.490500,31.229600, 10, 45,1
87043,2007-02-20 17:44:03,121.490600,31.231600, 22, 22,1
87043,2007-02-20 17:45:03,121.487300,31.234500, 52,157,1
87043,2007-02-20 17:46:05,121.487600,31.234600,  0,  0,1
87043,2007-02-20 17:47:06,121.482000,31.232500, 36,112,1
87043,2007-02-20 17:48:07,121.471300,31.229300, 78,112,1
87043,2007-02-20 17:49:08,121.463100,31.227800, 54,157,1
87043,2007-02-20 17:50:08,121.461100,31.237800, 82,157,1
87043,2007-02-20 17:51:10,121.458300,31.248600, 66,  0,1
87043,2007-02-20 17:52:11,121.459300,31.255500, 40,  0,1
87043,2007-02-20 17:53:12,121.459500,31.257000,  0,  0,1
87043,2007-02-20 17:53:16,121.459500,31.257000,  0,  0,0
87043,2007-02-20 17:54:17,121.458100,31.251300, 18, 45,0
87043,2007-02-20 17:55:07,121.458100,31.250300, 14, 90,0
87043,2007-02-20 17:55:29,121.459000,31.251000, 40,  0,0
87043,2007-02-20 17:55:45,121.459600,31.252000, 22, 45,0
87043,2007-02-20 17:56:01,121.461300,31.251500, 48, 45,0
87043,2007-02-20 17:56:32,121.464500,31.252000, 36, 45,0
87043,2007-02-20 17:56:49,121.465500,31.250600, 60, 90,0
87043,2007-02-20 17:57:05,121.466300,31.248300, 64, 90,0
87043,2007-02-20 17:57:21,121.466500,31.246800,  0, 90,0
87043,2007-02-20 17:58:22,121.466600,31.246800,  0, 90,0
87043,2007-02-20 17:58:39,121.466600,31.245800, 52, 90,0
87043,2007-02-20 17:58:55,121.466600,31.244500, 26, 90,0
87043,2007-02-20 17:59:36,121.466800,31.243500, 42, 90,0
87043,2007-02-20 17:59:52,121.467800,31.241500, 60, 67,0
87043,2007-02-20 18:00:07,121.468600,31.239800, 44, 90,0
87043,2007-02-20 18:00:24,121.469100,31.238000, 44, 90,0
87043,2007-02-20 18:00:40,121.469600,31.237000, 30, 67,0
87043,2007-02-20 18:01:22,121.469100,31.236300,  6,112,0
87043,2007-02-20 18:02:24,121.469000,31.236500,  0,112,0
87043,2007-02-20 18:03:25,121.468800,31.236800,  0,112,0
87043,2007-02-20 18:07:29,121.469000,31.236300,  0,112,0
87043,2007-02-20 18:07:53,121.469000,31.236300,  0,112,1
87043,2007-02-20 18:08:54,121.469000,31.236300,  0,112,1
87043,2007-02-20 18:09:55,121.469000,31.236300,  0,112,1
87043,2007-02-20 18:10:56,121.469000,31.236300,  0,112,1
87043,2007-02-20 18:11:57,121.469000,31.236300,  0,112,1
87043,2007-02-20 18:13:59,121.459500,31.235800,  8,112,1
87043,2007-02-20 18:15:00,121.457000,31.234800,  0,112,1
87043,2007-02-20 18:16:01,121.456100,31.234500, 22,112,1
87043,2007-02-20 18:17:02,121.453000,31.233500, 10, 90,1
87043,2007-02-20 18:18:02,121.445100,31.230300, 56,112,1
87043,2007-02-20 18:19:04,121.442500,31.229100, 18,135,1
87043,2007-02-20 18:20:05,121.439000,31.230000,  0,112,1
87043,2007-02-20 18:22:07,121.432100,31.228500,  0,112,1
87043,2007-02-20 18:23:07,121.428800,31.232100,  0,157,1
87043,2007-02-20 18:24:09,121.427600,31.233500, 28,157,1
87043,2007-02-20 18:25:10,121.425600,31.235000,  0,157,1
87043,2007-02-20 18:26:11,121.420100,31.239100, 26,157,1
87043,2007-02-20 18:27:12,121.420100,31.239100,  0,157,1
87043,2007-02-20 18:28:12,121.418000,31.238300, 30,112,1
87043,2007-02-20 18:29:14,121.414100,31.235600, 70,112,1
87043,2007-02-20 18:30:15,121.408500,31.232800,  0,112,1
87043,2007-02-20 18:31:16,121.408500,31.232800,  0,112,1
87043,2007-02-20 18:32:17,121.406300,31.232800,  0,135,1
87043,2007-02-20 18:33:17,121.406000,31.233000, 26,135,1
87043,2007-02-20 18:34:19,121.398300,31.233800, 48,135,1
87043,2007-02-20 18:35:20,121.390500,31.233600, 56,135,1
87043,2007-02-20 18:36:21,121.384600,31.233100, 60,135,1
87043,2007-02-20 18:37:22,121.378800,31.233800, 50,135,1
87043,2007-02-20 18:39:24,121.371300,31.235300, 52,157,1
87043,2007-02-20 18:40:25,121.368000,31.236800, 46,157,1
87043,2007-02-20 18:41:26,121.368100,31.239800, 42, 22,1
87043,2007-02-20 18:42:27,121.367300,31.241300,  4,157,1
87043,2007-02-20 18:43:27,121.366300,31.242100, 20,  0,1
87043,2007-02-20 18:43:52,121.367000,31.243600,  0,  0,0
87043,2007-02-20 18:44:07,121.367000,31.243600,  0,  0,0
87043,2007-02-20 18:45:26,121.366300,31.242500, 18, 90,0
87043,2007-02-20 18:46:27,121.366500,31.241600, 32, 67,0
87043,2007-02-20 18:46:59,121.368100,31.239800, 44,112,0
87043,2007-02-20 18:47:15,121.367100,31.238000, 48,112,0
87043,2007-02-20 18:47:31,121.367300,31.237100, 36, 67,0
87043,2007-02-20 18:47:47,121.368800,31.236300, 28, 67,0
87043,2007-02-20 18:48:27,121.372000,31.235000, 48, 45,0
87043,2007-02-20 18:48:42,121.373600,31.234500, 20, 67,0
87043,2007-02-20 18:49:39,121.376800,31.234000, 58, 45,0
87043,2007-02-20 18:49:55,121.378800,31.233600, 16, 45,0
87043,2007-02-20 18:50:21,121.380100,31.233500, 38, 45,0
87043,2007-02-20 18:50:37,121.381300,31.233300, 20, 45,0
87043,2007-02-20 18:50:52,121.382500,31.233000, 48, 45,0
87043,2007-02-20 18:51:09,121.384100,31.233000, 42, 45,0
87043,2007-02-20 18:51:25,121.386000,31.233100, 32, 45,0
87043,2007-02-20 18:51:41,121.387000,31.233300, 26, 45,0
87043,2007-02-20 18:51:57,121.388800,31.233300, 48, 45,0
87043,2007-02-20 18:52:12,121.390600,31.233500, 22, 45,0
87043,2007-02-20 18:52:29,121.392000,31.233500, 36, 45,0
87043,2007-02-20 18:52:45,121.393800,31.233600, 34, 45,0
87043,2007-02-20 18:53:01,121.395600,31.233600, 44, 45,0
87043,2007-02-20 18:53:17,121.397300,31.233800, 42, 45,0
87043,2007-02-20 18:53:49,121.401300,31.233500, 44, 45,0
87043,2007-02-20 18:55:22,121.405500,31.232800, 32, 45,0
87043,2007-02-20 18:55:37,121.406800,31.232600, 32, 45,0
87043,2007-02-20 18:55:57,121.408000,31.232600, 12, 45,0
87043,2007-02-20 18:56:14,121.408000,31.231300, 44, 90,0
87043,2007-02-20 18:56:30,121.407500,31.229800, 32, 90,0
87043,2007-02-20 18:56:46,121.406800,31.228500, 36,112,0
87043,2007-02-20 18:57:02,121.407800,31.226600, 50, 90,0
87043,2007-02-20 18:57:17,121.408500,31.225100, 46, 67,0
87043,2007-02-20 18:57:34,121.409300,31.223600, 38, 67,0
87043,2007-02-20 18:57:50,121.410000,31.222100, 38, 67,0
87043,2007-02-20 18:58:30,121.410500,31.221100, 38, 67,0
87043,2007-02-20 18:58:46,121.410800,31.220300, 12, 90,0
87043,2007-02-20 18:59:11,121.411800,31.219600, 34, 45,0
87043,2007-02-20 18:59:27,121.413500,31.220000, 32, 22,0
87043,2007-02-20 18:59:42,121.415100,31.220500, 42, 45,0
87043,2007-02-20 18:59:59,121.416600,31.220500, 30, 45,0
87043,2007-02-20 19:00:15,121.417100,31.219500, 34, 90,0
87043,2007-02-20 19:00:31,121.417600,31.218600, 24, 45,0
87043,2007-02-20 19:00:47,121.419100,31.218800, 38, 45,0
87043,2007-02-20 19:03:34,121.426800,31.218500,  6, 67,0
87043,2007-02-20 19:04:35,121.426800,31.218500,  0, 67,0
87043,2007-02-20 19:05:36,121.426800,31.218500,  0, 67,0
87043,2007-02-20 19:06:29,121.432300,31.222800, 38, 45,0
87043,2007-02-20 19:06:45,121.433500,31.223300, 32, 45,0
87043,2007-02-20 19:07:01,121.435300,31.224000, 42, 22,0
87043,2007-02-20 19:07:17,121.436300,31.224500, 10, 22,0
87043,2007-02-20 19:07:32,121.437100,31.225000, 20, 22,0
87043,2007-02-20 19:07:49,121.437800,31.226000, 30, 22,0
87043,2007-02-20 19:08:07,121.438600,31.226300, 14, 67,0
87043,2007-02-20 19:08:34,121.439300,31.225600,  8, 90,0
87043,2007-02-20 19:10:42,121.444500,31.226500, 36, 22,0
87043,2007-02-20 19:10:57,121.445800,31.227000, 36, 22,0
87043,2007-02-20 19:11:14,121.447300,31.227800, 26, 22,0
87043,2007-02-20 19:12:00,121.449300,31.229000, 18, 22,0
87043,2007-02-20 19:12:45,121.451300,31.228000, 44, 67,0
87043,2007-02-20 19:13:29,121.452000,31.227100, 18, 45,0
87043,2007-02-20 19:13:45,121.453500,31.228000, 42, 22,0
87043,2007-02-20 19:14:01,121.455100,31.228500, 32, 45,0
87043,2007-02-20 19:14:32,121.458000,31.228600,  6, 45,0
87043,2007-02-20 19:15:34,121.458000,31.228600,  0, 45,0
87043,2007-02-20 19:16:16,121.458800,31.228800,  8, 22,1
87043,2007-02-20 19:17:16,121.464300,31.229500, 44, 45,1
87043,2007-02-20 19:19:17,121.468000,31.229000, 32, 45,1
87043,2007-02-20 19:20:19,121.468300,31.228100,  0, 67,1
87043,2007-02-20 19:22:21,121.468300,31.228100,  0, 67,1
87043,2007-02-20 19:23:22,121.468300,31.228100,  0, 67,1
87043,2007-02-20 19:24:22,121.468300,31.228100,  0, 67,1
87043,2007-02-20 19:25:24,121.482100,31.232500, 50, 45,1
87043,2007-02-20 19:26:25,121.483800,31.232300,  0, 45,1
87043,2007-02-20 19:27:26,121.483800,31.232300,  0, 45,1
87043,2007-02-20 19:29:27,121.483800,31.232300,  0, 45,1
87043,2007-02-20 19:30:29,121.483800,31.232300,  0, 45,1
87043,2007-02-20 19:32:31,121.483800,31.232300,  0, 45,1
87043,2007-02-20 19:33:32,121.536100,31.246100, 52, 22,1
87043,2007-02-20 19:34:32,121.543500,31.249500, 48, 22,1
87043,2007-02-20 19:35:34,121.547000,31.252500,  0, 22,1
87043,2007-02-20 19:36:35,121.549300,31.254800,  4, 22,1
87043,2007-02-20 19:37:36,121.552000,31.256800, 28, 67,1
87043,2007-02-20 19:37:54,121.552500,31.256100,  4, 45,0
87043,2007-02-20 19:38:12,121.552600,31.256100, 14, 67,0
87043,2007-02-20 19:38:29,121.553300,31.255100, 26, 67,0
87043,2007-02-20 19:38:47,121.554100,31.254500, 30, 67,0
87043,2007-02-20 19:39:02,121.555500,31.253300, 44, 67,0
87043,2007-02-20 19:39:19,121.556800,31.252100, 36, 67,0
87043,2007-02-20 19:39:35,121.557600,31.251500, 10, 67,0
87043,2007-02-20 19:39:57,121.557500,31.250600, 38,112,0
87043,2007-02-20 19:40:14,121.556100,31.250000,  8,112,0
87043,2007-02-20 19:41:00,121.554100,31.248600, 30,112,0
87043,2007-02-20 19:41:16,121.553100,31.248000, 24,112,0
87043,2007-02-20 19:41:32,121.552000,31.247300, 28,112,0
87043,2007-02-20 19:41:51,121.551100,31.246800, 10,112,0
87043,2007-02-20 19:42:12,121.551500,31.246000, 38, 67,0
87043,2007-02-20 19:42:29,121.552800,31.245000, 38, 67,0
87043,2007-02-20 19:42:45,121.553800,31.244100, 20, 90,0
87043,2007-02-20 19:43:01,121.552300,31.243300, 52,112,0
87043,2007-02-20 19:43:17,121.550100,31.242300, 60,112,0
87043,2007-02-20 19:43:32,121.547800,31.241300, 56,112,0
87043,2007-02-20 19:43:49,121.545500,31.240300, 60,112,0
87043,2007-02-20 19:44:05,121.543800,31.239600, 16,112,0
87043,2007-02-20 19:44:41,121.542600,31.239100, 54,135,0
87043,2007-02-20 19:44:57,121.540300,31.238500, 50,135,0
87043,2007-02-20 19:45:12,121.538800,31.237800, 36,135,0
87043,2007-02-20 19:45:29,121.536800,31.237300, 46,135,0
87043,2007-02-20 19:45:45,121.534600,31.236600, 52,135,0
87043,2007-02-20 19:46:01,121.532800,31.236100, 52,135,0
87043,2007-02-20 19:46:17,121.530600,31.235500, 38,135,0
87043,2007-02-20 19:46:32,121.529500,31.235100, 26,135,0
87043,2007-02-20 19:47:34,121.529100,31.235000, 18,112,0
87043,2007-02-20 19:47:50,121.527100,31.234100, 58,112,0
87043,2007-02-20 19:48:06,121.524800,31.233500, 48,112,0
87043,2007-02-20 19:49:07,121.524000,31.233100,  0,135,0
87043,2007-02-20 19:49:35,121.522800,31.232800, 50,135,0
87043,2007-02-20 19:50:07,121.517600,31.231100, 66,135,0
87043,2007-02-20 19:50:22,121.515600,31.230500, 46,135,0
87043,2007-02-20 19:50:39,121.514600,31.229600, 10,112,0
87043,2007-02-20 19:51:42,121.511500,31.229000, 44,112,0
87043,2007-02-20 19:51:57,121.509500,31.228300, 50,112,0
87043,2007-02-20 19:52:14,121.507500,31.227500, 50,112,0
87043,2007-02-20 19:54:16,121.507100,31.227300,  0,112,0
87043,2007-02-20 19:54:52,121.487100,31.224000, 36,135,0
87043,2007-02-20 19:55:24,121.482500,31.222300, 46,112,0
87043,2007-02-20 19:55:40,121.480800,31.221300, 38,112,0
87043,2007-02-20 19:56:26,121.478500,31.221000, 32,135,0
87043,2007-02-20 19:56:46,121.477800,31.221600, 20,157,0
87043,2007-02-20 19:57:47,121.477800,31.221800,  0,157,0
87043,2007-02-20 19:58:10,121.477800,31.221800,  4,  0,1
87043,2007-02-20 19:59:10,121.476000,31.226800, 32,  0,1
87043,2007-02-20 20:00:11,121.475800,31.227800, 28,157,1
87043,2007-02-20 20:02:12,121.472500,31.230600, 22,135,1
87043,2007-02-20 20:03:14,121.464000,31.227000, 46,157,1
87043,2007-02-20 20:04:15,121.462000,31.235300, 68,  0,1
87043,2007-02-20 20:05:16,121.457800,31.244300, 70,  0,1
87043,2007-02-20 20:06:17,121.459100,31.252800, 50,  0,1
87043,2007-02-20 20:08:22,121.459600,31.254800,  0,  0,0
87043,2007-02-20 20:09:23,121.459600,31.254800,  0,  0,0
87043,2007-02-20 20:09:52,121.463500,31.257300, 42, 90,0
87043,2007-02-20 20:10:09,121.464000,31.255800, 42, 90,0
87043,2007-02-20 20:10:25,121.464300,31.254100, 52, 90,0
87043,2007-02-20 20:10:41,121.464600,31.252300, 38, 90,0
87043,2007-02-20 20:10:57,121.465100,31.250600, 54, 90,0
87043,2007-02-20 20:11:13,121.466000,31.248500, 64, 67,0
87043,2007-02-20 20:11:29,121.466300,31.247100,  0, 90,0
87043,2007-02-20 20:12:21,121.466500,31.246100, 42, 90,0
87043,2007-02-20 20:12:37,121.466600,31.244600, 20, 90,0
87043,2007-02-20 20:13:21,121.466800,31.243800, 42, 90,0
87043,2007-02-20 20:13:37,121.467500,31.242000, 44, 67,0
87043,2007-02-20 20:13:52,121.468500,31.240500, 26, 67,0
87043,2007-02-20 20:14:42,121.468800,31.239500, 36, 90,0
87043,2007-02-20 20:15:15,121.469600,31.236500, 14, 90,0
87043,2007-02-20 20:16:02,121.468800,31.235800, 10,112,0
87043,2007-02-20 20:17:02,121.468000,31.235600,  6,112,0
87043,2007-02-20 20:17:34,121.467000,31.235000, 12,135,0
87043,2007-02-20 20:18:27,121.466600,31.235600, 12, 45,1
87043,2007-02-20 20:19:27,121.469600,31.237100, 26, 90,1
87043,2007-02-20 20:20:28,121.467500,31.235500, 16,112,1
87043,2007-02-20 20:21:29,121.467000,31.235100, 38,112,1
87043,2007-02-20 20:22:30,121.466000,31.233500,  0,112,1
87043,2007-02-20 20:23:31,121.462600,31.232800, 22,135,1
87043,2007-02-20 20:24:32,121.457600,31.233000, 26,135,1
87043,2007-02-20 20:25:33,121.452500,31.230500, 26,112,1
87043,2007-02-20 20:26:34,121.448300,31.228600, 22,112,1
87043,2007-02-20 20:27:06,121.448300,31.228500,  0,112,0
87043,2007-02-20 20:27:36,121.448300,31.228500,  0,112,1
87043,2007-02-20 20:28:36,121.443600,31.226100, 32,112,1
87043,2007-02-20 20:29:37,121.440800,31.224600,  0,112,1
87043,2007-02-20 20:30:38,121.440800,31.224600,  0,112,1
87043,2007-02-20 20:32:40,121.438500,31.222100,  2,112,1
87043,2007-02-20 20:34:42,121.440100,31.216600, 32, 67,1
87043,2007-02-20 20:35:57,121.437500,31.215500, 30,135,0
87043,2007-02-20 20:36:12,121.436300,31.215100, 26,135,0
87043,2007-02-20 20:37:14,121.435500,31.215000,  0,112,0
87043,2007-02-20 20:37:34,121.435300,31.215000, 10,135,1
87043,2007-02-20 20:38:35,121.436100,31.218600, 42, 45,1
87043,2007-02-20 20:39:36,121.439000,31.220300, 24,  0,1
87043,2007-02-20 20:40:37,121.441000,31.222300,  0, 22,1
87043,2007-02-20 20:41:37,121.444000,31.222800, 50, 45,1
87043,2007-02-20 20:42:39,121.452800,31.225600, 64, 45,1
87043,2007-02-20 20:43:40,121.464300,31.225500, 66, 45,1
87043,2007-02-20 20:44:41,121.470600,31.228500, 52, 22,1
87043,2007-02-20 20:45:09,121.472600,31.229500,  0, 22,0
87043,2007-02-20 20:45:25,121.472600,31.229500,  0, 22,0
87043,2007-02-20 20:45:54,121.473000,31.229600, 12, 45,1
87043,2007-02-20 20:46:55,121.479300,31.233000, 38, 45,1
87043,2007-02-20 20:47:56,121.485100,31.234100,  0, 45,1
87043,2007-02-20 20:48:57,121.485100,31.234100,  0, 45,1
87043,2007-02-20 20:49:57,121.485100,31.234100,  0, 45,1
87043,2007-02-20 20:50:59,121.485100,31.234100,  0, 45,1
87043,2007-02-20 20:52:00,121.485100,31.234100,  0, 45,1
87043,2007-02-20 20:54:02,121.485100,31.234100,  0, 45,1
87043,2007-02-20 20:55:02,121.485100,31.234100,  0, 45,1
87043,2007-02-20 20:56:04,121.485100,31.234100,  0, 45,1
87043,2007-02-20 20:57:05,121.488800,31.254000,  6,  0,1
87043,2007-02-20 20:58:06,121.491100,31.255300, 38,  0,1
87043,2007-02-20 20:59:07,121.496300,31.259000, 42, 22,1
87043,2007-02-20 21:00:07,121.500100,31.262100,  0, 22,1
87043,2007-02-20 21:01:09,121.501000,31.262800, 48, 22,1
87043,2007-02-20 21:02:10,121.507500,31.265600, 70, 22,1
87043,2007-02-20 21:03:07,121.511800,31.268600,  0, 45,0
87043,2007-02-20 21:03:22,121.511800,31.268600,  0, 45,0
87043,2007-02-20 21:04:19,121.513300,31.267500, 42, 67,0
87043,2007-02-20 21:04:35,121.514000,31.266600,  2,112,0
87043,2007-02-20 21:05:10,121.514600,31.265800, 38, 67,0
87043,2007-02-20 21:05:26,121.515100,31.264600, 22,112,0
87043,2007-02-20 21:06:02,121.513100,31.263500, 36,112,0
87043,2007-02-20 21:06:19,121.511800,31.262800, 36,112,0
87043,2007-02-20 21:06:35,121.510500,31.261800, 28,112,0
87043,2007-02-20 21:06:51,121.509600,31.261000, 34,112,0
87043,2007-02-20 21:07:52,121.509100,31.260500,  0,112,0
87043,2007-02-20 21:08:42,121.508500,31.259800, 24,112,0
87043,2007-02-20 21:08:59,121.507100,31.258600, 44,112,0
87043,2007-02-20 21:09:15,121.506000,31.257500, 46,112,0
87043,2007-02-20 21:09:49,121.505300,31.256800, 12,112,1
87043,2007-02-20 21:10:50,121.501500,31.255300, 24,135,1
87043,2007-02-20 21:11:51,121.499300,31.258300, 12,157,1
87043,2007-02-20 21:12:52,121.496800,31.259000,  0,135,1
87043,2007-02-20 21:13:52,121.496800,31.259100,  6,157,1
87043,2007-02-20 21:14:54,121.493800,31.258000, 42,112,1
87043,2007-02-20 21:15:55,121.490000,31.255500, 12,135,1
87043,2007-02-20 21:17:57,121.479100,31.250800, 58,112,1
87043,2007-02-20 21:18:57,121.476800,31.249800,  0,112,1
87043,2007-02-20 21:19:05,121.476800,31.249800,  0,112,0
87043,2007-02-20 21:19:37,121.475800,31.249500, 36,112,0
87043,2007-02-20 21:19:57,121.474600,31.249000,  8,135,0
87043,2007-02-20 21:20:57,121.474600,31.249000,  0,135,0
87043,2007-02-20 21:21:32,121.473600,31.248600, 40,135,0
87043,2007-02-20 21:22:21,121.472500,31.248300, 18,135,0
87043,2007-02-20 21:22:37,121.470600,31.247600, 54,135,0
87043,2007-02-20 21:22:52,121.468300,31.247100, 52,135,0
87043,2007-02-20 21:23:09,121.466600,31.246800,  8,135,0
87043,2007-02-20 21:23:54,121.466500,31.245800, 36, 90,0
87043,2007-02-20 21:24:10,121.466800,31.244300, 40, 90,0
87043,2007-02-20 21:24:26,121.467300,31.242100, 60, 67,0
87043,2007-02-20 21:24:42,121.468500,31.240300, 30, 67,0
87043,2007-02-20 21:25:42,121.468500,31.240000,  0, 90,0
87043,2007-02-20 21:26:40,121.468800,31.239000, 16, 90,0
87043,2007-02-20 21:26:57,121.469000,31.238800, 16, 90,1
87043,2007-02-20 21:27:59,121.469500,31.237100, 28, 90,1
87043,2007-02-20 21:29:00,121.466000,31.233300, 14,112,1
87043,2007-02-20 21:30:01,121.465600,31.233100,  4,112,1
87043,2007-02-20 21:31:02,121.461000,31.235000, 42,  0,1
87043,2007-02-20 21:33:04,121.460100,31.239500,  0,  0,1
87043,2007-02-20 21:34:05,121.460100,31.239500,  0,  0,1
87043,2007-02-20 21:35:06,121.460100,31.239500,  0,  0,1
87043,2007-02-20 21:37:07,121.458100,31.262000, 48,  0,1
87043,2007-02-20 21:38:09,121.451000,31.261300, 52,135,1
87043,2007-02-20 21:39:10,121.444800,31.260300, 36,157,1
87043,2007-02-20 21:40:11,121.441600,31.264500,  0,157,1
87043,2007-02-20 21:41:12,121.442100,31.263600,  0, 67,1
87043,2007-02-20 21:42:12,121.444100,31.260800, 36, 67,1
87043,2007-02-20 21:43:14,121.443100,31.259600, 56,135,1
87043,2007-02-20 21:44:15,121.433300,31.256300, 76,112,1
87043,2007-02-20 21:45:16,121.424500,31.248600, 58,112,1
87043,2007-02-20 21:46:17,121.417800,31.245500, 46,112,1
87043,2007-02-20 21:47:17,121.414000,31.244000, 22,157,1
87043,2007-02-20 21:50:39,121.398000,31.246500,  0,135,1
87043,2007-02-20 21:51:40,121.397600,31.247600, 30,  0,1
87043,2007-02-20 21:52:41,121.397500,31.249800, 10,  0,1
87043,2007-02-20 21:54:42,121.394100,31.248300, 26, 45,1
87043,2007-02-20 21:55:44,121.395100,31.249300,  0,  0,1
87043,2007-02-20 21:56:49,121.395100,31.249300,  0,  0,0
87043,2007-02-20 21:57:47,121.395000,31.248300, 18,135,0
87043,2007-02-20 21:58:05,121.393800,31.248300, 32,135,0
87043,2007-02-20 21:58:42,121.393000,31.248800, 12,  0,0
87043,2007-02-20 21:59:02,121.393100,31.250000, 26,  0,0
87043,2007-02-20 21:59:21,121.393800,31.250100, 38, 45,0
87043,2007-02-20 21:59:37,121.395600,31.250100, 30, 45,0
87043,2007-02-20 21:59:52,121.397100,31.250100, 28, 45,0
87043,2007-02-20 22:00:10,121.397500,31.249100, 30, 90,0
87043,2007-02-20 22:00:26,121.397500,31.248100, 22, 90,0
87043,2007-02-20 22:00:42,121.397600,31.247100, 34, 90,0
87043,2007-02-20 22:00:57,121.398100,31.246300, 38, 45,0
87043,2007-02-20 22:01:14,121.400600,31.246600, 56, 45,0
87043,2007-02-20 22:01:30,121.402800,31.247000, 48, 45,0
87043,2007-02-20 22:02:31,121.403800,31.247100, 22, 45,0
87043,2007-02-20 22:02:47,121.405800,31.247300, 56, 45,0
87043,2007-02-20 22:03:02,121.408000,31.247000, 40, 45,0
87043,2007-02-20 22:03:19,121.410100,31.246300, 62, 67,0
87043,2007-02-20 22:03:35,121.412300,31.245000, 58, 67,0
87043,2007-02-20 22:03:51,121.414100,31.243600, 52, 67,0
87043,2007-02-20 22:04:07,121.415100,31.242800, 34, 67,0
87043,2007-02-20 22:05:01,121.417100,31.241300, 22, 67,0
87043,2007-02-20 22:06:02,121.417500,31.241000,  0, 67,0
87043,2007-02-20 22:07:04,121.420500,31.238600, 72, 67,0
87043,2007-02-20 22:07:20,121.422800,31.236800, 72, 67,0
87043,2007-02-20 22:07:36,121.424500,31.235300, 16, 67,0
87043,2007-02-20 22:07:57,121.425600,31.235600, 36, 22,0
87043,2007-02-20 22:08:12,121.426500,31.236800, 30, 22,0
87043,2007-02-20 22:08:29,121.428100,31.236800, 38, 45,0
87043,2007-02-20 22:08:45,121.429500,31.236800, 28, 45,0
87043,2007-02-20 22:09:01,121.430800,31.237000, 28, 22,0
87043,2007-02-20 22:09:17,121.431600,31.237100, 32, 67,0
87043,2007-02-20 22:10:22,121.433100,31.235000, 30, 67,0
87043,2007-02-20 22:11:00,121.433800,31.234100, 32, 67,0
87043,2007-02-20 22:11:16,121.434500,31.233100, 28, 67,0
87043,2007-02-20 22:11:32,121.435300,31.232000, 38, 67,0
87043,2007-02-20 22:11:57,121.435800,31.231300, 32, 67,0
87043,2007-02-20 22:12:14,121.436600,31.230300, 36, 67,0
87043,2007-02-20 22:12:30,121.437500,31.229100, 26, 67,0
87043,2007-02-20 22:12:51,121.438500,31.229500, 36, 22,0
87043,2007-02-20 22:13:07,121.439800,31.230100, 38, 22,0
87043,2007-02-20 22:13:22,121.441300,31.230800, 30, 22,0
87043,2007-02-20 22:13:39,121.442000,31.230500, 42, 90,0
87043,2007-02-20 22:13:55,121.442300,31.229100, 12, 90,0
87043,2007-02-20 22:14:57,121.442800,31.227300,  0, 67,0
87043,2007-02-20 22:15:12,121.443100,31.226500, 48, 90,0
87043,2007-02-20 22:15:29,121.442600,31.225500, 30,112,0
87043,2007-02-20 22:16:05,121.441600,31.225000, 20,112,1
87043,2007-02-20 22:18:07,121.435100,31.220800, 46,112,1
87043,2007-02-20 22:19:07,121.428100,31.216100, 58,112,1
87043,2007-02-20 22:20:09,121.419600,31.210600, 40,112,1
87043,2007-02-20 22:21:10,121.418000,31.211300, 70,135,1
87043,2007-02-20 22:22:11,121.412600,31.210100,  0, 90,1
87043,2007-02-20 22:23:12,121.409000,31.210500, 42,157,1
87043,2007-02-20 22:24:12,121.408100,31.210800,  0,157,1
87043,2007-02-20 22:26:15,121.396300,31.213500, 34,135,1
87043,2007-02-20 22:27:15,121.395500,31.213600, 34,157,1
87043,2007-02-20 22:28:16,121.391000,31.214800, 24,135,1
87043,2007-02-20 22:30:18,121.388800,31.210800,  0, 67,1
87043,2007-02-20 22:30:21,121.388800,31.210800,  0, 67,0
87043,2007-02-20 22:31:21,121.388800,31.211000, 10, 22,0
87043,2007-02-20 22:31:59,121.389100,31.211600, 30,135,0
87043,2007-02-20 22:32:31,121.386500,31.212000, 16,157,0
87043,2007-02-20 22:32:46,121.386600,31.213000, 30,  0,0
87043,2007-02-20 22:33:25,121.386800,31.214100, 38,  0,0
87043,2007-02-20 22:33:41,121.387100,31.215500, 20, 22,0
87043,2007-02-20 22:33:56,121.388600,31.215300, 44, 45,0
87043,2007-02-20 22:34:13,121.390800,31.214800, 42, 45,0
87043,2007-02-20 22:35:46,121.395100,31.213600,  0, 45,0
87043,2007-02-20 22:36:01,121.396100,31.213300, 40, 45,0
87043,2007-02-20 22:36:18,121.398100,31.213000, 42, 45,0
87043,2007-02-20 22:36:34,121.400100,31.212600, 50, 45,0
87043,2007-02-20 22:37:41,121.403100,31.212100, 36, 45,0
87043,2007-02-20 22:37:58,121.405500,31.211600, 54, 45,0
87043,2007-02-20 22:38:14,121.407100,31.211100,  8, 45,0
87043,2007-02-20 22:39:15,121.407100,31.211100,  0, 45,0
87043,2007-02-20 22:40:08,121.408300,31.214100, 24, 22,0
87043,2007-02-20 22:40:24,121.409600,31.214300, 34, 45,0
87043,2007-02-20 22:40:40,121.411500,31.214500, 44, 45,0
87043,2007-02-20 22:41:30,121.412600,31.214500, 12, 45,0
87043,2007-02-20 22:41:46,121.414000,31.214500, 32, 45,0
87043,2007-02-20 22:42:01,121.415500,31.214300, 38, 45,0
87043,2007-02-20 22:42:18,121.417300,31.214600, 42, 45,0
87043,2007-02-20 22:43:13,121.418500,31.214800, 28, 45,0
87043,2007-02-20 22:43:29,121.419800,31.215000, 18, 45,0
87043,2007-02-20 22:44:06,121.421000,31.215100, 32, 45,0
87043,2007-02-20 22:44:21,121.422600,31.215300, 42, 45,0
87043,2007-02-20 22:44:38,121.424800,31.215500, 38, 45,0
87043,2007-02-20 22:44:54,121.426000,31.215100, 14, 45,0
87043,2007-02-20 22:45:55,121.426300,31.215000, 20, 45,0
87043,2007-02-20 22:46:11,121.428000,31.215300, 30, 22,0
87043,2007-02-20 22:46:53,121.429500,31.216300, 36, 22,0
87043,2007-02-20 22:47:09,121.431300,31.217800, 62, 22,0
87043,2007-02-20 22:47:25,121.433300,31.219300, 56, 22,0
87043,2007-02-20 22:47:41,121.435600,31.221000, 76, 22,0
87043,2007-02-20 22:47:56,121.438800,31.221800, 78, 22,0
87043,2007-02-20 22:48:13,121.442500,31.222800, 84, 45,0
87043,2007-02-20 22:48:29,121.445600,31.223800, 74, 22,0
87043,2007-02-20 22:48:45,121.448000,31.224600, 70, 22,0
87043,2007-02-20 22:49:01,121.451500,31.225600, 80, 45,0
87043,2007-02-20 22:49:33,121.458500,31.225600, 82, 45,0
87043,2007-02-20 22:49:49,121.462100,31.225500, 82, 45,0
87043,2007-02-20 22:50:05,121.465500,31.226300, 80, 45,0
87043,2007-02-20 22:50:21,121.467500,31.227000,  0, 45,0
87043,2007-02-20 22:51:21,121.467500,31.227000,  0, 45,0
87043,2007-02-20 22:52:23,121.473600,31.230800,  0, 45,0
87043,2007-02-20 22:53:24,121.473600,31.230800,  0, 45,0
87043,2007-02-20 22:55:26,121.473600,31.231000,  0,157,0
87043,2007-02-20 22:56:26,121.473600,31.231000,  0,157,0
87043,2007-02-20 22:57:28,121.473600,31.231000,  0,  0,0
87043,2007-02-20 22:58:29,121.473600,31.231000,  0,  0,0
87043,2007-02-20 22:59:30,121.473600,31.231000,  0,  0,0
87043,2007-02-20 23:00:31,121.473600,31.231000,  0,  0,0
87043,2007-02-20 23:01:31,121.473600,31.231000,  0,  0,0
87043,2007-02-20 23:02:33,121.473600,31.231000,  0,  0,0
87043,2007-02-20 23:03:34,121.473600,31.231000,  0,  0,0
87043,2007-02-20 23:04:35,121.473600,31.231000,  0,  0,0
87043,2007-02-20 23:05:36,121.473800,31.231000,  0,  0,0
87043,2007-02-20 23:06:36,121.473800,31.231000,  0, 22,0
87043,2007-02-20 23:07:38,121.473800,31.231000,  0, 22,0
87043,2007-02-20 23:08:39,121.473600,31.231100,  0, 22,0
87043,2007-02-20 23:09:40,121.473500,31.231100,  0,135,0
87043,2007-02-20 23:10:41,121.473500,31.231100,  0,135,0
87043,2007-02-20 23:11:41,121.473500,31.231100,  0,135,0
87043,2007-02-20 23:12:43,121.473500,31.231100,  0,135,0
87043,2007-02-20 23:13:44,121.473500,31.231100,  0,135,0
87043,2007-02-20 23:14:45,121.473500,31.231100,  0,135,0
87043,2007-02-20 23:15:46,121.473100,31.231000,  0,135,0
87043,2007-02-20 23:16:46,121.474500,31.231500,  0, 45,0
87043,2007-02-20 23:17:48,121.474500,31.231500,  0, 45,0
87043,2007-02-20 23:18:49,121.474500,31.231500,  0, 45,0
87043,2007-02-20 23:19:50,121.474500,31.231500,  0, 45,0
87043,2007-02-20 23:20:51,121.473500,31.231100,  0, 90,0
87043,2007-02-20 23:21:51,121.473500,31.231300,  0, 90,0
87043,2007-02-20 23:23:54,121.473500,31.231300,  0, 90,0
87043,2007-02-20 23:24:55,121.473500,31.231100,  0, 90,0
87043,2007-02-20 23:26:56,121.473300,31.231100,  4,157,0
87043,2007-02-20 23:26:58,121.473300,31.231300,  8,157,1
87043,2007-02-20 23:27:59,121.471800,31.233300,  8,135,1
87043,2007-02-20 23:29:00,121.470600,31.235600, 28,157,1
87043,2007-02-20 23:31:01,121.478800,31.238500, 46, 22,1
87043,2007-02-20 23:32:03,121.479300,31.238600,  0, 22,1
87043,2007-02-20 23:33:04,121.479300,31.238600,  0, 22,1
87043,2007-02-20 23:34:05,121.479300,31.238600,  0, 22,1
87043,2007-02-20 23:35:06,121.479300,31.238600,  0, 22,1
87043,2007-02-20 23:36:06,121.479300,31.238600,  0, 22,1
87043,2007-02-20 23:37:08,121.479300,31.238600,  0, 22,1
87043,2007-02-20 23:38:09,121.496600,31.251500, 46, 22,1
87043,2007-02-20 23:40:11,121.507000,31.256100,  4, 22,1
87043,2007-02-20 23:41:11,121.508300,31.257300, 14, 22,1
87043,2007-02-20 23:42:13,121.509500,31.258300,  0, 45,1
87043,2007-02-20 23:43:14,121.511800,31.260100, 40, 22,1
87043,2007-02-20 23:44:15,121.516800,31.263000, 32, 22,1
87043,2007-02-20 23:45:16,121.517100,31.265500, 20, 22,1
87043,2007-02-20 23:46:16,121.519100,31.266500, 24, 22,1
87043,2007-02-20 23:47:18,121.524000,31.268600, 22, 22,1
87043,2007-02-20 23:49:20,121.531800,31.272500,  6, 22,1
87043,2007-02-20 23:50:21,121.534600,31.273500, 40, 22,1
87043,2007-02-20 23:51:21,121.539000,31.276300,  2, 45,1
87043,2007-02-20 23:53:24,121.544300,31.274800, 56, 22,1
87043,2007-02-20 23:54:25,121.549100,31.279100, 28, 22,1
87043,2007-02-20 23:55:04,121.552800,31.280000,  0, 45,0
87043,2007-02-20 23:55:19,121.552800,31.280000,  0, 45,0
87043,2007-02-20 23:56:20,121.552800,31.280000,  0, 45,0
87043,2007-02-20 23:57:21,121.552800,31.280000,  0, 45,0
87043,2007-02-20 23:58:21,121.552800,31.280000,  0, 45,0
87043,2007-02-20 23:59:23,121.552800,31.280000,  0, 45,0
