13085,2007-02-20 00:02:37,121.418617,31.173383,  0, 45,3
13085,2007-02-20 00:05:46,121.418617,31.173383,  0, 45,3
13085,2007-02-20 00:08:55,121.418617,31.173383,  0, 45,3
13085,2007-02-20 00:15:14,121.418617,31.173383,  0, 45,3
13085,2007-02-20 00:18:23,121.418617,31.173383,  0, 45,3
13085,2007-02-20 00:21:32,121.418617,31.173383,  0, 45,3
13085,2007-02-20 00:24:41,121.418617,31.173383,  0, 45,3
13085,2007-02-20 00:27:50,121.418617,31.173383,  0, 45,3
13085,2007-02-20 00:30:59,121.418617,31.173383,  0, 45,3
13085,2007-02-20 00:34:08,121.418617,31.173383,  0, 45,3
13085,2007-02-20 00:37:18,121.418617,31.173383,  0, 45,3
13085,2007-02-20 00:40:27,121.418617,31.173383,  0, 45,3
13085,2007-02-20 00:43:36,121.418617,31.173383,  0, 45,3
13085,2007-02-20 00:46:45,121.418617,31.173383,  0, 45,3
13085,2007-02-20 00:49:54,121.418617,31.173383,  0, 45,3
13085,2007-02-20 00:53:03,121.418617,31.173383,  0, 45,3
13085,2007-02-20 00:56:12,121.418617,31.173383,  0, 45,3
13085,2007-02-20 00:59:21,121.418617,31.173383,  0, 45,3
13085,2007-02-20 01:02:30,121.418617,31.173383,  0, 45,3
13085,2007-02-20 01:05:39,121.418617,31.173383,  0, 45,3
13085,2007-02-20 01:08:48,121.418617,31.173383,  0, 45,3
13085,2007-02-20 01:11:58,121.418617,31.173383,  0, 45,3
13085,2007-02-20 01:15:07,121.418617,31.173383,  0, 45,3
13085,2007-02-20 01:21:25,121.418617,31.173383,  0, 45,3
13085,2007-02-20 01:24:34,121.418617,31.173383,  0, 45,3
13085,2007-02-20 01:27:43,121.418617,31.173383,  0, 45,3
13085,2007-02-20 01:30:52,121.418617,31.173383,  0, 45,3
13085,2007-02-20 01:34:01,121.418617,31.173383,  0, 45,3
13085,2007-02-20 01:37:10,121.418617,31.173383,  0, 45,3
13085,2007-02-20 01:40:19,121.418617,31.173383,  0, 45,3
13085,2007-02-20 01:43:28,121.418617,31.173383,  0, 45,3
13085,2007-02-20 01:46:37,121.418617,31.173383,  0, 45,3
13085,2007-02-20 01:49:47,121.418617,31.173383,  0, 45,3
13085,2007-02-20 01:52:56,121.418617,31.173383,  0, 45,3
13085,2007-02-20 01:56:05,121.418617,31.173383,  0, 45,3
13085,2007-02-20 01:59:14,121.418617,31.173383,  0, 45,3
13085,2007-02-20 02:02:23,121.418617,31.173383,  0, 45,3
13085,2007-02-20 02:05:32,121.418617,31.173383,  0, 45,3
13085,2007-02-20 02:08:41,121.418617,31.173383,  0, 45,3
13085,2007-02-20 02:11:50,121.418617,31.173383,  0, 45,3
13085,2007-02-20 02:14:59,121.418617,31.173383,  0, 45,3
13085,2007-02-20 02:18:08,121.418617,31.173383,  0, 45,3
13085,2007-02-20 02:21:17,121.418617,31.173383,  0, 45,3
13085,2007-02-20 02:24:26,121.418617,31.173383,  0, 45,3
13085,2007-02-20 02:27:36,121.418617,31.173383,  0, 45,3
13085,2007-02-20 02:30:45,121.418617,31.173383,  0, 45,3
13085,2007-02-20 02:33:54,121.418617,31.173383,  0, 45,3
13085,2007-02-20 02:37:03,121.418617,31.173383,  0, 45,3
13085,2007-02-20 02:40:12,121.418617,31.173383,  0, 45,3
13085,2007-02-20 02:43:21,121.418617,31.173383,  0, 45,3
13085,2007-02-20 02:46:30,121.418617,31.173383,  0, 45,3
13085,2007-02-20 02:49:39,121.418617,31.173383,  0, 45,3
13085,2007-02-20 02:52:48,121.418617,31.173383,  0, 45,3
13085,2007-02-20 02:55:57,121.418617,31.173383,  0, 45,3
13085,2007-02-20 03:05:24,121.418617,31.173383,  0, 45,3
13085,2007-02-20 03:08:34,121.418617,31.173383,  0, 45,3
13085,2007-02-20 03:11:43,121.418617,31.173383,  0, 45,3
13085,2007-02-20 03:14:52,121.418617,31.173383,  0, 45,3
13085,2007-02-20 03:18:01,121.418617,31.173383,  0, 45,3
13085,2007-02-20 03:21:10,121.418617,31.173383,  0, 45,3
13085,2007-02-20 03:24:19,121.418617,31.173383,  0, 45,3
13085,2007-02-20 03:27:28,121.418617,31.173383,  0, 45,3
13085,2007-02-20 03:30:37,121.418617,31.173383,  0, 45,3
13085,2007-02-20 03:33:46,121.418617,31.173383,  0, 45,3
13085,2007-02-20 03:36:55,121.418617,31.173383,  0, 45,3
13085,2007-02-20 03:40:04,121.418617,31.173383,  0, 45,3
13085,2007-02-20 03:43:13,121.418617,31.173383,  0, 45,3
13085,2007-02-20 03:46:22,121.418617,31.173383,  0, 45,3
13085,2007-02-20 03:49:32,121.418617,31.173383,  0, 45,3
13085,2007-02-20 03:52:41,121.418617,31.173383,  0, 45,3
13085,2007-02-20 03:55:50,121.418617,31.173383,  0, 45,3
13085,2007-02-20 03:58:59,121.418617,31.173383,  0, 45,3
13085,2007-02-20 04:02:08,121.418617,31.173383,  0, 45,3
13085,2007-02-20 04:05:17,121.418617,31.173383,  0, 45,3
13085,2007-02-20 04:08:26,121.418617,31.173383,  0, 45,3
13085,2007-02-20 04:11:35,121.418617,31.173383,  0, 45,3
13085,2007-02-20 04:14:44,121.418617,31.173383,  0, 45,3
13085,2007-02-20 04:17:54,121.418617,31.173383,  0, 45,3
13085,2007-02-20 04:21:03,121.418617,31.173383,  0, 45,3
13085,2007-02-20 04:24:12,121.418617,31.173383,  0, 45,3
13085,2007-02-20 04:27:21,121.418617,31.173383,  0, 45,3
13085,2007-02-20 04:30:30,121.418617,31.173383,  0, 45,3
13085,2007-02-20 04:39:57,121.418617,31.173383,  0, 45,3
13085,2007-02-20 04:43:06,121.418617,31.173383,  0, 45,3
13085,2007-02-20 04:46:15,121.418617,31.173383,  0, 45,3
13085,2007-02-20 04:49:24,121.418617,31.173383,  0, 45,3
13085,2007-02-20 04:52:33,121.418617,31.173383,  0, 45,3
13085,2007-02-20 04:55:42,121.418617,31.173383,  0, 45,3
13085,2007-02-20 04:58:51,121.418617,31.173383,  0, 45,3
13085,2007-02-20 05:02:01,121.418617,31.173383,  0, 45,3
13085,2007-02-20 05:05:10,121.418617,31.173383,  0, 45,3
13085,2007-02-20 05:11:28,121.418617,31.173383,  0, 45,3
13085,2007-02-20 05:14:37,121.418617,31.173383,  0, 45,3
13085,2007-02-20 05:17:46,121.418617,31.173383,  0, 45,3
13085,2007-02-20 05:20:55,121.418617,31.173383,  0, 45,3
13085,2007-02-20 05:24:04,121.418617,31.173383,  0, 45,3
13085,2007-02-20 05:27:13,121.418617,31.173383,  0, 45,3
13085,2007-02-20 05:30:22,121.418617,31.173383,  0, 45,3
13085,2007-02-20 05:33:31,121.418617,31.173383,  0, 45,3
13085,2007-02-20 05:36:41,121.418617,31.173383,  0, 45,3
13085,2007-02-20 05:39:50,121.418617,31.173383,  0, 45,3
13085,2007-02-20 05:42:59,121.418617,31.173383,  0, 45,3
13085,2007-02-20 05:46:08,121.418617,31.173383,  0, 45,3
13085,2007-02-20 05:49:17,121.418617,31.173383,  0, 45,3
13085,2007-02-20 05:52:26,121.418617,31.173383,  0, 45,3
13085,2007-02-20 05:55:35,121.418617,31.173383,  0, 45,3
13085,2007-02-20 05:58:44,121.418617,31.173383,  0, 45,3
13085,2007-02-20 06:01:53,121.418617,31.173383,  0, 45,3
13085,2007-02-20 06:05:02,121.418617,31.173383,  0, 45,3
13085,2007-02-20 06:08:11,121.418617,31.173383,  0, 45,3
13085,2007-02-20 06:11:21,121.418617,31.173383,  0, 45,3
13085,2007-02-20 06:14:30,121.418617,31.173383,  0, 45,3
13085,2007-02-20 06:17:39,121.418617,31.173383,  0, 45,3
13085,2007-02-20 06:20:48,121.418617,31.173383,  0, 45,3
13085,2007-02-20 06:23:57,121.418617,31.173383,  0, 45,3
13085,2007-02-20 06:27:06,121.418617,31.173383,  0, 45,3
13085,2007-02-20 06:30:15,121.418617,31.173383,  0, 45,3
13085,2007-02-20 06:33:24,121.418617,31.173383,  0, 45,3
13085,2007-02-20 06:39:57,121.418617,31.173383,  0, 45,3
13085,2007-02-20 06:49:03,121.418617,31.173383,  0, 45,3
13085,2007-02-20 06:53:57,121.418617,31.173383,  0, 45,3
13085,2007-02-20 06:57:06,121.418617,31.173383,  0, 45,3
13085,2007-02-20 07:00:15,121.418617,31.173383,  0, 45,3
13085,2007-02-20 07:06:33,121.418617,31.173383,  0, 45,3
13085,2007-02-20 07:09:42,121.418617,31.173383,  0, 45,3
13085,2007-02-20 07:12:51,121.418617,31.173383,  0, 45,3
13085,2007-02-20 07:16:00,121.418617,31.173383,  0, 45,3
13085,2007-02-20 07:19:09,121.418617,31.173383,  0, 45,3
13085,2007-02-20 07:22:18,121.418617,31.173383,  0, 45,3
13085,2007-02-20 07:25:27,121.418617,31.173383,  0, 45,3
13085,2007-02-20 07:28:37,121.418617,31.173383,  0, 45,3
13085,2007-02-20 07:31:46,121.418617,31.173383,  0, 45,3
13085,2007-02-20 07:34:55,121.418617,31.173383,  0, 45,3
13085,2007-02-20 07:38:04,121.418617,31.173383,  0, 45,3
13085,2007-02-20 07:41:13,121.418617,31.173383,  0, 45,3
13085,2007-02-20 07:44:22,121.418617,31.173383,  0, 45,3
13085,2007-02-20 07:47:31,121.418617,31.173383,  0, 45,3
13085,2007-02-20 07:50:40,121.418617,31.173383,  0, 45,3
13085,2007-02-20 07:53:49,121.418617,31.173383,  0, 45,3
13085,2007-02-20 07:56:58,121.418617,31.173383,  0, 45,3
13085,2007-02-20 08:00:07,121.418617,31.173383,  0, 45,3
13085,2007-02-20 08:03:16,121.418617,31.173383,  0, 45,3
13085,2007-02-20 08:06:25,121.418617,31.173383,  0, 45,3
13085,2007-02-20 08:09:34,121.418617,31.173383,  0, 45,3
13085,2007-02-20 08:12:44,121.418617,31.173383,  0, 45,3
13085,2007-02-20 08:15:53,121.418617,31.173383,  0, 45,3
13085,2007-02-20 08:19:02,121.418617,31.173383,  0, 45,3
13085,2007-02-20 08:28:29,121.418617,31.173383,  0, 45,3
13085,2007-02-20 08:31:38,121.418617,31.173383,  0, 45,3
13085,2007-02-20 08:34:47,121.418617,31.173383,  0, 45,3
13085,2007-02-20 08:37:56,121.418617,31.173383,  0, 45,3
13085,2007-02-20 08:41:05,121.418617,31.173383,  0, 45,3
13085,2007-02-20 08:44:14,121.418617,31.173383,  0, 45,3
13085,2007-02-20 08:47:23,121.418617,31.173383,  0, 45,3
13085,2007-02-20 08:50:32,121.418617,31.173383,  0, 45,3
13085,2007-02-20 08:53:42,121.418617,31.173383,  0, 45,3
13085,2007-02-20 08:56:51,121.418617,31.173383,  0, 45,3
13085,2007-02-20 09:00:00,121.418617,31.173383,  0, 45,3
13085,2007-02-20 09:03:09,121.418617,31.173383,  0, 45,3
13085,2007-02-20 09:06:18,121.418617,31.173383,  0, 45,3
13085,2007-02-20 09:09:27,121.418617,31.173383,  0, 45,3
13085,2007-02-20 09:12:36,121.418617,31.173383,  0, 45,3
13085,2007-02-20 09:15:45,121.418617,31.173383,  0, 45,3
13085,2007-02-20 09:18:54,121.418617,31.173383,  0, 45,3
13085,2007-02-20 09:22:03,121.418617,31.173383,  0, 45,3
13085,2007-02-20 09:25:12,121.418617,31.173383,  0, 45,3
13085,2007-02-20 09:28:21,121.418617,31.173383,  0, 45,3
13085,2007-02-20 09:34:39,121.418617,31.173383,  0, 45,3
13085,2007-02-20 09:37:48,121.418617,31.173383,  0, 45,3
13085,2007-02-20 09:40:57,121.418617,31.173383,  0, 45,3
13085,2007-02-20 09:44:06,121.418617,31.173383,  0, 45,3
13085,2007-02-20 09:47:16,121.418617,31.173383,  0, 45,3
13085,2007-02-20 09:50:25,121.418617,31.173383,  0, 45,3
13085,2007-02-20 09:56:43,121.418617,31.173383,  0, 45,3
13085,2007-02-20 09:59:52,121.418617,31.173383,  0, 45,3
13085,2007-02-20 10:03:01,121.418617,31.173383,  0, 45,3
13085,2007-02-20 10:06:10,121.418617,31.173383,  0, 45,3
13085,2007-02-20 10:09:19,121.418617,31.173383,  0, 45,3
13085,2007-02-20 10:12:28,121.418617,31.173383,  0, 45,3
13085,2007-02-20 10:15:37,121.418617,31.173383,  0, 45,3
13085,2007-02-20 10:18:46,121.418617,31.173383,  0, 45,3
13085,2007-02-20 10:21:55,121.418617,31.173383,  0, 45,3
13085,2007-02-20 10:31:23,121.418617,31.173383,  0, 45,3
13085,2007-02-20 10:34:32,121.418617,31.173383,  0, 45,3
13085,2007-02-20 10:37:41,121.418617,31.173383,  0, 45,3
13085,2007-02-20 10:40:50,121.418617,31.173383,  0, 45,3
13085,2007-02-20 10:43:59,121.418617,31.173383,  0, 45,3
13085,2007-02-20 10:47:08,121.418617,31.173383,  0, 45,3
13085,2007-02-20 10:50:17,121.418617,31.173383,  0, 45,3
13085,2007-02-20 10:53:26,121.418617,31.173383,  0, 45,3
13085,2007-02-20 10:56:35,121.418617,31.173383,  0, 45,3
13085,2007-02-20 11:02:53,121.418617,31.173383,  0, 45,3
13085,2007-02-20 11:06:02,121.418617,31.173383,  0, 45,3
13085,2007-02-20 11:09:11,121.418617,31.173383,  0, 45,3
13085,2007-02-20 11:15:29,121.418617,31.173383,  0, 45,3
13085,2007-02-20 11:18:39,121.418617,31.173383,  0, 45,3
13085,2007-02-20 11:24:57,121.418617,31.173383,  0, 45,3
13085,2007-02-20 11:28:06,121.418617,31.173383,  0, 45,3
13085,2007-02-20 11:31:15,121.418617,31.173383,  0, 45,3
13085,2007-02-20 11:34:24,121.418617,31.173383,  0, 45,3
13085,2007-02-20 11:37:33,121.418617,31.173383,  0, 45,3
13085,2007-02-20 11:40:42,121.418617,31.173383,  0, 45,3
13085,2007-02-20 11:43:51,121.418617,31.173383,  0, 45,3
13085,2007-02-20 11:47:00,121.418617,31.173383,  0, 45,3
13085,2007-02-20 11:50:09,121.418617,31.173383,  0, 45,3
13085,2007-02-20 11:53:18,121.418617,31.173383,  0, 45,3
13085,2007-02-20 11:56:27,121.418617,31.173383,  0, 45,3
13085,2007-02-20 11:59:36,121.418617,31.173383,  0, 45,3
13085,2007-02-20 12:02:45,121.418617,31.173383,  0, 45,3
13085,2007-02-20 12:05:55,121.418617,31.173383,  0, 45,3
13085,2007-02-20 12:09:04,121.418617,31.173383,  0, 45,3
13085,2007-02-20 12:12:13,121.418617,31.173383,  0, 45,3
13085,2007-02-20 12:15:22,121.418617,31.173383,  0, 45,3
13085,2007-02-20 12:18:31,121.418617,31.173383,  0, 45,3
13085,2007-02-20 12:21:40,121.418617,31.173383,  0, 45,3
13085,2007-02-20 12:24:49,121.418617,31.173383,  0, 45,3
13085,2007-02-20 12:27:58,121.418617,31.173383,  0, 45,3
13085,2007-02-20 12:31:07,121.418617,31.173383,  0, 45,3
13085,2007-02-20 12:34:16,121.418617,31.173383,  0, 45,3
13085,2007-02-20 12:37:25,121.418617,31.173383,  0, 45,3
13085,2007-02-20 12:40:34,121.418617,31.173383,  0, 45,3
13085,2007-02-20 12:43:43,121.418617,31.173383,  0, 45,3
13085,2007-02-20 12:46:52,121.418617,31.173383,  0, 45,3
13085,2007-02-20 12:50:01,121.418617,31.173383,  0, 45,3
13085,2007-02-20 12:56:20,121.418617,31.173383,  0, 45,3
13085,2007-02-20 12:59:29,121.418617,31.173383,  0, 45,3
13085,2007-02-20 13:02:38,121.418617,31.173383,  0, 45,3
13085,2007-02-20 13:05:47,121.418617,31.173383,  0, 45,3
13085,2007-02-20 13:08:56,121.418617,31.173383,  0, 45,3
13085,2007-02-20 13:12:05,121.418617,31.173383,  0, 45,3
13085,2007-02-20 13:15:14,121.418617,31.173383,  0, 45,3
13085,2007-02-20 13:18:23,121.418617,31.173383,  0, 45,3
13085,2007-02-20 13:21:32,121.418617,31.173383,  0, 45,3
13085,2007-02-20 13:24:41,121.418617,31.173383,  0, 45,3
13085,2007-02-20 13:27:50,121.418617,31.173383,  0, 45,3
13085,2007-02-20 13:30:59,121.418617,31.173383,  0, 45,3
13085,2007-02-20 13:34:08,121.418617,31.173383,  0, 45,3
13085,2007-02-20 13:37:17,121.418617,31.173383,  0, 45,3
13085,2007-02-20 13:43:35,121.418617,31.173383,  0, 45,3
13085,2007-02-20 13:46:45,121.418617,31.173383,  0, 45,3
13085,2007-02-20 13:49:54,121.418617,31.173383,  0, 45,3
13085,2007-02-20 13:53:03,121.418617,31.173383,  0, 45,3
13085,2007-02-20 13:56:12,121.418617,31.173383,  0, 45,3
13085,2007-02-20 13:59:21,121.418617,31.173383,  0, 45,3
13085,2007-02-20 14:02:30,121.418617,31.173383,  0, 45,3
13085,2007-02-20 14:05:39,121.418617,31.173383,  0, 45,3
13085,2007-02-20 14:08:48,121.418617,31.173383,  0, 45,3
13085,2007-02-20 14:11:57,121.418617,31.173383,  0, 45,3
13085,2007-02-20 14:15:06,121.418617,31.173383,  0, 45,3
13085,2007-02-20 14:18:15,121.418617,31.173383,  0, 45,3
13085,2007-02-20 14:21:24,121.418617,31.173383,  0, 45,3
13085,2007-02-20 14:24:33,121.418617,31.173383,  0, 45,3
13085,2007-02-20 14:27:42,121.418617,31.173383,  0, 45,3
13085,2007-02-20 14:30:52,121.418617,31.173383,  0, 45,3
13085,2007-02-20 14:34:01,121.418617,31.173383,  0, 45,3
13085,2007-02-20 14:37:10,121.418617,31.173383,  0, 45,3
13085,2007-02-20 14:40:19,121.418617,31.173383,  0, 45,3
13085,2007-02-20 14:43:28,121.418617,31.173383,  0, 45,3
13085,2007-02-20 14:46:37,121.418617,31.173383,  0, 45,3
13085,2007-02-20 14:49:46,121.418617,31.173383,  0, 45,3
13085,2007-02-20 14:52:55,121.418617,31.173383,  0, 45,3
13085,2007-02-20 14:56:04,121.418617,31.173383,  0, 45,3
13085,2007-02-20 14:59:13,121.418617,31.173383,  0, 45,3
13085,2007-02-20 15:02:22,121.418617,31.173383,  0, 45,3
13085,2007-02-20 15:05:31,121.418617,31.173383,  0, 45,3
13085,2007-02-20 15:08:40,121.418617,31.173383,  0, 45,3
13085,2007-02-20 15:11:49,121.418617,31.173383,  0, 45,3
13085,2007-02-20 15:14:59,121.418617,31.173383,  0, 45,3
13085,2007-02-20 15:18:08,121.418617,31.173383,  0, 45,3
13085,2007-02-20 15:21:17,121.418617,31.173383,  0, 45,3
13085,2007-02-20 15:24:26,121.418617,31.173383,  0, 45,3
13085,2007-02-20 15:27:35,121.418617,31.173383,  0, 45,3
13085,2007-02-20 15:30:44,121.418617,31.173383,  0, 45,3
13085,2007-02-20 15:33:53,121.418617,31.173383,  0, 45,3
13085,2007-02-20 15:37:02,121.418617,31.173383,  0, 45,3
13085,2007-02-20 15:40:11,121.418617,31.173383,  0, 45,3
13085,2007-02-20 15:43:20,121.418617,31.173383,  0, 45,3
13085,2007-02-20 15:46:29,121.418617,31.173383,  0, 45,3
13085,2007-02-20 15:49:39,121.418617,31.173383,  0, 45,3
13085,2007-02-20 15:52:48,121.418617,31.173383,  0, 45,3
13085,2007-02-20 15:55:57,121.418617,31.173383,  0, 45,3
13085,2007-02-20 15:59:06,121.418617,31.173383,  0, 45,3
13085,2007-02-20 16:02:15,121.418617,31.173383,  0, 45,3
13085,2007-02-20 16:05:24,121.418617,31.173383,  0, 45,3
13085,2007-02-20 16:11:42,121.418617,31.173383,  0, 45,3
13085,2007-02-20 16:14:51,121.418617,31.173383,  0, 45,3
13085,2007-02-20 16:21:09,121.418617,31.173383,  0, 45,3
13085,2007-02-20 16:24:18,121.418617,31.173383,  0, 45,3
13085,2007-02-20 16:27:27,121.418617,31.173383,  0, 45,3
13085,2007-02-20 16:30:36,121.418617,31.173383,  0, 45,3
13085,2007-02-20 16:33:45,121.418617,31.173383,  0, 45,3
13085,2007-02-20 16:36:55,121.418617,31.173383,  0, 45,3
13085,2007-02-20 16:40:04,121.418617,31.173383,  0, 45,3
13085,2007-02-20 16:43:13,121.418617,31.173383,  0, 45,3
13085,2007-02-20 16:46:22,121.418617,31.173383,  0, 45,3
13085,2007-02-20 16:49:31,121.418617,31.173383,  0, 45,3
13085,2007-02-20 16:55:49,121.418617,31.173383,  0, 45,3
13085,2007-02-20 16:58:58,121.418617,31.173383,  0, 45,3
13085,2007-02-20 17:02:07,121.418617,31.173383,  0, 45,3
13085,2007-02-20 17:05:16,121.418617,31.173383,  0, 45,3
13085,2007-02-20 17:08:25,121.418617,31.173383,  0, 45,3
13085,2007-02-20 17:11:34,121.418617,31.173383,  0, 45,3
13085,2007-02-20 17:14:44,121.418617,31.173383,  0, 45,3
13085,2007-02-20 17:21:02,121.418617,31.173383,  0, 45,3
13085,2007-02-20 17:24:11,121.418617,31.173383,  0, 45,3
13085,2007-02-20 17:27:20,121.418617,31.173383,  0, 45,3
13085,2007-02-20 17:30:29,121.418617,31.173383,  0, 45,3
13085,2007-02-20 17:33:38,121.418617,31.173383,  0, 45,3
13085,2007-02-20 17:36:47,121.418617,31.173383,  0, 45,3
13085,2007-02-20 17:39:56,121.418617,31.173383,  0, 45,3
13085,2007-02-20 17:43:05,121.418617,31.173383,  0, 45,3
13085,2007-02-20 17:46:14,121.418617,31.173383,  0, 45,3
13085,2007-02-20 17:49:23,121.418617,31.173383,  0, 45,3
13085,2007-02-20 17:52:32,121.418617,31.173383,  0, 45,3
13085,2007-02-20 17:55:41,121.418617,31.173383,  0, 45,3
13085,2007-02-20 17:58:50,121.418617,31.173383,  0, 45,3
13085,2007-02-20 18:02:00,121.418617,31.173383,  0, 45,3
13085,2007-02-20 18:05:09,121.418617,31.173383,  0, 45,3
13085,2007-02-20 18:08:18,121.418617,31.173383,  0, 45,3
13085,2007-02-20 18:11:27,121.418617,31.173383,  0, 45,3
13085,2007-02-20 18:14:36,121.418617,31.173383,  0, 45,3
13085,2007-02-20 18:17:45,121.418617,31.173383,  0, 45,3
13085,2007-02-20 18:20:54,121.418617,31.173383,  0, 45,3
13085,2007-02-20 18:24:03,121.418617,31.173383,  0, 45,3
13085,2007-02-20 18:30:21,121.418617,31.173383,  0, 45,3
13085,2007-02-20 18:33:30,121.418617,31.173383,  0, 45,3
13085,2007-02-20 18:36:40,121.418617,31.173383,  0, 45,3
13085,2007-02-20 18:39:49,121.418617,31.173383,  0, 45,3
13085,2007-02-20 18:42:58,121.418617,31.173383,  0, 45,3
13085,2007-02-20 18:46:07,121.418617,31.173383,  0, 45,3
13085,2007-02-20 18:49:16,121.418617,31.173383,  0, 45,3
13085,2007-02-20 18:52:25,121.418617,31.173383,  0, 45,3
13085,2007-02-20 18:55:34,121.418617,31.173383,  0, 45,3
13085,2007-02-20 18:58:43,121.418617,31.173383,  0, 45,3
13085,2007-02-20 19:01:52,121.418617,31.173383,  0, 45,3
13085,2007-02-20 19:05:01,121.418617,31.173383,  0, 45,3
13085,2007-02-20 19:08:10,121.418617,31.173383,  0, 45,3
13085,2007-02-20 19:11:20,121.418617,31.173383,  0, 45,3
13085,2007-02-20 19:14:29,121.418617,31.173383,  0, 45,3
13085,2007-02-20 19:17:38,121.418617,31.173383,  0, 45,3
13085,2007-02-20 19:20:47,121.418617,31.173383,  0, 45,3
13085,2007-02-20 19:23:56,121.418617,31.173383,  0, 45,3
13085,2007-02-20 19:27:05,121.418617,31.173383,  0, 45,3
13085,2007-02-20 19:30:14,121.418617,31.173383,  0, 45,3
13085,2007-02-20 19:33:23,121.418617,31.173383,  0, 45,3
13085,2007-02-20 19:36:33,121.418617,31.173383,  0, 45,3
13085,2007-02-20 19:39:42,121.418617,31.173383,  0, 45,3
13085,2007-02-20 19:42:51,121.418617,31.173383,  0, 45,3
13085,2007-02-20 19:46:00,121.418617,31.173383,  0, 45,3
13085,2007-02-20 19:49:09,121.418617,31.173383,  0, 45,3
13085,2007-02-20 19:52:18,121.418617,31.173383,  0, 45,3
13085,2007-02-20 19:55:27,121.418617,31.173383,  0, 45,3
13085,2007-02-20 19:58:36,121.418617,31.173383,  0, 45,3
13085,2007-02-20 20:01:47,121.418617,31.173383,  0, 45,3
13085,2007-02-20 20:04:56,121.418617,31.173383,  0, 45,3
13085,2007-02-20 20:08:06,121.418617,31.173383,  0, 45,3
13085,2007-02-20 20:11:15,121.418617,31.173383,  0, 45,3
13085,2007-02-20 20:14:24,121.418617,31.173383,  0, 45,3
13085,2007-02-20 20:17:33,121.418617,31.173383,  0, 45,3
13085,2007-02-20 20:20:42,121.418617,31.173383,  0, 45,3
13085,2007-02-20 20:23:51,121.418617,31.173383,  0, 45,3
13085,2007-02-20 20:27:01,121.418617,31.173383,  0, 45,3
13085,2007-02-20 20:30:10,121.418617,31.173383,  0, 45,3
13085,2007-02-20 20:33:19,121.418617,31.173383,  0, 45,3
13085,2007-02-20 20:36:28,121.418617,31.173383,  0, 45,3
13085,2007-02-20 20:39:37,121.418617,31.173383,  0, 45,3
13085,2007-02-20 20:42:46,121.418617,31.173383,  0, 45,3
13085,2007-02-20 20:45:56,121.418617,31.173383,  0, 45,3
13085,2007-02-20 20:49:05,121.418617,31.173383,  0, 45,3
13085,2007-02-20 20:52:14,121.418617,31.173383,  0, 45,3
13085,2007-02-20 20:55:23,121.418617,31.173383,  0, 45,3
13085,2007-02-20 20:58:32,121.418617,31.173383,  0, 45,3
13085,2007-02-20 21:01:42,121.418617,31.173383,  0, 45,3
13085,2007-02-20 21:04:51,121.418617,31.173383,  0, 45,3
13085,2007-02-20 21:08:00,121.418617,31.173383,  0, 45,3
13085,2007-02-20 21:11:09,121.418617,31.173383,  0, 45,3
13085,2007-02-20 21:14:18,121.418617,31.173383,  0, 45,3
13085,2007-02-20 21:17:28,121.418617,31.173383,  0, 45,3
13085,2007-02-20 21:20:37,121.418617,31.173383,  0, 45,3
13085,2007-02-20 21:26:55,121.418617,31.173383,  0, 45,3
13085,2007-02-20 21:30:04,121.418617,31.173383,  0, 45,3
13085,2007-02-20 21:33:15,121.418617,31.173383,  0, 45,3
13085,2007-02-20 21:37:21,121.418617,31.173383,  0, 45,3
13085,2007-02-20 21:40:28,121.418617,31.173383,  0, 45,3
13085,2007-02-20 21:43:37,121.418617,31.173383,  0, 45,3
13085,2007-02-20 21:46:47,121.418617,31.173383,  0, 45,3
13085,2007-02-20 21:49:57,121.418617,31.173383,  0, 45,3
13085,2007-02-20 21:53:05,121.418617,31.173383,  0, 45,3
13085,2007-02-20 21:56:15,121.418617,31.173383,  0, 45,3
13085,2007-02-20 21:59:24,121.418617,31.173383,  0, 45,3
13085,2007-02-20 22:02:33,121.418617,31.173383,  0, 45,3
13085,2007-02-20 22:08:51,121.418617,31.173383,  0, 45,3
13085,2007-02-20 22:12:01,121.418617,31.173383,  0, 45,3
13085,2007-02-20 22:15:10,121.418617,31.173383,  0, 45,3
13085,2007-02-20 22:18:19,121.418617,31.173383,  0, 45,3
13085,2007-02-20 22:21:28,121.418617,31.173383,  0, 45,3
13085,2007-02-20 22:24:37,121.418617,31.173383,  0, 45,3
13085,2007-02-20 22:27:47,121.418617,31.173383,  0, 45,3
13085,2007-02-20 22:30:56,121.418617,31.173383,  0, 45,3
13085,2007-02-20 22:34:05,121.418617,31.173383,  0, 45,3
13085,2007-02-20 22:46:42,121.418617,31.173383,  0, 45,3
13085,2007-02-20 22:49:51,121.418617,31.173383,  0, 45,3
13085,2007-02-20 22:53:00,121.418617,31.173383,  0, 45,3
13085,2007-02-20 22:56:09,121.418617,31.173383,  0, 45,3
13085,2007-02-20 22:59:18,121.418617,31.173383,  0, 45,3
13085,2007-02-20 23:02:28,121.418617,31.173383,  0, 45,3
13085,2007-02-20 23:05:37,121.418617,31.173383,  0, 45,3
13085,2007-02-20 23:08:46,121.418617,31.173383,  0, 45,3
13085,2007-02-20 23:15:04,121.418617,31.173383,  0, 45,3
13085,2007-02-20 23:18:14,121.418617,31.173383,  0, 45,3
13085,2007-02-20 23:21:23,121.418617,31.173383,  0, 45,3
13085,2007-02-20 23:24:32,121.418617,31.173383,  0, 45,3
13085,2007-02-20 23:33:59,121.418617,31.173383,  0, 45,3
13085,2007-02-20 23:37:09,121.418617,31.173383,  0, 45,3
13085,2007-02-20 23:40:18,121.418617,31.173383,  0, 45,3
13085,2007-02-20 23:43:27,121.418617,31.173383,  0, 45,3
13085,2007-02-20 23:46:36,121.418617,31.173383,  0, 45,3
13085,2007-02-20 23:49:45,121.418617,31.173383,  0, 45,3
13085,2007-02-20 23:56:03,121.418617,31.173383,  0, 45,3
13085,2007-02-20 23:59:13,121.418617,31.173383,  0, 45,3
