26387,2007-02-20 08:18:41,121.107100,31.152000, 34,  0,0
26387,2007-02-20 08:18:57,121.107300,31.153300, 36,  0,0
26387,2007-02-20 08:19:13,121.107100,31.154500, 20,135,0
26387,2007-02-20 08:19:31,121.106100,31.154000, 30,112,0
26387,2007-02-20 08:19:47,121.105300,31.153100, 28,112,0
26387,2007-02-20 08:20:04,121.104100,31.153300, 28,135,0
26387,2007-02-20 08:20:20,121.103000,31.153300, 26,135,0
26387,2007-02-20 08:20:36,121.102000,31.152500, 32,112,0
26387,2007-02-20 08:20:52,121.101000,31.152300, 30,157,0
26387,2007-02-20 08:21:24,121.099800,31.154100, 24, 22,0
26387,2007-02-20 08:21:47,121.101000,31.154600, 20, 45,0
26387,2007-02-20 08:22:03,121.102100,31.154800, 32, 45,0
26387,2007-02-20 08:22:19,121.103600,31.155000, 34, 45,0
26387,2007-02-20 08:22:39,121.104600,31.155300, 16,  0,0
26387,2007-02-20 08:22:59,121.104300,31.156300, 22,  0,0
26387,2007-02-20 08:23:18,121.104300,31.157500, 18,  0,0
26387,2007-02-20 08:23:36,121.104500,31.158500, 26,  0,0
26387,2007-02-20 08:23:52,121.104600,31.159500, 24,  0,0
26387,2007-02-20 08:24:11,121.105300,31.160100, 20, 45,0
26387,2007-02-20 08:24:31,121.106300,31.160100, 22, 67,0
26387,2007-02-20 08:24:47,121.107500,31.160000, 24, 45,0
26387,2007-02-20 08:25:20,121.107600,31.157800, 30, 90,0
26387,2007-02-20 08:25:36,121.107500,31.156600, 32, 90,0
26387,2007-02-20 08:25:52,121.107500,31.155300, 38, 90,0
26387,2007-02-20 08:26:08,121.107300,31.153800, 40, 90,0
26387,2007-02-20 08:26:24,121.107100,31.152300, 40, 90,0
26387,2007-02-20 08:26:40,121.107100,31.151000, 34, 90,0
26387,2007-02-20 08:26:56,121.107100,31.149800, 26, 90,0
26387,2007-02-20 08:27:12,121.108300,31.149800, 26, 45,0
26387,2007-02-20 08:27:28,121.109500,31.150000, 32, 45,0
26387,2007-02-20 08:27:44,121.110800,31.150000, 30, 45,0
26387,2007-02-20 08:28:01,121.111800,31.149800, 22, 90,0
26387,2007-02-20 08:28:18,121.111600,31.148800, 22, 90,0
26387,2007-02-20 08:29:18,121.112100,31.148100, 28, 45,0
26387,2007-02-20 08:29:34,121.113600,31.148100, 30, 45,0
26387,2007-02-20 08:29:50,121.115100,31.148100, 36, 45,0
26387,2007-02-20 08:30:06,121.116500,31.148300, 22, 45,0
26387,2007-02-20 08:30:24,121.116600,31.147300, 22, 90,0
26387,2007-02-20 08:30:42,121.116800,31.146300, 24, 90,0
26387,2007-02-20 08:31:07,121.117800,31.146100, 22, 45,0
26387,2007-02-20 08:31:35,121.119000,31.146300,  8,157,0
26387,2007-02-20 08:31:59,121.118600,31.147500, 24,  0,0
26387,2007-02-20 08:32:17,121.119000,31.148300, 24, 45,0
26387,2007-02-20 08:32:33,121.120300,31.148100, 36, 45,0
26387,2007-02-20 08:32:49,121.122000,31.147800, 38, 45,0
26387,2007-02-20 08:33:05,121.123800,31.147600, 40, 45,0
26387,2007-02-20 08:33:21,121.125600,31.147600, 44, 45,0
26387,2007-02-20 08:33:37,121.127500,31.147500, 42, 45,0
26387,2007-02-20 08:33:53,121.129300,31.147500, 26, 45,0
26387,2007-02-20 08:34:45,121.132000,31.149300, 44, 45,0
26387,2007-02-20 08:42:23,121.122000,31.147800, 26, 45,0
26387,2007-02-20 08:42:39,121.123600,31.147600, 40, 45,0
26387,2007-02-20 08:42:55,121.125500,31.147600, 44, 45,0
26387,2007-02-20 08:43:11,121.127300,31.147500, 38, 45,0
26387,2007-02-20 08:43:27,121.129000,31.147500, 24, 45,0
26387,2007-02-20 08:44:27,121.129500,31.148600,  0,  0,0
26387,2007-02-20 08:45:28,121.129500,31.148600,  0,  0,0
26387,2007-02-20 08:46:29,121.129500,31.148600,  0,  0,0
26387,2007-02-20 08:47:30,121.129500,31.148600,  0,  0,0
26387,2007-02-20 08:48:31,121.129500,31.148600,  0,  0,0
26387,2007-02-20 08:49:32,121.129500,31.148600,  0,  0,0
26387,2007-02-20 08:51:34,121.129500,31.148600,  0,  0,0
26387,2007-02-20 08:52:35,121.129500,31.148600,  0,  0,0
26387,2007-02-20 08:53:36,121.129500,31.148600,  0,  0,0
26387,2007-02-20 08:54:37,121.129500,31.148600,  0,  0,0
26387,2007-02-20 08:55:38,121.129500,31.148600,  0,  0,0
26387,2007-02-20 08:57:40,121.129500,31.148600,  0,  0,0
26387,2007-02-20 08:59:42,121.129500,31.148800,  0,  0,0
26387,2007-02-20 09:00:43,121.129500,31.148800,  0,  0,0
26387,2007-02-20 09:01:44,121.129500,31.148800,  0,  0,0
26387,2007-02-20 09:02:45,121.129500,31.148800,  0,  0,0
26387,2007-02-20 09:03:33,121.129600,31.149600, 34,  0,0
26387,2007-02-20 09:03:49,121.129500,31.151300, 46,  0,0
26387,2007-02-20 09:04:05,121.129600,31.152300, 36, 45,0
26387,2007-02-20 09:04:20,121.131300,31.152500, 34, 45,0
26387,2007-02-20 09:04:36,121.132000,31.153500, 42,  0,0
26387,2007-02-20 09:04:52,121.131800,31.155100, 34,  0,0
26387,2007-02-20 09:05:08,121.133500,31.155100, 48, 45,0
26387,2007-02-20 09:05:24,121.136000,31.154800, 62, 45,0
26387,2007-02-20 09:05:40,121.137600,31.154500, 16, 45,0
26387,2007-02-20 09:06:03,121.138600,31.154300, 42, 45,0
26387,2007-02-20 09:06:19,121.141000,31.154000, 62, 45,0
26387,2007-02-20 09:06:35,121.144000,31.153500, 74, 45,0
26387,2007-02-20 09:06:51,121.147000,31.153000, 66, 45,0
26387,2007-02-20 09:07:07,121.149800,31.152500, 62, 45,0
26387,2007-02-20 09:07:23,121.152000,31.152100, 34, 67,0
26387,2007-02-20 09:07:56,121.153000,31.151600, 40, 45,0
26387,2007-02-20 09:08:12,121.155300,31.151500, 62, 45,0
26387,2007-02-20 09:08:28,121.158100,31.150800, 66, 45,0
26387,2007-02-20 09:08:44,121.160800,31.150100, 56, 45,0
26387,2007-02-20 09:09:00,121.162000,31.149600,  0, 67,0
26387,2007-02-20 09:09:24,121.163000,31.149300, 44, 67,0
26387,2007-02-20 09:09:40,121.165100,31.148500, 50, 45,0
26387,2007-02-20 09:09:56,121.166500,31.148300,  0, 45,0
26387,2007-02-20 09:10:17,121.167600,31.148100, 42, 45,0
26387,2007-02-20 09:10:33,121.169800,31.148000, 54, 45,0
26387,2007-02-20 09:10:49,121.172500,31.147800, 66, 45,0
26387,2007-02-20 09:11:05,121.175500,31.147600, 72, 45,0
26387,2007-02-20 09:11:21,121.178600,31.148000, 72, 45,0
26387,2007-02-20 09:11:37,121.181800,31.148500, 74, 45,0
26387,2007-02-20 09:11:53,121.184800,31.148800, 66, 45,0
26387,2007-02-20 09:12:09,121.187600,31.149300, 64, 45,0
26387,2007-02-20 09:12:25,121.190100,31.149800, 54, 45,0
26387,2007-02-20 09:12:57,121.195500,31.150800, 64, 45,0
26387,2007-02-20 09:13:13,121.198100,31.151500, 68, 45,0
26387,2007-02-20 09:13:29,121.201000,31.152100, 56, 45,0
26387,2007-02-20 09:13:45,121.203500,31.152600, 64, 45,0
26387,2007-02-20 09:14:01,121.206500,31.153100, 68, 45,0
26387,2007-02-20 09:14:17,121.209500,31.153500, 72, 45,0
26387,2007-02-20 09:14:33,121.212500,31.153800, 72, 45,0
26387,2007-02-20 09:14:49,121.215500,31.154100, 64, 45,0
26387,2007-02-20 09:15:05,121.218300,31.154500, 64, 45,0
26387,2007-02-20 09:15:21,121.220800,31.154800, 48, 45,0
26387,2007-02-20 09:16:01,121.221800,31.155000, 10, 45,0
26387,2007-02-20 09:16:17,121.223100,31.155100, 48, 45,0
26387,2007-02-20 09:16:33,121.225600,31.155500, 60, 45,0
26387,2007-02-20 09:16:49,121.228300,31.155300, 64, 45,0
26387,2007-02-20 09:17:05,121.229600,31.155000,  0, 45,0
26387,2007-02-20 09:18:05,121.229800,31.155000, 12, 45,1
26387,2007-02-20 09:19:06,121.234500,31.154500, 48, 45,1
26387,2007-02-20 09:20:07,121.245500,31.154600, 78, 45,1
26387,2007-02-20 09:22:09,121.266000,31.166300, 72, 22,1
26387,2007-02-20 09:23:10,121.275800,31.170100, 34, 22,1
26387,2007-02-20 09:24:11,121.282800,31.172800, 72, 22,1
26387,2007-02-20 09:25:12,121.293800,31.175000, 72, 45,1
26387,2007-02-20 09:26:13,121.305100,31.174100, 68, 45,1
26387,2007-02-20 09:27:14,121.316600,31.172500, 70, 45,1
26387,2007-02-20 09:28:15,121.326500,31.170000, 62, 45,1
26387,2007-02-20 09:29:16,121.334100,31.173800,  0, 22,1
26387,2007-02-20 09:30:09,121.336000,31.175100,  0, 22,0
26387,2007-02-20 09:30:24,121.336000,31.175100,  0, 22,0
26387,2007-02-20 09:31:25,121.336100,31.175100,  0, 22,0
26387,2007-02-20 09:31:29,121.336100,31.175100, 14, 22,1
26387,2007-02-20 09:32:30,121.339300,31.177500,  4, 22,1
26387,2007-02-20 09:34:32,121.345100,31.168800, 28, 67,1
26387,2007-02-20 09:35:33,121.346600,31.166300,  0, 67,1
26387,2007-02-20 09:36:34,121.350100,31.167500, 48, 22,1
26387,2007-02-20 09:37:35,121.351100,31.168000, 16, 22,1
26387,2007-02-20 09:38:04,121.352000,31.167800,  0, 67,0
26387,2007-02-20 09:39:21,121.351500,31.168100, 16,112,0
26387,2007-02-20 09:40:09,121.350500,31.167800, 48,112,0
26387,2007-02-20 09:40:25,121.348300,31.166800, 56,112,0
26387,2007-02-20 09:40:41,121.346000,31.165800, 54,112,0
26387,2007-02-20 09:40:57,121.343800,31.164800, 56,112,0
26387,2007-02-20 09:41:13,121.342800,31.164100, 18, 67,0
26387,2007-02-20 09:41:39,121.343600,31.163600, 10,  0,0
26387,2007-02-20 09:42:40,121.343600,31.163600,  0,  0,0
26387,2007-02-20 09:43:41,121.343600,31.163600,  0,  0,0
26387,2007-02-20 09:44:42,121.343600,31.163600,  0,  0,0
26387,2007-02-20 09:45:43,121.343600,31.163600,  0,  0,0
26387,2007-02-20 09:46:44,121.343600,31.163600,  0,  0,0
26387,2007-02-20 09:47:45,121.343600,31.163600,  0,  0,0
26387,2007-02-20 09:48:30,121.343500,31.163000, 26, 67,0
26387,2007-02-20 09:48:46,121.344100,31.162000, 34, 67,0
26387,2007-02-20 09:49:02,121.345000,31.160800, 34, 67,0
26387,2007-02-20 09:49:20,121.344500,31.160000, 26,112,0
26387,2007-02-20 09:49:36,121.343300,31.159300, 32,112,0
26387,2007-02-20 09:49:53,121.342300,31.159300, 28,157,0
26387,2007-02-20 09:50:09,121.341600,31.160500, 34,157,0
26387,2007-02-20 09:50:25,121.341000,31.161800, 46,157,0
26387,2007-02-20 09:50:41,121.340300,31.163100, 16,  0,0
26387,2007-02-20 09:50:57,121.341500,31.163600, 44, 22,0
26387,2007-02-20 09:51:13,121.342600,31.164100,  0, 22,0
26387,2007-02-20 09:51:40,121.343600,31.164600, 46, 22,0
26387,2007-02-20 09:51:56,121.345500,31.165500, 42, 22,0
26387,2007-02-20 09:52:12,121.346500,31.166000,  6, 22,0
26387,2007-02-20 09:52:30,121.346500,31.166800, 34,157,0
26387,2007-02-20 09:53:02,121.345000,31.169000, 40,157,0
26387,2007-02-20 09:53:18,121.344100,31.170500, 42,157,0
26387,2007-02-20 09:53:34,121.343300,31.171800, 32,157,0
26387,2007-02-20 09:53:51,121.344000,31.172500, 36, 22,0
26387,2007-02-20 09:54:07,121.345500,31.173000, 38, 22,0
26387,2007-02-20 09:54:23,121.346600,31.173500, 26, 22,0
26387,2007-02-20 09:54:39,121.347800,31.173800, 26, 45,0
26387,2007-02-20 09:54:55,121.348500,31.172800, 38, 67,0
26387,2007-02-20 09:55:11,121.349100,31.171600, 36, 67,0
26387,2007-02-20 09:55:27,121.349800,31.170600, 12, 67,0
26387,2007-02-20 09:55:43,121.350800,31.171000, 32, 22,0
26387,2007-02-20 09:55:59,121.352000,31.171500, 30, 22,0
26387,2007-02-20 09:56:20,121.352800,31.172000, 22,157,0
26387,2007-02-20 09:56:36,121.352300,31.173000, 32,157,0
26387,2007-02-20 09:57:08,121.351000,31.175500, 34,157,0
26387,2007-02-20 09:57:24,121.350300,31.177000, 42,157,0
26387,2007-02-20 09:57:40,121.349600,31.178000,  0,157,0
26387,2007-02-20 09:58:08,121.349600,31.178000, 10, 67,1
26387,2007-02-20 09:59:08,121.351000,31.175500,  0, 90,1
26387,2007-02-20 10:00:09,121.352100,31.171600, 38,112,1
26387,2007-02-20 10:01:10,121.351800,31.168100, 38, 45,1
26387,2007-02-20 10:02:11,121.356800,31.170300,  0, 22,1
26387,2007-02-20 10:03:12,121.357100,31.170500, 24, 22,1
26387,2007-02-20 10:04:13,121.363100,31.172800, 36, 45,1
26387,2007-02-20 10:05:14,121.368600,31.175000, 56, 22,1
26387,2007-02-20 10:06:15,121.375100,31.177300,  0, 45,1
26387,2007-02-20 10:07:16,121.379300,31.178100,  0, 22,1
26387,2007-02-20 10:08:17,121.377000,31.177600, 16,135,1
26387,2007-02-20 10:10:14,121.375500,31.180300,  0,112,0
26387,2007-02-20 10:10:29,121.375500,31.180300,  0,112,0
26387,2007-02-20 10:10:57,121.376300,31.180600, 24, 22,0
26387,2007-02-20 10:11:58,121.377100,31.181100,  0, 22,0
26387,2007-02-20 10:12:59,121.377100,31.181100,  0, 22,0
26387,2007-02-20 10:14:00,121.377100,31.181100,  0, 22,0
26387,2007-02-20 10:15:01,121.377300,31.181500,  0, 22,0
26387,2007-02-20 10:15:22,121.377300,31.181500,  0, 22,1
26387,2007-02-20 10:16:22,121.377300,31.181500,  0, 22,1
26387,2007-02-20 10:16:54,121.377300,31.181500,  0, 22,0
26387,2007-02-20 10:17:54,121.377300,31.181500,  0, 22,0
26387,2007-02-20 10:18:56,121.378100,31.182000, 30, 22,0
26387,2007-02-20 10:19:12,121.379300,31.182600, 18, 22,0
26387,2007-02-20 10:19:31,121.378800,31.183500, 30,157,0
26387,2007-02-20 10:19:47,121.378000,31.184500, 30,157,0
26387,2007-02-20 10:20:03,121.377300,31.185300, 26,157,0
26387,2007-02-20 10:20:36,121.376600,31.186100, 28,157,0
26387,2007-02-20 10:20:52,121.375800,31.187100, 32,157,0
26387,2007-02-20 10:21:11,121.375100,31.188000, 14,157,0
26387,2007-02-20 10:21:29,121.375800,31.188500, 30, 22,0
26387,2007-02-20 10:21:46,121.377100,31.189100, 32, 22,0
26387,2007-02-20 10:22:02,121.378500,31.189600, 24, 22,0
26387,2007-02-20 10:22:19,121.379300,31.190100, 28, 22,0
26387,2007-02-20 10:22:36,121.380500,31.190600, 24, 22,0
26387,2007-02-20 10:23:37,121.381100,31.191000,  8, 22,0
26387,2007-02-20 10:23:59,121.381100,31.191800, 28,157,0
26387,2007-02-20 10:24:15,121.380600,31.192600, 28,157,0
26387,2007-02-20 10:24:31,121.380000,31.193600, 28,157,0
26387,2007-02-20 10:24:49,121.380300,31.194500, 42, 22,0
26387,2007-02-20 10:25:04,121.382300,31.195100, 44, 22,0
26387,2007-02-20 10:25:26,121.383300,31.195800, 22, 22,0
26387,2007-02-20 10:25:42,121.384000,31.195100, 42, 67,0
26387,2007-02-20 10:25:58,121.384800,31.193800, 40, 67,0
26387,2007-02-20 10:26:14,121.385300,31.192800, 22,112,0
26387,2007-02-20 10:26:46,121.382800,31.191600, 44,112,0
26387,2007-02-20 10:27:18,121.380500,31.192800, 38,157,0
26387,2007-02-20 10:27:49,121.381000,31.194500, 36, 22,0
26387,2007-02-20 10:28:06,121.382300,31.195300, 28, 22,0
26387,2007-02-20 10:28:39,121.383300,31.195800, 32, 22,0
26387,2007-02-20 10:29:11,121.385600,31.197100, 26, 22,0
26387,2007-02-20 10:29:43,121.388000,31.198800, 26, 22,0
26387,2007-02-20 10:30:04,121.388600,31.198000, 24, 90,0
26387,2007-02-20 10:30:23,121.389000,31.197000, 26, 90,0
26387,2007-02-20 10:30:39,121.389300,31.195800, 34, 90,0
26387,2007-02-20 10:31:01,121.390000,31.195100, 10, 45,0
26387,2007-02-20 10:31:19,121.391000,31.195500, 26, 45,0
26387,2007-02-20 10:31:36,121.392300,31.195800, 32, 45,0
26387,2007-02-20 10:31:52,121.393500,31.195800, 30, 90,0
26387,2007-02-20 10:32:39,121.392300,31.193800, 36,135,0
26387,2007-02-20 10:32:56,121.390600,31.193800, 32,135,0
26387,2007-02-20 10:33:12,121.389800,31.194300, 32,  0,0
26387,2007-02-20 10:33:28,121.389500,31.195600, 32,  0,0
26387,2007-02-20 10:33:44,121.389000,31.196800, 34,  0,0
26387,2007-02-20 10:34:04,121.389000,31.197800, 12, 45,0
26387,2007-02-20 10:34:26,121.389800,31.198100, 18, 22,0
26387,2007-02-20 10:35:27,121.390000,31.198100,  0, 22,0
26387,2007-02-20 10:37:03,121.389000,31.198100,  0, 22,1
26387,2007-02-20 10:38:04,121.388600,31.198600,  0, 22,1
26387,2007-02-20 10:39:05,121.388100,31.199300,  0,157,1
26387,2007-02-20 10:40:06,121.388100,31.199300,  0,157,1
26387,2007-02-20 10:41:07,121.388100,31.199300,  0,157,1
26387,2007-02-20 10:44:11,121.393300,31.182300, 22,112,1
26387,2007-02-20 10:45:24,121.393000,31.182100,  0, 90,0
26387,2007-02-20 10:46:20,121.393300,31.182600, 18,135,0
26387,2007-02-20 10:46:42,121.392300,31.182300, 10,157,0
26387,2007-02-20 10:47:17,121.391800,31.183100, 14,157,0
26387,2007-02-20 10:48:18,121.390800,31.182800,  0,112,0
26387,2007-02-20 10:49:09,121.389800,31.182500, 40,112,0
26387,2007-02-20 10:49:36,121.388800,31.182000, 22,112,0
26387,2007-02-20 10:50:12,121.387100,31.183600, 40,157,0
26387,2007-02-20 10:50:44,121.385000,31.187000, 48,157,0
26387,2007-02-20 10:51:00,121.383800,31.188500, 42,157,0
26387,2007-02-20 10:51:16,121.382600,31.189600, 42,157,0
26387,2007-02-20 10:51:32,121.381600,31.191000, 40,157,0
26387,2007-02-20 10:51:48,121.380800,31.192300, 40,157,0
26387,2007-02-20 10:52:04,121.380100,31.193500, 24,157,0
26387,2007-02-20 10:52:30,121.380100,31.194100, 26, 22,0
26387,2007-02-20 10:52:46,121.381800,31.194800, 40, 22,0
26387,2007-02-20 10:53:02,121.383300,31.195800, 34, 22,0
26387,2007-02-20 10:53:18,121.384000,31.195100, 40, 67,0
26387,2007-02-20 10:53:34,121.384800,31.193800, 40, 67,0
26387,2007-02-20 10:54:06,121.384000,31.192100, 40,112,0
26387,2007-02-20 10:54:22,121.382500,31.191500, 36,135,0
26387,2007-02-20 10:55:23,121.381500,31.191100, 12,112,0
26387,2007-02-20 10:55:41,121.380300,31.190600, 30,112,0
26387,2007-02-20 10:55:57,121.379000,31.190000, 36,112,0
26387,2007-02-20 10:56:13,121.377800,31.189500, 40,112,0
26387,2007-02-20 10:56:29,121.376300,31.188800, 42,112,0
26387,2007-02-20 10:57:02,121.374100,31.188800, 30,157,0
26387,2007-02-20 10:57:18,121.373100,31.189800, 16,157,0
26387,2007-02-20 10:57:36,121.372300,31.190100, 28,135,0
26387,2007-02-20 10:57:52,121.371000,31.189600, 34,135,0
26387,2007-02-20 10:58:08,121.369500,31.189100, 36,135,0
26387,2007-02-20 10:58:28,121.368600,31.188600, 28, 67,0
26387,2007-02-20 10:58:44,121.368800,31.187300, 38, 90,0
26387,2007-02-20 10:59:16,121.368300,31.184500, 36, 90,0
26387,2007-02-20 10:59:32,121.367600,31.183800, 34,135,0
26387,2007-02-20 10:59:48,121.366100,31.183600, 36,135,0
26387,2007-02-20 11:00:21,121.365000,31.183500, 20,135,0
26387,2007-02-20 11:00:37,121.363600,31.183300, 34,135,0
26387,2007-02-20 11:00:53,121.362300,31.183000, 18,112,0
26387,2007-02-20 11:01:25,121.361100,31.182600, 26,135,0
26387,2007-02-20 11:01:41,121.360100,31.182300, 24,135,0
26387,2007-02-20 11:02:05,121.359000,31.182000, 24,135,0
26387,2007-02-20 11:02:21,121.357600,31.181600, 36,135,0
26387,2007-02-20 11:02:37,121.356300,31.181100, 16,112,0
26387,2007-02-20 11:03:01,121.356300,31.181000, 14, 90,1
26387,2007-02-20 11:04:02,121.359300,31.176600, 38, 90,1
26387,2007-02-20 11:05:03,121.360800,31.172300,  0, 67,1
26387,2007-02-20 11:06:04,121.360800,31.172300,  0, 67,1
26387,2007-02-20 11:07:05,121.361100,31.172100, 26, 45,1
26387,2007-02-20 11:08:06,121.363800,31.173000, 42, 45,1
26387,2007-02-20 11:09:07,121.367300,31.171300, 54, 90,1
26387,2007-02-20 11:10:08,121.370600,31.163600, 52, 67,1
26387,2007-02-20 11:11:09,121.372300,31.159800, 12, 67,1
26387,2007-02-20 11:12:10,121.375000,31.154100, 36, 45,1
26387,2007-02-20 11:13:11,121.380500,31.155300,  0, 45,1
26387,2007-02-20 11:14:12,121.387600,31.156600, 42, 45,1
26387,2007-02-20 11:16:00,121.393600,31.158300, 34, 45,1
26387,2007-02-20 11:16:58,121.394800,31.158600, 22, 45,0
26387,2007-02-20 11:17:19,121.395600,31.158500, 34, 90,0
26387,2007-02-20 11:17:35,121.396100,31.157300, 32, 90,0
26387,2007-02-20 11:18:36,121.396500,31.156500,  0, 67,0
26387,2007-02-20 11:19:34,121.396600,31.155600, 28,112,0
26387,2007-02-20 11:19:50,121.395000,31.155100, 42,135,0
26387,2007-02-20 11:20:06,121.393100,31.154600, 46,135,0
26387,2007-02-20 11:20:22,121.392000,31.155100, 42,  0,0
26387,2007-02-20 11:20:38,121.391500,31.156800, 44,  0,0
26387,2007-02-20 11:20:54,121.391300,31.157800, 26, 22,0
26387,2007-02-20 11:21:10,121.392600,31.158100, 26, 45,0
26387,2007-02-20 11:21:26,121.393800,31.158300, 28, 45,0
26387,2007-02-20 11:21:42,121.395000,31.158800, 32, 45,0
26387,2007-02-20 11:21:58,121.395500,31.159500, 34,  0,0
26387,2007-02-20 11:22:14,121.394800,31.160800, 40,  0,0
26387,2007-02-20 11:22:30,121.394600,31.161600, 18,  0,0
26387,2007-02-20 11:23:56,121.396600,31.156100, 34, 90,1
26387,2007-02-20 11:24:57,121.397600,31.153100, 44, 90,1
26387,2007-02-20 11:25:58,121.399800,31.147600,  0, 90,1
26387,2007-02-20 11:26:59,121.401000,31.144500, 32, 90,1
26387,2007-02-20 11:28:00,121.400800,31.140000, 52,112,1
26387,2007-02-20 11:29:01,121.398500,31.137600, 38, 90,1
26387,2007-02-20 11:30:01,121.400300,31.133800, 52, 67,1
26387,2007-02-20 11:31:03,121.401500,31.129300,  0, 90,1
26387,2007-02-20 11:34:06,121.402100,31.120500, 28, 90,1
26387,2007-02-20 11:35:07,121.400600,31.115500, 14,112,1
26387,2007-02-20 11:36:08,121.396500,31.113800, 24,112,1
26387,2007-02-20 11:36:42,121.395100,31.113300,  0,135,0
26387,2007-02-20 11:36:58,121.395100,31.113300,  0,135,0
26387,2007-02-20 11:37:22,121.396300,31.113800, 36, 45,0
26387,2007-02-20 11:37:38,121.398000,31.114500, 38, 22,0
26387,2007-02-20 11:37:54,121.399500,31.115000, 34, 22,0
26387,2007-02-20 11:38:10,121.400600,31.115500, 24, 22,0
26387,2007-02-20 11:39:03,121.401500,31.116100,  6,  0,0
26387,2007-02-20 11:40:04,121.402000,31.116300, 18, 22,0
26387,2007-02-20 11:40:20,121.402500,31.116800, 32,  0,0
26387,2007-02-20 11:40:42,121.402300,31.118000, 28,  0,0
26387,2007-02-20 11:40:58,121.402300,31.119500, 38,  0,0
26387,2007-02-20 11:42:05,121.402000,31.122800, 56,  0,0
26387,2007-02-20 11:42:20,121.402000,31.124800, 52,  0,0
26387,2007-02-20 11:42:36,121.401800,31.126800, 50,  0,0
26387,2007-02-20 11:42:52,121.401600,31.128500, 22,  0,0
26387,2007-02-20 11:43:14,121.401600,31.129300, 38,  0,0
26387,2007-02-20 11:43:30,121.401500,31.130500,  2,  0,0
26387,2007-02-20 11:43:49,121.401500,31.131500, 40,  0,0
26387,2007-02-20 11:44:05,121.400800,31.132800, 40,157,0
26387,2007-02-20 11:44:21,121.400300,31.134000, 22,157,0
26387,2007-02-20 11:45:21,121.400000,31.134600,  0,157,0
26387,2007-02-20 11:46:22,121.400000,31.134600,  0,157,0
26387,2007-02-20 11:47:23,121.400000,31.134600,  0,157,0
26387,2007-02-20 11:48:12,121.399500,31.148500, 46,  0,0
26387,2007-02-20 11:48:28,121.398800,31.150300, 54,  0,0
26387,2007-02-20 11:48:44,121.398000,31.152300, 50,  0,0
26387,2007-02-20 11:49:00,121.397500,31.153600, 32,  0,0
26387,2007-02-20 11:49:55,121.397300,31.154500,  4,157,0
26387,2007-02-20 11:50:56,121.397100,31.154600,  0,157,0
26387,2007-02-20 11:51:57,121.397100,31.154600,  0,157,0
26387,2007-02-20 11:52:58,121.397100,31.154600,  0,157,0
26387,2007-02-20 11:53:59,121.397100,31.154600,  0,157,0
26387,2007-02-20 11:55:00,121.397100,31.154600,  0,157,0
26387,2007-02-20 11:56:01,121.397100,31.154600,  0,157,0
26387,2007-02-20 11:57:02,121.397100,31.154600,  0,157,0
26387,2007-02-20 11:58:03,121.397100,31.154600,  0,157,0
26387,2007-02-20 11:59:04,121.397100,31.154600,  0,157,0
26387,2007-02-20 12:01:06,121.397100,31.154800,  0,157,0
26387,2007-02-20 12:02:07,121.397100,31.154800,  0,157,0
26387,2007-02-20 12:04:09,121.397100,31.154800,  0,157,0
26387,2007-02-20 12:05:09,121.397100,31.154800,  0,157,0
26387,2007-02-20 12:05:49,121.397500,31.153800, 22, 90,0
26387,2007-02-20 12:06:06,121.397800,31.152800, 34, 90,0
26387,2007-02-20 12:06:22,121.398500,31.151300, 46, 90,0
26387,2007-02-20 12:06:38,121.398800,31.150000, 18, 90,0
26387,2007-02-20 12:07:13,121.399000,31.149600, 32, 90,0
26387,2007-02-20 12:07:59,121.399800,31.147300, 36, 90,0
26387,2007-02-20 12:08:14,121.400500,31.145800, 50, 90,0
26387,2007-02-20 12:08:31,121.401000,31.144300, 12, 90,0
26387,2007-02-20 12:09:09,121.402000,31.144300, 38, 45,0
26387,2007-02-20 12:09:49,121.404100,31.145000, 16,135,1
26387,2007-02-20 12:10:49,121.400000,31.146800, 22,  0,1
26387,2007-02-20 12:11:51,121.399300,31.149600,  6, 22,1
26387,2007-02-20 12:12:52,121.398000,31.152500, 24,  0,1
26387,2007-02-20 12:13:53,121.396100,31.157100, 52,  0,1
26387,2007-02-20 12:14:54,121.394500,31.158600, 40,135,1
26387,2007-02-20 12:15:54,121.389300,31.157100, 34,135,1
26387,2007-02-20 12:16:31,121.385800,31.156300, 24,135,0
26387,2007-02-20 12:16:46,121.385600,31.156100,  0,112,0
26387,2007-02-20 12:17:43,121.384600,31.156000, 38,135,0
26387,2007-02-20 12:17:59,121.382800,31.155600, 40,135,0
26387,2007-02-20 12:18:31,121.379100,31.155000, 42,135,0
26387,2007-02-20 12:18:47,121.377600,31.154600, 24,135,0
26387,2007-02-20 12:19:03,121.377500,31.155800, 34,  0,0
26387,2007-02-20 12:19:36,121.377300,31.158100, 30,  0,0
26387,2007-02-20 12:20:37,121.377500,31.158600,  0,  0,0
26387,2007-02-20 12:21:33,121.377500,31.159600, 26,  0,0
26387,2007-02-20 12:21:49,121.377300,31.161000, 38,  0,0
26387,2007-02-20 12:22:04,121.377300,31.162300, 38,  0,0
26387,2007-02-20 12:22:36,121.377100,31.163500, 28,  0,0
26387,2007-02-20 12:22:52,121.376500,31.164800, 44,157,0
26387,2007-02-20 12:23:08,121.375800,31.166300, 28,  0,0
26387,2007-02-20 12:23:24,121.375300,31.167100, 40,157,0
26387,2007-02-20 12:23:39,121.374600,31.168800, 50,  0,0
26387,2007-02-20 12:23:56,121.373800,31.170600, 46,157,0
26387,2007-02-20 12:24:12,121.373100,31.172100, 26,  0,0
26387,2007-02-20 12:24:48,121.372600,31.173000, 28,157,0
26387,2007-02-20 12:25:04,121.372100,31.174100, 30,  0,0
26387,2007-02-20 12:26:04,121.372000,31.174800,  0,  0,0
26387,2007-02-20 12:27:06,121.372000,31.174800,  0,  0,0
26387,2007-02-20 12:28:07,121.372000,31.174800,  0,  0,0
26387,2007-02-20 12:28:24,121.371800,31.174800, 16, 90,1
26387,2007-02-20 12:29:24,121.372600,31.172800,  0,112,1
26387,2007-02-20 12:30:26,121.372600,31.172800,  0,112,1
26387,2007-02-20 12:31:27,121.368500,31.171100, 46,135,1
26387,2007-02-20 12:32:28,121.366500,31.174100, 34,112,1
26387,2007-02-20 12:33:29,121.360600,31.172000, 56,135,1
26387,2007-02-20 12:34:29,121.358100,31.171000, 24,112,1
26387,2007-02-20 12:35:31,121.351800,31.168300,  0,112,1
26387,2007-02-20 12:37:33,121.343100,31.164500, 16,112,1
26387,2007-02-20 12:38:34,121.339000,31.165500, 20,157,1
26387,2007-02-20 12:39:34,121.333600,31.162600, 52,112,1
26387,2007-02-20 12:40:36,121.331100,31.160300, 20,112,1
26387,2007-02-20 12:41:37,121.332500,31.158000, 22, 67,1
26387,2007-02-20 12:41:58,121.333100,31.157000,  0, 90,0
26387,2007-02-20 12:43:14,121.333000,31.157300, 34,157,0
26387,2007-02-20 12:43:30,121.331800,31.157800, 26,112,0
26387,2007-02-20 12:43:56,121.331000,31.158100, 38,157,0
26387,2007-02-20 12:44:12,121.330100,31.159800, 46,157,0
26387,2007-02-20 12:44:28,121.330100,31.160800, 18, 22,0
26387,2007-02-20 12:44:44,121.331300,31.161300, 32, 22,0
26387,2007-02-20 12:45:00,121.332500,31.161800, 36, 22,0
26387,2007-02-20 12:45:16,121.334000,31.162800, 46, 22,0
26387,2007-02-20 12:45:32,121.335600,31.163800, 46, 22,0
26387,2007-02-20 12:45:48,121.337300,31.164600, 44, 22,0
26387,2007-02-20 12:46:04,121.338500,31.165300, 10, 22,0
26387,2007-02-20 12:46:40,121.340100,31.163500, 40, 67,0
26387,2007-02-20 12:46:56,121.341500,31.163600, 34, 22,0
26387,2007-02-20 12:47:12,121.342800,31.164300, 34, 22,0
26387,2007-02-20 12:47:29,121.344500,31.165100, 48, 22,0
26387,2007-02-20 12:47:44,121.346100,31.165800, 40, 22,0
26387,2007-02-20 12:48:05,121.346800,31.166500, 30,157,0
26387,2007-02-20 12:48:21,121.345800,31.167800, 48,157,0
26387,2007-02-20 12:48:37,121.345000,31.169300, 42,157,0
26387,2007-02-20 12:48:53,121.344100,31.170300, 36,157,0
26387,2007-02-20 12:49:09,121.343500,31.171500, 28,157,0
26387,2007-02-20 12:49:31,121.343800,31.172300, 20, 22,0
26387,2007-02-20 12:49:47,121.345000,31.172800, 36, 22,0
26387,2007-02-20 12:50:03,121.346300,31.173300, 18, 22,0
26387,2007-02-20 12:50:34,121.347300,31.173800,  6, 45,0
26387,2007-02-20 12:50:51,121.348100,31.173500, 28, 67,0
26387,2007-02-20 12:51:07,121.348800,31.172300, 36, 67,0
26387,2007-02-20 12:51:23,121.349500,31.171100, 34, 67,0
26387,2007-02-20 12:51:39,121.350300,31.170800, 32, 22,0
26387,2007-02-20 12:52:11,121.352800,31.172100, 30,157,0
26387,2007-02-20 12:52:27,121.352100,31.173500, 34,157,0
26387,2007-02-20 12:52:43,121.351300,31.174800, 50,157,0
26387,2007-02-20 12:53:42,121.350800,31.175800, 30,157,0
26387,2007-02-20 12:53:58,121.350100,31.177000, 28,157,0
26387,2007-02-20 12:54:14,121.349600,31.178000, 32,157,0
26387,2007-02-20 12:54:30,121.349100,31.179300, 38,  0,0
26387,2007-02-20 12:54:46,121.348600,31.180600, 36,157,0
26387,2007-02-20 12:55:18,121.347600,31.183100, 28, 22,0
26387,2007-02-20 12:55:34,121.349500,31.183600, 46, 45,0
26387,2007-02-20 12:55:50,121.351600,31.184300, 58, 45,0
26387,2007-02-20 12:56:06,121.354000,31.185000, 50, 22,0
26387,2007-02-20 12:56:22,121.355600,31.185600, 44, 22,0
26387,2007-02-20 12:56:38,121.358100,31.186600, 72, 45,0
26387,2007-02-20 12:56:54,121.360600,31.187300, 42, 45,0
26387,2007-02-20 12:57:10,121.362500,31.187800, 46, 45,0
26387,2007-02-20 12:57:26,121.363800,31.188300, 20, 45,0
26387,2007-02-20 12:57:43,121.364100,31.187300, 22, 90,0
26387,2007-02-20 12:57:59,121.362600,31.187000, 40,135,0
26387,2007-02-20 12:58:31,121.359300,31.186100, 38,112,0
26387,2007-02-20 12:58:47,121.359100,31.185000, 30, 90,0
26387,2007-02-20 12:59:03,121.359500,31.184000, 26, 90,0
26387,2007-02-20 12:59:19,121.359600,31.183000, 30, 90,0
26387,2007-02-20 12:59:36,121.360300,31.182300, 30, 45,0
26387,2007-02-20 12:59:52,121.361600,31.182600, 32, 45,0
26387,2007-02-20 13:00:08,121.363000,31.183100, 36, 45,0
26387,2007-02-20 13:01:07,121.364100,31.183300, 16, 45,0
26387,2007-02-20 13:01:08,121.364100,31.183300, 18, 45,1
26387,2007-02-20 13:03:09,121.368000,31.189800,  0,  0,1
26387,2007-02-20 13:04:10,121.368100,31.189800,  0,  0,1
26387,2007-02-20 13:05:11,121.368100,31.189800,  0,  0,1
26387,2007-02-20 13:06:12,121.368100,31.189800,  0,  0,1
26387,2007-02-20 13:07:13,121.368100,31.189800,  0,  0,1
26387,2007-02-20 13:09:15,121.368100,31.189800,  0,  0,1
26387,2007-02-20 13:10:16,121.397100,31.198800, 52, 45,1
26387,2007-02-20 13:11:17,121.404800,31.196800, 36, 90,1
26387,2007-02-20 13:12:14,121.403500,31.195500,  0,157,0
26387,2007-02-20 13:12:29,121.403500,31.195500,  0,157,0
26387,2007-02-20 13:13:03,121.402300,31.195600, 16,135,0
26387,2007-02-20 13:13:19,121.401600,31.195000, 34,112,0
26387,2007-02-20 13:13:35,121.400000,31.195100, 28,135,0
26387,2007-02-20 13:13:52,121.399500,31.194300, 28,112,0
26387,2007-02-20 13:14:08,121.398000,31.194500, 38,135,0
26387,2007-02-20 13:14:24,121.396100,31.195000, 42,135,0
26387,2007-02-20 13:14:40,121.394300,31.195000, 38,135,0
26387,2007-02-20 13:14:56,121.393500,31.195600, 34,  0,0
26387,2007-02-20 13:15:12,121.392500,31.195800, 30,135,0
26387,2007-02-20 13:15:28,121.391100,31.195600, 30,135,0
26387,2007-02-20 13:15:44,121.390000,31.195300, 26,135,0
26387,2007-02-20 13:16:08,121.389300,31.196000, 30,  0,0
26387,2007-02-20 13:16:42,121.389000,31.197000, 10,  0,0
26387,2007-02-20 13:17:01,121.388600,31.198000, 14,  0,0
26387,2007-02-20 13:18:02,121.388500,31.198600,  0,  0,0
26387,2007-02-20 13:19:03,121.388500,31.198600,  0,  0,0
26387,2007-02-20 13:19:25,121.388300,31.199500, 28,  0,0
26387,2007-02-20 13:19:41,121.387600,31.201100, 46,  0,0
26387,2007-02-20 13:20:00,121.387600,31.201800, 14,  0,1
26387,2007-02-20 13:21:01,121.386300,31.206600, 26,  0,1
26387,2007-02-20 13:22:02,121.391300,31.207600, 52, 45,1
26387,2007-02-20 13:23:03,121.395600,31.207800,  0,135,1
26387,2007-02-20 13:23:23,121.395500,31.207800,  0,  0,0
26387,2007-02-20 13:23:49,121.395600,31.208800, 34,  0,0
26387,2007-02-20 13:24:05,121.395800,31.210300, 38,  0,0
26387,2007-02-20 13:24:21,121.395800,31.211300, 22,  0,0
26387,2007-02-20 13:24:46,121.395600,31.211600, 26,135,0
26387,2007-02-20 13:25:02,121.393600,31.211600, 50,135,0
26387,2007-02-20 13:25:18,121.391800,31.211600, 36,135,0
26387,2007-02-20 13:26:02,121.389000,31.211600, 38,135,0
26387,2007-02-20 13:26:18,121.387300,31.211800, 36,135,0
26387,2007-02-20 13:26:34,121.386300,31.211800, 20,112,0
26387,2007-02-20 13:26:50,121.386100,31.210600, 34, 90,0
26387,2007-02-20 13:27:06,121.386100,31.209100, 38, 90,0
26387,2007-02-20 13:27:51,121.386100,31.208300, 12, 90,0
26387,2007-02-20 13:28:10,121.386100,31.207300, 32, 90,0
26387,2007-02-20 13:28:26,121.386500,31.206100, 18, 90,0
26387,2007-02-20 13:29:24,121.387000,31.204000, 30, 90,0
26387,2007-02-20 13:29:40,121.387300,31.202800, 30, 90,0
26387,2007-02-20 13:29:56,121.387600,31.201600, 16, 90,0
26387,2007-02-20 13:30:57,121.387600,31.201600,  0, 90,0
26387,2007-02-20 13:31:23,121.387800,31.200600, 28, 90,0
26387,2007-02-20 13:31:39,121.388100,31.199500, 30, 90,0
26387,2007-02-20 13:31:55,121.388500,31.198600, 16, 90,0
26387,2007-02-20 13:32:11,121.388800,31.197600, 40, 90,0
26387,2007-02-20 13:32:27,121.389100,31.196300, 36, 90,0
26387,2007-02-20 13:32:43,121.389600,31.194800, 48, 90,0
26387,2007-02-20 13:32:59,121.389600,31.193800,  8, 90,0
26387,2007-02-20 13:34:00,121.389800,31.193800,  0, 45,0
26387,2007-02-20 13:35:01,121.389800,31.193800,  6, 45,0
26387,2007-02-20 13:35:33,121.390000,31.193800, 16, 45,1
26387,2007-02-20 13:36:34,121.394000,31.194600, 12,112,1
26387,2007-02-20 13:37:35,121.393300,31.195000,  0,135,1
26387,2007-02-20 13:39:37,121.394000,31.194500, 10, 45,1
26387,2007-02-20 13:40:38,121.388500,31.194000, 52,135,1
26387,2007-02-20 13:41:39,121.383800,31.196000,  0,  0,1
26387,2007-02-20 13:42:40,121.383800,31.196000,  0,  0,1
26387,2007-02-20 13:43:41,121.383600,31.196000, 12,112,1
26387,2007-02-20 13:44:42,121.383100,31.191800, 44,112,1
26387,2007-02-20 13:45:43,121.383000,31.189300, 46, 67,1
26387,2007-02-20 13:46:28,121.385100,31.187000,  0, 67,0
26387,2007-02-20 13:46:44,121.385100,31.187000,  0, 67,0
26387,2007-02-20 13:47:45,121.385100,31.187000,  0, 67,0
26387,2007-02-20 13:48:46,121.385000,31.187100,  6,135,0
26387,2007-02-20 13:49:03,121.384100,31.188000, 38,157,0
26387,2007-02-20 13:49:19,121.383100,31.189100, 38,157,0
26387,2007-02-20 13:49:35,121.382000,31.190300, 32,157,0
26387,2007-02-20 13:49:51,121.381300,31.191500, 38,157,0
26387,2007-02-20 13:50:07,121.380500,31.192600, 40,157,0
26387,2007-02-20 13:50:23,121.380000,31.193800, 20,157,0
26387,2007-02-20 13:50:39,121.380800,31.194500, 36, 22,0
26387,2007-02-20 13:50:55,121.382300,31.195100, 38, 22,0
26387,2007-02-20 13:51:11,121.383600,31.196000, 34, 22,0
26387,2007-02-20 13:51:27,121.384800,31.196800, 34, 22,0
26387,2007-02-20 13:51:43,121.386000,31.197500, 26, 22,0
26387,2007-02-20 13:51:59,121.387100,31.198100, 32, 22,0
26387,2007-02-20 13:52:15,121.388500,31.198600, 18, 45,0
26387,2007-02-20 13:52:33,121.388800,31.197600, 30, 90,0
26387,2007-02-20 13:52:49,121.389100,31.196500, 36, 90,0
26387,2007-02-20 13:53:05,121.389500,31.195100, 38, 90,0
26387,2007-02-20 13:53:21,121.389800,31.194000, 20, 90,0
26387,2007-02-20 13:53:54,121.389600,31.193800, 14, 45,0
26387,2007-02-20 13:54:55,121.389800,31.193800,  0, 45,0
26387,2007-02-20 13:55:56,121.389800,31.193800,  0, 45,0
26387,2007-02-20 13:56:57,121.389800,31.193800,  0, 45,0
26387,2007-02-20 13:57:58,121.389800,31.193800,  0, 45,0
26387,2007-02-20 13:58:59,121.390000,31.193800,  0, 45,0
26387,2007-02-20 14:00:00,121.390000,31.193800,  0, 45,0
26387,2007-02-20 14:00:37,121.390600,31.193500, 18, 45,0
26387,2007-02-20 14:00:58,121.391600,31.193100,  6, 45,0
26387,2007-02-20 14:01:19,121.391800,31.193300,  8, 22,1
26387,2007-02-20 14:02:20,121.390000,31.193800,  0,  0,1
26387,2007-02-20 14:03:21,121.385100,31.194100, 38,157,1
26387,2007-02-20 14:04:22,121.383800,31.196000,  0,157,1
26387,2007-02-20 14:05:23,121.383800,31.196000,  0,157,1
26387,2007-02-20 14:06:24,121.387500,31.189600, 70, 90,1
26387,2007-02-20 14:08:26,121.388300,31.181800, 44,112,1
26387,2007-02-20 14:09:27,121.381300,31.178800,  0,135,1
26387,2007-02-20 14:10:28,121.376100,31.177500, 60,135,1
26387,2007-02-20 14:11:29,121.371500,31.176300, 22,112,1
26387,2007-02-20 14:12:30,121.365500,31.173600, 38,112,1
26387,2007-02-20 14:14:29,121.358600,31.171500,  0,112,0
26387,2007-02-20 14:14:44,121.358600,31.171600,  0,112,0
26387,2007-02-20 14:15:03,121.358500,31.171500, 14, 22,1
26387,2007-02-20 14:16:03,121.363000,31.172600, 54, 45,1
26387,2007-02-20 14:17:04,121.368800,31.175000, 52, 22,1
26387,2007-02-20 14:18:05,121.375800,31.177300,  6, 22,1
26387,2007-02-20 14:19:06,121.376000,31.177500,  8,  0,1
26387,2007-02-20 14:20:07,121.377500,31.181500, 40, 22,1
26387,2007-02-20 14:21:08,121.377500,31.185000, 42,157,1
26387,2007-02-20 14:21:43,121.377500,31.186000,  0, 22,0
26387,2007-02-20 14:22:30,121.380100,31.187300, 32, 22,0
26387,2007-02-20 14:22:46,121.381300,31.188000, 12, 22,0
26387,2007-02-20 14:23:47,121.381300,31.188000,  0, 22,0
26387,2007-02-20 14:24:19,121.382300,31.188500, 32, 22,0
26387,2007-02-20 14:24:35,121.383100,31.189000, 14,  0,0
26387,2007-02-20 14:24:51,121.382300,31.190000, 36,157,0
26387,2007-02-20 14:25:07,121.381600,31.191000,  0,157,0
26387,2007-02-20 14:25:28,121.381100,31.192000, 40,157,0
26387,2007-02-20 14:25:54,121.380600,31.192600, 10,157,1
26387,2007-02-20 14:26:55,121.380000,31.193600,  0,157,1
26387,2007-02-20 14:27:56,121.380000,31.193600,  2,157,1
26387,2007-02-20 14:28:57,121.379500,31.194100,  0,157,1
26387,2007-02-20 14:29:58,121.379500,31.194100,  0,157,1
26387,2007-02-20 14:32:00,121.379500,31.194100,  0,157,1
26387,2007-02-20 14:33:01,121.379500,31.194100,  0,157,1
26387,2007-02-20 14:34:02,121.379500,31.194100,  0,157,1
26387,2007-02-20 14:34:18,121.379500,31.194100,  0,157,0
26387,2007-02-20 14:35:19,121.360600,31.178300,  0,157,0
26387,2007-02-20 14:35:44,121.360600,31.178300,  0,157,1
26387,2007-02-20 14:36:44,121.360600,31.178300,  0,157,0
26387,2007-02-20 14:37:44,121.360600,31.178300,  0,157,0
26387,2007-02-20 14:38:38,121.359500,31.178000, 26,135,0
