11906,2007-02-20 00:00:52,121.439433,31.275283, 49,165,2
11906,2007-02-20 00:01:55,121.439433,31.275283, 49,165,2
11906,2007-02-20 00:02:58,121.439433,31.275283, 49,165,2
11906,2007-02-20 00:04:01,121.439433,31.275283, 49,165,2
11906,2007-02-20 00:05:05,121.439433,31.275283, 49,165,2
11906,2007-02-20 00:06:08,121.439433,31.275283, 49,165,2
11906,2007-02-20 00:07:11,121.439433,31.275283, 49,165,2
11906,2007-02-20 00:08:14,121.439433,31.275283, 49,165,2
11906,2007-02-20 00:09:17,121.439433,31.275283, 49,165,2
11906,2007-02-20 00:10:20,121.439433,31.275283, 49,165,2
11906,2007-02-20 00:11:23,121.439433,31.275283, 49,165,2
11906,2007-02-20 00:12:26,121.439433,31.275283, 49,165,2
11906,2007-02-20 00:13:29,121.439433,31.275283, 49,165,2
11906,2007-02-20 00:14:32,121.439433,31.275283, 49,165,2
11906,2007-02-20 00:15:35,121.439433,31.275283, 49,165,2
11906,2007-02-20 00:17:41,121.439433,31.275283, 49,165,2
11906,2007-02-20 00:18:44,121.439433,31.275283, 49,165,2
11906,2007-02-20 00:19:47,121.439433,31.275283, 49,165,2
11906,2007-02-20 00:20:50,121.439433,31.275283, 49,165,2
11906,2007-02-20 00:21:53,121.439433,31.275283, 49,165,2
11906,2007-02-20 00:22:56,121.439433,31.275283, 49,165,2
11906,2007-02-20 00:23:59,121.439433,31.275283, 49,165,2
11906,2007-02-20 00:25:02,121.439433,31.275283, 49,165,2
11906,2007-02-20 00:26:05,121.439433,31.275283, 49,165,2
11906,2007-02-20 00:27:08,121.439433,31.275283, 49,165,2
11906,2007-02-20 00:28:11,121.439433,31.275283, 49,165,2
11906,2007-02-20 00:29:14,121.439433,31.275283, 49,165,2
11906,2007-02-20 00:30:17,121.439433,31.275283, 49,165,2
11906,2007-02-20 00:31:20,121.439433,31.275283, 49,165,2
11906,2007-02-20 00:32:23,121.439433,31.275283, 49,165,2
11906,2007-02-20 00:33:26,121.439433,31.275283, 49,165,2
11906,2007-02-20 00:34:30,121.439433,31.275283, 49,165,2
11906,2007-02-20 00:35:33,121.439433,31.275283, 49,165,2
11906,2007-02-20 00:36:36,121.439433,31.275283, 49,165,2
11906,2007-02-20 00:37:39,121.439433,31.275283, 49,165,2
11906,2007-02-20 00:39:45,121.439433,31.275283, 49,165,2
11906,2007-02-20 00:40:48,121.439433,31.275283, 49,165,2
11906,2007-02-20 00:41:51,121.439433,31.275283, 49,165,2
11906,2007-02-20 00:42:54,121.439433,31.275283, 49,165,2
11906,2007-02-20 00:43:57,121.439433,31.275283, 49,165,2
11906,2007-02-20 00:45:00,121.439433,31.275283, 49,165,2
11906,2007-02-20 00:46:03,121.439433,31.275283, 49,165,2
11906,2007-02-20 00:47:06,121.439433,31.275283, 49,165,2
11906,2007-02-20 00:48:09,121.439433,31.275283, 49,165,2
11906,2007-02-20 00:49:12,121.439433,31.275283, 49,165,2
11906,2007-02-20 00:50:15,121.439433,31.275283, 49,165,2
11906,2007-02-20 00:51:18,121.439433,31.275283, 49,165,2
11906,2007-02-20 00:52:21,121.439433,31.275283, 49,165,2
11906,2007-02-20 00:53:24,121.439433,31.275283, 49,165,2
11906,2007-02-20 00:54:27,121.439433,31.275283, 49,165,2
11906,2007-02-20 00:55:30,121.439433,31.275283, 49,165,2
11906,2007-02-20 00:56:33,121.439433,31.275283, 49,165,2
11906,2007-02-20 00:57:36,121.439433,31.275283, 49,165,2
11906,2007-02-20 00:58:39,121.439433,31.275283, 49,165,2
11906,2007-02-20 00:59:42,121.439433,31.275283, 49,165,2
11906,2007-02-20 01:00:45,121.439433,31.275283, 49,165,2
11906,2007-02-20 01:01:48,121.439433,31.275283, 49,165,2
11906,2007-02-20 01:02:51,121.439433,31.275283, 49,165,2
11906,2007-02-20 01:03:54,121.439433,31.275283, 49,165,2
11906,2007-02-20 01:04:57,121.439433,31.275283, 49,165,2
11906,2007-02-20 01:06:00,121.439433,31.275283, 49,165,2
11906,2007-02-20 01:07:04,121.439433,31.275283, 49,165,2
11906,2007-02-20 01:08:07,121.439433,31.275283, 49,165,2
11906,2007-02-20 01:09:10,121.439433,31.275283, 49,165,2
11906,2007-02-20 01:10:13,121.439433,31.275283, 49,165,2
11906,2007-02-20 01:11:16,121.439433,31.275283, 49,165,2
11906,2007-02-20 01:13:22,121.439433,31.275283, 49,165,2
11906,2007-02-20 01:14:25,121.439433,31.275283, 49,165,2
11906,2007-02-20 01:15:28,121.439433,31.275283, 49,165,2
11906,2007-02-20 01:16:31,121.439433,31.275283, 49,165,2
11906,2007-02-20 01:17:34,121.439433,31.275283, 49,165,2
11906,2007-02-20 01:18:37,121.439433,31.275283, 49,165,2
11906,2007-02-20 01:19:40,121.439433,31.275283, 49,165,2
11906,2007-02-20 01:20:43,121.439433,31.275283, 49,165,2
11906,2007-02-20 01:21:46,121.439433,31.275283, 49,165,2
11906,2007-02-20 01:22:49,121.439433,31.275283, 49,165,2
11906,2007-02-20 01:23:52,121.439433,31.275283, 49,165,2
11906,2007-02-20 01:24:55,121.439433,31.275283, 49,165,2
11906,2007-02-20 01:25:58,121.439433,31.275283, 49,165,2
11906,2007-02-20 01:27:01,121.439433,31.275283, 49,165,2
11906,2007-02-20 01:28:04,121.439433,31.275283, 49,165,2
11906,2007-02-20 01:29:07,121.439433,31.275283, 49,165,2
11906,2007-02-20 01:30:10,121.439433,31.275283, 49,165,2
11906,2007-02-20 01:31:13,121.439433,31.275283, 49,165,2
11906,2007-02-20 01:32:16,121.439433,31.275283, 49,165,2
11906,2007-02-20 01:33:19,121.439433,31.275283, 49,165,2
11906,2007-02-20 01:34:22,121.439433,31.275283, 49,165,2
11906,2007-02-20 01:35:25,121.439433,31.275283, 49,165,2
11906,2007-02-20 01:36:28,121.439433,31.275283, 49,165,2
11906,2007-02-20 01:37:31,121.439433,31.275283, 49,165,2
11906,2007-02-20 01:38:34,121.439433,31.275283, 49,165,2
11906,2007-02-20 01:39:37,121.439433,31.275283, 49,165,2
11906,2007-02-20 01:40:40,121.439433,31.275283, 49,165,2
11906,2007-02-20 01:42:47,121.439433,31.275283, 49,165,2
11906,2007-02-20 01:43:50,121.439433,31.275283, 49,165,2
11906,2007-02-20 01:44:53,121.439433,31.275283, 49,165,2
11906,2007-02-20 01:45:56,121.439433,31.275283, 49,165,2
11906,2007-02-20 01:46:59,121.439433,31.275283, 49,165,2
11906,2007-02-20 01:48:02,121.439433,31.275283, 49,165,2
11906,2007-02-20 01:49:05,121.439433,31.275283, 49,165,2
11906,2007-02-20 01:50:08,121.439433,31.275283, 49,165,2
11906,2007-02-20 01:51:11,121.439433,31.275283, 49,165,2
11906,2007-02-20 01:52:14,121.439433,31.275283, 49,165,2
11906,2007-02-20 01:53:17,121.439433,31.275283, 49,165,2
11906,2007-02-20 01:54:20,121.439433,31.275283, 49,165,2
11906,2007-02-20 01:55:23,121.439433,31.275283, 49,165,2
11906,2007-02-20 01:56:26,121.439433,31.275283, 49,165,2
11906,2007-02-20 01:57:29,121.439433,31.275283, 49,165,2
11906,2007-02-20 01:58:32,121.439433,31.275283, 49,165,2
11906,2007-02-20 01:59:35,121.439433,31.275283, 49,165,2
11906,2007-02-20 02:00:38,121.439433,31.275283, 49,165,2
11906,2007-02-20 02:01:41,121.439433,31.275283, 49,165,2
11906,2007-02-20 02:02:44,121.439433,31.275283, 49,165,2
11906,2007-02-20 02:03:47,121.439433,31.275283, 49,165,2
11906,2007-02-20 02:04:50,121.439433,31.275283, 49,165,2
11906,2007-02-20 02:05:53,121.439433,31.275283, 49,165,2
11906,2007-02-20 02:06:56,121.439433,31.275283, 49,165,2
11906,2007-02-20 02:07:59,121.439433,31.275283, 49,165,2
11906,2007-02-20 02:09:02,121.439433,31.275283, 49,165,2
11906,2007-02-20 02:10:05,121.439433,31.275283, 49,165,2
11906,2007-02-20 02:11:08,121.439433,31.275283, 49,165,2
11906,2007-02-20 02:12:11,121.439433,31.275283, 49,165,2
11906,2007-02-20 02:13:14,121.439433,31.275283, 49,165,2
11906,2007-02-20 02:14:17,121.439433,31.275283, 49,165,2
11906,2007-02-20 02:15:20,121.439433,31.275283, 49,165,2
11906,2007-02-20 02:16:23,121.439433,31.275283, 49,165,2
11906,2007-02-20 02:17:26,121.439433,31.275283, 49,165,2
11906,2007-02-20 02:18:29,121.439433,31.275283, 49,165,2
11906,2007-02-20 02:19:32,121.439433,31.275283, 49,165,2
11906,2007-02-20 02:20:35,121.439433,31.275283, 49,165,2
11906,2007-02-20 02:21:38,121.439433,31.275283, 49,165,2
11906,2007-02-20 02:22:42,121.439433,31.275283, 49,165,2
11906,2007-02-20 02:23:45,121.439433,31.275283, 49,165,2
11906,2007-02-20 02:24:48,121.439433,31.275283, 49,165,2
11906,2007-02-20 02:25:51,121.439433,31.275283, 49,165,2
11906,2007-02-20 02:26:54,121.439433,31.275283, 49,165,2
11906,2007-02-20 02:27:57,121.439433,31.275283, 49,165,2
11906,2007-02-20 02:29:00,121.439433,31.275283, 49,165,2
11906,2007-02-20 02:32:09,121.439433,31.275283, 49,165,2
11906,2007-02-20 02:33:12,121.439433,31.275283, 49,165,2
11906,2007-02-20 02:34:15,121.439433,31.275283, 49,165,2
11906,2007-02-20 02:35:18,121.439433,31.275283, 49,165,2
11906,2007-02-20 02:36:21,121.439433,31.275283, 49,165,2
11906,2007-02-20 02:37:24,121.439433,31.275283, 49,165,2
11906,2007-02-20 02:38:27,121.439433,31.275283, 49,165,2
11906,2007-02-20 02:39:30,121.439433,31.275283, 49,165,2
11906,2007-02-20 02:41:36,121.439433,31.275283, 49,165,2
11906,2007-02-20 02:42:39,121.439433,31.275283, 49,165,2
11906,2007-02-20 02:43:42,121.439433,31.275283, 49,165,2
11906,2007-02-20 02:44:45,121.439433,31.275283, 49,165,2
11906,2007-02-20 02:45:48,121.439433,31.275283, 49,165,2
11906,2007-02-20 02:46:51,121.439433,31.275283, 49,165,2
11906,2007-02-20 02:47:54,121.439433,31.275283, 49,165,2
11906,2007-02-20 02:48:57,121.439433,31.275283, 49,165,2
11906,2007-02-20 02:50:00,121.439433,31.275283, 49,165,2
11906,2007-02-20 02:51:03,121.439433,31.275283, 49,165,2
11906,2007-02-20 02:52:06,121.439433,31.275283, 49,165,2
11906,2007-02-20 02:53:09,121.439433,31.275283, 49,165,2
11906,2007-02-20 02:54:12,121.439433,31.275283, 49,165,2
11906,2007-02-20 02:55:15,121.439433,31.275283, 49,165,2
11906,2007-02-20 02:56:18,121.439433,31.275283, 49,165,2
11906,2007-02-20 02:57:22,121.439433,31.275283, 49,165,2
11906,2007-02-20 02:58:25,121.439433,31.275283, 49,165,2
11906,2007-02-20 02:59:28,121.439433,31.275283, 49,165,2
11906,2007-02-20 03:01:34,121.439433,31.275283, 49,165,2
11906,2007-02-20 03:03:40,121.439433,31.275283, 49,165,2
11906,2007-02-20 03:04:43,121.439433,31.275283, 49,165,2
11906,2007-02-20 03:05:46,121.439433,31.275283, 49,165,2
11906,2007-02-20 03:06:49,121.439433,31.275283, 49,165,2
11906,2007-02-20 03:07:52,121.439433,31.275283, 49,165,2
11906,2007-02-20 03:08:55,121.439433,31.275283, 49,165,2
11906,2007-02-20 03:11:01,121.439433,31.275283, 49,165,2
11906,2007-02-20 03:12:04,121.439433,31.275283, 49,165,2
11906,2007-02-20 03:13:07,121.439433,31.275283, 49,165,2
11906,2007-02-20 03:14:10,121.439433,31.275283, 49,165,2
11906,2007-02-20 03:15:13,121.439433,31.275283, 49,165,2
11906,2007-02-20 03:16:16,121.439433,31.275283, 49,165,2
11906,2007-02-20 03:17:19,121.439433,31.275283, 49,165,2
11906,2007-02-20 03:18:22,121.439433,31.275283, 49,165,2
11906,2007-02-20 03:19:25,121.439433,31.275283, 49,165,2
11906,2007-02-20 03:20:28,121.439433,31.275283, 49,165,2
11906,2007-02-20 03:21:31,121.439433,31.275283, 49,165,2
11906,2007-02-20 03:22:34,121.439433,31.275283, 49,165,2
11906,2007-02-20 03:23:37,121.439433,31.275283, 49,165,2
11906,2007-02-20 03:24:40,121.439433,31.275283, 49,165,2
11906,2007-02-20 03:25:43,121.439433,31.275283, 49,165,2
11906,2007-02-20 03:26:46,121.439433,31.275283, 49,165,2
11906,2007-02-20 03:27:49,121.439433,31.275283, 49,165,2
11906,2007-02-20 03:28:52,121.439433,31.275283, 49,165,2
11906,2007-02-20 03:29:55,121.439433,31.275283, 49,165,2
11906,2007-02-20 03:30:58,121.439433,31.275283, 49,165,2
11906,2007-02-20 03:32:01,121.439433,31.275283, 49,165,2
11906,2007-02-20 03:33:04,121.439433,31.275283, 49,165,2
11906,2007-02-20 03:34:07,121.439433,31.275283, 49,165,2
11906,2007-02-20 03:35:10,121.439433,31.275283, 49,165,2
11906,2007-02-20 03:36:13,121.439433,31.275283, 49,165,2
11906,2007-02-20 03:37:17,121.439433,31.275283, 49,165,2
11906,2007-02-20 03:38:20,121.439433,31.275283, 49,165,2
11906,2007-02-20 03:39:23,121.439433,31.275283, 49,165,2
11906,2007-02-20 03:40:26,121.439433,31.275283, 49,165,2
11906,2007-02-20 03:41:29,121.439433,31.275283, 49,165,2
11906,2007-02-20 03:42:32,121.439433,31.275283, 49,165,2
11906,2007-02-20 03:43:35,121.439433,31.275283, 49,165,2
11906,2007-02-20 03:44:38,121.439433,31.275283, 49,165,2
11906,2007-02-20 03:45:41,121.439433,31.275283, 49,165,2
11906,2007-02-20 03:46:44,121.439433,31.275283, 49,165,2
11906,2007-02-20 03:47:47,121.439433,31.275283, 49,165,2
11906,2007-02-20 03:48:50,121.439433,31.275283, 49,165,2
11906,2007-02-20 03:49:53,121.439433,31.275283, 49,165,2
11906,2007-02-20 03:50:56,121.439433,31.275283, 49,165,2
11906,2007-02-20 03:51:59,121.439433,31.275283, 49,165,2
11906,2007-02-20 03:53:02,121.439433,31.275283, 49,165,2
11906,2007-02-20 03:54:05,121.439433,31.275283, 49,165,2
11906,2007-02-20 03:55:08,121.439433,31.275283, 49,165,2
11906,2007-02-20 03:57:14,121.439433,31.275283, 49,165,2
11906,2007-02-20 03:58:17,121.439433,31.275283, 49,165,2
11906,2007-02-20 03:59:20,121.439433,31.275283, 49,165,2
11906,2007-02-20 04:00:23,121.439433,31.275283, 49,165,2
11906,2007-02-20 04:01:26,121.439433,31.275283, 49,165,2
11906,2007-02-20 04:02:29,121.439433,31.275283, 49,165,2
11906,2007-02-20 04:03:32,121.439433,31.275283, 49,165,2
11906,2007-02-20 04:04:35,121.439433,31.275283, 49,165,2
11906,2007-02-20 04:05:38,121.439433,31.275283, 49,165,2
11906,2007-02-20 04:07:44,121.439433,31.275283, 49,165,2
11906,2007-02-20 04:08:47,121.439433,31.275283, 49,165,2
11906,2007-02-20 04:09:50,121.439433,31.275283, 49,165,2
11906,2007-02-20 04:10:53,121.439433,31.275283, 49,165,2
11906,2007-02-20 04:11:56,121.439433,31.275283, 49,165,2
11906,2007-02-20 04:13:00,121.439433,31.275283, 49,165,2
11906,2007-02-20 04:14:03,121.439433,31.275283, 49,165,2
11906,2007-02-20 04:15:06,121.439433,31.275283, 49,165,2
11906,2007-02-20 04:16:09,121.439433,31.275283, 49,165,2
11906,2007-02-20 04:17:12,121.439433,31.275283, 49,165,2
11906,2007-02-20 04:18:15,121.439433,31.275283, 49,165,2
11906,2007-02-20 04:19:18,121.439433,31.275283, 49,165,2
11906,2007-02-20 04:20:21,121.439433,31.275283, 49,165,2
11906,2007-02-20 04:21:24,121.439433,31.275283, 49,165,2
11906,2007-02-20 04:23:30,121.439433,31.275283, 49,165,2
11906,2007-02-20 04:24:33,121.439433,31.275283, 49,165,2
11906,2007-02-20 04:25:36,121.439433,31.275283, 49,165,2
11906,2007-02-20 04:26:39,121.439433,31.275283, 49,165,2
11906,2007-02-20 04:28:45,121.439433,31.275283, 49,165,2
11906,2007-02-20 04:30:51,121.439433,31.275283, 49,165,2
11906,2007-02-20 04:31:54,121.439433,31.275283, 49,165,2
11906,2007-02-20 04:32:57,121.439433,31.275283, 49,165,2
11906,2007-02-20 04:34:00,121.439433,31.275283, 49,165,2
11906,2007-02-20 04:35:03,121.439433,31.275283, 49,165,2
11906,2007-02-20 04:36:06,121.439433,31.275283, 49,165,2
11906,2007-02-20 04:37:09,121.439433,31.275283, 49,165,2
11906,2007-02-20 04:38:12,121.439433,31.275283, 49,165,2
11906,2007-02-20 04:39:15,121.439433,31.275283, 49,165,2
11906,2007-02-20 04:40:18,121.439433,31.275283, 49,165,2
11906,2007-02-20 04:41:21,121.439433,31.275283, 49,165,2
11906,2007-02-20 04:42:24,121.439433,31.275283, 49,165,2
11906,2007-02-20 04:43:27,121.439433,31.275283, 49,165,2
11906,2007-02-20 04:44:30,121.439433,31.275283, 49,165,2
11906,2007-02-20 04:45:33,121.439433,31.275283, 49,165,2
11906,2007-02-20 04:46:36,121.439433,31.275283, 49,165,2
11906,2007-02-20 04:47:39,121.439433,31.275283, 49,165,2
11906,2007-02-20 04:48:42,121.439433,31.275283, 49,165,2
11906,2007-02-20 04:49:45,121.439433,31.275283, 49,165,2
11906,2007-02-20 04:50:48,121.439433,31.275283, 49,165,2
11906,2007-02-20 04:51:51,121.439433,31.275283, 49,165,2
11906,2007-02-20 04:52:54,121.439433,31.275283, 49,165,2
11906,2007-02-20 04:53:57,121.439433,31.275283, 49,165,2
11906,2007-02-20 04:55:01,121.439433,31.275283, 49,165,2
11906,2007-02-20 04:56:04,121.439433,31.275283, 49,165,2
11906,2007-02-20 04:57:07,121.439433,31.275283, 49,165,2
11906,2007-02-20 04:58:10,121.439433,31.275283, 49,165,2
11906,2007-02-20 04:59:13,121.439433,31.275283, 49,165,2
11906,2007-02-20 05:00:16,121.439433,31.275283, 49,165,2
11906,2007-02-20 05:01:19,121.439433,31.275283, 49,165,2
11906,2007-02-20 05:03:25,121.439433,31.275283, 49,165,2
11906,2007-02-20 05:04:28,121.439433,31.275283, 49,165,2
11906,2007-02-20 05:05:31,121.439433,31.275283, 49,165,2
11906,2007-02-20 05:06:34,121.439433,31.275283, 49,165,2
11906,2007-02-20 05:07:37,121.439433,31.275283, 49,165,2
11906,2007-02-20 05:08:40,121.439433,31.275283, 49,165,2
11906,2007-02-20 05:09:43,121.439433,31.275283, 49,165,2
11906,2007-02-20 05:10:46,121.439433,31.275283, 49,165,2
11906,2007-02-20 05:11:49,121.439433,31.275283, 49,165,2
11906,2007-02-20 05:12:52,121.439433,31.275283, 49,165,2
11906,2007-02-20 05:13:55,121.439433,31.275283, 49,165,2
11906,2007-02-20 05:14:58,121.439433,31.275283, 49,165,2
11906,2007-02-20 05:16:01,121.439433,31.275283, 49,165,2
11906,2007-02-20 05:17:04,121.439433,31.275283, 49,165,2
11906,2007-02-20 05:19:10,121.439433,31.275283, 49,165,2
11906,2007-02-20 05:20:13,121.439433,31.275283, 49,165,2
11906,2007-02-20 05:21:16,121.439433,31.275283, 49,165,2
11906,2007-02-20 05:22:19,121.439433,31.275283, 49,165,2
11906,2007-02-20 05:23:22,121.439433,31.275283, 49,165,2
11906,2007-02-20 05:24:25,121.439433,31.275283, 49,165,2
11906,2007-02-20 05:25:28,121.439433,31.275283, 49,165,2
11906,2007-02-20 05:26:31,121.439433,31.275283, 49,165,2
11906,2007-02-20 05:27:34,121.439433,31.275283, 49,165,2
11906,2007-02-20 05:28:37,121.439433,31.275283, 49,165,2
11906,2007-02-20 05:29:40,121.439433,31.275283, 49,165,2
11906,2007-02-20 05:30:44,121.439433,31.275283, 49,165,2
11906,2007-02-20 05:31:47,121.439433,31.275283, 49,165,2
11906,2007-02-20 05:32:50,121.439433,31.275283, 49,165,2
11906,2007-02-20 05:33:53,121.439433,31.275283, 49,165,2
11906,2007-02-20 05:34:56,121.439433,31.275283, 49,165,2
11906,2007-02-20 05:35:59,121.439433,31.275283, 49,165,2
11906,2007-02-20 05:37:02,121.439433,31.275283, 49,165,2
11906,2007-02-20 05:38:05,121.439433,31.275283, 49,165,2
11906,2007-02-20 05:39:08,121.439433,31.275283, 49,165,2
11906,2007-02-20 05:40:11,121.439433,31.275283, 49,165,2
11906,2007-02-20 05:41:14,121.439433,31.275283, 49,165,2
11906,2007-02-20 05:42:17,121.439433,31.275283, 49,165,2
11906,2007-02-20 05:43:20,121.439433,31.275283, 49,165,2
11906,2007-02-20 05:44:23,121.439433,31.275283, 49,165,2
11906,2007-02-20 05:45:26,121.439433,31.275283, 49,165,2
11906,2007-02-20 05:46:29,121.439433,31.275283, 49,165,2
11906,2007-02-20 05:47:32,121.439433,31.275283, 49,165,2
11906,2007-02-20 05:48:35,121.439433,31.275283, 49,165,2
11906,2007-02-20 05:49:38,121.439433,31.275283, 49,165,2
11906,2007-02-20 05:50:41,121.439433,31.275283, 49,165,2
11906,2007-02-20 05:51:44,121.439433,31.275283, 49,165,2
11906,2007-02-20 05:52:47,121.439433,31.275283, 49,165,2
11906,2007-02-20 05:53:50,121.439433,31.275283, 49,165,2
11906,2007-02-20 05:54:53,121.439433,31.275283, 49,165,2
11906,2007-02-20 05:55:56,121.439433,31.275283, 49,165,2
11906,2007-02-20 05:56:59,121.439433,31.275283, 49,165,2
11906,2007-02-20 05:59:05,121.439433,31.275283, 49,165,2
11906,2007-02-20 06:00:08,121.439433,31.275283, 49,165,2
11906,2007-02-20 06:01:11,121.439433,31.275283, 49,165,2
11906,2007-02-20 06:02:14,121.439433,31.275283, 49,165,2
11906,2007-02-20 06:03:17,121.439433,31.275283, 49,165,2
11906,2007-02-20 06:04:20,121.439433,31.275283, 49,165,2
11906,2007-02-20 06:05:24,121.439433,31.275283, 49,165,2
11906,2007-02-20 06:06:27,121.439433,31.275283, 49,165,2
11906,2007-02-20 06:07:30,121.439433,31.275283, 49,165,2
11906,2007-02-20 06:08:33,121.439433,31.275283, 49,165,2
11906,2007-02-20 06:09:36,121.439433,31.275283, 49,165,2
11906,2007-02-20 06:10:39,121.439433,31.275283, 49,165,2
11906,2007-02-20 06:12:45,121.439433,31.275283, 49,165,2
11906,2007-02-20 06:13:48,121.439433,31.275283, 49,165,2
11906,2007-02-20 06:14:51,121.439433,31.275283, 49,165,2
11906,2007-02-20 06:15:54,121.439433,31.275283, 49,165,2
11906,2007-02-20 06:16:57,121.439433,31.275283, 49,165,2
11906,2007-02-20 06:18:00,121.439433,31.275283, 49,165,2
11906,2007-02-20 06:19:03,121.439433,31.275283, 49,165,2
11906,2007-02-20 06:20:06,121.439433,31.275283, 49,165,2
11906,2007-02-20 06:21:09,121.439433,31.275283, 49,165,2
11906,2007-02-20 06:22:12,121.439433,31.275283, 49,165,2
11906,2007-02-20 06:23:15,121.439433,31.275283, 49,165,2
11906,2007-02-20 06:24:18,121.439433,31.275283, 49,165,2
11906,2007-02-20 06:25:21,121.439433,31.275283, 49,165,2
11906,2007-02-20 06:26:24,121.439433,31.275283, 49,165,2
11906,2007-02-20 06:27:27,121.439433,31.275283, 49,165,2
11906,2007-02-20 06:28:30,121.439433,31.275283, 49,165,2
11906,2007-02-20 06:29:33,121.439433,31.275283, 49,165,2
11906,2007-02-20 06:30:36,121.439433,31.275283, 49,165,2
11906,2007-02-20 06:31:39,121.439433,31.275283, 49,165,2
11906,2007-02-20 06:32:42,121.439433,31.275283, 49,165,2
11906,2007-02-20 06:34:48,121.439433,31.275283, 49,165,2
11906,2007-02-20 06:35:53,121.439433,31.275283, 49,165,2
11906,2007-02-20 06:36:57,121.439433,31.275283, 49,165,2
11906,2007-02-20 06:38:02,121.439433,31.275283, 49,165,2
11906,2007-02-20 06:39:05,121.439433,31.275283, 49,165,2
11906,2007-02-20 06:43:24,121.439433,31.275283, 49,165,2
11906,2007-02-20 06:46:34,121.439433,31.275283, 49,165,2
11906,2007-02-20 06:47:44,121.439433,31.275283, 49,165,2
11906,2007-02-20 06:50:53,121.439433,31.275283, 49,165,2
11906,2007-02-20 06:52:11,121.439433,31.275283, 49,165,2
11906,2007-02-20 06:55:29,121.439433,31.275283, 49,165,2
11906,2007-02-20 06:56:56,121.439433,31.275283, 49,165,2
11906,2007-02-20 06:57:59,121.439433,31.275283, 49,165,2
11906,2007-02-20 06:59:02,121.439433,31.275283, 49,165,2
11906,2007-02-20 07:00:05,121.439433,31.275283, 49,165,2
11906,2007-02-20 07:01:08,121.439433,31.275283, 49,165,2
11906,2007-02-20 07:03:14,121.439433,31.275283, 49,165,2
11906,2007-02-20 07:04:17,121.439433,31.275283, 49,165,2
11906,2007-02-20 07:05:20,121.439433,31.275283, 49,165,2
11906,2007-02-20 07:06:23,121.439433,31.275283, 49,165,2
11906,2007-02-20 07:07:26,121.439433,31.275283, 49,165,2
11906,2007-02-20 07:08:29,121.439433,31.275283, 49,165,2
11906,2007-02-20 07:09:32,121.439433,31.275283, 49,165,2
11906,2007-02-20 07:10:35,121.439433,31.275283, 49,165,2
11906,2007-02-20 07:11:38,121.439433,31.275283, 49,165,2
11906,2007-02-20 07:12:41,121.439433,31.275283, 49,165,2
11906,2007-02-20 07:13:44,121.439433,31.275283, 49,165,2
11906,2007-02-20 07:14:47,121.439433,31.275283, 49,165,2
11906,2007-02-20 07:15:50,121.439433,31.275283, 49,165,2
11906,2007-02-20 07:16:53,121.439433,31.275283, 49,165,2
11906,2007-02-20 07:17:56,121.439433,31.275283, 49,165,2
11906,2007-02-20 07:18:59,121.439433,31.275283, 49,165,2
11906,2007-02-20 07:20:02,121.439433,31.275283, 49,165,2
11906,2007-02-20 07:21:05,121.439433,31.275283, 49,165,2
11906,2007-02-20 07:22:08,121.439433,31.275283, 49,165,2
11906,2007-02-20 07:23:11,121.439433,31.275283, 49,165,2
11906,2007-02-20 07:24:14,121.439433,31.275283, 49,165,2
11906,2007-02-20 07:25:17,121.439433,31.275283, 49,165,2
11906,2007-02-20 07:26:20,121.439433,31.275283, 49,165,2
11906,2007-02-20 07:27:23,121.439433,31.275283, 49,165,2
11906,2007-02-20 07:28:26,121.439433,31.275283, 49,165,2
11906,2007-02-20 07:29:29,121.439433,31.275283, 49,165,2
11906,2007-02-20 07:30:32,121.439433,31.275283, 49,165,2
11906,2007-02-20 07:31:35,121.439433,31.275283, 49,165,2
11906,2007-02-20 07:32:38,121.439433,31.275283, 49,165,2
11906,2007-02-20 07:33:41,121.439433,31.275283, 49,165,2
11906,2007-02-20 07:34:44,121.439433,31.275283, 49,165,2
11906,2007-02-20 07:35:47,121.439433,31.275283, 49,165,2
11906,2007-02-20 07:36:50,121.439433,31.275283, 49,165,2
11906,2007-02-20 07:37:53,121.439433,31.275283, 49,165,2
11906,2007-02-20 07:38:56,121.439433,31.275283, 49,165,2
11906,2007-02-20 07:39:59,121.439433,31.275283, 49,165,2
11906,2007-02-20 07:41:03,121.439433,31.275283, 49,165,2
11906,2007-02-20 07:42:06,121.439433,31.275283, 49,165,2
11906,2007-02-20 07:43:09,121.439433,31.275283, 49,165,2
11906,2007-02-20 07:44:12,121.439433,31.275283, 49,165,2
11906,2007-02-20 07:45:15,121.439433,31.275283, 49,165,2
11906,2007-02-20 07:46:18,121.439433,31.275283, 49,165,2
11906,2007-02-20 07:47:21,121.439433,31.275283, 49,165,2
11906,2007-02-20 07:48:24,121.439433,31.275283, 49,165,2
11906,2007-02-20 07:49:27,121.439433,31.275283, 49,165,2
11906,2007-02-20 07:50:30,121.439433,31.275283, 49,165,2
11906,2007-02-20 07:51:33,121.439433,31.275283, 49,165,2
11906,2007-02-20 07:52:36,121.439433,31.275283, 49,165,2
11906,2007-02-20 07:53:39,121.439433,31.275283, 49,165,2
11906,2007-02-20 07:54:42,121.439433,31.275283, 49,165,2
11906,2007-02-20 07:55:45,121.439433,31.275283, 49,165,2
11906,2007-02-20 07:56:48,121.439433,31.275283, 49,165,2
11906,2007-02-20 07:57:51,121.439433,31.275283, 49,165,2
11906,2007-02-20 07:58:54,121.439433,31.275283, 49,165,2
11906,2007-02-20 07:59:57,121.439433,31.275283, 49,165,2
11906,2007-02-20 08:01:00,121.439433,31.275283, 49,165,2
11906,2007-02-20 08:02:03,121.439433,31.275283, 49,165,2
11906,2007-02-20 08:03:06,121.439433,31.275283, 49,165,2
11906,2007-02-20 08:04:09,121.439433,31.275283, 49,165,2
11906,2007-02-20 08:06:15,121.439433,31.275283, 49,165,2
11906,2007-02-20 08:07:18,121.439433,31.275283, 49,165,2
11906,2007-02-20 08:08:21,121.439433,31.275283, 49,165,2
11906,2007-02-20 08:09:24,121.439433,31.275283, 49,165,2
11906,2007-02-20 08:10:27,121.439433,31.275283, 49,165,2
11906,2007-02-20 08:11:30,121.439433,31.275283, 49,165,2
11906,2007-02-20 08:12:33,121.439433,31.275283, 49,165,2
11906,2007-02-20 08:13:36,121.439433,31.275283, 49,165,2
11906,2007-02-20 08:14:39,121.439433,31.275283, 49,165,2
11906,2007-02-20 08:15:42,121.439433,31.275283, 49,165,2
11906,2007-02-20 08:16:45,121.439433,31.275283, 49,165,2
11906,2007-02-20 08:17:48,121.439433,31.275283, 49,165,2
11906,2007-02-20 08:18:51,121.439433,31.275283, 49,165,2
11906,2007-02-20 08:19:54,121.439433,31.275283, 49,165,2
11906,2007-02-20 08:20:57,121.439433,31.275283, 49,165,2
11906,2007-02-20 08:22:00,121.439433,31.275283, 49,165,2
11906,2007-02-20 08:23:03,121.439433,31.275283, 49,165,2
11906,2007-02-20 08:24:06,121.439433,31.275283, 49,165,2
11906,2007-02-20 08:25:09,121.439433,31.275283, 49,165,2
11906,2007-02-20 08:26:13,121.439433,31.275283, 49,165,2
11906,2007-02-20 08:27:16,121.439433,31.275283, 49,165,2
11906,2007-02-20 08:28:19,121.439433,31.275283, 49,165,2
11906,2007-02-20 08:29:22,121.439433,31.275283, 49,165,2
11906,2007-02-20 08:30:25,121.439433,31.275283, 49,165,2
11906,2007-02-20 08:31:28,121.439433,31.275283, 49,165,2
11906,2007-02-20 08:32:31,121.439433,31.275283, 49,165,2
11906,2007-02-20 08:33:34,121.439433,31.275283, 49,165,2
11906,2007-02-20 08:35:40,121.439433,31.275283, 49,165,2
11906,2007-02-20 08:36:43,121.439433,31.275283, 49,165,2
11906,2007-02-20 08:37:46,121.439433,31.275283, 49,165,2
11906,2007-02-20 08:38:49,121.439433,31.275283, 49,165,2
11906,2007-02-20 08:39:52,121.439433,31.275283, 49,165,2
11906,2007-02-20 08:40:55,121.439433,31.275283, 49,165,2
11906,2007-02-20 08:41:58,121.439433,31.275283, 49,165,2
11906,2007-02-20 08:43:01,121.439433,31.275283, 49,165,2
11906,2007-02-20 08:44:04,121.439433,31.275283, 49,165,2
11906,2007-02-20 08:45:07,121.439433,31.275283, 49,165,2
11906,2007-02-20 08:46:10,121.439433,31.275283, 49,165,2
11906,2007-02-20 08:47:13,121.439433,31.275283, 49,165,2
11906,2007-02-20 08:48:16,121.439433,31.275283, 49,165,2
11906,2007-02-20 08:49:19,121.439433,31.275283, 49,165,2
11906,2007-02-20 08:50:22,121.439433,31.275283, 49,165,2
11906,2007-02-20 08:51:25,121.439433,31.275283, 49,165,2
11906,2007-02-20 08:52:28,121.439433,31.275283, 49,165,2
11906,2007-02-20 08:53:31,121.439433,31.275283, 49,165,2
11906,2007-02-20 08:54:34,121.439433,31.275283, 49,165,2
11906,2007-02-20 08:55:37,121.439433,31.275283, 49,165,2
11906,2007-02-20 08:56:40,121.439433,31.275283, 49,165,2
11906,2007-02-20 08:57:43,121.439433,31.275283, 49,165,2
11906,2007-02-20 08:58:46,121.439433,31.275283, 49,165,2
11906,2007-02-20 08:59:49,121.439433,31.275283, 49,165,2
11906,2007-02-20 09:00:52,121.439433,31.275283, 49,165,2
11906,2007-02-20 09:01:55,121.439433,31.275283, 49,165,2
11906,2007-02-20 09:02:58,121.439433,31.275283, 49,165,2
11906,2007-02-20 09:04:01,121.439433,31.275283, 49,165,2
11906,2007-02-20 09:05:04,121.439433,31.275283, 49,165,2
11906,2007-02-20 09:06:07,121.439433,31.275283, 49,165,2
11906,2007-02-20 09:07:10,121.439433,31.275283, 49,165,2
11906,2007-02-20 09:08:13,121.439433,31.275283, 49,165,2
11906,2007-02-20 09:09:16,121.439433,31.275283, 49,165,2
11906,2007-02-20 09:10:19,121.439433,31.275283, 49,165,2
11906,2007-02-20 09:11:23,121.439433,31.275283, 49,165,2
11906,2007-02-20 09:12:26,121.439433,31.275283, 49,165,2
11906,2007-02-20 09:13:29,121.439433,31.275283, 49,165,2
11906,2007-02-20 09:14:32,121.439433,31.275283, 49,165,2
11906,2007-02-20 09:15:35,121.439433,31.275283, 49,165,2
11906,2007-02-20 09:16:38,121.439433,31.275283, 49,165,2
11906,2007-02-20 09:17:41,121.439433,31.275283, 49,165,2
11906,2007-02-20 09:18:44,121.439433,31.275283, 49,165,2
11906,2007-02-20 09:19:47,121.439433,31.275283, 49,165,2
11906,2007-02-20 09:20:50,121.439433,31.275283, 49,165,2
11906,2007-02-20 09:21:53,121.439433,31.275283, 49,165,2
11906,2007-02-20 09:22:56,121.439433,31.275283, 49,165,2
11906,2007-02-20 09:23:59,121.439433,31.275283, 49,165,2
11906,2007-02-20 09:25:02,121.439433,31.275283, 49,165,2
11906,2007-02-20 09:26:05,121.439433,31.275283, 49,165,2
11906,2007-02-20 09:27:08,121.439433,31.275283, 49,165,2
11906,2007-02-20 09:28:11,121.439433,31.275283, 49,165,2
11906,2007-02-20 09:29:14,121.439433,31.275283, 49,165,2
11906,2007-02-20 09:30:17,121.439433,31.275283, 49,165,2
11906,2007-02-20 09:31:20,121.439433,31.275283, 49,165,2
11906,2007-02-20 09:32:23,121.439433,31.275283, 49,165,2
11906,2007-02-20 09:33:26,121.439433,31.275283, 49,165,2
11906,2007-02-20 09:34:29,121.439433,31.275283, 49,165,2
11906,2007-02-20 09:35:32,121.439433,31.275283, 49,165,2
11906,2007-02-20 09:36:35,121.439433,31.275283, 49,165,2
11906,2007-02-20 09:37:38,121.439433,31.275283, 49,165,2
11906,2007-02-20 09:38:41,121.439433,31.275283, 49,165,2
11906,2007-02-20 09:39:44,121.439433,31.275283, 49,165,2
11906,2007-02-20 09:40:47,121.439433,31.275283, 49,165,2
11906,2007-02-20 09:41:50,121.439433,31.275283, 49,165,2
11906,2007-02-20 09:42:53,121.439433,31.275283, 49,165,2
11906,2007-02-20 09:43:56,121.439433,31.275283, 49,165,2
11906,2007-02-20 09:44:59,121.439433,31.275283, 49,165,2
11906,2007-02-20 09:46:02,121.439433,31.275283, 49,165,2
11906,2007-02-20 09:47:05,121.439433,31.275283, 49,165,2
11906,2007-02-20 09:48:08,121.439433,31.275283, 49,165,2
11906,2007-02-20 09:50:14,121.439433,31.275283, 49,165,2
11906,2007-02-20 09:51:17,121.439433,31.275283, 49,165,2
11906,2007-02-20 09:52:20,121.439433,31.275283, 49,165,2
11906,2007-02-20 09:53:23,121.439433,31.275283, 49,165,2
11906,2007-02-20 09:54:26,121.439433,31.275283, 49,165,2
11906,2007-02-20 09:55:29,121.439433,31.275283, 49,165,2
11906,2007-02-20 09:56:32,121.439433,31.275283, 49,165,2
11906,2007-02-20 09:57:35,121.439433,31.275283, 49,165,2
11906,2007-02-20 09:58:38,121.439433,31.275283, 49,165,2
11906,2007-02-20 09:59:41,121.439433,31.275283, 49,165,2
11906,2007-02-20 10:00:45,121.439433,31.275283, 49,165,2
11906,2007-02-20 10:01:48,121.439433,31.275283, 49,165,2
11906,2007-02-20 10:02:51,121.439433,31.275283, 49,165,2
11906,2007-02-20 10:03:54,121.439433,31.275283, 49,165,2
11906,2007-02-20 10:04:57,121.439433,31.275283, 49,165,2
11906,2007-02-20 10:06:00,121.439433,31.275283, 49,165,2
11906,2007-02-20 10:07:03,121.439433,31.275283, 49,165,2
11906,2007-02-20 10:08:06,121.439433,31.275283, 49,165,2
11906,2007-02-20 10:09:09,121.439433,31.275283, 49,165,2
11906,2007-02-20 10:10:12,121.439433,31.275283, 49,165,2
11906,2007-02-20 10:11:15,121.439433,31.275283, 49,165,2
11906,2007-02-20 10:12:18,121.439433,31.275283, 49,165,2
11906,2007-02-20 10:13:21,121.439433,31.275283, 49,165,2
11906,2007-02-20 10:14:24,121.439433,31.275283, 49,165,2
11906,2007-02-20 10:15:27,121.439433,31.275283, 49,165,2
11906,2007-02-20 10:16:30,121.439433,31.275283, 49,165,2
11906,2007-02-20 10:17:33,121.439433,31.275283, 49,165,2
11906,2007-02-20 10:18:36,121.439433,31.275283, 49,165,2
11906,2007-02-20 10:19:39,121.439433,31.275283, 49,165,2
11906,2007-02-20 10:20:42,121.439433,31.275283, 49,165,2
11906,2007-02-20 10:21:45,121.439433,31.275283, 49,165,2
11906,2007-02-20 10:22:48,121.439433,31.275283, 49,165,2
11906,2007-02-20 10:23:51,121.439433,31.275283, 49,165,2
11906,2007-02-20 10:24:54,121.439433,31.275283, 49,165,2
11906,2007-02-20 10:25:57,121.439433,31.275283, 49,165,2
11906,2007-02-20 10:27:00,121.439433,31.275283, 49,165,2
11906,2007-02-20 10:28:03,121.439433,31.275283, 49,165,2
11906,2007-02-20 10:29:06,121.439433,31.275283, 49,165,2
11906,2007-02-20 10:30:09,121.439433,31.275283, 49,165,2
11906,2007-02-20 10:31:12,121.439433,31.275283, 49,165,2
11906,2007-02-20 10:32:15,121.439433,31.275283, 49,165,2
11906,2007-02-20 10:33:18,121.439433,31.275283, 49,165,2
11906,2007-02-20 10:34:21,121.439433,31.275283, 49,165,2
11906,2007-02-20 10:36:27,121.439433,31.275283, 49,165,2
11906,2007-02-20 10:37:30,121.439433,31.275283, 49,165,2
11906,2007-02-20 10:38:33,121.439433,31.275283, 49,165,2
11906,2007-02-20 10:39:36,121.439433,31.275283, 49,165,2
11906,2007-02-20 10:40:39,121.439433,31.275283, 49,165,2
11906,2007-02-20 10:41:43,121.439433,31.275283, 49,165,2
11906,2007-02-20 10:42:46,121.439433,31.275283, 49,165,2
11906,2007-02-20 10:43:49,121.439433,31.275283, 49,165,2
11906,2007-02-20 10:44:52,121.439433,31.275283, 49,165,2
11906,2007-02-20 10:45:55,121.439433,31.275283, 49,165,2
11906,2007-02-20 10:46:58,121.439433,31.275283, 49,165,2
11906,2007-02-20 10:48:01,121.439433,31.275283, 49,165,2
11906,2007-02-20 10:49:04,121.439433,31.275283, 49,165,2
11906,2007-02-20 10:50:07,121.439433,31.275283, 49,165,2
11906,2007-02-20 10:51:10,121.439433,31.275283, 49,165,2
11906,2007-02-20 10:52:13,121.439433,31.275283, 49,165,2
11906,2007-02-20 10:53:16,121.439433,31.275283, 49,165,2
11906,2007-02-20 10:54:19,121.439433,31.275283, 49,165,2
11906,2007-02-20 10:55:22,121.439433,31.275283, 49,165,2
11906,2007-02-20 10:56:25,121.439433,31.275283, 49,165,2
11906,2007-02-20 10:57:28,121.439433,31.275283, 49,165,2
11906,2007-02-20 10:58:31,121.439433,31.275283, 49,165,2
11906,2007-02-20 10:59:34,121.439433,31.275283, 49,165,2
11906,2007-02-20 11:00:37,121.439433,31.275283, 49,165,2
11906,2007-02-20 11:01:40,121.439433,31.275283, 49,165,2
11906,2007-02-20 11:02:43,121.439433,31.275283, 49,165,2
11906,2007-02-20 11:03:46,121.439433,31.275283, 49,165,2
11906,2007-02-20 11:04:49,121.439433,31.275283, 49,165,2
11906,2007-02-20 11:05:52,121.439433,31.275283, 49,165,2
11906,2007-02-20 11:06:55,121.439433,31.275283, 49,165,2
11906,2007-02-20 11:07:58,121.439433,31.275283, 49,165,2
11906,2007-02-20 11:09:01,121.439433,31.275283, 49,165,2
11906,2007-02-20 11:10:04,121.439433,31.275283, 49,165,2
11906,2007-02-20 11:11:07,121.439433,31.275283, 49,165,2
11906,2007-02-20 11:12:10,121.439433,31.275283, 49,165,2
11906,2007-02-20 11:13:13,121.439433,31.275283, 49,165,2
11906,2007-02-20 11:14:16,121.439433,31.275283, 49,165,2
11906,2007-02-20 11:15:19,121.439433,31.275283, 49,165,2
11906,2007-02-20 11:16:22,121.439433,31.275283, 49,165,2
11906,2007-02-20 11:17:25,121.439433,31.275283, 49,165,2
11906,2007-02-20 11:18:28,121.439433,31.275283, 49,165,2
11906,2007-02-20 11:19:31,121.439433,31.275283, 49,165,2
11906,2007-02-20 11:20:34,121.439433,31.275283, 49,165,2
11906,2007-02-20 11:21:37,121.439433,31.275283, 49,165,2
11906,2007-02-20 11:22:40,121.439433,31.275283, 49,165,2
11906,2007-02-20 11:23:43,121.439433,31.275283, 49,165,2
11906,2007-02-20 11:24:46,121.439433,31.275283, 49,165,2
11906,2007-02-20 11:25:49,121.439433,31.275283, 49,165,2
11906,2007-02-20 11:26:52,121.439433,31.275283, 49,165,2
11906,2007-02-20 11:27:55,121.439433,31.275283, 49,165,2
11906,2007-02-20 11:28:58,121.439433,31.275283, 49,165,2
11906,2007-02-20 11:30:01,121.439433,31.275283, 49,165,2
11906,2007-02-20 11:31:04,121.439433,31.275283, 49,165,2
11906,2007-02-20 11:32:07,121.439433,31.275283, 49,165,2
11906,2007-02-20 11:33:10,121.439433,31.275283, 49,165,2
11906,2007-02-20 11:34:13,121.439433,31.275283, 49,165,2
11906,2007-02-20 11:35:17,121.439433,31.275283, 49,165,2
11906,2007-02-20 11:36:20,121.439433,31.275283, 49,165,2
11906,2007-02-20 11:37:23,121.439433,31.275283, 49,165,2
11906,2007-02-20 11:38:26,121.439433,31.275283, 49,165,2
11906,2007-02-20 11:39:29,121.439433,31.275283, 49,165,2
11906,2007-02-20 11:40:32,121.439433,31.275283, 49,165,2
11906,2007-02-20 11:41:35,121.439433,31.275283, 49,165,2
11906,2007-02-20 11:42:38,121.439433,31.275283, 49,165,2
11906,2007-02-20 11:43:41,121.439433,31.275283, 49,165,2
11906,2007-02-20 11:44:44,121.439433,31.275283, 49,165,2
11906,2007-02-20 11:45:47,121.439433,31.275283, 49,165,2
11906,2007-02-20 11:46:50,121.439433,31.275283, 49,165,2
11906,2007-02-20 11:47:53,121.439433,31.275283, 49,165,2
11906,2007-02-20 11:48:56,121.439433,31.275283, 49,165,2
11906,2007-02-20 11:49:59,121.439433,31.275283, 49,165,2
11906,2007-02-20 11:51:02,121.439433,31.275283, 49,165,2
11906,2007-02-20 11:52:05,121.439433,31.275283, 49,165,2
11906,2007-02-20 11:53:08,121.439433,31.275283, 49,165,2
11906,2007-02-20 11:54:11,121.439433,31.275283, 49,165,2
11906,2007-02-20 11:55:14,121.439433,31.275283, 49,165,2
11906,2007-02-20 11:56:17,121.439433,31.275283, 49,165,2
11906,2007-02-20 11:57:20,121.439433,31.275283, 49,165,2
11906,2007-02-20 11:58:23,121.439433,31.275283, 49,165,2
11906,2007-02-20 11:59:26,121.439433,31.275283, 49,165,2
11906,2007-02-20 12:00:29,121.439433,31.275283, 49,165,2
11906,2007-02-20 12:01:32,121.439433,31.275283, 49,165,2
11906,2007-02-20 12:02:35,121.439433,31.275283, 49,165,2
11906,2007-02-20 12:03:38,121.439433,31.275283, 49,165,2
11906,2007-02-20 12:04:41,121.439433,31.275283, 49,165,2
11906,2007-02-20 12:05:44,121.439433,31.275283, 49,165,2
11906,2007-02-20 12:06:47,121.439433,31.275283, 49,165,2
11906,2007-02-20 12:08:53,121.439433,31.275283, 49,165,2
11906,2007-02-20 12:09:56,121.439433,31.275283, 49,165,2
11906,2007-02-20 12:10:59,121.439433,31.275283, 49,165,2
11906,2007-02-20 12:12:02,121.439433,31.275283, 49,165,2
11906,2007-02-20 12:13:05,121.439433,31.275283, 49,165,2
11906,2007-02-20 12:14:08,121.439433,31.275283, 49,165,2
11906,2007-02-20 12:15:11,121.439433,31.275283, 49,165,2
11906,2007-02-20 12:16:14,121.439433,31.275283, 49,165,2
11906,2007-02-20 12:17:17,121.439433,31.275283, 49,165,2
11906,2007-02-20 12:18:20,121.439433,31.275283, 49,165,2
11906,2007-02-20 12:19:23,121.439433,31.275283, 49,165,2
11906,2007-02-20 12:20:26,121.439433,31.275283, 49,165,2
11906,2007-02-20 12:21:29,121.439433,31.275283, 49,165,2
11906,2007-02-20 12:22:32,121.439433,31.275283, 49,165,2
11906,2007-02-20 12:23:35,121.439433,31.275283, 49,165,2
11906,2007-02-20 12:24:39,121.439433,31.275283, 49,165,2
11906,2007-02-20 12:25:42,121.439433,31.275283, 49,165,2
11906,2007-02-20 12:26:45,121.439433,31.275283, 49,165,2
11906,2007-02-20 12:27:48,121.439433,31.275283, 49,165,2
11906,2007-02-20 12:28:51,121.439433,31.275283, 49,165,2
11906,2007-02-20 12:29:54,121.439433,31.275283, 49,165,2
11906,2007-02-20 12:30:57,121.439433,31.275283, 49,165,2
11906,2007-02-20 12:32:00,121.439433,31.275283, 49,165,2
11906,2007-02-20 12:33:03,121.439433,31.275283, 49,165,2
11906,2007-02-20 12:34:06,121.439433,31.275283, 49,165,2
11906,2007-02-20 12:35:09,121.439433,31.275283, 49,165,2
11906,2007-02-20 12:36:12,121.439433,31.275283, 49,165,2
11906,2007-02-20 12:37:15,121.439433,31.275283, 49,165,2
11906,2007-02-20 12:38:18,121.439433,31.275283, 49,165,2
11906,2007-02-20 12:39:21,121.439433,31.275283, 49,165,2
11906,2007-02-20 12:40:24,121.439433,31.275283, 49,165,2
11906,2007-02-20 12:41:27,121.439433,31.275283, 49,165,2
11906,2007-02-20 12:42:30,121.439433,31.275283, 49,165,2
11906,2007-02-20 12:43:33,121.439433,31.275283, 49,165,2
11906,2007-02-20 12:44:36,121.439433,31.275283, 49,165,2
11906,2007-02-20 12:45:39,121.439433,31.275283, 49,165,2
11906,2007-02-20 12:46:42,121.439433,31.275283, 49,165,2
11906,2007-02-20 12:47:45,121.439433,31.275283, 49,165,2
11906,2007-02-20 12:48:48,121.439433,31.275283, 49,165,2
11906,2007-02-20 12:49:51,121.439433,31.275283, 49,165,2
11906,2007-02-20 12:50:54,121.439433,31.275283, 49,165,2
11906,2007-02-20 12:51:57,121.439433,31.275283, 49,165,2
11906,2007-02-20 12:53:00,121.439433,31.275283, 49,165,2
11906,2007-02-20 12:54:03,121.439433,31.275283, 49,165,2
11906,2007-02-20 12:56:09,121.439433,31.275283, 49,165,2
11906,2007-02-20 12:57:12,121.439433,31.275283, 49,165,2
11906,2007-02-20 12:58:15,121.439433,31.275283, 49,165,2
11906,2007-02-20 12:59:18,121.439433,31.275283, 49,165,2
11906,2007-02-20 13:00:21,121.439433,31.275283, 49,165,2
11906,2007-02-20 13:01:24,121.439433,31.275283, 49,165,2
11906,2007-02-20 13:02:27,121.439433,31.275283, 49,165,2
11906,2007-02-20 13:03:30,121.439433,31.275283, 49,165,2
11906,2007-02-20 13:04:33,121.439433,31.275283, 49,165,2
11906,2007-02-20 13:05:36,121.439433,31.275283, 49,165,2
11906,2007-02-20 13:06:39,121.439433,31.275283, 49,165,2
11906,2007-02-20 13:07:42,121.439433,31.275283, 49,165,2
11906,2007-02-20 13:08:45,121.439433,31.275283, 49,165,2
11906,2007-02-20 13:09:49,121.439433,31.275283, 49,165,2
11906,2007-02-20 13:10:52,121.439433,31.275283, 49,165,2
11906,2007-02-20 13:11:55,121.439433,31.275283, 49,165,2
11906,2007-02-20 13:12:58,121.439433,31.275283, 49,165,2
11906,2007-02-20 13:14:01,121.439433,31.275283, 49,165,2
11906,2007-02-20 13:15:04,121.439433,31.275283, 49,165,2
11906,2007-02-20 13:16:07,121.439433,31.275283, 49,165,2
11906,2007-02-20 13:17:10,121.439433,31.275283, 49,165,2
11906,2007-02-20 13:18:13,121.439433,31.275283, 49,165,2
11906,2007-02-20 13:19:16,121.439433,31.275283, 49,165,2
11906,2007-02-20 13:20:19,121.439433,31.275283, 49,165,2
11906,2007-02-20 13:21:22,121.439433,31.275283, 49,165,2
11906,2007-02-20 13:22:25,121.439433,31.275283, 49,165,2
11906,2007-02-20 13:23:28,121.439433,31.275283, 49,165,2
11906,2007-02-20 13:24:31,121.439433,31.275283, 49,165,2
11906,2007-02-20 13:25:34,121.439433,31.275283, 49,165,2
11906,2007-02-20 13:26:37,121.439433,31.275283, 49,165,2
11906,2007-02-20 13:27:40,121.439433,31.275283, 49,165,2
11906,2007-02-20 13:29:46,121.439433,31.275283, 49,165,2
11906,2007-02-20 13:30:49,121.439433,31.275283, 49,165,2
11906,2007-02-20 13:31:52,121.439433,31.275283, 49,165,2
11906,2007-02-20 13:32:55,121.439433,31.275283, 49,165,2
11906,2007-02-20 13:33:58,121.439433,31.275283, 49,165,2
11906,2007-02-20 13:35:01,121.439433,31.275283, 49,165,2
11906,2007-02-20 13:36:04,121.439433,31.275283, 49,165,2
11906,2007-02-20 13:37:07,121.439433,31.275283, 49,165,2
11906,2007-02-20 13:38:10,121.439433,31.275283, 49,165,2
11906,2007-02-20 13:39:13,121.439433,31.275283, 49,165,2
11906,2007-02-20 13:40:16,121.439433,31.275283, 49,165,2
11906,2007-02-20 13:41:19,121.439433,31.275283, 49,165,2
11906,2007-02-20 13:43:25,121.439433,31.275283, 49,165,2
11906,2007-02-20 13:44:28,121.439433,31.275283, 49,165,2
11906,2007-02-20 13:45:31,121.439433,31.275283, 49,165,2
11906,2007-02-20 13:46:34,121.439433,31.275283, 49,165,2
11906,2007-02-20 13:47:37,121.439433,31.275283, 49,165,2
11906,2007-02-20 13:48:40,121.439433,31.275283, 49,165,2
11906,2007-02-20 13:49:43,121.439433,31.275283, 49,165,2
11906,2007-02-20 13:50:46,121.439433,31.275283, 49,165,2
11906,2007-02-20 13:51:49,121.439433,31.275283, 49,165,2
11906,2007-02-20 13:52:52,121.439433,31.275283, 49,165,2
11906,2007-02-20 13:53:55,121.439433,31.275283, 49,165,2
11906,2007-02-20 13:54:58,121.439433,31.275283, 49,165,2
11906,2007-02-20 13:56:01,121.439433,31.275283, 49,165,2
11906,2007-02-20 13:58:07,121.439433,31.275283, 49,165,2
11906,2007-02-20 13:59:10,121.439433,31.275283, 49,165,2
11906,2007-02-20 14:00:14,121.439433,31.275283, 49,165,2
11906,2007-02-20 14:01:17,121.439433,31.275283, 49,165,2
11906,2007-02-20 14:02:20,121.439433,31.275283, 49,165,2
11906,2007-02-20 14:03:23,121.439433,31.275283, 49,165,2
11906,2007-02-20 14:04:26,121.439433,31.275283, 49,165,2
11906,2007-02-20 14:05:29,121.439433,31.275283, 49,165,2
11906,2007-02-20 14:06:32,121.439433,31.275283, 49,165,2
11906,2007-02-20 14:07:35,121.439433,31.275283, 49,165,2
11906,2007-02-20 14:08:38,121.439433,31.275283, 49,165,2
11906,2007-02-20 14:09:41,121.439433,31.275283, 49,165,2
11906,2007-02-20 14:10:44,121.439433,31.275283, 49,165,2
11906,2007-02-20 14:11:47,121.439433,31.275283, 49,165,2
11906,2007-02-20 14:12:50,121.439433,31.275283, 49,165,2
11906,2007-02-20 14:14:56,121.439433,31.275283, 49,165,2
11906,2007-02-20 14:15:59,121.439433,31.275283, 49,165,2
11906,2007-02-20 14:17:02,121.439433,31.275283, 49,165,2
11906,2007-02-20 14:18:05,121.439433,31.275283, 49,165,2
11906,2007-02-20 14:19:08,121.439433,31.275283, 49,165,2
11906,2007-02-20 14:20:11,121.439433,31.275283, 49,165,2
11906,2007-02-20 14:21:14,121.439433,31.275283, 49,165,2
11906,2007-02-20 14:22:17,121.439433,31.275283, 49,165,2
11906,2007-02-20 14:23:20,121.439433,31.275283, 49,165,2
11906,2007-02-20 14:24:23,121.439433,31.275283, 49,165,2
11906,2007-02-20 14:25:26,121.439433,31.275283, 49,165,2
11906,2007-02-20 14:26:29,121.439433,31.275283, 49,165,2
11906,2007-02-20 14:27:32,121.439433,31.275283, 49,165,2
11906,2007-02-20 14:28:35,121.439433,31.275283, 49,165,2
11906,2007-02-20 14:29:38,121.439433,31.275283, 49,165,2
11906,2007-02-20 14:30:41,121.439433,31.275283, 49,165,2
11906,2007-02-20 14:31:44,121.439433,31.275283, 49,165,2
11906,2007-02-20 14:32:47,121.439433,31.275283, 49,165,2
11906,2007-02-20 14:33:50,121.439433,31.275283, 49,165,2
11906,2007-02-20 14:34:53,121.439433,31.275283, 49,165,2
11906,2007-02-20 14:35:56,121.439433,31.275283, 49,165,2
11906,2007-02-20 14:36:59,121.439433,31.275283, 49,165,2
11906,2007-02-20 14:38:02,121.439433,31.275283, 49,165,2
11906,2007-02-20 14:39:05,121.439433,31.275283, 49,165,2
11906,2007-02-20 14:40:08,121.439433,31.275283, 49,165,2
11906,2007-02-20 14:41:11,121.439433,31.275283, 49,165,2
11906,2007-02-20 14:42:14,121.439433,31.275283, 49,165,2
11906,2007-02-20 14:43:17,121.439433,31.275283, 49,165,2
11906,2007-02-20 14:44:20,121.439433,31.275283, 49,165,2
11906,2007-02-20 14:45:24,121.439433,31.275283, 49,165,2
11906,2007-02-20 14:46:27,121.439433,31.275283, 49,165,2
11906,2007-02-20 14:47:30,121.439433,31.275283, 49,165,2
11906,2007-02-20 14:48:33,121.439433,31.275283, 49,165,2
11906,2007-02-20 14:49:36,121.439433,31.275283, 49,165,2
11906,2007-02-20 14:50:39,121.439433,31.275283, 49,165,2
11906,2007-02-20 14:51:42,121.439433,31.275283, 49,165,2
11906,2007-02-20 14:52:45,121.439433,31.275283, 49,165,2
11906,2007-02-20 14:53:48,121.439433,31.275283, 49,165,2
11906,2007-02-20 14:54:51,121.439433,31.275283, 49,165,2
11906,2007-02-20 14:55:54,121.439433,31.275283, 49,165,2
11906,2007-02-20 14:56:57,121.439433,31.275283, 49,165,2
11906,2007-02-20 14:58:00,121.439433,31.275283, 49,165,2
11906,2007-02-20 14:59:03,121.439433,31.275283, 49,165,2
11906,2007-02-20 15:00:06,121.439433,31.275283, 49,165,2
11906,2007-02-20 15:01:09,121.439433,31.275283, 49,165,2
11906,2007-02-20 15:02:12,121.439433,31.275283, 49,165,2
11906,2007-02-20 15:03:15,121.439433,31.275283, 49,165,2
11906,2007-02-20 15:04:18,121.439433,31.275283, 49,165,2
11906,2007-02-20 15:05:21,121.439433,31.275283, 49,165,2
11906,2007-02-20 15:06:24,121.439433,31.275283, 49,165,2
11906,2007-02-20 15:07:27,121.439433,31.275283, 49,165,2
11906,2007-02-20 15:08:30,121.439433,31.275283, 49,165,2
11906,2007-02-20 15:09:33,121.439433,31.275283, 49,165,2
11906,2007-02-20 15:10:36,121.439433,31.275283, 49,165,2
11906,2007-02-20 15:12:42,121.439433,31.275283, 49,165,2
11906,2007-02-20 15:13:45,121.439433,31.275283, 49,165,2
11906,2007-02-20 15:14:48,121.439433,31.275283, 49,165,2
11906,2007-02-20 15:15:51,121.439433,31.275283, 49,165,2
11906,2007-02-20 15:16:54,121.439433,31.275283, 49,165,2
11906,2007-02-20 15:17:57,121.439433,31.275283, 49,165,2
11906,2007-02-20 15:19:00,121.439433,31.275283, 49,165,2
11906,2007-02-20 15:20:03,121.439433,31.275283, 49,165,2
11906,2007-02-20 15:21:06,121.439433,31.275283, 49,165,2
11906,2007-02-20 15:22:09,121.439433,31.275283, 49,165,2
11906,2007-02-20 15:23:12,121.439433,31.275283, 49,165,2
11906,2007-02-20 15:24:15,121.439433,31.275283, 49,165,2
11906,2007-02-20 15:25:19,121.439433,31.275283, 49,165,2
11906,2007-02-20 15:26:22,121.439433,31.275283, 49,165,2
11906,2007-02-20 15:27:25,121.439433,31.275283, 49,165,2
11906,2007-02-20 15:28:28,121.439433,31.275283, 49,165,2
11906,2007-02-20 15:29:31,121.439433,31.275283, 49,165,2
11906,2007-02-20 15:30:34,121.439433,31.275283, 49,165,2
11906,2007-02-20 15:31:37,121.439433,31.275283, 49,165,2
11906,2007-02-20 15:32:40,121.439433,31.275283, 49,165,2
11906,2007-02-20 15:33:43,121.439433,31.275283, 49,165,2
11906,2007-02-20 15:34:46,121.439433,31.275283, 49,165,2
11906,2007-02-20 15:35:49,121.439433,31.275283, 49,165,2
11906,2007-02-20 15:36:52,121.439433,31.275283, 49,165,2
11906,2007-02-20 15:37:55,121.439433,31.275283, 49,165,2
11906,2007-02-20 15:38:58,121.439433,31.275283, 49,165,2
11906,2007-02-20 15:40:01,121.439433,31.275283, 49,165,2
11906,2007-02-20 15:41:04,121.439433,31.275283, 49,165,2
11906,2007-02-20 15:42:07,121.439433,31.275283, 49,165,2
11906,2007-02-20 15:43:10,121.439433,31.275283, 49,165,2
11906,2007-02-20 15:44:13,121.439433,31.275283, 49,165,2
11906,2007-02-20 15:45:16,121.439433,31.275283, 49,165,2
11906,2007-02-20 15:46:19,121.439433,31.275283, 49,165,2
11906,2007-02-20 15:47:22,121.439433,31.275283, 49,165,2
11906,2007-02-20 15:48:25,121.439433,31.275283, 49,165,2
11906,2007-02-20 15:49:28,121.439433,31.275283, 49,165,2
11906,2007-02-20 15:50:31,121.439433,31.275283, 49,165,2
11906,2007-02-20 15:51:34,121.439433,31.275283, 49,165,2
11906,2007-02-20 15:52:37,121.439433,31.275283, 49,165,2
11906,2007-02-20 15:53:40,121.439433,31.275283, 49,165,2
11906,2007-02-20 15:54:43,121.439433,31.275283, 49,165,2
11906,2007-02-20 15:55:46,121.439433,31.275283, 49,165,2
11906,2007-02-20 15:56:49,121.439433,31.275283, 49,165,2
11906,2007-02-20 15:57:52,121.439433,31.275283, 49,165,2
11906,2007-02-20 15:58:55,121.439433,31.275283, 49,165,2
11906,2007-02-20 15:59:58,121.439433,31.275283, 49,165,2
11906,2007-02-20 16:01:01,121.439433,31.275283, 49,165,2
11906,2007-02-20 16:02:04,121.439433,31.275283, 49,165,2
11906,2007-02-20 16:03:07,121.439433,31.275283, 49,165,2
11906,2007-02-20 16:04:10,121.439433,31.275283, 49,165,2
11906,2007-02-20 16:05:13,121.439433,31.275283, 49,165,2
11906,2007-02-20 16:06:16,121.439433,31.275283, 49,165,2
11906,2007-02-20 16:07:19,121.439433,31.275283, 49,165,2
11906,2007-02-20 16:08:22,121.439433,31.275283, 49,165,2
11906,2007-02-20 16:09:25,121.439433,31.275283, 49,165,2
11906,2007-02-20 16:10:29,121.439433,31.275283, 49,165,2
11906,2007-02-20 16:11:32,121.439433,31.275283, 49,165,2
11906,2007-02-20 16:12:35,121.439433,31.275283, 49,165,2
11906,2007-02-20 16:13:38,121.439433,31.275283, 49,165,2
11906,2007-02-20 16:14:41,121.439433,31.275283, 49,165,2
11906,2007-02-20 16:15:44,121.439433,31.275283, 49,165,2
11906,2007-02-20 16:16:47,121.439433,31.275283, 49,165,2
11906,2007-02-20 16:17:50,121.439433,31.275283, 49,165,2
11906,2007-02-20 16:18:53,121.439433,31.275283, 49,165,2
11906,2007-02-20 16:19:56,121.439433,31.275283, 49,165,2
11906,2007-02-20 16:20:59,121.439433,31.275283, 49,165,2
11906,2007-02-20 16:22:02,121.439433,31.275283, 49,165,2
11906,2007-02-20 16:23:05,121.439433,31.275283, 49,165,2
11906,2007-02-20 16:24:08,121.439433,31.275283, 49,165,2
11906,2007-02-20 16:25:11,121.439433,31.275283, 49,165,2
11906,2007-02-20 16:26:14,121.439433,31.275283, 49,165,2
11906,2007-02-20 16:27:17,121.439433,31.275283, 49,165,2
11906,2007-02-20 16:28:20,121.439433,31.275283, 49,165,2
11906,2007-02-20 16:29:23,121.439433,31.275283, 49,165,2
11906,2007-02-20 16:30:26,121.439433,31.275283, 49,165,2
11906,2007-02-20 16:31:29,121.439433,31.275283, 49,165,2
11906,2007-02-20 16:32:32,121.439433,31.275283, 49,165,2
11906,2007-02-20 16:33:35,121.439433,31.275283, 49,165,2
11906,2007-02-20 16:34:38,121.439433,31.275283, 49,165,2
11906,2007-02-20 16:35:41,121.439433,31.275283, 49,165,2
11906,2007-02-20 16:36:44,121.439433,31.275283, 49,165,2
11906,2007-02-20 16:37:47,121.439433,31.275283, 49,165,2
11906,2007-02-20 16:38:50,121.439433,31.275283, 49,165,2
11906,2007-02-20 16:39:53,121.439433,31.275283, 49,165,2
11906,2007-02-20 16:41:59,121.439433,31.275283, 49,165,2
11906,2007-02-20 16:43:02,121.439433,31.275283, 49,165,2
11906,2007-02-20 16:44:05,121.439433,31.275283, 49,165,2
11906,2007-02-20 16:45:08,121.439433,31.275283, 49,165,2
11906,2007-02-20 16:46:11,121.439433,31.275283, 49,165,2
11906,2007-02-20 16:47:14,121.439433,31.275283, 49,165,2
11906,2007-02-20 16:48:17,121.439433,31.275283, 49,165,2
11906,2007-02-20 16:49:20,121.439433,31.275283, 49,165,2
11906,2007-02-20 16:50:24,121.439433,31.275283, 49,165,2
11906,2007-02-20 16:51:27,121.439433,31.275283, 49,165,2
11906,2007-02-20 16:52:30,121.439433,31.275283, 49,165,2
11906,2007-02-20 16:53:33,121.439433,31.275283, 49,165,2
11906,2007-02-20 16:54:36,121.439433,31.275283, 49,165,2
11906,2007-02-20 16:55:39,121.439433,31.275283, 49,165,2
11906,2007-02-20 16:56:42,121.439433,31.275283, 49,165,2
11906,2007-02-20 16:57:45,121.439433,31.275283, 49,165,2
11906,2007-02-20 16:58:48,121.439433,31.275283, 49,165,2
11906,2007-02-20 16:59:51,121.439433,31.275283, 49,165,2
11906,2007-02-20 17:00:54,121.439433,31.275283, 49,165,2
11906,2007-02-20 17:01:57,121.439433,31.275283, 49,165,2
11906,2007-02-20 17:04:03,121.439433,31.275283, 49,165,2
11906,2007-02-20 17:05:06,121.439433,31.275283, 49,165,2
11906,2007-02-20 17:06:09,121.439433,31.275283, 49,165,2
11906,2007-02-20 17:07:12,121.439433,31.275283, 49,165,2
11906,2007-02-20 17:08:15,121.439433,31.275283, 49,165,2
11906,2007-02-20 17:10:21,121.439433,31.275283, 49,165,2
11906,2007-02-20 17:11:24,121.439433,31.275283, 49,165,2
11906,2007-02-20 17:12:27,121.439433,31.275283, 49,165,2
11906,2007-02-20 17:13:30,121.439433,31.275283, 49,165,2
11906,2007-02-20 17:14:33,121.439433,31.275283, 49,165,2
11906,2007-02-20 17:15:36,121.439433,31.275283, 49,165,2
11906,2007-02-20 17:16:39,121.439433,31.275283, 49,165,2
11906,2007-02-20 17:17:42,121.439433,31.275283, 49,165,2
11906,2007-02-20 17:18:45,121.439433,31.275283, 49,165,2
11906,2007-02-20 17:19:48,121.439433,31.275283, 49,165,2
11906,2007-02-20 17:20:51,121.439433,31.275283, 49,165,2
11906,2007-02-20 17:21:54,121.439433,31.275283, 49,165,2
11906,2007-02-20 17:22:57,121.439433,31.275283, 49,165,2
11906,2007-02-20 17:24:00,121.439433,31.275283, 49,165,2
11906,2007-02-20 17:25:03,121.439433,31.275283, 49,165,2
11906,2007-02-20 17:26:06,121.439433,31.275283, 49,165,2
11906,2007-02-20 17:27:09,121.439433,31.275283, 49,165,2
11906,2007-02-20 17:28:12,121.439433,31.275283, 49,165,2
11906,2007-02-20 17:29:15,121.439433,31.275283, 49,165,2
11906,2007-02-20 17:30:19,121.439433,31.275283, 49,165,2
11906,2007-02-20 17:31:22,121.439433,31.275283, 49,165,2
11906,2007-02-20 17:32:25,121.439433,31.275283, 49,165,2
11906,2007-02-20 17:33:28,121.439433,31.275283, 49,165,2
11906,2007-02-20 17:34:31,121.439433,31.275283, 49,165,2
11906,2007-02-20 17:36:37,121.439433,31.275283, 49,165,2
11906,2007-02-20 17:37:40,121.439433,31.275283, 49,165,2
11906,2007-02-20 17:38:43,121.439433,31.275283, 49,165,2
11906,2007-02-20 17:39:46,121.439433,31.275283, 49,165,2
11906,2007-02-20 17:40:49,121.439433,31.275283, 49,165,2
11906,2007-02-20 17:41:52,121.439433,31.275283, 49,165,2
11906,2007-02-20 17:42:55,121.439433,31.275283, 49,165,2
11906,2007-02-20 17:43:58,121.439433,31.275283, 49,165,2
11906,2007-02-20 17:45:01,121.439433,31.275283, 49,165,2
11906,2007-02-20 17:46:04,121.439433,31.275283, 49,165,2
11906,2007-02-20 17:47:07,121.439433,31.275283, 49,165,2
11906,2007-02-20 17:48:10,121.439433,31.275283, 49,165,2
11906,2007-02-20 17:49:13,121.439433,31.275283, 49,165,2
11906,2007-02-20 17:50:16,121.439433,31.275283, 49,165,2
11906,2007-02-20 17:51:19,121.439433,31.275283, 49,165,2
11906,2007-02-20 17:52:22,121.439433,31.275283, 49,165,2
11906,2007-02-20 17:53:25,121.439433,31.275283, 49,165,2
11906,2007-02-20 17:54:28,121.439433,31.275283, 49,165,2
11906,2007-02-20 17:55:31,121.439433,31.275283, 49,165,2
11906,2007-02-20 17:56:34,121.439433,31.275283, 49,165,2
11906,2007-02-20 17:57:37,121.439433,31.275283, 49,165,2
11906,2007-02-20 17:58:40,121.439433,31.275283, 49,165,2
11906,2007-02-20 17:59:43,121.439433,31.275283, 49,165,2
11906,2007-02-20 18:00:46,121.439433,31.275283, 49,165,2
11906,2007-02-20 18:01:49,121.439433,31.275283, 49,165,2
11906,2007-02-20 18:02:52,121.439433,31.275283, 49,165,2
11906,2007-02-20 18:03:55,121.439433,31.275283, 49,165,2
11906,2007-02-20 18:04:58,121.439433,31.275283, 49,165,2
11906,2007-02-20 18:06:01,121.439433,31.275283, 49,165,2
11906,2007-02-20 18:07:04,121.439433,31.275283, 49,165,2
11906,2007-02-20 18:08:07,121.439433,31.275283, 49,165,2
11906,2007-02-20 18:09:10,121.439433,31.275283, 49,165,2
11906,2007-02-20 18:10:13,121.439433,31.275283, 49,165,2
11906,2007-02-20 18:11:16,121.439433,31.275283, 49,165,2
11906,2007-02-20 18:12:19,121.439433,31.275283, 49,165,2
11906,2007-02-20 18:13:22,121.439433,31.275283, 49,165,2
11906,2007-02-20 18:14:25,121.439433,31.275283, 49,165,2
11906,2007-02-20 18:15:29,121.439433,31.275283, 49,165,2
11906,2007-02-20 18:16:32,121.439433,31.275283, 49,165,2
11906,2007-02-20 18:17:35,121.439433,31.275283, 49,165,2
11906,2007-02-20 18:18:38,121.439433,31.275283, 49,165,2
11906,2007-02-20 18:19:41,121.439433,31.275283, 49,165,2
11906,2007-02-20 18:20:44,121.439433,31.275283, 49,165,2
11906,2007-02-20 18:21:47,121.439433,31.275283, 49,165,2
11906,2007-02-20 18:22:50,121.439433,31.275283, 49,165,2
11906,2007-02-20 18:23:53,121.439433,31.275283, 49,165,2
11906,2007-02-20 18:25:59,121.439433,31.275283, 49,165,2
11906,2007-02-20 18:27:02,121.439433,31.275283, 49,165,2
11906,2007-02-20 18:29:08,121.439433,31.275283, 49,165,2
11906,2007-02-20 18:30:11,121.439433,31.275283, 49,165,2
11906,2007-02-20 18:31:14,121.439433,31.275283, 49,165,2
11906,2007-02-20 18:32:17,121.439433,31.275283, 49,165,2
11906,2007-02-20 18:33:20,121.439433,31.275283, 49,165,2
11906,2007-02-20 18:34:23,121.439433,31.275283, 49,165,2
11906,2007-02-20 18:35:26,121.439433,31.275283, 49,165,2
11906,2007-02-20 18:36:29,121.439433,31.275283, 49,165,2
11906,2007-02-20 18:37:32,121.439433,31.275283, 49,165,2
11906,2007-02-20 18:38:35,121.439433,31.275283, 49,165,2
11906,2007-02-20 18:39:38,121.439433,31.275283, 49,165,2
11906,2007-02-20 18:40:41,121.439433,31.275283, 49,165,2
11906,2007-02-20 18:41:44,121.439433,31.275283, 49,165,2
11906,2007-02-20 18:43:50,121.439433,31.275283, 49,165,2
11906,2007-02-20 18:44:53,121.439433,31.275283, 49,165,2
11906,2007-02-20 18:45:56,121.439433,31.275283, 49,165,2
11906,2007-02-20 18:46:59,121.439433,31.275283, 49,165,2
11906,2007-02-20 18:48:02,121.439433,31.275283, 49,165,2
11906,2007-02-20 18:49:05,121.439433,31.275283, 49,165,2
11906,2007-02-20 18:50:08,121.439433,31.275283, 49,165,2
11906,2007-02-20 18:51:11,121.439433,31.275283, 49,165,2
11906,2007-02-20 18:53:18,121.439433,31.275283, 49,165,2
11906,2007-02-20 18:54:21,121.439433,31.275283, 49,165,2
11906,2007-02-20 18:55:24,121.439433,31.275283, 49,165,2
11906,2007-02-20 18:56:27,121.439433,31.275283, 49,165,2
11906,2007-02-20 18:57:30,121.439433,31.275283, 49,165,2
11906,2007-02-20 18:58:33,121.439433,31.275283, 49,165,2
11906,2007-02-20 18:59:36,121.439433,31.275283, 49,165,2
11906,2007-02-20 19:00:39,121.439433,31.275283, 49,165,2
11906,2007-02-20 19:01:42,121.439433,31.275283, 49,165,2
11906,2007-02-20 19:02:45,121.439433,31.275283, 49,165,2
11906,2007-02-20 19:03:48,121.439433,31.275283, 49,165,2
11906,2007-02-20 19:04:51,121.439433,31.275283, 49,165,2
11906,2007-02-20 19:05:54,121.439433,31.275283, 49,165,2
11906,2007-02-20 19:08:00,121.439433,31.275283, 49,165,2
11906,2007-02-20 19:09:03,121.439433,31.275283, 49,165,2
11906,2007-02-20 19:10:06,121.439433,31.275283, 49,165,2
11906,2007-02-20 19:11:09,121.439433,31.275283, 49,165,2
11906,2007-02-20 19:12:12,121.439433,31.275283, 49,165,2
11906,2007-02-20 19:13:15,121.439433,31.275283, 49,165,2
11906,2007-02-20 19:14:18,121.439433,31.275283, 49,165,2
11906,2007-02-20 19:15:21,121.439433,31.275283, 49,165,2
11906,2007-02-20 19:16:24,121.439433,31.275283, 49,165,2
11906,2007-02-20 19:17:27,121.439433,31.275283, 49,165,2
11906,2007-02-20 19:18:30,121.439433,31.275283, 49,165,2
11906,2007-02-20 19:19:33,121.439433,31.275283, 49,165,2
11906,2007-02-20 19:20:36,121.439433,31.275283, 49,165,2
11906,2007-02-20 19:21:40,121.439433,31.275283, 49,165,2
11906,2007-02-20 19:22:43,121.439433,31.275283, 49,165,2
11906,2007-02-20 19:23:46,121.439433,31.275283, 49,165,2
11906,2007-02-20 19:24:49,121.439433,31.275283, 49,165,2
11906,2007-02-20 19:25:52,121.439433,31.275283, 49,165,2
11906,2007-02-20 19:26:55,121.439433,31.275283, 49,165,2
11906,2007-02-20 19:27:58,121.439433,31.275283, 49,165,2
11906,2007-02-20 19:29:01,121.439433,31.275283, 49,165,2
11906,2007-02-20 19:30:04,121.439433,31.275283, 49,165,2
11906,2007-02-20 19:31:07,121.439433,31.275283, 49,165,2
11906,2007-02-20 19:32:10,121.439433,31.275283, 49,165,2
11906,2007-02-20 19:33:13,121.439433,31.275283, 49,165,2
11906,2007-02-20 19:34:16,121.439433,31.275283, 49,165,2
11906,2007-02-20 19:35:19,121.439433,31.275283, 49,165,2
11906,2007-02-20 19:36:22,121.439433,31.275283, 49,165,2
11906,2007-02-20 19:37:25,121.439433,31.275283, 49,165,2
11906,2007-02-20 19:38:28,121.439433,31.275283, 49,165,2
11906,2007-02-20 19:39:31,121.439433,31.275283, 49,165,2
11906,2007-02-20 19:40:34,121.439433,31.275283, 49,165,2
11906,2007-02-20 19:41:37,121.439433,31.275283, 49,165,2
11906,2007-02-20 19:42:40,121.439433,31.275283, 49,165,2
11906,2007-02-20 19:43:43,121.439433,31.275283, 49,165,2
11906,2007-02-20 19:44:46,121.439433,31.275283, 49,165,2
11906,2007-02-20 19:45:49,121.439433,31.275283, 49,165,2
11906,2007-02-20 19:46:53,121.439433,31.275283, 49,165,2
11906,2007-02-20 19:47:56,121.439433,31.275283, 49,165,2
11906,2007-02-20 19:48:59,121.439433,31.275283, 49,165,2
11906,2007-02-20 19:50:02,121.439433,31.275283, 49,165,2
11906,2007-02-20 19:51:05,121.439433,31.275283, 49,165,2
11906,2007-02-20 19:52:08,121.439433,31.275283, 49,165,2
11906,2007-02-20 19:53:11,121.439433,31.275283, 49,165,2
11906,2007-02-20 19:55:17,121.439433,31.275283, 49,165,2
11906,2007-02-20 19:56:20,121.439433,31.275283, 49,165,2
11906,2007-02-20 19:57:23,121.439433,31.275283, 49,165,2
11906,2007-02-20 19:58:26,121.439433,31.275283, 49,165,2
11906,2007-02-20 19:59:29,121.439433,31.275283, 49,165,2
11906,2007-02-20 20:01:37,121.439433,31.275283, 49,165,2
11906,2007-02-20 20:02:40,121.439433,31.275283, 49,165,2
11906,2007-02-20 20:03:43,121.439433,31.275283, 49,165,2
11906,2007-02-20 20:04:46,121.439433,31.275283, 49,165,2
11906,2007-02-20 20:05:49,121.439433,31.275283, 49,165,2
11906,2007-02-20 20:06:52,121.439433,31.275283, 49,165,2
11906,2007-02-20 20:07:55,121.439433,31.275283, 49,165,2
11906,2007-02-20 20:08:58,121.439433,31.275283, 49,165,2
11906,2007-02-20 20:10:01,121.439433,31.275283, 49,165,2
11906,2007-02-20 20:11:04,121.439433,31.275283, 49,165,2
11906,2007-02-20 20:12:07,121.439433,31.275283, 49,165,2
11906,2007-02-20 20:13:10,121.439433,31.275283, 49,165,2
11906,2007-02-20 20:14:13,121.439433,31.275283, 49,165,2
11906,2007-02-20 20:16:20,121.439433,31.275283, 49,165,2
11906,2007-02-20 20:17:23,121.439433,31.275283, 49,165,2
11906,2007-02-20 20:18:26,121.439433,31.275283, 49,165,2
11906,2007-02-20 20:19:29,121.439433,31.275283, 49,165,2
11906,2007-02-20 20:21:35,121.439433,31.275283, 49,165,2
11906,2007-02-20 20:22:38,121.439433,31.275283, 49,165,2
11906,2007-02-20 20:23:41,121.439433,31.275283, 49,165,2
11906,2007-02-20 20:24:44,121.439433,31.275283, 49,165,2
11906,2007-02-20 20:25:47,121.439433,31.275283, 49,165,2
11906,2007-02-20 20:26:50,121.439433,31.275283, 49,165,2
11906,2007-02-20 20:27:53,121.439433,31.275283, 49,165,2
11906,2007-02-20 20:28:56,121.439433,31.275283, 49,165,2
11906,2007-02-20 20:31:02,121.439433,31.275283, 49,165,2
11906,2007-02-20 20:32:05,121.439433,31.275283, 49,165,2
11906,2007-02-20 20:33:08,121.439433,31.275283, 49,165,2
11906,2007-02-20 20:35:15,121.439433,31.275283, 49,165,2
11906,2007-02-20 20:36:18,121.439433,31.275283, 49,165,2
11906,2007-02-20 20:37:21,121.439433,31.275283, 49,165,2
11906,2007-02-20 20:38:24,121.439433,31.275283, 49,165,2
11906,2007-02-20 20:39:27,121.439433,31.275283, 49,165,2
11906,2007-02-20 20:40:30,121.439433,31.275283, 49,165,2
11906,2007-02-20 20:41:33,121.439433,31.275283, 49,165,2
11906,2007-02-20 20:42:36,121.439433,31.275283, 49,165,2
11906,2007-02-20 20:43:39,121.439433,31.275283, 49,165,2
11906,2007-02-20 20:44:42,121.439433,31.275283, 49,165,2
11906,2007-02-20 20:45:45,121.439433,31.275283, 49,165,2
11906,2007-02-20 20:46:48,121.439433,31.275283, 49,165,2
11906,2007-02-20 20:47:51,121.439433,31.275283, 49,165,2
11906,2007-02-20 20:48:54,121.439433,31.275283, 49,165,2
11906,2007-02-20 20:49:57,121.439433,31.275283, 49,165,2
11906,2007-02-20 20:51:00,121.439433,31.275283, 49,165,2
11906,2007-02-20 20:52:04,121.439433,31.275283, 49,165,2
11906,2007-02-20 20:53:07,121.439433,31.275283, 49,165,2
11906,2007-02-20 20:54:10,121.439433,31.275283, 49,165,2
11906,2007-02-20 20:56:16,121.439433,31.275283, 49,165,2
11906,2007-02-20 20:57:19,121.439433,31.275283, 49,165,2
11906,2007-02-20 20:58:22,121.439433,31.275283, 49,165,2
11906,2007-02-20 20:59:25,121.439433,31.275283, 49,165,2
11906,2007-02-20 21:00:28,121.439433,31.275283, 49,165,2
11906,2007-02-20 21:01:31,121.439433,31.275283, 49,165,2
11906,2007-02-20 21:02:34,121.439433,31.275283, 49,165,2
11906,2007-02-20 21:03:37,121.439433,31.275283, 49,165,2
11906,2007-02-20 21:04:40,121.439433,31.275283, 49,165,2
11906,2007-02-20 21:05:44,121.439433,31.275283, 49,165,2
11906,2007-02-20 21:06:47,121.439433,31.275283, 49,165,2
11906,2007-02-20 21:07:50,121.439433,31.275283, 49,165,2
11906,2007-02-20 21:08:53,121.439433,31.275283, 49,165,2
11906,2007-02-20 21:09:56,121.439433,31.275283, 49,165,2
11906,2007-02-20 21:10:59,121.439433,31.275283, 49,165,2
11906,2007-02-20 21:12:02,121.439433,31.275283, 49,165,2
11906,2007-02-20 21:14:08,121.439433,31.275283, 49,165,2
11906,2007-02-20 21:15:11,121.439433,31.275283, 49,165,2
11906,2007-02-20 21:16:14,121.439433,31.275283, 49,165,2
11906,2007-02-20 21:18:20,121.439433,31.275283, 49,165,2
11906,2007-02-20 21:19:23,121.439433,31.275283, 49,165,2
11906,2007-02-20 21:20:26,121.439433,31.275283, 49,165,2
11906,2007-02-20 21:21:30,121.439433,31.275283, 49,165,2
11906,2007-02-20 21:22:33,121.439433,31.275283, 49,165,2
11906,2007-02-20 21:23:36,121.439433,31.275283, 49,165,2
11906,2007-02-20 21:24:39,121.439433,31.275283, 49,165,2
11906,2007-02-20 21:25:42,121.439433,31.275283, 49,165,2
11906,2007-02-20 21:26:45,121.439433,31.275283, 49,165,2
11906,2007-02-20 21:27:48,121.439433,31.275283, 49,165,2
11906,2007-02-20 21:28:51,121.439433,31.275283, 49,165,2
11906,2007-02-20 21:29:54,121.439433,31.275283, 49,165,2
11906,2007-02-20 21:30:57,121.439433,31.275283, 49,165,2
11906,2007-02-20 21:32:00,121.439433,31.275283, 49,165,2
11906,2007-02-20 21:33:04,121.439433,31.275283, 49,165,2
11906,2007-02-20 21:34:09,121.439433,31.275283, 49,165,2
11906,2007-02-20 21:37:10,121.439433,31.275283, 49,165,2
11906,2007-02-20 21:38:50,121.439433,31.275283, 49,165,2
11906,2007-02-20 21:40:18,121.439433,31.275283, 49,165,2
11906,2007-02-20 21:41:22,121.439433,31.275283, 49,165,2
11906,2007-02-20 21:42:54,121.439433,31.275283, 49,165,2
11906,2007-02-20 21:44:06,121.439433,31.275283, 49,165,2
11906,2007-02-20 21:46:00,121.439433,31.275283, 49,165,2
11906,2007-02-20 21:47:34,121.439433,31.275283, 49,165,2
11906,2007-02-20 21:48:39,121.439433,31.275283, 49,165,2
11906,2007-02-20 21:49:46,121.439433,31.275283, 49,165,2
11906,2007-02-20 21:51:20,121.439433,31.275283, 49,165,2
11906,2007-02-20 21:52:23,121.439433,31.275283, 49,165,2
11906,2007-02-20 21:53:27,121.439433,31.275283, 49,165,2
11906,2007-02-20 21:54:30,121.439433,31.275283, 49,165,2
11906,2007-02-20 21:55:33,121.439433,31.275283, 49,165,2
11906,2007-02-20 21:56:36,121.439433,31.275283, 49,165,2
11906,2007-02-20 21:57:39,121.439433,31.275283, 49,165,2
11906,2007-02-20 21:58:42,121.439433,31.275283, 49,165,2
11906,2007-02-20 21:59:45,121.439433,31.275283, 49,165,2
11906,2007-02-20 22:00:48,121.439433,31.275283, 49,165,2
11906,2007-02-20 22:01:51,121.439433,31.275283, 49,165,2
11906,2007-02-20 22:02:54,121.439433,31.275283, 49,165,2
11906,2007-02-20 22:03:57,121.439433,31.275283, 49,165,2
11906,2007-02-20 22:05:00,121.439433,31.275283, 49,165,2
11906,2007-02-20 22:06:03,121.439433,31.275283, 49,165,2
11906,2007-02-20 22:07:06,121.439433,31.275283, 49,165,2
11906,2007-02-20 22:08:10,121.439433,31.275283, 49,165,2
11906,2007-02-20 22:09:13,121.439433,31.275283, 49,165,2
11906,2007-02-20 22:10:16,121.439433,31.275283, 49,165,2
11906,2007-02-20 22:11:19,121.439433,31.275283, 49,165,2
11906,2007-02-20 22:12:22,121.439433,31.275283, 49,165,2
11906,2007-02-20 22:13:25,121.439433,31.275283, 49,165,2
11906,2007-02-20 22:14:28,121.439433,31.275283, 49,165,2
11906,2007-02-20 22:15:31,121.439433,31.275283, 49,165,2
11906,2007-02-20 22:16:34,121.439433,31.275283, 49,165,2
11906,2007-02-20 22:17:37,121.439433,31.275283, 49,165,2
11906,2007-02-20 22:18:40,121.439433,31.275283, 49,165,2
11906,2007-02-20 22:19:43,121.439433,31.275283, 49,165,2
11906,2007-02-20 22:21:49,121.439433,31.275283, 49,165,2
11906,2007-02-20 22:22:52,121.439433,31.275283, 49,165,2
11906,2007-02-20 22:23:55,121.439433,31.275283, 49,165,2
11906,2007-02-20 22:24:58,121.439433,31.275283, 49,165,2
11906,2007-02-20 22:26:02,121.439433,31.275283, 49,165,2
11906,2007-02-20 22:27:05,121.439433,31.275283, 49,165,2
11906,2007-02-20 22:28:08,121.439433,31.275283, 49,165,2
11906,2007-02-20 22:29:11,121.439433,31.275283, 49,165,2
11906,2007-02-20 22:30:14,121.439433,31.275283, 49,165,2
11906,2007-02-20 22:31:17,121.439433,31.275283, 49,165,2
11906,2007-02-20 22:32:20,121.439433,31.275283, 49,165,2
11906,2007-02-20 22:33:23,121.439433,31.275283, 49,165,2
11906,2007-02-20 22:34:26,121.439433,31.275283, 49,165,2
11906,2007-02-20 22:35:29,121.439433,31.275283, 49,165,2
11906,2007-02-20 22:36:32,121.439433,31.275283, 49,165,2
11906,2007-02-20 22:37:35,121.439433,31.275283, 49,165,2
11906,2007-02-20 22:38:38,121.439433,31.275283, 49,165,2
11906,2007-02-20 22:39:41,121.439433,31.275283, 49,165,2
11906,2007-02-20 22:40:44,121.439433,31.275283, 49,165,2
11906,2007-02-20 22:41:48,121.439433,31.275283, 49,165,2
11906,2007-02-20 22:42:51,121.439433,31.275283, 49,165,2
11906,2007-02-20 22:43:54,121.439433,31.275283, 49,165,2
11906,2007-02-20 22:44:57,121.439433,31.275283, 49,165,2
11906,2007-02-20 22:46:00,121.439433,31.275283, 49,165,2
11906,2007-02-20 22:47:03,121.439433,31.275283, 49,165,2
11906,2007-02-20 22:48:06,121.439433,31.275283, 49,165,2
11906,2007-02-20 22:49:09,121.439433,31.275283, 49,165,2
11906,2007-02-20 22:50:12,121.439433,31.275283, 49,165,2
11906,2007-02-20 22:51:15,121.439433,31.275283, 49,165,2
11906,2007-02-20 22:52:18,121.439433,31.275283, 49,165,2
11906,2007-02-20 22:53:21,121.439433,31.275283, 49,165,2
11906,2007-02-20 22:54:24,121.439433,31.275283, 49,165,2
11906,2007-02-20 22:55:27,121.439433,31.275283, 49,165,2
11906,2007-02-20 22:56:30,121.439433,31.275283, 49,165,2
11906,2007-02-20 22:57:33,121.439433,31.275283, 49,165,2
11906,2007-02-20 22:58:37,121.439433,31.275283, 49,165,2
11906,2007-02-20 22:59:40,121.439433,31.275283, 49,165,2
11906,2007-02-20 23:00:43,121.439433,31.275283, 49,165,2
11906,2007-02-20 23:01:46,121.439433,31.275283, 49,165,2
11906,2007-02-20 23:02:49,121.439433,31.275283, 49,165,2
11906,2007-02-20 23:03:52,121.439433,31.275283, 49,165,2
11906,2007-02-20 23:04:55,121.439433,31.275283, 49,165,2
11906,2007-02-20 23:05:58,121.439433,31.275283, 49,165,2
11906,2007-02-20 23:07:01,121.439433,31.275283, 49,165,2
11906,2007-02-20 23:08:04,121.439433,31.275283, 49,165,2
11906,2007-02-20 23:09:07,121.439433,31.275283, 49,165,2
11906,2007-02-20 23:10:10,121.439433,31.275283, 49,165,2
11906,2007-02-20 23:11:13,121.439433,31.275283, 49,165,2
11906,2007-02-20 23:12:16,121.439433,31.275283, 49,165,2
11906,2007-02-20 23:13:19,121.439433,31.275283, 49,165,2
11906,2007-02-20 23:14:23,121.439433,31.275283, 49,165,2
11906,2007-02-20 23:15:26,121.439433,31.275283, 49,165,2
11906,2007-02-20 23:16:29,121.439433,31.275283, 49,165,2
11906,2007-02-20 23:17:32,121.439433,31.275283, 49,165,2
11906,2007-02-20 23:18:35,121.439433,31.275283, 49,165,2
11906,2007-02-20 23:19:38,121.439433,31.275283, 49,165,2
11906,2007-02-20 23:21:44,121.439433,31.275283, 49,165,2
11906,2007-02-20 23:22:47,121.439433,31.275283, 49,165,2
11906,2007-02-20 23:23:50,121.439433,31.275283, 49,165,2
11906,2007-02-20 23:24:53,121.439433,31.275283, 49,165,2
11906,2007-02-20 23:25:56,121.439433,31.275283, 49,165,2
11906,2007-02-20 23:26:59,121.439433,31.275283, 49,165,2
11906,2007-02-20 23:28:02,121.439433,31.275283, 49,165,2
11906,2007-02-20 23:29:05,121.439433,31.275283, 49,165,2
11906,2007-02-20 23:30:08,121.439433,31.275283, 49,165,2
11906,2007-02-20 23:31:11,121.439433,31.275283, 49,165,2
11906,2007-02-20 23:32:14,121.439433,31.275283, 49,165,2
11906,2007-02-20 23:33:18,121.439433,31.275283, 49,165,2
11906,2007-02-20 23:34:21,121.439433,31.275283, 49,165,2
11906,2007-02-20 23:35:24,121.439433,31.275283, 49,165,2
11906,2007-02-20 23:36:27,121.439433,31.275283, 49,165,2
11906,2007-02-20 23:37:30,121.439433,31.275283, 49,165,2
11906,2007-02-20 23:39:36,121.439433,31.275283, 49,165,2
11906,2007-02-20 23:40:39,121.439433,31.275283, 49,165,2
11906,2007-02-20 23:41:42,121.439433,31.275283, 49,165,2
11906,2007-02-20 23:42:45,121.439433,31.275283, 49,165,2
11906,2007-02-20 23:43:48,121.439433,31.275283, 49,165,2
11906,2007-02-20 23:44:51,121.439433,31.275283, 49,165,2
11906,2007-02-20 23:45:54,121.439433,31.275283, 49,165,2
11906,2007-02-20 23:46:57,121.439433,31.275283, 49,165,2
11906,2007-02-20 23:48:00,121.439433,31.275283, 49,165,2
11906,2007-02-20 23:49:03,121.439433,31.275283, 49,165,2
11906,2007-02-20 23:50:06,121.439433,31.275283, 49,165,2
11906,2007-02-20 23:51:09,121.439433,31.275283, 49,165,2
11906,2007-02-20 23:52:13,121.439433,31.275283, 49,165,2
11906,2007-02-20 23:53:16,121.439433,31.275283, 49,165,2
11906,2007-02-20 23:55:22,121.439433,31.275283, 49,165,2
11906,2007-02-20 23:56:25,121.439433,31.275283, 49,165,2
11906,2007-02-20 23:57:28,121.439433,31.275283, 49,165,2
11906,2007-02-20 23:58:31,121.439433,31.275283, 49,165,2
11906,2007-02-20 23:59:34,121.439433,31.275283, 49,165,2
