7954,2007-02-20 00:00:32,121.333500,31.127000,  0,112,0
7954,2007-02-20 00:01:33,121.333500,31.127000,  0,112,0
7954,2007-02-20 00:02:34,121.333500,31.127000,  0,112,0
7954,2007-02-20 00:03:35,121.333500,31.127000,  0, 22,0
7954,2007-02-20 00:04:36,121.333500,31.127000,  0, 22,0
7954,2007-02-20 00:05:37,121.333500,31.127000,  0, 22,0
7954,2007-02-20 00:06:38,121.333500,31.127000,  0, 22,0
7954,2007-02-20 00:07:39,121.333500,31.127000,  0, 22,0
7954,2007-02-20 00:08:40,121.333500,31.127000,  0, 22,0
7954,2007-02-20 00:09:41,121.333500,31.127000,  0, 22,0
7954,2007-02-20 00:10:42,121.333500,31.127000,  0, 22,0
7954,2007-02-20 00:11:43,121.333500,31.127000,  0, 22,0
7954,2007-02-20 00:12:44,121.333500,31.127000,  0, 22,0
7954,2007-02-20 00:13:45,121.333500,31.127000,  0, 22,0
7954,2007-02-20 00:14:46,121.333500,31.127000,  0, 22,0
7954,2007-02-20 00:15:47,121.333600,31.127000,  0, 22,0
7954,2007-02-20 00:16:48,121.333600,31.127000,  0, 22,0
7954,2007-02-20 00:17:49,121.333600,31.127000,  0, 22,0
7954,2007-02-20 00:18:50,121.333600,31.127000,  0, 22,0
7954,2007-02-20 00:19:51,121.333600,31.127000,  0, 22,0
7954,2007-02-20 00:20:52,121.333600,31.127000,  0, 22,0
7954,2007-02-20 00:21:53,121.333600,31.127000,  0, 22,0
7954,2007-02-20 00:22:54,121.333600,31.127000,  0, 22,0
7954,2007-02-20 00:23:55,121.333600,31.127000,  0, 90,0
7954,2007-02-20 00:24:56,121.333600,31.127000,  0, 45,0
7954,2007-02-20 00:25:57,121.333600,31.127000,  0, 90,0
7954,2007-02-20 00:26:58,121.333600,31.127000,  0, 45,0
7954,2007-02-20 00:27:59,121.333600,31.127000,  0, 45,0
7954,2007-02-20 00:29:00,121.333600,31.127000,  0, 45,0
7954,2007-02-20 00:30:01,121.333600,31.127000,  0, 45,0
7954,2007-02-20 00:31:02,121.333600,31.127000,  0, 45,0
7954,2007-02-20 00:32:03,121.333600,31.127000,  0, 90,0
7954,2007-02-20 00:33:04,121.333600,31.127000,  0, 90,0
7954,2007-02-20 00:34:05,121.333600,31.127000,  0, 90,0
7954,2007-02-20 00:35:06,121.333600,31.127000,  0, 90,0
7954,2007-02-20 00:36:07,121.333600,31.127000,  0, 90,0
7954,2007-02-20 00:37:08,121.333600,31.127000,  0, 90,0
7954,2007-02-20 00:38:09,121.333600,31.127000,  0, 90,0
7954,2007-02-20 00:39:10,121.333600,31.127000,  0, 90,0
7954,2007-02-20 00:40:11,121.333600,31.127000,  0, 67,0
7954,2007-02-20 00:41:12,121.333600,31.127000,  0, 67,0
7954,2007-02-20 00:42:13,121.333600,31.127000,  0, 67,0
7954,2007-02-20 00:43:14,121.333600,31.127000,  0, 67,0
7954,2007-02-20 00:44:15,121.333600,31.127000,  0, 67,0
7954,2007-02-20 00:45:16,121.333600,31.127000,  0, 22,0
7954,2007-02-20 00:47:18,121.333600,31.127000,  0, 22,0
7954,2007-02-20 00:48:19,121.333600,31.127000,  0, 22,0
7954,2007-02-20 00:49:20,121.333600,31.127000,  0, 22,0
7954,2007-02-20 00:52:23,121.333600,31.127000,  0, 22,0
7954,2007-02-20 00:53:24,121.333600,31.127000,  0, 22,0
7954,2007-02-20 00:54:25,121.333600,31.127000,  0, 22,0
7954,2007-02-20 00:55:26,121.333600,31.127000,  0, 22,0
7954,2007-02-20 00:56:27,121.333600,31.127000,  0, 22,0
7954,2007-02-20 00:57:28,121.333600,31.127000,  0, 22,0
7954,2007-02-20 00:58:29,121.333600,31.127000,  0, 22,0
7954,2007-02-20 00:59:30,121.333600,31.127000,  0, 22,0
7954,2007-02-20 01:00:31,121.333600,31.127000,  0, 22,0
7954,2007-02-20 01:01:32,121.333600,31.127000,  0, 22,0
7954,2007-02-20 01:03:34,121.333600,31.127000,  0, 90,0
7954,2007-02-20 01:04:35,121.333600,31.127000,  0, 90,0
7954,2007-02-20 01:05:36,121.333600,31.127000,  0, 90,0
7954,2007-02-20 01:06:37,121.333600,31.127000,  0, 90,0
7954,2007-02-20 01:07:38,121.333600,31.127000,  0, 90,0
7954,2007-02-20 01:08:39,121.333600,31.127000,  0, 90,0
7954,2007-02-20 01:09:40,121.333600,31.127000,  0, 90,0
7954,2007-02-20 01:10:41,121.333600,31.127000,  0, 90,0
7954,2007-02-20 01:12:43,121.333600,31.127000,  0, 90,0
7954,2007-02-20 01:13:44,121.333600,31.127000,  0, 90,0
7954,2007-02-20 01:14:45,121.333600,31.127000,  0, 90,0
7954,2007-02-20 01:15:46,121.333600,31.127000,  0, 90,0
7954,2007-02-20 01:16:47,121.333600,31.127000,  0, 90,0
7954,2007-02-20 01:17:48,121.333600,31.127000,  0, 90,0
7954,2007-02-20 01:18:49,121.333600,31.127000,  0, 90,0
7954,2007-02-20 01:19:50,121.333600,31.127000,  0, 90,0
7954,2007-02-20 01:21:52,121.333600,31.127000,  0, 90,0
7954,2007-02-20 01:22:53,121.333600,31.127000,  0, 90,0
7954,2007-02-20 01:23:54,121.333600,31.127000,  0, 90,0
7954,2007-02-20 01:24:55,121.333600,31.127000,  0, 90,0
7954,2007-02-20 01:26:57,121.333600,31.127000,  0,112,0
7954,2007-02-20 01:27:58,121.333600,31.127000,  0,112,0
7954,2007-02-20 01:28:59,121.333600,31.127000,  0,112,0
7954,2007-02-20 01:30:00,121.333600,31.127000,  0,112,0
7954,2007-02-20 01:31:00,121.333600,31.127000,  0,112,0
7954,2007-02-20 01:32:02,121.333600,31.127000,  0,112,0
7954,2007-02-20 01:33:03,121.333600,31.127000,  0,112,0
7954,2007-02-20 01:35:05,121.333600,31.126800,  0, 67,0
7954,2007-02-20 01:36:06,121.333600,31.126800,  0, 67,0
7954,2007-02-20 01:37:07,121.333600,31.126800,  0, 67,0
7954,2007-02-20 01:38:08,121.333600,31.126800,  0, 67,0
7954,2007-02-20 01:39:09,121.333600,31.126800,  0, 67,0
7954,2007-02-20 01:40:10,121.333600,31.126800,  0, 67,0
7954,2007-02-20 01:41:10,121.333600,31.126800,  0, 45,0
7954,2007-02-20 01:42:12,121.333600,31.126800,  0, 45,0
7954,2007-02-20 01:45:15,121.333600,31.126800,  0, 45,0
7954,2007-02-20 01:46:15,121.333600,31.126800,  0, 45,0
7954,2007-02-20 01:47:17,121.333600,31.126800,  0, 45,0
7954,2007-02-20 01:48:18,121.333600,31.126800,  0, 45,0
7954,2007-02-20 01:49:19,121.333600,31.126800,  0, 45,0
7954,2007-02-20 01:50:20,121.333600,31.126800,  0, 45,0
7954,2007-02-20 01:51:20,121.333600,31.126800,  0, 45,0
7954,2007-02-20 01:52:22,121.333600,31.126800,  0, 45,0
7954,2007-02-20 01:53:23,121.333600,31.126800,  0, 45,0
7954,2007-02-20 01:54:24,121.333600,31.126800,  0, 45,0
7954,2007-02-20 01:55:25,121.333600,31.126800,  0, 45,0
7954,2007-02-20 01:56:25,121.333600,31.126800,  0, 45,0
7954,2007-02-20 01:57:27,121.333600,31.126800,  0, 45,0
7954,2007-02-20 01:58:28,121.333600,31.126800,  0, 45,0
7954,2007-02-20 01:59:29,121.333600,31.126800,  0, 45,0
7954,2007-02-20 02:00:30,121.333600,31.127000,  0,157,0
7954,2007-02-20 02:01:30,121.333600,31.127000,  0,112,0
7954,2007-02-20 02:02:32,121.333600,31.127000,  0,112,0
7954,2007-02-20 02:03:33,121.333600,31.127000,  0,112,0
7954,2007-02-20 02:04:34,121.333600,31.127000,  0,112,0
7954,2007-02-20 02:05:35,121.333600,31.126800,  0,112,0
7954,2007-02-20 02:06:35,121.333600,31.126800,  0,112,0
7954,2007-02-20 02:07:37,121.333600,31.126800,  0,112,0
7954,2007-02-20 02:08:38,121.333600,31.126800,  0,112,0
7954,2007-02-20 02:09:39,121.333600,31.126800,  0,112,0
7954,2007-02-20 02:10:40,121.333600,31.126800,  0,112,0
7954,2007-02-20 02:12:42,121.333600,31.126800,  0,112,0
7954,2007-02-20 02:13:43,121.333600,31.126800,  0,112,0
7954,2007-02-20 02:14:44,121.333600,31.126800,  0,112,0
7954,2007-02-20 02:15:45,121.333600,31.126800,  0,112,0
7954,2007-02-20 02:16:45,121.333600,31.126800,  0,112,0
7954,2007-02-20 02:17:47,121.333600,31.126800,  0,112,0
7954,2007-02-20 02:18:48,121.333600,31.126800,  0,112,0
7954,2007-02-20 02:19:49,121.333600,31.126800,  0,112,0
7954,2007-02-20 02:20:50,121.333600,31.126800,  0,112,0
7954,2007-02-20 02:21:50,121.333600,31.126800,  0,112,0
7954,2007-02-20 02:22:52,121.333600,31.126800,  0,112,0
7954,2007-02-20 02:23:53,121.333600,31.126800,  0,112,0
7954,2007-02-20 02:24:54,121.333600,31.126800,  0,112,0
7954,2007-02-20 02:25:55,121.333600,31.126800,  0,112,0
7954,2007-02-20 02:26:55,121.333600,31.126800,  0,112,0
7954,2007-02-20 02:27:57,121.333600,31.126800,  0,112,0
7954,2007-02-20 02:28:58,121.333600,31.126800,  0,112,0
7954,2007-02-20 02:29:59,121.333600,31.126800,  0,112,0
7954,2007-02-20 02:31:00,121.333600,31.126800,  0,112,0
7954,2007-02-20 02:32:00,121.333600,31.126800,  0,112,0
7954,2007-02-20 02:33:02,121.333600,31.126800,  0,112,0
7954,2007-02-20 02:34:03,121.333600,31.126800,  0,112,0
7954,2007-02-20 02:35:04,121.333600,31.126800,  0,112,0
7954,2007-02-20 02:36:05,121.333600,31.126800,  0,112,0
7954,2007-02-20 02:37:05,121.333600,31.126800,  0, 45,0
7954,2007-02-20 02:38:07,121.333600,31.126800,  0, 45,0
7954,2007-02-20 02:39:08,121.333600,31.126800,  0, 45,0
7954,2007-02-20 02:40:09,121.333600,31.126800,  0, 45,0
7954,2007-02-20 02:41:10,121.333600,31.126800,  0, 45,0
7954,2007-02-20 02:42:10,121.333600,31.127000,  0, 45,0
7954,2007-02-20 02:43:12,121.333600,31.127000,  0, 45,0
7954,2007-02-20 02:44:13,121.333600,31.127000,  0, 67,0
7954,2007-02-20 02:46:15,121.333600,31.127000,  0,135,0
7954,2007-02-20 02:47:15,121.333600,31.127000,  0,135,0
7954,2007-02-20 02:48:17,121.333600,31.127000,  0,135,0
7954,2007-02-20 02:49:18,121.333600,31.127000,  0,135,0
7954,2007-02-20 02:50:19,121.333600,31.126800,  0, 45,0
7954,2007-02-20 02:51:20,121.333600,31.126800,  0, 45,0
7954,2007-02-20 02:52:20,121.333600,31.126800,  0, 45,0
7954,2007-02-20 02:53:21,121.333600,31.126800,  0, 45,0
7954,2007-02-20 02:54:23,121.333600,31.126800,  0, 45,0
7954,2007-02-20 02:55:23,121.333600,31.126800,  0, 45,0
7954,2007-02-20 02:56:24,121.333600,31.126800,  0, 45,0
7954,2007-02-20 02:57:25,121.333600,31.126800,  0, 45,0
7954,2007-02-20 02:58:26,121.333600,31.126800,  0, 45,0
7954,2007-02-20 02:59:27,121.333600,31.126800,  0, 45,0
7954,2007-02-20 03:00:28,121.333600,31.126800,  0, 45,0
7954,2007-02-20 03:02:30,121.333600,31.126800,  0, 45,0
7954,2007-02-20 03:04:32,121.333600,31.126800,  0, 45,0
7954,2007-02-20 03:05:33,121.333800,31.127000,  0, 45,0
7954,2007-02-20 03:06:34,121.333800,31.127100,  0, 45,0
7954,2007-02-20 03:07:35,121.333800,31.127000,  0,135,0
7954,2007-02-20 03:08:36,121.333800,31.127000,  0,135,0
7954,2007-02-20 03:09:37,121.333800,31.127000,  0,135,0
7954,2007-02-20 03:10:38,121.333800,31.127000,  0,135,0
7954,2007-02-20 03:11:39,121.333800,31.127000,  0,135,0
7954,2007-02-20 03:12:40,121.333800,31.127000,  0,135,0
7954,2007-02-20 03:13:41,121.333800,31.127000,  0,135,0
7954,2007-02-20 03:14:42,121.333800,31.127000,  0,135,0
7954,2007-02-20 03:15:43,121.333800,31.127000,  0,135,0
7954,2007-02-20 03:16:44,121.333800,31.127000,  0, 67,0
7954,2007-02-20 03:17:45,121.333800,31.127000,  0, 67,0
7954,2007-02-20 03:18:46,121.333800,31.127000,  0, 67,0
7954,2007-02-20 03:19:47,121.333800,31.127000,  0, 67,0
7954,2007-02-20 03:20:48,121.333800,31.127000,  0, 67,0
7954,2007-02-20 03:21:49,121.333800,31.127000,  0, 67,0
7954,2007-02-20 03:22:50,121.333800,31.127000,  0, 67,0
7954,2007-02-20 03:23:51,121.333800,31.127000,  0,157,0
7954,2007-02-20 03:24:52,121.333800,31.127000,  0,157,0
7954,2007-02-20 03:25:53,121.333800,31.127000,  0,157,0
7954,2007-02-20 03:26:54,121.333800,31.127000,  0,157,0
7954,2007-02-20 03:27:55,121.333600,31.127000,  0,157,0
7954,2007-02-20 03:28:56,121.333600,31.127000,  0,157,0
7954,2007-02-20 03:29:57,121.333600,31.127000,  0,157,0
7954,2007-02-20 03:30:58,121.333600,31.127000,  0,157,0
7954,2007-02-20 03:31:59,121.333600,31.127000,  0,157,0
7954,2007-02-20 03:33:00,121.333600,31.127100,  0,  0,0
7954,2007-02-20 03:34:01,121.333600,31.127100,  0, 90,0
7954,2007-02-20 03:35:02,121.333600,31.127100,  0, 90,0
7954,2007-02-20 03:36:03,121.333600,31.127000,  0, 90,0
7954,2007-02-20 03:37:04,121.333600,31.127000,  0, 90,0
7954,2007-02-20 03:38:05,121.333600,31.127000,  0, 90,0
7954,2007-02-20 03:39:06,121.333600,31.127000,  0, 90,0
7954,2007-02-20 03:40:07,121.333600,31.127000,  0, 90,0
7954,2007-02-20 03:42:09,121.333600,31.127000,  0, 90,0
7954,2007-02-20 03:43:10,121.333600,31.127000,  0, 90,0
7954,2007-02-20 03:44:11,121.333600,31.127000,  0, 90,0
7954,2007-02-20 03:45:12,121.333600,31.127000,  0, 90,0
7954,2007-02-20 03:46:13,121.333600,31.127000,  0, 90,0
7954,2007-02-20 03:47:14,121.333600,31.127000,  0, 90,0
7954,2007-02-20 03:48:15,121.333600,31.127000,  0, 90,0
7954,2007-02-20 03:49:16,121.333600,31.127000,  0, 90,0
7954,2007-02-20 03:51:18,121.333600,31.127000,  0, 90,0
7954,2007-02-20 03:53:20,121.333600,31.127000,  0, 90,0
7954,2007-02-20 03:55:22,121.333600,31.127000,  0, 22,0
7954,2007-02-20 03:56:23,121.333600,31.127000,  0, 22,0
7954,2007-02-20 03:57:24,121.333600,31.127000,  0, 22,0
7954,2007-02-20 03:58:25,121.333600,31.127000,  0, 22,0
7954,2007-02-20 03:59:26,121.333600,31.127000,  0, 22,0
7954,2007-02-20 04:00:27,121.333600,31.127000,  0,  0,0
7954,2007-02-20 04:01:28,121.333600,31.127000,  0,  0,0
7954,2007-02-20 04:02:29,121.333600,31.127000,  0,  0,0
7954,2007-02-20 04:03:30,121.333600,31.127000,  0,  0,0
7954,2007-02-20 04:04:31,121.333600,31.127000,  0,  0,0
7954,2007-02-20 04:05:32,121.333600,31.127000,  0,  0,0
7954,2007-02-20 04:06:33,121.333600,31.127000,  0,  0,0
7954,2007-02-20 04:07:34,121.333600,31.127000,  0,  0,0
7954,2007-02-20 04:08:35,121.333600,31.127000,  0,  0,0
7954,2007-02-20 04:09:36,121.333600,31.127000,  0,  0,0
7954,2007-02-20 04:10:37,121.333600,31.127000,  0,  0,0
7954,2007-02-20 04:11:38,121.333600,31.127000,  0,  0,0
7954,2007-02-20 04:12:39,121.333600,31.127000,  0,  0,0
7954,2007-02-20 04:15:42,121.333600,31.127000,  0,  0,0
7954,2007-02-20 04:16:43,121.333600,31.127000,  0,  0,0
7954,2007-02-20 04:17:44,121.333600,31.127000,  0,  0,0
7954,2007-02-20 04:18:45,121.333600,31.127000,  0,  0,0
7954,2007-02-20 04:19:46,121.333600,31.127000,  0,  0,0
7954,2007-02-20 04:20:47,121.333600,31.127000,  0,  0,0
7954,2007-02-20 04:21:48,121.333600,31.127000,  0,  0,0
7954,2007-02-20 04:22:49,121.333600,31.127000,  0,  0,0
7954,2007-02-20 04:23:50,121.333600,31.127000,  0, 90,0
7954,2007-02-20 04:24:51,121.333600,31.127000,  0, 90,0
7954,2007-02-20 04:25:52,121.333600,31.127000,  0, 90,0
7954,2007-02-20 04:26:53,121.333600,31.127000,  0, 90,0
7954,2007-02-20 04:27:54,121.333600,31.127000,  0, 90,0
7954,2007-02-20 04:28:55,121.333600,31.127000,  0, 90,0
7954,2007-02-20 04:29:56,121.333600,31.127000,  0, 90,0
7954,2007-02-20 04:30:57,121.333600,31.127000,  0, 90,0
7954,2007-02-20 04:31:58,121.333600,31.127000,  0, 90,0
7954,2007-02-20 04:32:59,121.333600,31.127000,  0, 90,0
7954,2007-02-20 04:35:01,121.333600,31.127000,  0, 90,0
7954,2007-02-20 04:36:02,121.333600,31.127000,  0, 90,0
7954,2007-02-20 04:37:03,121.333600,31.127000,  0, 90,0
7954,2007-02-20 04:38:04,121.333600,31.127000,  0, 90,0
7954,2007-02-20 04:39:05,121.333600,31.127000,  0, 90,0
7954,2007-02-20 04:40:06,121.333600,31.127000,  0, 90,0
7954,2007-02-20 04:42:08,121.333600,31.127000,  0, 90,0
7954,2007-02-20 04:43:09,121.333600,31.127000,  0,157,0
7954,2007-02-20 04:44:10,121.333600,31.127000,  0,157,0
7954,2007-02-20 04:45:11,121.333500,31.127100,  0,157,0
7954,2007-02-20 04:46:12,121.333500,31.127000,  0, 67,0
7954,2007-02-20 04:47:13,121.333500,31.127000,  0, 67,0
7954,2007-02-20 04:48:14,121.333500,31.127000,  0, 67,0
7954,2007-02-20 04:49:15,121.333500,31.127000,  0, 67,0
7954,2007-02-20 04:51:17,121.333500,31.127000,  0,157,0
7954,2007-02-20 04:52:18,121.333500,31.127000,  0,157,0
7954,2007-02-20 04:53:19,121.333500,31.127000,  0,157,0
7954,2007-02-20 04:54:20,121.333500,31.127000,  0,157,0
7954,2007-02-20 04:56:22,121.333600,31.127000,  0,  0,0
7954,2007-02-20 04:57:23,121.333600,31.127000,  0,  0,0
7954,2007-02-20 04:58:24,121.333600,31.127000,  0,  0,0
7954,2007-02-20 05:00:26,121.333300,31.127300,  0,  0,0
7954,2007-02-20 05:01:27,121.333500,31.127000,  0,  0,0
7954,2007-02-20 05:03:29,121.333300,31.127100,  0,  0,0
7954,2007-02-20 05:04:30,121.333500,31.127000,  0,  0,0
7954,2007-02-20 05:05:31,121.333500,31.127000,  0,  0,0
7954,2007-02-20 05:06:32,121.333500,31.127000,  0,  0,0
7954,2007-02-20 05:07:33,121.333500,31.127000,  0,  0,0
7954,2007-02-20 05:08:34,121.333500,31.127000,  0,  0,0
7954,2007-02-20 05:09:35,121.333500,31.127000,  0,  0,0
7954,2007-02-20 05:10:36,121.333500,31.127000,  0,  0,0
7954,2007-02-20 05:12:38,121.333500,31.127000,  0,  0,0
7954,2007-02-20 05:13:39,121.333500,31.127000,  0,  0,0
7954,2007-02-20 05:14:40,121.333500,31.127000,  0,  0,0
7954,2007-02-20 05:15:41,121.333500,31.127000,  0,  0,0
7954,2007-02-20 05:16:42,121.333500,31.127000,  0,  0,0
7954,2007-02-20 05:17:43,121.333500,31.127000,  0,  0,0
7954,2007-02-20 05:19:45,121.333500,31.127000,  0,  0,0
7954,2007-02-20 05:20:46,121.333500,31.127000,  0,  0,0
7954,2007-02-20 05:22:48,121.333500,31.127000,  0,  0,0
7954,2007-02-20 05:23:49,121.333500,31.127000,  0,  0,0
7954,2007-02-20 05:24:50,121.333500,31.127000,  0,  0,0
7954,2007-02-20 05:25:51,121.333500,31.127000,  0,  0,0
7954,2007-02-20 05:26:52,121.333500,31.127000,  0,  0,0
7954,2007-02-20 05:27:53,121.333500,31.127000,  0,  0,0
7954,2007-02-20 05:28:54,121.333500,31.127000,  0,  0,0
7954,2007-02-20 05:29:55,121.333500,31.127000,  0,  0,0
7954,2007-02-20 05:30:56,121.333500,31.127000,  0,  0,0
7954,2007-02-20 05:32:58,121.333500,31.127000,  0, 22,0
7954,2007-02-20 05:33:59,121.333500,31.127000,  0, 22,0
7954,2007-02-20 05:36:01,121.333500,31.127000,  0, 22,0
7954,2007-02-20 05:37:02,121.333500,31.127000,  0,  0,0
7954,2007-02-20 05:38:03,121.333500,31.127000,  0,  0,0
7954,2007-02-20 05:39:04,121.333500,31.127000,  0,  0,0
7954,2007-02-20 05:40:05,121.333500,31.127000,  0,  0,0
7954,2007-02-20 05:41:06,121.333500,31.127000,  0,  0,0
7954,2007-02-20 05:42:07,121.333500,31.127000,  0, 67,0
7954,2007-02-20 05:43:08,121.333500,31.127000,  0, 67,0
7954,2007-02-20 05:44:09,121.333500,31.127000,  0, 67,0
7954,2007-02-20 05:45:10,121.333500,31.127000,  0, 67,0
7954,2007-02-20 05:46:11,121.333500,31.127000,  0, 67,0
7954,2007-02-20 05:47:12,121.333500,31.127000,  0, 67,0
7954,2007-02-20 05:48:13,121.333500,31.127000,  0, 67,0
7954,2007-02-20 05:49:14,121.333500,31.127000,  0, 67,0
7954,2007-02-20 05:50:15,121.333500,31.127000,  0, 67,0
7954,2007-02-20 05:51:16,121.333500,31.127000,  0, 67,0
7954,2007-02-20 05:52:17,121.333500,31.127000,  0, 67,0
7954,2007-02-20 05:53:18,121.333500,31.127000,  0, 67,0
7954,2007-02-20 05:54:19,121.333500,31.127000,  0, 67,0
7954,2007-02-20 05:55:20,121.333500,31.127000,  0, 67,0
7954,2007-02-20 05:56:21,121.333500,31.127000,  0, 67,0
7954,2007-02-20 05:57:22,121.333500,31.127000,  0, 67,0
7954,2007-02-20 05:58:23,121.333500,31.127000,  0, 67,0
7954,2007-02-20 05:59:24,121.333500,31.127000,  0, 67,0
7954,2007-02-20 06:00:25,121.333500,31.127000,  0, 67,0
7954,2007-02-20 06:01:26,121.333500,31.127000,  0, 67,0
7954,2007-02-20 06:02:27,121.333500,31.127000,  0, 67,0
7954,2007-02-20 06:04:29,121.333500,31.127000,  0, 67,0
7954,2007-02-20 06:05:30,121.333500,31.126800,  0, 67,0
7954,2007-02-20 06:06:31,121.333500,31.126800,  0, 67,0
7954,2007-02-20 06:07:32,121.333500,31.126800,  0, 67,0
7954,2007-02-20 06:08:33,121.333500,31.126800,  0, 67,0
7954,2007-02-20 06:09:34,121.333500,31.126800,  0, 67,0
7954,2007-02-20 06:10:35,121.333500,31.126800,  0, 67,0
7954,2007-02-20 06:12:37,121.333500,31.126800,  0, 67,0
7954,2007-02-20 06:13:38,121.333500,31.126800,  0, 67,0
7954,2007-02-20 06:14:39,121.333500,31.126800,  0, 67,0
7954,2007-02-20 06:15:40,121.333500,31.126800,  0, 67,0
7954,2007-02-20 06:16:41,121.333500,31.126800,  0, 67,0
7954,2007-02-20 06:18:43,121.333500,31.126800,  0, 90,0
7954,2007-02-20 06:19:44,121.333500,31.126800,  0, 90,0
7954,2007-02-20 06:20:44,121.333500,31.126800,  0, 90,0
7954,2007-02-20 06:21:45,121.333500,31.126800,  0, 90,0
7954,2007-02-20 06:22:46,121.333500,31.126800,  0, 90,0
7954,2007-02-20 06:23:47,121.333500,31.126800,  0, 90,0
7954,2007-02-20 06:24:48,121.333500,31.126800,  0, 90,0
7954,2007-02-20 06:25:49,121.333500,31.126800,  0, 90,0
7954,2007-02-20 06:26:50,121.333500,31.126800,  0, 90,0
7954,2007-02-20 06:27:51,121.333500,31.126800,  0, 90,0
7954,2007-02-20 06:28:52,121.333500,31.126800,  0, 90,0
7954,2007-02-20 06:30:54,121.333500,31.126800,  0, 90,0
7954,2007-02-20 06:31:55,121.333500,31.126800,  0, 90,0
7954,2007-02-20 06:32:56,121.333500,31.126800,  0, 90,0
7954,2007-02-20 06:33:57,121.333500,31.126800,  0, 90,0
7954,2007-02-20 06:34:58,121.333500,31.126800,  0, 90,0
7954,2007-02-20 06:35:59,121.333500,31.126800,  0, 90,0
7954,2007-02-20 06:38:01,121.333500,31.126800,  0, 90,0
7954,2007-02-20 06:39:02,121.333500,31.126800,  0, 90,0
7954,2007-02-20 06:40:03,121.333500,31.126800,  0, 90,0
7954,2007-02-20 06:41:04,121.333500,31.126800,  0, 90,0
7954,2007-02-20 06:42:05,121.333500,31.127000,  0, 90,0
7954,2007-02-20 06:43:06,121.333500,31.127000,  0, 90,0
7954,2007-02-20 06:44:07,121.333500,31.127000,  0, 90,0
7954,2007-02-20 06:45:08,121.333500,31.127000,  0, 90,0
7954,2007-02-20 06:46:09,121.333500,31.127000,  0, 90,0
7954,2007-02-20 06:47:10,121.333500,31.127000,  0, 90,0
7954,2007-02-20 06:48:11,121.333500,31.127000,  0, 90,0
7954,2007-02-20 06:49:12,121.333500,31.127000,  0, 90,0
7954,2007-02-20 06:50:13,121.333500,31.127000,  0,112,0
7954,2007-02-20 06:51:14,121.333500,31.127000,  0,112,0
7954,2007-02-20 06:52:14,121.333500,31.127000,  0,112,0
7954,2007-02-20 06:53:16,121.333500,31.127000,  0,112,0
7954,2007-02-20 06:54:17,121.333500,31.127000,  0,112,0
7954,2007-02-20 06:55:18,121.333500,31.127000,  0,112,0
7954,2007-02-20 06:56:19,121.333500,31.127000,  0,135,0
7954,2007-02-20 06:57:20,121.333500,31.127000,  0,135,0
7954,2007-02-20 06:58:21,121.333500,31.127000,  0,135,0
7954,2007-02-20 06:59:22,121.333500,31.127000,  0,135,0
7954,2007-02-20 07:00:23,121.333500,31.127000,  0,135,0
7954,2007-02-20 07:01:24,121.333500,31.127000,  0,135,0
7954,2007-02-20 07:02:24,121.333500,31.127000,  0,135,0
7954,2007-02-20 07:03:26,121.333500,31.127000,  0,135,0
7954,2007-02-20 07:04:27,121.333500,31.127000,  0,135,0
7954,2007-02-20 07:05:28,121.333500,31.127000,  0,135,0
7954,2007-02-20 07:06:29,121.333500,31.127000,  0,135,0
7954,2007-02-20 07:08:31,121.333500,31.127000,  0, 67,0
7954,2007-02-20 07:09:32,121.333500,31.127000,  0, 67,0
7954,2007-02-20 07:10:33,121.333500,31.127000,  0, 67,0
7954,2007-02-20 07:12:34,121.333500,31.127000,  0, 90,0
7954,2007-02-20 07:13:36,121.333500,31.127000,  0, 90,0
7954,2007-02-20 07:14:37,121.333500,31.127000,  0, 90,0
7954,2007-02-20 07:15:38,121.333500,31.127000,  0, 90,0
7954,2007-02-20 07:16:39,121.333500,31.127000,  0, 90,0
7954,2007-02-20 07:17:39,121.333500,31.127000,  0, 90,0
7954,2007-02-20 07:18:41,121.333500,31.127000,  0, 90,0
7954,2007-02-20 07:19:42,121.333500,31.127000,  0, 90,0
7954,2007-02-20 07:20:43,121.333500,31.127000,  0, 90,0
7954,2007-02-20 07:21:44,121.333500,31.127000,  0, 90,0
7954,2007-02-20 07:22:44,121.333500,31.127000,  0, 90,0
7954,2007-02-20 07:23:46,121.333500,31.127000,  0, 90,0
7954,2007-02-20 07:24:47,121.333500,31.127000,  0, 90,0
7954,2007-02-20 07:25:48,121.333500,31.127000,  0, 90,0
7954,2007-02-20 07:26:49,121.333500,31.127000,  0, 45,0
7954,2007-02-20 07:27:49,121.333500,31.127000,  0, 45,0
7954,2007-02-20 07:29:52,121.333500,31.127000,  0, 45,0
7954,2007-02-20 07:30:53,121.333500,31.127000,  0, 45,0
7954,2007-02-20 07:31:54,121.333500,31.127000,  0, 45,0
7954,2007-02-20 07:32:54,121.333500,31.127000,  0, 45,0
7954,2007-02-20 07:33:56,121.333500,31.127000,  0, 45,0
7954,2007-02-20 07:34:57,121.333500,31.127000,  0, 45,0
7954,2007-02-20 07:35:58,121.333500,31.127000,  0, 45,0
7954,2007-02-20 07:36:59,121.333500,31.127000,  0, 45,0
7954,2007-02-20 07:37:59,121.333500,31.127000,  0, 45,0
7954,2007-02-20 07:39:01,121.333500,31.127000,  0, 45,0
7954,2007-02-20 07:40:02,121.333500,31.127000,  0, 45,0
7954,2007-02-20 07:42:04,121.333500,31.127000,  0, 45,0
7954,2007-02-20 07:43:04,121.333500,31.127000,  0, 45,0
7954,2007-02-20 07:45:07,121.333500,31.127000,  0, 45,0
7954,2007-02-20 07:46:08,121.333500,31.127000,  0, 45,0
7954,2007-02-20 07:47:09,121.333500,31.127000,  0, 45,0
7954,2007-02-20 07:48:09,121.333500,31.127000,  0, 45,0
7954,2007-02-20 07:49:11,121.333500,31.127000,  0, 45,0
7954,2007-02-20 07:51:13,121.333500,31.127000,  0, 45,0
7954,2007-02-20 07:52:14,121.333500,31.127000,  0, 45,0
7954,2007-02-20 07:53:14,121.333500,31.127000,  0, 45,0
7954,2007-02-20 07:54:16,121.333500,31.127000,  0, 45,0
7954,2007-02-20 07:56:18,121.333500,31.127000,  0, 45,0
7954,2007-02-20 07:57:19,121.333500,31.127000,  0, 45,0
7954,2007-02-20 07:58:19,121.333500,31.127000,  0,157,0
7954,2007-02-20 07:59:21,121.333500,31.127000,  0,157,0
7954,2007-02-20 08:00:22,121.333500,31.127000,  0,157,0
7954,2007-02-20 08:01:23,121.333500,31.127000,  0,157,0
7954,2007-02-20 08:02:24,121.333500,31.127000,  0,157,0
7954,2007-02-20 08:03:24,121.333600,31.126600,  0,157,0
7954,2007-02-20 08:04:26,121.333600,31.126600,  0,157,0
7954,2007-02-20 08:05:27,121.333600,31.126600,  0,157,0
7954,2007-02-20 08:06:28,121.333500,31.126800,  0,135,0
7954,2007-02-20 08:07:29,121.333500,31.126800,  0,135,0
7954,2007-02-20 08:08:29,121.333500,31.127100,  0,135,0
7954,2007-02-20 08:09:31,121.333500,31.127100,  0,135,0
7954,2007-02-20 08:10:32,121.333500,31.127100,  0,135,0
7954,2007-02-20 08:12:34,121.333500,31.127100,  0,135,0
7954,2007-02-20 08:13:34,121.333500,31.127100,  0,135,0
7954,2007-02-20 08:14:36,121.333300,31.127100,  0,135,0
7954,2007-02-20 08:15:37,121.333300,31.127100,  0,135,0
7954,2007-02-20 08:16:38,121.333300,31.127100,  0, 67,0
7954,2007-02-20 08:17:39,121.333300,31.127100,  0, 67,0
7954,2007-02-20 08:18:39,121.333300,31.127100,  0, 67,0
7954,2007-02-20 08:19:41,121.333300,31.127100,  0, 67,0
7954,2007-02-20 08:20:42,121.333500,31.127100,  0, 67,0
7954,2007-02-20 08:21:42,121.333500,31.127100,  0, 67,0
7954,2007-02-20 08:22:43,121.333500,31.127100,  0, 67,0
7954,2007-02-20 08:23:44,121.333500,31.127100,  0, 67,0
7954,2007-02-20 08:24:45,121.333500,31.127100,  0,157,0
7954,2007-02-20 08:25:46,121.333500,31.127100,  0,157,0
7954,2007-02-20 08:26:47,121.333500,31.127100,  0,157,0
7954,2007-02-20 08:27:48,121.333500,31.127100,  0,157,0
7954,2007-02-20 08:28:49,121.333500,31.127100,  0,157,0
7954,2007-02-20 08:29:50,121.333500,31.127100,  0,157,0
7954,2007-02-20 08:32:53,121.333500,31.127300,  0,157,0
7954,2007-02-20 08:33:54,121.333500,31.127300,  0,157,0
7954,2007-02-20 08:34:55,121.333500,31.127300,  0,157,0
7954,2007-02-20 08:36:57,121.333500,31.127300,  0,  0,0
7954,2007-02-20 08:37:58,121.333500,31.127300,  0,  0,0
7954,2007-02-20 08:38:59,121.333500,31.127300,  0,  0,0
7954,2007-02-20 08:40:00,121.333500,31.127300,  0,  0,0
7954,2007-02-20 08:41:01,121.333500,31.127300,  0,  0,0
7954,2007-02-20 08:42:02,121.333500,31.127300,  0,  0,0
7954,2007-02-20 08:43:03,121.333500,31.127300,  0,  0,0
7954,2007-02-20 08:44:04,121.333600,31.128000,  0, 90,0
7954,2007-02-20 08:45:05,121.333600,31.128000,  0, 90,0
7954,2007-02-20 08:46:06,121.333600,31.127000,  0, 90,0
7954,2007-02-20 08:47:07,121.333600,31.127000,  0, 90,0
7954,2007-02-20 08:48:08,121.333600,31.127000,  0, 90,0
7954,2007-02-20 08:49:09,121.333600,31.127000,  0, 90,0
7954,2007-02-20 08:51:11,121.333600,31.127000,  0, 90,0
7954,2007-02-20 08:53:13,121.333600,31.127000,  0, 90,0
7954,2007-02-20 08:54:14,121.333600,31.127000,  0, 90,0
7954,2007-02-20 08:55:15,121.333600,31.127000,  0, 90,0
7954,2007-02-20 08:56:16,121.333600,31.127000,  4, 45,0
7954,2007-02-20 08:56:43,121.334100,31.126100, 26, 67,0
7954,2007-02-20 08:56:59,121.334600,31.125600, 30, 22,0
7954,2007-02-20 08:57:15,121.336100,31.126000, 34, 45,0
7954,2007-02-20 08:57:31,121.337300,31.125300, 30, 67,0
7954,2007-02-20 08:57:51,121.338300,31.125100, 24, 67,0
7954,2007-02-20 08:58:52,121.338600,31.124300,  0, 67,0
7954,2007-02-20 08:59:09,121.339500,31.124100, 36, 22,0
7954,2007-02-20 08:59:25,121.341100,31.125000, 48, 22,0
7954,2007-02-20 08:59:41,121.343000,31.126000, 46, 22,0
7954,2007-02-20 08:59:57,121.344500,31.126800, 42, 22,0
7954,2007-02-20 09:00:13,121.346100,31.127800, 46, 22,0
7954,2007-02-20 09:00:29,121.347600,31.128800, 40, 22,0
7954,2007-02-20 09:00:45,121.348600,31.128100, 50, 67,0
7954,2007-02-20 09:01:17,121.351000,31.125000, 38, 22,0
7954,2007-02-20 09:01:33,121.353000,31.126000, 54, 22,0
7954,2007-02-20 09:01:49,121.355100,31.126800, 56, 22,0
7954,2007-02-20 09:02:05,121.357500,31.128000, 60, 22,0
7954,2007-02-20 09:02:21,121.359800,31.129000, 60, 22,0
7954,2007-02-20 09:02:37,121.362000,31.129800, 32, 45,0
7954,2007-02-20 09:02:53,121.363000,31.128300, 48, 67,0
7954,2007-02-20 09:03:09,121.364000,31.126600, 50, 67,0
7954,2007-02-20 09:03:25,121.365100,31.125000, 50, 67,0
7954,2007-02-20 09:03:41,121.366100,31.123500, 30, 67,0
7954,2007-02-20 09:04:02,121.366600,31.122600, 28, 67,0
7954,2007-02-20 09:04:37,121.368000,31.120600, 18, 67,0
7954,2007-02-20 09:04:53,121.368600,31.119800, 32, 67,0
7954,2007-02-20 09:05:09,121.369600,31.118300, 52, 67,0
7954,2007-02-20 09:05:25,121.370500,31.116800, 26,112,0
7954,2007-02-20 09:05:41,121.368800,31.116000, 50,112,0
7954,2007-02-20 09:06:13,121.365000,31.114100, 28,112,0
7954,2007-02-20 09:06:29,121.363100,31.113600, 48,135,0
7954,2007-02-20 09:06:45,121.361100,31.113100, 46,135,0
7954,2007-02-20 09:07:01,121.360300,31.112500, 24, 90,0
7954,2007-02-20 09:07:17,121.361000,31.110800, 54, 90,0
7954,2007-02-20 09:07:33,121.361500,31.109800,  0, 67,0
7954,2007-02-20 09:07:56,121.361000,31.109000, 34,112,0
7954,2007-02-20 09:08:57,121.361000,31.108500,  0, 90,0
7954,2007-02-20 09:09:58,121.361000,31.108500,  0, 90,0
7954,2007-02-20 09:10:59,121.361000,31.108600,  0,157,0
7954,2007-02-20 09:11:47,121.361600,31.109300, 14, 22,0
7954,2007-02-20 09:12:10,121.362600,31.110000, 24, 22,0
7954,2007-02-20 09:12:26,121.364000,31.110800, 46, 22,0
7954,2007-02-20 09:12:42,121.365800,31.111800, 52, 22,0
7954,2007-02-20 09:12:58,121.367300,31.112600,  6, 22,0
7954,2007-02-20 09:13:41,121.366300,31.112100, 52,112,0
7954,2007-02-20 09:13:57,121.364300,31.111000, 50,112,0
7954,2007-02-20 09:14:13,121.362600,31.110000, 38,112,0
7954,2007-02-20 09:14:29,121.361600,31.110100, 48,  0,0
7954,2007-02-20 09:14:45,121.360800,31.112100, 54,  0,0
7954,2007-02-20 09:15:01,121.361000,31.113100, 34, 45,0
7954,2007-02-20 09:15:17,121.362800,31.113500, 48, 45,0
7954,2007-02-20 09:15:33,121.365000,31.114100, 46, 22,0
7954,2007-02-20 09:15:49,121.366100,31.114600, 16, 22,0
7954,2007-02-20 09:16:09,121.367100,31.115100, 38, 22,0
7954,2007-02-20 09:16:25,121.368600,31.115800, 24, 22,0
7954,2007-02-20 09:16:47,121.369500,31.115500, 34, 67,0
7954,2007-02-20 09:17:19,121.371000,31.112800, 38, 67,0
7954,2007-02-20 09:17:35,121.371500,31.111800, 32, 67,0
7954,2007-02-20 09:17:51,121.372100,31.110600, 28, 67,0
7954,2007-02-20 09:18:07,121.371500,31.109800, 28,112,0
7954,2007-02-20 09:18:23,121.370300,31.109300, 26,157,0
7954,2007-02-20 09:18:49,121.369600,31.110100, 26,157,0
7954,2007-02-20 09:19:33,121.368800,31.111100, 32,157,0
7954,2007-02-20 09:19:49,121.368000,31.112300, 40,157,0
7954,2007-02-20 09:20:05,121.368300,31.113100, 34, 22,0
7954,2007-02-20 09:20:21,121.369600,31.114000, 16, 22,0
7954,2007-02-20 09:20:52,121.370600,31.114500, 40, 22,0
7954,2007-02-20 09:21:08,121.371800,31.115300, 26,  0,0
7954,2007-02-20 09:21:31,121.371600,31.116100, 32, 22,0
7954,2007-02-20 09:21:47,121.373300,31.116800, 42, 22,0
7954,2007-02-20 09:22:03,121.375000,31.117600, 34, 22,0
7954,2007-02-20 09:23:04,121.375100,31.117800,  0, 22,0
7954,2007-02-20 09:23:30,121.375600,31.118500, 32,157,0
7954,2007-02-20 09:23:46,121.374800,31.120300, 60,157,0
7954,2007-02-20 09:24:02,121.374000,31.122000, 38,157,0
7954,2007-02-20 09:24:18,121.374000,31.123000, 32, 45,0
7954,2007-02-20 09:24:34,121.375600,31.123500, 38, 45,0
7954,2007-02-20 09:24:50,121.377500,31.124000, 36, 45,0
7954,2007-02-20 09:25:33,121.378500,31.124100, 40, 45,0
7954,2007-02-20 09:27:34,121.384500,31.126300,  0, 45,0
7954,2007-02-20 09:28:35,121.384500,31.126300,  0, 45,0
7954,2007-02-20 09:29:36,121.384500,31.126300,  0, 45,0
7954,2007-02-20 09:30:37,121.384500,31.126300,  0, 45,0
7954,2007-02-20 09:31:38,121.384500,31.126300,  0, 45,0
7954,2007-02-20 09:32:39,121.384600,31.126500, 16, 22,0
7954,2007-02-20 09:32:55,121.385600,31.126800,  4, 22,0
7954,2007-02-20 09:33:24,121.385600,31.127800, 38,  0,0
7954,2007-02-20 09:33:40,121.385100,31.129600, 52,  0,0
7954,2007-02-20 09:34:57,121.384600,31.131600,  0,  0,0
7954,2007-02-20 09:35:58,121.384500,31.131600,  0, 67,0
7954,2007-02-20 09:36:59,121.384500,31.131600,  0, 67,0
7954,2007-02-20 09:37:34,121.384800,31.130600, 26, 90,0
7954,2007-02-20 09:37:50,121.385100,31.129500, 40, 90,0
7954,2007-02-20 09:38:06,121.385600,31.128000, 42, 90,0
7954,2007-02-20 09:38:22,121.386000,31.126800, 26, 90,0
7954,2007-02-20 09:38:38,121.386300,31.125600, 34, 90,0
7954,2007-02-20 09:40:27,121.390300,31.127600, 14, 67,1
7954,2007-02-20 09:41:28,121.390300,31.127600,  0, 67,1
7954,2007-02-20 09:42:29,121.393800,31.129500, 76, 22,1
7954,2007-02-20 09:43:30,121.397600,31.133300,  0, 22,1
7954,2007-02-20 09:44:31,121.397000,31.134800, 34,157,1
7954,2007-02-20 09:44:56,121.396100,31.134500,  0,112,0
7954,2007-02-20 09:45:11,121.396000,31.134500,  0,135,0
7954,2007-02-20 09:46:57,121.396800,31.135000,  8,  0,0
7954,2007-02-20 09:47:13,121.396300,31.136500, 38,  0,0
7954,2007-02-20 09:47:57,121.396600,31.137100, 40, 22,0
7954,2007-02-20 09:48:13,121.398000,31.137800,  4, 22,0
7954,2007-02-20 09:49:02,121.398100,31.138600, 42,157,0
7954,2007-02-20 09:49:18,121.397300,31.140300, 46,157,0
7954,2007-02-20 09:49:34,121.396600,31.141600, 24,  0,0
7954,2007-02-20 09:49:50,121.397500,31.142300, 36, 22,0
7954,2007-02-20 09:50:22,121.400600,31.143800, 12, 22,0
7954,2007-02-20 09:51:18,121.400500,31.146000, 46,  0,0
7954,2007-02-20 09:51:34,121.400000,31.147300, 28,  0,0
7954,2007-02-20 09:51:50,121.401500,31.147800, 54, 45,0
7954,2007-02-20 09:52:06,121.403100,31.148100, 40, 45,0
7954,2007-02-20 09:53:07,121.404000,31.148300,  0, 45,0
7954,2007-02-20 09:54:08,121.404000,31.148300,  0, 45,0
7954,2007-02-20 09:54:44,121.405100,31.148600, 36, 45,0
7954,2007-02-20 09:55:24,121.407500,31.149500, 34, 45,0
7954,2007-02-20 09:55:40,121.408800,31.149800, 42, 45,0
7954,2007-02-20 09:55:56,121.410300,31.150300, 30, 22,0
7954,2007-02-20 09:56:12,121.411800,31.151000, 26, 22,0
7954,2007-02-20 09:56:28,121.411300,31.152100, 44,157,0
7954,2007-02-20 09:56:44,121.410600,31.153600, 16,  0,0
7954,2007-02-20 09:57:12,121.410300,31.154600, 42,  0,0
7954,2007-02-20 09:57:28,121.409600,31.156100, 42,  0,0
7954,2007-02-20 09:57:44,121.409300,31.157800, 44,  0,0
7954,2007-02-20 09:58:00,121.409600,31.158600, 34, 45,0
7954,2007-02-20 09:58:16,121.411300,31.159000, 44, 45,0
7954,2007-02-20 09:58:32,121.413100,31.159500, 42, 45,0
7954,2007-02-20 09:58:48,121.414600,31.159800, 48, 45,0
7954,2007-02-20 09:59:04,121.415100,31.161100, 48,  0,0
7954,2007-02-20 09:59:20,121.415000,31.162800, 40,  0,0
7954,2007-02-20 09:59:36,121.414600,31.164300, 36,  0,0
7954,2007-02-20 09:59:52,121.415800,31.164600, 46, 45,0
7954,2007-02-20 10:00:08,121.417800,31.164800, 46, 45,0
7954,2007-02-20 10:00:24,121.419800,31.165000, 46, 45,0
7954,2007-02-20 10:00:58,121.421000,31.165000, 18, 45,0
7954,2007-02-20 10:01:14,121.422300,31.165000, 32, 45,0
7954,2007-02-20 10:01:30,121.424000,31.165100, 36, 45,0
7954,2007-02-20 10:01:46,121.425800,31.165100, 42, 45,0
7954,2007-02-20 10:02:02,121.427500,31.165100, 36, 45,0
7954,2007-02-20 10:04:01,121.429100,31.165800, 46,  0,0
7954,2007-02-20 10:04:46,121.430000,31.168100, 50,  0,0
7954,2007-02-20 10:05:02,121.430100,31.170000, 28, 22,0
7954,2007-02-20 10:05:18,121.431300,31.170300, 26, 45,0
7954,2007-02-20 10:05:34,121.433100,31.170500, 32, 45,0
7954,2007-02-20 10:06:08,121.434100,31.170800, 48, 45,0
7954,2007-02-20 10:06:24,121.436500,31.171500, 52, 45,0
7954,2007-02-20 10:06:40,121.438600,31.172000, 52, 45,0
7954,2007-02-20 10:07:41,121.439600,31.172300,  0, 45,0
7954,2007-02-20 10:08:13,121.440800,31.172600, 50, 45,0
7954,2007-02-20 10:09:07,121.442000,31.172800, 34, 45,0
7954,2007-02-20 10:09:23,121.444000,31.173300, 56, 45,0
7954,2007-02-20 10:09:39,121.445600,31.174000, 22, 22,0
7954,2007-02-20 10:10:26,121.446000,31.174600, 12,157,0
7954,2007-02-20 10:10:43,121.445000,31.175000, 38,135,0
7954,2007-02-20 10:11:03,121.444000,31.175500, 20,157,0
7954,2007-02-20 10:11:19,121.443000,31.176500, 42,157,0
7954,2007-02-20 10:11:35,121.441800,31.178000, 46,157,0
7954,2007-02-20 10:11:51,121.440800,31.179500, 38,157,0
7954,2007-02-20 10:12:07,121.440300,31.180800, 28,  0,0
7954,2007-02-20 10:12:23,121.440100,31.182100, 28,  0,0
7954,2007-02-20 10:12:39,121.441500,31.183100, 52, 22,0
7954,2007-02-20 10:12:55,121.443100,31.184500, 50, 22,0
7954,2007-02-20 10:13:11,121.443800,31.184300, 40, 90,0
7954,2007-02-20 10:13:43,121.444800,31.182100, 32, 90,0
7954,2007-02-20 10:14:02,121.445600,31.182000, 30, 45,0
7954,2007-02-20 10:14:18,121.447100,31.182300, 26, 45,0
7954,2007-02-20 10:14:37,121.447300,31.181600, 40, 90,0
7954,2007-02-20 10:14:53,121.447600,31.179800, 56, 90,0
7954,2007-02-20 10:15:09,121.448100,31.177800, 44, 90,0
7954,2007-02-20 10:15:25,121.447800,31.176000, 44, 90,0
7954,2007-02-20 10:15:57,121.446100,31.174600, 28,157,0
7954,2007-02-20 10:16:13,121.445000,31.175000, 38,135,0
7954,2007-02-20 10:16:45,121.441500,31.175600, 30,135,0
7954,2007-02-20 10:17:02,121.440500,31.176000, 34,157,0
7954,2007-02-20 10:17:18,121.439300,31.177500, 54,157,0
7954,2007-02-20 10:17:34,121.437600,31.179100, 50,157,0
7954,2007-02-20 10:17:50,121.436600,31.179500, 18,157,0
7954,2007-02-20 10:18:06,121.437800,31.180500, 52, 22,0
7954,2007-02-20 10:18:22,121.439600,31.181300, 52, 22,0
7954,2007-02-20 10:18:38,121.441000,31.182500, 32, 22,0
7954,2007-02-20 10:18:54,121.442300,31.183600, 44, 22,0
7954,2007-02-20 10:19:10,121.443100,31.184300, 14, 22,0
7954,2007-02-20 10:19:44,121.443600,31.184600, 16, 90,0
7954,2007-02-20 10:20:00,121.444100,31.183600, 22, 90,0
7954,2007-02-20 10:20:17,121.444500,31.182600, 32, 90,0
7954,2007-02-20 10:20:33,121.445000,31.181800, 18, 45,0
7954,2007-02-20 10:20:49,121.446500,31.182100, 42, 45,0
7954,2007-02-20 10:21:05,121.447300,31.181800, 40, 90,0
7954,2007-02-20 10:21:21,121.447500,31.180100, 48, 90,0
7954,2007-02-20 10:21:37,121.448100,31.178300, 42, 90,0
7954,2007-02-20 10:21:53,121.448000,31.176800, 42, 90,0
7954,2007-02-20 10:22:09,121.447600,31.175500, 36, 90,0
7954,2007-02-20 10:22:25,121.447000,31.174500, 32,112,0
7954,2007-02-20 10:22:42,121.446000,31.174600, 42,157,0
7954,2007-02-20 10:23:05,121.445500,31.175000, 24,135,1
7954,2007-02-20 10:24:06,121.443800,31.175300, 16,135,1
7954,2007-02-20 10:25:07,121.440500,31.176000,  0,157,1
7954,2007-02-20 10:26:08,121.439600,31.172500, 22,112,1
7954,2007-02-20 10:27:09,121.435500,31.171300, 48,135,1
7954,2007-02-20 10:28:10,121.430300,31.170300,  0,135,1
7954,2007-02-20 10:29:11,121.429600,31.170100, 24,135,1
7954,2007-02-20 10:30:12,121.423600,31.170000,  0,135,1
7954,2007-02-20 10:31:13,121.420000,31.169500, 36,135,1
7954,2007-02-20 10:32:14,121.414300,31.168600,  0,135,1
7954,2007-02-20 10:33:15,121.414300,31.168600,  0,135,1
7954,2007-02-20 10:34:16,121.414100,31.166500,  0, 90,1
7954,2007-02-20 10:35:17,121.414500,31.164800,  0, 90,1
7954,2007-02-20 10:36:05,121.415000,31.161600,  0, 90,0
7954,2007-02-20 10:36:21,121.415000,31.161600,  0, 90,0
7954,2007-02-20 10:37:04,121.415000,31.162500, 44,  0,0
7954,2007-02-20 10:37:20,121.414600,31.164100, 40,  0,0
7954,2007-02-20 10:37:36,121.414300,31.166000, 30,  0,0
7954,2007-02-20 10:37:52,121.414100,31.167300, 48,  0,0
7954,2007-02-20 10:38:08,121.414000,31.168300,  0,  0,0
7954,2007-02-20 10:38:39,121.413800,31.169300, 46,  0,0
7954,2007-02-20 10:39:27,121.412300,31.173600, 50,  0,0
7954,2007-02-20 10:40:27,121.411600,31.175600, 30,  0,0
7954,2007-02-20 10:40:43,121.411300,31.176800, 32,  0,0
7954,2007-02-20 10:40:59,121.410800,31.178100, 36,  0,0
7954,2007-02-20 10:41:38,121.410500,31.179100, 32,  0,0
7954,2007-02-20 10:41:59,121.410000,31.180000, 24,  0,0
7954,2007-02-20 10:42:15,121.409600,31.181300, 32,  0,0
7954,2007-02-20 10:42:54,121.409500,31.182100, 22,  0,1
7954,2007-02-20 10:43:55,121.409100,31.188800, 38, 45,1
7954,2007-02-20 10:44:56,121.416300,31.190800, 46, 45,1
7954,2007-02-20 10:45:57,121.421500,31.184500, 68, 67,1
7954,2007-02-20 10:46:58,121.431500,31.181000, 70, 45,1
7954,2007-02-20 10:49:00,121.446300,31.187100, 14, 22,1
7954,2007-02-20 10:50:01,121.449100,31.188000, 22, 45,1
7954,2007-02-20 10:51:02,121.451100,31.188500, 12, 45,1
7954,2007-02-20 10:52:03,121.457000,31.191500, 44, 22,1
7954,2007-02-20 10:53:04,121.464600,31.196100, 64, 22,1
7954,2007-02-20 10:54:05,121.474300,31.199600, 78, 45,1
7954,2007-02-20 10:55:06,121.484300,31.203000, 50, 22,1
7954,2007-02-20 10:56:07,121.483100,31.208300, 44,  0,1
7954,2007-02-20 10:57:08,121.482500,31.210600, 22,  0,1
7954,2007-02-20 10:58:09,121.483600,31.213800,  0, 45,1
7954,2007-02-20 10:58:44,121.484100,31.213300,  0, 45,0
7954,2007-02-20 11:00:09,121.484000,31.213500, 12,135,1
7954,2007-02-20 11:01:10,121.484800,31.214100,  0, 45,1
7954,2007-02-20 11:02:11,121.486000,31.214300, 48, 45,1
7954,2007-02-20 11:03:12,121.495100,31.213100, 18, 45,1
7954,2007-02-20 11:04:13,121.495100,31.213100,  8, 45,1
7954,2007-02-20 11:05:14,121.496600,31.211600,  0, 67,1
7954,2007-02-20 11:06:15,121.499000,31.212300, 24, 22,1
7954,2007-02-20 11:07:16,121.502000,31.217300, 64,157,1
7954,2007-02-20 11:08:17,121.496600,31.226500, 72,157,1
7954,2007-02-20 11:09:18,121.493800,31.229300, 68,157,1
7954,2007-02-20 11:10:19,121.491000,31.231800, 16,157,1
7954,2007-02-20 11:11:20,121.486000,31.237600, 44,  0,1
7954,2007-02-20 11:12:21,121.485600,31.242600, 28,  0,1
7954,2007-02-20 11:13:22,121.485100,31.250500, 48,  0,1
7954,2007-02-20 11:14:23,121.484600,31.252800,  0, 22,1
7954,2007-02-20 11:15:24,121.482500,31.256300, 40,  0,1
7954,2007-02-20 11:16:25,121.484100,31.261500,  0,  0,1
7954,2007-02-20 11:17:26,121.484600,31.262300, 18,  0,1
7954,2007-02-20 11:18:27,121.486000,31.265300,  0,  0,1
7954,2007-02-20 11:19:28,121.486300,31.265300,  0,  0,1
7954,2007-02-20 11:20:29,121.488600,31.269300, 36, 22,1
7954,2007-02-20 11:21:30,121.487800,31.273300, 40,157,1
7954,2007-02-20 11:21:54,121.486800,31.274800,  0,  0,0
7954,2007-02-20 11:22:10,121.486800,31.274800,  0,  0,0
7954,2007-02-20 11:22:47,121.486300,31.275600, 44,157,0
7954,2007-02-20 11:23:03,121.485800,31.277100, 40,  0,0
7954,2007-02-20 11:24:04,121.485800,31.278000,  0,  0,0
7954,2007-02-20 11:24:21,121.485000,31.278500, 42,135,0
7954,2007-02-20 11:24:37,121.483000,31.278500, 52,135,0
7954,2007-02-20 11:24:53,121.481300,31.278100, 14,112,0
7954,2007-02-20 11:25:09,121.480300,31.277600, 34,112,0
7954,2007-02-20 11:25:25,121.479100,31.277000, 42,135,0
7954,2007-02-20 11:25:41,121.477000,31.276800, 50,135,0
7954,2007-02-20 11:25:57,121.475300,31.277100, 38,135,0
7954,2007-02-20 11:26:58,121.474100,31.277500,  0,135,0
7954,2007-02-20 11:27:59,121.474100,31.277500,  0,135,0
7954,2007-02-20 11:28:36,121.473300,31.277100, 18, 90,0
7954,2007-02-20 11:28:52,121.473000,31.275300, 56, 90,0
7954,2007-02-20 11:29:08,121.472300,31.273600, 36,112,0
7954,2007-02-20 11:29:25,121.471300,31.272800, 24,157,0
7954,2007-02-20 11:29:41,121.469800,31.274100, 52,157,0
7954,2007-02-20 11:29:57,121.468500,31.275300,  6,157,0
7954,2007-02-20 11:32:18,121.462000,31.273600, 48,157,1
7954,2007-02-20 11:33:19,121.456600,31.276500, 30,112,1
7954,2007-02-20 11:34:20,121.454100,31.280600,  0,  0,1
7954,2007-02-20 11:35:21,121.454000,31.281000,  0,  0,1
7954,2007-02-20 11:36:22,121.453600,31.281300,  0,135,1
7954,2007-02-20 11:37:23,121.448300,31.281300, 34,135,1
7954,2007-02-20 11:38:23,121.447100,31.281100, 40,135,1
7954,2007-02-20 11:39:24,121.441500,31.280800, 44,135,1
7954,2007-02-20 11:43:46,121.427300,31.274500,  0,112,1
7954,2007-02-20 11:45:37,121.422600,31.272100, 46,157,1
7954,2007-02-20 11:46:37,121.420300,31.272300, 42,112,1
7954,2007-02-20 11:47:25,121.418300,31.273100,  0,  0,0
7954,2007-02-20 11:48:42,121.419000,31.272800,  0,  0,0
7954,2007-02-20 11:49:43,121.419600,31.272300,  0, 67,0
7954,2007-02-20 11:50:19,121.420500,31.272300, 32, 22,0
7954,2007-02-20 11:50:55,121.422100,31.272600, 28, 67,0
7954,2007-02-20 11:51:11,121.423000,31.272000, 30, 67,0
7954,2007-02-20 11:53:13,121.423000,31.271300,  0,112,0
7954,2007-02-20 11:54:14,121.423000,31.271300,  0,112,0
7954,2007-02-20 11:57:17,121.422600,31.270600, 36,112,0
7954,2007-02-20 11:57:33,121.422100,31.269100, 34, 90,0
7954,2007-02-20 11:57:49,121.422100,31.267600, 48, 90,0
7954,2007-02-20 11:58:05,121.421800,31.266800, 28,135,0
7954,2007-02-20 11:58:21,121.420500,31.266600, 26,135,0
7954,2007-02-20 11:58:37,121.419500,31.266600, 30,135,0
7954,2007-02-20 11:59:38,121.418300,31.266600,  0,135,0
7954,2007-02-20 12:00:39,121.418300,31.266600,  0,135,0
7954,2007-02-20 12:01:08,121.417100,31.266600, 28,135,0
7954,2007-02-20 12:01:32,121.416000,31.266800, 38,135,0
7954,2007-02-20 12:01:48,121.414300,31.267100, 20,135,0
7954,2007-02-20 12:02:04,121.412500,31.267500, 58,135,0
7954,2007-02-20 12:02:20,121.411100,31.267600,  0,135,0
7954,2007-02-20 12:02:38,121.410800,31.266800, 50, 90,0
7954,2007-02-20 12:02:54,121.410100,31.265800, 32,135,0
7954,2007-02-20 12:03:10,121.408500,31.266000, 48,135,0
7954,2007-02-20 12:03:26,121.406800,31.267000, 44,157,0
7954,2007-02-20 12:04:19,121.405800,31.267600, 14,157,0
7954,2007-02-20 12:04:35,121.405100,31.266800, 54, 90,0
7954,2007-02-20 12:04:51,121.405000,31.264500, 48, 90,0
7954,2007-02-20 12:05:07,121.404800,31.262800, 42, 90,0
7954,2007-02-20 12:05:23,121.404100,31.261100, 52,112,0
7954,2007-02-20 12:05:39,121.401800,31.260100, 58,112,0
7954,2007-02-20 12:06:22,121.400600,31.260000, 16,135,0
7954,2007-02-20 12:06:38,121.400600,31.258800, 48, 90,0
7954,2007-02-20 12:07:10,121.402000,31.254800, 52, 67,0
7954,2007-02-20 12:07:26,121.402500,31.253500,  0, 90,0
7954,2007-02-20 12:08:04,121.402500,31.252600, 22, 90,0
7954,2007-02-20 12:08:20,121.402800,31.251600, 38, 90,0
7954,2007-02-20 12:08:36,121.403100,31.250300, 24, 90,0
7954,2007-02-20 12:08:52,121.403500,31.249000, 38, 90,0
7954,2007-02-20 12:09:40,121.404000,31.248000, 10, 90,0
7954,2007-02-20 12:09:56,121.404100,31.247000, 36, 90,0
7954,2007-02-20 12:10:12,121.404600,31.245800, 12, 90,0
7954,2007-02-20 12:10:28,121.405000,31.244600, 38, 67,0
7954,2007-02-20 12:11:29,121.405100,31.244500,  0, 67,0
7954,2007-02-20 12:11:55,121.406000,31.243800, 36, 45,0
7954,2007-02-20 12:12:11,121.407600,31.243100, 46, 67,0
7954,2007-02-20 12:12:27,121.409300,31.241800, 52, 67,0
7954,2007-02-20 12:12:43,121.410600,31.240800, 14, 90,0
7954,2007-02-20 12:12:59,121.410000,31.239800, 44,112,0
7954,2007-02-20 12:13:24,121.409100,31.239100, 18,112,0
7954,2007-02-20 12:13:40,121.408000,31.237500, 54,112,0
7954,2007-02-20 12:13:56,121.406300,31.235100, 70,112,0
7954,2007-02-20 12:14:12,121.405500,31.233500, 26, 90,0
7954,2007-02-20 12:14:44,121.405100,31.230800, 34, 90,0
7954,2007-02-20 12:15:00,121.405800,31.229100, 58, 90,0
7954,2007-02-20 12:15:16,121.406300,31.226600, 72, 90,0
7954,2007-02-20 12:15:32,121.406100,31.224100, 54, 90,0
7954,2007-02-20 12:15:48,121.406000,31.222100, 58, 90,0
7954,2007-02-20 12:16:04,121.406000,31.219800, 74, 90,0
7954,2007-02-20 12:16:20,121.406800,31.216600, 88, 90,0
7954,2007-02-20 12:16:36,121.408100,31.213600, 84, 90,0
7954,2007-02-20 12:16:52,121.407300,31.210600, 88, 90,0
7954,2007-02-20 12:17:08,121.407100,31.207300, 86, 90,0
7954,2007-02-20 12:17:24,121.407600,31.204300, 76, 90,0
7954,2007-02-20 12:17:40,121.408800,31.201500, 78, 67,0
7954,2007-02-20 12:17:56,121.410500,31.199000, 74, 67,0
7954,2007-02-20 12:18:12,121.412500,31.196500, 80, 67,0
7954,2007-02-20 12:18:28,121.414000,31.194300, 64, 67,0
7954,2007-02-20 12:18:44,121.415100,31.192600, 46, 67,0
7954,2007-02-20 12:19:00,121.415800,31.191800,  8, 90,0
7954,2007-02-20 12:19:20,121.416500,31.191000, 20, 67,0
7954,2007-02-20 12:19:36,121.418500,31.191800, 42, 22,0
7954,2007-02-20 12:20:27,121.419500,31.192300, 16, 22,0
7954,2007-02-20 12:20:43,121.419300,31.193100, 48,157,0
7954,2007-02-20 12:20:59,121.418100,31.194800, 40,157,0
7954,2007-02-20 12:22:00,121.418300,31.195300,  0, 22,0
7954,2007-02-20 12:23:01,121.418300,31.195300,  0, 22,0
7954,2007-02-20 12:24:02,121.418300,31.195300,  0, 22,0
7954,2007-02-20 12:25:03,121.418300,31.195300,  0, 22,0
7954,2007-02-20 12:26:04,121.418300,31.195300,  0, 22,0
7954,2007-02-20 12:27:05,121.418300,31.195300,  0, 22,0
7954,2007-02-20 12:28:06,121.418300,31.195300,  0, 22,0
7954,2007-02-20 12:29:07,121.418300,31.195300,  0, 22,0
7954,2007-02-20 12:30:08,121.418300,31.195300,  0, 22,0
7954,2007-02-20 12:31:09,121.418300,31.195300,  0, 22,0
7954,2007-02-20 12:32:10,121.418300,31.195300,  0, 22,0
7954,2007-02-20 12:33:11,121.418300,31.195300,  0, 22,0
7954,2007-02-20 12:34:12,121.418300,31.195300,  0, 22,0
7954,2007-02-20 12:35:13,121.418300,31.195300,  0, 22,0
7954,2007-02-20 12:36:14,121.418300,31.195300,  0, 22,0
7954,2007-02-20 12:37:15,121.418300,31.195300,  0, 22,0
7954,2007-02-20 12:38:16,121.418300,31.195300,  0, 22,0
7954,2007-02-20 12:39:17,121.418300,31.195300,  0, 22,0
7954,2007-02-20 12:40:18,121.418300,31.195300,  0, 22,0
7954,2007-02-20 12:41:19,121.418300,31.195300,  0, 22,0
7954,2007-02-20 12:42:20,121.418300,31.195300,  0, 22,0
7954,2007-02-20 12:43:21,121.418300,31.195300,  0, 22,0
7954,2007-02-20 12:44:22,121.418300,31.195300,  0, 22,0
7954,2007-02-20 12:45:23,121.418300,31.195300,  0, 22,0
7954,2007-02-20 12:46:24,121.418300,31.195300,  0, 22,0
7954,2007-02-20 12:47:25,121.418300,31.195300,  0, 22,0
7954,2007-02-20 12:48:26,121.418300,31.195300,  0, 22,0
7954,2007-02-20 12:49:27,121.418300,31.195300,  0, 22,0
7954,2007-02-20 12:50:28,121.418300,31.195300,  0, 22,0
7954,2007-02-20 12:51:29,121.418300,31.195300,  0, 22,0
7954,2007-02-20 12:52:30,121.418300,31.195300,  0, 22,0
7954,2007-02-20 12:53:31,121.418300,31.195300,  0, 22,0
7954,2007-02-20 12:54:32,121.418300,31.195300,  0, 22,0
7954,2007-02-20 12:55:33,121.418300,31.195300,  0, 22,0
7954,2007-02-20 12:56:34,121.418500,31.195300,  0, 22,0
7954,2007-02-20 12:57:35,121.418500,31.195300,  0, 22,0
7954,2007-02-20 12:58:36,121.418500,31.195300,  0, 22,0
7954,2007-02-20 12:59:37,121.418500,31.195300,  0, 22,0
7954,2007-02-20 13:00:38,121.418500,31.195300,  0, 22,0
7954,2007-02-20 13:01:38,121.418600,31.193500, 38, 90,0
7954,2007-02-20 13:01:54,121.418500,31.194600,  0, 90,0
7954,2007-02-20 13:02:55,121.418500,31.195300,  0, 90,0
7954,2007-02-20 13:03:56,121.418500,31.195300,  0, 90,0
7954,2007-02-20 13:05:58,121.418500,31.195300,  0, 90,0
7954,2007-02-20 13:06:18,121.419600,31.195000, 22, 67,0
7954,2007-02-20 13:07:19,121.420800,31.194500,  0, 67,0
7954,2007-02-20 13:08:20,121.420800,31.194500,  0, 67,0
7954,2007-02-20 13:08:45,121.421500,31.194100, 30, 67,1
7954,2007-02-20 13:09:46,121.420000,31.192500, 20, 90,1
7954,2007-02-20 13:10:47,121.423000,31.187000, 40,112,1
7954,2007-02-20 13:11:48,121.421800,31.184800,  0, 90,1
7954,2007-02-20 13:12:49,121.427100,31.182800, 46, 67,1
7954,2007-02-20 13:13:50,121.427000,31.179600, 70,135,1
7954,2007-02-20 13:14:51,121.423500,31.178500,  0,112,1
7954,2007-02-20 13:15:52,121.424800,31.176000,  2, 67,1
7954,2007-02-20 13:16:53,121.426000,31.170600, 22, 90,1
7954,2007-02-20 13:17:54,121.426500,31.166000, 52, 90,1
7954,2007-02-20 13:18:37,121.426300,31.164800,  0, 90,0
7954,2007-02-20 13:18:39,121.426300,31.164800,  0, 90,0
7954,2007-02-20 13:19:13,121.426300,31.163800, 40, 90,0
7954,2007-02-20 13:19:29,121.425100,31.163000, 48,135,0
7954,2007-02-20 13:19:45,121.423000,31.162600, 52,135,0
7954,2007-02-20 13:20:01,121.421000,31.162000, 46,135,0
7954,2007-02-20 13:20:17,121.418600,31.161100, 64,135,0
7954,2007-02-20 13:20:33,121.416000,31.160300, 54,135,0
7954,2007-02-20 13:20:49,121.415300,31.161100, 56,  0,0
7954,2007-02-20 13:21:05,121.415000,31.163100, 48,  0,0
7954,2007-02-20 13:21:21,121.414800,31.164500, 16,  0,0
7954,2007-02-20 13:22:22,121.415300,31.164500, 20, 45,0
7954,2007-02-20 13:22:23,121.415300,31.164500, 24, 45,1
7954,2007-02-20 13:23:23,121.425500,31.165300, 66, 45,1
7954,2007-02-20 13:24:24,121.426100,31.169600,  0,  0,1
7954,2007-02-20 13:25:25,121.426100,31.169600,  0,  0,1
7954,2007-02-20 13:26:26,121.425300,31.175000, 58,157,1
7954,2007-02-20 13:27:27,121.429300,31.177600, 32, 22,1
7954,2007-02-20 13:28:04,121.430000,31.178300,  0, 67,0
7954,2007-02-20 13:28:20,121.430000,31.178300,  0, 67,0
7954,2007-02-20 13:29:02,121.429300,31.178500,  8, 67,1
7954,2007-02-20 13:30:02,121.428600,31.176500,  0, 90,1
7954,2007-02-20 13:31:03,121.430100,31.176300,  0, 45,1
7954,2007-02-20 13:32:04,121.431100,31.178800, 44,  0,1
7954,2007-02-20 13:33:05,121.431500,31.181600,  0,  0,1
7954,2007-02-20 13:34:06,121.431500,31.182100, 34,  0,1
7954,2007-02-20 13:36:08,121.432500,31.190500, 40,  0,1
7954,2007-02-20 13:37:09,121.437800,31.191600, 38, 22,1
7954,2007-02-20 13:38:10,121.442100,31.193300, 34, 45,1
7954,2007-02-20 13:39:11,121.447500,31.196100,  0,  0,1
7954,2007-02-20 13:40:12,121.448800,31.196600, 48, 22,1
7954,2007-02-20 13:41:13,121.456800,31.200000, 20, 22,1
7954,2007-02-20 13:42:14,121.457600,31.200100, 30, 45,1
7954,2007-02-20 13:43:15,121.461500,31.202100, 48, 22,1
7954,2007-02-20 13:43:30,121.462100,31.202600,  0, 22,0
7954,2007-02-20 13:43:45,121.462800,31.203000, 38, 45,0
7954,2007-02-20 13:44:01,121.463300,31.202100, 44, 90,0
7954,2007-02-20 13:44:17,121.464000,31.200100, 54, 90,0
7954,2007-02-20 13:44:33,121.464800,31.198500, 50, 90,0
7954,2007-02-20 13:44:49,121.465000,31.197100, 14, 90,0
7954,2007-02-20 13:45:47,121.465500,31.196300, 36, 90,0
7954,2007-02-20 13:46:03,121.465800,31.195000, 30, 45,0
7954,2007-02-20 13:46:19,121.467500,31.195300, 36, 45,0
7954,2007-02-20 13:46:35,121.468600,31.195600, 26, 22,0
7954,2007-02-20 13:47:07,121.471000,31.195600, 32, 45,0
7954,2007-02-20 13:47:23,121.472600,31.196300, 48, 22,0
7954,2007-02-20 13:48:01,121.474000,31.197000, 24, 22,1
7954,2007-02-20 13:49:01,121.473300,31.199300, 18,157,1
7954,2007-02-20 13:51:03,121.471000,31.204600,  0,  0,1
7954,2007-02-20 13:52:04,121.471000,31.204600,  0,  0,1
7954,2007-02-20 13:53:05,121.468600,31.211100, 34,157,1
7954,2007-02-20 13:54:06,121.466100,31.217600, 48,  0,1
7954,2007-02-20 13:55:07,121.464800,31.226000, 48,157,1
7954,2007-02-20 13:56:08,121.462000,31.235100, 70,  0,1
7954,2007-02-20 13:56:57,121.458600,31.242500, 58,  0,1
7954,2007-02-20 13:57:57,121.459000,31.252000, 78,  0,1
7954,2007-02-20 13:58:58,121.458500,31.262600, 76, 22,1
7954,2007-02-20 13:59:59,121.469100,31.270000, 88, 22,1
7954,2007-02-20 14:01:00,121.475500,31.279600, 74, 22,1
7954,2007-02-20 14:02:01,121.479600,31.289000, 78,  0,1
7954,2007-02-20 14:03:01,121.484500,31.297300, 68,  0,1
7954,2007-02-20 14:04:02,121.481300,31.305300, 42,  0,1
7954,2007-02-20 14:05:03,121.485500,31.306500,  6, 22,1
7954,2007-02-20 14:08:06,121.485800,31.316500, 34,  0,1
7954,2007-02-20 14:09:07,121.488500,31.317600,  0, 45,1
7954,2007-02-20 14:10:08,121.488600,31.320600,  0,  0,1
7954,2007-02-20 14:10:11,121.488600,31.320600,  0,  0,0
7954,2007-02-20 14:11:11,121.488600,31.320600,  0,135,0
7954,2007-02-20 14:12:54,121.488300,31.317800, 26,135,0
7954,2007-02-20 14:13:10,121.486600,31.317800, 32,135,0
7954,2007-02-20 14:13:52,121.485800,31.317300, 32, 90,0
7954,2007-02-20 14:14:08,121.485600,31.316000, 22, 90,0
7954,2007-02-20 14:14:24,121.485500,31.314600, 38, 90,0
7954,2007-02-20 14:14:40,121.485500,31.313500, 12, 90,0
7954,2007-02-20 14:14:56,121.484000,31.313500, 42,135,0
7954,2007-02-20 14:15:12,121.481800,31.313500, 44,135,0
7954,2007-02-20 14:15:44,121.480600,31.313500, 16,135,0
7954,2007-02-20 14:16:00,121.480500,31.312100, 48, 90,0
7954,2007-02-20 14:16:16,121.480500,31.310600, 28, 90,0
7954,2007-02-20 14:16:32,121.480100,31.310000, 40,135,0
7954,2007-02-20 14:16:48,121.477800,31.310000, 54,135,0
7954,2007-02-20 14:17:44,121.474600,31.309500, 54,135,0
7954,2007-02-20 14:18:00,121.472100,31.309100, 44,135,0
7954,2007-02-20 14:18:57,121.471500,31.308500, 30, 90,0
7954,2007-02-20 14:19:13,121.471600,31.306800, 34, 90,0
7954,2007-02-20 14:19:45,121.471600,31.303500, 54, 90,0
7954,2007-02-20 14:20:01,121.471800,31.301500, 48, 90,0
7954,2007-02-20 14:20:17,121.471800,31.299800, 44, 90,0
7954,2007-02-20 14:21:18,121.471800,31.299000,  0, 90,0
7954,2007-02-20 14:21:39,121.471800,31.298000, 52, 90,0
7954,2007-02-20 14:21:55,121.472000,31.295800, 48, 90,0
7954,2007-02-20 14:22:11,121.472500,31.294300, 38, 90,0
7954,2007-02-20 14:22:27,121.472800,31.292800, 32, 90,0
7954,2007-02-20 14:23:09,121.473000,31.291800, 34, 90,0
7954,2007-02-20 14:23:25,121.472800,31.290500, 30, 90,0
7954,2007-02-20 14:23:41,121.472600,31.289300, 24, 90,0
7954,2007-02-20 14:24:16,121.472500,31.288300, 38, 90,0
7954,2007-02-20 14:24:32,121.472100,31.286800, 50, 90,0
7954,2007-02-20 14:25:21,121.471800,31.285800, 26, 90,0
7954,2007-02-20 14:26:22,121.471800,31.285100,  4, 90,0
7954,2007-02-20 14:26:38,121.473000,31.284800, 42, 45,0
7954,2007-02-20 14:26:54,121.475000,31.284500, 52, 45,0
7954,2007-02-20 14:27:10,121.477500,31.284100, 48, 45,0
7954,2007-02-20 14:28:11,121.478100,31.284100,  0, 45,0
7954,2007-02-20 14:29:12,121.478800,31.284600, 24, 22,0
7954,2007-02-20 14:29:28,121.479000,31.287800, 52,  0,0
7954,2007-02-20 14:29:44,121.479500,31.289300, 42,  0,0
7954,2007-02-20 14:30:00,121.480600,31.287500, 52, 45,0
7954,2007-02-20 14:30:32,121.486100,31.287600, 78, 45,0
7954,2007-02-20 14:30:48,121.489800,31.287600, 78, 45,0
7954,2007-02-20 14:31:04,121.493000,31.287800, 70, 45,0
7954,2007-02-20 14:31:20,121.495800,31.289300, 74, 45,0
7954,2007-02-20 14:31:36,121.499300,31.289300, 86, 45,0
7954,2007-02-20 14:31:52,121.503000,31.288300, 88, 45,0
7954,2007-02-20 14:32:08,121.506600,31.287100, 84, 45,0
7954,2007-02-20 14:32:24,121.510100,31.286600, 82, 45,0
7954,2007-02-20 14:32:40,121.513800,31.287600, 90, 45,0
7954,2007-02-20 14:32:56,121.517300,31.287600, 82, 67,0
7954,2007-02-20 14:33:12,121.519000,31.284800, 86, 90,0
7954,2007-02-20 14:33:28,121.520100,31.282100, 70, 90,0
7954,2007-02-20 14:33:44,121.521300,31.279800, 68, 67,0
7954,2007-02-20 14:34:00,121.523500,31.277500, 90, 67,0
7954,2007-02-20 14:34:16,121.526300,31.275100, 84, 67,0
7954,2007-02-20 14:34:32,121.528100,31.272500, 84, 67,0
7954,2007-02-20 14:34:48,121.530000,31.269600, 82, 67,0
7954,2007-02-20 14:35:04,121.531800,31.267300, 72, 67,0
7954,2007-02-20 14:35:20,121.533500,31.265000, 78, 67,0
7954,2007-02-20 14:35:36,121.535100,31.262500, 72, 67,0
7954,2007-02-20 14:35:52,121.537100,31.260500, 70, 67,0
7954,2007-02-20 14:36:24,121.541300,31.257000, 72, 67,0
7954,2007-02-20 14:36:40,121.543800,31.255100, 78, 67,0
7954,2007-02-20 14:36:56,121.546500,31.253000, 84, 67,0
7954,2007-02-20 14:37:12,121.549600,31.251300, 88, 67,0
7954,2007-02-20 14:37:28,121.552800,31.249500, 86, 67,0
7954,2007-02-20 14:37:44,121.555500,31.247000, 88, 67,0
7954,2007-02-20 14:38:00,121.558000,31.244500, 80, 67,0
7954,2007-02-20 14:38:16,121.560000,31.242100, 82, 67,0
7954,2007-02-20 14:38:32,121.561600,31.239300, 80, 90,0
7954,2007-02-20 14:38:48,121.562800,31.236500, 86, 90,0
7954,2007-02-20 14:39:04,121.564100,31.233500, 88, 90,0
7954,2007-02-20 14:39:20,121.565500,31.230500, 84, 90,0
7954,2007-02-20 14:39:36,121.566300,31.227600, 80, 90,0
7954,2007-02-20 14:39:52,121.567000,31.224800, 76, 90,0
7954,2007-02-20 14:40:08,121.567600,31.222300, 66, 90,0
7954,2007-02-20 14:40:24,121.568100,31.219800, 60, 90,0
7954,2007-02-20 14:40:40,121.568500,31.218600, 10, 90,0
7954,2007-02-20 14:41:04,121.568600,31.217600, 40, 90,0
7954,2007-02-20 14:41:20,121.569100,31.215800, 60, 90,0
7954,2007-02-20 14:41:36,121.569800,31.213300, 70, 90,0
7954,2007-02-20 14:41:52,121.570300,31.210500, 78, 90,0
7954,2007-02-20 14:42:08,121.571100,31.207500, 88, 90,0
7954,2007-02-20 14:42:24,121.571800,31.204100, 86, 90,0
7954,2007-02-20 14:42:40,121.572600,31.200800, 88, 90,0
7954,2007-02-20 14:42:56,121.573300,31.198000, 66, 90,0
7954,2007-02-20 14:43:12,121.573800,31.196000, 34, 90,0
7954,2007-02-20 14:44:07,121.574100,31.195000, 40, 90,0
7954,2007-02-20 14:44:23,121.574600,31.193000, 70, 90,0
7954,2007-02-20 14:44:39,121.575300,31.190100, 76, 90,0
7954,2007-02-20 14:44:55,121.575800,31.188100, 22, 90,0
7954,2007-02-20 14:45:26,121.576100,31.187100, 50, 90,0
7954,2007-02-20 14:45:42,121.576800,31.184800, 78, 90,0
7954,2007-02-20 14:45:58,121.577600,31.181600, 94, 90,0
7954,2007-02-20 14:46:14,121.578600,31.178100, 98, 90,0
7954,2007-02-20 14:46:30,121.580000,31.174600, 98, 90,0
7954,2007-02-20 14:46:46,121.581300,31.171500, 88, 90,0
7954,2007-02-20 14:47:02,121.582800,31.168300, 98, 90,0
7954,2007-02-20 14:47:18,121.584300,31.164800, 90, 90,0
7954,2007-02-20 14:47:34,121.585600,31.161800, 88, 90,0
7954,2007-02-20 14:48:06,121.588100,31.155300, 92, 90,0
7954,2007-02-20 14:48:38,121.588600,31.149500, 76, 90,0
7954,2007-02-20 14:48:54,121.591000,31.148800, 74, 22,0
7954,2007-02-20 14:49:10,121.594100,31.150000, 80, 45,0
7954,2007-02-20 14:49:26,121.597300,31.151000, 86, 45,0
7954,2007-02-20 14:49:42,121.601100,31.152100,104, 45,0
7954,2007-02-20 14:49:58,121.605600,31.153300,100, 45,0
7954,2007-02-20 14:50:14,121.609600,31.154100,100, 45,0
7954,2007-02-20 14:50:46,121.617500,31.155100, 86, 45,0
7954,2007-02-20 14:51:18,121.624800,31.156000, 82, 45,0
7954,2007-02-20 14:51:34,121.628300,31.156500, 90, 45,0
7954,2007-02-20 14:51:50,121.632500,31.157000, 90, 45,0
7954,2007-02-20 14:52:06,121.636600,31.157100, 96, 45,0
7954,2007-02-20 14:52:22,121.641000,31.157100,102, 45,0
7954,2007-02-20 14:52:38,121.645300,31.157300,100, 45,0
7954,2007-02-20 14:52:54,121.649500,31.157600,104, 45,0
7954,2007-02-20 14:53:10,121.654300,31.158000,104, 45,0
7954,2007-02-20 14:53:26,121.658300,31.158600, 92, 45,0
7954,2007-02-20 14:53:42,121.662500,31.159800,106, 45,0
7954,2007-02-20 14:53:58,121.667000,31.161000,100, 45,0
7954,2007-02-20 14:54:13,121.670600,31.162100, 92, 45,0
7954,2007-02-20 14:54:30,121.674500,31.163500, 94, 22,0
7954,2007-02-20 14:54:46,121.678300,31.164800,102, 45,0
7954,2007-02-20 14:55:02,121.683000,31.166500,114, 22,0
7954,2007-02-20 14:55:18,121.687100,31.168000, 98, 22,0
7954,2007-02-20 14:55:34,121.690800,31.169300,106, 22,0
7954,2007-02-20 14:55:50,121.695100,31.170800, 98, 22,0
7954,2007-02-20 14:56:06,121.698800,31.172000, 84, 22,0
7954,2007-02-20 14:56:22,121.702300,31.173300, 92, 22,0
7954,2007-02-20 14:56:38,121.706000,31.174600, 92, 22,0
7954,2007-02-20 14:56:54,121.710100,31.176000,100, 22,0
7954,2007-02-20 14:57:10,121.714100,31.177500,102, 22,0
7954,2007-02-20 14:57:42,121.721800,31.180300,102, 22,0
7954,2007-02-20 14:57:58,121.726000,31.181600,106, 22,0
7954,2007-02-20 14:58:14,121.730300,31.183100, 90, 22,0
7954,2007-02-20 14:58:30,121.733600,31.184300, 90, 22,0
7954,2007-02-20 14:58:46,121.737500,31.185800, 86, 22,0
7954,2007-02-20 14:59:02,121.741000,31.187000, 88, 45,0
7954,2007-02-20 14:59:18,121.744800,31.188000, 90, 45,0
7954,2007-02-20 14:59:34,121.749000,31.188600,100, 45,0
7954,2007-02-20 14:59:50,121.753000,31.189100, 86, 45,0
7954,2007-02-20 15:00:06,121.757000,31.189800,102, 45,0
7954,2007-02-20 15:00:22,121.761300,31.190500,100, 45,0
7954,2007-02-20 15:00:38,121.765600,31.190500, 94, 45,0
7954,2007-02-20 15:00:54,121.769800,31.190000,102, 45,0
7954,2007-02-20 15:01:10,121.774000,31.188600, 92, 67,0
7954,2007-02-20 15:01:26,121.777500,31.187000, 98, 67,0
7954,2007-02-20 15:01:42,121.780500,31.185000, 92, 67,0
7954,2007-02-20 15:01:58,121.783100,31.182500, 90, 67,0
7954,2007-02-20 15:02:13,121.784800,31.180300, 68, 67,0
7954,2007-02-20 15:03:02,121.789800,31.173300, 62, 67,0
7954,2007-02-20 15:03:18,121.791100,31.171300, 62, 67,0
7954,2007-02-20 15:03:33,121.792600,31.169300, 72, 67,0
7954,2007-02-20 15:03:50,121.794600,31.166500, 86, 67,0
7954,2007-02-20 15:04:06,121.796600,31.163800, 86, 67,0
7954,2007-02-20 15:04:22,121.797800,31.161300, 60, 90,0
7954,2007-02-20 15:04:38,121.798500,31.159600, 44, 90,0
7954,2007-02-20 15:04:53,121.798500,31.158100, 46, 90,0
7954,2007-02-20 15:05:10,121.798000,31.156100, 54, 90,0
7954,2007-02-20 15:05:26,121.798600,31.154100, 48, 90,0
7954,2007-02-20 15:05:42,121.799300,31.152800,  8, 67,0
7954,2007-02-20 15:06:36,121.800100,31.151800, 22, 67,0
7954,2007-02-20 15:06:52,121.800600,31.150500, 36, 67,0
7954,2007-02-20 15:07:08,121.800600,31.149000, 44, 90,0
7954,2007-02-20 15:07:23,121.801300,31.147500, 48, 67,0
7954,2007-02-20 15:07:40,121.803100,31.146300, 54, 45,0
7954,2007-02-20 15:07:56,121.804000,31.147600, 36,  0,0
7954,2007-02-20 15:08:12,121.803300,31.149300, 48,  0,0
7954,2007-02-20 15:08:28,121.803000,31.150800, 34,  0,0
7954,2007-02-20 15:08:43,121.802600,31.152000, 28,157,0
7954,2007-02-20 15:09:00,121.802000,31.153600, 48,  0,0
7954,2007-02-20 15:09:16,121.801100,31.155000, 48,  0,0
7954,2007-02-20 15:09:32,121.800300,31.157300, 74,  0,0
7954,2007-02-20 15:09:48,121.799500,31.159500, 46,  0,0
7954,2007-02-20 15:10:03,121.798800,31.161000, 42,157,0
7954,2007-02-20 15:10:20,121.798100,31.162600, 38,157,0
7954,2007-02-20 15:10:36,121.797500,31.164100, 46,157,0
7954,2007-02-20 15:11:08,121.797000,31.165000, 26,157,0
7954,2007-02-20 15:11:24,121.795600,31.164800, 32,112,0
7954,2007-02-20 15:11:40,121.794500,31.165300, 48,157,0
7954,2007-02-20 15:11:56,121.793500,31.166800, 48,157,0
7954,2007-02-20 15:12:12,121.792100,31.168600, 54,157,0
7954,2007-02-20 15:12:35,121.790300,31.171300, 60,157,0
7954,2007-02-20 15:12:43,121.789600,31.172100, 60,157,0
7954,2007-02-20 15:13:00,121.788100,31.174300, 62,157,0
7954,2007-02-20 15:13:16,121.786100,31.174600, 54,135,0
7954,2007-02-20 15:13:32,121.784000,31.174000, 26,135,0
7954,2007-02-20 15:14:04,121.783100,31.173600, 52,135,0
7954,2007-02-20 15:14:20,121.780300,31.173000, 56,135,0
7954,2007-02-20 15:15:21,121.779500,31.172500, 26, 90,0
7954,2007-02-20 15:15:37,121.779800,31.171300, 36, 90,0
7954,2007-02-20 15:15:53,121.780500,31.169600, 56, 90,0
7954,2007-02-20 15:16:09,121.781100,31.167800, 54, 90,0
7954,2007-02-20 15:16:25,121.782000,31.166000, 22, 90,0
7954,2007-02-20 15:16:42,121.780800,31.165600, 42,135,0
7954,2007-02-20 15:17:15,121.778000,31.164800, 38,135,0
7954,2007-02-20 15:17:31,121.776600,31.164500, 14,112,0
7954,2007-02-20 15:17:53,121.775500,31.164000, 42,135,0
7954,2007-02-20 15:18:09,121.774000,31.163600, 42,135,0
7954,2007-02-20 15:18:25,121.771800,31.163000, 48,135,0
7954,2007-02-20 15:18:41,121.770500,31.162600, 16,135,0
7954,2007-02-20 15:19:05,121.770000,31.163500, 30,  0,0
7954,2007-02-20 15:19:21,121.769600,31.164800, 36,  0,0
7954,2007-02-20 15:19:37,121.769100,31.166300, 40,  0,0
7954,2007-02-20 15:20:38,121.769000,31.166800,  0,  0,0
7954,2007-02-20 15:21:39,121.769000,31.166800,  0,  0,0
7954,2007-02-20 15:22:40,121.769000,31.166800,  0,  0,0
7954,2007-02-20 15:23:41,121.769000,31.166800,  0,  0,0
7954,2007-02-20 15:25:43,121.769000,31.166800,  0,  0,0
7954,2007-02-20 15:26:44,121.769000,31.166800,  0,  0,0
7954,2007-02-20 15:27:45,121.769000,31.166800,  0, 22,0
7954,2007-02-20 15:28:46,121.769000,31.166800,  0, 22,0
7954,2007-02-20 15:29:47,121.769000,31.166800,  0, 22,0
7954,2007-02-20 15:30:48,121.769000,31.166800,  4,  0,0
7954,2007-02-20 15:31:03,121.768600,31.167800, 44,  0,0
7954,2007-02-20 15:31:26,121.768100,31.168800, 18,  0,0
7954,2007-02-20 15:32:43,121.767600,31.170100,  0,  0,0
7954,2007-02-20 15:33:43,121.767600,31.170100,  0,  0,0
7954,2007-02-20 15:34:45,121.767600,31.170100,  0,  0,0
7954,2007-02-20 15:35:46,121.767600,31.170100,  0,  0,0
7954,2007-02-20 15:36:47,121.767600,31.170100,  0,  0,0
7954,2007-02-20 15:37:48,121.767600,31.170100,  0,  0,0
7954,2007-02-20 15:38:48,121.767600,31.170100,  0,  0,0
7954,2007-02-20 15:39:50,121.767600,31.170100,  0,  0,0
7954,2007-02-20 15:40:51,121.767600,31.170100,  0,  0,0
7954,2007-02-20 15:41:52,121.767600,31.170100,  0,  0,0
7954,2007-02-20 15:42:53,121.767600,31.170100,  0,  0,0
7954,2007-02-20 15:43:53,121.767600,31.170100,  0,  0,0
7954,2007-02-20 15:44:55,121.767600,31.170100,  0,  0,0
7954,2007-02-20 15:45:56,121.767600,31.170100,  0,  0,0
7954,2007-02-20 15:46:57,121.767600,31.170100,  0,  0,0
7954,2007-02-20 15:47:58,121.767600,31.170100,  0,  0,0
7954,2007-02-20 15:48:38,121.767300,31.171000, 42,  0,0
7954,2007-02-20 15:48:55,121.766800,31.172600, 36,  0,0
7954,2007-02-20 15:49:56,121.766600,31.173100,  0,  0,0
7954,2007-02-20 15:50:57,121.766600,31.173100,  0,  0,0
7954,2007-02-20 15:52:58,121.766600,31.173100,  0, 90,0
7954,2007-02-20 15:54:00,121.766600,31.173100,  0, 90,0
7954,2007-02-20 15:55:01,121.766600,31.173100,  0, 90,0
7954,2007-02-20 15:56:02,121.766600,31.173100,  0, 90,0
7954,2007-02-20 15:57:03,121.766600,31.173100,  0, 90,0
7954,2007-02-20 15:58:03,121.766600,31.173100,  0, 90,0
7954,2007-02-20 15:59:05,121.766600,31.173100,  0, 90,0
7954,2007-02-20 16:01:07,121.766600,31.173100,  0,112,0
7954,2007-02-20 16:02:08,121.766600,31.173100,  0,112,0
7954,2007-02-20 16:03:08,121.766600,31.173100,  0,112,0
7954,2007-02-20 16:05:07,121.768000,31.175100, 38, 22,0
7954,2007-02-20 16:05:23,121.769500,31.175600, 38, 45,0
7954,2007-02-20 16:05:38,121.771000,31.176000, 34, 45,0
7954,2007-02-20 16:06:40,121.771500,31.176100,  0, 45,0
7954,2007-02-20 16:08:42,121.771500,31.176100,  0, 45,0
7954,2007-02-20 16:09:06,121.772500,31.176500,  8, 45,0
7954,2007-02-20 16:10:07,121.772600,31.176500,  0, 45,0
7954,2007-02-20 16:11:08,121.772600,31.176500,  0, 45,0
7954,2007-02-20 16:11:31,121.773600,31.176800, 22, 45,0
7954,2007-02-20 16:12:32,121.774300,31.177000, 10, 22,0
7954,2007-02-20 16:12:53,121.774100,31.177800, 30,  0,0
7954,2007-02-20 16:13:10,121.773300,31.179800, 68,157,0
7954,2007-02-20 16:13:26,121.772500,31.181800, 26,  0,0
7954,2007-02-20 16:13:52,121.772000,31.182600, 48,157,0
7954,2007-02-20 16:14:08,121.771100,31.184600, 56,  0,0
7954,2007-02-20 16:14:23,121.770300,31.186500, 54,  0,0
7954,2007-02-20 16:14:40,121.769500,31.188500, 54,  0,0
7954,2007-02-20 16:15:12,121.773500,31.188800, 84, 45,0
7954,2007-02-20 16:15:28,121.777000,31.187300, 90, 67,0
7954,2007-02-20 16:15:43,121.779800,31.185500, 92, 67,0
7954,2007-02-20 16:16:00,121.782600,31.183000, 82, 67,0
7954,2007-02-20 16:16:32,121.786000,31.178800, 72, 67,0
7954,2007-02-20 16:16:48,121.787600,31.176300, 76, 67,0
7954,2007-02-20 16:17:03,121.789100,31.174100, 72, 67,0
7954,2007-02-20 16:17:20,121.790800,31.171800, 64, 67,0
7954,2007-02-20 16:17:36,121.792300,31.169800, 66, 67,0
7954,2007-02-20 16:17:52,121.793800,31.167600, 70, 67,0
7954,2007-02-20 16:18:40,121.797800,31.161100, 48, 90,0
7954,2007-02-20 16:18:56,121.798500,31.159500, 46, 90,0
7954,2007-02-20 16:19:12,121.799100,31.157600, 62, 90,0
7954,2007-02-20 16:20:00,121.801300,31.152100, 38, 90,0
7954,2007-02-20 16:20:16,121.801800,31.150500, 48, 90,0
7954,2007-02-20 16:20:41,121.801500,31.150000, 30,135,0
7954,2007-02-20 16:21:41,121.800500,31.149800,  0,135,0
7954,2007-02-20 16:22:42,121.800500,31.149800,  0,135,0
7954,2007-02-20 16:23:43,121.800500,31.149800,  0,135,0
7954,2007-02-20 16:24:44,121.800500,31.149800,  0,135,0
7954,2007-02-20 16:25:45,121.800500,31.149800,  0,135,0
7954,2007-02-20 16:26:46,121.800500,31.149800,  0,135,0
7954,2007-02-20 16:27:47,121.800500,31.149800,  0,135,0
7954,2007-02-20 16:28:48,121.800500,31.149800,  0,135,0
7954,2007-02-20 16:29:49,121.800500,31.149800,  0,135,0
7954,2007-02-20 16:31:51,121.800500,31.149800,  0,135,0
7954,2007-02-20 16:32:52,121.800500,31.149800,  0,135,0
7954,2007-02-20 16:33:53,121.800500,31.149800,  0,135,0
7954,2007-02-20 16:35:55,121.800500,31.149800,  0,135,0
7954,2007-02-20 16:36:56,121.800500,31.149800,  0,135,0
7954,2007-02-20 16:37:57,121.800500,31.149800,  0,135,0
7954,2007-02-20 16:38:58,121.800500,31.149800,  0,135,0
7954,2007-02-20 16:39:59,121.800500,31.149800,  0,135,0
7954,2007-02-20 16:41:00,121.800500,31.149800,  0,135,0
7954,2007-02-20 16:42:01,121.800500,31.149800,  0,135,0
7954,2007-02-20 16:43:02,121.800500,31.149800,  0,135,0
7954,2007-02-20 16:44:03,121.800500,31.149800,  0,135,0
7954,2007-02-20 16:45:04,121.800500,31.149800,  0,135,0
7954,2007-02-20 16:46:05,121.800500,31.149800,  0,135,0
7954,2007-02-20 16:48:07,121.800500,31.149800,  0,135,0
7954,2007-02-20 16:49:08,121.800500,31.149800,  0,135,0
7954,2007-02-20 16:50:09,121.800500,31.149800,  0,135,0
7954,2007-02-20 16:51:10,121.800500,31.149800,  0,135,0
7954,2007-02-20 16:52:11,121.800500,31.149800,  0,135,0
7954,2007-02-20 16:53:12,121.800500,31.149800,  0,135,0
7954,2007-02-20 16:54:13,121.800500,31.149800,  0,135,0
7954,2007-02-20 16:55:14,121.800500,31.149800,  0,135,0
7954,2007-02-20 16:56:15,121.800500,31.149800,  0,135,0
7954,2007-02-20 16:57:16,121.800500,31.149800,  0,135,0
7954,2007-02-20 16:58:17,121.800500,31.149800,  0,135,0
7954,2007-02-20 16:59:18,121.800500,31.149800,  0,135,0
7954,2007-02-20 17:00:19,121.800500,31.149800,  0,135,0
7954,2007-02-20 17:01:20,121.800500,31.149800,  0,135,0
7954,2007-02-20 17:02:21,121.800500,31.149800,  0,135,0
7954,2007-02-20 17:03:22,121.800500,31.149800,  0,135,0
7954,2007-02-20 17:04:23,121.800500,31.149800,  0,135,0
7954,2007-02-20 17:05:24,121.800500,31.149800,  0,135,0
7954,2007-02-20 17:06:25,121.800500,31.149800,  0,135,0
7954,2007-02-20 17:07:26,121.800500,31.149800,  0,135,0
7954,2007-02-20 17:08:27,121.800500,31.149800,  0,135,0
7954,2007-02-20 17:09:28,121.800500,31.149800,  0,135,0
7954,2007-02-20 17:10:29,121.800500,31.149800,  0,135,0
7954,2007-02-20 17:11:30,121.800500,31.149800,  0,135,0
7954,2007-02-20 17:12:31,121.800500,31.149800,  0,135,0
7954,2007-02-20 17:13:32,121.800500,31.149800,  0,135,0
7954,2007-02-20 17:14:33,121.800500,31.149800,  0,135,0
7954,2007-02-20 17:15:34,121.800500,31.149800,  0,135,0
7954,2007-02-20 17:16:35,121.800500,31.149800,  0,135,0
7954,2007-02-20 17:17:36,121.800500,31.149800,  0,135,0
7954,2007-02-20 17:18:37,121.800500,31.149800,  0,135,0
7954,2007-02-20 17:19:38,121.800500,31.149800,  0,135,0
7954,2007-02-20 17:20:39,121.800500,31.149800,  0,135,0
7954,2007-02-20 17:21:40,121.800500,31.149800,  0,135,0
7954,2007-02-20 17:22:41,121.800500,31.149800,  0,135,0
7954,2007-02-20 17:23:42,121.800500,31.149800,  0,135,0
7954,2007-02-20 17:24:43,121.800500,31.149800,  0,135,0
7954,2007-02-20 17:25:44,121.800500,31.149800,  0,135,0
7954,2007-02-20 17:26:45,121.800500,31.149800,  0,135,0
7954,2007-02-20 17:27:46,121.800500,31.149800,  0,135,0
7954,2007-02-20 17:28:47,121.800500,31.149800,  0,135,0
7954,2007-02-20 17:29:48,121.800500,31.149800,  0,135,0
7954,2007-02-20 17:31:50,121.800500,31.149800,  0,135,0
7954,2007-02-20 17:32:51,121.800500,31.149800,  0,135,0
7954,2007-02-20 17:33:52,121.800500,31.149800,  0,135,0
7954,2007-02-20 17:34:53,121.800500,31.149800,  0,135,0
7954,2007-02-20 17:35:54,121.800500,31.149800,  0,135,0
7954,2007-02-20 17:36:55,121.800500,31.149800,  0,135,0
7954,2007-02-20 17:37:56,121.800500,31.149800,  0,135,0
7954,2007-02-20 17:38:57,121.800500,31.149800,  0,135,0
7954,2007-02-20 17:39:58,121.800500,31.149800,  0,135,0
7954,2007-02-20 17:40:59,121.800500,31.149800,  0,135,0
7954,2007-02-20 17:42:00,121.800500,31.149800,  0,135,0
7954,2007-02-20 17:43:01,121.800500,31.149800,  0,135,0
7954,2007-02-20 17:44:02,121.800500,31.149800,  0,135,0
7954,2007-02-20 17:45:03,121.800500,31.149800,  0,135,0
7954,2007-02-20 17:46:04,121.800500,31.149800,  0,135,0
7954,2007-02-20 17:47:05,121.800500,31.149800,  0,135,0
7954,2007-02-20 17:48:06,121.800500,31.149800,  0,135,0
7954,2007-02-20 17:49:07,121.800500,31.149800,  0,135,0
7954,2007-02-20 17:50:08,121.800500,31.149800,  0,135,0
7954,2007-02-20 17:51:09,121.800500,31.149800,  0,135,0
7954,2007-02-20 17:52:10,121.800500,31.149800,  0,135,0
7954,2007-02-20 17:53:11,121.800500,31.149800,  0,135,0
7954,2007-02-20 17:54:12,121.800500,31.149800,  0,135,0
7954,2007-02-20 17:55:13,121.800500,31.149800,  0,135,0
7954,2007-02-20 17:56:14,121.800500,31.149800,  0,135,0
7954,2007-02-20 17:58:16,121.800500,31.149800,  0,135,0
7954,2007-02-20 17:59:17,121.800500,31.149800,  0,135,0
7954,2007-02-20 18:00:18,121.800500,31.149800,  0,135,0
7954,2007-02-20 18:01:19,121.800500,31.149800,  0,135,0
7954,2007-02-20 18:02:20,121.800500,31.149800,  0,135,0
7954,2007-02-20 18:03:21,121.800500,31.149800,  0,135,0
7954,2007-02-20 18:04:22,121.800500,31.149800,  0,135,0
7954,2007-02-20 18:05:23,121.800500,31.149800,  0,135,0
7954,2007-02-20 18:06:24,121.800500,31.149800,  0,135,0
7954,2007-02-20 18:07:25,121.800500,31.149800,  0,135,0
7954,2007-02-20 18:08:26,121.800500,31.149800,  0,135,0
7954,2007-02-20 18:09:27,121.800500,31.149800,  0,135,0
7954,2007-02-20 18:11:29,121.800500,31.149800,  0,135,0
7954,2007-02-20 18:12:30,121.800500,31.149800,  0,135,0
7954,2007-02-20 18:13:31,121.800500,31.149800,  0,135,0
7954,2007-02-20 18:14:32,121.800500,31.149800,  0,135,0
7954,2007-02-20 18:15:33,121.800500,31.149800,  0,135,0
7954,2007-02-20 18:16:34,121.800500,31.149800,  0,135,0
7954,2007-02-20 18:17:35,121.800500,31.149800,  0,135,0
7954,2007-02-20 18:20:38,121.800500,31.149800,  0,135,0
7954,2007-02-20 18:21:39,121.800500,31.149800,  0,135,0
7954,2007-02-20 18:22:40,121.800500,31.149800,  0,135,0
7954,2007-02-20 18:24:42,121.800500,31.149800,  0,135,0
7954,2007-02-20 18:25:43,121.800500,31.149800,  0,135,0
7954,2007-02-20 18:26:44,121.800500,31.149800,  0,135,0
7954,2007-02-20 18:27:45,121.800500,31.149800,  0,135,0
7954,2007-02-20 18:28:46,121.800500,31.149800,  0,135,0
7954,2007-02-20 18:29:47,121.800500,31.149800,  0,135,0
7954,2007-02-20 18:30:48,121.800500,31.149800,  0,135,0
7954,2007-02-20 18:31:49,121.800500,31.149800,  0,135,0
7954,2007-02-20 18:32:50,121.800500,31.149800,  0,135,0
7954,2007-02-20 18:34:52,121.800500,31.149800,  0,135,0
7954,2007-02-20 18:35:53,121.800500,31.149800,  0,135,0
7954,2007-02-20 18:36:54,121.800500,31.149800,  0,135,0
7954,2007-02-20 18:37:55,121.800500,31.149800,  0,135,0
7954,2007-02-20 18:38:56,121.800500,31.149800,  0,135,0
7954,2007-02-20 18:39:57,121.800500,31.149800,  0,135,0
7954,2007-02-20 18:40:58,121.800500,31.149800,  0,135,0
7954,2007-02-20 18:41:59,121.800500,31.149800,  0,135,0
7954,2007-02-20 18:43:00,121.800500,31.149800,  0,135,0
7954,2007-02-20 18:44:01,121.800500,31.149800,  0,135,0
7954,2007-02-20 18:45:02,121.800500,31.149800,  0,135,0
7954,2007-02-20 18:47:04,121.800500,31.149800,  0,135,0
7954,2007-02-20 19:07:43,121.614300,31.154800, 94,135,1
7954,2007-02-20 19:42:53,121.553800,31.230100, 24, 67,1
7954,2007-02-20 19:43:54,121.560500,31.230800, 48, 67,1
7954,2007-02-20 19:44:55,121.561600,31.229000,  0, 45,1
7954,2007-02-20 19:45:23,121.561800,31.229300,  0,157,0
7954,2007-02-20 19:46:23,121.561300,31.229500, 24,157,0
7954,2007-02-20 19:46:55,121.560300,31.229800, 40,112,0
7954,2007-02-20 19:47:11,121.558500,31.229000, 42,112,0
7954,2007-02-20 19:47:27,121.557300,31.228500, 34,112,0
7954,2007-02-20 19:47:43,121.555800,31.228000, 30,112,0
7954,2007-02-20 19:47:59,121.554800,31.227500, 34,112,0
7954,2007-02-20 19:48:15,121.553000,31.226800, 38,135,0
7954,2007-02-20 19:48:34,121.552000,31.226500, 14,135,0
7954,2007-02-20 19:48:50,121.550500,31.226100, 44,135,0
7954,2007-02-20 19:49:22,121.547300,31.225100, 46,135,0
7954,2007-02-20 19:49:38,121.546000,31.224500, 38, 90,0
7954,2007-02-20 19:49:54,121.546300,31.223500,  0, 90,0
7954,2007-02-20 19:50:10,121.546600,31.222600, 48, 90,0
7954,2007-02-20 19:50:26,121.546100,31.221600, 50,135,0
7954,2007-02-20 19:50:42,121.544300,31.221100, 10,112,0
7954,2007-02-20 19:51:03,121.543500,31.220600, 50,112,0
7954,2007-02-20 19:51:20,121.541300,31.219500, 50,112,0
7954,2007-02-20 19:51:36,121.539600,31.218100, 60,112,0
7954,2007-02-20 19:51:52,121.538000,31.216100, 64,112,0
7954,2007-02-20 19:52:08,121.537300,31.214600, 12, 90,0
7954,2007-02-20 19:53:06,121.536800,31.213600, 48, 90,0
7954,2007-02-20 19:53:22,121.536100,31.211600, 52, 90,0
7954,2007-02-20 19:54:17,121.534800,31.209100, 18,135,0
7954,2007-02-20 19:54:22,121.534500,31.209100, 22,135,1
7954,2007-02-20 19:55:23,121.531300,31.209600, 56,135,1
7954,2007-02-20 19:56:24,121.527300,31.209600,  0,135,1
7954,2007-02-20 19:57:25,121.525100,31.204600, 70, 90,1
7954,2007-02-20 19:58:26,121.521500,31.195300, 56, 90,1
7954,2007-02-20 19:59:27,121.519500,31.190500,  0, 90,1
7954,2007-02-20 20:00:28,121.518300,31.187600, 70, 90,1
7954,2007-02-20 20:01:28,121.516100,31.181800,  0, 90,1
7954,2007-02-20 20:02:30,121.515800,31.181000, 48, 90,1
7954,2007-02-20 20:03:31,121.514100,31.175000, 48, 90,1
7954,2007-02-20 20:04:32,121.516000,31.168800, 44, 90,1
7954,2007-02-20 20:05:33,121.516800,31.166300,  0, 90,1
7954,2007-02-20 20:06:33,121.518800,31.161800,  0, 67,1
7954,2007-02-20 20:07:35,121.522000,31.157300, 70, 67,1
7954,2007-02-20 20:08:36,121.527500,31.149300, 68, 67,1
7954,2007-02-20 20:09:37,121.528600,31.146800, 28, 67,1
7954,2007-02-20 20:10:38,121.527500,31.140000, 72,135,1
7954,2007-02-20 20:12:40,121.501000,31.135500, 84,135,1
7954,2007-02-20 20:13:41,121.486800,31.133500, 86,135,1
7954,2007-02-20 20:14:42,121.474600,31.132500, 70,135,1
7954,2007-02-20 20:15:43,121.463100,31.129000, 78,112,1
7954,2007-02-20 20:16:43,121.450100,31.126000, 92,135,1
7954,2007-02-20 20:17:44,121.436800,31.124600, 74,135,1
7954,2007-02-20 20:18:45,121.425100,31.123100, 64,135,1
7954,2007-02-20 20:20:26,121.418100,31.127300, 44,157,1
7954,2007-02-20 20:21:26,121.415800,31.130500, 26,157,1
7954,2007-02-20 20:22:27,121.415100,31.134100,  8, 45,1
7954,2007-02-20 20:23:28,121.415100,31.134100,  0, 22,1
7954,2007-02-20 20:24:29,121.413800,31.133600, 28,112,1
7954,2007-02-20 20:25:21,121.412500,31.133000,  0,112,0
7954,2007-02-20 20:25:27,121.412500,31.133000,  8,112,1
7954,2007-02-20 20:26:27,121.405500,31.132000, 44,135,1
7954,2007-02-20 20:27:28,121.401100,31.132600, 16,135,1
7954,2007-02-20 20:28:29,121.399100,31.136500, 34,157,1
7954,2007-02-20 20:29:30,121.396600,31.141500,  0,157,1
7954,2007-02-20 20:30:31,121.395300,31.145300, 24,  0,1
7954,2007-02-20 20:31:32,121.395300,31.145500,  0,  0,1
7954,2007-02-20 20:32:33,121.394800,31.145500, 32,112,1
7954,2007-02-20 20:34:35,121.382000,31.140600,  0,112,1
7954,2007-02-20 20:35:36,121.377000,31.139500, 46,135,1
7954,2007-02-20 20:36:37,121.373800,31.139000,  0,135,1
7954,2007-02-20 20:37:38,121.373800,31.139000, 12,135,1
7954,2007-02-20 20:38:39,121.367000,31.138800, 52,157,1
7954,2007-02-20 20:39:40,121.360100,31.139800, 64,112,1
7954,2007-02-20 20:40:41,121.356100,31.141000, 36,157,1
7954,2007-02-20 20:41:38,121.354100,31.142000,  0,112,0
7954,2007-02-20 20:41:53,121.354100,31.142000,  0,112,0
7954,2007-02-20 20:42:54,121.354100,31.142000,  0, 22,0
7954,2007-02-20 20:43:39,121.355500,31.142000, 24, 67,0
7954,2007-02-20 20:43:55,121.356100,31.140600, 28, 67,0
7954,2007-02-20 20:44:21,121.356600,31.139600, 44, 67,0
7954,2007-02-20 20:44:37,121.357500,31.138000, 30, 67,0
7954,2007-02-20 20:45:19,121.358100,31.137100, 48, 67,0
7954,2007-02-20 20:45:35,121.359000,31.135500, 44, 67,0
7954,2007-02-20 20:46:36,121.359300,31.134600,  0, 67,0
7954,2007-02-20 20:47:09,121.359800,31.133800, 46, 67,0
7954,2007-02-20 20:48:21,121.362500,31.130000, 34, 45,0
7954,2007-02-20 20:48:53,121.366100,31.131300, 44, 22,0
7954,2007-02-20 20:49:09,121.368000,31.132100, 42, 22,0
7954,2007-02-20 20:49:33,121.369100,31.132600, 32, 22,0
7954,2007-02-20 20:50:34,121.370000,31.133000,  0, 22,0
7954,2007-02-20 20:51:11,121.371000,31.133500, 42, 22,0
7954,2007-02-20 20:51:43,121.374100,31.134800, 30, 22,0
7954,2007-02-20 20:51:59,121.376000,31.135500, 54, 45,0
7954,2007-02-20 20:52:15,121.377300,31.135500, 38, 67,0
7954,2007-02-20 20:52:47,121.378800,31.132600, 26, 45,0
7954,2007-02-20 20:53:03,121.380600,31.133100, 56, 45,0
7954,2007-02-20 20:53:19,121.382100,31.133500, 36, 45,0
7954,2007-02-20 20:53:35,121.383500,31.133800, 26, 45,0
7954,2007-02-20 20:53:51,121.385000,31.134000, 48, 45,0
7954,2007-02-20 20:54:07,121.386800,31.134500, 46, 45,0
7954,2007-02-20 20:54:23,121.389000,31.135000, 44, 45,0
7954,2007-02-20 20:54:39,121.390800,31.135300, 40, 45,0
7954,2007-02-20 20:54:55,121.392300,31.135800, 30, 45,0
7954,2007-02-20 20:55:13,121.393500,31.136000, 32, 45,0
7954,2007-02-20 20:55:29,121.394800,31.136500, 38, 22,0
7954,2007-02-20 20:55:45,121.396100,31.137100,  4, 22,0
7954,2007-02-20 20:56:03,121.397300,31.137500, 42, 22,0
7954,2007-02-20 20:57:04,121.398000,31.137800,  0, 22,0
7954,2007-02-20 20:57:22,121.398000,31.138800, 46,157,0
7954,2007-02-20 20:57:38,121.397100,31.140500, 36,157,0
7954,2007-02-20 20:57:54,121.396600,31.141800, 26, 22,0
7954,2007-02-20 20:58:10,121.398300,31.142600, 48, 22,0
7954,2007-02-20 20:58:26,121.400000,31.143500, 24, 22,0
7954,2007-02-20 20:59:19,121.401000,31.144000, 16, 22,0
7954,2007-02-20 20:59:25,121.401000,31.144300, 32,  0,1
7954,2007-02-20 21:00:25,121.403100,31.148100, 44, 45,1
7954,2007-02-20 21:01:26,121.407300,31.141800, 70, 67,1
7954,2007-02-20 21:02:27,121.411100,31.136500, 18, 67,1
7954,2007-02-20 21:03:28,121.412800,31.134500, 32, 67,1
7954,2007-02-20 21:05:31,121.419000,31.131500, 50, 45,1
7954,2007-02-20 21:06:31,121.425100,31.132600, 12, 45,1
7954,2007-02-20 21:08:31,121.435300,31.134000,  0, 45,0
7954,2007-02-20 21:08:47,121.435600,31.134000, 26, 45,0
7954,2007-02-20 21:09:02,121.437000,31.134300, 26, 45,0
7954,2007-02-20 21:09:18,121.438500,31.134600, 34, 45,0
7954,2007-02-20 21:09:47,121.439600,31.135000, 30, 45,0
7954,2007-02-20 21:10:03,121.440800,31.135300,  8, 45,0
7954,2007-02-20 21:11:55,121.438300,31.134600,  0,135,1
7954,2007-02-20 21:12:56,121.433100,31.133600, 38,135,1
7954,2007-02-20 21:13:57,121.430100,31.135600,  0,157,1
7954,2007-02-20 21:14:57,121.427800,31.137800, 18,  0,1
7954,2007-02-20 21:15:58,121.426100,31.141300,  4,157,1
7954,2007-02-20 21:16:59,121.424100,31.145100, 30,  0,1
7954,2007-02-20 21:18:01,121.424000,31.147800,  0,  0,1
7954,2007-02-20 21:19:01,121.422500,31.150100, 48,157,1
7954,2007-02-20 21:20:03,121.419500,31.153800,  0,157,1
7954,2007-02-20 21:21:03,121.419300,31.154000,  0,157,1
7954,2007-02-20 21:22:04,121.414500,31.149800, 68,112,1
7954,2007-02-20 21:23:05,121.406000,31.145600, 66,157,1
7954,2007-02-20 21:24:06,121.401300,31.156000, 80,  0,1
7954,2007-02-20 21:25:07,121.396300,31.166800, 82,157,1
7954,2007-02-20 21:26:08,121.391800,31.177300, 74,  0,1
7954,2007-02-20 21:28:10,121.390000,31.182500, 24,112,1
7954,2007-02-20 21:29:12,121.386300,31.185100, 64,157,1
7954,2007-02-20 21:30:10,121.382300,31.190100,  0,157,0
7954,2007-02-20 21:30:26,121.382300,31.190100,  0,157,0
7954,2007-02-20 21:31:27,121.382000,31.190500, 20,157,0
7954,2007-02-20 21:31:48,121.381500,31.191100, 24,157,0
7954,2007-02-20 21:32:04,121.380800,31.192100, 18,157,0
7954,2007-02-20 21:32:50,121.380300,31.194000, 32, 22,0
7954,2007-02-20 21:33:06,121.381800,31.194800, 44, 22,0
7954,2007-02-20 21:33:22,121.383300,31.195600, 36, 22,0
7954,2007-02-20 21:33:38,121.384100,31.195000, 48, 67,0
7954,2007-02-20 21:33:53,121.385100,31.193500, 50, 67,0
7954,2007-02-20 21:34:09,121.386500,31.191600, 56, 67,0
7954,2007-02-20 21:34:25,121.387300,31.189600, 56, 90,0
7954,2007-02-20 21:34:41,121.388100,31.187600, 56, 90,0
7954,2007-02-20 21:34:57,121.388800,31.185500, 62, 90,0
7954,2007-02-20 21:35:13,121.389600,31.183500, 50, 90,0
7954,2007-02-20 21:36:12,121.389800,31.182500, 26,112,0
7954,2007-02-20 21:36:28,121.388300,31.181800, 42,112,0
7954,2007-02-20 21:36:44,121.386800,31.181000, 38,112,0
7954,2007-02-20 21:37:09,121.385800,31.180500, 34,112,0
7954,2007-02-20 21:37:25,121.384300,31.179600, 38,112,0
7954,2007-02-20 21:37:41,121.384300,31.178300, 42, 90,0
7954,2007-02-20 21:37:58,121.384800,31.176500, 48, 90,0
7954,2007-02-20 21:38:13,121.385300,31.175000, 48, 90,0
7954,2007-02-20 21:38:29,121.386000,31.173100, 48, 90,0
7954,2007-02-20 21:38:45,121.386500,31.171300, 54, 90,0
7954,2007-02-20 21:39:02,121.387100,31.169500, 50, 90,0
7954,2007-02-20 21:39:17,121.387600,31.167600, 54, 90,0
7954,2007-02-20 21:39:33,121.387600,31.166500, 34,135,0
7954,2007-02-20 21:39:49,121.385800,31.166000, 48,135,0
7954,2007-02-20 21:40:21,121.384600,31.165600,  6,112,0
7954,2007-02-20 21:40:38,121.383100,31.165100, 42,135,0
7954,2007-02-20 21:40:53,121.381600,31.164600, 26,135,0
7954,2007-02-20 21:41:25,121.380500,31.164300, 42,135,0
7954,2007-02-20 21:42:05,121.378500,31.163600, 22,135,1
7954,2007-02-20 21:43:05,121.377300,31.161300, 30, 90,1
7954,2007-02-20 21:44:06,121.377300,31.157800, 40, 90,1
7954,2007-02-20 21:45:07,121.374800,31.154000, 40,135,1
7954,2007-02-20 21:46:08,121.376100,31.146100, 18, 90,1
7954,2007-02-20 21:47:08,121.376500,31.142800,  0, 90,1
7954,2007-02-20 21:48:09,121.374000,31.139000,  8,135,1
7954,2007-02-20 21:49:11,121.375300,31.134500, 78, 67,1
7954,2007-02-20 21:50:12,121.381300,31.124000, 76, 67,1
7954,2007-02-20 21:51:12,121.386500,31.115500, 70, 67,1
7954,2007-02-20 21:52:14,121.392000,31.106600, 46, 67,1
7954,2007-02-20 21:53:15,121.389100,31.105100, 40,112,1
7954,2007-02-20 21:55:17,121.388600,31.099800, 56, 90,1
7954,2007-02-20 21:56:17,121.391000,31.096800, 26, 22,1
7954,2007-02-20 21:57:19,121.392100,31.098800,  0, 22,1
7954,2007-02-20 21:58:22,121.392300,31.098800,  0, 22,0
7954,2007-02-20 21:58:52,121.391600,31.098100, 16, 90,0
7954,2007-02-20 21:59:22,121.391800,31.097100, 18,112,0
7954,2007-02-20 22:00:00,121.390000,31.097300, 36,157,0
7954,2007-02-20 22:00:16,121.389300,31.098600, 40,157,0
7954,2007-02-20 22:00:32,121.388600,31.100100, 28,157,0
7954,2007-02-20 22:00:59,121.388100,31.101100, 32,  0,0
7954,2007-02-20 22:01:15,121.387500,31.102600, 44,  0,0
7954,2007-02-20 22:01:31,121.387000,31.103800, 10,  0,0
7954,2007-02-20 22:02:19,121.386100,31.104000, 44,112,0
7954,2007-02-20 22:02:35,121.384800,31.103300,  0,112,0
7954,2007-02-20 22:03:12,121.384000,31.103000, 36,112,0
7954,2007-02-20 22:03:29,121.382300,31.102000, 40,112,0
7954,2007-02-20 22:03:45,121.381300,31.102300, 40,157,0
7954,2007-02-20 22:04:01,121.380500,31.103600, 44,157,0
7954,2007-02-20 22:04:17,121.379800,31.105000, 38,157,0
7954,2007-02-20 22:04:32,121.380000,31.106000, 34, 22,0
7954,2007-02-20 22:05:05,121.380500,31.107000, 38,  0,0
7954,2007-02-20 22:05:21,121.380600,31.108500, 38,  0,0
7954,2007-02-20 22:06:02,121.380000,31.109300, 28,135,0
7954,2007-02-20 22:06:17,121.378500,31.109500, 44,157,0
7954,2007-02-20 22:06:34,121.377500,31.110500, 20,157,0
7954,2007-02-20 22:07:15,121.376600,31.110600, 18,112,0
7954,2007-02-20 22:07:31,121.375600,31.110000, 30,112,0
7954,2007-02-20 22:08:32,121.375300,31.109800, 14,135,0
7954,2007-02-20 22:08:47,121.374600,31.110600, 32,157,0
7954,2007-02-20 22:09:04,121.373800,31.112100, 50,157,0
7954,2007-02-20 22:09:20,121.373000,31.113600, 44,157,0
7954,2007-02-20 22:09:36,121.372100,31.115000, 20,157,0
7954,2007-02-20 22:10:15,121.371500,31.115800, 14,157,0
7954,2007-02-20 22:10:31,121.370800,31.116800, 42,157,0
7954,2007-02-20 22:10:47,121.369800,31.118300, 46,157,0
7954,2007-02-20 22:11:02,121.368800,31.119800, 44,157,0
7954,2007-02-20 22:11:19,121.367600,31.121500, 50,157,0
7954,2007-02-20 22:11:35,121.366600,31.123000, 48,157,0
7954,2007-02-20 22:11:51,121.365500,31.124600, 48,157,0
7954,2007-02-20 22:12:07,121.364300,31.126300, 50,157,0
7954,2007-02-20 22:12:22,121.363300,31.127800, 46,157,0
7954,2007-02-20 22:12:39,121.362300,31.129300, 28,157,0
7954,2007-02-20 22:13:17,121.359500,31.128800, 50,112,0
7954,2007-02-20 22:13:32,121.357600,31.128100, 48,112,0
7954,2007-02-20 22:13:49,121.355500,31.127100, 48,112,0
7954,2007-02-20 22:14:05,121.353800,31.126300, 46,112,0
7954,2007-02-20 22:14:21,121.351800,31.125500, 54,112,0
7954,2007-02-20 22:14:37,121.350300,31.125300, 38,157,0
7954,2007-02-20 22:14:52,121.349300,31.127000, 52,157,0
7954,2007-02-20 22:15:09,121.348300,31.128500, 32,157,0
7954,2007-02-20 22:15:51,121.347500,31.128600, 38,112,0
7954,2007-02-20 22:16:07,121.345800,31.127600, 46,112,0
7954,2007-02-20 22:16:22,121.344300,31.126600, 46,112,0
7954,2007-02-20 22:16:39,121.342600,31.125800, 46,112,0
7954,2007-02-20 22:16:55,121.340800,31.124800, 52,112,0
7954,2007-02-20 22:17:11,121.339000,31.124000, 22,135,0
7954,2007-02-20 22:17:27,121.338300,31.125100, 44,157,0
7954,2007-02-20 22:17:42,121.337500,31.126800, 46,157,0
7954,2007-02-20 22:17:59,121.336500,31.128500, 48,157,0
7954,2007-02-20 22:18:15,121.335500,31.130300, 52,157,0
7954,2007-02-20 22:18:31,121.334600,31.131800, 42,157,0
7954,2007-02-20 22:18:47,121.334000,31.133100, 34,157,0
7954,2007-02-20 22:19:02,121.333300,31.134300, 32,157,0
7954,2007-02-20 22:19:19,121.332500,31.134600, 44,112,0
7954,2007-02-20 22:19:35,121.330500,31.133600, 44,112,0
7954,2007-02-20 22:19:51,121.329000,31.133000, 46,112,0
7954,2007-02-20 22:20:07,121.327300,31.132100, 40,112,0
7954,2007-02-20 22:20:22,121.325800,31.131500, 30,112,0
7954,2007-02-20 22:21:23,121.325500,31.131300,  0,  0,0
7954,2007-02-20 22:22:25,121.325500,31.131300,  0,  0,0
7954,2007-02-20 22:23:26,121.325500,31.131300,  0,  0,0
7954,2007-02-20 22:24:26,121.325500,31.131300,  0,  0,0
7954,2007-02-20 22:26:28,121.325500,31.131300,  0,  0,0
7954,2007-02-20 22:27:29,121.325500,31.131300,  0,  0,0
7954,2007-02-20 22:28:30,121.325500,31.131300,  0,  0,0
7954,2007-02-20 22:29:31,121.325500,31.131300,  0,  0,0
7954,2007-02-20 22:30:32,121.325500,31.131300,  0,  0,0
7954,2007-02-20 22:31:33,121.325500,31.131300,  0,  0,0
7954,2007-02-20 22:32:34,121.325500,31.131300,  0,  0,0
7954,2007-02-20 22:33:35,121.325500,31.131300,  0,  0,0
7954,2007-02-20 22:34:36,121.325500,31.131300,  0,  0,0
7954,2007-02-20 22:35:37,121.325500,31.131300,  0,  0,0
7954,2007-02-20 22:36:38,121.325500,31.131300,  0,  0,0
7954,2007-02-20 22:38:40,121.325500,31.131300,  0,  0,0
7954,2007-02-20 22:39:41,121.325500,31.131300,  0,  0,0
7954,2007-02-20 22:40:42,121.325500,31.131300,  0,  0,0
7954,2007-02-20 22:41:43,121.325500,31.131300,  0,  0,0
7954,2007-02-20 22:42:44,121.325500,31.131300,  0,  0,0
7954,2007-02-20 22:43:45,121.325500,31.131300,  0,  0,0
7954,2007-02-20 22:44:46,121.325500,31.131300,  0,  0,0
7954,2007-02-20 22:45:47,121.325500,31.131300,  0,  0,0
7954,2007-02-20 22:46:48,121.325500,31.131300,  0,  0,0
7954,2007-02-20 22:47:49,121.325500,31.131300,  0,  0,0
7954,2007-02-20 22:49:51,121.325500,31.131300,  0,  0,0
7954,2007-02-20 22:50:52,121.325500,31.131300,  0,  0,0
7954,2007-02-20 22:51:53,121.325500,31.131300,  0,  0,0
7954,2007-02-20 22:52:54,121.325500,31.131300,  0,  0,0
7954,2007-02-20 22:53:55,121.325500,31.131300,  0,  0,0
7954,2007-02-20 22:54:56,121.325500,31.131300,  0,  0,0
7954,2007-02-20 22:55:57,121.325500,31.131300,  0,  0,0
7954,2007-02-20 22:56:58,121.325500,31.131300,  0,  0,0
7954,2007-02-20 22:57:59,121.325500,31.131300,  0,  0,0
7954,2007-02-20 23:00:01,121.325500,31.131300,  0,  0,0
7954,2007-02-20 23:01:02,121.325500,31.131300,  0,  0,0
7954,2007-02-20 23:02:03,121.325500,31.131300,  0,  0,0
7954,2007-02-20 23:03:04,121.325500,31.131300,  0,  0,0
7954,2007-02-20 23:04:05,121.326500,31.131600, 34, 22,0
7954,2007-02-20 23:04:21,121.328000,31.132500, 22, 22,0
7954,2007-02-20 23:04:37,121.328800,31.131300, 50, 67,0
7954,2007-02-20 23:04:53,121.329800,31.129600, 52, 67,0
7954,2007-02-20 23:05:09,121.331000,31.127800, 48, 67,0
7954,2007-02-20 23:05:25,121.331800,31.126600, 40, 67,0
7954,2007-02-20 23:05:41,121.332800,31.125000, 48, 67,0
7954,2007-02-20 23:05:57,121.333600,31.123500, 28, 67,0
7954,2007-02-20 23:07:09,121.334800,31.124800, 30,  0,0
7954,2007-02-20 23:07:25,121.334300,31.125600, 28,  0,0
7954,2007-02-20 23:09:43,121.333500,31.127000,  0,112,0
7954,2007-02-20 23:10:44,121.333500,31.127000,  0,112,0
7954,2007-02-20 23:11:45,121.333500,31.127000,  0,112,0
7954,2007-02-20 23:12:46,121.333500,31.127000,  0,112,0
7954,2007-02-20 23:13:47,121.333500,31.127000,  0,112,0
7954,2007-02-20 23:14:48,121.333500,31.127000,  0,112,0
7954,2007-02-20 23:15:49,121.333500,31.127000,  0,112,0
7954,2007-02-20 23:16:50,121.333600,31.127100,  0,112,0
7954,2007-02-20 23:17:51,121.333500,31.127100,  0,  0,0
7954,2007-02-20 23:18:52,121.333500,31.127100,  0,  0,0
7954,2007-02-20 23:19:53,121.333500,31.127100,  0,  0,0
7954,2007-02-20 23:20:54,121.333500,31.127100,  0,  0,0
7954,2007-02-20 23:21:55,121.333500,31.127000,  0,  0,0
7954,2007-02-20 23:22:56,121.333500,31.127000,  0,  0,0
7954,2007-02-20 23:23:57,121.333500,31.127000,  0,  0,0
7954,2007-02-20 23:24:58,121.333500,31.127000,  0,  0,0
7954,2007-02-20 23:27:00,121.333600,31.127100,  0,  0,0
7954,2007-02-20 23:28:01,121.333600,31.127000,  0,  0,0
7954,2007-02-20 23:29:02,121.333600,31.127000,  0,  0,0
7954,2007-02-20 23:30:03,121.333500,31.127000,  0,157,0
7954,2007-02-20 23:31:04,121.333500,31.127000,  0,157,0
7954,2007-02-20 23:32:05,121.333500,31.127000,  0,157,0
7954,2007-02-20 23:33:06,121.333500,31.127000,  0,157,0
7954,2007-02-20 23:34:07,121.333500,31.127000,  0,157,0
7954,2007-02-20 23:35:08,121.333500,31.127000,  0,157,0
7954,2007-02-20 23:36:09,121.333500,31.127000,  0,157,0
7954,2007-02-20 23:37:10,121.333500,31.127000,  0,157,0
7954,2007-02-20 23:38:11,121.333500,31.127000,  0,157,0
7954,2007-02-20 23:39:12,121.333500,31.127000,  4,135,0
7954,2007-02-20 23:40:13,121.333000,31.126800,  4,135,0
7954,2007-02-20 23:41:14,121.332600,31.127000,  4,135,0
7954,2007-02-20 23:42:15,121.332300,31.126800,  0,135,0
7954,2007-02-20 23:43:16,121.332300,31.126800,  0,135,0
7954,2007-02-20 23:44:17,121.332300,31.126800,  0,135,0
7954,2007-02-20 23:45:18,121.332300,31.126800,  0,135,0
7954,2007-02-20 23:46:19,121.332300,31.126800,  0,135,0
7954,2007-02-20 23:47:20,121.332300,31.126800,  0,135,0
7954,2007-02-20 23:48:21,121.332300,31.126800,  0,135,0
7954,2007-02-20 23:49:22,121.332300,31.126800,  0,135,0
7954,2007-02-20 23:50:23,121.332300,31.126800,  0,135,0
7954,2007-02-20 23:51:24,121.332300,31.126800,  0,135,0
7954,2007-02-20 23:52:25,121.332300,31.126800,  0,135,0
7954,2007-02-20 23:53:26,121.332500,31.126800,  0,157,0
7954,2007-02-20 23:54:27,121.332500,31.126800,  0,157,0
7954,2007-02-20 23:55:28,121.332500,31.126800,  0,157,0
7954,2007-02-20 23:58:31,121.332500,31.126800,  0,157,0
7954,2007-02-20 23:59:32,121.332500,31.126800,  0,157,0
