70507,2007-02-20 00:00:29,121.491800,31.314500,  0, 45,0
70507,2007-02-20 00:01:30,121.491800,31.314500,  0, 45,0
70507,2007-02-20 00:02:31,121.491800,31.314500,  0, 45,0
70507,2007-02-20 00:03:32,121.491800,31.314500,  0, 45,0
70507,2007-02-20 00:05:34,121.491800,31.314500,  0, 45,0
70507,2007-02-20 00:06:35,121.491800,31.314500,  0, 45,0
70507,2007-02-20 00:07:36,121.491800,31.314500,  0, 45,0
70507,2007-02-20 00:08:37,121.491800,31.314500,  0, 45,0
70507,2007-02-20 00:09:38,121.491800,31.314500,  0, 45,0
70507,2007-02-20 00:10:39,121.491800,31.314500,  0, 45,0
70507,2007-02-20 00:11:40,121.491800,31.314500,  0, 45,0
70507,2007-02-20 00:12:41,121.491800,31.314500,  0, 45,0
70507,2007-02-20 00:13:42,121.491800,31.314500,  0, 45,0
70507,2007-02-20 00:14:43,121.491800,31.314500,  0, 45,0
70507,2007-02-20 00:15:44,121.491800,31.314500,  0, 45,0
70507,2007-02-20 00:16:45,121.491800,31.314500,  0, 45,0
70507,2007-02-20 00:17:46,121.491800,31.314500,  0, 45,0
70507,2007-02-20 00:18:47,121.491800,31.314500,  0, 45,0
70507,2007-02-20 00:19:48,121.491800,31.314500,  0, 45,0
70507,2007-02-20 00:20:49,121.491800,31.314500,  0, 45,0
70507,2007-02-20 00:22:28,121.491800,31.314500,  0, 45,0
70507,2007-02-20 00:23:28,121.491800,31.314500,  0, 45,0
70507,2007-02-20 00:24:30,121.491800,31.314500,  0, 45,0
70507,2007-02-20 00:25:31,121.491800,31.314500,  0, 45,0
70507,2007-02-20 00:26:32,121.491800,31.314500,  0, 45,0
70507,2007-02-20 00:27:33,121.491800,31.314500,  0, 45,0
70507,2007-02-20 00:28:33,121.491800,31.314500,  0, 45,0
70507,2007-02-20 00:29:35,121.491800,31.314500,  0, 45,0
70507,2007-02-20 00:30:36,121.491800,31.314500,  0, 45,0
70507,2007-02-20 00:31:37,121.491800,31.314500,  0, 45,0
70507,2007-02-20 00:32:38,121.491800,31.314500,  0, 45,0
70507,2007-02-20 00:33:38,121.491800,31.314500,  0, 45,0
70507,2007-02-20 00:34:40,121.491800,31.314500,  0, 45,0
70507,2007-02-20 00:35:41,121.491800,31.314500,  0, 45,0
70507,2007-02-20 00:36:42,121.491800,31.314500,  0, 45,0
70507,2007-02-20 00:37:43,121.491800,31.314500,  0, 45,0
70507,2007-02-20 00:38:43,121.491800,31.314500,  0, 45,0
70507,2007-02-20 00:39:45,121.491800,31.314500,  0, 45,0
70507,2007-02-20 00:40:46,121.491800,31.314500,  0, 45,0
70507,2007-02-20 00:41:47,121.491800,31.314500,  0, 45,0
70507,2007-02-20 00:42:48,121.491800,31.314500,  0, 45,0
70507,2007-02-20 00:43:48,121.491800,31.314500,  0, 45,0
70507,2007-02-20 00:45:51,121.491800,31.314500,  0, 45,0
70507,2007-02-20 00:46:52,121.491800,31.314500,  0, 45,0
70507,2007-02-20 00:47:53,121.491800,31.314500,  0, 45,0
70507,2007-02-20 00:48:53,121.491800,31.314500,  0, 45,0
70507,2007-02-20 00:50:56,121.491800,31.314500,  0, 45,0
70507,2007-02-20 00:51:57,121.491800,31.314500,  0, 45,0
70507,2007-02-20 00:52:58,121.491800,31.314500,  0, 45,0
70507,2007-02-20 00:53:58,121.491800,31.314500,  0, 45,0
70507,2007-02-20 00:55:00,121.491800,31.314500,  0, 45,0
70507,2007-02-20 00:56:01,121.491800,31.314500,  0, 45,0
70507,2007-02-20 00:57:02,121.491800,31.314500,  0, 45,0
70507,2007-02-20 00:58:03,121.491800,31.314500,  0, 45,0
70507,2007-02-20 00:59:03,121.491800,31.314500,  0, 45,0
70507,2007-02-20 01:00:05,121.491800,31.314500,  0, 45,0
70507,2007-02-20 01:01:06,121.491800,31.314500,  0, 45,0
70507,2007-02-20 01:02:07,121.491800,31.314500,  0, 45,0
70507,2007-02-20 01:03:08,121.491800,31.314500,  0, 45,0
70507,2007-02-20 01:04:08,121.491800,31.314500,  0, 45,0
70507,2007-02-20 01:05:10,121.491800,31.314500,  0, 45,0
70507,2007-02-20 01:06:11,121.491800,31.314500,  0, 45,0
70507,2007-02-20 01:07:12,121.491800,31.314500,  0, 45,0
70507,2007-02-20 01:08:13,121.491800,31.314500,  0, 45,0
70507,2007-02-20 01:09:13,121.491800,31.314500,  0, 45,0
70507,2007-02-20 01:10:15,121.491800,31.314500,  0, 45,0
70507,2007-02-20 01:11:16,121.491800,31.314500,  0, 45,0
70507,2007-02-20 01:13:18,121.491800,31.314500,  0, 45,0
70507,2007-02-20 01:14:18,121.491800,31.314500,  0, 45,0
70507,2007-02-20 01:15:20,121.491800,31.314500,  0, 45,0
70507,2007-02-20 01:16:21,121.491800,31.314500,  0, 45,0
70507,2007-02-20 01:17:22,121.491800,31.314500,  0, 45,0
70507,2007-02-20 01:18:23,121.491800,31.314500,  0, 45,0
70507,2007-02-20 01:19:23,121.491800,31.314500,  0, 45,0
70507,2007-02-20 01:20:25,121.491800,31.314500,  0, 45,0
70507,2007-02-20 01:21:26,121.491800,31.314500,  0, 45,0
70507,2007-02-20 01:22:27,121.491800,31.314500,  0, 45,0
70507,2007-02-20 01:23:28,121.491800,31.314500,  0, 45,0
70507,2007-02-20 01:24:28,121.491800,31.314500,  0, 45,0
70507,2007-02-20 01:25:30,121.491800,31.314500,  0, 45,0
70507,2007-02-20 01:26:31,121.491800,31.314500,  0, 45,0
70507,2007-02-20 01:27:31,121.491800,31.314500,  0, 45,0
70507,2007-02-20 01:28:51,121.491800,31.314500,  0, 45,0
70507,2007-02-20 01:29:52,121.491800,31.314500,  0, 45,0
70507,2007-02-20 01:32:55,121.491800,31.314500,  0, 45,0
70507,2007-02-20 01:33:56,121.491800,31.314500,  0, 45,0
70507,2007-02-20 01:34:57,121.491800,31.314500,  0, 45,0
70507,2007-02-20 01:35:57,121.491800,31.314500,  0, 45,0
70507,2007-02-20 01:36:59,121.491800,31.314500,  0, 45,0
70507,2007-02-20 01:38:00,121.491800,31.314500,  0, 45,0
70507,2007-02-20 01:39:01,121.491800,31.314500,  0, 45,0
70507,2007-02-20 01:40:02,121.491800,31.314500,  0, 45,0
70507,2007-02-20 01:41:02,121.491800,31.314500,  0, 45,0
70507,2007-02-20 01:42:04,121.491800,31.314500,  0, 45,0
70507,2007-02-20 01:43:05,121.491800,31.314500,  0, 45,0
70507,2007-02-20 01:44:06,121.491800,31.314500,  0, 45,0
70507,2007-02-20 01:45:07,121.491800,31.314500,  0, 45,0
70507,2007-02-20 01:46:07,121.491800,31.314500,  0, 45,0
70507,2007-02-20 01:47:09,121.491800,31.314500,  0, 45,0
70507,2007-02-20 01:48:10,121.491500,31.314600,  8,112,0
70507,2007-02-20 01:49:11,121.487600,31.313300, 38,135,0
70507,2007-02-20 01:50:12,121.485600,31.311300, 44, 90,0
70507,2007-02-20 01:51:12,121.481500,31.309800,  0,135,0
70507,2007-02-20 01:53:15,121.482000,31.302300, 40, 90,0
70507,2007-02-20 01:54:16,121.481300,31.298500, 28,112,0
70507,2007-02-20 01:55:17,121.479000,31.299500, 24,157,0
70507,2007-02-20 01:56:17,121.476300,31.301300,  0,  0,0
70507,2007-02-20 01:57:19,121.476600,31.305500, 34,  0,0
70507,2007-02-20 01:58:20,121.473100,31.306300, 38,135,0
70507,2007-02-20 01:59:21,121.466500,31.306100, 46,135,0
70507,2007-02-20 02:00:22,121.462600,31.304300, 28, 90,0
70507,2007-02-20 02:01:22,121.462600,31.301300, 32, 90,0
70507,2007-02-20 02:02:24,121.462500,31.296500, 32, 90,0
70507,2007-02-20 02:03:25,121.461300,31.294800, 36,135,0
70507,2007-02-20 02:04:26,121.458000,31.295800,  6,157,0
70507,2007-02-20 02:05:27,121.455300,31.291800, 34,112,0
70507,2007-02-20 02:08:49,121.446800,31.288300, 30,  0,0
70507,2007-02-20 02:09:50,121.443800,31.290500, 28,135,0
70507,2007-02-20 02:10:51,121.439300,31.289800, 24,135,0
70507,2007-02-20 02:11:52,121.437000,31.289500, 22,135,0
70507,2007-02-20 02:12:52,121.433000,31.288800, 20,135,0
70507,2007-02-20 02:13:54,121.434000,31.288100,  0, 67,0
70507,2007-02-20 02:14:16,121.434000,31.288300, 16,  0,1
70507,2007-02-20 02:15:17,121.437000,31.291800, 52,  0,1
70507,2007-02-20 02:19:21,121.444000,31.306300, 74,  0,1
70507,2007-02-20 02:20:22,121.446800,31.312500, 42, 45,1
70507,2007-02-20 02:21:22,121.450800,31.312500, 36, 45,1
70507,2007-02-20 02:22:09,121.454300,31.312500,  0, 45,0
70507,2007-02-20 02:23:10,121.455100,31.312500,  0, 45,0
70507,2007-02-20 02:24:11,121.455500,31.308800, 36, 90,0
70507,2007-02-20 02:25:12,121.449600,31.307100, 42,135,0
70507,2007-02-20 02:26:12,121.444500,31.307500,  6,135,0
70507,2007-02-20 02:27:14,121.444300,31.303300, 56, 90,0
70507,2007-02-20 02:29:34,121.445600,31.293600, 34, 67,0
70507,2007-02-20 02:30:35,121.446600,31.287800, 46, 90,0
70507,2007-02-20 02:31:36,121.443500,31.285000, 42,135,0
70507,2007-02-20 02:33:37,121.434300,31.286300, 32,  0,0
70507,2007-02-20 02:34:39,121.430800,31.288600, 40,135,0
70507,2007-02-20 02:37:09,121.423000,31.292800, 32,  0,0
70507,2007-02-20 02:38:10,121.420500,31.295000, 34,135,0
70507,2007-02-20 02:39:11,121.418300,31.298800, 36,  0,0
70507,2007-02-20 02:40:12,121.414100,31.302500, 28,  0,0
70507,2007-02-20 02:41:12,121.413600,31.304300,  0,  0,0
70507,2007-02-20 02:43:15,121.406600,31.306300, 32,  0,0
70507,2007-02-20 02:45:17,121.408600,31.306600, 38, 90,0
70507,2007-02-20 02:46:17,121.410800,31.304300, 26, 45,0
70507,2007-02-20 02:47:19,121.411300,31.304300,  0, 45,0
70507,2007-02-20 02:48:20,121.411300,31.304300,  0, 45,0
70507,2007-02-20 02:49:21,121.411300,31.304300,  0, 45,0
70507,2007-02-20 02:50:22,121.411300,31.304300,  0, 45,0
70507,2007-02-20 02:51:22,121.411300,31.304300,  0, 45,0
70507,2007-02-20 02:53:25,121.411300,31.304300,  0, 45,0
70507,2007-02-20 02:54:26,121.411300,31.304300,  0, 45,0
70507,2007-02-20 02:55:27,121.411300,31.304300,  0, 45,0
70507,2007-02-20 02:56:27,121.411300,31.304300,  0, 45,0
70507,2007-02-20 02:57:29,121.411300,31.304300,  0, 45,0
70507,2007-02-20 02:59:31,121.411300,31.304300,  0, 45,0
70507,2007-02-20 03:00:32,121.411300,31.304300,  0, 45,0
70507,2007-02-20 03:01:32,121.411300,31.304300,  0, 45,0
70507,2007-02-20 03:02:34,121.411300,31.304300,  0, 45,0
70507,2007-02-20 03:03:35,121.411300,31.304300,  0, 45,0
70507,2007-02-20 03:04:36,121.411300,31.304300,  0, 45,0
70507,2007-02-20 03:05:37,121.411300,31.304300,  0, 45,0
70507,2007-02-20 03:06:37,121.414000,31.303100, 36, 90,0
70507,2007-02-20 03:07:39,121.409500,31.301500, 38,135,0
70507,2007-02-20 03:08:40,121.401000,31.301300, 50,135,0
70507,2007-02-20 03:09:41,121.392300,31.301300, 54,135,0
70507,2007-02-20 03:10:42,121.383100,31.301600, 56,135,0
70507,2007-02-20 03:11:42,121.375800,31.301100,  0,135,0
70507,2007-02-20 03:12:44,121.374100,31.300600,  0,135,0
70507,2007-02-20 03:13:45,121.374100,31.300600,  0,135,0
70507,2007-02-20 03:14:07,121.373800,31.300600, 14,135,1
70507,2007-02-20 03:16:10,121.354100,31.295800, 62,135,1
70507,2007-02-20 03:17:11,121.350000,31.292000, 22, 90,1
70507,2007-02-20 03:18:12,121.350000,31.292000,  0,112,1
70507,2007-02-20 03:19:12,121.350000,31.292000,  0,112,0
70507,2007-02-20 03:20:12,121.349800,31.291100, 28, 90,0
70507,2007-02-20 03:22:15,121.344000,31.291000, 40,135,0
70507,2007-02-20 03:24:17,121.345100,31.285600, 30, 45,0
70507,2007-02-20 03:25:17,121.345800,31.282300, 34, 90,0
70507,2007-02-20 03:26:19,121.349600,31.281000, 32,  0,0
70507,2007-02-20 03:27:20,121.354500,31.282000, 38, 45,0
70507,2007-02-20 03:28:21,121.360600,31.279100, 42, 90,0
70507,2007-02-20 03:29:22,121.364100,31.275000, 38, 67,0
70507,2007-02-20 03:30:22,121.371000,31.273000, 40, 45,0
70507,2007-02-20 03:31:24,121.371500,31.267300, 62, 90,0
70507,2007-02-20 03:32:25,121.370000,31.259100, 48, 90,0
70507,2007-02-20 03:33:26,121.365600,31.257500, 30,135,0
70507,2007-02-20 03:34:27,121.360300,31.258300, 36,135,0
70507,2007-02-20 03:36:29,121.363000,31.265100, 40, 45,0
70507,2007-02-20 03:37:30,121.369000,31.264000, 34, 45,0
70507,2007-02-20 03:38:31,121.374000,31.263000, 28, 90,0
70507,2007-02-20 03:39:32,121.372300,31.258100, 40, 90,0
70507,2007-02-20 03:40:32,121.369000,31.256800, 26,135,0
70507,2007-02-20 03:41:34,121.365500,31.257300,  0,135,0
70507,2007-02-20 03:43:36,121.361300,31.252800, 34,112,0
70507,2007-02-20 03:45:27,121.367000,31.251100, 44, 22,1
70507,2007-02-20 03:46:29,121.375100,31.251000, 78, 45,1
70507,2007-02-20 03:47:30,121.382100,31.248600,  0, 45,1
70507,2007-02-20 03:48:31,121.385100,31.248100, 64, 45,1
70507,2007-02-20 03:49:32,121.393800,31.246300,  6, 45,1
70507,2007-02-20 03:50:33,121.403100,31.247100, 44, 45,1
70507,2007-02-20 03:51:34,121.407500,31.247100, 64, 45,1
70507,2007-02-20 03:52:35,121.414500,31.243500,  0, 67,1
70507,2007-02-20 03:53:36,121.416500,31.244300, 48, 22,1
70507,2007-02-20 03:54:37,121.424300,31.248300, 28, 22,1
70507,2007-02-20 03:55:38,121.426500,31.250500,  0, 22,1
70507,2007-02-20 03:56:39,121.430800,31.254500, 70, 22,1
70507,2007-02-20 03:57:40,121.441100,31.259000, 36, 45,1
70507,2007-02-20 03:58:41,121.443000,31.259300, 42, 45,1
70507,2007-02-20 03:59:42,121.446800,31.254500, 68, 90,1
70507,2007-02-20 04:00:43,121.447600,31.249100, 18,112,1
70507,2007-02-20 04:00:57,121.447300,31.248500, 30, 90,0
70507,2007-02-20 04:01:58,121.447100,31.248100,  0,112,0
70507,2007-02-20 04:02:59,121.447100,31.248100,  0,112,0
70507,2007-02-20 04:04:00,121.444100,31.247100, 46,135,0
70507,2007-02-20 04:05:01,121.439800,31.248500, 30,  0,0
70507,2007-02-20 04:06:02,121.439100,31.251800, 40,  0,0
70507,2007-02-20 04:07:03,121.436600,31.256000, 26,  0,0
70507,2007-02-20 04:08:04,121.434600,31.257100, 58,112,0
70507,2007-02-20 04:09:05,121.429600,31.253600, 52,112,0
70507,2007-02-20 04:10:06,121.426500,31.255300, 16,135,0
70507,2007-02-20 04:11:07,121.424100,31.255300, 36,157,0
70507,2007-02-20 04:12:08,121.421300,31.257000, 32,112,0
70507,2007-02-20 04:13:09,121.419000,31.255500, 26,112,0
70507,2007-02-20 04:14:10,121.418100,31.253600, 42, 67,0
70507,2007-02-20 04:15:11,121.417600,31.250800, 30,112,0
70507,2007-02-20 04:16:12,121.413300,31.249000, 36,135,0
70507,2007-02-20 04:17:13,121.408500,31.247500, 32,112,0
70507,2007-02-20 04:18:14,121.403800,31.248300, 32,  0,0
70507,2007-02-20 04:19:15,121.402500,31.253500, 44,  0,0
70507,2007-02-20 04:20:16,121.400300,31.260000, 36,  0,0
70507,2007-02-20 04:21:17,121.396500,31.263300, 42,135,0
70507,2007-02-20 04:22:18,121.392000,31.262000,  0,135,0
70507,2007-02-20 04:24:12,121.388600,31.261300, 26, 45,1
70507,2007-02-20 04:26:14,121.399800,31.261500, 58, 90,1
70507,2007-02-20 04:27:15,121.401100,31.256800, 60, 90,1
70507,2007-02-20 04:28:16,121.403500,31.249500, 52, 90,1
70507,2007-02-20 04:28:42,121.403600,31.248300,  0, 90,0
70507,2007-02-20 04:29:43,121.401000,31.246800, 40,135,0
70507,2007-02-20 04:30:35,121.397100,31.246500, 32,135,1
70507,2007-02-20 04:31:36,121.394600,31.243300,  0, 90,1
70507,2007-02-20 04:32:34,121.396500,31.240800,  0, 22,0
70507,2007-02-20 04:33:34,121.396500,31.240800,  0, 22,0
70507,2007-02-20 04:34:35,121.397500,31.241600, 34, 22,0
70507,2007-02-20 04:35:36,121.397800,31.243600, 28,  0,0
70507,2007-02-20 04:36:37,121.397600,31.246100,  0,  0,0
70507,2007-02-20 04:37:38,121.397500,31.248100, 28,  0,0
70507,2007-02-20 04:38:39,121.395500,31.250100, 24,135,0
70507,2007-02-20 04:39:40,121.392300,31.249300, 24, 90,0
70507,2007-02-20 04:40:41,121.392100,31.245500, 28, 90,0
70507,2007-02-20 04:41:42,121.393100,31.243600, 12,  0,0
70507,2007-02-20 04:42:43,121.393300,31.243600,  0, 45,0
70507,2007-02-20 04:43:44,121.393300,31.243600,  0, 45,0
70507,2007-02-20 04:44:45,121.393300,31.243600,  0, 45,0
70507,2007-02-20 04:45:46,121.393300,31.243600,  0, 45,0
70507,2007-02-20 04:46:47,121.393100,31.243500,  8, 90,0
70507,2007-02-20 04:47:48,121.393100,31.243300,  0, 90,0
70507,2007-02-20 04:48:49,121.393100,31.243300,  0, 90,0
70507,2007-02-20 04:49:50,121.393100,31.243300,  0, 90,0
70507,2007-02-20 04:50:51,121.393100,31.243300,  0, 90,0
70507,2007-02-20 04:51:52,121.393100,31.243300,  0, 90,0
70507,2007-02-20 04:52:53,121.393100,31.243300,  0, 90,0
70507,2007-02-20 04:53:54,121.393100,31.243300,  0, 90,0
70507,2007-02-20 04:54:55,121.393100,31.243300,  0, 90,0
70507,2007-02-20 04:55:56,121.395800,31.240100, 54, 67,0
70507,2007-02-20 04:56:57,121.399000,31.235800, 50, 67,0
70507,2007-02-20 04:58:36,121.406300,31.227500, 78, 90,0
70507,2007-02-20 04:59:37,121.406600,31.217000, 80, 90,0
70507,2007-02-20 05:00:38,121.407500,31.206000, 78, 90,0
70507,2007-02-20 05:01:39,121.412100,31.196800, 72, 67,0
70507,2007-02-20 05:02:40,121.419500,31.186800, 74, 67,0
70507,2007-02-20 05:03:41,121.428800,31.182000, 56, 67,0
70507,2007-02-20 05:04:42,121.430500,31.175600, 72, 90,0
70507,2007-02-20 05:05:43,121.429100,31.165600, 72, 90,0
70507,2007-02-20 05:06:44,121.424100,31.159500, 16,135,0
70507,2007-02-20 05:07:45,121.422600,31.160100,  0,135,0
70507,2007-02-20 05:08:46,121.430000,31.155000, 12, 67,0
70507,2007-02-20 05:09:47,121.427100,31.151800, 12,112,0
70507,2007-02-20 05:10:48,121.431100,31.154100, 28, 67,0
70507,2007-02-20 05:11:49,121.431100,31.154000,  0, 90,0
70507,2007-02-20 05:12:50,121.430500,31.154800,  0,157,0
70507,2007-02-20 05:13:51,121.430500,31.154800,  0,157,0
70507,2007-02-20 05:14:52,121.430500,31.154800,  0,157,0
70507,2007-02-20 05:15:53,121.426300,31.157600, 46,157,0
70507,2007-02-20 05:16:54,121.422600,31.160500, 34,157,0
70507,2007-02-20 05:17:55,121.421100,31.162600, 28,  0,0
70507,2007-02-20 05:18:56,121.423100,31.165300, 34, 45,0
70507,2007-02-20 05:19:57,121.424500,31.170000, 36, 45,0
70507,2007-02-20 05:20:19,121.425600,31.170000, 36, 45,1
70507,2007-02-20 05:22:20,121.434000,31.180100, 70, 45,1
70507,2007-02-20 05:23:21,121.445500,31.186600, 92, 22,1
70507,2007-02-20 05:24:22,121.458100,31.192100, 86, 22,1
70507,2007-02-20 05:25:23,121.470500,31.198300, 86, 45,1
70507,2007-02-20 05:26:24,121.476600,31.190100, 82, 90,1
70507,2007-02-20 05:27:25,121.479100,31.179100, 88,112,1
70507,2007-02-20 05:29:27,121.480000,31.171600, 46, 45,1
70507,2007-02-20 05:30:28,121.488100,31.173000,  0, 45,1
70507,2007-02-20 05:31:29,121.490100,31.173100, 70, 45,1
70507,2007-02-20 05:31:47,121.492800,31.173300,  0, 45,0
70507,2007-02-20 05:32:27,121.492600,31.173500, 22,135,1
70507,2007-02-20 05:33:28,121.488300,31.173000,  0,135,1
70507,2007-02-20 05:34:29,121.484500,31.172500, 18,135,1
70507,2007-02-20 05:35:30,121.478800,31.173300, 48,  0,1
70507,2007-02-20 05:36:31,121.478300,31.174800, 28,135,1
70507,2007-02-20 05:38:33,121.479000,31.184800, 66,  0,1
70507,2007-02-20 05:39:34,121.475500,31.193500, 70,  0,1
70507,2007-02-20 05:40:35,121.471500,31.202500, 64,  0,1
70507,2007-02-20 05:41:36,121.468300,31.211300, 68,  0,1
70507,2007-02-20 05:42:37,121.467000,31.220000, 64,  0,1
70507,2007-02-20 05:43:38,121.463800,31.226800, 48,157,1
70507,2007-02-20 05:44:39,121.461800,31.235500, 64,  0,1
70507,2007-02-20 05:45:40,121.458100,31.243600, 56,  0,1
70507,2007-02-20 05:46:41,121.459000,31.252500, 64,  0,1
70507,2007-02-20 05:47:42,121.458500,31.260500, 54,  0,1
70507,2007-02-20 05:48:43,121.452500,31.261500, 60,135,1
70507,2007-02-20 05:49:44,121.440500,31.259000, 78,135,1
70507,2007-02-20 05:50:45,121.431000,31.255100, 60,112,1
70507,2007-02-20 05:51:46,121.423500,31.248000, 68,112,1
70507,2007-02-20 05:52:47,121.414800,31.243600, 40,112,1
70507,2007-02-20 05:55:56,121.404500,31.247500,  0,135,1
70507,2007-02-20 05:57:58,121.397300,31.246500, 28,135,1
70507,2007-02-20 05:58:52,121.394500,31.244000, 44, 90,0
70507,2007-02-20 07:15:30,121.406100,31.275000,  0, 90,0
70507,2007-02-20 07:16:30,121.405300,31.269300, 34, 90,0
70507,2007-02-20 07:17:31,121.405100,31.268000,  0, 90,0
70507,2007-02-20 07:18:31,121.405100,31.268000,  0, 90,0
70507,2007-02-20 07:19:33,121.404600,31.262300, 54, 90,0
70507,2007-02-20 07:20:34,121.398000,31.257000, 46,112,0
70507,2007-02-20 07:21:35,121.393000,31.258300, 48,135,0
70507,2007-02-20 07:22:36,121.390800,31.252500, 54,135,0
70507,2007-02-20 07:23:36,121.387100,31.253000,  0,135,0
70507,2007-02-20 07:24:38,121.383600,31.254000,  2,135,0
70507,2007-02-20 07:25:39,121.381000,31.254800,  0,135,0
70507,2007-02-20 07:26:40,121.379800,31.252500,  0, 90,0
70507,2007-02-20 07:27:41,121.380000,31.252300,  0, 45,0
70507,2007-02-20 07:28:41,121.380000,31.252300,  0, 45,0
70507,2007-02-20 07:29:43,121.380000,31.252300,  0, 45,0
70507,2007-02-20 07:31:45,121.374600,31.253500, 30,135,0
70507,2007-02-20 07:32:46,121.373100,31.251600, 24,112,0
70507,2007-02-20 07:37:18,121.355600,31.243300, 18, 90,0
70507,2007-02-20 07:38:19,121.355800,31.240600, 40, 90,0
70507,2007-02-20 07:39:20,121.357800,31.236500, 48, 90,0
70507,2007-02-20 07:40:21,121.361600,31.236500, 42,  0,0
70507,2007-02-20 07:41:21,121.366600,31.237500, 24, 45,0
70507,2007-02-20 07:42:23,121.370300,31.239600, 44, 67,0
70507,2007-02-20 07:48:56,121.398300,31.246300, 52, 45,0
70507,2007-02-20 07:49:56,121.404500,31.246000, 42, 90,0
70507,2007-02-20 07:50:58,121.403300,31.244100, 28,157,0
70507,2007-02-20 07:51:59,121.398000,31.243600,  8,135,0
70507,2007-02-20 07:53:00,121.397600,31.246000,  0,  0,0
70507,2007-02-20 07:55:01,121.394800,31.250100, 32,135,0
70507,2007-02-20 07:56:03,121.392100,31.247300,  0, 90,0
70507,2007-02-20 07:57:04,121.393100,31.246300, 38, 45,0
70507,2007-02-20 07:59:06,121.398300,31.242800, 22, 67,0
70507,2007-02-20 08:00:06,121.401600,31.240300, 24, 67,0
70507,2007-02-20 08:01:08,121.405300,31.238000, 30, 90,0
70507,2007-02-20 08:02:09,121.403500,31.235500, 28,112,0
70507,2007-02-20 08:03:10,121.399300,31.235100, 36,157,0
70507,2007-02-20 08:04:11,121.395500,31.240800, 48,157,0
70507,2007-02-20 08:05:11,121.394300,31.246300, 10, 22,0
70507,2007-02-20 08:06:13,121.401500,31.246600, 48, 45,0
70507,2007-02-20 08:07:14,121.410500,31.246100, 62, 67,0
70507,2007-02-20 08:09:16,121.421500,31.238000,  0, 67,0
70507,2007-02-20 08:10:16,121.421600,31.248000, 40,157,0
70507,2007-02-20 08:12:23,121.417300,31.257300,  0,  0,1
70507,2007-02-20 08:13:24,121.415300,31.256300, 62,112,1
70507,2007-02-20 08:14:25,121.407600,31.253600, 60,135,1
70507,2007-02-20 08:15:26,121.402800,31.252600,  0,135,1
70507,2007-02-20 08:16:26,121.402800,31.252600,  0,135,1
70507,2007-02-20 08:17:28,121.403600,31.248500, 30, 90,1
70507,2007-02-20 08:17:33,121.403600,31.248300,  0, 90,0
70507,2007-02-20 08:18:34,121.407100,31.247100, 52, 45,0
70507,2007-02-20 08:19:35,121.411600,31.245500, 52, 67,0
70507,2007-02-20 08:20:36,121.418300,31.245100, 46, 22,0
70507,2007-02-20 08:21:36,121.423300,31.247800,  0, 22,0
70507,2007-02-20 08:22:38,121.420600,31.249500, 56,157,0
70507,2007-02-20 08:23:39,121.423000,31.253300, 40, 22,0
70507,2007-02-20 08:24:07,121.423800,31.253600, 18, 22,1
70507,2007-02-20 08:26:09,121.426300,31.264000,  0,  0,1
70507,2007-02-20 08:27:10,121.426500,31.267600,  6,  0,1
70507,2007-02-20 08:27:31,121.426500,31.267800,  0,  0,0
70507,2007-02-20 08:28:31,121.428800,31.268000, 52, 45,0
70507,2007-02-20 08:29:33,121.431800,31.266100, 28, 67,0
70507,2007-02-20 08:30:34,121.433100,31.264000,  0, 67,0
70507,2007-02-20 08:32:36,121.427500,31.264300, 36,112,0
70507,2007-02-20 08:33:36,121.426500,31.264100,  8,135,0
70507,2007-02-20 08:34:38,121.426100,31.256100, 56, 90,0
70507,2007-02-20 08:36:40,121.432500,31.256300, 62, 22,0
70507,2007-02-20 08:37:41,121.441500,31.259300, 14, 22,0
70507,2007-02-20 08:39:13,121.444800,31.259300,  6, 45,1
70507,2007-02-20 08:43:16,121.472100,31.273100, 72, 22,1
70507,2007-02-20 08:44:18,121.478100,31.276800, 70, 45,1
70507,2007-02-20 08:45:19,121.479500,31.277100,  0, 22,1
70507,2007-02-20 08:46:20,121.485100,31.278300,  0, 45,1
70507,2007-02-20 08:47:21,121.486600,31.278300, 30, 45,1
70507,2007-02-20 08:50:41,121.485800,31.277500, 44,  0,0
70507,2007-02-20 08:51:43,121.486000,31.278000,  0,  0,0
70507,2007-02-20 08:52:44,121.486000,31.278000,  0,  0,0
70507,2007-02-20 08:53:45,121.486100,31.282600, 52,  0,0
70507,2007-02-20 08:54:46,121.486100,31.286800,  0,  0,0
70507,2007-02-20 08:55:46,121.486300,31.291800, 44,  0,0
70507,2007-02-20 08:56:48,121.484100,31.298000, 68,  0,0
70507,2007-02-20 08:58:50,121.481000,31.322000,  0,  0,0
70507,2007-02-20 08:59:51,121.486100,31.322300, 34, 45,0
70507,2007-02-20 09:00:51,121.486600,31.323000,  0, 22,0
70507,2007-02-20 09:01:53,121.486600,31.323000,  0,  0,0
70507,2007-02-20 09:02:54,121.487000,31.322600,  4, 67,0
70507,2007-02-20 09:03:55,121.487000,31.322300,  0, 90,0
70507,2007-02-20 09:04:56,121.487100,31.323300,  6,  0,0
70507,2007-02-20 09:05:56,121.487100,31.323300,  0, 22,0
70507,2007-02-20 09:06:58,121.485500,31.322300, 10,135,0
70507,2007-02-20 09:07:59,121.485500,31.322300,  0,135,0
70507,2007-02-20 09:09:00,121.485500,31.322300,  0,135,0
70507,2007-02-20 09:10:01,121.485500,31.322300,  0,135,0
70507,2007-02-20 09:11:01,121.485500,31.322300,  0,135,0
70507,2007-02-20 09:12:03,121.485500,31.322300,  0,135,0
70507,2007-02-20 09:13:04,121.485500,31.322300,  0,135,0
70507,2007-02-20 09:14:05,121.485500,31.322300,  0,135,0
70507,2007-02-20 09:15:06,121.485500,31.322300,  0,135,0
70507,2007-02-20 09:16:06,121.485500,31.322300,  0,135,0
70507,2007-02-20 09:17:08,121.487000,31.322600,  0, 67,0
70507,2007-02-20 09:18:09,121.487000,31.322600,  0, 67,0
70507,2007-02-20 09:19:10,121.487000,31.322600,  0, 67,0
70507,2007-02-20 09:20:11,121.487000,31.322600,  0, 67,0
70507,2007-02-20 09:21:11,121.487000,31.322600,  0, 67,0
70507,2007-02-20 09:22:13,121.487000,31.322600,  0, 67,0
70507,2007-02-20 09:24:15,121.487000,31.322600,  0, 67,0
70507,2007-02-20 09:24:54,121.487000,31.322600,  0, 67,0
70507,2007-02-20 09:25:55,121.487000,31.322600,  0, 67,0
70507,2007-02-20 09:26:56,121.487000,31.322600,  0, 67,0
70507,2007-02-20 09:27:56,121.487000,31.322600,  0, 67,0
70507,2007-02-20 09:28:58,121.487000,31.322600,  0, 67,0
70507,2007-02-20 09:29:59,121.487000,31.322600,  0, 67,0
70507,2007-02-20 09:31:00,121.487000,31.322600,  0, 67,0
70507,2007-02-20 09:32:01,121.487000,31.322600,  0, 67,0
70507,2007-02-20 09:33:01,121.487000,31.322600,  0, 67,0
70507,2007-02-20 09:34:03,121.487000,31.322600,  0, 67,0
70507,2007-02-20 09:35:04,121.487000,31.322600,  0, 67,0
70507,2007-02-20 09:36:05,121.487000,31.322600,  0, 67,0
70507,2007-02-20 09:37:06,121.487000,31.322500,  0, 67,0
70507,2007-02-20 09:38:06,121.487000,31.322500,  0, 67,0
70507,2007-02-20 09:39:08,121.487000,31.322300,  0, 67,0
70507,2007-02-20 09:40:09,121.487000,31.322300,  0, 67,0
70507,2007-02-20 09:41:10,121.487000,31.322300,  0, 67,0
70507,2007-02-20 09:42:11,121.487000,31.322300,  0, 67,0
70507,2007-02-20 09:43:12,121.487000,31.322300,  0, 67,0
70507,2007-02-20 09:44:13,121.487000,31.322300,  0, 67,0
70507,2007-02-20 09:45:14,121.487000,31.322300,  0, 67,0
70507,2007-02-20 09:46:15,121.487000,31.322300,  0, 67,0
70507,2007-02-20 09:47:16,121.487000,31.322300,  0, 67,0
70507,2007-02-20 09:48:17,121.487000,31.322300,  0, 67,0
70507,2007-02-20 09:50:19,121.487000,31.322300,  0, 67,0
70507,2007-02-20 09:51:20,121.487000,31.322300,  0, 67,0
70507,2007-02-20 09:52:21,121.487000,31.322300,  0, 67,0
70507,2007-02-20 09:53:22,121.487000,31.322300,  0, 67,0
70507,2007-02-20 09:54:23,121.487000,31.322300,  0, 67,0
70507,2007-02-20 09:55:24,121.487000,31.322300,  0, 67,0
70507,2007-02-20 09:56:16,121.487000,31.322300,  0, 67,0
70507,2007-02-20 09:58:17,121.487000,31.322300,  0, 67,0
70507,2007-02-20 09:59:18,121.487000,31.322300,  0, 67,0
70507,2007-02-20 10:00:19,121.487000,31.322300,  0, 67,0
70507,2007-02-20 10:01:20,121.487000,31.322300,  0, 67,0
70507,2007-02-20 10:02:21,121.487000,31.322300,  0, 67,0
70507,2007-02-20 10:03:22,121.487000,31.322300,  0, 67,0
70507,2007-02-20 10:04:23,121.487000,31.322300,  0, 67,0
70507,2007-02-20 10:05:24,121.487000,31.322300,  0, 67,0
70507,2007-02-20 10:06:25,121.487000,31.322300,  0, 67,0
70507,2007-02-20 10:09:28,121.480800,31.322100, 22,135,0
70507,2007-02-20 10:10:29,121.480800,31.313600, 78, 90,0
70507,2007-02-20 10:11:30,121.482000,31.302600, 76, 90,0
70507,2007-02-20 10:12:31,121.483100,31.293000, 76,112,0
70507,2007-02-20 10:13:32,121.479800,31.287500,  0, 67,0
70507,2007-02-20 10:14:33,121.478000,31.287600, 24,135,0
70507,2007-02-20 10:15:34,121.475000,31.288000, 14,135,0
70507,2007-02-20 10:16:35,121.472600,31.288300,  0,112,0
70507,2007-02-20 10:17:36,121.471600,31.285300, 58, 90,0
70507,2007-02-20 10:18:37,121.470300,31.277600, 52, 90,0
70507,2007-02-20 10:19:38,121.471300,31.272800, 42, 67,0
70507,2007-02-20 10:20:16,121.470000,31.270800,  8, 90,1
70507,2007-02-20 10:21:17,121.469000,31.269800,  0,112,1
70507,2007-02-20 10:22:18,121.469000,31.269800,  0,112,1
70507,2007-02-20 10:23:19,121.469000,31.269800,  0,112,1
70507,2007-02-20 10:24:20,121.469000,31.269800,  0,112,1
70507,2007-02-20 10:26:22,121.469000,31.269800,  0,112,1
70507,2007-02-20 10:27:23,121.469000,31.269800,  0,112,1
70507,2007-02-20 10:28:24,121.469000,31.269800,  0,112,1
70507,2007-02-20 10:29:25,121.452600,31.247800,  0,112,1
70507,2007-02-20 10:30:26,121.450100,31.247800, 20,135,1
70507,2007-02-20 10:31:27,121.442300,31.246800, 56,135,1
70507,2007-02-20 10:32:28,121.438800,31.246000,  0,135,1
70507,2007-02-20 10:33:29,121.435100,31.244100, 22,112,1
70507,2007-02-20 10:34:30,121.434000,31.243000, 40,112,1
70507,2007-02-20 10:35:31,121.433100,31.242300,  0,112,1
70507,2007-02-20 10:36:32,121.431100,31.240500,  0,112,1
70507,2007-02-20 10:37:33,121.431000,31.240300,  0,112,1
70507,2007-02-20 10:38:34,121.434100,31.238100, 34, 67,1
70507,2007-02-20 10:39:35,121.435600,31.237800,  0, 45,1
70507,2007-02-20 10:39:39,121.435600,31.237800,  0, 45,0
70507,2007-02-20 10:41:40,121.434500,31.237500, 16,135,0
70507,2007-02-20 10:42:41,121.433800,31.238600, 20,157,0
70507,2007-02-20 10:43:42,121.429300,31.239600, 48,135,0
70507,2007-02-20 10:43:52,121.428800,31.239600,  4, 90,1
70507,2007-02-20 10:45:53,121.431600,31.240800, 30, 22,1
70507,2007-02-20 10:46:54,121.432800,31.242800, 16,  0,1
70507,2007-02-20 10:47:55,121.432800,31.243500,  0,  0,1
70507,2007-02-20 10:48:53,121.436000,31.245600,  0,157,0
70507,2007-02-20 10:49:50,121.435600,31.245800, 14, 67,1
70507,2007-02-20 10:50:51,121.438100,31.245500, 32, 22,1
70507,2007-02-20 10:51:52,121.443800,31.246800, 72, 45,1
70507,2007-02-20 10:52:53,121.451300,31.247600, 38, 45,1
70507,2007-02-20 10:53:54,121.457500,31.246100, 58, 90,1
70507,2007-02-20 10:54:55,121.459000,31.241000,  6, 90,1
70507,2007-02-20 10:56:57,121.463600,31.226600,  0, 90,1
70507,2007-02-20 10:57:58,121.463600,31.226600,  0, 90,1
70507,2007-02-20 11:00:00,121.471100,31.235500, 18, 45,1
70507,2007-02-20 11:00:23,121.472300,31.235100,  6, 90,0
70507,2007-02-20 11:02:24,121.467000,31.230100, 30,135,0
70507,2007-02-20 11:03:25,121.465500,31.232600,  0,  0,0
70507,2007-02-20 11:04:26,121.465300,31.232800, 18,157,0
70507,2007-02-20 11:04:55,121.463600,31.232800, 12,135,1
70507,2007-02-20 11:05:56,121.462800,31.232800,  6,157,1
70507,2007-02-20 11:07:58,121.462600,31.233000,  0,157,1
70507,2007-02-20 11:08:59,121.462600,31.233000,  0,157,1
70507,2007-02-20 11:10:00,121.457800,31.246600, 80,  0,1
70507,2007-02-20 11:11:01,121.459100,31.258600, 86,  0,1
70507,2007-02-20 11:12:02,121.450800,31.261100, 98,135,1
70507,2007-02-20 11:13:03,121.440000,31.259000, 54,135,1
70507,2007-02-20 11:14:04,121.429600,31.254100, 82,112,1
70507,2007-02-20 11:15:05,121.427000,31.254300,  0,  0,1
70507,2007-02-20 11:16:06,121.426100,31.255100, 20,112,1
70507,2007-02-20 11:17:07,121.424100,31.255300, 12,157,1
70507,2007-02-20 11:18:08,121.423600,31.257800,  0,  0,1
70507,2007-02-20 11:18:55,121.422300,31.257600,  0,135,0
70507,2007-02-20 11:19:56,121.421600,31.257100,  0,135,0
70507,2007-02-20 11:20:05,121.421500,31.257100, 14,112,1
70507,2007-02-20 11:21:06,121.418300,31.255000, 50,112,1
70507,2007-02-20 11:22:07,121.417300,31.259000, 44,  0,1
70507,2007-02-20 11:23:08,121.417800,31.264000,  0,  0,1
70507,2007-02-20 11:24:09,121.417800,31.264000,  0,  0,1
70507,2007-02-20 11:25:10,121.418100,31.265000, 26,  0,1
70507,2007-02-20 11:26:11,121.418100,31.266100,  0,  0,1
70507,2007-02-20 11:27:12,121.418100,31.266100,  0,  0,1
70507,2007-02-20 11:28:13,121.418300,31.269300, 48,  0,1
70507,2007-02-20 11:29:14,121.421000,31.273600,  4,157,1
70507,2007-02-20 11:31:19,121.418100,31.267500,  6, 90,0
70507,2007-02-20 11:32:20,121.418000,31.265100, 34, 90,0
70507,2007-02-20 11:33:21,121.416500,31.257100, 44,112,0
70507,2007-02-20 11:34:00,121.413800,31.255500,  6,112,1
70507,2007-02-20 11:35:00,121.405100,31.253100, 54,135,1
70507,2007-02-20 11:36:01,121.403600,31.248300, 10, 90,1
70507,2007-02-20 11:37:02,121.403600,31.248300,  0, 67,1
70507,2007-02-20 11:38:03,121.399000,31.246600, 64,135,1
70507,2007-02-20 11:40:05,121.392600,31.246600, 40,135,1
70507,2007-02-20 11:41:06,121.385800,31.248100, 46,135,1
70507,2007-02-20 11:42:07,121.382600,31.246500, 54,112,1
70507,2007-02-20 11:43:41,121.379800,31.243600,  8, 67,1
70507,2007-02-20 11:44:42,121.378000,31.237500, 76, 90,1
70507,2007-02-20 11:45:43,121.375800,31.234800,  0,112,1
70507,2007-02-20 11:46:44,121.375800,31.234800,  0,112,1
70507,2007-02-20 11:47:45,121.375800,31.234800,  4,112,1
70507,2007-02-20 11:48:46,121.373600,31.231300,  4, 90,1
70507,2007-02-20 11:49:47,121.373100,31.229800, 32, 90,1
70507,2007-02-20 11:50:48,121.371500,31.221300, 68, 90,1
70507,2007-02-20 11:51:49,121.368500,31.218500, 50,157,1
70507,2007-02-20 11:52:50,121.363300,31.219100, 28,112,1
70507,2007-02-20 11:53:51,121.363600,31.213300, 44, 90,1
70507,2007-02-20 11:54:52,121.360000,31.210500, 68,135,1
70507,2007-02-20 11:55:22,121.355500,31.210800,  0,157,0
70507,2007-02-20 11:56:23,121.354500,31.211300, 34,  0,0
70507,2007-02-20 11:57:24,121.353800,31.217600, 32,  0,0
70507,2007-02-20 11:58:25,121.357300,31.219800, 54, 45,0
70507,2007-02-20 11:59:26,121.364000,31.219300, 50, 45,0
70507,2007-02-20 12:00:27,121.370800,31.218000,  0, 45,0
70507,2007-02-20 12:01:28,121.372000,31.225300, 82,  0,0
70507,2007-02-20 12:02:29,121.375600,31.234000,  0, 22,0
70507,2007-02-20 12:03:30,121.375600,31.234000,  0, 22,0
70507,2007-02-20 12:04:31,121.378300,31.237600, 64,  0,0
70507,2007-02-20 12:05:32,121.383300,31.237800, 42, 45,0
70507,2007-02-20 12:06:33,121.387300,31.237800, 20, 22,0
70507,2007-02-20 12:07:34,121.390000,31.241300, 34, 45,0
70507,2007-02-20 12:08:35,121.391800,31.242300, 38,  0,0
70507,2007-02-20 12:09:36,121.393100,31.243300,  0,  0,0
70507,2007-02-20 12:10:37,121.393100,31.243300,  0,  0,0
70507,2007-02-20 12:11:38,121.393100,31.243300,  0,  0,0
70507,2007-02-20 12:12:39,121.393100,31.243300,  0,  0,0
70507,2007-02-20 12:13:40,121.393100,31.243300,  0,  0,0
70507,2007-02-20 12:14:41,121.393100,31.243300,  0,  0,0
70507,2007-02-20 12:15:42,121.393100,31.243300,  0,  0,0
70507,2007-02-20 12:16:43,121.393100,31.243300,  0,  0,0
70507,2007-02-20 12:17:44,121.393100,31.243300,  0,  0,0
70507,2007-02-20 12:19:46,121.393100,31.243300,  0,  0,0
70507,2007-02-20 12:20:47,121.393100,31.243300,  0,  0,0
70507,2007-02-20 12:21:48,121.393100,31.243300,  0,  0,0
70507,2007-02-20 12:23:50,121.393300,31.243500,  0,  0,0
70507,2007-02-20 12:24:51,121.393300,31.243500,  0,  0,0
70507,2007-02-20 12:25:52,121.393300,31.243500,  0,  0,0
70507,2007-02-20 12:26:53,121.393300,31.243500,  0,  0,0
70507,2007-02-20 12:27:54,121.393300,31.243500,  0,  0,0
70507,2007-02-20 12:29:56,121.393300,31.243500,  0,  0,0
70507,2007-02-20 12:31:58,121.393300,31.243600,  0, 22,0
70507,2007-02-20 12:32:59,121.393100,31.243500,  0,112,0
70507,2007-02-20 12:34:00,121.393100,31.243500,  0,112,0
70507,2007-02-20 12:35:01,121.393100,31.243500,  0,112,0
70507,2007-02-20 12:36:02,121.393100,31.243500,  0,112,0
70507,2007-02-20 12:37:03,121.393100,31.243500,  0,112,0
70507,2007-02-20 12:38:04,121.393100,31.243500,  0,112,0
70507,2007-02-20 12:39:05,121.393100,31.243500,  0,112,0
70507,2007-02-20 12:40:06,121.393100,31.243500,  0,112,0
70507,2007-02-20 12:41:07,121.393100,31.243500,  0,112,0
70507,2007-02-20 12:42:08,121.393100,31.243500,  0,112,0
70507,2007-02-20 12:43:09,121.393100,31.243500,  0,112,0
70507,2007-02-20 12:44:10,121.393100,31.243500,  0,112,0
70507,2007-02-20 12:45:11,121.393100,31.243500,  0,112,0
70507,2007-02-20 12:46:12,121.393100,31.243500,  0,112,0
70507,2007-02-20 12:48:14,121.393100,31.243500,  0,112,0
70507,2007-02-20 12:49:15,121.393100,31.243500,  0,112,0
70507,2007-02-20 12:50:16,121.393100,31.243500,  0,112,0
70507,2007-02-20 12:51:17,121.393100,31.243500,  0,112,0
70507,2007-02-20 12:52:18,121.393100,31.243500,  0,112,0
70507,2007-02-20 12:53:19,121.393100,31.243500,  0,112,0
70507,2007-02-20 12:55:21,121.393100,31.243500,  0,112,0
70507,2007-02-20 12:56:22,121.393100,31.243500,  0,112,0
70507,2007-02-20 12:57:23,121.393100,31.243500,  0,112,0
70507,2007-02-20 13:00:26,121.393100,31.243500,  0,112,0
70507,2007-02-20 13:01:27,121.393100,31.243500,  0,112,0
70507,2007-02-20 13:02:28,121.393100,31.243500,  0,112,0
70507,2007-02-20 13:03:29,121.393100,31.243500,  0,112,0
70507,2007-02-20 13:04:30,121.393100,31.243500,  0,112,0
70507,2007-02-20 13:05:31,121.393100,31.243500,  0,112,0
70507,2007-02-20 13:06:32,121.393100,31.243500,  0,112,0
70507,2007-02-20 13:07:33,121.393100,31.243500,  0,112,0
70507,2007-02-20 13:08:34,121.393100,31.243500,  0,112,0
70507,2007-02-20 13:09:35,121.393100,31.243500,  0,112,0
70507,2007-02-20 13:10:36,121.393300,31.243300,  0,112,0
70507,2007-02-20 13:11:37,121.392500,31.243500,  8,135,0
70507,2007-02-20 13:11:39,121.392300,31.243500, 10,135,1
70507,2007-02-20 13:12:39,121.391800,31.241600, 32, 90,1
70507,2007-02-20 13:13:40,121.391300,31.236500, 54, 90,1
70507,2007-02-20 13:14:41,121.391500,31.234000,  0, 90,1
70507,2007-02-20 13:15:42,121.392100,31.233600, 36, 45,1
70507,2007-02-20 13:16:43,121.392500,31.236000,  0,135,0
70507,2007-02-20 13:17:43,121.392500,31.236000,  0,135,0
70507,2007-02-20 13:18:44,121.393100,31.234000, 22, 90,0
70507,2007-02-20 13:20:46,121.397500,31.235300,  0,  0,0
70507,2007-02-20 13:21:11,121.397500,31.235300,  0,  0,1
70507,2007-02-20 13:22:11,121.396100,31.239500, 30,157,1
70507,2007-02-20 13:23:12,121.395500,31.243300, 44, 45,1
70507,2007-02-20 13:24:13,121.397800,31.243800, 16,  0,1
70507,2007-02-20 13:25:14,121.397600,31.245800,  8,  0,1
70507,2007-02-20 13:26:15,121.400600,31.246800,  0,  0,1
70507,2007-02-20 13:27:16,121.403100,31.247100,  0, 45,1
70507,2007-02-20 13:28:17,121.407500,31.247100,  0, 45,1
70507,2007-02-20 13:29:19,121.412500,31.245100, 54, 67,1
70507,2007-02-20 13:30:19,121.414300,31.243800,  0, 67,1
70507,2007-02-20 13:31:20,121.414500,31.243600,  0, 67,1
70507,2007-02-20 13:32:21,121.418100,31.245300, 62, 22,1
70507,2007-02-20 13:33:22,121.428100,31.252000, 86, 22,1
70507,2007-02-20 13:34:23,121.438300,31.258300, 84, 22,1
70507,2007-02-20 13:38:14,121.474500,31.277300, 38, 45,1
70507,2007-02-20 13:40:16,121.480500,31.277600,  0, 22,1
70507,2007-02-20 13:41:18,121.484500,31.278500, 40, 45,1
70507,2007-02-20 13:42:19,121.485500,31.278300,  0, 45,1
70507,2007-02-20 13:43:20,121.485600,31.278300, 24, 45,1
70507,2007-02-20 13:44:20,121.494100,31.278100, 40, 45,1
70507,2007-02-20 13:45:22,121.496500,31.277100,  0, 67,1
70507,2007-02-20 13:46:23,121.496500,31.277100,  6, 67,1
70507,2007-02-20 13:48:25,121.501800,31.272600, 32, 67,1
70507,2007-02-20 13:49:25,121.503800,31.274000,  0, 22,1
70507,2007-02-20 13:50:27,121.506500,31.275100, 26, 22,1
70507,2007-02-20 13:51:28,121.508000,31.274600, 34, 90,1
70507,2007-02-20 13:51:55,121.508800,31.272800,  6, 90,0
70507,2007-02-20 13:52:57,121.510800,31.271300,  0, 67,0
70507,2007-02-20 13:53:58,121.510600,31.268300, 48,112,0
70507,2007-02-20 13:54:20,121.509100,31.267000, 10,112,1
70507,2007-02-20 13:55:20,121.504300,31.264600,  0,112,1
70507,2007-02-20 13:56:22,121.504300,31.264600,  0,112,1
70507,2007-02-20 13:57:23,121.497500,31.260500,  0,112,1
70507,2007-02-20 13:58:24,121.493800,31.258000, 60,112,1
70507,2007-02-20 13:59:25,121.492600,31.257300,  0,112,1
70507,2007-02-20 14:00:25,121.489500,31.255500,  0,135,1
70507,2007-02-20 14:01:27,121.484300,31.254100, 14,112,1
70507,2007-02-20 14:02:28,121.477600,31.250000, 34,135,1
70507,2007-02-20 14:03:29,121.475300,31.249100, 50,112,1
70507,2007-02-20 14:04:30,121.468300,31.247100,  0,135,1
70507,2007-02-20 14:05:30,121.467600,31.247000, 18,135,1
70507,2007-02-20 14:06:32,121.463000,31.246100, 44,135,1
70507,2007-02-20 14:07:33,121.454500,31.248000, 46,135,1
70507,2007-02-20 14:08:34,121.452600,31.249000, 16,  0,1
70507,2007-02-20 14:09:28,121.450000,31.250300,  0,157,0
70507,2007-02-20 14:11:30,121.444100,31.247100, 66,135,0
70507,2007-02-20 14:12:30,121.440000,31.246300, 42,135,0
70507,2007-02-20 14:13:32,121.437300,31.245300,  6,112,0
70507,2007-02-20 14:14:05,121.436300,31.245500,  4,157,1
70507,2007-02-20 14:15:05,121.436300,31.248500, 32, 22,1
70507,2007-02-20 14:16:07,121.439100,31.250100, 26,157,1
70507,2007-02-20 14:17:08,121.439000,31.253000,  0,157,1
70507,2007-02-20 14:17:12,121.439000,31.253000,  0,157,0
70507,2007-02-20 14:18:12,121.437300,31.255100, 34,157,0
70507,2007-02-20 14:19:13,121.432600,31.256300, 48,135,0
70507,2007-02-20 14:20:14,121.431600,31.255800, 24,112,0
70507,2007-02-20 14:21:15,121.428500,31.252600,  4,112,0
70507,2007-02-20 14:22:15,121.427000,31.254500,  0,157,0
70507,2007-02-20 14:24:18,121.421100,31.252500, 20,135,0
70507,2007-02-20 14:24:45,121.420100,31.252100, 14,135,1
70507,2007-02-20 14:25:45,121.419600,31.252000,  0,135,1
70507,2007-02-20 14:26:47,121.418600,31.251300, 22,112,1
70507,2007-02-20 14:27:48,121.411600,31.248600, 64,135,1
70507,2007-02-20 14:28:49,121.405600,31.247500,  0,135,1
70507,2007-02-20 14:29:50,121.401300,31.247000, 48,135,1
70507,2007-02-20 14:30:50,121.395100,31.246600,  0,135,1
70507,2007-02-20 14:31:52,121.394800,31.246300,  0,135,1
70507,2007-02-20 14:32:53,121.387100,31.248000, 46,135,1
70507,2007-02-20 14:33:54,121.377800,31.249800,  0,135,1
70507,2007-02-20 14:34:54,121.377300,31.246800,  0,112,0
70507,2007-02-20 14:35:55,121.377100,31.246300, 28,112,0
70507,2007-02-20 14:36:55,121.377000,31.246000, 12,112,0
70507,2007-02-20 14:37:57,121.374000,31.241300, 62,112,0
70507,2007-02-20 14:38:58,121.368600,31.240500,  0,157,0
70507,2007-02-20 14:39:59,121.364600,31.238500,  0,157,0
70507,2007-02-20 14:41:00,121.361000,31.240300,  0, 67,0
70507,2007-02-20 14:41:20,121.361100,31.240100, 14, 67,1
70507,2007-02-20 14:42:20,121.366800,31.237500, 46, 67,1
70507,2007-02-20 14:43:22,121.368600,31.233000, 58, 90,1
70507,2007-02-20 14:44:23,121.372300,31.228000, 58, 90,1
70507,2007-02-20 14:45:24,121.371500,31.219000, 40, 90,1
70507,2007-02-20 14:46:25,121.371300,31.217100, 36, 90,1
70507,2007-02-20 14:47:25,121.369300,31.213100, 26,112,1
70507,2007-02-20 14:48:27,121.364600,31.210100, 40,135,1
70507,2007-02-20 14:49:07,121.364300,31.210800,  0,  0,0
70507,2007-02-20 14:50:08,121.364100,31.211100,  0,  0,0
70507,2007-02-20 14:51:09,121.364100,31.211500, 10,157,0
70507,2007-02-20 14:52:10,121.360100,31.212800, 40,157,0
70507,2007-02-20 14:53:10,121.358300,31.215800, 46,135,0
70507,2007-02-20 14:54:12,121.354300,31.216600, 40,135,0
70507,2007-02-20 14:55:13,121.353600,31.219100,  0,  0,0
70507,2007-02-20 14:56:29,121.351500,31.220300, 48,135,1
70507,2007-02-20 14:57:30,121.347100,31.220600, 60,135,1
70507,2007-02-20 14:58:30,121.345300,31.220800, 26, 45,1
70507,2007-02-20 14:59:32,121.349300,31.209000, 98, 90,1
70507,2007-02-20 15:01:34,121.350000,31.191800, 66,157,1
70507,2007-02-20 15:02:35,121.345800,31.195600, 44,157,1
70507,2007-02-20 15:04:13,121.342600,31.196100,  6, 90,0
70507,2007-02-20 15:04:36,121.342600,31.195800, 16, 90,1
70507,2007-02-20 15:05:37,121.348100,31.193300, 58, 67,1
70507,2007-02-20 15:06:38,121.353100,31.186000, 58, 90,1
70507,2007-02-20 15:07:39,121.355800,31.184800,  0, 45,1
70507,2007-02-20 15:08:40,121.355600,31.185600, 14, 45,1
70507,2007-02-20 15:09:40,121.356000,31.185100,  0,  0,1
70507,2007-02-20 15:10:42,121.356600,31.185500,  4, 45,1
70507,2007-02-20 15:11:43,121.359300,31.184600, 42, 90,1
70507,2007-02-20 15:12:24,121.360100,31.181500,  0, 90,0
70507,2007-02-20 15:13:25,121.360500,31.179800,  0, 67,0
70507,2007-02-20 15:14:25,121.360300,31.182500, 32, 45,0
70507,2007-02-20 15:15:04,121.362000,31.182800, 12, 22,1
70507,2007-02-20 15:16:04,121.364800,31.183500, 18, 22,1
70507,2007-02-20 15:17:05,121.364300,31.189300,  0,  0,1
70507,2007-02-20 15:18:05,121.371500,31.190800,  4, 22,1
70507,2007-02-20 15:19:07,121.380000,31.193800, 32, 22,1
70507,2007-02-20 15:20:08,121.386000,31.197500, 68, 22,1
70507,2007-02-20 15:21:09,121.397800,31.202500, 66, 45,1
70507,2007-02-20 15:22:10,121.407300,31.210000,100,  0,1
70507,2007-02-20 15:23:09,121.406000,31.219800, 62,  0,1
70507,2007-02-20 15:24:11,121.405500,31.230600, 84,  0,1
70507,2007-02-20 15:25:12,121.411300,31.241100, 82, 22,1
70507,2007-02-20 15:26:13,121.419500,31.246100, 26, 22,1
70507,2007-02-20 15:27:14,121.427100,31.251100, 70, 22,1
70507,2007-02-20 15:28:14,121.436000,31.257300, 72, 22,1
70507,2007-02-20 15:29:16,121.447600,31.260500, 78, 45,1
70507,2007-02-20 15:30:17,121.458100,31.262000, 38,112,1
70507,2007-02-20 15:31:18,121.452100,31.271500,108,157,1
70507,2007-02-20 15:40:57,121.436300,31.312600,  0, 90,0
70507,2007-02-20 15:41:58,121.436500,31.310100, 30, 90,0
70507,2007-02-20 15:42:59,121.440300,31.309600,  0, 45,0
70507,2007-02-20 15:43:59,121.440600,31.307300, 10, 67,0
70507,2007-02-20 15:45:01,121.443800,31.304300, 74, 90,0
70507,2007-02-20 15:46:02,121.445100,31.294800, 30, 67,0
70507,2007-02-20 15:47:03,121.434300,31.292100, 84,135,0
70507,2007-02-20 15:48:04,121.426600,31.290500,  0,135,0
70507,2007-02-20 15:49:04,121.434500,31.289000, 42,135,0
70507,2007-02-20 15:50:06,121.434500,31.285500, 28, 90,0
70507,2007-02-20 15:51:07,121.430500,31.281600, 60,112,0
70507,2007-02-20 15:52:08,121.427500,31.278800, 12,112,0
70507,2007-02-20 15:53:48,121.425100,31.276300, 30, 67,0
70507,2007-02-20 15:54:49,121.425600,31.270000, 60, 90,0
70507,2007-02-20 15:55:49,121.426000,31.265600, 50, 90,0
70507,2007-02-20 15:56:51,121.426100,31.262500, 54, 90,0
70507,2007-02-20 15:57:52,121.425800,31.255000, 10,112,0
70507,2007-02-20 15:58:53,121.424500,31.254100, 24,112,0
70507,2007-02-20 15:59:18,121.423600,31.253600, 20,135,1
70507,2007-02-20 16:00:18,121.419600,31.255600, 30,157,1
70507,2007-02-20 16:01:19,121.417300,31.256800, 18,  0,1
70507,2007-02-20 16:02:19,121.417300,31.259600, 62,  0,1
70507,2007-02-20 16:03:21,121.418100,31.266000,  0,  0,1
70507,2007-02-20 16:05:23,121.423500,31.263500, 26, 45,1
70507,2007-02-20 16:05:39,121.424300,31.263600,  0, 45,0
70507,2007-02-20 16:06:39,121.426300,31.262800, 52, 90,0
70507,2007-02-20 16:07:41,121.425000,31.254500, 30,112,0
70507,2007-02-20 16:08:42,121.422300,31.253000,  0,112,0
70507,2007-02-20 16:08:54,121.422300,31.252800, 12,112,1
70507,2007-02-20 16:09:54,121.416600,31.250000, 46,112,1
70507,2007-02-20 16:10:56,121.410600,31.248300, 34,135,1
70507,2007-02-20 16:11:57,121.408500,31.247300,  0, 90,1
70507,2007-02-20 16:12:58,121.408500,31.247300,  0, 90,1
70507,2007-02-20 16:13:59,121.407600,31.245800, 16,112,1
70507,2007-02-20 16:14:32,121.407300,31.246500,  0,  0,0
70507,2007-02-20 16:15:32,121.407300,31.246100, 12, 90,0
70507,2007-02-20 16:16:33,121.410100,31.246300, 56, 67,0
70507,2007-02-20 16:17:34,121.411600,31.241600, 32,112,0
70507,2007-02-20 16:18:34,121.410000,31.241500,  0,157,0
70507,2007-02-20 16:19:36,121.407500,31.243100, 40,157,0
70507,2007-02-20 16:20:37,121.405500,31.244000, 16,157,0
70507,2007-02-20 16:21:38,121.402600,31.244300,  0,135,0
70507,2007-02-20 16:21:58,121.402600,31.244500, 10,135,1
70507,2007-02-20 16:22:59,121.398000,31.243500,  0,135,1
70507,2007-02-20 16:23:59,121.397500,31.243500, 24,135,1
70507,2007-02-20 16:25:01,121.393000,31.243300, 26,135,1
70507,2007-02-20 16:26:02,121.391300,31.236800, 60, 90,1
70507,2007-02-20 16:27:03,121.391300,31.234100,  0, 90,1
70507,2007-02-20 16:28:04,121.387500,31.233300, 60,135,1
70507,2007-02-20 16:29:04,121.382000,31.233300, 46,135,1
70507,2007-02-20 16:31:07,121.376600,31.234000,  0,135,1
70507,2007-02-20 16:32:08,121.376600,31.234000,  0,135,1
70507,2007-02-20 16:33:09,121.375800,31.234100, 26,135,1
70507,2007-02-20 16:34:03,121.373300,31.234600,  0,135,0
70507,2007-02-20 16:35:03,121.372800,31.234800,  0, 45,0
70507,2007-02-20 16:35:09,121.373000,31.234600, 14, 45,1
70507,2007-02-20 16:36:09,121.374300,31.234300,  0, 67,1
70507,2007-02-20 16:37:11,121.374300,31.234300,  0, 67,1
70507,2007-02-20 16:38:12,121.374800,31.233800, 42, 90,1
70507,2007-02-20 16:39:13,121.373300,31.230600,  0,112,1
70507,2007-02-20 16:41:15,121.372600,31.218100,  0, 45,1
70507,2007-02-20 16:42:16,121.376600,31.217500, 48, 45,1
70507,2007-02-20 16:43:17,121.386100,31.215800, 58, 45,1
70507,2007-02-20 16:44:18,121.393600,31.214000, 52, 45,1
70507,2007-02-20 16:45:19,121.403100,31.212100, 60, 45,1
70507,2007-02-20 16:46:20,121.408300,31.209000, 20, 67,1
70507,2007-02-20 16:47:21,121.408100,31.202500, 70, 90,1
70507,2007-02-20 16:48:22,121.410600,31.198000, 38,135,1
70507,2007-02-20 16:50:24,121.404600,31.195000, 32, 45,1
70507,2007-02-20 16:50:56,121.407800,31.194800,  0, 45,0
70507,2007-02-20 16:51:56,121.408600,31.195500, 42,  0,0
70507,2007-02-20 16:52:57,121.408600,31.197800,  0,  0,0
70507,2007-02-20 16:53:58,121.403100,31.199100, 46,157,0
70507,2007-02-20 16:54:59,121.401300,31.200000, 26,157,0
70507,2007-02-20 16:56:00,121.405500,31.202000, 14, 45,0
70507,2007-02-20 16:56:21,121.405600,31.202000, 12, 45,1
70507,2007-02-20 16:58:22,121.406800,31.211100, 48,  0,1
70507,2007-02-20 16:59:23,121.406300,31.213000,  0,  0,1
70507,2007-02-20 17:00:24,121.406300,31.213000,  0,  0,1
70507,2007-02-20 17:01:24,121.405800,31.221600, 64,  0,1
70507,2007-02-20 17:02:26,121.405500,31.231500, 68,  0,1
70507,2007-02-20 17:03:27,121.411300,31.241100, 88, 22,1
70507,2007-02-20 17:04:28,121.424300,31.248500, 80, 22,1
70507,2007-02-20 17:05:29,121.433000,31.256100, 54, 22,1
70507,2007-02-20 17:06:29,121.441300,31.259100, 60, 45,1
70507,2007-02-20 17:07:31,121.452300,31.261300, 72, 45,1
70507,2007-02-20 17:08:32,121.457100,31.262300, 52,157,1
70507,2007-02-20 17:10:34,121.451800,31.273500,  0, 45,1
70507,2007-02-20 17:12:28,121.451100,31.273300,  0,112,1
70507,2007-02-20 17:13:29,121.453800,31.268500, 70, 67,1
70507,2007-02-20 17:14:30,121.459000,31.259000, 80, 90,1
70507,2007-02-20 17:15:31,121.458300,31.249100, 66, 90,1
70507,2007-02-20 17:16:32,121.460800,31.237600, 94, 67,1
70507,2007-02-20 17:17:33,121.462800,31.227500, 60, 67,1
70507,2007-02-20 17:18:34,121.465100,31.223100, 24,135,1
70507,2007-02-20 17:19:35,121.460100,31.221000, 24,135,1
70507,2007-02-20 17:20:19,121.458800,31.220600,  8,135,0
70507,2007-02-20 17:21:19,121.457300,31.219800,  0,135,0
70507,2007-02-20 17:22:20,121.455300,31.219000,  8,112,0
70507,2007-02-20 17:23:21,121.452300,31.217800,  0,135,0
70507,2007-02-20 17:24:22,121.451300,31.217300, 30,112,0
70507,2007-02-20 17:25:23,121.445100,31.214600,  0,112,0
70507,2007-02-20 17:26:24,121.444300,31.215500,  0,  0,0
70507,2007-02-20 17:27:25,121.443600,31.217300,  0,  0,0
70507,2007-02-20 17:28:26,121.443100,31.218500, 38,157,0
70507,2007-02-20 17:29:27,121.439800,31.225300,  0,157,0
70507,2007-02-20 17:29:39,121.439600,31.225500, 18,157,1
70507,2007-02-20 17:30:39,121.438300,31.226500,  4,157,1
70507,2007-02-20 17:31:40,121.432000,31.228800, 30,  0,1
70507,2007-02-20 17:32:03,121.433600,31.229800,  0, 22,0
70507,2007-02-20 17:33:04,121.435500,31.231600, 20,157,0
70507,2007-02-20 17:34:05,121.433500,31.234300, 16,157,0
70507,2007-02-20 17:36:07,121.425800,31.235000, 52,157,0
70507,2007-02-20 17:37:08,121.427300,31.238500,  0, 22,0
70507,2007-02-20 17:38:09,121.432000,31.241300, 28, 22,0
70507,2007-02-20 17:39:10,121.430600,31.243300, 46,157,0
70507,2007-02-20 17:40:03,121.428300,31.245100, 14,  0,1
70507,2007-02-20 17:41:03,121.432300,31.248500, 24, 45,1
70507,2007-02-20 17:42:04,121.436000,31.248800, 38,157,1
70507,2007-02-20 17:43:05,121.428800,31.251300, 38,112,1
70507,2007-02-20 17:44:06,121.428500,31.251500,  0,157,1
70507,2007-02-20 17:45:07,121.426800,31.254800,  0,  0,1
70507,2007-02-20 17:46:08,121.426600,31.255100, 26,  0,1
70507,2007-02-20 17:47:09,121.426300,31.263800, 36,  0,1
70507,2007-02-20 17:48:10,121.425600,31.267300,  0,  0,1
70507,2007-02-20 17:49:11,121.425600,31.267300,  0,  0,1
70507,2007-02-20 17:50:09,121.425000,31.271300,  6,135,0
70507,2007-02-20 17:51:10,121.425000,31.271300,  0,135,0
70507,2007-02-20 17:52:11,121.423100,31.271300, 32,112,0
70507,2007-02-20 17:53:12,121.422300,31.267000, 10, 90,0
70507,2007-02-20 17:54:13,121.422300,31.267000,  0, 90,0
70507,2007-02-20 17:55:14,121.425600,31.267000, 32, 90,0
70507,2007-02-20 17:57:06,121.425300,31.254600,  0,112,0
70507,2007-02-20 17:57:27,121.425300,31.254600, 10,112,1
70507,2007-02-20 17:58:28,121.421500,31.253600, 38,157,1
70507,2007-02-20 17:59:29,121.418500,31.255100, 34,112,1
70507,2007-02-20 18:00:30,121.417300,31.258600, 52,  0,1
70507,2007-02-20 18:01:31,121.418000,31.265800,  0,  0,1
70507,2007-02-20 18:02:32,121.418000,31.265600,  0,  0,1
70507,2007-02-20 18:03:33,121.417000,31.266600, 28,135,1
70507,2007-02-20 18:04:34,121.410500,31.267800, 36,135,1
70507,2007-02-20 18:05:28,121.407500,31.269500,  0,157,0
70507,2007-02-20 18:06:29,121.406100,31.270500,  0,157,0
70507,2007-02-20 18:07:30,121.405300,31.268000,  0, 90,0
70507,2007-02-20 18:08:31,121.405300,31.267600, 34, 90,0
70507,2007-02-20 18:09:32,121.403800,31.261000, 46,112,0
70507,2007-02-20 18:10:33,121.400600,31.260000,  4,135,0
70507,2007-02-20 18:11:34,121.402500,31.253800, 54, 90,0
70507,2007-02-20 18:12:35,121.402500,31.253100,  0, 90,0
70507,2007-02-20 18:13:36,121.402600,31.252000, 22, 90,0
70507,2007-02-20 18:14:37,121.397600,31.250100, 32,135,0
70507,2007-02-20 18:15:38,121.397500,31.247100, 24, 90,0
70507,2007-02-20 18:16:39,121.395800,31.246500, 34,135,0
70507,2007-02-20 18:17:40,121.395000,31.246500,  0,135,0
70507,2007-02-20 18:19:42,121.394100,31.243300, 34,135,0
70507,2007-02-20 18:21:44,121.393100,31.243300,  0,  0,0
70507,2007-02-20 18:22:45,121.393100,31.243300,  0,  0,0
70507,2007-02-20 18:23:46,121.393100,31.243300,  0,  0,0
70507,2007-02-20 18:24:47,121.393100,31.243300,  0,  0,0
70507,2007-02-20 18:25:48,121.393100,31.243300,  0,  0,0
70507,2007-02-20 18:26:49,121.393100,31.243300,  0,  0,0
70507,2007-02-20 18:27:50,121.393100,31.243300,  0,  0,0
70507,2007-02-20 18:28:51,121.393100,31.243300,  0,  0,0
70507,2007-02-20 18:29:52,121.393100,31.243300,  0,  0,0
70507,2007-02-20 18:30:53,121.393100,31.243300,  0,  0,0
70507,2007-02-20 18:31:54,121.393100,31.243300,  0,  0,0
70507,2007-02-20 18:32:55,121.392800,31.243100, 16,112,0
70507,2007-02-20 18:33:56,121.393000,31.243300,  0, 22,0
70507,2007-02-20 18:34:57,121.393000,31.243300,  0, 22,0
70507,2007-02-20 18:35:58,121.393000,31.243300,  0, 22,0
70507,2007-02-20 18:36:59,121.393000,31.243300,  0, 22,0
70507,2007-02-20 18:38:00,121.393000,31.243300,  0, 22,0
70507,2007-02-20 18:39:01,121.393000,31.243300,  0, 22,0
70507,2007-02-20 18:41:03,121.393000,31.243300,  0, 22,0
70507,2007-02-20 18:42:04,121.393000,31.243300,  0, 22,0
70507,2007-02-20 18:43:05,121.393000,31.243300,  0, 22,0
70507,2007-02-20 18:44:06,121.393000,31.243300,  0, 22,0
70507,2007-02-20 18:46:08,121.393000,31.243300,  0, 22,0
70507,2007-02-20 18:47:09,121.393000,31.243300,  0, 22,0
70507,2007-02-20 19:16:12,121.405500,31.237300, 12, 90,1
70507,2007-02-20 19:39:55,121.302300,31.268100, 60,135,1
70507,2007-02-20 19:40:56,121.291300,31.269500, 44,135,1
70507,2007-02-20 19:41:11,121.290500,31.269800,  0,157,0
70507,2007-02-20 19:42:12,121.290500,31.269800,  4,112,0
70507,2007-02-20 19:43:13,121.292500,31.269300, 70, 45,0
70507,2007-02-20 19:44:14,121.303600,31.267800, 28, 45,0
70507,2007-02-20 19:45:14,121.313500,31.266500, 78, 45,0
70507,2007-02-20 19:46:16,121.325500,31.265000, 92, 45,0
70507,2007-02-20 19:47:17,121.334300,31.261300, 72, 90,0
70507,2007-02-20 19:48:18,121.336000,31.255500, 22, 90,0
70507,2007-02-20 19:49:19,121.334600,31.254600,  0,112,0
70507,2007-02-20 19:50:31,121.337600,31.247000, 58, 90,1
70507,2007-02-20 19:51:32,121.342800,31.248100, 46, 45,1
70507,2007-02-20 19:52:33,121.349000,31.245600, 36, 22,1
70507,2007-02-20 19:53:34,121.354100,31.247100,  0, 67,1
70507,2007-02-20 19:54:34,121.360100,31.245300, 34, 22,1
70507,2007-02-20 19:55:36,121.363600,31.249000, 34, 45,1
70507,2007-02-20 19:55:47,121.364100,31.248600,  0, 67,0
70507,2007-02-20 19:56:48,121.363600,31.249100, 40,157,0
70507,2007-02-20 19:57:49,121.362600,31.251100, 36,135,0
70507,2007-02-20 19:58:49,121.361100,31.251100,  0,135,0
70507,2007-02-20 19:59:51,121.361300,31.251100, 18, 45,0
70507,2007-02-20 19:59:53,121.361500,31.251100, 22, 45,1
70507,2007-02-20 20:00:54,121.367500,31.252500, 42,  0,1
70507,2007-02-20 20:01:53,121.372500,31.251800, 30, 45,1
70507,2007-02-20 20:02:55,121.373300,31.251500, 24, 45,1
70507,2007-02-20 20:03:56,121.379300,31.249600, 24, 67,1
70507,2007-02-20 20:04:57,121.380500,31.249100,  0, 67,1
70507,2007-02-20 20:06:58,121.388600,31.252600, 52, 45,1
70507,2007-02-20 20:08:00,121.392500,31.249600, 38, 90,1
70507,2007-02-20 20:11:03,121.403600,31.247300,  0, 45,1
70507,2007-02-20 20:12:03,121.405500,31.247300, 52, 45,1
70507,2007-02-20 20:13:05,121.414300,31.243800,  0, 67,1
70507,2007-02-20 20:14:06,121.414300,31.243800,  0, 67,1
70507,2007-02-20 20:16:08,121.415000,31.243500, 24, 45,1
70507,2007-02-20 20:17:08,121.421100,31.247000, 66, 22,1
70507,2007-02-20 20:18:10,121.430100,31.253800, 72, 22,1
70507,2007-02-20 20:19:11,121.437000,31.257800, 48, 22,1
70507,2007-02-20 20:20:12,121.445300,31.260000, 82, 45,1
70507,2007-02-20 20:21:52,121.463600,31.265300, 90, 22,1
70507,2007-02-20 20:22:53,121.472500,31.273600, 56, 22,1
70507,2007-02-20 20:23:53,121.474500,31.278600,  4, 22,1
70507,2007-02-20 20:24:07,121.474500,31.278600,  0, 22,0
70507,2007-02-20 20:25:08,121.476000,31.280500, 24,  0,0
70507,2007-02-20 20:26:08,121.473300,31.277600, 48, 90,0
70507,2007-02-20 20:26:51,121.473600,31.275300, 10, 67,1
70507,2007-02-20 20:27:52,121.467000,31.268300, 56,112,1
70507,2007-02-20 20:28:53,121.466800,31.268100,  0,  0,1
70507,2007-02-20 20:29:53,121.464000,31.265300, 34,112,1
70507,2007-02-20 20:30:55,121.461300,31.263100, 32, 90,1
70507,2007-02-20 20:31:56,121.461500,31.264100,  0, 90,1
70507,2007-02-20 20:32:57,121.458500,31.263600, 66,112,1
70507,2007-02-20 20:33:58,121.455100,31.262100, 44,135,1
70507,2007-02-20 20:34:58,121.453300,31.262000, 14,135,1
70507,2007-02-20 20:36:00,121.448600,31.264500, 28,157,1
70507,2007-02-20 20:36:40,121.446300,31.267000,  0,157,0
70507,2007-02-20 20:37:41,121.448000,31.267600, 60, 22,0
70507,2007-02-20 20:38:08,121.448600,31.268000, 18, 22,1
70507,2007-02-20 20:39:08,121.452800,31.269600, 24, 22,1
70507,2007-02-20 20:40:08,121.454600,31.271500,  0, 22,1
70507,2007-02-20 20:41:10,121.450100,31.272800,  6, 90,1
70507,2007-02-20 20:41:25,121.450300,31.272600,  0, 22,0
70507,2007-02-20 20:42:26,121.450300,31.272600,  0, 22,0
70507,2007-02-20 20:43:27,121.450000,31.273000,  0,135,0
70507,2007-02-20 20:43:36,121.449800,31.272800, 10,112,1
70507,2007-02-20 20:44:37,121.445300,31.271000,  0,135,1
70507,2007-02-20 20:45:38,121.441500,31.268500, 58,112,1
70507,2007-02-20 20:46:38,121.439500,31.267300, 24,112,1
70507,2007-02-20 20:47:40,121.433600,31.263500, 26, 90,1
70507,2007-02-20 20:48:26,121.433600,31.261300,  0,112,0
70507,2007-02-20 20:49:27,121.432000,31.260500, 32,112,0
70507,2007-02-20 20:50:03,121.431500,31.259600, 10, 90,1
70507,2007-02-20 20:51:03,121.425300,31.260000, 48,135,1
70507,2007-02-20 20:52:03,121.419100,31.261000, 42,135,1
70507,2007-02-20 20:55:07,121.410600,31.265500,  0,135,1
70507,2007-02-20 20:57:08,121.405300,31.267500, 28,112,1
70507,2007-02-20 20:58:10,121.404100,31.261100, 52,112,1
70507,2007-02-20 20:59:11,121.400100,31.259800, 32,135,1
70507,2007-02-20 21:00:12,121.395100,31.258600, 30,135,1
70507,2007-02-20 21:01:13,121.393000,31.255800, 72, 90,1
70507,2007-02-20 21:03:15,121.392100,31.247000,  0, 90,1
70507,2007-02-20 21:04:16,121.392100,31.246300, 26, 90,1
70507,2007-02-20 21:05:17,121.391600,31.241100, 30, 90,1
70507,2007-02-20 21:06:18,121.387800,31.240000,  0, 90,1
70507,2007-02-20 21:06:22,121.387800,31.240000,  0, 90,0
70507,2007-02-20 21:07:23,121.387800,31.239800,  0,  0,0
70507,2007-02-20 21:07:43,121.387800,31.240000, 22,  0,1
70507,2007-02-20 21:08:43,121.391300,31.241000,  0, 45,1
70507,2007-02-20 21:09:43,121.393600,31.243100, 32, 45,1
70507,2007-02-20 21:10:45,121.394300,31.244600, 46,  0,1
70507,2007-02-20 21:12:47,121.399300,31.246500, 68, 45,1
70507,2007-02-20 21:13:48,121.402300,31.247000,  0, 45,1
70507,2007-02-20 21:14:48,121.403300,31.247100, 30, 45,1
70507,2007-02-20 21:15:50,121.403300,31.250100, 48,  0,1
70507,2007-02-20 21:16:51,121.402600,31.252300,  0,  0,1
70507,2007-02-20 21:17:52,121.406600,31.253500, 68, 45,1
70507,2007-02-20 21:18:48,121.411000,31.255000,  0,112,0
70507,2007-02-20 21:19:48,121.411000,31.255000,  0,112,0
70507,2007-02-20 21:20:50,121.411000,31.255000,  0,112,0
70507,2007-02-20 21:21:51,121.411600,31.254600, 34, 45,0
70507,2007-02-20 21:22:52,121.416500,31.257000,  0, 22,0
70507,2007-02-20 21:23:53,121.417500,31.254800,  0, 90,0
70507,2007-02-20 21:24:53,121.419500,31.255800,  0, 22,0
70507,2007-02-20 21:25:55,121.423800,31.256600, 54, 90,0
70507,2007-02-20 21:27:57,121.424600,31.254800,  6, 67,0
70507,2007-02-20 21:28:30,121.424600,31.254300, 10,112,1
70507,2007-02-20 21:29:31,121.420100,31.252000, 16,112,1
70507,2007-02-20 21:30:32,121.415100,31.249000, 26,112,1
70507,2007-02-20 21:31:33,121.411600,31.248600,  0,112,1
70507,2007-02-20 21:31:47,121.411600,31.248500, 18,135,0
70507,2007-02-20 21:32:47,121.404800,31.247300, 42,135,0
70507,2007-02-20 21:33:48,121.405100,31.243600, 36,112,0
70507,2007-02-20 21:34:48,121.402800,31.244300,  0,157,0
70507,2007-02-20 21:35:50,121.402800,31.244300,  0, 67,0
70507,2007-02-20 21:35:54,121.402800,31.244300, 10, 67,1
70507,2007-02-20 21:36:55,121.405000,31.243600,  0, 22,1
70507,2007-02-20 21:37:56,121.410300,31.241300, 28, 67,1
70507,2007-02-20 21:38:57,121.413000,31.242300, 58, 22,1
70507,2007-02-20 21:39:58,121.414500,31.243000,  0, 45,1
70507,2007-02-20 21:40:58,121.416300,31.244100, 54, 22,1
70507,2007-02-20 21:42:00,121.419300,31.246000, 24, 22,1
70507,2007-02-20 21:43:01,121.426500,31.250600, 60, 22,1
70507,2007-02-20 21:44:02,121.436000,31.257300, 70, 22,1
70507,2007-02-20 21:46:03,121.458100,31.261000, 38, 67,1
70507,2007-02-20 21:47:05,121.458600,31.259500, 12, 90,1
70507,2007-02-20 21:49:07,121.458300,31.250300, 26, 90,1
70507,2007-02-20 21:50:08,121.459300,31.240600, 86, 90,1
70507,2007-02-20 21:51:08,121.462300,31.231300, 64, 90,1
70507,2007-02-20 21:52:10,121.469800,31.228100, 86, 22,1
70507,2007-02-20 21:53:11,121.474100,31.229600, 44, 67,1
70507,2007-02-20 21:54:12,121.474800,31.228600,  0, 67,1
70507,2007-02-20 21:55:13,121.476100,31.226100, 20, 67,1
70507,2007-02-20 21:56:13,121.479000,31.220800, 36, 45,1
70507,2007-02-20 21:57:15,121.481500,31.220000, 10, 22,1
70507,2007-02-20 21:58:16,121.483500,31.220800,  0, 22,1
70507,2007-02-20 21:58:53,121.483500,31.220800,  0, 22,0
70507,2007-02-20 21:59:17,121.483500,31.220600,  8, 67,1
70507,2007-02-20 22:00:18,121.481800,31.218500, 24, 67,1
70507,2007-02-20 22:01:18,121.484600,31.214800, 30, 67,1
70507,2007-02-20 22:02:20,121.481500,31.213800, 20,135,1
70507,2007-02-20 22:03:21,121.475100,31.212000, 38,112,1
70507,2007-02-20 22:04:22,121.472000,31.211000,  0,135,1
70507,2007-02-20 22:05:23,121.467300,31.210000, 60,112,1
70507,2007-02-20 22:06:23,121.464100,31.207100, 26,135,1
70507,2007-02-20 22:07:25,121.461800,31.206300,  0, 67,1
70507,2007-02-20 22:08:26,121.463300,31.203100,  0, 90,1
70507,2007-02-20 22:09:27,121.465000,31.198000, 54, 90,1
70507,2007-02-20 22:10:28,121.465100,31.197000,  0, 90,1
70507,2007-02-20 22:11:28,121.466300,31.197000,  0, 22,1
70507,2007-02-20 22:12:30,121.467500,31.196500, 30, 45,1
70507,2007-02-20 22:13:31,121.469300,31.197100,  0, 45,1
70507,2007-02-20 22:14:32,121.469300,31.197100,  0, 45,1
70507,2007-02-20 22:15:33,121.469300,31.197100,  0, 45,1
70507,2007-02-20 22:16:33,121.483300,31.175800, 56, 90,1
70507,2007-02-20 22:17:35,121.484600,31.171000, 32, 90,1
70507,2007-02-20 22:18:36,121.485000,31.169500, 10, 67,1
70507,2007-02-20 22:19:37,121.489300,31.168300,  8, 45,1
70507,2007-02-20 22:20:12,121.491000,31.168600,  0, 45,0
70507,2007-02-20 22:21:13,121.491000,31.168600,  0,  0,0
70507,2007-02-20 22:22:13,121.489000,31.169800, 10, 22,0
70507,2007-02-20 22:23:15,121.492300,31.168800, 46, 90,0
70507,2007-02-20 22:24:16,121.492300,31.170100,  0,  0,0
70507,2007-02-20 22:25:17,121.492300,31.171500, 32,  0,0
70507,2007-02-20 22:26:18,121.491500,31.173300, 30,135,0
70507,2007-02-20 22:27:18,121.486800,31.172800,  0,135,0
70507,2007-02-20 22:27:39,121.486800,31.172800,  8, 45,1
70507,2007-02-20 22:29:41,121.491300,31.173300, 16, 45,1
70507,2007-02-20 22:31:43,121.502800,31.174300, 42, 45,1
70507,2007-02-20 22:33:45,121.513300,31.176000, 22, 22,1
70507,2007-02-20 22:34:46,121.516800,31.183100, 66,  0,1
70507,2007-02-20 22:35:47,121.519300,31.189800,  0, 22,1
70507,2007-02-20 22:36:48,121.521600,31.195100,  4,  0,1
70507,2007-02-20 22:37:48,121.523300,31.199300, 56, 22,1
70507,2007-02-20 22:38:50,121.527500,31.209800, 88,  0,1
70507,2007-02-20 22:39:51,121.530000,31.216100,  0,  0,1
70507,2007-02-20 22:40:52,121.532300,31.221800,  0, 22,1
70507,2007-02-20 22:41:53,121.533500,31.223300,  0, 22,1
70507,2007-02-20 22:42:53,121.534100,31.225800, 22,  0,1
70507,2007-02-20 22:43:55,121.533300,31.227600,  0,  0,1
70507,2007-02-20 22:44:56,121.532500,31.229500, 50,157,1
70507,2007-02-20 22:45:57,121.529300,31.234600,  0,157,1
70507,2007-02-20 22:46:58,121.523500,31.233500, 34,157,1
70507,2007-02-20 22:47:59,121.523800,31.236100, 16,  0,1
70507,2007-02-20 22:48:09,121.523800,31.236500,  0,  0,0
70507,2007-02-20 22:49:10,121.523800,31.236500,  0,112,0
70507,2007-02-20 22:50:11,121.524100,31.234600, 24, 90,0
70507,2007-02-20 22:52:13,121.519800,31.242300,  0,  0,0
70507,2007-02-20 22:52:45,121.519800,31.242300, 12,  0,1
70507,2007-02-20 22:53:46,121.524800,31.242800,  0, 45,1
70507,2007-02-20 22:54:47,121.534300,31.245500, 54, 45,1
70507,2007-02-20 22:55:48,121.538600,31.244600, 36, 45,1
70507,2007-02-20 22:56:17,121.538500,31.244600, 32,112,0
70507,2007-02-20 22:57:17,121.535600,31.245800,  0,157,0
70507,2007-02-20 22:59:19,121.532000,31.245000, 78,135,0
70507,2007-02-20 23:01:21,121.515300,31.242500, 54,135,0
70507,2007-02-20 23:02:22,121.510500,31.241100, 42,135,0
70507,2007-02-20 23:03:23,121.503800,31.238600, 46,112,0
70507,2007-02-20 23:04:24,121.494800,31.241000,  0,157,0
70507,2007-02-20 23:05:25,121.494800,31.241000,  0,157,0
70507,2007-02-20 23:06:26,121.494800,31.241000,  0,157,0
70507,2007-02-20 23:07:27,121.494800,31.241000,  0,157,0
70507,2007-02-20 23:08:28,121.468100,31.227600, 46,112,0
70507,2007-02-20 23:10:30,121.453300,31.225800, 60,135,0
70507,2007-02-20 23:11:31,121.450100,31.225800,  0,112,0
70507,2007-02-20 23:12:32,121.446500,31.225100, 34,  0,0
70507,2007-02-20 23:13:33,121.448300,31.228500,  0, 22,0
70507,2007-02-20 23:14:34,121.447300,31.230000,  0,  0,0
70507,2007-02-20 23:15:35,121.446600,31.230600,  0,157,0
70507,2007-02-20 23:16:36,121.443000,31.235300, 10,135,0
70507,2007-02-20 23:17:37,121.440300,31.237600,  0,135,0
70507,2007-02-20 23:18:38,121.439600,31.238800,  0,  0,0
70507,2007-02-20 23:19:39,121.440000,31.240800, 34, 22,0
70507,2007-02-20 23:20:40,121.438500,31.243300, 34,157,0
70507,2007-02-20 23:21:41,121.437100,31.244500,  0,135,0
70507,2007-02-20 23:22:42,121.437300,31.244500,  0,135,0
70507,2007-02-20 23:23:43,121.436800,31.244600,  0,112,0
70507,2007-02-20 23:24:44,121.437000,31.244600,  0,112,0
70507,2007-02-20 23:25:45,121.436600,31.243600,  2,112,0
70507,2007-02-20 23:26:46,121.437000,31.243800,  0, 22,0
70507,2007-02-20 23:27:47,121.437000,31.243800,  0, 22,0
70507,2007-02-20 23:28:48,121.437000,31.243800,  0, 22,0
70507,2007-02-20 23:30:50,121.437800,31.244800,  0, 22,0
70507,2007-02-20 23:31:51,121.437800,31.244800,  0, 22,0
70507,2007-02-20 23:32:52,121.437500,31.244500,  0, 22,0
70507,2007-02-20 23:33:53,121.437500,31.244500,  0, 22,0
70507,2007-02-20 23:34:54,121.437500,31.244500,  0, 22,0
70507,2007-02-20 23:35:55,121.437600,31.244600,  0, 22,0
70507,2007-02-20 23:36:56,121.437600,31.244800,  0, 22,0
70507,2007-02-20 23:37:57,121.437600,31.244600,  0, 22,0
70507,2007-02-20 23:38:58,121.437600,31.244800,  0, 22,0
70507,2007-02-20 23:39:59,121.437500,31.245100,  0,157,0
70507,2007-02-20 23:41:00,121.439600,31.243300,  0, 67,0
70507,2007-02-20 23:42:01,121.439300,31.243600,  0,157,0
70507,2007-02-20 23:43:02,121.439100,31.243500, 16,135,0
70507,2007-02-20 23:44:03,121.438800,31.243300,  0,135,0
70507,2007-02-20 23:45:04,121.438800,31.243300,  0,135,0
70507,2007-02-20 23:46:05,121.438800,31.243300,  0,135,0
70507,2007-02-20 23:47:06,121.438800,31.243300,  0,135,0
70507,2007-02-20 23:48:07,121.438800,31.243300,  0,135,0
70507,2007-02-20 23:49:08,121.438800,31.243300,  0,135,0
70507,2007-02-20 23:51:10,121.438800,31.243300,  0,135,0
70507,2007-02-20 23:52:11,121.438800,31.243300,  0,135,0
70507,2007-02-20 23:53:12,121.438800,31.243300,  0,135,0
70507,2007-02-20 23:54:13,121.438800,31.243300,  0,135,0
70507,2007-02-20 23:55:14,121.438800,31.243300,  0,135,0
70507,2007-02-20 23:56:15,121.438800,31.243300,  0,135,0
70507,2007-02-20 23:57:16,121.438800,31.243300,  0,135,0
70507,2007-02-20 23:58:17,121.438800,31.243300,  0,135,0
