88919,2007-02-20 00:00:12,121.443300,31.272800,  0, 67,0
88919,2007-02-20 00:01:13,121.443300,31.272800,  0, 67,0
88919,2007-02-20 00:02:14,121.443300,31.272800,  0, 67,0
88919,2007-02-20 00:03:14,121.443300,31.272800,  0, 67,0
88919,2007-02-20 00:04:16,121.443300,31.272800,  0, 67,0
88919,2007-02-20 00:05:17,121.443300,31.272800,  0, 67,0
88919,2007-02-20 00:06:18,121.443300,31.272800,  0, 67,0
88919,2007-02-20 00:07:19,121.443300,31.272800,  0, 67,0
88919,2007-02-20 00:09:21,121.443300,31.272800,  0, 67,0
88919,2007-02-20 00:10:22,121.443300,31.272800,  0, 67,0
88919,2007-02-20 00:11:23,121.443300,31.272800,  0, 67,0
88919,2007-02-20 00:12:24,121.443300,31.272800,  0, 67,0
88919,2007-02-20 00:13:24,121.443300,31.272800,  0, 67,0
88919,2007-02-20 00:14:26,121.443300,31.272800,  0, 67,0
88919,2007-02-20 00:15:27,121.443300,31.272800,  0, 67,0
88919,2007-02-20 00:17:29,121.443300,31.272800,  0, 67,0
88919,2007-02-20 00:18:29,121.443300,31.272800,  0, 67,0
88919,2007-02-20 00:19:31,121.443300,31.272800,  0, 67,0
88919,2007-02-20 00:20:32,121.443300,31.272800,  0, 67,0
88919,2007-02-20 00:21:33,121.443300,31.272800,  0, 67,0
88919,2007-02-20 00:22:34,121.443300,31.272800,  0, 67,0
88919,2007-02-20 00:23:34,121.443300,31.272800,  0, 67,0
88919,2007-02-20 00:24:36,121.443300,31.272800,  0, 67,0
88919,2007-02-20 00:25:37,121.443300,31.272800,  0, 67,0
88919,2007-02-20 00:26:09,121.444100,31.272300, 42, 67,0
88919,2007-02-20 00:26:24,121.445100,31.271000, 22, 67,0
88919,2007-02-20 00:26:41,121.446300,31.271500, 38, 22,0
88919,2007-02-20 00:27:13,121.448800,31.272500, 22, 45,0
88919,2007-02-20 00:28:08,121.449500,31.272800, 16,112,0
88919,2007-02-20 00:30:04,121.452300,31.270800, 50, 67,1
88919,2007-02-20 00:32:07,121.456500,31.262500, 22, 67,1
88919,2007-02-20 00:33:08,121.459300,31.263500, 58, 22,1
88919,2007-02-20 00:34:09,121.461300,31.264100, 24, 22,1
88919,2007-02-20 00:35:09,121.463300,31.259800, 40, 22,1
88919,2007-02-20 00:36:11,121.468600,31.260600, 40, 67,1
88919,2007-02-20 00:38:13,121.472300,31.258000,  0, 67,1
88919,2007-02-20 00:39:14,121.472800,31.259100, 30,  0,1
88919,2007-02-20 00:39:20,121.472800,31.259500,  0,  0,0
88919,2007-02-20 00:39:51,121.473100,31.260300, 44,  0,0
88919,2007-02-20 00:40:07,121.474000,31.261800, 24,  0,0
88919,2007-02-20 00:40:24,121.473500,31.262500, 32, 22,0
88919,2007-02-20 00:40:56,121.472300,31.264600, 44,157,0
88919,2007-02-20 00:41:12,121.471800,31.265500, 26, 22,0
88919,2007-02-20 00:41:28,121.473000,31.266500, 38, 22,0
88919,2007-02-20 00:41:44,121.474500,31.267100, 38, 22,0
88919,2007-02-20 00:42:44,121.475000,31.267600,  0,135,0
88919,2007-02-20 00:43:46,121.475000,31.267600,  0,135,0
88919,2007-02-20 00:45:48,121.474800,31.267600,  0,157,0
88919,2007-02-20 00:46:49,121.474800,31.267600,  0,157,0
88919,2007-02-20 00:47:49,121.474800,31.267600,  0,157,0
88919,2007-02-20 00:48:51,121.474800,31.267600,  0,157,0
88919,2007-02-20 00:49:52,121.474800,31.267600,  0,157,0
88919,2007-02-20 00:50:53,121.474800,31.267600,  0,157,0
88919,2007-02-20 00:51:54,121.474800,31.267600,  0,157,0
88919,2007-02-20 00:52:54,121.474800,31.267600,  0,157,0
88919,2007-02-20 00:53:56,121.474800,31.267600,  0,157,0
88919,2007-02-20 00:55:58,121.474800,31.267600,  0,157,0
88919,2007-02-20 00:56:59,121.474800,31.267600,  0,157,0
88919,2007-02-20 00:57:59,121.474800,31.267600,  0,157,0
88919,2007-02-20 00:59:01,121.474800,31.267600,  0,157,0
88919,2007-02-20 01:00:02,121.474800,31.267600,  0,157,0
88919,2007-02-20 01:01:03,121.474800,31.267600,  0,157,0
88919,2007-02-20 01:02:04,121.474800,31.267600,  0,157,0
88919,2007-02-20 01:03:04,121.474800,31.267600,  0,157,0
88919,2007-02-20 01:04:06,121.474800,31.267600,  0,157,0
88919,2007-02-20 01:05:07,121.474800,31.267600,  0,157,0
88919,2007-02-20 01:06:08,121.474800,31.267600,  0,157,0
88919,2007-02-20 01:08:09,121.474800,31.267600,  0,157,0
88919,2007-02-20 01:09:11,121.474800,31.267600,  0,157,0
88919,2007-02-20 01:10:12,121.474800,31.267600,  0,157,0
88919,2007-02-20 01:11:13,121.474800,31.267600,  0,157,0
88919,2007-02-20 01:13:14,121.474800,31.267600,  0,157,0
88919,2007-02-20 01:14:16,121.474800,31.267600,  0,157,0
88919,2007-02-20 01:15:17,121.474800,31.267600,  0,157,0
88919,2007-02-20 01:16:18,121.474800,31.267600,  0,157,0
88919,2007-02-20 01:17:19,121.474800,31.267600,  0,157,0
88919,2007-02-20 01:19:21,121.474800,31.267600,  0,157,0
88919,2007-02-20 01:20:22,121.474800,31.267600,  0,157,0
88919,2007-02-20 01:22:24,121.474800,31.267600,  0,157,0
88919,2007-02-20 01:23:24,121.474800,31.267600,  0,157,0
88919,2007-02-20 01:24:26,121.474800,31.267600,  0,157,0
88919,2007-02-20 01:25:27,121.474600,31.267600,  0,112,0
88919,2007-02-20 01:25:59,121.474600,31.267500, 18,112,1
88919,2007-02-20 01:26:59,121.470600,31.264500,  0,112,1
88919,2007-02-20 01:30:02,121.458600,31.259600, 16,112,1
88919,2007-02-20 01:31:03,121.458600,31.255100,  0, 90,1
88919,2007-02-20 01:32:04,121.458600,31.254600, 32, 90,1
88919,2007-02-20 01:33:04,121.458500,31.242300,108, 90,1
88919,2007-02-20 01:34:06,121.462300,31.230000, 58, 90,1
88919,2007-02-20 01:37:09,121.439600,31.222600, 56,112,1
88919,2007-02-20 01:39:11,121.433100,31.218500, 34, 67,1
88919,2007-02-20 01:40:12,121.432800,31.213300,  0,112,1
88919,2007-02-20 01:41:13,121.429800,31.212800,  0,135,1
88919,2007-02-20 01:42:14,121.428600,31.212300, 18,157,1
88919,2007-02-20 01:42:37,121.427800,31.212300,  0,135,0
88919,2007-02-20 01:43:22,121.428000,31.212300, 20, 45,0
88919,2007-02-20 01:43:44,121.428800,31.212000, 16, 67,0
88919,2007-02-20 01:43:59,121.428300,31.211100, 32, 90,0
88919,2007-02-20 01:44:16,121.428300,31.209300, 66, 90,0
88919,2007-02-20 01:44:32,121.429000,31.206600, 68, 90,0
88919,2007-02-20 01:44:48,121.430100,31.204300, 46, 67,0
88919,2007-02-20 01:45:19,121.430800,31.203500, 46, 67,0
88919,2007-02-20 01:45:34,121.431600,31.201600, 60, 90,0
88919,2007-02-20 01:45:51,121.432000,31.200100,  0, 90,0
88919,2007-02-20 01:46:32,121.432500,31.199300, 44, 67,0
88919,2007-02-20 01:46:48,121.433000,31.197800, 42, 90,0
88919,2007-02-20 01:47:04,121.433500,31.196100, 42, 90,0
88919,2007-02-20 01:47:19,121.432800,31.195500, 38,135,0
88919,2007-02-20 01:47:36,121.430500,31.195000, 60,135,0
88919,2007-02-20 01:48:08,121.427600,31.195000, 46, 22,0
88919,2007-02-20 01:48:24,121.428600,31.196600, 38, 22,0
88919,2007-02-20 01:48:39,121.427800,31.196500, 28,112,0
88919,2007-02-20 01:48:56,121.426600,31.196000,  0,112,0
88919,2007-02-20 01:49:12,121.426500,31.195800, 20,112,1
88919,2007-02-20 01:50:12,121.423500,31.196600, 42,  0,1
88919,2007-02-20 01:51:13,121.423800,31.198600,  0, 90,1
88919,2007-02-20 01:52:14,121.423800,31.198600,  0, 90,1
88919,2007-02-20 01:53:14,121.423800,31.198600,  0, 90,1
88919,2007-02-20 01:54:16,121.423800,31.198600,  0, 90,1
88919,2007-02-20 01:55:17,121.423800,31.198600,  0, 90,1
88919,2007-02-20 01:56:18,121.423600,31.198100, 36, 90,1
88919,2007-02-20 01:57:19,121.426100,31.195800,  0,112,1
88919,2007-02-20 01:57:31,121.426100,31.195800,  0,112,0
88919,2007-02-20 01:58:06,121.426100,31.196000, 38,  0,0
88919,2007-02-20 01:58:38,121.427800,31.198100, 46, 45,0
88919,2007-02-20 01:59:34,121.430000,31.198500, 42, 22,0
88919,2007-02-20 01:59:51,121.431800,31.199600, 40, 22,0
88919,2007-02-20 02:00:07,121.433100,31.200300, 44, 45,0
88919,2007-02-20 02:00:49,121.434100,31.200600, 42, 45,0
88919,2007-02-20 02:01:04,121.436500,31.201100, 64, 45,0
88919,2007-02-20 02:01:53,121.441100,31.205300, 34, 22,0
88919,2007-02-20 02:02:17,121.441800,31.206300,  0, 22,0
88919,2007-02-20 02:03:09,121.442100,31.206800,  0, 22,0
88919,2007-02-20 02:03:23,121.442500,31.207100, 26, 22,1
88919,2007-02-20 02:04:24,121.445300,31.213000, 56,  0,1
88919,2007-02-20 02:06:26,121.442300,31.219800, 54,157,1
88919,2007-02-20 02:07:27,121.446500,31.224000, 72, 22,1
88919,2007-02-20 02:08:28,121.459600,31.225600, 80, 45,1
88919,2007-02-20 02:09:29,121.472600,31.229800, 86, 22,1
88919,2007-02-20 02:10:29,121.483800,31.233500, 42, 22,1
88919,2007-02-20 02:12:32,121.486100,31.246800, 30,  0,1
88919,2007-02-20 02:13:33,121.494800,31.250600, 68, 22,1
88919,2007-02-20 02:14:34,121.501300,31.254500, 38,157,1
88919,2007-02-20 02:15:07,121.500500,31.255000, 10,135,0
88919,2007-02-20 02:15:49,121.500300,31.254800, 24,112,0
88919,2007-02-20 02:16:04,121.499000,31.254300, 38,112,0
88919,2007-02-20 02:16:21,121.497500,31.253800, 18,157,0
88919,2007-02-20 02:16:37,121.496800,31.255000, 22,157,0
88919,2007-02-20 02:16:53,121.496000,31.254800, 46,112,0
88919,2007-02-20 02:17:25,121.492000,31.253500, 38,135,0
88919,2007-02-20 02:17:42,121.491000,31.253100, 28,112,0
88919,2007-02-20 02:17:58,121.489300,31.252800, 28,135,0
88919,2007-02-20 02:18:14,121.489000,31.254100, 50,  0,0
88919,2007-02-20 02:19:23,121.488000,31.255500, 38,135,0
88919,2007-02-20 02:20:49,121.483600,31.255000, 40,112,1
88919,2007-02-20 02:21:50,121.477300,31.252600, 38,112,1
88919,2007-02-20 02:22:51,121.474300,31.252300, 36,157,1
88919,2007-02-20 02:23:52,121.472000,31.255600, 34,157,1
88919,2007-02-20 02:24:53,121.469800,31.258300,  0,157,1
88919,2007-02-20 02:26:54,121.464300,31.255000, 24,135,1
88919,2007-02-20 02:27:56,121.459500,31.254100,  0,135,1
88919,2007-02-20 02:28:56,121.459300,31.254100, 12,135,1
88919,2007-02-20 02:29:57,121.458100,31.250100, 12, 22,1
88919,2007-02-20 02:30:51,121.461500,31.251000,  0, 90,0
88919,2007-02-20 02:31:06,121.461500,31.251000,  0, 90,0
88919,2007-02-20 02:32:07,121.461300,31.251000,  0, 90,0
88919,2007-02-20 02:33:08,121.461300,31.251000,  6,112,0
88919,2007-02-20 02:34:08,121.461300,31.250800,  0,112,0
88919,2007-02-20 02:35:10,121.461300,31.250800,  0,112,0
88919,2007-02-20 02:36:03,121.461500,31.251100, 12,  0,1
88919,2007-02-20 02:37:03,121.461100,31.252800, 46,135,1
88919,2007-02-20 02:38:05,121.459300,31.256800, 44,  0,1
88919,2007-02-20 02:39:06,121.455000,31.259000,  0,135,1
88919,2007-02-20 02:40:07,121.450100,31.260000, 54,  0,1
88919,2007-02-20 02:41:08,121.449600,31.262100, 42,157,1
88919,2007-02-20 02:42:08,121.447000,31.261100,  8, 67,1
88919,2007-02-20 02:43:39,121.446500,31.262000, 26,157,0
88919,2007-02-20 02:43:55,121.445800,31.262800, 12,135,0
88919,2007-02-20 02:44:11,121.444800,31.262300, 38,112,0
88919,2007-02-20 02:44:30,121.443600,31.262000, 16,157,0
88919,2007-02-20 02:44:46,121.442800,31.263000, 20,157,0
88919,2007-02-20 02:45:02,121.441500,31.262600, 56,112,0
88919,2007-02-20 02:45:18,121.439100,31.261800, 46,112,0
88919,2007-02-20 02:45:34,121.437000,31.260800, 58,112,0
88919,2007-02-20 02:45:50,121.435500,31.260600, 38,157,0
88919,2007-02-20 02:46:06,121.434600,31.262100, 44,157,0
88919,2007-02-20 02:46:22,121.433600,31.263600, 36,157,0
88919,2007-02-20 02:46:38,121.432600,31.265000, 42,157,0
88919,2007-02-20 02:47:10,121.431100,31.267600, 36,  0,0
88919,2007-02-20 02:48:02,121.431000,31.269800, 14, 22,0
88919,2007-02-20 02:48:18,121.432000,31.270800, 20, 22,0
88919,2007-02-20 02:48:45,121.431800,31.271500, 42,157,0
88919,2007-02-20 02:49:01,121.429600,31.272600, 66,157,0
88919,2007-02-20 02:49:17,121.427600,31.273800, 42,157,0
88919,2007-02-20 02:49:33,121.426300,31.275300, 58,157,0
88919,2007-02-20 02:49:49,121.425300,31.276600, 28, 22,0
88919,2007-02-20 02:50:05,121.426600,31.278000, 46, 22,0
88919,2007-02-20 02:50:37,121.425600,31.281300, 64,157,0
88919,2007-02-20 02:50:53,121.425000,31.282600,  0,157,0
88919,2007-02-20 02:51:21,121.424500,31.283500, 50,157,0
88919,2007-02-20 02:51:37,121.423600,31.285500, 46,  0,0
88919,2007-02-20 02:52:11,121.423500,31.286500, 38,  0,0
88919,2007-02-20 02:52:27,121.423100,31.288500, 64,  0,0
88919,2007-02-20 02:52:43,121.423000,31.290500, 42,  0,0
88919,2007-02-20 02:52:59,121.423000,31.292600, 72,  0,0
88919,2007-02-20 02:53:15,121.423000,31.295000, 20,  0,0
88919,2007-02-20 02:53:33,121.422000,31.295100, 50,135,0
88919,2007-02-20 02:53:49,121.419500,31.295000, 38,135,0
88919,2007-02-20 02:54:21,121.418500,31.298100, 62,  0,0
88919,2007-02-20 02:54:37,121.417300,31.300100, 70,157,0
88919,2007-02-20 02:55:09,121.414300,31.302000,  6,157,0
88919,2007-02-20 02:55:25,121.414000,31.303000, 50,  0,0
88919,2007-02-20 02:55:41,121.413600,31.304300,  0,  0,0
88919,2007-02-20 02:56:42,121.413600,31.304300,  0,  0,0
88919,2007-02-20 02:56:59,121.412600,31.304500, 38,135,0
88919,2007-02-20 02:58:00,121.411500,31.304500,  0,157,0
88919,2007-02-20 02:59:01,121.411500,31.304500,  0,157,0
88919,2007-02-20 03:01:03,121.411500,31.304500,  0,157,0
88919,2007-02-20 03:02:04,121.411500,31.304500,  0,157,0
88919,2007-02-20 03:03:05,121.411500,31.304500,  0,157,0
88919,2007-02-20 03:04:06,121.411500,31.304500,  0,157,0
88919,2007-02-20 03:05:07,121.411500,31.304500,  0,157,0
88919,2007-02-20 03:06:08,121.411500,31.304500,  0,157,0
88919,2007-02-20 03:07:09,121.411500,31.304500,  0,157,0
88919,2007-02-20 03:07:57,121.410300,31.304300, 44,135,0
88919,2007-02-20 03:08:13,121.409100,31.305300, 52,  0,0
88919,2007-02-20 03:08:29,121.408600,31.307600, 68,  0,0
88919,2007-02-20 03:08:45,121.407300,31.310000, 68,157,0
88919,2007-02-20 03:09:01,121.406000,31.312300, 68,157,0
88919,2007-02-20 03:09:17,121.404800,31.314800, 62,  0,0
88919,2007-02-20 03:09:33,121.403500,31.317000, 74,  0,0
88919,2007-02-20 03:10:05,121.402600,31.323300, 84,  0,0
88919,2007-02-20 03:10:21,121.402300,31.326600, 92,  0,0
88919,2007-02-20 03:10:37,121.401800,31.329800, 86,  0,0
88919,2007-02-20 03:10:53,121.400800,31.333000, 82,  0,0
88919,2007-02-20 03:11:09,121.400100,31.335100, 66,  0,0
88919,2007-02-20 03:11:25,121.398600,31.337600, 80,157,0
88919,2007-02-20 03:11:41,121.397000,31.340300, 84,157,0
88919,2007-02-20 03:11:57,121.395000,31.343100, 80,157,0
88919,2007-02-20 03:12:13,121.393600,31.344500, 24, 22,0
88919,2007-02-20 03:12:29,121.394800,31.345000, 18, 22,0
88919,2007-02-20 03:12:52,121.394800,31.346000, 48,  0,0
88919,2007-02-20 03:13:08,121.394000,31.348100, 60,  0,0
88919,2007-02-20 03:13:24,121.393500,31.349100,  4, 45,0
88919,2007-02-20 03:14:25,121.393800,31.349300,  0, 22,0
88919,2007-02-20 03:15:26,121.393800,31.349300,  0, 22,0
88919,2007-02-20 03:16:27,121.393800,31.349300,  0, 22,0
88919,2007-02-20 03:17:28,121.393800,31.349300,  0, 22,0
88919,2007-02-20 03:18:29,121.393800,31.349300,  0, 22,0
88919,2007-02-20 03:19:30,121.393800,31.349300,  0, 22,0
88919,2007-02-20 03:20:31,121.393800,31.349300,  0, 22,0
88919,2007-02-20 03:21:32,121.393800,31.349300,  0, 22,0
88919,2007-02-20 03:22:33,121.393800,31.349300,  0, 22,0
88919,2007-02-20 03:23:34,121.393800,31.349300,  0, 22,0
88919,2007-02-20 03:24:35,121.393800,31.349300,  0, 22,0
88919,2007-02-20 03:25:36,121.393800,31.349300,  0, 22,0
88919,2007-02-20 03:26:37,121.393800,31.349300,  0, 22,0
88919,2007-02-20 03:27:38,121.393800,31.349300,  0, 22,0
88919,2007-02-20 03:29:40,121.393800,31.349300,  0, 22,0
88919,2007-02-20 03:30:02,121.393800,31.349300,  0, 22,0
88919,2007-02-20 03:31:02,121.393800,31.349300,  0, 22,0
88919,2007-02-20 03:32:03,121.393800,31.349300,  0, 22,0
88919,2007-02-20 03:33:04,121.393800,31.349300,  0, 22,0
88919,2007-02-20 03:34:05,121.393800,31.349300,  0, 22,0
88919,2007-02-20 03:35:06,121.393800,31.349300,  0, 22,0
88919,2007-02-20 03:36:07,121.393800,31.349300,  0, 22,0
88919,2007-02-20 03:37:08,121.393800,31.349300,  0, 22,0
88919,2007-02-20 03:38:09,121.393800,31.349300,  0, 22,0
88919,2007-02-20 03:39:10,121.393800,31.349300,  0, 22,0
88919,2007-02-20 03:40:11,121.393600,31.349300,  0, 22,0
88919,2007-02-20 03:41:12,121.393600,31.349300,  0, 22,0
88919,2007-02-20 03:42:13,121.393600,31.349300,  0, 22,0
88919,2007-02-20 03:43:14,121.393600,31.349300,  0, 22,0
88919,2007-02-20 03:45:16,121.393600,31.349300,  0, 22,0
88919,2007-02-20 03:46:17,121.393600,31.349300,  0, 22,0
88919,2007-02-20 03:47:18,121.393600,31.349300,  0, 22,0
88919,2007-02-20 03:48:19,121.393600,31.349300,  0, 22,0
88919,2007-02-20 03:49:20,121.393600,31.349300,  0, 22,0
88919,2007-02-20 03:50:21,121.393600,31.349300,  0, 22,0
88919,2007-02-20 03:51:22,121.393600,31.349300,  0, 22,0
88919,2007-02-20 03:52:23,121.393600,31.349300,  0, 22,0
88919,2007-02-20 03:54:25,121.393600,31.349300,  0, 22,0
88919,2007-02-20 03:55:26,121.393800,31.349300,  0,112,0
88919,2007-02-20 03:56:27,121.393800,31.349300,  0,112,0
88919,2007-02-20 03:57:28,121.393800,31.349300,  0,112,0
88919,2007-02-20 03:58:29,121.393800,31.349300,  0,112,0
88919,2007-02-20 03:59:30,121.393800,31.349300,  0,112,0
88919,2007-02-20 04:00:31,121.393800,31.349300,  0,112,0
88919,2007-02-20 04:01:32,121.393800,31.349300,  0,112,0
88919,2007-02-20 04:02:33,121.393800,31.349300,  0,112,0
88919,2007-02-20 04:03:34,121.393800,31.349300,  0,112,0
88919,2007-02-20 04:04:35,121.393800,31.349300,  0,112,0
88919,2007-02-20 04:05:36,121.393800,31.349300,  0,112,0
88919,2007-02-20 04:06:37,121.393800,31.349300,  0,112,0
88919,2007-02-20 04:07:38,121.393800,31.349300,  0,157,0
88919,2007-02-20 04:09:40,121.393800,31.349300,  0,157,0
88919,2007-02-20 04:10:41,121.393800,31.349300,  0,157,0
88919,2007-02-20 04:11:42,121.393800,31.349300,  0,157,0
88919,2007-02-20 04:13:44,121.393800,31.349300,  0,157,0
88919,2007-02-20 04:14:45,121.393800,31.349300,  0,157,0
88919,2007-02-20 04:15:46,121.393800,31.349300,  0,157,0
88919,2007-02-20 04:16:47,121.393800,31.349300,  0,157,0
88919,2007-02-20 04:17:48,121.393800,31.349300,  0,157,0
88919,2007-02-20 04:18:49,121.393800,31.349300,  0,157,0
88919,2007-02-20 04:19:50,121.393800,31.349300,  0,157,0
88919,2007-02-20 04:20:51,121.393800,31.349300,  0,157,0
88919,2007-02-20 04:21:52,121.393800,31.349300,  0,157,0
88919,2007-02-20 04:22:53,121.393800,31.349300,  0,157,0
88919,2007-02-20 04:23:15,121.393800,31.349300,  0,157,0
88919,2007-02-20 04:24:15,121.393800,31.349300,  0,157,0
88919,2007-02-20 04:25:15,121.393800,31.349300,  0,157,0
88919,2007-02-20 04:26:17,121.393800,31.349300,  0,157,0
88919,2007-02-20 04:27:18,121.393800,31.349300,  0,157,0
88919,2007-02-20 04:28:19,121.393800,31.349300,  0,157,0
88919,2007-02-20 04:29:20,121.393800,31.349300,  0,157,0
88919,2007-02-20 04:30:20,121.393800,31.349300,  0,157,0
88919,2007-02-20 04:31:22,121.393800,31.349300,  0,157,0
88919,2007-02-20 04:32:23,121.393800,31.349300,  0,157,0
88919,2007-02-20 04:33:24,121.393800,31.349300,  0,157,0
88919,2007-02-20 04:35:25,121.393800,31.349300,  0,157,0
88919,2007-02-20 04:37:28,121.393800,31.349300,  0,157,0
88919,2007-02-20 04:38:29,121.393800,31.349300,  0,157,0
88919,2007-02-20 04:39:30,121.393800,31.349300,  0,157,0
88919,2007-02-20 04:40:30,121.393800,31.349300,  0,157,0
88919,2007-02-20 04:41:32,121.393800,31.349300,  0,157,0
88919,2007-02-20 04:42:33,121.393800,31.349300,  0,157,0
88919,2007-02-20 04:43:34,121.393800,31.349300,  0,157,0
88919,2007-02-20 04:45:35,121.393800,31.349300,  0,157,0
88919,2007-02-20 04:46:37,121.393800,31.349300,  0,157,0
88919,2007-02-20 04:47:38,121.393800,31.349300,  0,157,0
88919,2007-02-20 04:48:39,121.393800,31.349300,  0,157,0
88919,2007-02-20 04:50:40,121.393800,31.349300,  0,157,0
88919,2007-02-20 04:51:42,121.393800,31.349300,  0,157,0
88919,2007-02-20 04:52:43,121.393800,31.349300,  0,157,0
88919,2007-02-20 04:53:44,121.393800,31.349300,  0,157,0
88919,2007-02-20 04:54:45,121.393800,31.349300,  0,157,0
88919,2007-02-20 04:56:47,121.393800,31.349300,  0,157,0
88919,2007-02-20 04:57:48,121.393800,31.349300,  0,157,0
88919,2007-02-20 04:58:49,121.393800,31.349300,  0,157,0
88919,2007-02-20 05:00:50,121.393800,31.349300,  0,157,0
88919,2007-02-20 05:01:52,121.393800,31.349300,  0,157,0
88919,2007-02-20 05:04:55,121.393800,31.349300,  0,157,0
88919,2007-02-20 05:05:55,121.393800,31.349300,  0,157,0
88919,2007-02-20 05:06:57,121.393800,31.349300,  0,157,0
88919,2007-02-20 05:07:58,121.393800,31.349300,  0,157,0
88919,2007-02-20 05:08:59,121.393800,31.349300,  0,157,0
88919,2007-02-20 05:10:00,121.393800,31.349300,  0,157,0
88919,2007-02-20 05:11:00,121.393800,31.349300,  0,157,0
88919,2007-02-20 05:12:02,121.393800,31.349300,  0,157,0
88919,2007-02-20 05:13:03,121.393800,31.349300,  0,157,0
88919,2007-02-20 05:14:04,121.393800,31.349300,  0,157,0
88919,2007-02-20 05:15:05,121.393800,31.349300,  0,157,0
88919,2007-02-20 05:16:05,121.393800,31.349300,  0,157,0
88919,2007-02-20 05:17:07,121.393800,31.349300,  0,157,0
88919,2007-02-20 05:18:08,121.393800,31.349300,  0,157,0
88919,2007-02-20 05:19:09,121.393800,31.349300,  0,157,0
88919,2007-02-20 05:20:10,121.393800,31.349300,  0,157,0
88919,2007-02-20 05:21:10,121.393800,31.349300,  0,157,0
88919,2007-02-20 05:23:13,121.393800,31.349300,  0,157,0
88919,2007-02-20 05:24:14,121.393800,31.349300,  0,157,0
88919,2007-02-20 05:25:15,121.393800,31.349300,  0,157,0
88919,2007-02-20 05:26:15,121.393800,31.349300,  0,157,0
88919,2007-02-20 05:27:17,121.393800,31.349300,  0,157,0
88919,2007-02-20 05:28:18,121.393800,31.349300,  0,157,0
88919,2007-02-20 05:29:19,121.393800,31.349300,  0,157,0
88919,2007-02-20 05:30:20,121.393800,31.349300,  0,157,0
88919,2007-02-20 05:32:22,121.393800,31.349300,  0,157,0
88919,2007-02-20 05:33:23,121.393800,31.349300,  0,157,0
88919,2007-02-20 05:34:24,121.393800,31.349300,  0,157,0
88919,2007-02-20 05:35:25,121.393800,31.349300,  0,157,0
88919,2007-02-20 05:36:25,121.393800,31.349300,  0,157,0
88919,2007-02-20 05:37:27,121.393800,31.349300,  0,157,0
88919,2007-02-20 05:38:28,121.393800,31.349300,  0,157,0
88919,2007-02-20 05:39:29,121.393800,31.349300,  0,157,0
88919,2007-02-20 05:40:30,121.393800,31.349300,  0,157,0
88919,2007-02-20 05:41:30,121.393800,31.349300,  0,157,0
88919,2007-02-20 05:42:32,121.393800,31.349300,  0,157,0
88919,2007-02-20 05:43:33,121.393800,31.349300,  0,157,0
88919,2007-02-20 05:44:34,121.393800,31.349300,  0,157,0
88919,2007-02-20 05:46:35,121.393800,31.349300,  0,157,0
88919,2007-02-20 05:47:37,121.393800,31.349300,  0,157,0
88919,2007-02-20 05:48:38,121.393800,31.349300,  0,157,0
88919,2007-02-20 05:49:39,121.393800,31.349300,  0,157,0
88919,2007-02-20 05:50:40,121.393800,31.349300,  0,157,0
88919,2007-02-20 05:51:40,121.393800,31.349300,  0,157,0
88919,2007-02-20 05:53:43,121.393800,31.349300,  0,157,0
88919,2007-02-20 05:54:44,121.393800,31.349300,  0,157,0
88919,2007-02-20 05:55:45,121.393800,31.349300,  0,157,0
88919,2007-02-20 05:56:45,121.393800,31.349300,  0,157,0
88919,2007-02-20 05:57:47,121.393800,31.349300,  0,157,0
88919,2007-02-20 05:58:48,121.393800,31.349300,  0,157,0
88919,2007-02-20 05:59:49,121.393800,31.349300,  0,157,0
88919,2007-02-20 06:00:50,121.393800,31.349300,  0,157,0
88919,2007-02-20 06:01:50,121.393800,31.349300,  0,157,0
88919,2007-02-20 06:02:52,121.393800,31.349300,  0,157,0
88919,2007-02-20 06:06:55,121.393800,31.349300,  0,157,0
88919,2007-02-20 06:09:59,121.393800,31.349300,  0,157,0
88919,2007-02-20 06:11:00,121.393800,31.349300,  0,157,0
88919,2007-02-20 06:12:00,121.393800,31.349300,  0,157,0
88919,2007-02-20 06:13:02,121.393800,31.349300,  0,157,0
88919,2007-02-20 06:14:03,121.393800,31.349300,  0,157,0
88919,2007-02-20 06:15:04,121.393800,31.349300,  0,157,0
88919,2007-02-20 06:16:05,121.393500,31.349100,  6,112,0
88919,2007-02-20 06:16:20,121.393800,31.348300, 42, 90,0
88919,2007-02-20 06:16:37,121.394600,31.346100, 42, 90,0
88919,2007-02-20 06:16:53,121.394800,31.345000, 20,112,0
88919,2007-02-20 06:17:13,121.393800,31.344600, 24,112,0
88919,2007-02-20 06:18:10,121.393600,31.344000, 44, 67,0
88919,2007-02-20 06:18:25,121.395500,31.342300, 82, 67,0
88919,2007-02-20 06:18:58,121.399800,31.335500, 94, 67,0
88919,2007-02-20 06:19:14,121.400500,31.333300, 54, 90,0
88919,2007-02-20 06:19:30,121.401300,31.331000, 64, 90,0
88919,2007-02-20 06:19:57,121.401500,31.330100, 12, 90,0
88919,2007-02-20 06:20:14,121.402600,31.330100, 36, 45,0
88919,2007-02-20 06:20:30,121.403800,31.330500, 22, 45,0
88919,2007-02-20 06:21:00,121.404300,31.329800, 10, 90,0
88919,2007-02-20 06:23:02,121.404500,31.329800,  0, 90,0
88919,2007-02-20 06:24:03,121.404500,31.329800,  0, 90,0
88919,2007-02-20 06:25:04,121.404500,31.329800,  0, 90,0
88919,2007-02-20 06:26:05,121.404500,31.329800,  0, 90,0
88919,2007-02-20 06:27:05,121.404500,31.329800,  0, 90,0
88919,2007-02-20 06:28:07,121.404500,31.329800,  0, 90,0
88919,2007-02-20 06:29:08,121.404500,31.329800,  0, 90,0
88919,2007-02-20 06:30:09,121.404500,31.329800,  0, 90,0
88919,2007-02-20 06:31:10,121.404500,31.329800,  0, 90,0
88919,2007-02-20 06:32:11,121.404500,31.329800,  0, 90,0
88919,2007-02-20 06:33:12,121.404500,31.329800,  0, 90,0
88919,2007-02-20 06:34:13,121.404500,31.329800,  0, 90,0
88919,2007-02-20 06:35:14,121.404500,31.329800,  0, 90,0
88919,2007-02-20 06:36:15,121.404500,31.329800,  0, 90,0
88919,2007-02-20 06:37:16,121.404500,31.329800,  0, 90,0
88919,2007-02-20 06:38:17,121.404500,31.329800,  0, 90,0
88919,2007-02-20 06:39:18,121.404500,31.329800,  0, 90,0
88919,2007-02-20 06:40:19,121.404500,31.329800,  0, 90,0
88919,2007-02-20 06:42:21,121.404500,31.329800,  0, 90,0
88919,2007-02-20 06:43:22,121.404500,31.329800,  0, 90,0
88919,2007-02-20 06:44:23,121.404500,31.329800,  0, 90,0
88919,2007-02-20 06:45:24,121.404500,31.329800,  0, 90,0
88919,2007-02-20 06:46:25,121.404500,31.329800,  0, 90,0
88919,2007-02-20 06:47:26,121.404500,31.329800,  0, 90,0
88919,2007-02-20 06:48:27,121.404500,31.329800,  0, 90,0
88919,2007-02-20 06:49:28,121.404500,31.329800, 12,  0,0
88919,2007-02-20 06:50:09,121.403800,31.330500, 22,135,0
88919,2007-02-20 07:14:52,121.480500,31.323100, 30, 90,0
88919,2007-02-20 07:15:32,121.480800,31.322300, 28, 45,0
88919,2007-02-20 07:15:48,121.482100,31.323500, 44,  0,0
88919,2007-02-20 07:16:04,121.482600,31.325000, 40,  0,0
88919,2007-02-20 07:16:20,121.483100,31.326500, 20,  0,0
88919,2007-02-20 07:17:21,121.482800,31.326800,  0,135,0
88919,2007-02-20 07:18:22,121.482800,31.326800,  0,135,0
88919,2007-02-20 07:19:23,121.482800,31.326800,  0,135,0
88919,2007-02-20 07:20:24,121.482800,31.326800,  0,135,0
88919,2007-02-20 07:21:25,121.482800,31.326800,  0,135,0
88919,2007-02-20 07:22:26,121.482800,31.326800,  0,135,0
88919,2007-02-20 07:23:27,121.482800,31.326800,  0,135,0
88919,2007-02-20 07:24:28,121.482800,31.326800,  0,135,0
88919,2007-02-20 07:25:29,121.482800,31.326800,  0,135,0
88919,2007-02-20 07:26:30,121.482800,31.326800,  0,135,0
88919,2007-02-20 07:27:31,121.482800,31.326800,  0,135,0
88919,2007-02-20 07:28:32,121.482800,31.326800,  0,135,0
88919,2007-02-20 07:29:33,121.482800,31.326800,  0,135,0
88919,2007-02-20 07:30:34,121.482800,31.326800,  0,135,0
88919,2007-02-20 07:31:35,121.482600,31.326500, 10, 67,0
88919,2007-02-20 07:31:53,121.483500,31.327100, 46,  0,0
88919,2007-02-20 07:32:09,121.484600,31.327600, 36, 45,0
88919,2007-02-20 07:32:25,121.486100,31.328000, 36, 45,0
88919,2007-02-20 07:32:41,121.488100,31.328300, 46, 45,0
88919,2007-02-20 07:32:57,121.489300,31.328300, 44, 45,0
88919,2007-02-20 07:33:29,121.490100,31.327000, 40, 90,0
88919,2007-02-20 07:33:45,121.490600,31.325500, 22, 67,0
88919,2007-02-20 07:34:03,121.490800,31.324600, 30, 90,0
88919,2007-02-20 07:34:19,121.491000,31.323500, 28, 90,0
88919,2007-02-20 07:34:35,121.491000,31.322000, 54, 90,0
88919,2007-02-20 07:34:51,121.491100,31.319800, 56, 90,0
88919,2007-02-20 07:35:23,121.490300,31.317300, 24,135,0
88919,2007-02-20 07:35:39,121.488800,31.317500, 36,135,0
88919,2007-02-20 07:35:55,121.487000,31.317600, 54,135,0
88919,2007-02-20 07:36:11,121.485800,31.317300, 48, 90,0
88919,2007-02-20 07:36:27,121.485500,31.315300, 50, 90,0
88919,2007-02-20 07:36:43,121.485500,31.313600, 40, 90,0
88919,2007-02-20 07:36:59,121.486800,31.313300, 46, 45,0
88919,2007-02-20 07:37:15,121.488000,31.313300,  0, 45,0
88919,2007-02-20 07:37:37,121.489100,31.313300, 42, 45,0
88919,2007-02-20 07:38:38,121.489800,31.313300,  0, 45,0
88919,2007-02-20 07:39:39,121.489800,31.313300,  0, 45,0
88919,2007-02-20 07:40:40,121.489800,31.313300,  0, 45,0
88919,2007-02-20 07:41:41,121.489800,31.313300,  0, 45,0
88919,2007-02-20 07:42:24,121.488600,31.313300, 40,135,0
88919,2007-02-20 07:43:25,121.487800,31.313300,  6,135,0
88919,2007-02-20 07:43:41,121.486500,31.313300, 48,135,0
88919,2007-02-20 07:43:57,121.485500,31.312800, 40, 90,0
88919,2007-02-20 07:44:13,121.485500,31.310800, 56, 90,0
88919,2007-02-20 07:45:14,121.485500,31.310100,  0, 90,0
88919,2007-02-20 07:46:15,121.485600,31.309300, 50, 90,0
88919,2007-02-20 07:46:31,121.485600,31.307300, 56, 90,0
88919,2007-02-20 07:46:47,121.485600,31.305300, 64, 90,0
88919,2007-02-20 07:47:03,121.486100,31.303100, 52, 90,0
88919,2007-02-20 07:47:35,121.485800,31.300500, 36,135,0
88919,2007-02-20 07:48:07,121.482600,31.299500, 50,112,0
88919,2007-02-20 07:49:08,121.482100,31.299000,  0, 22,0
88919,2007-02-20 07:49:38,121.481600,31.298600, 42,112,0
88919,2007-02-20 07:49:54,121.479600,31.297800, 42,112,0
88919,2007-02-20 07:50:10,121.478000,31.297000, 50,112,0
88919,2007-02-20 07:50:26,121.476300,31.296800, 12,157,0
88919,2007-02-20 07:50:48,121.476300,31.297000,  0, 90,1
88919,2007-02-20 07:51:48,121.476300,31.297000,  0, 90,1
88919,2007-02-20 07:52:49,121.476300,31.297000,  0, 90,1
88919,2007-02-20 07:53:50,121.476300,31.297000,  0, 90,1
88919,2007-02-20 07:54:51,121.476300,31.297000,  0, 90,1
88919,2007-02-20 07:55:52,121.476300,31.297000,  0, 90,1
88919,2007-02-20 07:56:53,121.476300,31.297000,  0, 90,1
88919,2007-02-20 07:58:55,121.476300,31.297000,  0, 90,1
88919,2007-02-20 07:59:56,121.476300,31.297000,  0, 90,1
88919,2007-02-20 08:00:57,121.476300,31.297100,  6, 67,1
88919,2007-02-20 08:01:58,121.476600,31.295000, 58, 90,1
88919,2007-02-20 08:02:59,121.473100,31.291800,  0,135,1
88919,2007-02-20 08:04:00,121.473100,31.291800,  0,135,1
88919,2007-02-20 08:05:01,121.473300,31.292100,  0,135,1
88919,2007-02-20 08:06:02,121.467000,31.293100,  0,135,1
88919,2007-02-20 08:07:03,121.466500,31.293000,  0,135,1
88919,2007-02-20 08:08:04,121.454600,31.296600, 78,135,1
88919,2007-02-20 08:09:05,121.444500,31.295500, 54, 45,1
88919,2007-02-20 08:10:06,121.446800,31.285800, 64, 90,1
88919,2007-02-20 08:11:07,121.451000,31.273000, 96, 67,1
88919,2007-02-20 08:12:08,121.457100,31.262100, 88, 67,1
88919,2007-02-20 08:14:10,121.458800,31.241300, 70, 90,1
88919,2007-02-20 08:14:54,121.458300,31.244000, 56,  0,0
88919,2007-02-20 08:15:09,121.458000,31.246300, 42, 22,0
88919,2007-02-20 08:15:25,121.458500,31.247100, 36,  0,0
88919,2007-02-20 08:15:41,121.457000,31.247500, 44,135,0
88919,2007-02-20 08:15:57,121.454600,31.248000, 54,135,0
88919,2007-02-20 08:16:13,121.453100,31.248100, 26,135,0
88919,2007-02-20 08:16:59,121.452500,31.248600,  8,  0,0
88919,2007-02-20 08:17:39,121.451800,31.249600, 30,135,0
88919,2007-02-20 08:18:03,121.450600,31.250000,  6,135,0
88919,2007-02-20 08:19:04,121.450300,31.250100,  0,135,0
88919,2007-02-20 08:20:05,121.450500,31.249000, 10, 67,0
88919,2007-02-20 08:20:29,121.451000,31.248100, 26,112,0
88919,2007-02-20 08:20:45,121.449100,31.247800, 46,135,0
88919,2007-02-20 08:21:01,121.447100,31.247500, 46,135,0
88919,2007-02-20 08:21:17,121.445300,31.247300, 48,135,0
88919,2007-02-20 08:21:49,121.440500,31.246300, 20,135,0
88919,2007-02-20 08:22:08,121.440100,31.247100, 36,  0,0
88919,2007-02-20 08:22:24,121.440000,31.248300,  0,  0,0
88919,2007-02-20 08:22:54,121.439800,31.249300, 48,  0,0
88919,2007-02-20 08:23:10,121.439300,31.251600, 66,  0,0
88919,2007-02-20 08:23:26,121.438800,31.253600, 52,157,0
88919,2007-02-20 08:23:42,121.438000,31.254600,  0,157,0
88919,2007-02-20 08:24:43,121.437800,31.254300,  0,157,0
88919,2007-02-20 08:25:44,121.437800,31.254500,  0,157,0
88919,2007-02-20 08:26:45,121.437800,31.254500,  0,157,0
88919,2007-02-20 08:27:46,121.437800,31.254500,  0,157,0
88919,2007-02-20 08:28:47,121.437800,31.254500,  0,157,0
88919,2007-02-20 08:29:48,121.437800,31.254500,  0,157,0
88919,2007-02-20 08:30:49,121.437800,31.254500,  0,157,0
88919,2007-02-20 08:31:50,121.437600,31.254600,  0,157,0
88919,2007-02-20 08:33:52,121.437600,31.254800,  0,157,0
88919,2007-02-20 08:34:53,121.437600,31.254800,  0,157,0
88919,2007-02-20 08:36:55,121.437600,31.254800,  0,157,0
88919,2007-02-20 08:37:56,121.437600,31.254800,  0,157,0
88919,2007-02-20 08:38:57,121.437600,31.254800,  0,157,0
88919,2007-02-20 08:39:58,121.437600,31.254800,  0,157,0
88919,2007-02-20 08:42:00,121.437600,31.254800,  0,157,0
88919,2007-02-20 08:43:01,121.437600,31.254800,  0,157,0
88919,2007-02-20 08:44:02,121.437600,31.254800,  0,157,0
88919,2007-02-20 08:45:03,121.437600,31.254800,  0,157,0
88919,2007-02-20 08:46:04,121.437600,31.254800,  0,157,0
88919,2007-02-20 08:47:05,121.437600,31.254800,  0,157,0
88919,2007-02-20 08:48:06,121.437600,31.254800,  0,157,0
88919,2007-02-20 08:49:07,121.437600,31.255000,  0,  0,0
88919,2007-02-20 08:51:09,121.437600,31.254800,  0,157,0
88919,2007-02-20 08:52:10,121.437600,31.254800,  0,157,0
88919,2007-02-20 08:53:11,121.437600,31.254800,  0,157,0
88919,2007-02-20 08:54:12,121.437800,31.254800,  0,157,0
88919,2007-02-20 08:55:13,121.437800,31.254800,  0,157,0
88919,2007-02-20 08:56:14,121.437800,31.254600,  0,157,0
88919,2007-02-20 08:57:15,121.437800,31.254800,  0,157,0
88919,2007-02-20 08:58:16,121.437800,31.254800,  0,157,0
88919,2007-02-20 08:59:17,121.437800,31.254800,  0,157,0
88919,2007-02-20 09:00:18,121.438000,31.254600,  0,157,0
88919,2007-02-20 09:01:19,121.438000,31.254600,  0,157,0
88919,2007-02-20 09:02:20,121.438000,31.254600,  6,  0,0
88919,2007-02-20 09:04:22,121.438000,31.255000,  0,  0,0
88919,2007-02-20 09:06:24,121.437800,31.255100,  0,  0,0
88919,2007-02-20 09:07:25,121.437800,31.255300,  0,  0,0
88919,2007-02-20 09:08:26,121.437800,31.255300,  0,  0,0
88919,2007-02-20 09:09:27,121.437800,31.255300,  0,  0,0
88919,2007-02-20 09:10:28,121.437800,31.255300,  0,  0,0
88919,2007-02-20 09:11:29,121.437800,31.255300,  0,  0,0
88919,2007-02-20 09:12:30,121.437800,31.255500,  0,  0,0
88919,2007-02-20 09:13:31,121.437800,31.255500,  0,  0,0
88919,2007-02-20 09:14:32,121.437800,31.255500,  0,  0,0
88919,2007-02-20 09:15:33,121.437800,31.255500,  0,  0,0
88919,2007-02-20 09:17:35,121.437600,31.255500,  0,  0,0
88919,2007-02-20 09:18:36,121.437600,31.255500,  4,157,0
88919,2007-02-20 09:19:37,121.437600,31.255500,  0,157,0
88919,2007-02-20 09:20:38,121.437600,31.255500,  0,157,0
88919,2007-02-20 09:21:39,121.437600,31.255500,  0,157,0
88919,2007-02-20 09:22:40,121.437600,31.255500,  0,157,0
88919,2007-02-20 09:23:41,121.437600,31.255500,  0,157,0
88919,2007-02-20 09:24:42,121.437600,31.255500,  0,157,0
88919,2007-02-20 09:25:43,121.437600,31.255500,  0,157,0
88919,2007-02-20 09:26:44,121.437600,31.255500,  0,157,0
88919,2007-02-20 09:27:45,121.437600,31.255500,  0,157,0
88919,2007-02-20 09:28:46,121.437500,31.255500,  0,157,0
88919,2007-02-20 09:30:48,121.437500,31.255500,  0,157,0
88919,2007-02-20 09:31:49,121.437500,31.255500,  0,157,0
88919,2007-02-20 09:33:51,121.437500,31.255500,  0,157,0
88919,2007-02-20 09:34:53,121.437500,31.255500,  0,157,0
88919,2007-02-20 09:35:53,121.437500,31.255500,  0,157,0
88919,2007-02-20 09:36:54,121.437500,31.255500,  0,157,0
88919,2007-02-20 09:37:55,121.437500,31.255500,  0,157,0
88919,2007-02-20 09:38:56,121.437500,31.255500,  0,157,0
88919,2007-02-20 09:39:57,121.437500,31.255500,  0,157,0
88919,2007-02-20 09:41:59,121.437500,31.255500,  0,157,0
88919,2007-02-20 09:43:00,121.437500,31.255500,  0,157,0
88919,2007-02-20 09:44:01,121.437500,31.255500,  0,157,0
88919,2007-02-20 09:45:02,121.437500,31.255500,  0,157,0
88919,2007-02-20 09:46:03,121.437500,31.255500,  0,157,0
88919,2007-02-20 09:47:04,121.437500,31.255500,  0,157,0
88919,2007-02-20 09:47:49,121.437100,31.255300, 18, 90,1
88919,2007-02-20 09:48:49,121.439600,31.248800, 30, 90,1
88919,2007-02-20 09:49:51,121.440000,31.246600,  0, 90,1
88919,2007-02-20 09:50:52,121.442600,31.246500, 62, 45,1
88919,2007-02-20 09:51:53,121.452500,31.247600, 54, 45,1
88919,2007-02-20 09:52:54,121.457600,31.244000, 58, 90,1
88919,2007-02-20 09:53:54,121.462000,31.234100, 54, 90,1
88919,2007-02-20 09:54:56,121.463600,31.226600, 68, 67,1
88919,2007-02-20 09:55:57,121.473300,31.230300, 70, 22,1
88919,2007-02-20 09:56:58,121.478300,31.232600,  0, 45,1
88919,2007-02-20 09:57:59,121.481800,31.232600, 24, 45,1
88919,2007-02-20 09:58:59,121.482500,31.231800,  0, 90,1
88919,2007-02-20 10:00:01,121.483100,31.231000, 18, 45,1
88919,2007-02-20 10:01:02,121.485800,31.231300,  8, 45,1
88919,2007-02-20 10:01:16,121.486000,31.230800, 18, 90,0
88919,2007-02-20 10:02:06,121.486000,31.230300, 20, 90,0
88919,2007-02-20 10:02:37,121.485300,31.229800, 24,135,0
88919,2007-02-20 10:02:53,121.484000,31.229800, 36,135,0
88919,2007-02-20 10:03:09,121.483000,31.229600, 10,  0,0
88919,2007-02-20 10:03:28,121.483100,31.230800, 22, 45,0
88919,2007-02-20 10:03:44,121.484100,31.231000, 24, 45,0
88919,2007-02-20 10:03:59,121.485500,31.231100, 32, 45,0
88919,2007-02-20 10:04:44,121.486000,31.230800, 40, 90,0
88919,2007-02-20 10:05:46,121.486000,31.230100,  0, 67,0
88919,2007-02-20 10:06:47,121.486100,31.229800,  0, 45,0
88919,2007-02-20 10:07:48,121.486100,31.229800,  0,  0,0
88919,2007-02-20 10:08:49,121.486100,31.229800,  0,  0,0
88919,2007-02-20 10:09:49,121.486100,31.230000,  0,  0,0
88919,2007-02-20 10:10:51,121.486100,31.230000,  0,  0,0
88919,2007-02-20 10:11:52,121.486100,31.230000,  0,  0,0
88919,2007-02-20 10:12:53,121.486100,31.230000,  0,  0,0
88919,2007-02-20 10:13:54,121.486100,31.230000,  0,  0,0
88919,2007-02-20 10:14:54,121.486100,31.230000,  0,  0,0
88919,2007-02-20 10:15:56,121.486100,31.230000,  0,  0,0
88919,2007-02-20 10:16:33,121.486100,31.230000,  0,135,1
88919,2007-02-20 10:18:34,121.482800,31.230300,  0,  0,1
88919,2007-02-20 10:19:36,121.482300,31.230600, 30,135,1
88919,2007-02-20 10:20:37,121.479500,31.229300,  0,112,1
88919,2007-02-20 10:23:09,121.470300,31.225300, 38,112,1
88919,2007-02-20 10:24:11,121.469800,31.225100,  0,135,1
88919,2007-02-20 10:25:12,121.467000,31.224000, 46,112,1
88919,2007-02-20 10:26:13,121.461000,31.221300, 26,112,1
88919,2007-02-20 10:27:14,121.457800,31.220000,  0,135,1
88919,2007-02-20 10:27:58,121.456300,31.219500,  0,112,0
88919,2007-02-20 10:28:14,121.456300,31.219500,  0,112,0
88919,2007-02-20 10:28:59,121.455100,31.219000, 28,112,0
88919,2007-02-20 10:29:47,121.454000,31.218500, 24,112,0
88919,2007-02-20 10:30:03,121.452300,31.217600, 56,112,0
88919,2007-02-20 10:30:19,121.449800,31.216600, 62,112,0
88919,2007-02-20 10:30:34,121.447500,31.215600, 58,112,0
88919,2007-02-20 10:31:36,121.446300,31.215300,  4,157,0
88919,2007-02-20 10:31:38,121.446300,31.215300, 16,157,1
88919,2007-02-20 10:32:39,121.444500,31.218100, 34,135,1
88919,2007-02-20 10:33:39,121.441100,31.222000, 42,  0,1
88919,2007-02-20 10:34:41,121.439800,31.225300,  4,157,1
88919,2007-02-20 10:35:42,121.436500,31.227000, 40,135,1
88919,2007-02-20 10:36:43,121.432000,31.228800, 28,157,1
88919,2007-02-20 10:37:44,121.426000,31.235000,  4,157,1
88919,2007-02-20 10:37:48,121.426100,31.235000,  0,157,0
88919,2007-02-20 10:38:29,121.426500,31.234800, 22, 67,1
88919,2007-02-20 10:39:29,121.428100,31.233500, 30, 22,1
88919,2007-02-20 10:40:29,121.432300,31.236800, 44, 22,1
88919,2007-02-20 10:41:31,121.434300,31.237600, 20, 45,1
88919,2007-02-20 10:41:52,121.436500,31.237800, 20, 67,0
88919,2007-02-20 10:42:08,121.436500,31.237600,  0, 67,0
88919,2007-02-20 10:42:44,121.436000,31.238600, 44,157,0
88919,2007-02-20 10:42:59,121.435300,31.239800, 30,157,0
88919,2007-02-20 10:43:16,121.434500,31.241000,  0,157,0
88919,2007-02-20 10:44:17,121.433500,31.240600,  0,135,0
88919,2007-02-20 10:45:18,121.433500,31.240600,  0,135,0
88919,2007-02-20 10:46:19,121.433300,31.240600, 28,112,0
88919,2007-02-20 10:46:34,121.432100,31.239500, 26,135,0
88919,2007-02-20 10:46:51,121.430500,31.240000, 44,112,0
88919,2007-02-20 10:47:07,121.428500,31.239500, 44,135,0
88919,2007-02-20 10:47:24,121.427500,31.238800, 32,112,0
88919,2007-02-20 10:47:39,121.426300,31.237500, 36, 90,0
88919,2007-02-20 10:48:17,121.426000,31.236500, 32, 90,0
88919,2007-02-20 10:48:33,121.424600,31.235600, 40,135,0
88919,2007-02-20 10:48:49,121.422800,31.237100, 58,157,0
88919,2007-02-20 10:49:04,121.421000,31.238600, 46,157,0
88919,2007-02-20 10:49:21,121.419800,31.239500, 40,157,0
88919,2007-02-20 10:49:37,121.418600,31.240500, 30,157,0
88919,2007-02-20 10:49:53,121.417500,31.241300, 32,157,0
88919,2007-02-20 10:50:09,121.416500,31.242100, 52,157,0
88919,2007-02-20 10:50:24,121.415300,31.243000, 40,157,0
88919,2007-02-20 10:51:26,121.415000,31.243300,  0,157,0
88919,2007-02-20 10:52:27,121.414800,31.243500,  0,157,0
88919,2007-02-20 10:53:21,121.413500,31.243000, 58,112,0
88919,2007-02-20 10:53:37,121.411500,31.241600, 44,112,0
88919,2007-02-20 10:54:38,121.411000,31.241100,  0, 22,0
88919,2007-02-20 10:55:39,121.411000,31.241100,  0, 22,0
88919,2007-02-20 10:56:10,121.410000,31.240000, 28,112,1
88919,2007-02-20 10:57:11,121.406000,31.236000, 48,157,1
88919,2007-02-20 10:59:13,121.405100,31.241100, 44,  0,1
88919,2007-02-20 11:00:14,121.403100,31.244100, 30,157,1
88919,2007-02-20 11:01:14,121.398300,31.243800, 24,135,1
88919,2007-02-20 11:02:16,121.397800,31.243600, 12,135,1
88919,2007-02-20 11:03:17,121.393100,31.243300, 44,135,1
88919,2007-02-20 11:04:18,121.389000,31.244300, 34,135,1
88919,2007-02-20 11:05:19,121.387100,31.245100, 18,135,1
88919,2007-02-20 11:05:49,121.386800,31.245100,  0,135,0
88919,2007-02-20 11:06:49,121.387300,31.245000,  0, 67,0
88919,2007-02-20 11:07:34,121.387100,31.244600, 24,135,1
88919,2007-02-20 11:08:34,121.382600,31.242600, 44,135,1
88919,2007-02-20 11:09:34,121.381300,31.243100,  0,157,1
88919,2007-02-20 11:10:36,121.381300,31.243100,  0,157,1
88919,2007-02-20 11:11:37,121.378000,31.244600, 42,157,1
88919,2007-02-20 11:12:38,121.377000,31.245100, 10,157,1
88919,2007-02-20 11:13:39,121.375300,31.246100, 22,157,1
88919,2007-02-20 11:14:39,121.372300,31.247600, 30,157,1
88919,2007-02-20 11:15:41,121.370800,31.248500, 46,157,1
88919,2007-02-20 11:16:42,121.366000,31.249300, 66, 90,1
88919,2007-02-20 11:17:22,121.364300,31.247600,  4, 90,0
88919,2007-02-20 11:17:37,121.364300,31.247600,  0, 90,0
88919,2007-02-20 11:18:38,121.364800,31.248000, 16, 67,0
88919,2007-02-20 11:18:43,121.365000,31.247800, 20, 67,1
88919,2007-02-20 11:19:44,121.369600,31.244500, 62, 67,1
88919,2007-02-20 11:20:44,121.371100,31.246500, 76,  0,1
88919,2007-02-20 11:21:46,121.374500,31.246500, 34, 67,1
88919,2007-02-20 11:22:47,121.376100,31.245500,  0, 67,1
88919,2007-02-20 11:23:48,121.378500,31.244300, 68, 67,1
88919,2007-02-20 11:24:49,121.381100,31.242800, 28, 45,1
88919,2007-02-20 11:25:49,121.387100,31.242000, 44, 45,1
88919,2007-02-20 11:26:30,121.387800,31.240000,  0,112,0
88919,2007-02-20 11:26:46,121.387800,31.240000,  0,112,0
88919,2007-02-20 11:27:34,121.388000,31.240000, 18,  0,1
88919,2007-02-20 11:28:34,121.390100,31.244000, 48, 45,1
88919,2007-02-20 11:29:36,121.392100,31.246100,  0,  0,1
88919,2007-02-20 11:30:37,121.392100,31.246100,  0,  0,1
88919,2007-02-20 11:31:38,121.392500,31.248600, 36,  0,1
88919,2007-02-20 11:32:39,121.389600,31.249300, 24,157,1
88919,2007-02-20 11:33:02,121.388600,31.249100,  0, 90,0
88919,2007-02-20 11:33:18,121.388600,31.249100,  0, 90,0
88919,2007-02-20 11:34:19,121.388800,31.249000,  0, 45,0
88919,2007-02-20 11:36:21,121.389100,31.249300, 20, 22,0
88919,2007-02-20 11:36:51,121.389800,31.249100, 32, 67,1
88919,2007-02-20 11:37:51,121.392100,31.247000, 18, 90,1
88919,2007-02-20 11:38:52,121.393100,31.246300, 42, 45,1
88919,2007-02-20 11:39:53,121.395100,31.246300, 56, 45,1
88919,2007-02-20 11:40:54,121.403500,31.247100, 36, 45,1
88919,2007-02-20 11:41:55,121.403600,31.247100,  0, 45,1
88919,2007-02-20 11:42:56,121.404600,31.247300, 40, 45,1
88919,2007-02-20 11:43:57,121.407800,31.247000,  0, 45,1
88919,2007-02-20 11:47:38,121.417500,31.241000,  0, 90,1
88919,2007-02-20 11:48:28,121.419100,31.241500,  0,  0,0
88919,2007-02-20 11:48:36,121.419100,31.241500,  0,  0,0
88919,2007-02-20 11:49:29,121.418100,31.241100, 22,135,0
88919,2007-02-20 11:49:45,121.417000,31.241800, 30,157,0
88919,2007-02-20 11:50:23,121.416000,31.242500, 24,157,0
88919,2007-02-20 11:51:24,121.415300,31.243000,  0,135,0
88919,2007-02-20 11:51:50,121.414300,31.243300, 44,112,0
88919,2007-02-20 11:52:06,121.412100,31.242000, 58,112,0
88919,2007-02-20 11:52:22,121.410800,31.241100,  0,112,0
88919,2007-02-20 11:53:23,121.410800,31.241100,  0,112,0
88919,2007-02-20 11:54:23,121.410100,31.240500,  0, 90,1
88919,2007-02-20 11:57:13,121.402500,31.239800, 36,135,1
88919,2007-02-20 11:57:32,121.401800,31.240500,  0,  0,0
88919,2007-02-20 11:58:03,121.402000,31.240300, 24, 67,0
88919,2007-02-20 11:58:18,121.403100,31.239600,  6, 67,0
88919,2007-02-20 11:58:41,121.404300,31.239600, 50, 45,0
88919,2007-02-20 11:58:57,121.406000,31.239600, 10, 45,0
88919,2007-02-20 11:59:18,121.407100,31.240100, 24, 22,0
88919,2007-02-20 11:59:33,121.408000,31.240800, 18, 45,0
88919,2007-02-20 11:59:50,121.408800,31.239300, 38, 90,0
88919,2007-02-20 12:00:11,121.408600,31.238600, 18,112,0
88919,2007-02-20 12:00:27,121.407600,31.237600, 22,135,0
88919,2007-02-20 12:01:50,121.407500,31.237800,  0, 90,0
88919,2007-02-20 12:02:51,121.407500,31.238000,  0, 90,0
88919,2007-02-20 12:03:52,121.407600,31.238100,  0, 90,0
88919,2007-02-20 12:04:48,121.407800,31.237100, 24, 45,0
88919,2007-02-20 12:05:15,121.407100,31.236600, 38,112,0
88919,2007-02-20 12:05:31,121.406300,31.235500, 22,135,0
88919,2007-02-20 12:06:03,121.405300,31.237600, 30,  0,0
88919,2007-02-20 12:07:03,121.405100,31.238500,  0,  0,0
88919,2007-02-20 12:08:05,121.405100,31.238500,  0,  0,0
88919,2007-02-20 12:09:08,121.406300,31.239800, 38, 22,0
88919,2007-02-20 12:09:25,121.407800,31.240600, 42, 22,0
88919,2007-02-20 12:09:41,121.409300,31.241500, 26, 22,0
88919,2007-02-20 12:10:18,121.410100,31.241300, 42, 67,0
88919,2007-02-20 12:10:35,121.412000,31.241300, 36, 22,0
88919,2007-02-20 12:10:51,121.412800,31.242100, 16, 22,0
88919,2007-02-20 12:11:08,121.414000,31.242800, 32, 22,0
88919,2007-02-20 12:11:23,121.415000,31.243000, 48, 67,0
88919,2007-02-20 12:11:40,121.416500,31.241600, 42, 67,0
88919,2007-02-20 12:11:56,121.417800,31.240600, 50, 67,0
88919,2007-02-20 12:12:12,121.419300,31.239100, 26, 90,0
88919,2007-02-20 12:12:28,121.418300,31.238500, 40,112,0
88919,2007-02-20 12:12:44,121.416600,31.237600, 40,112,0
88919,2007-02-20 12:13:21,121.415800,31.237000, 26, 90,0
88919,2007-02-20 12:13:45,121.416300,31.236000, 32, 67,0
88919,2007-02-20 12:14:01,121.417000,31.234500, 28, 90,0
88919,2007-02-20 12:14:17,121.416000,31.233800, 34,112,0
88919,2007-02-20 12:14:34,121.415000,31.233300, 14, 90,0
88919,2007-02-20 12:15:35,121.415100,31.233000,  0,157,0
88919,2007-02-20 12:16:11,121.416500,31.233800, 38, 22,0
88919,2007-02-20 12:17:12,121.417100,31.234100,  0, 45,0
88919,2007-02-20 12:17:56,121.416600,31.235300, 54,157,0
88919,2007-02-20 12:18:12,121.416000,31.236600,  0,  0,0
88919,2007-02-20 12:19:13,121.415800,31.236600, 14,157,0
88919,2007-02-20 12:19:29,121.415500,31.237800, 40,157,0
88919,2007-02-20 12:19:45,121.414000,31.239000, 54,157,0
88919,2007-02-20 12:20:01,121.412100,31.240300, 22,157,0
88919,2007-02-20 12:21:02,121.411600,31.240500, 20,157,0
88919,2007-02-20 12:21:18,121.411800,31.241300, 42, 22,0
88919,2007-02-20 12:22:00,121.412600,31.242000, 30, 22,0
88919,2007-02-20 12:22:16,121.415000,31.243100, 38, 67,0
88919,2007-02-20 12:22:48,121.418000,31.240500, 52, 67,0
88919,2007-02-20 12:23:04,121.419300,31.239100, 34, 90,0
88919,2007-02-20 12:23:20,121.418300,31.238500, 44,112,0
88919,2007-02-20 12:23:36,121.416100,31.237500, 52,112,0
88919,2007-02-20 12:23:52,121.415000,31.238300, 48,157,0
88919,2007-02-20 12:27:16,121.410600,31.241100, 30,157,0
88919,2007-02-20 12:27:32,121.409300,31.241800, 34,157,0
88919,2007-02-20 12:27:48,121.407800,31.242800, 38,157,0
88919,2007-02-20 12:28:04,121.406600,31.243800, 36,157,0
88919,2007-02-20 12:29:09,121.404600,31.245800, 50,  0,0
88919,2007-02-20 12:31:09,121.402600,31.252300, 12,  0,0
88919,2007-02-20 12:31:25,121.403600,31.252800, 48, 45,0
88919,2007-02-20 12:31:41,121.406000,31.253300, 50, 45,0
88919,2007-02-20 12:31:57,121.407600,31.253600, 54, 45,0
88919,2007-02-20 12:32:21,121.408600,31.254000, 38, 45,0
88919,2007-02-20 12:32:37,121.411000,31.254600, 56, 45,0
88919,2007-02-20 12:32:53,121.413500,31.255300, 60, 45,0
88919,2007-02-20 12:33:09,121.415600,31.256500, 62, 22,0
88919,2007-02-20 12:34:10,121.416300,31.257000,  0, 22,0
88919,2007-02-20 12:34:59,121.417300,31.258800, 40,  0,0
88919,2007-02-20 12:35:15,121.417500,31.260600, 52,  0,0
88919,2007-02-20 12:35:31,121.417600,31.262800, 64,  0,0
88919,2007-02-20 12:35:47,121.418100,31.265000, 44,  0,0
88919,2007-02-20 12:36:03,121.418100,31.266100,  4,  0,0
88919,2007-02-20 12:37:04,121.418100,31.266100,  0,  0,0
88919,2007-02-20 12:37:54,121.418100,31.267000, 44,  0,0
88919,2007-02-20 12:38:10,121.418300,31.269000, 44,  0,0
88919,2007-02-20 12:38:26,121.418600,31.270500, 46, 22,0
88919,2007-02-20 12:38:42,121.420100,31.272000, 54, 22,0
88919,2007-02-20 12:38:58,121.421600,31.273300, 32, 22,0
88919,2007-02-20 12:39:14,121.423000,31.274600, 54, 22,0
88919,2007-02-20 12:39:30,121.424500,31.276100, 30, 22,0
88919,2007-02-20 12:40:27,121.425000,31.277000, 32,157,0
88919,2007-02-20 12:40:43,121.423500,31.278500, 60,157,0
88919,2007-02-20 12:40:59,121.421600,31.280100, 66,157,0
88919,2007-02-20 12:41:15,121.420000,31.282000, 34,157,0
88919,2007-02-20 12:42:05,121.419300,31.282800, 46,157,0
88919,2007-02-20 12:42:21,121.418300,31.284500, 20,157,0
88919,2007-02-20 12:43:22,121.418300,31.284500,  0,157,0
88919,2007-02-20 12:44:07,121.418000,31.285300, 48,157,0
88919,2007-02-20 12:44:23,121.416800,31.287000, 56,157,0
88919,2007-02-20 12:44:39,121.415500,31.289300, 82,157,0
88919,2007-02-20 12:44:55,121.413600,31.292500,100,157,0
88919,2007-02-20 12:45:11,121.411600,31.295600, 86,157,0
88919,2007-02-20 12:46:28,121.411000,31.297000,  0,157,0
88919,2007-02-20 12:46:45,121.410500,31.297800, 58,157,0
88919,2007-02-20 12:47:01,121.409300,31.300500, 84,  0,0
88919,2007-02-20 12:47:17,121.409100,31.304000,104,  0,0
88919,2007-02-20 12:47:49,121.407100,31.310100, 32,135,0
88919,2007-02-20 12:48:05,121.405000,31.310000, 48,135,0
88919,2007-02-20 12:48:21,121.403000,31.309800, 14,135,0
88919,2007-02-20 12:48:32,121.402800,31.309800, 24,135,1
88919,2007-02-20 12:49:32,121.396800,31.309300, 48,135,1
88919,2007-02-20 12:50:33,121.393300,31.313300, 12,  0,1
88919,2007-02-20 12:51:34,121.385100,31.313000, 26,135,1
88919,2007-02-20 12:52:34,121.380800,31.312800,  0,135,0
88919,2007-02-20 12:52:50,121.380800,31.312800,  0,135,0
88919,2007-02-20 12:53:24,121.379600,31.312800, 50,135,0
88919,2007-02-20 12:53:40,121.378000,31.312600, 36,135,0
88919,2007-02-20 12:53:56,121.376500,31.312600, 32,157,0
88919,2007-02-20 12:54:12,121.376600,31.314500, 36,  0,0
88919,2007-02-20 12:54:29,121.376600,31.315500, 34,  0,0
88919,2007-02-20 12:54:51,121.377000,31.316500, 10, 45,0
88919,2007-02-20 12:55:09,121.378100,31.316500, 22, 45,0
88919,2007-02-20 12:55:26,121.379300,31.316500, 14,  0,0
88919,2007-02-20 12:55:44,121.378100,31.316600,  8,135,0
88919,2007-02-20 12:56:34,121.377000,31.316500, 18,135,0
88919,2007-02-20 12:56:50,121.376800,31.317600, 46,  0,0
88919,2007-02-20 12:57:06,121.377000,31.319300, 54,  0,0
88919,2007-02-20 12:57:22,121.377600,31.321000, 46, 45,0
88919,2007-02-20 12:57:38,121.380000,31.321500, 58, 45,0
88919,2007-02-20 12:57:54,121.381600,31.321800, 38, 45,0
88919,2007-02-20 12:58:10,121.384000,31.322500, 68, 45,0
88919,2007-02-20 12:58:41,121.385100,31.322600, 28, 45,0
88919,2007-02-20 12:58:57,121.387600,31.322600, 78, 45,0
88919,2007-02-20 12:59:13,121.391300,31.322800, 80, 45,0
88919,2007-02-20 12:59:29,121.394300,31.323100, 84, 45,0
88919,2007-02-20 12:59:45,121.397800,31.323000, 82, 45,0
88919,2007-02-20 13:00:01,121.401300,31.323000, 62, 45,0
88919,2007-02-20 13:01:02,121.402100,31.323000,  0, 45,0
88919,2007-02-20 13:01:19,121.402600,31.323600, 52,  0,0
88919,2007-02-20 13:01:35,121.402500,31.326600, 96,  0,0
88919,2007-02-20 13:01:51,121.402000,31.329300, 66,  0,0
88919,2007-02-20 13:02:50,121.401600,31.330300, 38,  0,0
88919,2007-02-20 13:03:06,121.401300,31.331600, 32,  0,0
88919,2007-02-20 13:03:26,121.401800,31.332300, 38, 45,0
88919,2007-02-20 13:03:42,121.403000,31.332100, 36, 90,0
88919,2007-02-20 13:03:58,121.403500,31.330500, 34, 90,0
88919,2007-02-20 13:04:19,121.404300,31.330300, 28, 90,0
88919,2007-02-20 13:05:20,121.404300,31.329600,  0,135,0
88919,2007-02-20 13:06:21,121.404300,31.329600,  0,135,0
88919,2007-02-20 13:07:22,121.404300,31.329600,  0,135,0
88919,2007-02-20 13:08:23,121.404300,31.329600,  0,135,0
88919,2007-02-20 13:09:24,121.404300,31.329600,  0,135,0
88919,2007-02-20 13:10:25,121.404300,31.329600,  0,135,0
88919,2007-02-20 13:11:26,121.404300,31.329600,  0,135,0
88919,2007-02-20 13:13:28,121.404300,31.329600,  0,135,0
88919,2007-02-20 13:14:29,121.404300,31.329600,  0,135,0
88919,2007-02-20 13:15:30,121.404300,31.329600,  0,135,0
88919,2007-02-20 13:16:31,121.404300,31.329600,  0,135,0
88919,2007-02-20 13:17:32,121.404300,31.329600,  0,135,0
88919,2007-02-20 13:18:33,121.404300,31.329600,  0,135,0
88919,2007-02-20 13:19:34,121.404300,31.329800,  0,135,0
88919,2007-02-20 13:20:35,121.404300,31.329800,  0,135,0
88919,2007-02-20 13:21:36,121.404300,31.329800,  0,135,0
88919,2007-02-20 13:22:37,121.404300,31.329800,  0,135,0
88919,2007-02-20 13:23:38,121.404300,31.329800,  0,135,0
88919,2007-02-20 13:24:39,121.404300,31.329800,  0,135,0
88919,2007-02-20 13:25:40,121.404300,31.329800,  0,135,0
88919,2007-02-20 13:26:41,121.404300,31.329800,  0,135,0
88919,2007-02-20 13:28:43,121.404300,31.329800,  0,135,0
88919,2007-02-20 13:29:44,121.404300,31.329800,  0,135,0
88919,2007-02-20 13:30:45,121.404300,31.329800,  0,135,0
88919,2007-02-20 13:31:02,121.404300,31.329800,  4,135,0
88919,2007-02-20 13:31:25,121.403800,31.330500, 16,135,0
88919,2007-02-20 13:31:51,121.402800,31.330300, 34,135,0
88919,2007-02-20 13:32:07,121.401600,31.329600, 44, 90,0
88919,2007-02-20 13:32:23,121.401800,31.328300, 24, 90,0
88919,2007-02-20 13:32:39,121.402100,31.326600, 60, 90,0
88919,2007-02-20 13:32:55,121.402300,31.324500, 50, 90,0
88919,2007-02-20 13:33:11,121.402100,31.323000, 32,135,0
88919,2007-02-20 13:33:27,121.399800,31.323100, 64,135,0
88919,2007-02-20 13:33:43,121.397000,31.323100, 64,135,0
88919,2007-02-20 13:33:59,121.394100,31.323300, 62,135,0
88919,2007-02-20 13:34:31,121.388300,31.322800, 70,135,0
88919,2007-02-20 13:34:47,121.385500,31.322600, 46,135,0
88919,2007-02-20 13:35:48,121.385100,31.323000,  0, 22,0
88919,2007-02-20 13:36:49,121.385100,31.323000,  0, 22,0
88919,2007-02-20 13:37:50,121.385100,31.323000,  0, 22,0
88919,2007-02-20 13:38:51,121.385100,31.323000,  0, 22,0
88919,2007-02-20 13:39:52,121.385100,31.323000,  0, 22,0
88919,2007-02-20 13:40:53,121.385100,31.323000,  0, 22,0
88919,2007-02-20 13:41:54,121.385100,31.323000,  0, 22,0
88919,2007-02-20 13:42:55,121.385100,31.323000,  0, 22,0
88919,2007-02-20 13:43:56,121.385100,31.323000,  0, 22,0
88919,2007-02-20 13:44:57,121.385100,31.323000,  0, 22,0
88919,2007-02-20 13:45:58,121.385100,31.323000,  0, 22,0
88919,2007-02-20 13:46:59,121.385100,31.323000,  0, 22,0
88919,2007-02-20 13:48:00,121.385100,31.323000,  0, 22,0
88919,2007-02-20 13:49:01,121.385100,31.323000,  0, 22,0
88919,2007-02-20 13:50:02,121.385100,31.323000,  0, 22,0
88919,2007-02-20 13:51:03,121.385100,31.323000,  0, 22,0
88919,2007-02-20 13:52:04,121.385100,31.323000,  0, 22,0
88919,2007-02-20 13:53:05,121.385100,31.323000,  0, 22,0
88919,2007-02-20 13:54:06,121.385100,31.323000,  0, 22,0
88919,2007-02-20 13:55:07,121.385100,31.323000,  0, 22,0
88919,2007-02-20 13:56:08,121.385100,31.323000,  0, 22,0
88919,2007-02-20 13:57:09,121.385100,31.323100, 18,157,0
88919,2007-02-20 13:57:27,121.384500,31.322600, 42,135,0
88919,2007-02-20 13:57:43,121.382000,31.322000, 56,135,0
88919,2007-02-20 13:57:59,121.379800,31.321600, 64,135,0
88919,2007-02-20 13:58:15,121.377600,31.321100, 36,135,0
88919,2007-02-20 13:58:43,121.376800,31.320600, 40, 90,0
88919,2007-02-20 13:58:59,121.376800,31.318600, 52, 90,0
88919,2007-02-20 13:59:15,121.376600,31.316600, 46, 90,0
88919,2007-02-20 13:59:31,121.376500,31.315100, 40, 90,0
88919,2007-02-20 14:00:03,121.376600,31.312500, 36, 45,0
88919,2007-02-20 14:00:19,121.378800,31.312600, 46, 45,0
88919,2007-02-20 14:00:35,121.380800,31.312800, 64, 45,0
88919,2007-02-20 14:00:51,121.383500,31.313000, 40, 45,0
88919,2007-02-20 14:01:27,121.384500,31.313000, 32, 45,0
88919,2007-02-20 14:01:43,121.387100,31.313100, 74, 45,0
88919,2007-02-20 14:01:59,121.390000,31.313300, 44, 45,0
88919,2007-02-20 14:02:15,121.392100,31.313300, 56, 45,0
88919,2007-02-20 14:02:31,121.393300,31.312800, 46, 90,0
88919,2007-02-20 14:02:47,121.393500,31.310100, 86, 90,0
88919,2007-02-20 14:03:44,121.395600,31.309100, 68, 45,0
88919,2007-02-20 14:04:21,121.399300,31.309500, 50, 45,0
88919,2007-02-20 14:04:37,121.401500,31.309600, 40, 45,0
88919,2007-02-20 14:04:53,121.403300,31.309800, 44, 45,0
88919,2007-02-20 14:05:08,121.404800,31.310000, 14, 45,0
88919,2007-02-20 14:05:38,121.405300,31.309300, 52, 90,0
88919,2007-02-20 14:05:53,121.406000,31.307800, 32, 67,0
88919,2007-02-20 14:06:10,121.406800,31.306000, 28, 90,0
88919,2007-02-20 14:06:38,121.406800,31.305100, 20, 90,0
88919,2007-02-20 14:06:41,121.406800,31.305000, 26, 90,1
88919,2007-02-20 14:08:43,121.415300,31.289300, 84, 67,1
88919,2007-02-20 14:09:43,121.417800,31.285100,  4, 67,1
88919,2007-02-20 14:11:46,121.420800,31.280600, 76, 67,1
88919,2007-02-20 14:13:48,121.427000,31.274100, 24, 90,1
88919,2007-02-20 14:14:48,121.425500,31.267800,  0, 90,1
88919,2007-02-20 14:15:50,121.426100,31.262000, 76, 90,1
88919,2007-02-20 14:16:51,121.426500,31.255500,  0, 90,1
88919,2007-02-20 14:18:53,121.428000,31.252300,  0, 67,1
88919,2007-02-20 14:19:53,121.428000,31.252100,  0, 67,1
88919,2007-02-20 14:20:55,121.426100,31.249300, 24,112,1
88919,2007-02-20 14:22:07,121.425600,31.249000,  2,135,0
88919,2007-02-20 14:22:50,121.425100,31.248500, 24, 22,0
88919,2007-02-20 14:22:55,121.425500,31.248600, 22, 22,1
88919,2007-02-20 14:23:56,121.428100,31.251500,  0,  0,1
88919,2007-02-20 14:24:57,121.425500,31.250500, 18,135,1
88919,2007-02-20 14:25:58,121.422600,31.253100, 12,112,1
88919,2007-02-20 14:26:58,121.419600,31.251800, 24,112,1
88919,2007-02-20 14:28:00,121.417300,31.256500, 54,  0,1
88919,2007-02-20 14:29:01,121.412800,31.255100, 52,135,1
88919,2007-02-20 14:31:22,121.414500,31.255600,  0, 22,0
88919,2007-02-20 14:31:42,121.415500,31.256300, 56, 22,0
88919,2007-02-20 14:31:58,121.416500,31.257000,  0, 45,0
88919,2007-02-20 14:32:13,121.417000,31.256100, 38, 90,0
88919,2007-02-20 14:32:30,121.417500,31.254500, 40, 90,0
88919,2007-02-20 14:32:46,121.418500,31.253100, 44, 67,0
88919,2007-02-20 14:33:02,121.418800,31.252600, 22,157,0
88919,2007-02-20 14:34:03,121.418600,31.253000,  0,157,0
88919,2007-02-20 14:34:31,121.418500,31.253100, 22,157,1
88919,2007-02-20 14:35:32,121.417500,31.255100, 28,  0,1
88919,2007-02-20 14:36:33,121.417500,31.260300, 36,  0,1
88919,2007-02-20 14:37:33,121.418300,31.266500, 18, 22,1
88919,2007-02-20 14:38:35,121.420500,31.262100, 48, 67,1
88919,2007-02-20 14:39:36,121.426000,31.261600,  0, 45,1
88919,2007-02-20 14:40:37,121.429600,31.261600, 40, 45,1
88919,2007-02-20 14:41:38,121.434100,31.264000, 20, 22,1
88919,2007-02-20 14:42:38,121.437100,31.265600,  0, 22,1
88919,2007-02-20 14:42:42,121.437100,31.265600,  0, 22,0
88919,2007-02-20 14:43:43,121.437300,31.265800, 12, 22,0
88919,2007-02-20 14:46:46,121.437000,31.269800,  4,135,1
88919,2007-02-20 14:47:47,121.427800,31.274000, 66,157,1
88919,2007-02-20 14:48:48,121.427800,31.278300, 54,157,1
88919,2007-02-20 14:49:48,121.423600,31.285500, 40,  0,1
88919,2007-02-20 14:50:50,121.423100,31.289100, 28,  0,1
88919,2007-02-20 14:51:03,121.423100,31.289800,  0,  0,0
88919,2007-02-20 14:51:41,121.423000,31.289500, 34, 90,0
88919,2007-02-20 14:52:40,121.423000,31.289100, 16, 67,1
88919,2007-02-20 14:56:05,121.421600,31.286000,  0, 45,0
88919,2007-02-20 14:57:05,121.420500,31.286000, 46,135,0
88919,2007-02-20 14:57:21,121.418500,31.285800, 38,135,0
88919,2007-02-20 14:58:22,121.418300,31.285500,  0, 90,0
88919,2007-02-20 14:58:33,121.418300,31.285300, 24, 90,1
88919,2007-02-20 14:59:33,121.417100,31.282500,  0, 90,1
88919,2007-02-20 15:00:35,121.416800,31.281000, 34, 90,1
88919,2007-02-20 15:01:36,121.415500,31.277500,  0, 90,1
88919,2007-02-20 15:02:37,121.413300,31.274500, 30, 90,1
88919,2007-02-20 15:03:38,121.416100,31.272100, 30, 45,1
88919,2007-02-20 15:04:38,121.418600,31.270600, 54,112,1
88919,2007-02-20 15:05:40,121.416600,31.267300, 14, 90,1
88919,2007-02-20 15:05:55,121.416600,31.267100,  0, 90,0
88919,2007-02-20 15:06:56,121.416800,31.267300, 14, 45,0
88919,2007-02-20 15:07:18,121.418000,31.267600, 18, 45,0
88919,2007-02-20 15:07:36,121.418300,31.268500, 46,  0,0
88919,2007-02-20 15:07:52,121.418500,31.270100, 16,  0,0
88919,2007-02-20 15:08:23,121.418300,31.269500, 28, 90,1
88919,2007-02-20 15:09:23,121.414600,31.267100, 36,135,1
88919,2007-02-20 15:10:25,121.406300,31.270600, 28,157,1
88919,2007-02-20 15:11:26,121.406300,31.270800,  0,135,1
88919,2007-02-20 15:13:28,121.391500,31.271100,  0,135,1
88919,2007-02-20 15:15:48,121.388000,31.263800, 80, 90,1
88919,2007-02-20 15:17:50,121.380500,31.242800, 76,112,1
88919,2007-02-20 15:18:51,121.374600,31.233100, 76,112,1
88919,2007-02-20 15:19:52,121.371600,31.222500, 62, 90,1
88919,2007-02-20 15:20:53,121.375100,31.217500, 48, 45,1
88919,2007-02-20 15:20:59,121.375600,31.217500,  6, 45,0
88919,2007-02-20 15:21:50,121.376000,31.217100, 32, 90,0
88919,2007-02-20 15:22:06,121.375800,31.215600,  6, 90,0
88919,2007-02-20 15:22:22,121.376800,31.215100, 52, 67,0
88919,2007-02-20 15:22:38,121.378000,31.214300,  8, 45,0
88919,2007-02-20 15:23:38,121.378100,31.214300,  0, 45,0
88919,2007-02-20 15:24:40,121.378100,31.214500,  0, 45,0
88919,2007-02-20 15:25:41,121.378100,31.214500,  0, 45,0
88919,2007-02-20 15:26:42,121.378100,31.214500,  0, 45,0
88919,2007-02-20 15:27:43,121.378100,31.214500,  0, 45,0
88919,2007-02-20 15:29:45,121.378100,31.214500,  0, 45,0
88919,2007-02-20 15:30:46,121.378100,31.214500,  0, 45,0
88919,2007-02-20 15:31:53,121.380000,31.213500, 46, 90,0
88919,2007-02-20 15:32:48,121.379600,31.212300, 34, 90,0
88919,2007-02-20 15:33:03,121.379300,31.210300, 68, 90,0
88919,2007-02-20 15:33:20,121.379800,31.208800, 44, 45,0
88919,2007-02-20 15:33:36,121.382100,31.208100, 40, 45,0
88919,2007-02-20 15:33:53,121.383300,31.208000, 42, 45,0
88919,2007-02-20 15:34:08,121.385300,31.207600, 38, 45,0
88919,2007-02-20 15:34:25,121.386100,31.206800, 46, 90,0
88919,2007-02-20 15:34:58,121.386500,31.205800, 16, 90,0
88919,2007-02-20 15:35:15,121.386600,31.204800, 32, 90,0
88919,2007-02-20 15:35:31,121.387000,31.203600, 30, 90,0
88919,2007-02-20 15:35:47,121.387100,31.202600, 24, 90,0
88919,2007-02-20 15:36:03,121.387500,31.201500, 18, 90,0
88919,2007-02-20 15:37:03,121.387500,31.201500,  0, 90,0
88919,2007-02-20 15:37:38,121.387600,31.200600, 48, 90,0
88919,2007-02-20 15:37:55,121.388000,31.199500, 26, 90,0
88919,2007-02-20 15:38:13,121.389300,31.199100, 42, 22,0
88919,2007-02-20 15:38:28,121.390800,31.200100, 54, 22,0
88919,2007-02-20 15:38:45,121.393300,31.201500, 56, 22,0
88919,2007-02-20 15:39:01,121.393500,31.202100,  0,  0,0
88919,2007-02-20 15:39:17,121.394500,31.202000, 50, 45,0
88919,2007-02-20 15:39:33,121.397000,31.201100, 66, 45,0
88919,2007-02-20 15:40:05,121.402100,31.199500, 58, 67,0
88919,2007-02-20 15:40:21,121.403300,31.199000, 10, 67,0
88919,2007-02-20 15:40:37,121.404500,31.198500, 32, 45,0
88919,2007-02-20 15:40:53,121.404800,31.197500, 48, 90,0
88919,2007-02-20 15:41:08,121.404300,31.195500, 56, 90,0
88919,2007-02-20 15:41:25,121.404300,31.193600, 42, 90,0
88919,2007-02-20 15:42:16,121.405000,31.193100, 42, 45,0
88919,2007-02-20 15:42:32,121.407300,31.193000, 36, 45,0
88919,2007-02-20 15:42:52,121.407800,31.193500, 46,  0,0
88919,2007-02-20 15:43:08,121.407600,31.194800, 14, 45,0
88919,2007-02-20 15:43:28,121.408800,31.195100, 32,  0,0
88919,2007-02-20 15:43:45,121.408800,31.197300, 54,  0,0
88919,2007-02-20 15:44:16,121.409000,31.198100, 36, 45,0
88919,2007-02-20 15:44:32,121.411000,31.197800, 14, 45,0
88919,2007-02-20 15:45:33,121.411000,31.197800, 14, 45,0
88919,2007-02-20 15:45:48,121.412800,31.197600, 66, 45,0
88919,2007-02-20 15:46:05,121.416000,31.197300, 60, 45,0
88919,2007-02-20 15:46:21,121.418500,31.196800, 62, 45,0
88919,2007-02-20 15:46:37,121.421000,31.196300, 62, 45,0
88919,2007-02-20 15:46:53,121.422500,31.195600,  0, 67,0
88919,2007-02-20 15:47:51,121.423600,31.195500, 54, 45,0
88919,2007-02-20 15:48:07,121.425800,31.194600, 52, 67,0
88919,2007-02-20 15:48:27,121.426600,31.194300, 12, 67,0
88919,2007-02-20 15:48:43,121.427500,31.194800, 32, 22,0
88919,2007-02-20 15:49:00,121.428100,31.196000, 38, 22,0
88919,2007-02-20 15:49:16,121.428800,31.197100, 40, 22,0
88919,2007-02-20 15:49:52,121.429300,31.198000, 26, 22,0
88919,2007-02-20 15:50:53,121.429800,31.198500,  0, 22,0
88919,2007-02-20 15:51:53,121.429800,31.198500,  0, 22,0
88919,2007-02-20 15:52:55,121.429800,31.198500,  0, 22,0
88919,2007-02-20 15:53:56,121.429800,31.198500,  0, 22,0
88919,2007-02-20 15:54:57,121.430800,31.199000,  2, 22,0
88919,2007-02-20 15:55:15,121.431000,31.198000, 32, 90,0
88919,2007-02-20 15:55:31,121.431600,31.197100, 26, 45,0
88919,2007-02-20 15:55:48,121.432800,31.197300, 18, 45,0
88919,2007-02-20 15:56:50,121.433000,31.197300,  0, 22,0
88919,2007-02-20 15:57:51,121.433000,31.197000,  4, 90,0
88919,2007-02-20 15:58:37,121.432500,31.196600,  8,157,1
88919,2007-02-20 15:59:37,121.431000,31.198100, 30,  0,1
88919,2007-02-20 16:00:38,121.431800,31.201500, 30,  0,1
88919,2007-02-20 16:01:38,121.430800,31.203800,  0,157,1
88919,2007-02-20 16:02:40,121.428500,31.209500,  0,  0,1
88919,2007-02-20 16:03:41,121.429500,31.212500,  0, 22,1
88919,2007-02-20 16:04:42,121.428600,31.215300, 48,  0,1
88919,2007-02-20 16:05:43,121.428500,31.215600,  0,157,1
88919,2007-02-20 16:06:43,121.427300,31.219800, 10, 45,1
88919,2007-02-20 16:07:45,121.425500,31.219500, 38,135,1
88919,2007-02-20 16:07:56,121.425100,31.219500,  0,112,0
88919,2007-02-20 16:08:35,121.426000,31.219500, 26, 45,0
88919,2007-02-20 16:09:36,121.426600,31.219600, 10, 45,0
88919,2007-02-20 16:09:52,121.427300,31.218600, 46, 90,0
88919,2007-02-20 16:10:13,121.427500,31.217600, 44, 90,0
88919,2007-02-20 16:10:28,121.428100,31.216300, 14, 90,0
88919,2007-02-20 16:11:20,121.428600,31.215100, 52, 90,0
88919,2007-02-20 16:11:36,121.429500,31.213300, 40, 67,0
88919,2007-02-20 16:12:13,121.429100,31.212300, 44,112,0
88919,2007-02-20 16:12:28,121.428100,31.210800, 52, 90,0
88919,2007-02-20 16:12:45,121.428500,31.208500, 70, 90,0
88919,2007-02-20 16:13:38,121.429300,31.206000, 52, 90,0
88919,2007-02-20 16:13:53,121.430000,31.204500,  0, 67,0
88919,2007-02-20 16:14:32,121.430600,31.203600, 32, 67,0
88919,2007-02-20 16:14:48,121.431300,31.202500, 32, 90,0
88919,2007-02-20 16:15:03,121.431600,31.201500, 30, 90,0
88919,2007-02-20 16:15:20,121.432000,31.200100,  0, 90,0
88919,2007-02-20 16:16:21,121.432100,31.199800,  0, 67,0
88919,2007-02-20 16:16:32,121.432300,31.199500, 32, 67,1
88919,2007-02-20 16:17:32,121.433600,31.196600,  0, 90,1
88919,2007-02-20 16:18:33,121.433600,31.196000,  0, 90,1
88919,2007-02-20 16:19:33,121.433600,31.196000,  0, 90,1
88919,2007-02-20 16:20:35,121.435600,31.196100,  0, 22,1
88919,2007-02-20 16:21:35,121.437300,31.193500, 48, 67,1
88919,2007-02-20 16:22:36,121.437100,31.190100, 54, 90,1
88919,2007-02-20 16:23:37,121.438300,31.187100,  0, 90,1
88919,2007-02-20 16:24:37,121.439800,31.183000, 18, 90,1
88919,2007-02-20 16:25:39,121.439800,31.183000,  0, 90,1
88919,2007-02-20 16:26:40,121.443600,31.184800, 22, 67,1
88919,2007-02-20 16:27:41,121.447300,31.185100, 20, 22,1
88919,2007-02-20 16:27:59,121.447000,31.185800,  0,157,0
88919,2007-02-20 16:28:17,121.446800,31.186000, 34,157,0
88919,2007-02-20 16:28:32,121.446000,31.187000, 42,157,0
88919,2007-02-20 16:28:49,121.445000,31.189000, 56,157,0
88919,2007-02-20 16:29:11,121.444500,31.190000, 30,157,0
88919,2007-02-20 16:29:27,121.443600,31.191600, 42,157,0
88919,2007-02-20 16:30:16,121.440600,31.192800, 48,135,0
88919,2007-02-20 16:30:32,121.438300,31.192000, 56,112,0
88919,2007-02-20 16:32:02,121.437000,31.191500, 44,135,0
88919,2007-02-20 16:32:19,121.434500,31.191100, 44,135,0
88919,2007-02-20 16:33:05,121.433300,31.190800,  8,135,0
88919,2007-02-20 16:33:37,121.433500,31.193500, 66,  0,0
88919,2007-02-20 16:33:54,121.434000,31.194600,  8,  0,0
88919,2007-02-20 16:34:15,121.434000,31.195500, 26,157,0
88919,2007-02-20 16:34:31,121.432800,31.195600, 44,135,0
88919,2007-02-20 16:34:47,121.431000,31.195300, 52,135,0
88919,2007-02-20 16:35:02,121.430100,31.195500, 32,  0,0
88919,2007-02-20 16:35:19,121.430300,31.197000, 30,  0,0
88919,2007-02-20 16:35:36,121.431300,31.197300, 24, 67,0
88919,2007-02-20 16:35:54,121.432500,31.197500, 34, 22,0
88919,2007-02-20 16:36:55,121.432800,31.197600,  0, 90,0
88919,2007-02-20 16:37:56,121.432800,31.197600,  0, 90,0
88919,2007-02-20 16:38:57,121.433100,31.197100,  0, 90,0
88919,2007-02-20 16:39:58,121.433100,31.197100,  0, 90,0
88919,2007-02-20 16:40:59,121.433100,31.197100,  0, 90,0
88919,2007-02-20 16:41:26,121.433100,31.197100,  0, 90,1
88919,2007-02-20 16:42:26,121.433800,31.195500, 36, 67,1
88919,2007-02-20 16:44:27,121.444500,31.201000, 22, 22,1
88919,2007-02-20 16:45:29,121.448000,31.202000,  0, 22,1
88919,2007-02-20 16:46:30,121.451600,31.203100, 58, 45,1
88919,2007-02-20 16:47:31,121.457000,31.201000, 50, 90,1
88919,2007-02-20 16:48:32,121.461300,31.202000, 70, 22,1
88919,2007-02-20 16:49:32,121.466100,31.203800,  0, 45,1
88919,2007-02-20 16:50:34,121.468600,31.204300, 56, 45,1
88919,2007-02-20 16:51:35,121.473100,31.206000, 22, 22,1
88919,2007-02-20 16:52:36,121.475100,31.203100,  6, 22,1
88919,2007-02-20 16:53:03,121.475300,31.203600,  0,135,0
88919,2007-02-20 16:53:48,121.475300,31.203600,  4, 45,0
88919,2007-02-20 16:54:49,121.475600,31.203300, 26, 67,0
88919,2007-02-20 16:55:25,121.476100,31.202600, 24,112,0
88919,2007-02-20 16:56:26,121.475300,31.202600,  0,  0,0
88919,2007-02-20 16:56:37,121.475100,31.202800, 34,157,1
88919,2007-02-20 16:57:37,121.474100,31.205800,  0,  0,1
88919,2007-02-20 16:58:38,121.473600,31.208800, 52, 45,1
88919,2007-02-20 16:59:39,121.476100,31.210600, 22, 22,1
88919,2007-02-20 17:00:07,121.476300,31.211100,  0,  0,0
88919,2007-02-20 17:01:07,121.476100,31.211500, 18,157,0
88919,2007-02-20 17:01:29,121.476000,31.212500, 34, 22,0
88919,2007-02-20 17:01:45,121.477300,31.212800, 22, 67,0
88919,2007-02-20 17:02:01,121.478000,31.211600, 38, 67,0
88919,2007-02-20 17:02:17,121.478600,31.210600, 18, 90,0
88919,2007-02-20 17:02:33,121.477300,31.209800, 42,112,0
88919,2007-02-20 17:02:49,121.476000,31.209000,  8,112,0
88919,2007-02-20 17:03:32,121.476100,31.208100, 34, 90,0
88919,2007-02-20 17:03:48,121.476800,31.206800, 34, 90,0
88919,2007-02-20 17:04:04,121.477300,31.205500, 48, 90,0
88919,2007-02-20 17:04:20,121.477800,31.204000, 42, 90,0
88919,2007-02-20 17:04:38,121.477600,31.203300, 32,112,0
88919,2007-02-20 17:05:05,121.476500,31.202800, 30,112,0
88919,2007-02-20 17:05:06,121.476300,31.202800, 32,112,1
88919,2007-02-20 17:06:06,121.476300,31.200600, 16, 90,1
88919,2007-02-20 17:07:07,121.471000,31.200100, 26,135,1
88919,2007-02-20 17:08:08,121.466800,31.197500, 48,112,1
88919,2007-02-20 17:09:09,121.465500,31.197100,  0,112,1
88919,2007-02-20 17:10:10,121.460100,31.194000, 88,112,1
88919,2007-02-20 17:11:11,121.448100,31.187800, 72,135,1
88919,2007-02-20 17:12:12,121.437600,31.180600, 70,112,1
88919,2007-02-20 17:13:13,121.431000,31.182100, 34, 67,1
88919,2007-02-20 17:14:14,121.430000,31.172600, 78, 90,1
88919,2007-02-20 17:15:15,121.426300,31.161000,108,112,1
88919,2007-02-20 17:16:16,121.415600,31.151000, 84,112,1
88919,2007-02-20 17:17:17,121.408000,31.143800, 32,112,1
88919,2007-02-20 17:19:19,121.401800,31.144300, 54,135,1
88919,2007-02-20 17:20:20,121.400000,31.147100,  0,  0,1
88919,2007-02-20 17:21:20,121.400600,31.150300,  0, 22,0
88919,2007-02-20 17:21:36,121.400600,31.150300,  0, 22,0
88919,2007-02-20 17:22:37,121.400600,31.150300,  0, 22,0
88919,2007-02-20 17:23:25,121.401100,31.150500, 32, 45,1
88919,2007-02-20 17:24:26,121.406600,31.149100, 36, 45,1
88919,2007-02-20 17:25:27,121.412000,31.151000, 26, 67,1
88919,2007-02-20 17:28:30,121.424100,31.158600,  0, 22,1
88919,2007-02-20 17:29:31,121.425800,31.160000, 48, 22,1
88919,2007-02-20 17:30:32,121.429500,31.167500, 62,  0,1
88919,2007-02-20 17:31:33,121.430800,31.177000, 58,  0,1
88919,2007-02-20 17:33:35,121.432100,31.187100,  0,  0,1
88919,2007-02-20 17:35:37,121.425000,31.190300, 30,157,1
88919,2007-02-20 17:36:21,121.425500,31.192000,  0,157,0
88919,2007-02-20 17:37:22,121.425500,31.192000,  0,157,0
88919,2007-02-20 17:37:40,121.425100,31.192000, 20,157,1
88919,2007-02-20 17:38:41,121.422000,31.194300, 26, 22,1
88919,2007-02-20 17:39:02,121.422600,31.194800,  0, 67,0
88919,2007-02-20 17:39:36,121.422800,31.195000, 30, 22,0
88919,2007-02-20 17:40:37,121.423100,31.195300,  0, 22,0
88919,2007-02-20 17:41:04,121.424100,31.195300, 58, 45,0
88919,2007-02-20 17:41:20,121.426300,31.194500, 46, 67,0
88919,2007-02-20 17:42:21,121.427000,31.194100,  0, 45,0
88919,2007-02-20 17:43:12,121.427500,31.194600, 46, 22,0
88919,2007-02-20 17:43:28,121.428600,31.196600, 46, 22,0
88919,2007-02-20 17:44:11,121.428500,31.196800, 32,112,1
88919,2007-02-20 17:45:11,121.426500,31.191500, 50, 45,1
88919,2007-02-20 17:46:12,121.432000,31.190600,  0, 45,1
88919,2007-02-20 17:48:14,121.437000,31.191300, 10, 45,1
88919,2007-02-20 17:49:15,121.440800,31.192600,  0, 22,1
88919,2007-02-20 17:49:56,121.441800,31.193000,  0, 22,0
88919,2007-02-20 17:50:11,121.441800,31.193000,  0, 22,0
88919,2007-02-20 17:51:12,121.442500,31.193300, 14, 22,0
88919,2007-02-20 17:51:28,121.441800,31.195000, 56,  0,0
88919,2007-02-20 17:52:00,121.440100,31.198600, 42,  0,0
88919,2007-02-20 17:52:16,121.438600,31.198500, 42,112,0
88919,2007-02-20 17:52:32,121.437600,31.197600, 40,112,0
88919,2007-02-20 17:52:48,121.436100,31.196800, 14,112,0
88919,2007-02-20 17:53:04,121.434800,31.196100, 44,112,0
88919,2007-02-20 17:54:05,121.434100,31.195800,  0,135,0
88919,2007-02-20 17:54:55,121.433000,31.195600, 44,135,0
88919,2007-02-20 17:55:21,121.431800,31.195600, 18,  0,0
88919,2007-02-20 17:56:22,121.431500,31.196500, 20,  0,0
88919,2007-02-20 17:56:39,121.432000,31.197300, 18, 45,0
88919,2007-02-20 17:58:41,121.434000,31.198500,  0, 45,0
88919,2007-02-20 17:59:42,121.433500,31.197500,  4, 90,0
88919,2007-02-20 18:00:43,121.433600,31.197000,  0, 67,1
88919,2007-02-20 18:01:43,121.430800,31.199000, 22,  0,1
88919,2007-02-20 18:02:44,121.433300,31.200300,  0, 22,1
88919,2007-02-20 18:03:45,121.438000,31.201600,  0, 22,1
88919,2007-02-20 18:04:46,121.438000,31.201600,  0, 22,1
88919,2007-02-20 18:05:47,121.439600,31.203500, 24, 22,1
88919,2007-02-20 18:07:11,121.442600,31.207500, 36, 22,1
88919,2007-02-20 18:09:13,121.445100,31.213500, 22,  0,1
88919,2007-02-20 18:10:14,121.445000,31.213800,  0, 22,1
88919,2007-02-20 18:11:15,121.443600,31.217500,  0,  0,1
88919,2007-02-20 18:12:16,121.441800,31.220300, 32,157,1
88919,2007-02-20 18:13:17,121.441100,31.224600, 40, 22,1
88919,2007-02-20 18:14:18,121.443100,31.225600,  0, 22,1
88919,2007-02-20 18:15:27,121.447100,31.227600,  0, 22,0
88919,2007-02-20 18:16:18,121.447800,31.228000, 16, 22,0
88919,2007-02-20 18:17:30,121.450000,31.229100, 20, 22,0
88919,2007-02-20 18:17:49,121.451100,31.229800, 28, 22,0
88919,2007-02-20 18:18:05,121.452300,31.230600, 34, 22,0
88919,2007-02-20 18:18:41,121.454500,31.231800, 24, 22,0
88919,2007-02-20 18:19:42,121.455000,31.232100,  0, 45,0
88919,2007-02-20 18:20:43,121.456100,31.232600,  0, 22,0
88919,2007-02-20 18:21:44,121.456000,31.232800,  0, 22,0
88919,2007-02-20 18:22:23,121.457300,31.232800, 32, 45,0
88919,2007-02-20 18:22:39,121.458800,31.232800, 34, 45,0
88919,2007-02-20 18:22:55,121.460500,31.232600, 30, 45,0
88919,2007-02-20 18:23:55,121.461600,31.232800, 28, 45,0
88919,2007-02-20 18:24:11,121.462100,31.232000, 26, 90,0
88919,2007-02-20 18:24:27,121.462100,31.230500, 42, 90,0
88919,2007-02-20 18:25:28,121.462100,31.229500,  0, 90,0
88919,2007-02-20 18:26:23,121.461000,31.227300, 32,135,0
88919,2007-02-20 18:26:39,121.459600,31.227100, 20,135,0
88919,2007-02-20 18:27:00,121.458600,31.227300, 30,  0,0
88919,2007-02-20 18:27:16,121.458600,31.228600, 20, 22,0
88919,2007-02-20 18:27:35,121.460000,31.229000, 36, 45,0
88919,2007-02-20 18:28:34,121.461500,31.229100, 16, 45,1
88919,2007-02-20 18:29:34,121.461600,31.229300, 14, 45,1
88919,2007-02-20 18:30:35,121.466600,31.229300,  0, 45,1
88919,2007-02-20 18:31:36,121.466600,31.229300,  0, 45,1
88919,2007-02-20 18:32:37,121.471500,31.233000, 10, 22,1
88919,2007-02-20 18:33:38,121.471600,31.233000,  0, 22,1
88919,2007-02-20 18:34:39,121.471600,31.233000, 30, 22,1
88919,2007-02-20 18:35:40,121.470300,31.235100,  0,157,1
88919,2007-02-20 18:36:41,121.471500,31.235600,  6, 22,1
88919,2007-02-20 18:37:12,121.472800,31.236100,  0,  0,0
88919,2007-02-20 18:38:28,121.474100,31.235300, 32, 90,0
88919,2007-02-20 18:38:44,121.474300,31.234300, 16,135,0
88919,2007-02-20 18:39:42,121.473100,31.233800, 12,112,0
88919,2007-02-20 18:39:58,121.472000,31.233500, 38,112,0
88919,2007-02-20 18:40:14,121.470100,31.232100, 44,112,0
88919,2007-02-20 18:40:30,121.468800,31.231300, 22,112,0
88919,2007-02-20 18:40:55,121.468000,31.230600, 34,112,0
88919,2007-02-20 18:41:25,121.467000,31.230100, 18,157,0
88919,2007-02-20 18:41:49,121.466500,31.231100, 18,157,0
88919,2007-02-20 18:42:16,121.465800,31.232000, 18,157,0
88919,2007-02-20 18:42:33,121.465800,31.233000, 30, 22,0
88919,2007-02-20 18:42:49,121.466500,31.234300, 40, 22,0
88919,2007-02-20 18:43:05,121.467800,31.235100, 34, 45,0
88919,2007-02-20 18:43:21,121.469100,31.235300, 18, 45,0
88919,2007-02-20 18:44:22,121.469300,31.235300,  0, 45,0
88919,2007-02-20 18:44:49,121.470300,31.235300, 34, 67,0
88919,2007-02-20 18:45:06,121.471100,31.234100, 30, 67,0
88919,2007-02-20 18:46:49,121.471800,31.233000, 36, 67,0
88919,2007-02-20 18:47:05,121.473100,31.231300, 42, 67,0
88919,2007-02-20 19:07:50,121.469300,31.222500,  0,157,0
88919,2007-02-20 19:15:57,121.469500,31.222600,  0,  0,0
88919,2007-02-20 19:16:59,121.469500,31.222800,  0,  0,0
88919,2007-02-20 19:36:42,121.485000,31.244600, 40,157,1
88919,2007-02-20 19:38:44,121.484100,31.253300,  0,157,1
88919,2007-02-20 19:39:45,121.482600,31.257000, 56,  0,1
88919,2007-02-20 19:40:46,121.484500,31.261800,  0, 22,1
88919,2007-02-20 19:41:47,121.484800,31.262600, 34,  0,1
88919,2007-02-20 19:42:47,121.487800,31.265300,  0, 67,1
88919,2007-02-20 19:43:49,121.491500,31.264100, 22, 67,1
88919,2007-02-20 19:44:50,121.493800,31.262600,  6, 45,1
88919,2007-02-20 19:44:59,121.493800,31.262600,  0, 45,0
88919,2007-02-20 19:46:00,121.493800,31.262800,  0, 45,0
88919,2007-02-20 19:46:13,121.493800,31.262600, 18, 67,1
88919,2007-02-20 19:47:14,121.494100,31.259600, 34,112,1
88919,2007-02-20 19:48:15,121.492800,31.257300,  0,112,1
88919,2007-02-20 19:49:16,121.489500,31.255500,  0,135,1
88919,2007-02-20 19:50:17,121.484500,31.254100, 40,112,1
88919,2007-02-20 19:51:17,121.485100,31.250100,  0, 90,1
88919,2007-02-20 19:52:19,121.484800,31.246300, 78, 90,1
88919,2007-02-20 19:53:20,121.485300,31.241000,  0, 90,1
88919,2007-02-20 19:54:46,121.483300,31.240000, 14,157,0
88919,2007-02-20 19:55:24,121.484100,31.240500, 18, 45,0
88919,2007-02-20 19:56:01,121.485500,31.240500, 34, 90,0
88919,2007-02-20 19:56:17,121.485500,31.239100, 28, 90,0
88919,2007-02-20 19:56:32,121.485800,31.237800, 28, 90,0
88919,2007-02-20 19:56:49,121.486500,31.236300, 20, 67,0
88919,2007-02-20 19:57:05,121.487000,31.235500, 34, 90,0
88919,2007-02-20 19:57:21,121.486100,31.234800, 56,135,0
88919,2007-02-20 19:57:46,121.483500,31.233800, 26,157,0
88919,2007-02-20 19:57:52,121.483300,31.234500, 18,  0,0
88919,2007-02-20 19:58:54,121.483300,31.234500,  0,  0,0
88919,2007-02-20 19:59:55,121.483300,31.234500,  0,  0,0
88919,2007-02-20 20:00:16,121.483500,31.235300, 36, 45,0
88919,2007-02-20 20:00:32,121.484800,31.235500,  0, 67,0
88919,2007-02-20 20:01:25,121.485800,31.236000, 28, 45,0
88919,2007-02-20 20:02:26,121.486300,31.236100,  0,  0,0
88919,2007-02-20 20:03:20,121.486300,31.236100, 12, 45,1
88919,2007-02-20 20:04:21,121.483600,31.233600, 72,112,1
88919,2007-02-20 20:05:22,121.472100,31.229800, 80,112,1
88919,2007-02-20 20:06:22,121.460100,31.225800, 80,135,1
88919,2007-02-20 20:07:24,121.446800,31.224500, 78,112,1
88919,2007-02-20 20:08:25,121.438600,31.222000, 28,112,1
88919,2007-02-20 20:09:04,121.440100,31.222300,  0, 45,0
88919,2007-02-20 20:09:20,121.440100,31.222500,  0, 45,0
88919,2007-02-20 20:10:29,121.443000,31.222800, 36, 45,0
88919,2007-02-20 20:11:30,121.443500,31.222800,  8, 45,0
88919,2007-02-20 20:11:41,121.443800,31.222800, 22, 45,1
88919,2007-02-20 20:12:42,121.441600,31.223000, 38,135,1
88919,2007-02-20 20:13:42,121.441000,31.223000,  0,135,1
88919,2007-02-20 20:14:44,121.439300,31.222500, 40,112,1
88919,2007-02-20 20:15:45,121.438100,31.222500,  0,157,1
88919,2007-02-20 20:16:46,121.439300,31.219000, 28, 45,1
88919,2007-02-20 20:18:01,121.440600,31.220100,  0,112,0
88919,2007-02-20 20:19:02,121.439600,31.221100, 22,135,0
88919,2007-02-20 20:19:26,121.438600,31.221600, 20, 22,0
88919,2007-02-20 20:20:42,121.441000,31.222300,  0, 45,0
88919,2007-02-20 20:21:44,121.441600,31.222300, 48, 45,0
88919,2007-02-20 20:22:00,121.443300,31.222800,  4, 45,0
88919,2007-02-20 20:23:01,121.443300,31.222800,  0, 45,0
88919,2007-02-20 20:24:02,121.443300,31.222800,  0, 45,0
88919,2007-02-20 20:25:16,121.445300,31.222800, 40, 67,0
88919,2007-02-20 20:25:32,121.446000,31.221800, 10, 90,0
88919,2007-02-20 20:26:32,121.446100,31.221600,  4,157,0
88919,2007-02-20 20:26:34,121.446000,31.221600, 14,157,1
88919,2007-02-20 20:27:35,121.447600,31.224500, 46, 22,1
88919,2007-02-20 20:28:36,121.456000,31.225500, 16, 45,1
88919,2007-02-20 20:29:37,121.456000,31.225500,  0, 45,1
88919,2007-02-20 20:30:37,121.462300,31.225500, 44, 45,1
88919,2007-02-20 20:31:39,121.471100,31.228800, 56, 22,1
88919,2007-02-20 20:32:40,121.476600,31.232100,  0, 22,1
88919,2007-02-20 20:33:41,121.479100,31.232800, 38, 45,1
88919,2007-02-20 20:35:42,121.483800,31.232500,  0, 45,1
88919,2007-02-20 20:36:44,121.502000,31.237000, 48, 90,1
88919,2007-02-20 20:38:09,121.494800,31.236100, 32,157,1
88919,2007-02-20 20:38:46,121.494100,31.237100,  0,157,0
88919,2007-02-20 20:39:02,121.494100,31.237100,  6,  0,0
88919,2007-02-20 20:40:32,121.493300,31.238500, 10,157,1
88919,2007-02-20 20:41:32,121.497300,31.239600, 50, 45,1
88919,2007-02-20 20:42:34,121.504500,31.237000, 66, 45,1
88919,2007-02-20 20:43:35,121.508000,31.236000,  0, 45,1
88919,2007-02-20 20:45:37,121.513800,31.234100, 66, 45,1
88919,2007-02-20 20:46:37,121.518800,31.234600,  0, 22,1
88919,2007-02-20 20:47:39,121.518800,31.235300, 42,157,1
88919,2007-02-20 20:48:40,121.515300,31.241800, 52,157,1
88919,2007-02-20 20:49:41,121.515000,31.242600,  0,157,1
88919,2007-02-20 20:50:42,121.515000,31.242600,  0,157,1
88919,2007-02-20 20:51:42,121.507500,31.261300,  0,157,1
88919,2007-02-20 20:52:44,121.504500,31.264100, 14,157,1
88919,2007-02-20 20:53:45,121.502000,31.270800, 22,  0,1
88919,2007-02-20 20:55:47,121.498000,31.275800, 22,157,1
88919,2007-02-20 20:56:46,121.497600,31.276000,  0,157,1
88919,2007-02-20 20:57:48,121.497600,31.276000,  0,157,1
88919,2007-02-20 20:58:49,121.496500,31.277100, 22,157,1
88919,2007-02-20 20:59:50,121.493300,31.278300, 22,135,1
88919,2007-02-20 21:00:51,121.488800,31.278300,  0,135,1
88919,2007-02-20 21:01:51,121.487000,31.278300,  0,135,1
88919,2007-02-20 21:02:53,121.487000,31.278300,  0,135,1
88919,2007-02-20 21:03:54,121.486000,31.280000, 50,  0,1
88919,2007-02-20 21:04:55,121.486100,31.283500,  0,  0,1
88919,2007-02-20 21:05:56,121.486100,31.286100,  6,  0,1
88919,2007-02-20 21:06:19,121.486000,31.286100,  0, 90,0
88919,2007-02-20 21:08:15,121.486000,31.281500, 28, 90,1
88919,2007-02-20 21:09:16,121.485800,31.278600,  0, 90,1
88919,2007-02-20 21:10:16,121.485800,31.278600,  6, 90,1
88919,2007-02-20 21:11:18,121.485800,31.276600,  2, 90,1
88919,2007-02-20 21:12:19,121.489300,31.270500, 10, 67,1
88919,2007-02-20 21:13:20,121.489300,31.270500,  0, 67,1
88919,2007-02-20 21:14:21,121.492000,31.272100, 14, 45,1
88919,2007-02-20 21:15:21,121.496600,31.270100, 36, 90,1
88919,2007-02-20 21:16:23,121.493800,31.264100, 48,112,1
88919,2007-02-20 21:17:24,121.494800,31.261800, 22, 67,1
88919,2007-02-20 21:18:25,121.496800,31.260100,  0, 67,1
88919,2007-02-20 21:19:24,121.498500,31.259100,  0, 67,0
88919,2007-02-20 21:20:25,121.497800,31.259600,  0,157,0
88919,2007-02-20 21:21:03,121.496800,31.259800, 30,112,0
88919,2007-02-20 21:21:31,121.496100,31.259100, 38,112,0
88919,2007-02-20 21:21:48,121.494100,31.258000, 54,112,0
88919,2007-02-20 21:22:04,121.492600,31.257300,  2,112,0
88919,2007-02-20 21:23:03,121.491800,31.256500, 52,112,0
88919,2007-02-20 21:23:19,121.489800,31.255500, 52,135,0
88919,2007-02-20 21:24:16,121.488500,31.255500, 40,135,0
88919,2007-02-20 21:24:31,121.487100,31.255300, 40,135,0
88919,2007-02-20 21:25:49,121.484300,31.254000,  0,112,0
88919,2007-02-20 21:26:33,121.484100,31.253000, 48, 90,0
88919,2007-02-20 21:26:49,121.484800,31.251500, 42, 90,0
88919,2007-02-20 21:27:05,121.485300,31.249600, 50, 90,0
88919,2007-02-20 21:27:21,121.484800,31.247100, 72, 90,0
88919,2007-02-20 21:27:36,121.484600,31.245000, 54, 90,0
88919,2007-02-20 21:27:53,121.485600,31.243000, 34, 90,0
88919,2007-02-20 21:28:09,121.485500,31.241500, 44, 90,0
88919,2007-02-20 21:28:41,121.485300,31.240500, 46, 90,0
88919,2007-02-20 21:28:58,121.485600,31.238800, 34, 90,0
88919,2007-02-20 21:29:14,121.486000,31.237100, 34, 67,0
88919,2007-02-20 21:29:30,121.486600,31.236100, 34, 67,0
88919,2007-02-20 21:29:46,121.486600,31.235000, 38,135,0
88919,2007-02-20 21:30:01,121.485000,31.234100, 40,112,0
88919,2007-02-20 21:32:04,121.483800,31.233800,  0,135,0
88919,2007-02-20 21:32:05,121.483800,31.233800,  0,135,1
88919,2007-02-20 21:33:05,121.482100,31.232600, 10,135,1
88919,2007-02-20 21:34:06,121.475800,31.231800, 48,112,1
88919,2007-02-20 21:35:06,121.467600,31.227600, 48,112,1
88919,2007-02-20 21:36:08,121.462500,31.230800, 72,  0,1
88919,2007-02-20 21:37:09,121.459600,31.240000, 72,157,1
88919,2007-02-20 21:38:10,121.458500,31.249800, 48,  0,1
88919,2007-02-20 21:39:11,121.459100,31.259000, 60,  0,1
88919,2007-02-20 21:40:12,121.453100,31.261800, 68,135,1
88919,2007-02-20 21:41:13,121.446000,31.260300, 10,135,1
88919,2007-02-20 21:42:14,121.442500,31.263600, 36,157,1
88919,2007-02-20 21:43:15,121.441600,31.264600,  0,157,1
88919,2007-02-20 21:45:17,121.439600,31.267100,  0,157,1
88919,2007-02-20 21:46:18,121.439100,31.268100, 50,157,1
88919,2007-02-20 21:47:19,121.434800,31.270500, 50,157,1
88919,2007-02-20 21:47:55,121.431100,31.272000,  0,157,0
88919,2007-02-20 21:49:43,121.426100,31.275500, 56,157,0
88919,2007-02-20 21:50:14,121.423800,31.278100, 60,157,0
88919,2007-02-20 21:50:30,121.422600,31.279300, 62,157,0
88919,2007-02-20 21:50:46,121.421600,31.280100, 38,157,0
88919,2007-02-20 21:51:01,121.420100,31.281600, 44,157,0
88919,2007-02-20 21:51:34,121.419500,31.282600, 44,157,0
88919,2007-02-20 21:51:50,121.418600,31.284000, 32,157,0
88919,2007-02-20 21:52:42,121.418300,31.284800, 38,  0,0
88919,2007-02-20 21:52:58,121.417500,31.286100, 24,157,0
88919,2007-02-20 21:57:31,121.427300,31.286500, 28,  0,1
88919,2007-02-20 21:59:43,121.426300,31.286600, 14, 90,0
88919,2007-02-20 22:00:01,121.425100,31.286500, 14, 90,0
88919,2007-02-20 22:00:25,121.425300,31.286100, 26, 45,1
88919,2007-02-20 22:01:25,121.429000,31.281600, 50, 67,1
88919,2007-02-20 22:02:26,121.430600,31.281600, 48, 22,1
88919,2007-02-20 22:03:27,121.437600,31.284500, 46, 45,1
88919,2007-02-20 22:04:28,121.445800,31.285000, 40, 45,1
88919,2007-02-20 22:05:29,121.447600,31.280600, 10, 67,1
88919,2007-02-20 22:06:30,121.447100,31.281300,  0,157,1
88919,2007-02-20 22:07:31,121.449000,31.275100, 54, 67,1
88919,2007-02-20 22:08:32,121.450300,31.273300,  0, 67,1
88919,2007-02-20 22:09:33,121.453800,31.268000, 64, 90,1
88919,2007-02-20 22:10:33,121.457600,31.261300, 10, 67,0
88919,2007-02-20 22:10:48,121.457600,31.261300,  0, 67,0
88919,2007-02-20 22:11:07,121.458300,31.260500, 34, 67,0
88919,2007-02-20 22:11:23,121.458000,31.259600, 22,135,0
88919,2007-02-20 22:11:39,121.456100,31.259100, 52,135,0
88919,2007-02-20 22:12:20,121.455000,31.259000,  8,135,0
88919,2007-02-20 22:13:21,121.454500,31.258500,  0,135,0
88919,2007-02-20 22:14:22,121.454500,31.258300,  0, 90,0
88919,2007-02-20 22:15:00,121.454600,31.257600, 28, 90,1
88919,2007-02-20 22:16:00,121.452100,31.255800, 38,135,1
88919,2007-02-20 22:17:01,121.447600,31.257000,  0,157,1
88919,2007-02-20 22:18:02,121.447600,31.257000,  0,157,1
88919,2007-02-20 22:19:03,121.445300,31.259600,  0,157,1
88919,2007-02-20 22:20:04,121.445300,31.259600,  0,157,1
88919,2007-02-20 22:21:05,121.445100,31.259800,  0,157,1
88919,2007-02-20 22:27:14,121.436800,31.264000, 20, 67,0
88919,2007-02-20 22:27:36,121.436600,31.263100, 28,112,0
88919,2007-02-20 22:27:52,121.435300,31.262300, 42,112,0
88919,2007-02-20 22:28:08,121.435100,31.261500, 44, 67,0
88919,2007-02-20 22:28:37,121.435600,31.260500,  8, 90,1
88919,2007-02-20 22:29:38,121.438600,31.261500, 34, 22,1
88919,2007-02-20 22:30:39,121.437800,31.265100, 48,157,1
88919,2007-02-20 22:31:40,121.439500,31.267300, 34, 22,1
88919,2007-02-20 22:32:41,121.445500,31.271000, 40, 22,1
88919,2007-02-20 22:33:42,121.450100,31.273000,  0, 45,1
88919,2007-02-20 22:34:43,121.452500,31.273800, 16, 22,1
88919,2007-02-20 22:35:44,121.456800,31.275500,  0, 22,1
88919,2007-02-20 22:36:45,121.455300,31.277100,  0,135,1
88919,2007-02-20 22:36:46,121.455300,31.277100,  0,135,0
88919,2007-02-20 22:39:23,121.456800,31.275600, 28, 67,0
88919,2007-02-20 22:39:39,121.457600,31.274500, 40, 67,0
88919,2007-02-20 22:39:55,121.458500,31.273100, 22, 67,0
88919,2007-02-20 22:40:12,121.458000,31.272500, 40,112,0
88919,2007-02-20 22:40:44,121.455100,31.270800, 42,112,0
88919,2007-02-20 22:42:01,121.453800,31.270100,  0,112,0
88919,2007-02-20 22:42:32,121.453300,31.269300, 46, 67,0
88919,2007-02-20 22:42:48,121.454100,31.267300, 66, 67,0
88919,2007-02-20 22:43:04,121.455100,31.265000, 78, 90,0
88919,2007-02-20 22:43:20,121.456800,31.262300, 76, 67,0
88919,2007-02-20 22:43:36,121.458500,31.260000, 76, 67,0
88919,2007-02-20 22:43:52,121.459000,31.257300, 72, 90,0
88919,2007-02-20 22:44:08,121.459000,31.254500, 76, 90,0
88919,2007-02-20 22:44:24,121.458600,31.251800, 76, 90,0
88919,2007-02-20 22:44:49,121.458000,31.249000, 34, 90,0
88919,2007-02-20 22:44:56,121.457800,31.248100, 64, 90,0
88919,2007-02-20 22:45:12,121.455500,31.247800, 74,135,0
88919,2007-02-20 22:45:28,121.452800,31.248000, 30,135,0
88919,2007-02-20 22:46:29,121.452600,31.248000,  0,135,0
88919,2007-02-20 22:46:45,121.451100,31.247800, 60,135,0
88919,2007-02-20 22:47:01,121.449300,31.247800, 22,135,0
88919,2007-02-20 22:47:17,121.448500,31.248600, 36,157,0
88919,2007-02-20 22:47:41,121.448300,31.249000, 16,157,1
88919,2007-02-20 22:48:41,121.447100,31.256000, 70,  0,1
88919,2007-02-20 22:49:42,121.445100,31.259800, 28,157,1
88919,2007-02-20 22:50:43,121.437800,31.258300, 52,112,1
88919,2007-02-20 22:51:44,121.431800,31.258600,  0,135,1
88919,2007-02-20 22:52:45,121.424800,31.260000, 66,135,1
88919,2007-02-20 22:53:46,121.414100,31.262000, 60,135,1
88919,2007-02-20 22:54:47,121.406500,31.263500, 42,135,1
88919,2007-02-20 22:55:48,121.400600,31.264800,  0,135,1
88919,2007-02-20 22:56:49,121.394000,31.266000, 58,135,1
88919,2007-02-20 22:57:50,121.386300,31.269600, 52,  0,1
88919,2007-02-20 23:00:00,121.373300,31.273100, 48,135,1
88919,2007-02-20 23:01:01,121.372800,31.273300,  0,135,1
88919,2007-02-20 23:02:02,121.368100,31.273800, 50,135,1
88919,2007-02-20 23:03:03,121.360800,31.278100, 60,  0,1
88919,2007-02-20 23:04:04,121.360600,31.280500,  0,  0,1
88919,2007-02-20 23:05:03,121.358000,31.281600,  0,135,0
88919,2007-02-20 23:05:18,121.358000,31.281600,  0,135,0
88919,2007-02-20 23:05:53,121.359000,31.281300, 52, 45,0
88919,2007-02-20 23:06:09,121.360600,31.280800, 26, 90,0
88919,2007-02-20 23:06:25,121.360500,31.279300, 44, 90,0
88919,2007-02-20 23:06:41,121.360800,31.277600, 50, 90,0
88919,2007-02-20 23:06:57,121.362100,31.276000, 58, 67,0
88919,2007-02-20 23:07:13,121.364100,31.274800, 48, 67,0
88919,2007-02-20 23:07:29,121.366100,31.274000, 44, 45,0
88919,2007-02-20 23:07:45,121.368300,31.273600, 54, 45,0
88919,2007-02-20 23:08:01,121.370000,31.273100, 54, 45,0
88919,2007-02-20 23:08:17,121.371800,31.273000,  0, 45,0
88919,2007-02-20 23:09:18,121.371800,31.273000,  0, 45,0
88919,2007-02-20 23:10:07,121.372600,31.273600, 38,  0,0
88919,2007-02-20 23:10:23,121.373000,31.275600, 52,  0,0
88919,2007-02-20 23:10:39,121.373100,31.277500, 50,  0,0
88919,2007-02-20 23:10:55,121.373500,31.278800, 16,  0,0
88919,2007-02-20 23:11:11,121.373600,31.280100, 48,  0,0
88919,2007-02-20 23:11:27,121.374000,31.282000, 36,  0,0
88919,2007-02-20 23:11:43,121.374100,31.283100, 48,  0,0
88919,2007-02-20 23:12:15,121.374600,31.287000, 54,  0,0
88919,2007-02-20 23:12:31,121.374800,31.289000, 54,  0,0
88919,2007-02-20 23:12:47,121.375000,31.291000, 56,  0,0
88919,2007-02-20 23:13:03,121.375000,31.293100, 58,  0,0
88919,2007-02-20 23:13:19,121.375100,31.295300, 58,  0,0
88919,2007-02-20 23:13:35,121.375300,31.297500, 60,  0,0
88919,2007-02-20 23:13:51,121.375500,31.299600, 56,  0,0
88919,2007-02-20 23:14:07,121.375600,31.301800, 54,  0,0
88919,2007-02-20 23:14:23,121.375800,31.303800, 56,  0,0
88919,2007-02-20 23:14:39,121.376000,31.306000, 54,  0,0
88919,2007-02-20 23:14:55,121.376100,31.308000, 56,  0,0
88919,2007-02-20 23:15:11,121.376300,31.310100, 50,  0,0
88919,2007-02-20 23:15:27,121.376300,31.311800, 42,  0,0
88919,2007-02-20 23:15:50,121.376500,31.312800, 42,  0,0
88919,2007-02-20 23:16:06,121.376600,31.314800, 54,  0,0
88919,2007-02-20 23:16:22,121.376600,31.316100,  0,  0,0
88919,2007-02-20 23:16:43,121.377600,31.316500, 38, 45,0
88919,2007-02-20 23:16:59,121.379800,31.316600, 42, 45,0
88919,2007-02-20 23:17:15,121.381300,31.316800,  6,  0,0
88919,2007-02-20 23:18:06,121.380000,31.316600, 46,135,0
88919,2007-02-20 23:18:22,121.378000,31.316600, 44,135,0
88919,2007-02-20 23:18:38,121.376600,31.316600, 20,  0,0
88919,2007-02-20 23:18:54,121.376800,31.318500, 60,  0,0
88919,2007-02-20 23:19:10,121.377000,31.320600, 48,  0,0
88919,2007-02-20 23:19:26,121.378500,31.321100, 52, 45,0
88919,2007-02-20 23:19:42,121.380800,31.321600, 50, 45,0
88919,2007-02-20 23:19:58,121.383100,31.322300, 52, 22,0
88919,2007-02-20 23:20:14,121.385300,31.322600, 44, 45,0
88919,2007-02-20 23:20:30,121.388000,31.322600, 68, 45,0
88919,2007-02-20 23:20:46,121.391000,31.322800, 56, 45,0
88919,2007-02-20 23:21:09,121.392100,31.323000,  0, 45,0
88919,2007-02-20 23:21:42,121.395600,31.323100, 64, 45,0
88919,2007-02-20 23:21:58,121.398600,31.323000, 74, 45,0
88919,2007-02-20 23:22:14,121.401600,31.323000, 46, 45,0
88919,2007-02-20 23:22:56,121.402600,31.323300, 42,  0,0
88919,2007-02-20 23:23:12,121.402500,31.325600, 64,  0,0
88919,2007-02-20 23:24:16,121.402000,31.329100, 54,  0,0
88919,2007-02-20 23:24:32,121.401500,31.331100, 56,  0,0
88919,2007-02-20 23:24:48,121.400800,31.333100, 56,  0,0
88919,2007-02-20 23:25:04,121.400100,31.335100, 60,157,0
88919,2007-02-20 23:25:20,121.398800,31.337300, 64,157,0
88919,2007-02-20 23:25:36,121.397500,31.339500, 68,157,0
88919,2007-02-20 23:25:52,121.396100,31.341600, 54,157,0
88919,2007-02-20 23:26:08,121.396100,31.341300, 42, 67,0
88919,2007-02-20 23:26:24,121.397300,31.339500, 62, 67,0
88919,2007-02-20 23:26:40,121.398600,31.337500, 54, 67,0
88919,2007-02-20 23:26:56,121.399500,31.335800, 34, 67,0
88919,2007-02-20 23:27:12,121.400100,31.334500, 42, 90,0
88919,2007-02-20 23:28:13,121.399800,31.333800,  0,135,0
88919,2007-02-20 23:29:14,121.399800,31.333800,  0,135,0
88919,2007-02-20 23:30:15,121.399800,31.333800,  0,135,0
88919,2007-02-20 23:31:16,121.399800,31.333800,  0,135,0
88919,2007-02-20 23:32:17,121.399800,31.333800,  0,135,0
88919,2007-02-20 23:33:18,121.399800,31.333800,  0,135,0
88919,2007-02-20 23:34:19,121.399800,31.333800,  6, 22,0
88919,2007-02-20 23:34:57,121.400500,31.333300, 42, 90,0
88919,2007-02-20 23:35:13,121.401000,31.331500, 58, 90,0
88919,2007-02-20 23:35:29,121.401600,31.329300, 58, 90,0
88919,2007-02-20 23:35:45,121.402100,31.327100, 64, 90,0
88919,2007-02-20 23:36:01,121.402300,31.324600, 60, 90,0
88919,2007-02-20 23:36:17,121.402300,31.323000, 22,112,0
88919,2007-02-20 23:36:33,121.402500,31.321500, 62, 90,0
88919,2007-02-20 23:36:49,121.403000,31.319000, 64, 90,0
88919,2007-02-20 23:37:05,121.403600,31.316500, 72, 90,0
88919,2007-02-20 23:37:21,121.404800,31.314100, 70, 67,0
88919,2007-02-20 23:37:37,121.406100,31.311600, 64, 67,0
88919,2007-02-20 23:38:41,121.408600,31.304300, 36, 90,0
88919,2007-02-20 23:38:57,121.410500,31.304300, 50, 45,0
88919,2007-02-20 23:39:13,121.412100,31.304300, 14, 90,0
88919,2007-02-20 23:39:29,121.412100,31.303100, 26, 90,0
88919,2007-02-20 23:39:51,121.412100,31.302100, 26, 90,0
88919,2007-02-20 23:40:19,121.412100,31.301600, 32,135,0
88919,2007-02-20 23:40:56,121.411500,31.301500, 32, 45,1
88919,2007-02-20 23:41:57,121.411500,31.304500, 40,135,1
88919,2007-02-20 23:42:58,121.407300,31.310000,  8,157,1
88919,2007-02-20 23:43:59,121.404800,31.315500, 60,  0,1
88919,2007-02-20 23:45:00,121.402600,31.324100, 68,  0,1
88919,2007-02-20 23:46:01,121.402100,31.328100, 10,  0,1
88919,2007-02-20 23:48:24,121.393600,31.344300, 10,157,1
88919,2007-02-20 23:49:25,121.394300,31.347100, 48,  0,1
88919,2007-02-20 23:50:40,121.394500,31.350600,  0, 45,0
88919,2007-02-20 23:50:56,121.394500,31.350600,  0, 45,0
88919,2007-02-20 23:51:40,121.393300,31.350500, 40,135,0
88919,2007-02-20 23:51:56,121.393100,31.349500, 56, 67,0
88919,2007-02-20 23:52:11,121.394000,31.347600, 42, 90,0
88919,2007-02-20 23:52:28,121.394600,31.346100, 44, 90,0
88919,2007-02-20 23:52:44,121.394800,31.345000, 26,112,0
88919,2007-02-20 23:53:00,121.393300,31.344300, 24,112,0
88919,2007-02-20 23:53:16,121.394300,31.343300, 48, 67,0
88919,2007-02-20 23:53:31,121.395600,31.341800, 54, 67,0
88919,2007-02-20 23:53:48,121.397100,31.339600, 68, 67,0
88919,2007-02-20 23:54:04,121.398500,31.337600, 56, 67,0
88919,2007-02-20 23:54:36,121.400000,31.334600, 42, 90,0
88919,2007-02-20 23:55:36,121.400100,31.334000,  0,157,0
88919,2007-02-20 23:56:38,121.400000,31.333800,  0,135,0
88919,2007-02-20 23:58:40,121.400000,31.333800,  0,135,0
88919,2007-02-20 23:59:41,121.400000,31.333800,  0,135,0
