87206,2007-02-20 00:00:25,121.563800,31.198800,  0,  0,1
87206,2007-02-20 00:01:26,121.564000,31.198600,  0,  0,1
87206,2007-02-20 00:02:27,121.563800,31.198600,  0,  0,1
87206,2007-02-20 00:03:28,121.563800,31.198600,  0,  0,1
87206,2007-02-20 00:04:29,121.563800,31.198600,  0,  0,1
87206,2007-02-20 00:05:30,121.563800,31.198600,  0,  0,1
87206,2007-02-20 00:06:31,121.563800,31.198600,  0,  0,1
87206,2007-02-20 00:07:32,121.563800,31.198600,  0,  0,1
87206,2007-02-20 00:08:33,121.563800,31.198600,  0,  0,1
87206,2007-02-20 00:09:34,121.563800,31.198600,  0,  0,1
87206,2007-02-20 00:10:35,121.563800,31.198600,  0,  0,1
87206,2007-02-20 00:11:36,121.563800,31.198600,  0, 90,1
87206,2007-02-20 00:12:37,121.564100,31.199000,  0, 22,1
87206,2007-02-20 00:13:38,121.564100,31.199000,  0, 22,1
87206,2007-02-20 00:14:39,121.564000,31.199000,  0, 22,1
87206,2007-02-20 00:15:40,121.564000,31.199000,  0, 22,1
87206,2007-02-20 00:16:41,121.564000,31.199000,  0, 22,1
87206,2007-02-20 00:17:42,121.564000,31.199000,  0, 22,1
87206,2007-02-20 00:18:43,121.564000,31.199000,  0, 22,1
87206,2007-02-20 00:20:45,121.563800,31.198800,  0, 22,1
87206,2007-02-20 00:21:46,121.563800,31.198800,  0, 22,1
87206,2007-02-20 00:22:47,121.563800,31.198800,  0, 22,1
87206,2007-02-20 00:23:48,121.563800,31.198800,  0, 22,1
87206,2007-02-20 00:24:49,121.564000,31.198600,  0, 22,1
87206,2007-02-20 00:25:50,121.564000,31.198600,  0, 22,1
87206,2007-02-20 00:26:51,121.564000,31.198600,  0, 22,1
87206,2007-02-20 00:27:52,121.564000,31.198600,  0, 22,1
87206,2007-02-20 00:28:53,121.564000,31.198800,  0, 22,1
87206,2007-02-20 00:29:54,121.564000,31.198800,  0, 22,1
87206,2007-02-20 00:31:56,121.564000,31.198800,  0, 22,1
87206,2007-02-20 00:32:57,121.564000,31.198800,  0, 22,1
87206,2007-02-20 00:33:58,121.564000,31.198800,  0, 22,1
87206,2007-02-20 00:34:59,121.564000,31.198800,  0, 22,1
87206,2007-02-20 00:36:00,121.564000,31.198800,  0, 22,1
87206,2007-02-20 00:38:02,121.564000,31.198800,  0, 22,1
87206,2007-02-20 00:39:03,121.564000,31.198800,  0, 22,1
87206,2007-02-20 00:40:04,121.564000,31.198800,  0, 22,1
87206,2007-02-20 00:41:05,121.564000,31.198800,  0, 22,1
87206,2007-02-20 00:42:06,121.564000,31.198800,  0, 22,1
87206,2007-02-20 00:43:07,121.564000,31.198800,  0, 22,1
87206,2007-02-20 00:45:09,121.564000,31.198800,  0, 22,1
87206,2007-02-20 00:46:10,121.564000,31.198800,  0, 22,1
87206,2007-02-20 00:48:12,121.564000,31.198800,  0, 22,1
87206,2007-02-20 00:50:14,121.564000,31.198800,  0, 22,1
87206,2007-02-20 00:51:15,121.564000,31.198800,  0, 22,1
87206,2007-02-20 00:52:16,121.564000,31.198800,  0, 22,1
87206,2007-02-20 00:53:17,121.564000,31.198800,  0, 22,1
87206,2007-02-20 00:54:18,121.564000,31.198800,  0, 22,1
87206,2007-02-20 00:55:19,121.564000,31.198800,  0, 22,1
87206,2007-02-20 00:56:20,121.564000,31.198800,  0, 22,1
87206,2007-02-20 00:57:21,121.564000,31.198800,  0, 22,1
87206,2007-02-20 00:58:22,121.564000,31.198800,  0, 22,1
87206,2007-02-20 00:59:23,121.564000,31.198800,  0, 22,1
87206,2007-02-20 01:00:24,121.564000,31.198800,  0, 22,1
87206,2007-02-20 01:01:25,121.564000,31.198800,  0, 22,1
87206,2007-02-20 01:02:26,121.564000,31.198800,  0, 22,1
87206,2007-02-20 01:04:28,121.564000,31.198800,  0, 22,1
87206,2007-02-20 01:05:29,121.564000,31.198800,  0, 22,1
87206,2007-02-20 01:06:30,121.564000,31.198800,  0, 22,1
87206,2007-02-20 01:07:31,121.563800,31.198800,  0, 22,1
87206,2007-02-20 01:08:32,121.563800,31.198800,  0, 22,1
87206,2007-02-20 01:09:33,121.563800,31.198800,  0, 22,1
87206,2007-02-20 01:11:35,121.563800,31.198800,  0, 22,1
87206,2007-02-20 01:13:37,121.563800,31.198800,  0, 22,1
87206,2007-02-20 01:14:38,121.563800,31.198800,  0, 22,1
87206,2007-02-20 01:15:39,121.563800,31.198800,  0, 22,1
87206,2007-02-20 01:16:40,121.563800,31.198800,  0, 22,1
87206,2007-02-20 01:17:41,121.563800,31.198800,  0, 22,1
87206,2007-02-20 01:18:42,121.563800,31.198800,  0, 22,1
87206,2007-02-20 01:19:43,121.563800,31.198800,  0, 22,1
87206,2007-02-20 01:20:44,121.563800,31.198800,  0, 22,1
87206,2007-02-20 01:21:45,121.563800,31.198800,  0, 22,1
87206,2007-02-20 01:22:46,121.563800,31.198800,  0, 22,1
87206,2007-02-20 01:23:47,121.563800,31.198800,  0, 22,1
87206,2007-02-20 01:25:49,121.562500,31.201000, 22,157,1
87206,2007-02-20 01:26:50,121.563800,31.198800,  0,157,1
87206,2007-02-20 01:27:51,121.563800,31.198800,  0,157,1
87206,2007-02-20 01:29:52,121.563800,31.198800,  0,157,1
87206,2007-02-20 01:30:53,121.563800,31.198800,  0,157,1
87206,2007-02-20 01:31:54,121.563800,31.198800,  0,157,1
87206,2007-02-20 01:32:55,121.563800,31.198800,  0,157,1
87206,2007-02-20 01:33:56,121.563800,31.198800,  0,157,1
87206,2007-02-20 01:34:57,121.563800,31.198800,  0,157,1
87206,2007-02-20 01:35:58,121.563800,31.198800,  0,157,1
87206,2007-02-20 01:36:59,121.563800,31.198800,  0,157,1
87206,2007-02-20 01:38:00,121.563800,31.198800,  0,157,1
87206,2007-02-20 01:39:01,121.563800,31.198800,  0,157,1
87206,2007-02-20 01:40:02,121.563800,31.198800,  0,157,1
87206,2007-02-20 01:41:03,121.563800,31.198800,  0,157,1
87206,2007-02-20 01:42:04,121.563800,31.198800,  0,157,1
87206,2007-02-20 01:43:05,121.563800,31.198800,  0,157,1
87206,2007-02-20 01:44:06,121.563800,31.199000,  0,  0,1
87206,2007-02-20 01:45:07,121.563800,31.198800,  0,  0,1
87206,2007-02-20 01:46:08,121.563800,31.198800,  0,  0,1
87206,2007-02-20 01:47:09,121.563800,31.198800,  0,  0,1
87206,2007-02-20 01:48:10,121.563800,31.198800,  0,  0,1
87206,2007-02-20 01:49:11,121.563500,31.198500,  0,  0,1
87206,2007-02-20 01:50:12,121.563500,31.198500,  0,  0,1
87206,2007-02-20 01:51:13,121.563500,31.198500,  0,  0,1
87206,2007-02-20 01:52:14,121.563500,31.198500,  0,  0,1
87206,2007-02-20 01:53:15,121.563500,31.198500,  0,  0,1
87206,2007-02-20 01:54:16,121.563500,31.198500,  0,  0,1
87206,2007-02-20 01:56:18,121.563500,31.198500,  0,  0,1
87206,2007-02-20 01:57:19,121.563500,31.198500,  0,  0,1
87206,2007-02-20 01:58:20,121.563500,31.198500,  0,  0,1
87206,2007-02-20 02:00:22,121.563500,31.198500,  0,  0,1
87206,2007-02-20 02:01:23,121.563500,31.198500,  0,  0,1
87206,2007-02-20 02:02:24,121.563500,31.198500,  0,  0,1
87206,2007-02-20 02:04:26,121.563500,31.198500,  0,  0,1
87206,2007-02-20 02:05:27,121.563500,31.198500,  0,  0,1
87206,2007-02-20 02:06:28,121.563500,31.198500,  0,  0,1
87206,2007-02-20 02:07:29,121.563500,31.198500,  0,  0,1
87206,2007-02-20 02:08:30,121.563500,31.198500,  0,  0,1
87206,2007-02-20 02:09:31,121.563500,31.198500,  0,  0,1
87206,2007-02-20 02:10:32,121.563500,31.198500,  0,  0,1
87206,2007-02-20 02:11:33,121.563500,31.198500,  0,  0,1
87206,2007-02-20 02:12:34,121.563500,31.198500,  0,  0,1
87206,2007-02-20 02:13:35,121.563500,31.198500,  0,  0,1
87206,2007-02-20 02:14:36,121.563500,31.198500,  0,  0,1
87206,2007-02-20 02:16:38,121.563800,31.199000,  0,  0,1
87206,2007-02-20 02:17:39,121.563800,31.199000,  0,  0,1
87206,2007-02-20 02:18:40,121.563800,31.199000,  0,  0,1
87206,2007-02-20 02:19:41,121.563800,31.199000,  0,  0,1
87206,2007-02-20 02:20:42,121.563800,31.199000,  0,  0,1
87206,2007-02-20 02:21:43,121.563800,31.199000,  0,  0,1
87206,2007-02-20 02:22:44,121.563800,31.199000,  0,  0,1
87206,2007-02-20 02:23:45,121.563800,31.199000,  0,  0,1
87206,2007-02-20 02:24:46,121.563800,31.199000,  0,  0,1
87206,2007-02-20 02:25:47,121.563800,31.199000,  0,  0,1
87206,2007-02-20 02:26:48,121.563800,31.199000,  0,  0,1
87206,2007-02-20 02:27:49,121.563800,31.199000,  0,  0,1
87206,2007-02-20 02:28:50,121.563800,31.199000,  0,  0,1
87206,2007-02-20 02:29:51,121.563800,31.199000,  0,  0,1
87206,2007-02-20 02:30:52,121.563800,31.199000,  0,  0,1
87206,2007-02-20 02:31:53,121.563800,31.199000,  0,  0,1
87206,2007-02-20 02:32:54,121.563800,31.199000,  0,  0,1
87206,2007-02-20 02:33:55,121.563800,31.199000,  0,  0,1
87206,2007-02-20 02:34:56,121.563800,31.199000,  0,  0,1
87206,2007-02-20 02:36:58,121.563800,31.199000,  0,  0,1
87206,2007-02-20 02:37:59,121.563800,31.199000,  0,  0,1
87206,2007-02-20 02:39:00,121.563800,31.199000,  0,  0,1
87206,2007-02-20 02:40:01,121.563800,31.199000,  0,  0,1
87206,2007-02-20 02:41:02,121.563800,31.199000,  0,  0,1
87206,2007-02-20 02:42:03,121.563800,31.199000,  0,  0,1
87206,2007-02-20 02:43:04,121.563800,31.199000,  0,  0,1
87206,2007-02-20 02:44:05,121.563800,31.199000,  0,  0,1
87206,2007-02-20 02:45:06,121.563800,31.199000,  0,  0,1
87206,2007-02-20 02:46:07,121.563800,31.199000,  0,  0,1
87206,2007-02-20 02:47:08,121.563800,31.199000,  0,  0,1
87206,2007-02-20 02:48:09,121.563800,31.199000,  0,  0,1
87206,2007-02-20 02:49:10,121.563800,31.199000,  0,  0,1
87206,2007-02-20 02:50:11,121.563800,31.199000,  0,  0,1
87206,2007-02-20 02:51:12,121.563800,31.199000,  0,  0,1
87206,2007-02-20 02:52:13,121.563800,31.199000,  0,  0,1
87206,2007-02-20 02:53:14,121.563800,31.199000,  0,  0,1
87206,2007-02-20 02:54:15,121.563800,31.199000,  0,  0,1
87206,2007-02-20 02:55:16,121.563800,31.199000,  0,  0,1
87206,2007-02-20 02:56:17,121.563800,31.199000,  0,  0,1
87206,2007-02-20 02:57:18,121.563800,31.199000,  0,  0,1
87206,2007-02-20 02:58:19,121.563800,31.199000,  0,  0,1
87206,2007-02-20 02:59:20,121.563800,31.199000,  0,  0,1
87206,2007-02-20 03:00:21,121.563800,31.199000,  0,  0,1
87206,2007-02-20 03:01:22,121.563800,31.199000,  0,  0,1
87206,2007-02-20 03:03:24,121.563800,31.199000,  0,  0,1
87206,2007-02-20 03:05:26,121.563800,31.199000,  0,  0,1
87206,2007-02-20 03:06:27,121.563800,31.199000,  0,  0,1
87206,2007-02-20 03:07:28,121.563800,31.199000,  0,  0,1
87206,2007-02-20 03:08:29,121.563800,31.199000,  0,  0,1
87206,2007-02-20 03:09:30,121.563800,31.199000,  0,  0,1
87206,2007-02-20 03:10:31,121.563800,31.199000,  0,  0,1
87206,2007-02-20 03:11:32,121.563800,31.199000,  0,  0,1
87206,2007-02-20 03:12:33,121.563800,31.199000,  0,  0,1
87206,2007-02-20 03:14:35,121.563800,31.198800,  0,  0,1
87206,2007-02-20 03:15:36,121.563800,31.198800,  0,  0,1
87206,2007-02-20 03:17:38,121.563800,31.198800,  0,  0,1
87206,2007-02-20 03:18:39,121.563800,31.198800,  0,  0,1
87206,2007-02-20 03:19:40,121.563800,31.198800,  0,  0,1
87206,2007-02-20 03:21:42,121.563800,31.198800,  0,  0,1
87206,2007-02-20 03:22:43,121.563800,31.198800,  0,  0,1
87206,2007-02-20 03:23:44,121.563800,31.198800,  0,  0,1
87206,2007-02-20 03:24:45,121.563800,31.198800,  0,  0,1
87206,2007-02-20 03:25:46,121.563800,31.198800,  0,  0,1
87206,2007-02-20 03:26:47,121.563800,31.198800,  0,  0,1
87206,2007-02-20 03:27:48,121.563800,31.198800,  0,  0,1
87206,2007-02-20 03:29:50,121.563800,31.198800,  0,  0,1
87206,2007-02-20 03:30:51,121.563800,31.198800,  0,  0,1
87206,2007-02-20 03:31:52,121.563800,31.198800,  0,  0,1
87206,2007-02-20 03:32:53,121.563800,31.198800,  0,  0,1
87206,2007-02-20 03:33:54,121.563800,31.198800,  0,  0,1
87206,2007-02-20 03:34:55,121.563800,31.198800,  0,  0,1
87206,2007-02-20 03:35:56,121.563800,31.198800,  0,  0,1
87206,2007-02-20 03:36:57,121.563800,31.198800,  0,  0,1
87206,2007-02-20 03:37:58,121.563800,31.198800,  0,  0,1
87206,2007-02-20 03:40:00,121.563800,31.198800,  0,  0,1
87206,2007-02-20 03:41:01,121.563800,31.198800,  0,  0,1
87206,2007-02-20 03:42:02,121.563800,31.198800,  0,  0,1
87206,2007-02-20 03:43:03,121.563800,31.198800,  0,  0,1
87206,2007-02-20 03:46:06,121.564000,31.199000,  0,  0,1
87206,2007-02-20 03:47:07,121.564000,31.199000,  0,  0,1
87206,2007-02-20 03:48:08,121.564000,31.199000,  0,  0,1
87206,2007-02-20 03:49:09,121.564000,31.199000,  0,  0,1
87206,2007-02-20 03:50:10,121.564000,31.199000,  0,  0,1
87206,2007-02-20 03:51:11,121.564000,31.199000,  0,  0,1
87206,2007-02-20 03:52:12,121.564000,31.199000,  0,  0,1
87206,2007-02-20 03:53:13,121.564000,31.199000,  0,  0,1
87206,2007-02-20 03:54:14,121.564000,31.199000,  0,  0,1
87206,2007-02-20 03:55:15,121.564000,31.199000,  0,  0,1
87206,2007-02-20 03:56:16,121.564000,31.199000,  0,  0,1
87206,2007-02-20 03:57:17,121.564000,31.199000,  0,  0,1
87206,2007-02-20 03:58:18,121.564000,31.199000,  0,  0,1
87206,2007-02-20 03:59:19,121.564000,31.199000,  0,  0,1
87206,2007-02-20 04:00:20,121.564000,31.199000,  0,  0,1
87206,2007-02-20 04:01:21,121.564000,31.199000,  0,  0,1
87206,2007-02-20 04:02:22,121.564000,31.199000,  0,  0,1
87206,2007-02-20 04:03:23,121.564000,31.199000,  0,  0,1
87206,2007-02-20 04:04:24,121.564000,31.199000,  0,  0,1
87206,2007-02-20 04:05:25,121.564000,31.199000,  0,  0,1
87206,2007-02-20 04:06:26,121.564000,31.199000,  0,  0,1
87206,2007-02-20 04:07:27,121.564000,31.199000,  0,  0,1
87206,2007-02-20 04:09:29,121.564000,31.199000,  0,  0,1
87206,2007-02-20 04:10:30,121.564000,31.199000,  0,  0,1
87206,2007-02-20 04:11:31,121.564000,31.199100,  0,  0,1
87206,2007-02-20 04:13:33,121.564000,31.199100,  0,  0,1
87206,2007-02-20 04:14:34,121.564000,31.199100,  0,  0,1
87206,2007-02-20 04:15:35,121.564000,31.199100,  0,  0,1
87206,2007-02-20 04:16:36,121.564000,31.199100,  0,  0,1
87206,2007-02-20 04:17:36,121.564000,31.199100,  0,  0,1
87206,2007-02-20 04:18:38,121.564000,31.199100,  0,  0,1
87206,2007-02-20 04:19:39,121.564000,31.199100,  0,  0,1
87206,2007-02-20 04:21:41,121.564000,31.199100,  0,  0,1
87206,2007-02-20 04:22:41,121.564000,31.199100,  0,  0,1
87206,2007-02-20 04:23:42,121.564000,31.199100,  0,  0,1
87206,2007-02-20 04:24:44,121.564000,31.199100,  0,  0,1
87206,2007-02-20 04:26:45,121.564000,31.199100,  0,  0,1
87206,2007-02-20 04:27:46,121.564000,31.199100,  0,  0,1
87206,2007-02-20 04:28:47,121.564000,31.199100,  0,  0,1
87206,2007-02-20 04:29:48,121.564000,31.199100,  0,  0,1
87206,2007-02-20 04:30:49,121.564000,31.199100,  0,  0,1
87206,2007-02-20 04:31:50,121.564000,31.199100,  0,  0,1
87206,2007-02-20 04:32:51,121.564000,31.199100,  0,  0,1
87206,2007-02-20 04:35:54,121.564000,31.199100,  0,  0,1
87206,2007-02-20 04:36:55,121.564000,31.199100,  0,  0,1
87206,2007-02-20 04:37:56,121.564000,31.199100,  0,  0,1
87206,2007-02-20 04:38:57,121.564000,31.199100,  0,  0,1
87206,2007-02-20 04:39:58,121.564000,31.199100,  0,  0,1
87206,2007-02-20 04:40:59,121.564000,31.199100,  0,  0,1
87206,2007-02-20 04:43:01,121.564000,31.199100,  0,  0,1
87206,2007-02-20 04:44:02,121.564000,31.199100,  0,  0,1
87206,2007-02-20 04:45:03,121.564000,31.199100,  0,  0,1
87206,2007-02-20 04:46:04,121.564000,31.199100,  0,  0,1
87206,2007-02-20 04:47:05,121.564000,31.199100,  0,  0,1
87206,2007-02-20 04:48:06,121.564000,31.199100,  0,  0,1
87206,2007-02-20 04:50:09,121.564000,31.199100,  0,  0,1
87206,2007-02-20 04:51:10,121.564000,31.199100,  0,  0,1
87206,2007-02-20 04:52:11,121.564000,31.199100,  0,  0,1
87206,2007-02-20 04:53:11,121.564000,31.199100,  0,  0,1
87206,2007-02-20 04:54:13,121.564000,31.199100,  0,  0,1
87206,2007-02-20 04:55:14,121.564000,31.199100,  0,  0,1
87206,2007-02-20 04:56:15,121.564000,31.199100,  0,  0,1
87206,2007-02-20 04:57:16,121.564000,31.199100,  0,  0,1
87206,2007-02-20 04:59:18,121.564000,31.199100,  0,  0,1
87206,2007-02-20 05:01:20,121.564000,31.199100,  0,  0,1
87206,2007-02-20 05:03:22,121.564000,31.199100,  0,  0,1
87206,2007-02-20 05:04:23,121.564000,31.199100,  0,  0,1
87206,2007-02-20 05:06:25,121.564000,31.199100,  0,  0,1
87206,2007-02-20 05:08:26,121.564000,31.199100,  0,  0,1
87206,2007-02-20 05:09:27,121.564000,31.199100,  0,  0,1
87206,2007-02-20 05:10:28,121.564000,31.199100,  0,  0,1
87206,2007-02-20 05:11:29,121.564000,31.199100,  0,  0,1
87206,2007-02-20 05:12:30,121.564000,31.199100,  0,  0,1
87206,2007-02-20 05:14:32,121.564000,31.199100,  0,  0,1
87206,2007-02-20 05:15:33,121.565800,31.191500, 54, 90,1
87206,2007-02-20 05:16:34,121.563800,31.198600,  0, 90,1
87206,2007-02-20 05:17:35,121.563800,31.198600,  0, 90,1
87206,2007-02-20 05:18:35,121.563800,31.198600,  0, 90,1
87206,2007-02-20 05:19:37,121.563800,31.198600,  0, 90,1
87206,2007-02-20 05:20:38,121.563800,31.198600,  0, 90,1
87206,2007-02-20 05:21:39,121.563800,31.198600,  0, 90,1
87206,2007-02-20 05:22:40,121.563800,31.198600,  0, 90,1
87206,2007-02-20 05:23:40,121.563600,31.198800,  0, 90,1
87206,2007-02-20 05:24:42,121.563600,31.198800,  0, 90,1
87206,2007-02-20 05:25:43,121.563600,31.198800,  0, 90,1
87206,2007-02-20 05:26:44,121.563600,31.198800,  0, 90,1
87206,2007-02-20 05:27:45,121.563600,31.198800,  0, 90,1
87206,2007-02-20 05:28:45,121.563600,31.198800,  0, 90,1
87206,2007-02-20 05:29:47,121.563600,31.198800,  0, 90,1
87206,2007-02-20 05:30:48,121.563600,31.198800,  0, 90,1
87206,2007-02-20 05:31:49,121.563600,31.198800,  0, 90,1
87206,2007-02-20 05:32:50,121.563600,31.199100,  0, 90,1
87206,2007-02-20 05:33:50,121.563600,31.199100,  0, 90,1
87206,2007-02-20 05:34:52,121.563600,31.199100,  0, 90,1
87206,2007-02-20 05:35:53,121.563800,31.199000,  0, 90,1
87206,2007-02-20 05:36:54,121.563800,31.199000,  0, 90,1
87206,2007-02-20 05:37:55,121.563800,31.199000,  0, 90,1
87206,2007-02-20 05:38:55,121.563800,31.199000,  0, 90,1
87206,2007-02-20 05:39:57,121.563800,31.199000,  0, 90,1
87206,2007-02-20 05:43:00,121.563800,31.199000,  0, 90,1
87206,2007-02-20 05:44:00,121.563800,31.199000,  0, 90,1
87206,2007-02-20 05:45:02,121.563800,31.199000,  0, 90,1
87206,2007-02-20 05:46:03,121.563800,31.199000,  0, 90,1
87206,2007-02-20 05:47:04,121.563800,31.199000,  0, 90,1
87206,2007-02-20 05:48:05,121.563800,31.199000,  0, 90,1
87206,2007-02-20 05:49:05,121.563800,31.199000,  0, 90,1
87206,2007-02-20 05:50:07,121.563800,31.199000,  0, 90,1
87206,2007-02-20 05:51:08,121.563800,31.199000,  0, 90,1
87206,2007-02-20 05:52:09,121.563800,31.199000,  0, 90,1
87206,2007-02-20 05:53:10,121.563800,31.199000,  0, 90,1
87206,2007-02-20 05:54:10,121.563800,31.199000,  0, 90,1
87206,2007-02-20 05:56:13,121.563800,31.199000,  0, 90,1
87206,2007-02-20 05:57:14,121.563800,31.199000,  0, 90,1
87206,2007-02-20 05:58:15,121.563800,31.199000,  0, 90,1
87206,2007-02-20 05:59:15,121.563800,31.199000,  0, 90,1
87206,2007-02-20 06:00:17,121.563800,31.199000,  0, 90,1
87206,2007-02-20 06:01:18,121.563800,31.199000,  0, 90,1
87206,2007-02-20 06:02:19,121.563800,31.199000,  0, 90,1
87206,2007-02-20 06:03:20,121.563800,31.199000,  0, 90,1
87206,2007-02-20 06:04:20,121.563800,31.198800,  0, 90,1
87206,2007-02-20 06:05:22,121.563800,31.198800,  0, 90,1
87206,2007-02-20 06:07:23,121.563800,31.198800,  0, 90,1
87206,2007-02-20 06:08:24,121.563800,31.198800,  0, 90,1
87206,2007-02-20 06:10:26,121.563800,31.198800,  0, 90,1
87206,2007-02-20 06:11:27,121.563800,31.198800,  0, 90,1
87206,2007-02-20 06:12:28,121.563800,31.198800,  0, 90,1
87206,2007-02-20 06:13:29,121.563800,31.198800,  0, 90,1
87206,2007-02-20 06:14:30,121.563800,31.198800,  0, 90,1
87206,2007-02-20 06:15:31,121.563800,31.198800,  0, 90,1
87206,2007-02-20 06:16:32,121.563800,31.198800,  0, 90,1
87206,2007-02-20 06:17:33,121.563800,31.198800,  0, 90,1
87206,2007-02-20 06:19:35,121.563800,31.198800,  0, 90,1
87206,2007-02-20 06:20:36,121.563800,31.198800,  0, 90,1
87206,2007-02-20 06:21:37,121.563800,31.198800,  0, 90,1
87206,2007-02-20 06:22:38,121.563800,31.198800,  0, 90,1
87206,2007-02-20 06:23:39,121.563800,31.198800,  0, 90,1
87206,2007-02-20 06:24:40,121.563800,31.198800,  0, 90,1
87206,2007-02-20 06:25:41,121.563800,31.198800,  0, 90,1
87206,2007-02-20 06:26:42,121.563800,31.198800,  0, 90,1
87206,2007-02-20 06:27:43,121.563800,31.198800,  0, 90,1
87206,2007-02-20 06:28:45,121.563500,31.198600,  0, 90,1
87206,2007-02-20 06:30:47,121.558100,31.198500, 24,135,1
87206,2007-02-20 06:31:48,121.555000,31.198100, 24,135,1
87206,2007-02-20 06:32:49,121.554300,31.195500, 30, 90,1
87206,2007-02-20 06:33:50,121.554300,31.191300, 20,135,1
87206,2007-02-20 06:34:50,121.548500,31.190600, 20,135,1
87206,2007-02-20 06:35:52,121.548500,31.187100, 36,135,1
87206,2007-02-20 06:36:52,121.546100,31.187500,  6,157,1
87206,2007-02-20 06:37:53,121.546000,31.187600,  0,157,1
87206,2007-02-20 06:38:54,121.546000,31.187600,  0,157,1
87206,2007-02-20 06:39:55,121.546000,31.187600,  0,157,1
87206,2007-02-20 06:40:56,121.546000,31.187600,  0,157,1
87206,2007-02-20 06:41:57,121.546000,31.187600,  0,157,1
87206,2007-02-20 06:42:59,121.535100,31.186300, 40,135,1
87206,2007-02-20 06:44:00,121.528800,31.184500, 50,135,1
87206,2007-02-20 06:45:00,121.521800,31.182600, 34,135,1
87206,2007-02-20 06:46:02,121.515500,31.182100, 28,  0,1
87206,2007-02-20 06:48:04,121.512500,31.189600, 24,157,1
87206,2007-02-20 06:49:05,121.510100,31.193600,  0,157,1
87206,2007-02-20 06:50:05,121.508800,31.196800, 34,157,1
87206,2007-02-20 06:51:07,121.506800,31.199500, 24,157,1
87206,2007-02-20 06:52:46,121.503100,31.201600,  0,157,1
87206,2007-02-20 06:53:47,121.502300,31.203100,  4, 90,1
87206,2007-02-20 06:54:48,121.504500,31.198500, 34, 67,1
87206,2007-02-20 06:56:27,121.504300,31.193600, 28, 45,1
87206,2007-02-20 06:58:17,121.507500,31.191800, 36, 67,1
87206,2007-02-20 06:59:18,121.509800,31.185500, 38, 90,1
87206,2007-02-20 07:00:19,121.505100,31.182300, 36, 90,1
87206,2007-02-20 07:01:19,121.503500,31.178500, 40,135,1
87206,2007-02-20 07:02:20,121.499000,31.177600, 42,135,1
87206,2007-02-20 07:03:21,121.495000,31.176600, 32, 90,1
87206,2007-02-20 07:04:22,121.492800,31.173500, 38,135,1
87206,2007-02-20 07:04:48,121.492100,31.173300,  6, 22,0
87206,2007-02-20 07:05:48,121.501500,31.174100, 58, 45,0
87206,2007-02-20 07:06:49,121.509100,31.174800, 64, 45,0
87206,2007-02-20 07:07:50,121.514000,31.176000,  0, 45,0
87206,2007-02-20 07:08:51,121.514100,31.175600,  0, 45,0
87206,2007-02-20 07:09:52,121.518300,31.177100, 44, 45,0
87206,2007-02-20 07:10:53,121.529800,31.180100, 74, 45,0
87206,2007-02-20 07:11:54,121.537300,31.181500,  0, 45,0
87206,2007-02-20 07:12:55,121.543800,31.183000, 46,  0,0
87206,2007-02-20 07:14:57,121.548300,31.191000, 16,  0,0
87206,2007-02-20 07:15:43,121.547300,31.194500,  0, 45,1
87206,2007-02-20 07:17:45,121.554600,31.193800, 24, 90,1
87206,2007-02-20 07:18:46,121.552600,31.191300, 34,135,1
87206,2007-02-20 07:20:48,121.550000,31.186100, 46, 90,1
87206,2007-02-20 07:21:49,121.551100,31.183100,  8,112,1
87206,2007-02-20 07:22:50,121.547500,31.182600, 16, 45,1
87206,2007-02-20 07:23:23,121.549100,31.182800, 12, 45,0
87206,2007-02-20 07:24:23,121.549500,31.187800, 62,  0,0
87206,2007-02-20 07:26:25,121.545000,31.197100, 36,157,0
87206,2007-02-20 07:27:26,121.549600,31.202000, 48, 45,0
87206,2007-02-20 07:28:11,121.552100,31.204300,  0,  0,1
87206,2007-02-20 07:29:11,121.552100,31.202500, 32, 90,1
87206,2007-02-20 07:30:12,121.554300,31.196300, 32, 90,1
87206,2007-02-20 07:31:13,121.551100,31.195100,  0, 45,1
87206,2007-02-20 07:31:18,121.551100,31.195100,  8, 45,0
87206,2007-02-20 07:32:18,121.554300,31.196600, 36,  0,0
87206,2007-02-20 07:33:19,121.552300,31.202000, 42,  0,0
87206,2007-02-20 07:33:47,121.552100,31.203000,  0,  0,1
87206,2007-02-20 07:34:47,121.552100,31.203000, 42, 90,1
87206,2007-02-20 07:35:48,121.553600,31.197800, 22,135,1
87206,2007-02-20 07:36:49,121.547800,31.196500, 42,135,1
87206,2007-02-20 07:37:50,121.544500,31.197600, 18,135,1
87206,2007-02-20 07:38:51,121.538000,31.195000, 52,135,1
87206,2007-02-20 07:39:52,121.534800,31.194600,  0,135,1
87206,2007-02-20 07:40:53,121.535300,31.191000, 46, 90,1
87206,2007-02-20 07:41:54,121.530100,31.189600, 36,135,1
87206,2007-02-20 07:42:55,121.527800,31.193100, 36,157,1
87206,2007-02-20 07:43:56,121.525000,31.196500, 38,135,1
87206,2007-02-20 07:44:57,121.524100,31.194600, 22, 90,1
87206,2007-02-20 07:45:58,121.525000,31.194000,  4, 67,1
87206,2007-02-20 07:46:37,121.525300,31.193600, 10, 45,0
87206,2007-02-20 07:47:37,121.528500,31.191600, 34, 90,0
87206,2007-02-20 07:48:38,121.529600,31.189600, 32, 45,0
87206,2007-02-20 07:49:39,121.535500,31.189800, 14, 22,0
87206,2007-02-20 07:51:41,121.536100,31.202600, 10, 22,1
87206,2007-02-20 07:52:41,121.537800,31.204800, 50, 22,1
87206,2007-02-20 07:53:42,121.540000,31.202000, 26,112,1
87206,2007-02-20 07:54:43,121.536100,31.201100, 28,135,1
87206,2007-02-20 07:55:44,121.535000,31.202000,  0,  0,1
87206,2007-02-20 07:56:45,121.533600,31.200100, 62, 90,1
87206,2007-02-20 07:57:46,121.534800,31.193600, 50, 90,1
87206,2007-02-20 07:58:47,121.531300,31.189600, 62,135,1
87206,2007-02-20 07:59:48,121.527800,31.193000, 40,157,1
87206,2007-02-20 08:00:49,121.525300,31.196600, 26,135,1
87206,2007-02-20 08:01:50,121.524100,31.195300, 16, 90,1
87206,2007-02-20 08:03:52,121.524100,31.193100, 18,112,1
87206,2007-02-20 08:04:53,121.521000,31.193500,  8,157,1
87206,2007-02-20 08:05:54,121.521600,31.195300,  0,  0,1
87206,2007-02-20 08:06:55,121.524600,31.196300, 34, 45,1
87206,2007-02-20 08:07:56,121.527800,31.193100, 36, 67,1
87206,2007-02-20 08:08:57,121.529300,31.189800, 22,  0,1
87206,2007-02-20 08:09:58,121.527600,31.193100, 22,157,1
87206,2007-02-20 08:12:00,121.526800,31.189800, 28, 90,1
87206,2007-02-20 08:13:01,121.520800,31.189800, 50,135,1
87206,2007-02-20 08:15:03,121.518300,31.187300, 70, 90,1
87206,2007-02-20 08:18:34,121.510300,31.193500, 20,157,1
87206,2007-02-20 08:19:35,121.508600,31.196800, 18,157,1
87206,2007-02-20 08:20:36,121.505300,31.196800, 24,157,1
87206,2007-02-20 08:23:33,121.505800,31.199100, 28, 22,0
87206,2007-02-20 08:24:34,121.508600,31.204100, 74,  0,0
87206,2007-02-20 08:25:35,121.513600,31.212600, 42, 22,0
87206,2007-02-20 08:27:15,121.514100,31.214600, 48,  0,0
87206,2007-02-20 08:28:15,121.514300,31.218100, 62,  0,0
87206,2007-02-20 08:29:16,121.513500,31.225000, 20,  0,0
87206,2007-02-20 08:30:17,121.510800,31.232000, 24,  0,0
87206,2007-02-20 08:31:01,121.510000,31.236300, 42,  0,1
87206,2007-02-20 08:32:02,121.511800,31.241300,  0,  0,1
87206,2007-02-20 08:33:03,121.501600,31.242300,  0,  0,1
87206,2007-02-20 08:34:04,121.503000,31.240800,  0,  0,1
87206,2007-02-20 08:36:06,121.506800,31.232600, 42, 67,1
87206,2007-02-20 08:38:08,121.508300,31.229000, 44, 67,1
87206,2007-02-20 08:39:09,121.510500,31.223100, 34, 90,1
87206,2007-02-20 08:40:10,121.511100,31.219300, 38,135,1
87206,2007-02-20 08:41:11,121.510100,31.214300, 48, 90,1
87206,2007-02-20 08:42:12,121.509800,31.213600,  0, 90,1
87206,2007-02-20 08:44:14,121.516500,31.210500, 10, 67,1
87206,2007-02-20 08:45:15,121.514800,31.206300, 24, 90,1
87206,2007-02-20 08:46:16,121.513100,31.204000, 30,112,1
87206,2007-02-20 08:47:17,121.511300,31.200500, 46,112,1
87206,2007-02-20 08:48:18,121.508800,31.197100,  0,135,1
87206,2007-02-20 08:49:19,121.505600,31.196100, 32,  0,1
87206,2007-02-20 08:50:20,121.504800,31.198000,  0,157,1
87206,2007-02-20 08:51:21,121.504800,31.198000,  0,157,1
87206,2007-02-20 08:52:22,121.504800,31.198000,  0,157,1
87206,2007-02-20 08:54:02,121.501100,31.192800,  0,157,1
87206,2007-02-20 08:55:02,121.501100,31.192800,  0,157,1
87206,2007-02-20 08:56:03,121.501100,31.192800,  0,157,1
87206,2007-02-20 08:58:33,121.494600,31.178500, 44, 90,1
87206,2007-02-20 08:59:34,121.492500,31.176600, 24,135,1
87206,2007-02-20 09:01:35,121.492100,31.171000, 12, 90,1
87206,2007-02-20 09:02:36,121.489000,31.170000, 20,135,1
87206,2007-02-20 09:03:37,121.484800,31.170500, 32,  0,1
87206,2007-02-20 09:04:38,121.483800,31.174300, 30,  0,1
87206,2007-02-20 09:05:39,121.487300,31.175600, 20, 45,1
87206,2007-02-20 09:06:40,121.489000,31.176000,  0, 45,1
87206,2007-02-20 09:07:41,121.489000,31.176000,  0, 45,1
87206,2007-02-20 09:08:42,121.489800,31.176000, 18, 45,1
87206,2007-02-20 09:09:43,121.491300,31.173800,  0, 67,1
87206,2007-02-20 09:10:44,121.488500,31.173000, 22,135,1
87206,2007-02-20 09:11:45,121.484100,31.172500, 12, 90,1
87206,2007-02-20 09:12:46,121.487300,31.169600, 40, 45,1
87206,2007-02-20 09:13:47,121.492000,31.170300, 28, 45,1
87206,2007-02-20 09:14:48,121.492300,31.166800, 18,112,1
87206,2007-02-20 09:15:49,121.487100,31.165100, 42,135,1
87206,2007-02-20 09:16:50,121.484000,31.163800, 24,112,1
87206,2007-02-20 09:17:51,121.481600,31.162600, 20,112,1
87206,2007-02-20 09:18:52,121.482600,31.159600, 26, 22,1
87206,2007-02-20 09:19:53,121.489000,31.162500, 40, 22,1
87206,2007-02-20 09:20:54,121.490600,31.160100, 14, 67,1
87206,2007-02-20 09:21:55,121.492600,31.157800, 36, 22,1
87206,2007-02-20 09:22:56,121.497000,31.156500, 38, 67,1
87206,2007-02-20 09:23:57,121.498100,31.153300, 28,135,1
87206,2007-02-20 09:24:58,121.493000,31.152500,  0,135,1
87206,2007-02-20 09:25:59,121.493500,31.148800, 26, 90,1
87206,2007-02-20 09:26:46,121.491000,31.148100, 10,135,0
87206,2007-02-20 09:27:46,121.489300,31.147600, 14,135,0
87206,2007-02-20 09:28:47,121.484300,31.146600, 12,135,0
87206,2007-02-20 09:29:48,121.480300,31.156500, 56,  0,0
87206,2007-02-20 09:30:49,121.479500,31.158600, 58,  0,0
87206,2007-02-20 09:31:50,121.475500,31.168300, 74,  0,0
87206,2007-02-20 09:32:51,121.476500,31.177600, 72, 22,0
87206,2007-02-20 09:33:52,121.479100,31.184300, 54,  0,0
87206,2007-02-20 09:34:53,121.475300,31.193800, 82,  0,0
87206,2007-02-20 09:35:54,121.471000,31.204000, 72,  0,0
87206,2007-02-20 09:36:55,121.470600,31.210800, 44, 45,0
87206,2007-02-20 09:37:56,121.475000,31.211800, 24, 22,0
87206,2007-02-20 09:38:57,121.476800,31.213000,  0, 22,0
87206,2007-02-20 09:39:58,121.479600,31.213300, 46, 45,0
87206,2007-02-20 09:44:02,121.487000,31.220600, 44,157,0
87206,2007-02-20 09:45:03,121.484600,31.224600, 18,157,0
87206,2007-02-20 09:46:04,121.484000,31.226000,  8,  0,0
87206,2007-02-20 09:47:05,121.483000,31.228800, 24,  0,0
87206,2007-02-20 09:47:42,121.485000,31.229800, 32, 45,1
87206,2007-02-20 09:49:43,121.486100,31.229800,  0,157,1
87206,2007-02-20 09:50:44,121.486100,31.230000,  2,135,1
87206,2007-02-20 09:50:53,121.486000,31.230000,  4,135,0
87206,2007-02-20 09:51:54,121.487600,31.231300,  6,  0,0
87206,2007-02-20 09:53:56,121.483300,31.231000,  0,135,0
87206,2007-02-20 09:54:57,121.482100,31.230600, 16,112,0
87206,2007-02-20 09:56:59,121.477100,31.228300,  0,157,0
87206,2007-02-20 09:58:00,121.474800,31.227100, 40,112,0
87206,2007-02-20 10:00:27,121.468800,31.224500,  0,112,1
87206,2007-02-20 10:01:28,121.467000,31.223800,  0, 90,1
87206,2007-02-20 10:02:29,121.466300,31.223600,  0,135,1
87206,2007-02-20 10:03:30,121.466300,31.223600,  0,135,1
87206,2007-02-20 10:04:31,121.466300,31.223600,  0,135,1
87206,2007-02-20 10:05:32,121.466300,31.223600,  0,135,1
87206,2007-02-20 10:06:33,121.466300,31.223600,  0,135,1
87206,2007-02-20 10:07:34,121.466300,31.223600,  0,135,1
87206,2007-02-20 10:08:35,121.466300,31.223600,  0,135,1
87206,2007-02-20 10:10:37,121.466300,31.223600,  0,135,1
87206,2007-02-20 10:11:38,121.466300,31.223600,  0,135,1
87206,2007-02-20 10:13:40,121.466300,31.223600,  0,135,1
87206,2007-02-20 10:14:41,121.466300,31.223600,  0,135,1
87206,2007-02-20 10:15:42,121.466300,31.223600,  0,135,1
87206,2007-02-20 10:16:43,121.466300,31.223600,  0,135,1
87206,2007-02-20 10:17:44,121.466300,31.223600,  0,135,1
87206,2007-02-20 10:18:45,121.466300,31.223600,  0,135,1
87206,2007-02-20 10:20:47,121.466300,31.223600,  0,135,1
87206,2007-02-20 10:21:48,121.448800,31.170300, 12,112,1
87206,2007-02-20 10:23:50,121.449000,31.172100, 14,157,1
87206,2007-02-20 10:24:51,121.448600,31.172500,  0, 22,1
87206,2007-02-20 10:24:54,121.448600,31.172600,  4,157,0
87206,2007-02-20 10:25:54,121.447100,31.174800, 26, 22,0
87206,2007-02-20 10:26:55,121.447800,31.179500, 50,  0,0
87206,2007-02-20 10:27:56,121.447800,31.183500, 30,  0,0
87206,2007-02-20 10:28:57,121.448000,31.183800,  0,157,0
87206,2007-02-20 10:29:58,121.445600,31.188000, 36,157,0
87206,2007-02-20 10:30:59,121.443100,31.192600, 42,  0,0
87206,2007-02-20 10:32:00,121.441800,31.193000,  0,135,0
87206,2007-02-20 10:33:01,121.441800,31.193000,  0,135,0
87206,2007-02-20 10:34:02,121.441800,31.193000,  0,135,0
87206,2007-02-20 10:35:03,121.441800,31.193000,  0,135,0
87206,2007-02-20 10:36:04,121.441800,31.193000,  0,135,0
87206,2007-02-20 10:37:05,121.441800,31.193000,  0,135,0
87206,2007-02-20 10:38:06,121.441800,31.193000,  0,135,0
87206,2007-02-20 10:39:07,121.441800,31.193000,  0,135,0
87206,2007-02-20 10:40:08,121.441800,31.193000,  0,135,0
87206,2007-02-20 10:41:09,121.441800,31.193000,  0,135,0
87206,2007-02-20 10:42:10,121.441800,31.193000,  0,135,0
87206,2007-02-20 10:42:13,121.441800,31.193000,  0,135,1
87206,2007-02-20 10:43:14,121.441800,31.193000,  0,135,1
87206,2007-02-20 10:43:35,121.441800,31.193000,  0,135,0
87206,2007-02-20 10:45:36,121.441800,31.193000,  0,135,0
87206,2007-02-20 10:46:37,121.441800,31.193000,  0,135,0
87206,2007-02-20 10:47:38,121.441800,31.193000,  0,135,0
87206,2007-02-20 10:48:39,121.441800,31.193000,  0,135,0
87206,2007-02-20 10:49:40,121.441800,31.193000,  0,135,0
87206,2007-02-20 10:50:41,121.441800,31.193000,  0,135,0
87206,2007-02-20 10:50:46,121.441800,31.193000,  0,135,1
87206,2007-02-20 10:51:46,121.441800,31.193000,  0,135,1
87206,2007-02-20 10:52:47,121.441800,31.193000,  0,135,1
87206,2007-02-20 10:53:48,121.441800,31.193000,  0,135,1
87206,2007-02-20 10:54:49,121.441800,31.193000,  0,135,1
87206,2007-02-20 10:56:51,121.441800,31.193000,  0,135,1
87206,2007-02-20 10:57:07,121.441800,31.193000,  0,135,0
87206,2007-02-20 10:58:08,121.441800,31.193000,  0,135,0
87206,2007-02-20 10:59:09,121.441800,31.193000,  0,135,0
87206,2007-02-20 11:00:10,121.441800,31.193000,  0,135,0
87206,2007-02-20 11:01:11,121.441800,31.193000,  0,135,0
87206,2007-02-20 11:03:13,121.441800,31.193000,  0,135,0
87206,2007-02-20 11:04:14,121.441800,31.193000,  0,135,0
87206,2007-02-20 11:05:15,121.441800,31.193000,  0,135,0
87206,2007-02-20 11:06:16,121.488500,31.216600, 18,  0,0
87206,2007-02-20 11:07:17,121.487300,31.220000, 24,  0,0
87206,2007-02-20 11:08:18,121.486600,31.221300,  0,157,0
87206,2007-02-20 11:09:19,121.485600,31.223100,  0,  0,0
87206,2007-02-20 11:10:20,121.485100,31.224100, 22,157,0
87206,2007-02-20 11:10:39,121.484500,31.225000, 10,135,1
87206,2007-02-20 11:11:39,121.484500,31.225000,  6,  0,1
87206,2007-02-20 11:12:40,121.484000,31.226300,  6,157,1
87206,2007-02-20 11:12:50,121.484000,31.226300,  4,157,0
87206,2007-02-20 11:13:51,121.483000,31.229300,  8,  0,0
87206,2007-02-20 11:14:52,121.483000,31.230000, 32,  0,0
87206,2007-02-20 11:15:53,121.482300,31.232500,  0,135,0
87206,2007-02-20 11:16:54,121.481800,31.232500,  0,135,0
87206,2007-02-20 11:17:55,121.481800,31.232500,  0,135,0
87206,2007-02-20 11:18:56,121.481800,31.232500,  0,135,0
87206,2007-02-20 11:19:10,121.481800,31.232500,  0,135,1
87206,2007-02-20 11:20:11,121.481800,31.232500,  0,135,1
87206,2007-02-20 11:21:12,121.481800,31.232500,  0,135,1
87206,2007-02-20 11:22:13,121.481800,31.232500,  0,135,1
87206,2007-02-20 11:22:25,121.481800,31.232500,  0,135,0
87206,2007-02-20 11:23:26,121.481800,31.232500,  0,135,0
87206,2007-02-20 11:24:27,121.481800,31.232500,  0,135,0
87206,2007-02-20 11:25:28,121.481800,31.232500,  0,135,0
87206,2007-02-20 11:26:29,121.481800,31.232500,  0,135,0
87206,2007-02-20 11:27:30,121.481800,31.232500,  0,135,0
87206,2007-02-20 11:28:31,121.481800,31.232500,  0,135,0
87206,2007-02-20 11:29:32,121.481800,31.232500,  0,135,0
87206,2007-02-20 11:30:33,121.481800,31.232500,  0,135,0
87206,2007-02-20 11:31:34,121.481800,31.232500,  0,135,0
87206,2007-02-20 11:32:35,121.481800,31.232500,  0,135,0
87206,2007-02-20 11:33:36,121.481800,31.232500,  0,135,0
87206,2007-02-20 11:34:16,121.481800,31.232500,  0,135,1
87206,2007-02-20 11:35:17,121.481800,31.232500,  0,135,1
87206,2007-02-20 11:36:18,121.481800,31.232500,  0,135,1
87206,2007-02-20 11:37:19,121.481800,31.232500,  0,135,1
87206,2007-02-20 11:38:20,121.481800,31.232500,  0,135,1
87206,2007-02-20 11:39:18,121.481800,31.232500,  0,135,0
87206,2007-02-20 11:40:18,121.481800,31.232500,  0,135,0
87206,2007-02-20 11:41:19,121.481800,31.232500,  0,135,0
87206,2007-02-20 11:42:20,121.481800,31.232500,  0,135,0
87206,2007-02-20 11:43:21,121.481800,31.232500,  0,135,0
87206,2007-02-20 11:44:22,121.481800,31.232500,  0,135,0
87206,2007-02-20 11:45:23,121.481800,31.232500,  0,135,0
87206,2007-02-20 11:46:24,121.481800,31.232500,  0,135,0
87206,2007-02-20 11:47:25,121.481800,31.232500,  0,135,0
87206,2007-02-20 11:48:26,121.481800,31.232500,  0,135,0
87206,2007-02-20 11:49:27,121.481800,31.232500,  0,135,0
87206,2007-02-20 11:49:56,121.481800,31.232500,  0,135,1
87206,2007-02-20 11:50:57,121.481800,31.232500,  0,135,1
87206,2007-02-20 11:51:58,121.481800,31.232500,  0,135,1
87206,2007-02-20 11:52:59,121.481800,31.232500,  0,135,0
87206,2007-02-20 11:54:00,121.481800,31.232500,  0,135,0
87206,2007-02-20 11:55:01,121.481800,31.232500,  0,135,0
87206,2007-02-20 11:56:02,121.481800,31.232500,  0,135,0
87206,2007-02-20 11:57:03,121.481800,31.232500,  0,135,0
87206,2007-02-20 11:58:04,121.481800,31.232500,  0,135,0
87206,2007-02-20 11:59:05,121.481800,31.232500,  0,135,0
87206,2007-02-20 12:00:06,121.481800,31.232500,  0,135,0
87206,2007-02-20 12:01:07,121.481800,31.232500,  0,135,0
87206,2007-02-20 12:02:08,121.500000,31.207800, 84, 45,0
87206,2007-02-20 12:03:09,121.513300,31.203500, 84, 45,0
87206,2007-02-20 12:04:10,121.522800,31.198500, 72, 90,0
87206,2007-02-20 12:05:11,121.519300,31.190100, 24, 90,0
87206,2007-02-20 12:06:12,121.528100,31.189600, 84, 45,0
87206,2007-02-20 12:07:13,121.536300,31.187300, 36, 90,0
87206,2007-02-20 12:09:04,121.540100,31.187100, 24, 45,1
87206,2007-02-20 12:10:05,121.543000,31.186800, 30, 45,1
87206,2007-02-20 12:11:25,121.548800,31.187300,  8, 45,0
87206,2007-02-20 12:12:26,121.551100,31.183000, 20, 67,0
87206,2007-02-20 12:13:27,121.553800,31.175500, 68, 67,0
87206,2007-02-20 12:14:28,121.557100,31.169300, 20, 67,0
87206,2007-02-20 12:15:29,121.559100,31.163600, 52, 90,0
87206,2007-02-20 12:16:30,121.560000,31.157000,  4, 90,0
87206,2007-02-20 12:17:31,121.561100,31.153600,  0, 90,0
87206,2007-02-20 12:18:32,121.560300,31.153100,  0, 67,1
87206,2007-02-20 12:19:33,121.560600,31.153100, 16, 45,1
87206,2007-02-20 12:20:34,121.560300,31.157000, 56,  0,1
87206,2007-02-20 12:21:35,121.559000,31.165300, 46,  0,1
87206,2007-02-20 12:22:36,121.559100,31.170000, 64, 22,1
87206,2007-02-20 12:23:37,121.561300,31.172500, 56,157,1
87206,2007-02-20 12:24:38,121.559500,31.176500, 18,157,1
87206,2007-02-20 12:25:39,121.557800,31.182300, 38,  0,1
87206,2007-02-20 12:26:40,121.555000,31.183000,  0,135,1
87206,2007-02-20 12:26:51,121.554800,31.183000, 12,135,0
87206,2007-02-20 12:27:52,121.550600,31.184600,  8,  0,0
87206,2007-02-20 12:31:02,121.541100,31.204100, 58,157,0
87206,2007-02-20 12:32:03,121.538100,31.207800, 60,157,0
87206,2007-02-20 12:33:04,121.535300,31.209100, 36,135,0
87206,2007-02-20 12:34:05,121.528100,31.211300, 48,  0,0
87206,2007-02-20 12:35:06,121.530000,31.216300, 10,  0,0
87206,2007-02-20 12:36:07,121.524000,31.216600, 40,135,0
87206,2007-02-20 12:38:09,121.515000,31.218000, 42,112,0
87206,2007-02-20 12:39:10,121.514500,31.220000,  0,  0,0
87206,2007-02-20 12:40:11,121.512800,31.227300, 70,  0,0
87206,2007-02-20 12:41:12,121.509800,31.234500, 34,157,0
87206,2007-02-20 12:41:26,121.509800,31.234600,  0,157,1
87206,2007-02-20 12:42:26,121.509500,31.235100, 16,157,1
87206,2007-02-20 12:43:02,121.509000,31.235000,  6,135,0
87206,2007-02-20 12:44:02,121.503100,31.234800, 56,135,0
87206,2007-02-20 12:45:03,121.496800,31.236100, 20,157,0
87206,2007-02-20 12:45:38,121.496000,31.238800,  0,  0,1
87206,2007-02-20 12:46:38,121.496300,31.240000, 20, 22,1
87206,2007-02-20 12:47:39,121.498000,31.242300, 20, 22,1
87206,2007-02-20 12:48:40,121.497800,31.242500,  0,112,1
87206,2007-02-20 12:48:43,121.497800,31.242300,  6,112,0
87206,2007-02-20 12:49:43,121.496000,31.239500, 26, 90,0
87206,2007-02-20 12:50:44,121.496600,31.236000, 34, 67,0
87206,2007-02-20 12:51:45,121.501300,31.231300, 68, 67,0
87206,2007-02-20 12:52:45,121.506300,31.227100,  6, 90,0
87206,2007-02-20 12:54:59,121.517100,31.230800,  0, 22,1
87206,2007-02-20 12:56:00,121.518000,31.230800, 16, 67,1
87206,2007-02-20 12:58:02,121.516500,31.224500,  8, 67,1
87206,2007-02-20 12:59:03,121.516600,31.224500,  0, 67,1
87206,2007-02-20 13:00:03,121.516600,31.224500,  0, 67,1
87206,2007-02-20 13:01:04,121.516600,31.224500,  0, 67,1
87206,2007-02-20 13:04:07,121.517800,31.221600, 16, 90,1
87206,2007-02-20 13:05:08,121.518300,31.220300, 26, 90,1
87206,2007-02-20 13:06:09,121.515500,31.218100, 28,135,1
87206,2007-02-20 13:07:10,121.514500,31.220000, 18,  0,1
87206,2007-02-20 13:08:11,121.513500,31.224800,  0,  0,1
87206,2007-02-20 13:09:12,121.512100,31.229100,  8,157,1
87206,2007-02-20 13:10:02,121.509100,31.228300,  0,112,1
87206,2007-02-20 13:14:05,121.499300,31.241500, 34,157,1
87206,2007-02-20 13:15:06,121.497600,31.242100,  0,112,1
87206,2007-02-20 13:16:07,121.497500,31.242100,  0,112,1
87206,2007-02-20 13:17:08,121.497500,31.242100,  0,112,1
87206,2007-02-20 13:19:10,121.497500,31.242100,  0,112,1
87206,2007-02-20 13:20:11,121.497500,31.242100,  0,112,1
87206,2007-02-20 13:21:12,121.497300,31.242100,  0,112,1
87206,2007-02-20 13:22:13,121.497300,31.242100,  0,112,1
87206,2007-02-20 13:23:14,121.497100,31.241800,  0,112,1
87206,2007-02-20 13:24:15,121.496300,31.240800,  0,112,1
87206,2007-02-20 13:25:16,121.495000,31.240600, 12,157,1
87206,2007-02-20 13:26:17,121.494600,31.240800, 20, 67,1
87206,2007-02-20 13:27:18,121.493600,31.239000, 36,112,1
87206,2007-02-20 13:29:20,121.496500,31.240800, 16, 22,1
87206,2007-02-20 13:30:21,121.498300,31.242600, 12,112,1
87206,2007-02-20 13:30:47,121.498100,31.242500,  4,135,0
87206,2007-02-20 13:31:48,121.495600,31.240300, 16, 90,0
87206,2007-02-20 13:32:49,121.496100,31.236800, 40, 90,0
87206,2007-02-20 13:33:50,121.498100,31.234500, 32, 45,0
87206,2007-02-20 13:34:51,121.500500,31.232100, 36, 67,0
87206,2007-02-20 13:35:52,121.505800,31.227800, 42, 67,0
87206,2007-02-20 13:36:53,121.507600,31.223300, 42, 90,0
87206,2007-02-20 13:37:54,121.509600,31.219100,  0, 90,0
87206,2007-02-20 13:38:55,121.509800,31.213600, 14,112,0
87206,2007-02-20 13:39:56,121.511800,31.211600, 32,112,0
87206,2007-02-20 13:40:57,121.512100,31.205100, 48, 90,0
87206,2007-02-20 13:41:58,121.504500,31.206100, 52,157,0
87206,2007-02-20 13:42:59,121.496000,31.209800, 54,  0,0
87206,2007-02-20 13:43:59,121.497800,31.211100, 56, 45,0
87206,2007-02-20 13:45:01,121.490800,31.207600, 76,112,0
87206,2007-02-20 13:46:02,121.482600,31.202600, 70,112,0
87206,2007-02-20 13:47:03,121.470500,31.198500, 78,135,0
87206,2007-02-20 13:48:03,121.459800,31.193600, 72,112,0
87206,2007-02-20 13:49:05,121.450100,31.188300, 62,135,0
87206,2007-02-20 13:51:07,121.433000,31.180600, 52,135,0
87206,2007-02-20 13:52:08,121.430800,31.179800, 56, 90,0
87206,2007-02-20 13:53:08,121.427500,31.176500, 54,135,0
87206,2007-02-20 13:54:10,121.424500,31.175500, 36,112,0
87206,2007-02-20 13:55:11,121.420000,31.173800,  0,112,0
87206,2007-02-20 13:56:12,121.419300,31.172800, 34, 90,0
87206,2007-02-20 13:57:05,121.420500,31.171000, 12,  0,1
87206,2007-02-20 13:57:55,121.420500,31.171300,  0,  0,1
87206,2007-02-20 13:58:55,121.420500,31.171300,  0,  0,1
87206,2007-02-20 13:59:56,121.420500,31.171300,  0,  0,1
87206,2007-02-20 14:00:57,121.420500,31.171300,  0,  0,1
87206,2007-02-20 14:01:59,121.420500,31.171300,  0,  0,1
87206,2007-02-20 14:02:59,121.420500,31.171300,  0,  0,1
87206,2007-02-20 14:03:59,121.420500,31.171300,  0,  0,0
87206,2007-02-20 14:04:59,121.420500,31.171300,  0,  0,0
87206,2007-02-20 14:06:00,121.420500,31.171300,  0,  0,0
87206,2007-02-20 14:07:01,121.420500,31.171300,  0,  0,0
87206,2007-02-20 14:08:02,121.420500,31.171300,  0,  0,0
87206,2007-02-20 14:09:03,121.432800,31.192000, 58,  0,0
87206,2007-02-20 14:09:53,121.433600,31.198800,  0,  0,1
87206,2007-02-20 14:10:53,121.436500,31.197100,  0, 45,1
87206,2007-02-20 14:11:55,121.436300,31.195500, 14, 67,1
87206,2007-02-20 14:12:56,121.437100,31.193800,  8, 67,1
87206,2007-02-20 14:13:28,121.437500,31.193100, 10, 67,0
87206,2007-02-20 14:15:07,121.438600,31.187800, 10, 67,0
87206,2007-02-20 14:16:08,121.439600,31.183800, 36, 90,0
87206,2007-02-20 14:17:08,121.440800,31.181800, 16, 67,0
87206,2007-02-20 14:18:08,121.441100,31.181500,  0, 67,1
87206,2007-02-20 14:19:08,121.441100,31.181500,  0, 67,1
87206,2007-02-20 14:20:10,121.445100,31.191500, 24, 22,1
87206,2007-02-20 14:24:42,121.443800,31.191100, 72,157,0
87206,2007-02-20 14:25:43,121.441100,31.196100, 28,157,0
87206,2007-02-20 14:26:40,121.437800,31.194100, 18,112,1
87206,2007-02-20 14:27:41,121.437300,31.193600,  4, 90,1
87206,2007-02-20 14:28:42,121.437300,31.191100, 44, 90,1
87206,2007-02-20 14:29:43,121.437600,31.188300,  0, 90,1
87206,2007-02-20 14:30:43,121.438300,31.186800, 14, 90,1
87206,2007-02-20 14:31:45,121.440000,31.182600, 12, 67,1
87206,2007-02-20 14:32:45,121.438000,31.180800, 50,112,1
87206,2007-02-20 14:33:46,121.436100,31.179300,  0,112,1
87206,2007-02-20 14:34:47,121.436100,31.179300,  0,112,1
87206,2007-02-20 14:35:48,121.436100,31.179300,  0,112,1
87206,2007-02-20 14:36:50,121.446100,31.174300, 26, 67,1
87206,2007-02-20 14:37:51,121.448800,31.172100, 20, 67,1
87206,2007-02-20 14:39:31,121.450800,31.172000, 20, 45,1
87206,2007-02-20 14:40:13,121.452600,31.172300, 14,135,0
87206,2007-02-20 14:41:13,121.447500,31.173100, 48,157,0
87206,2007-02-20 14:42:15,121.447100,31.173600,  0,157,0
87206,2007-02-20 14:44:17,121.443000,31.176600, 52,157,0
87206,2007-02-20 14:45:18,121.440300,31.182100, 30,  0,0
87206,2007-02-20 14:46:18,121.436000,31.179500, 24,112,0
87206,2007-02-20 14:47:11,121.433000,31.181000,  6,112,1
87206,2007-02-20 14:48:12,121.435800,31.179500,  0, 67,1
87206,2007-02-20 14:49:13,121.439600,31.177100, 46, 67,1
87206,2007-02-20 14:51:15,121.441500,31.175500, 28, 67,1
87206,2007-02-20 14:52:16,121.443600,31.175100,  0, 45,1
87206,2007-02-20 14:53:17,121.445800,31.174800, 22, 67,1
87206,2007-02-20 14:54:18,121.445800,31.174100,  0, 90,1
87206,2007-02-20 14:55:18,121.445800,31.174100,  0, 90,1
87206,2007-02-20 14:56:20,121.448100,31.172600, 30, 67,1
87206,2007-02-20 14:57:21,121.449100,31.170500, 20, 67,1
87206,2007-02-20 14:57:58,121.449600,31.169600,  0, 90,0
87206,2007-02-20 14:58:58,121.448800,31.172100, 16,157,0
87206,2007-02-20 15:00:00,121.446600,31.174100,  0,  0,0
87206,2007-02-20 15:01:01,121.446600,31.174100,  0,  0,0
87206,2007-02-20 15:03:03,121.444500,31.175100,  0,112,0
87206,2007-02-20 15:04:03,121.440100,31.172600, 44,135,0
87206,2007-02-20 15:05:05,121.433300,31.170600, 30,135,0
87206,2007-02-20 15:06:06,121.430500,31.170100,  0,112,0
87206,2007-02-20 15:07:07,121.428500,31.170100,  6,135,0
87206,2007-02-20 15:08:08,121.425800,31.172800, 54,  0,0
87206,2007-02-20 15:09:08,121.425100,31.175500,  0,157,0
87206,2007-02-20 15:10:10,121.422600,31.179500, 50,157,0
87206,2007-02-20 15:11:08,121.420600,31.182100, 28,  0,1
87206,2007-02-20 15:12:05,121.420500,31.181800, 24,112,0
87206,2007-02-20 15:13:06,121.421300,31.179800, 52, 67,0
87206,2007-02-20 15:14:07,121.424000,31.175300, 44,112,0
87206,2007-02-20 15:15:08,121.420000,31.173800, 26,135,0
87206,2007-02-20 15:17:10,121.417600,31.173300, 20,135,0
87206,2007-02-20 15:17:52,121.415600,31.172800,  0,135,1
87206,2007-02-20 15:18:53,121.414600,31.172600,  6,135,1
87206,2007-02-20 15:20:55,121.411600,31.175800,  0,157,1
87206,2007-02-20 15:21:56,121.411600,31.175800,  0,157,1
87206,2007-02-20 15:22:57,121.412100,31.177100, 34, 45,1
87206,2007-02-20 15:23:58,121.417100,31.177100, 28, 67,1
87206,2007-02-20 15:24:58,121.419000,31.174100,  0, 45,1
87206,2007-02-20 15:25:59,121.419500,31.173500, 18, 22,1
87206,2007-02-20 15:27:00,121.421300,31.174300, 10,112,1
87206,2007-02-20 15:28:01,121.420300,31.174000,  0,112,1
87206,2007-02-20 15:29:02,121.420100,31.174000, 10,135,1
87206,2007-02-20 15:30:03,121.420000,31.173800,  0,112,1
87206,2007-02-20 15:31:04,121.420000,31.173800,  0,112,1
87206,2007-02-20 15:32:05,121.420000,31.173800,  0,112,1
87206,2007-02-20 15:33:06,121.420000,31.173800,  0,112,1
87206,2007-02-20 15:34:07,121.420000,31.173800,  0,112,1
87206,2007-02-20 15:35:08,121.420000,31.173800,  0,112,1
87206,2007-02-20 15:36:09,121.420000,31.173800,  0,112,1
87206,2007-02-20 15:37:10,121.420000,31.173800,  0,112,1
87206,2007-02-20 15:38:11,121.420000,31.173800,  0,112,1
87206,2007-02-20 15:39:12,121.420000,31.173800,  0,112,1
87206,2007-02-20 15:40:13,121.420000,31.173800,  0,112,1
87206,2007-02-20 15:41:14,121.420000,31.173800,  0,112,1
87206,2007-02-20 15:42:15,121.420000,31.173800,  0,112,1
87206,2007-02-20 15:43:16,121.420000,31.173800,  0,112,1
87206,2007-02-20 15:44:17,121.420000,31.173800,  0,112,1
87206,2007-02-20 15:45:18,121.420000,31.173800,  0,112,1
87206,2007-02-20 15:46:19,121.420000,31.173800,  0,112,1
87206,2007-02-20 15:47:20,121.420000,31.173800, 10,112,1
87206,2007-02-20 15:48:21,121.417800,31.176000, 44,157,1
87206,2007-02-20 15:49:22,121.419600,31.180100, 34, 22,1
87206,2007-02-20 15:50:23,121.422100,31.184100, 30, 45,1
87206,2007-02-20 15:51:24,121.431100,31.182000, 50, 45,1
87206,2007-02-20 15:52:25,121.435000,31.185300, 24, 22,1
87206,2007-02-20 15:53:26,121.431800,31.184000, 36,  0,1
87206,2007-02-20 15:54:27,121.432300,31.188000, 30,  0,1
87206,2007-02-20 15:55:28,121.433800,31.194000, 16,  0,1
87206,2007-02-20 15:56:29,121.434800,31.195500,  0, 22,1
87206,2007-02-20 15:57:19,121.436100,31.195600,  0, 90,0
87206,2007-02-20 15:58:20,121.437500,31.192500,  6, 90,0
87206,2007-02-20 15:59:21,121.438000,31.188100, 32, 90,0
87206,2007-02-20 16:00:22,121.437600,31.188100, 20, 90,0
87206,2007-02-20 16:01:23,121.439800,31.183500, 14, 67,0
87206,2007-02-20 16:02:24,121.444100,31.181600, 46, 45,0
87206,2007-02-20 16:03:25,121.449500,31.188000, 54, 45,0
87206,2007-02-20 16:04:26,121.457100,31.191500, 60, 22,0
87206,2007-02-20 16:05:27,121.466100,31.196800, 76, 22,0
87206,2007-02-20 16:06:28,121.478500,31.201000, 92, 45,0
87206,2007-02-20 16:07:29,121.490100,31.206800, 82, 22,0
87206,2007-02-20 16:08:30,121.498500,31.209600, 54,  0,0
87206,2007-02-20 16:10:32,121.510500,31.203800, 74, 45,0
87206,2007-02-20 16:11:33,121.511300,31.209500, 60,  0,0
87206,2007-02-20 16:13:14,121.512300,31.212100,  0, 22,0
87206,2007-02-20 16:14:14,121.514100,31.216300, 46,  0,0
87206,2007-02-20 16:15:15,121.514000,31.223500, 52,  0,0
87206,2007-02-20 16:16:16,121.511100,31.231300,  0,157,0
87206,2007-02-20 16:17:17,121.509800,31.234600, 40,157,0
87206,2007-02-20 16:18:18,121.509100,31.235500,  0,157,0
87206,2007-02-20 16:19:19,121.507800,31.240500, 52, 45,0
87206,2007-02-20 16:20:20,121.510300,31.241100, 22, 45,0
87206,2007-02-20 16:21:21,121.516100,31.242300, 46, 45,0
87206,2007-02-20 16:24:24,121.546500,31.249000, 12, 67,0
87206,2007-02-20 16:24:29,121.546600,31.249000,  4, 67,1
87206,2007-02-20 16:25:30,121.546600,31.249000,  6,  0,1
87206,2007-02-20 16:26:31,121.544800,31.250100,  0,157,1
87206,2007-02-20 16:27:32,121.544800,31.250100,  4,157,1
87206,2007-02-20 16:28:33,121.538600,31.247100,  0,112,1
87206,2007-02-20 16:29:34,121.534500,31.245600, 34,135,1
87206,2007-02-20 16:30:35,121.530000,31.244800,  0,  0,1
87206,2007-02-20 16:31:36,121.526800,31.243500, 54,135,1
87206,2007-02-20 16:32:37,121.520000,31.242600,  0,135,1
87206,2007-02-20 16:33:38,121.512300,31.241800, 44,135,1
87206,2007-02-20 16:34:39,121.509800,31.241100, 40,135,1
87206,2007-02-20 16:35:40,121.506800,31.240300,  0,135,1
87206,2007-02-20 16:37:43,121.501300,31.242100, 42,112,1
87206,2007-02-20 16:38:43,121.497800,31.242500, 26,112,1
87206,2007-02-20 16:39:45,121.494600,31.240800, 24,157,1
87206,2007-02-20 16:40:46,121.495300,31.240300, 14, 67,1
87206,2007-02-20 16:41:47,121.496500,31.240800, 16, 22,1
87206,2007-02-20 16:42:47,121.499000,31.243000,  0,112,1
87206,2007-02-20 16:43:48,121.498500,31.242800, 24,112,1
87206,2007-02-20 16:44:50,121.496300,31.240800, 20,112,1
87206,2007-02-20 16:45:29,121.496100,31.240600,  4, 90,0
87206,2007-02-20 16:47:31,121.499800,31.233600, 46, 90,0
87206,2007-02-20 16:48:32,121.505800,31.228600, 56, 22,0
87206,2007-02-20 16:50:14,121.510100,31.231600, 28, 45,0
87206,2007-02-20 16:51:15,121.513300,31.225300, 14, 90,0
87206,2007-02-20 16:52:16,121.513300,31.225300,  0, 90,0
87206,2007-02-20 16:53:17,121.514500,31.220500,  0, 90,0
87206,2007-02-20 16:54:18,121.514000,31.214600, 48, 90,0
87206,2007-02-20 16:55:18,121.512800,31.213000, 10,112,0
87206,2007-02-20 16:56:20,121.510500,31.206000, 52, 45,0
87206,2007-02-20 16:57:20,121.508800,31.204600, 34,135,0
87206,2007-02-20 16:58:21,121.502300,31.207000, 46,135,0
87206,2007-02-20 16:59:21,121.496600,31.209000, 16,157,0
87206,2007-02-20 17:00:22,121.497000,31.211000, 30, 22,0
87206,2007-02-20 17:01:23,121.496600,31.209500, 20,157,0
87206,2007-02-20 17:02:25,121.502000,31.215000, 46, 22,0
87206,2007-02-20 17:04:27,121.496300,31.226600, 46,157,0
87206,2007-02-20 17:05:27,121.495600,31.227300,  0,157,0
87206,2007-02-20 17:06:29,121.495600,31.227500,  0,157,0
87206,2007-02-20 17:07:21,121.494800,31.226100,  0, 90,1
87206,2007-02-20 17:08:22,121.495300,31.226800,  0, 45,1
87206,2007-02-20 17:10:24,121.494600,31.226300,  0, 67,1
87206,2007-02-20 17:11:25,121.494500,31.226500,  0, 67,1
87206,2007-02-20 17:12:26,121.494500,31.226500,  0, 67,1
87206,2007-02-20 17:13:27,121.494500,31.226500,  0, 67,1
87206,2007-02-20 17:14:27,121.494500,31.226500,  0, 67,1
87206,2007-02-20 17:15:28,121.494500,31.226500,  0, 67,1
87206,2007-02-20 17:16:30,121.494500,31.226500,  0, 67,1
87206,2007-02-20 17:17:31,121.494500,31.226500,  0, 67,1
87206,2007-02-20 17:18:32,121.494500,31.226500,  0, 67,1
87206,2007-02-20 17:19:32,121.494500,31.226500,  0, 67,1
87206,2007-02-20 17:20:33,121.494500,31.226500,  0, 67,1
87206,2007-02-20 17:21:35,121.494800,31.226300,  0, 67,1
87206,2007-02-20 17:22:36,121.494800,31.226300,  0, 67,1
87206,2007-02-20 17:23:37,121.494800,31.226300,  0, 67,1
87206,2007-02-20 17:25:38,121.494800,31.226300,  0, 67,1
87206,2007-02-20 17:26:40,121.494800,31.226300,  0, 67,1
87206,2007-02-20 17:27:41,121.494800,31.226300,  0, 67,1
87206,2007-02-20 17:28:42,121.494500,31.226300,  0, 67,1
87206,2007-02-20 17:29:42,121.494500,31.226300,  0, 67,1
87206,2007-02-20 17:30:43,121.494500,31.226300,  0, 67,1
87206,2007-02-20 17:31:45,121.494500,31.226300,  0, 67,1
87206,2007-02-20 17:32:46,121.494500,31.226300,  0, 67,1
87206,2007-02-20 17:33:46,121.494500,31.226300,  0, 67,1
87206,2007-02-20 17:34:47,121.494500,31.226300,  0, 67,1
87206,2007-02-20 17:35:48,121.494600,31.226300,  0, 67,1
87206,2007-02-20 17:36:50,121.494600,31.226300,  0, 67,1
87206,2007-02-20 17:37:51,121.494600,31.226300,  0, 67,1
87206,2007-02-20 17:38:52,121.494600,31.226300,  0, 67,1
87206,2007-02-20 17:39:52,121.494600,31.226300,  0, 67,1
87206,2007-02-20 17:40:53,121.494600,31.226300,  0, 67,1
87206,2007-02-20 17:41:54,121.494800,31.226300,  0, 67,1
87206,2007-02-20 17:42:55,121.494000,31.227000,  6,  0,1
87206,2007-02-20 17:43:56,121.495000,31.227100,  0, 22,1
87206,2007-02-20 17:44:57,121.494600,31.228600, 48,157,1
87206,2007-02-20 17:45:58,121.488300,31.234100, 58,157,1
87206,2007-02-20 17:46:59,121.483600,31.237100, 34,135,1
87206,2007-02-20 17:48:00,121.481300,31.236600,  0,135,1
87206,2007-02-20 17:49:01,121.476500,31.235100, 46,112,1
87206,2007-02-20 17:50:02,121.472600,31.233800,  0,135,1
87206,2007-02-20 17:51:03,121.472300,31.234100,  0,112,1
87206,2007-02-20 17:52:04,121.472300,31.234100,  0,135,1
87206,2007-02-20 17:53:05,121.472300,31.234100,  0,135,1
87206,2007-02-20 17:53:07,121.472300,31.234100,  0,135,0
87206,2007-02-20 17:54:08,121.473000,31.231600,  0, 67,0
87206,2007-02-20 17:55:09,121.473000,31.231600, 10, 67,0
87206,2007-02-20 17:56:11,121.474500,31.230100, 36, 67,0
87206,2007-02-20 17:57:12,121.480100,31.233000, 40, 45,0
87206,2007-02-20 17:58:12,121.483300,31.232300,  0, 45,0
87206,2007-02-20 17:59:13,121.483300,31.232300,  0, 45,0
87206,2007-02-20 18:00:14,121.483300,31.232300,  0, 45,0
87206,2007-02-20 18:01:15,121.483300,31.232300,  0, 45,0
87206,2007-02-20 18:02:16,121.483300,31.232300,  0, 45,0
87206,2007-02-20 18:03:17,121.519500,31.232100, 52, 45,0
87206,2007-02-20 18:04:18,121.526600,31.228300, 58, 67,0
87206,2007-02-20 18:05:19,121.533800,31.223600,  0, 67,0
87206,2007-02-20 18:06:20,121.534500,31.224000,  0, 22,0
87206,2007-02-20 18:07:21,121.538800,31.227100, 78, 22,0
87206,2007-02-20 18:08:22,121.549600,31.231500, 68, 22,0
87206,2007-02-20 18:09:23,121.555600,31.234600, 78, 22,0
87206,2007-02-20 18:10:24,121.567500,31.240300, 76, 22,0
87206,2007-02-20 18:11:25,121.569000,31.244000, 30,157,0
87206,2007-02-20 18:12:26,121.568000,31.248600, 46, 45,0
87206,2007-02-20 18:13:27,121.570800,31.249100,  0, 45,0
87206,2007-02-20 18:13:42,121.570800,31.249100,  4, 22,1
87206,2007-02-20 18:14:42,121.573800,31.249600,  0, 45,1
87206,2007-02-20 18:15:43,121.576600,31.247500, 50, 67,1
87206,2007-02-20 18:16:44,121.573000,31.244500, 30,112,1
87206,2007-02-20 18:17:45,121.570300,31.248000, 56,157,1
87206,2007-02-20 18:18:46,121.569300,31.249300, 44,157,1
87206,2007-02-20 18:19:47,121.565300,31.255500, 24,157,1
87206,2007-02-20 18:22:50,121.560100,31.262800,  0, 22,1
87206,2007-02-20 18:23:51,121.559600,31.262500,  0,112,1
87206,2007-02-20 18:24:07,121.559500,31.262500, 12,112,0
87206,2007-02-20 18:25:07,121.553500,31.258800, 60,112,0
87206,2007-02-20 18:26:08,121.547800,31.253500, 44,112,0
87206,2007-02-20 18:27:09,121.542500,31.249000, 54,112,0
87206,2007-02-20 18:28:10,121.539300,31.247600, 48,112,0
87206,2007-02-20 18:29:11,121.530000,31.244300, 62,135,0
87206,2007-02-20 18:30:12,121.522300,31.242800, 52,135,0
87206,2007-02-20 18:31:13,121.516000,31.242600,  0,135,0
87206,2007-02-20 18:32:14,121.512600,31.242000, 50,135,0
87206,2007-02-20 18:33:15,121.510800,31.241300, 18,135,0
87206,2007-02-20 18:34:16,121.506100,31.240100,  0,112,0
87206,2007-02-20 18:35:17,121.506100,31.239500, 34, 67,0
87206,2007-02-20 18:36:18,121.508300,31.236300,  0, 67,0
87206,2007-02-20 18:37:19,121.510100,31.233500, 52, 90,0
87206,2007-02-20 18:38:20,121.510500,31.232000,  8, 67,0
87206,2007-02-20 18:39:21,121.514000,31.223000, 68, 90,0
87206,2007-02-20 18:40:22,121.514000,31.215300, 64, 90,0
87206,2007-02-20 18:41:23,121.511300,31.210600, 50,112,0
87206,2007-02-20 18:42:24,121.512000,31.204500, 44,112,0
87206,2007-02-20 18:43:25,121.502500,31.207000, 76,157,0
87206,2007-02-20 18:44:26,121.498100,31.210600, 58, 67,0
87206,2007-02-20 18:45:27,121.499600,31.211500, 40, 45,0
87206,2007-02-20 18:46:28,121.489100,31.206300, 64,112,0
87206,2007-02-20 18:47:29,121.479300,31.201500, 70,135,0
87206,2007-02-20 18:48:30,121.469000,31.198000, 62,135,0
87206,2007-02-20 18:49:31,121.460300,31.194000, 58,112,0
87206,2007-02-20 18:50:32,121.451100,31.188600, 68,135,0
87206,2007-02-20 18:51:33,121.445500,31.188000, 14,135,0
87206,2007-02-20 18:52:34,121.445600,31.187100,  0, 90,0
87206,2007-02-20 18:53:35,121.448100,31.187600, 50, 45,0
87206,2007-02-20 18:54:36,121.450300,31.186300, 46,135,0
87206,2007-02-20 18:55:37,121.448300,31.184300,  0,112,0
87206,2007-02-20 18:56:38,121.447600,31.182800,  0,112,0
87206,2007-02-20 18:57:39,121.447800,31.180100,  8, 22,0
87206,2007-02-20 18:58:40,121.449000,31.180300, 14, 67,0
87206,2007-02-20 19:00:39,121.449600,31.180800,  0, 45,1
87206,2007-02-20 19:01:39,121.449600,31.180800,  0, 45,1
87206,2007-02-20 19:02:40,121.449800,31.182000, 30,157,1
87206,2007-02-20 19:03:41,121.448500,31.184000, 12,157,1
87206,2007-02-20 19:04:42,121.448100,31.178000, 58, 90,1
87206,2007-02-20 19:05:43,121.447100,31.173300, 34, 67,1
87206,2007-02-20 19:06:44,121.449300,31.170300, 32, 67,1
87206,2007-02-20 19:07:34,121.449600,31.170100,  0,157,0
87206,2007-02-20 19:08:34,121.448800,31.172100,  0,157,0
87206,2007-02-20 19:09:35,121.447600,31.175000, 52, 22,0
87206,2007-02-20 19:10:36,121.447500,31.182000,  0,  0,0
87206,2007-02-20 19:11:37,121.446600,31.186300, 56,157,0
87206,2007-02-20 19:12:38,121.446300,31.186800,  0,157,0
87206,2007-02-20 19:13:39,121.445000,31.189000, 58,157,0
87206,2007-02-20 19:14:40,121.444500,31.190100,  0,157,0
87206,2007-02-20 19:15:41,121.442800,31.193500,  8,  0,0
87206,2007-02-20 19:16:31,121.447100,31.196000,  4,  0,1
87206,2007-02-20 19:17:31,121.444500,31.194600, 54,112,1
87206,2007-02-20 19:18:32,121.441300,31.193100,  8,135,1
87206,2007-02-20 19:19:33,121.434000,31.191000, 40,135,1
87206,2007-02-20 19:20:34,121.433800,31.194000, 34,  0,1
87206,2007-02-20 19:21:35,121.434800,31.195500,  0, 22,1
87206,2007-02-20 19:22:36,121.437000,31.194300, 22, 67,1
87206,2007-02-20 19:23:36,121.437100,31.192500,  0,135,0
87206,2007-02-20 19:24:37,121.437600,31.189000, 26, 90,0
87206,2007-02-20 19:25:38,121.438600,31.186000, 48, 90,0
87206,2007-02-20 19:26:39,121.438500,31.181100, 34,112,0
87206,2007-02-20 19:27:40,121.436500,31.179800,  0,112,0
87206,2007-02-20 19:28:41,121.436500,31.179500, 22, 67,0
87206,2007-02-20 19:29:42,121.439800,31.176100, 18, 90,0
87206,2007-02-20 19:30:43,121.439100,31.172100, 20,112,0
87206,2007-02-20 19:31:44,121.435800,31.171500, 42,112,0
87206,2007-02-20 19:32:45,121.430300,31.170300,  0,135,0
87206,2007-02-20 19:33:46,121.430300,31.170300,  0,135,0
87206,2007-02-20 19:34:47,121.427100,31.166600, 58,112,0
87206,2007-02-20 19:35:48,121.425300,31.165300, 26,135,0
87206,2007-02-20 19:36:04,121.425100,31.165100,  8, 45,1
87206,2007-02-20 19:37:05,121.426800,31.165300, 18, 45,1
87206,2007-02-20 19:37:11,121.427100,31.165300, 18, 45,0
87206,2007-02-20 19:38:12,121.429800,31.167500, 36, 45,0
87206,2007-02-20 19:40:14,121.431300,31.167800,  0, 45,0
87206,2007-02-20 19:41:15,121.431300,31.167800,  0, 45,0
87206,2007-02-20 19:42:16,121.431300,31.167800,  0, 45,0
87206,2007-02-20 19:44:18,121.431300,31.167800,  0, 45,0
87206,2007-02-20 19:44:36,121.431300,31.167800,  0, 45,1
87206,2007-02-20 19:45:37,121.431300,31.167800,  0, 45,1
87206,2007-02-20 19:46:38,121.431300,31.167800,  0, 45,1
87206,2007-02-20 19:47:39,121.431300,31.167800,  0, 45,1
87206,2007-02-20 19:48:40,121.431300,31.167800,  0, 45,1
87206,2007-02-20 19:49:41,121.431300,31.167800,  0, 45,1
87206,2007-02-20 19:50:42,121.431300,31.167800,  0, 45,1
87206,2007-02-20 19:51:43,121.431300,31.167800,  0, 45,1
87206,2007-02-20 19:53:45,121.431300,31.167800,  0, 45,1
87206,2007-02-20 19:54:36,121.431300,31.167800,  0, 45,0
87206,2007-02-20 19:55:37,121.431300,31.167800,  0, 45,0
87206,2007-02-20 19:56:38,121.431300,31.167800,  0, 45,0
87206,2007-02-20 19:57:39,121.431300,31.167800,  0, 45,0
87206,2007-02-20 19:58:40,121.431300,31.167800,  0, 45,0
87206,2007-02-20 19:59:41,121.431300,31.167800,  0, 45,0
87206,2007-02-20 20:00:42,121.431300,31.167800,  0, 45,0
87206,2007-02-20 20:02:44,121.431300,31.167800,  0, 45,0
87206,2007-02-20 20:03:14,121.431300,31.167800,  0, 45,1
87206,2007-02-20 20:04:15,121.431300,31.167800,  0, 45,1
87206,2007-02-20 20:06:17,121.431500,31.165600,  0, 45,1
87206,2007-02-20 20:07:18,121.429100,31.165300, 26,157,1
87206,2007-02-20 20:08:19,121.430100,31.170100,  0, 22,1
87206,2007-02-20 20:09:20,121.435800,31.171300, 12, 45,1
87206,2007-02-20 20:10:21,121.439100,31.172300,  4, 45,1
87206,2007-02-20 20:11:22,121.443600,31.173300, 46, 45,1
87206,2007-02-20 20:12:23,121.446500,31.174100,  6, 45,1
87206,2007-02-20 20:13:22,121.447600,31.173100, 10,157,0
87206,2007-02-20 20:14:23,121.448000,31.175800,  0,  0,0
87206,2007-02-20 20:15:24,121.447600,31.180300, 56,  0,0
87206,2007-02-20 20:16:25,121.448100,31.183800,  0, 22,0
87206,2007-02-20 20:17:26,121.446100,31.187000, 12, 22,0
87206,2007-02-20 20:18:27,121.454300,31.189800, 58, 22,0
87206,2007-02-20 20:19:28,121.462000,31.194600, 44, 22,0
87206,2007-02-20 20:21:30,121.468600,31.196500, 20, 45,0
87206,2007-02-20 20:22:19,121.468600,31.196500,  0, 45,0
87206,2007-02-20 20:23:20,121.468600,31.196500,  0, 45,0
87206,2007-02-20 20:24:21,121.468600,31.196500,  0, 45,0
87206,2007-02-20 20:25:22,121.468600,31.196500,  0, 45,0
87206,2007-02-20 20:26:23,121.468600,31.196500,  0, 45,0
87206,2007-02-20 20:27:24,121.468600,31.196500,  0, 45,0
87206,2007-02-20 20:28:25,121.468600,31.196500,  0, 45,0
87206,2007-02-20 20:30:27,121.468600,31.196500,  0, 45,0
87206,2007-02-20 20:31:28,121.492300,31.170500,  0, 45,0
87206,2007-02-20 20:32:29,121.492500,31.165300, 60, 90,0
87206,2007-02-20 20:33:30,121.495000,31.159800, 18, 22,0
87206,2007-02-20 20:34:31,121.501300,31.162000, 26, 22,0
87206,2007-02-20 20:34:39,121.501000,31.162300, 12,  0,1
87206,2007-02-20 20:35:40,121.500500,31.161300, 32,112,1
87206,2007-02-20 20:36:41,121.495100,31.159600, 28,112,1
87206,2007-02-20 20:37:42,121.493000,31.163600, 38,  0,1
87206,2007-02-20 20:38:43,121.491500,31.164000, 42,112,1
87206,2007-02-20 20:40:04,121.486500,31.161500,  0,157,0
87206,2007-02-20 20:41:05,121.480500,31.158600, 22,112,0
87206,2007-02-20 20:42:06,121.477500,31.163800, 74,  0,0
87206,2007-02-20 20:43:07,121.474100,31.172300, 58,  0,0
87206,2007-02-20 20:44:08,121.479600,31.179600, 70, 22,0
87206,2007-02-20 20:45:09,121.477300,31.189000, 66,  0,0
87206,2007-02-20 20:46:10,121.474000,31.197300, 60,157,0
87206,2007-02-20 20:47:11,121.470600,31.198600, 56,135,0
87206,2007-02-20 20:48:12,121.459000,31.192800, 82,112,0
87206,2007-02-20 20:49:13,121.448000,31.187800, 74,135,0
87206,2007-02-20 20:50:14,121.438100,31.181000, 70,112,0
87206,2007-02-20 20:51:15,121.428500,31.182300, 66,157,0
87206,2007-02-20 20:52:16,121.419000,31.187800, 72,157,0
87206,2007-02-20 20:54:18,121.409600,31.189000, 18,135,0
87206,2007-02-20 20:55:19,121.407600,31.190500,  0,135,0
87206,2007-02-20 20:55:22,121.407600,31.190500,  0,135,1
87206,2007-02-20 20:56:22,121.407300,31.190300, 12, 45,1
87206,2007-02-20 20:57:23,121.408600,31.188800,  0, 90,1
87206,2007-02-20 20:58:24,121.408600,31.188800,  0, 90,1
87206,2007-02-20 20:59:25,121.408600,31.188800,  0, 90,1
87206,2007-02-20 21:00:26,121.415300,31.190500, 18, 22,1
87206,2007-02-20 21:00:41,121.415500,31.190500, 14, 22,0
87206,2007-02-20 21:01:41,121.419300,31.187300, 56, 67,0
87206,2007-02-20 21:02:42,121.426100,31.183100, 62, 45,0
87206,2007-02-20 21:03:43,121.431000,31.180500, 44, 90,0
87206,2007-02-20 21:04:44,121.429800,31.171100, 56, 90,0
87206,2007-02-20 21:07:47,121.425600,31.156800,  0, 90,0
87206,2007-02-20 21:08:48,121.429600,31.155000, 30, 45,0
87206,2007-02-20 21:10:23,121.428500,31.153300,  0,112,1
87206,2007-02-20 21:11:24,121.425600,31.150500,  0,112,1
87206,2007-02-20 21:12:25,121.421100,31.152000, 68,157,1
87206,2007-02-20 21:13:26,121.419300,31.154300, 38,157,1
87206,2007-02-20 21:14:27,121.417800,31.156000, 44,157,1
87206,2007-02-20 21:15:28,121.415600,31.159000, 48,  0,1
87206,2007-02-20 21:16:29,121.414800,31.164300,  0,  0,1
87206,2007-02-20 21:17:30,121.414000,31.169000, 42,  0,1
87206,2007-02-20 21:21:07,121.410000,31.180500, 30,  0,1
87206,2007-02-20 21:22:08,121.409800,31.182100,  4, 22,1
87206,2007-02-20 21:23:09,121.409600,31.188800, 46, 45,1
87206,2007-02-20 21:24:10,121.414600,31.190300, 42, 45,1
87206,2007-02-20 21:25:11,121.416100,31.190800,  0, 22,1
87206,2007-02-20 21:26:12,121.414000,31.194600, 56,157,1
87206,2007-02-20 21:27:13,121.408600,31.202300, 60,  0,1
87206,2007-02-20 21:28:14,121.407600,31.206100,  0,  0,1
87206,2007-02-20 21:29:15,121.407500,31.211600, 48,  0,1
87206,2007-02-20 21:30:13,121.408000,31.214800, 12,157,0
87206,2007-02-20 21:35:12,121.405600,31.233100, 16,157,0
87206,2007-02-20 21:36:13,121.400100,31.233600,  8,135,0
87206,2007-02-20 21:37:14,121.399600,31.233800, 18,  0,0
87206,2007-02-20 21:38:15,121.396800,31.238500, 34,157,0
87206,2007-02-20 21:39:16,121.395000,31.242100, 34,  0,0
87206,2007-02-20 21:40:17,121.394600,31.243600, 32,  0,0
87206,2007-02-20 21:41:18,121.393100,31.246800, 22,135,0
87206,2007-02-20 21:42:19,121.391800,31.249000, 26,135,0
87206,2007-02-20 21:42:53,121.389600,31.249500,  0,157,1
87206,2007-02-20 21:43:54,121.390100,31.249000,  6, 67,1
87206,2007-02-20 21:44:55,121.392100,31.247800, 26, 90,1
87206,2007-02-20 21:45:56,121.392000,31.244500, 14, 90,1
87206,2007-02-20 21:46:57,121.391600,31.242000, 48, 90,1
87206,2007-02-20 21:47:58,121.391300,31.239100, 42, 90,1
87206,2007-02-20 21:48:59,121.391800,31.233500, 30, 45,1
87206,2007-02-20 21:50:00,121.398300,31.233800, 46, 45,1
87206,2007-02-20 21:51:01,121.404300,31.233000,  0, 45,1
87206,2007-02-20 21:52:02,121.406600,31.232800,  0, 45,1
87206,2007-02-20 21:54:04,121.407500,31.227600, 40, 90,1
87206,2007-02-20 21:55:05,121.410800,31.221300, 12, 45,1
87206,2007-02-20 21:56:06,121.411100,31.221300,  0, 45,1
87206,2007-02-20 21:58:08,121.411100,31.221300,  0, 45,1
87206,2007-02-20 21:59:09,121.411100,31.221300,  0, 45,1
87206,2007-02-20 22:00:10,121.411100,31.221300,  0, 45,1
87206,2007-02-20 22:01:11,121.411100,31.221300,  0, 45,1
87206,2007-02-20 22:02:12,121.411100,31.221300,  0, 45,1
87206,2007-02-20 22:03:13,121.411100,31.221300,  0, 45,1
87206,2007-02-20 22:04:14,121.411100,31.221300,  0, 45,1
87206,2007-02-20 22:05:15,121.411100,31.221300,  0, 45,1
87206,2007-02-20 22:06:16,121.411100,31.221300,  0, 45,1
87206,2007-02-20 22:07:17,121.411100,31.221300,  0, 45,1
87206,2007-02-20 22:08:18,121.411100,31.221500,  0, 45,1
87206,2007-02-20 22:09:19,121.411100,31.221500,  0, 45,1
87206,2007-02-20 22:10:20,121.410300,31.219500, 44,135,1
87206,2007-02-20 22:11:21,121.406800,31.219100,  4,135,1
87206,2007-02-20 22:12:22,121.401300,31.219500,  0,135,1
87206,2007-02-20 22:13:23,121.397800,31.220300, 56,135,1
87206,2007-02-20 22:14:24,121.393800,31.219600,  0,135,1
87206,2007-02-20 22:15:25,121.394000,31.216600, 38,135,1
87206,2007-02-20 22:17:27,121.393500,31.216600,  0, 45,1
87206,2007-02-20 22:18:28,121.393500,31.216600,  0, 45,1
87206,2007-02-20 22:19:29,121.393500,31.216600,  0, 45,1
87206,2007-02-20 22:20:30,121.393500,31.216600,  0, 45,1
87206,2007-02-20 22:21:31,121.393500,31.216600,  0, 45,1
87206,2007-02-20 22:22:32,121.393500,31.216600,  0, 45,1
87206,2007-02-20 22:23:33,121.394300,31.216800, 16, 45,1
87206,2007-02-20 22:24:34,121.395600,31.213300, 38, 90,1
87206,2007-02-20 22:25:35,121.395800,31.210000, 52, 90,1
87206,2007-02-20 22:26:36,121.395500,31.207600, 26, 90,1
87206,2007-02-20 22:27:37,121.394300,31.202100, 26, 45,1
87206,2007-02-20 22:28:38,121.401600,31.203800, 54, 22,1
87206,2007-02-20 22:29:39,121.407300,31.206000, 52, 90,1
87206,2007-02-20 22:30:40,121.412000,31.197100, 66, 67,1
87206,2007-02-20 22:31:41,121.418500,31.188100, 78, 67,1
87206,2007-02-20 22:32:42,121.427500,31.182800, 66, 67,1
87206,2007-02-20 22:33:43,121.437300,31.180300, 58, 22,1
87206,2007-02-20 22:34:44,121.445300,31.186600, 70, 22,1
87206,2007-02-20 22:35:45,121.454600,31.190100, 56, 22,1
87206,2007-02-20 22:36:46,121.462600,31.195000, 58, 22,1
87206,2007-02-20 22:37:47,121.466000,31.196800,  0, 22,1
87206,2007-02-20 22:38:48,121.467000,31.196600, 22, 67,1
87206,2007-02-20 22:39:48,121.469300,31.197000,  0, 45,1
87206,2007-02-20 22:40:49,121.469300,31.197000,  0, 45,1
87206,2007-02-20 22:41:50,121.469300,31.197000,  0, 45,1
87206,2007-02-20 22:42:52,121.469300,31.197000,  0, 45,1
87206,2007-02-20 22:43:52,121.469300,31.197000,  0, 45,1
87206,2007-02-20 22:44:53,121.469300,31.197000,  0, 45,1
87206,2007-02-20 22:45:55,121.469300,31.197000,  0, 45,1
87206,2007-02-20 22:46:55,121.469300,31.197000,  0, 45,1
87206,2007-02-20 22:47:57,121.469300,31.197000,  0, 45,1
87206,2007-02-20 22:48:57,121.469300,31.197000,  0, 45,1
87206,2007-02-20 22:50:59,121.469300,31.197000,  0, 45,1
87206,2007-02-20 22:52:01,121.482600,31.177600,  0, 45,1
87206,2007-02-20 22:53:02,121.483500,31.178600, 10,  0,1
87206,2007-02-20 22:54:02,121.484800,31.177800, 10, 67,1
87206,2007-02-20 22:55:04,121.483800,31.178300, 14, 67,1
87206,2007-02-20 22:56:05,121.487300,31.180100,  6, 45,1
87206,2007-02-20 22:57:06,121.489300,31.180300, 28, 45,1
87206,2007-02-20 22:58:06,121.493000,31.182100, 36,157,1
87206,2007-02-20 22:59:08,121.492500,31.183500,  0,112,1
87206,2007-02-20 23:00:09,121.492500,31.183500,  0,112,1
87206,2007-02-20 23:01:10,121.492500,31.183500,  0,112,1
87206,2007-02-20 23:02:11,121.492500,31.183500,  0,112,1
87206,2007-02-20 23:03:11,121.492500,31.183500,  0,112,1
87206,2007-02-20 23:04:13,121.492500,31.183500,  0,112,1
87206,2007-02-20 23:05:14,121.492500,31.183500,  0,112,1
87206,2007-02-20 23:06:15,121.492500,31.183500,  0,112,1
87206,2007-02-20 23:07:16,121.492500,31.183500,  0,112,1
87206,2007-02-20 23:08:16,121.492500,31.183600,  0,112,1
87206,2007-02-20 23:09:18,121.492500,31.183600,  0,112,1
87206,2007-02-20 23:10:19,121.492500,31.183600,  0,112,1
87206,2007-02-20 23:13:21,121.492500,31.183600,  0,112,1
87206,2007-02-20 23:14:23,121.492500,31.183600,  0,112,1
87206,2007-02-20 23:16:25,121.492500,31.183600,  0,112,1
87206,2007-02-20 23:17:26,121.492500,31.183600,  0,112,1
87206,2007-02-20 23:18:26,121.492500,31.183600,  0,112,1
87206,2007-02-20 23:19:28,121.492500,31.183600,  0,112,1
87206,2007-02-20 23:20:29,121.492500,31.183600,  0,112,1
87206,2007-02-20 23:21:30,121.492500,31.183600,  0,112,1
87206,2007-02-20 23:22:31,121.492500,31.183600,  0,112,1
87206,2007-02-20 23:23:31,121.492500,31.183600,  0,112,1
87206,2007-02-20 23:24:33,121.492500,31.183800,  0,112,1
87206,2007-02-20 23:25:34,121.492500,31.183600,  0,112,1
87206,2007-02-20 23:26:35,121.492500,31.183600,  0,112,1
87206,2007-02-20 23:27:36,121.492500,31.183600,  0,112,1
87206,2007-02-20 23:28:36,121.492500,31.183600,  0,112,1
87206,2007-02-20 23:29:38,121.492500,31.183600,  0,112,1
87206,2007-02-20 23:30:39,121.492500,31.183600,  0,112,1
87206,2007-02-20 23:31:40,121.492500,31.183600,  0,112,1
87206,2007-02-20 23:32:41,121.492500,31.183600,  0,112,1
87206,2007-02-20 23:33:41,121.492500,31.183600,  0,112,1
87206,2007-02-20 23:34:43,121.492500,31.183600,  0,112,1
87206,2007-02-20 23:35:44,121.492500,31.183600,  0,112,1
87206,2007-02-20 23:36:45,121.492500,31.183600,  0,112,1
87206,2007-02-20 23:37:46,121.492500,31.183600,  0,112,1
87206,2007-02-20 23:38:46,121.492500,31.183600,  0,112,1
87206,2007-02-20 23:39:48,121.492500,31.183600,  0,112,1
87206,2007-02-20 23:40:49,121.492500,31.183600,  0,112,1
87206,2007-02-20 23:41:50,121.492500,31.183600,  0,112,1
87206,2007-02-20 23:42:51,121.492500,31.183600,  0,112,1
87206,2007-02-20 23:43:51,121.492500,31.183600,  0,112,1
87206,2007-02-20 23:44:52,121.492500,31.183600,  0,112,1
87206,2007-02-20 23:45:53,121.492500,31.183600,  0,112,1
87206,2007-02-20 23:46:54,121.492500,31.183600,  0,112,1
87206,2007-02-20 23:47:55,121.492500,31.183600,  0,112,1
87206,2007-02-20 23:48:56,121.492500,31.183600,  0,112,1
87206,2007-02-20 23:49:57,121.492500,31.183600,  0,112,1
87206,2007-02-20 23:50:58,121.492500,31.183600,  0,112,1
87206,2007-02-20 23:51:59,121.492500,31.183600,  0,112,1
87206,2007-02-20 23:53:00,121.492500,31.183600,  0,112,1
87206,2007-02-20 23:54:01,121.492500,31.183600,  0,112,1
87206,2007-02-20 23:55:02,121.492500,31.183600,  0,112,1
87206,2007-02-20 23:56:03,121.492500,31.183600,  0,112,1
87206,2007-02-20 23:57:04,121.492500,31.183600,  0,112,1
87206,2007-02-20 23:58:05,121.492500,31.183600,  0,112,1
87206,2007-02-20 23:59:06,121.492500,31.183600,  0,112,1
