85274,2007-02-20 00:00:47,121.544800,31.268000,  0, 22,0
85274,2007-02-20 00:01:49,121.544800,31.268000,  0, 22,0
85274,2007-02-20 00:02:50,121.544800,31.268000,  0, 22,0
85274,2007-02-20 00:03:51,121.544800,31.268000,  0, 22,0
85274,2007-02-20 00:05:52,121.544000,31.267300, 24,112,0
85274,2007-02-20 00:06:07,121.543100,31.268000, 34,157,0
85274,2007-02-20 00:06:24,121.541800,31.268800, 34,157,0
85274,2007-02-20 00:06:40,121.541100,31.269600, 24,157,0
85274,2007-02-20 00:06:56,121.540100,31.270500, 28,157,0
85274,2007-02-20 00:07:27,121.539500,31.271100, 30,157,0
85274,2007-02-20 00:07:44,121.538100,31.272300, 36,157,0
85274,2007-02-20 00:08:00,121.537000,31.273300, 36,157,0
85274,2007-02-20 00:08:16,121.536100,31.274000,  8,157,0
85274,2007-02-20 00:08:37,121.535100,31.274000, 32,112,0
85274,2007-02-20 00:08:54,121.534100,31.273800, 22,157,0
85274,2007-02-20 00:09:55,121.533600,31.273800,  0,112,0
85274,2007-02-20 00:10:56,121.533600,31.273800,  0,112,0
85274,2007-02-20 00:11:57,121.534300,31.273100,  0, 67,0
85274,2007-02-20 00:12:57,121.534000,31.273300,  0,157,0
85274,2007-02-20 00:13:59,121.533800,31.273500,  0,157,0
85274,2007-02-20 00:15:00,121.533600,31.273600,  0,157,0
85274,2007-02-20 00:16:01,121.533300,31.274000,  0,157,0
85274,2007-02-20 00:17:02,121.533600,31.273800,  0,157,0
85274,2007-02-20 00:18:02,121.533600,31.273800,  0,157,0
85274,2007-02-20 00:19:04,121.533600,31.273800,  0,157,0
85274,2007-02-20 00:22:07,121.533600,31.273800,  0,157,0
85274,2007-02-20 00:23:07,121.533600,31.273800,  0,157,0
85274,2007-02-20 00:24:09,121.533500,31.273800,  0,157,0
85274,2007-02-20 00:25:10,121.533500,31.273800,  0,157,0
85274,2007-02-20 00:26:11,121.533500,31.273800,  0,157,0
85274,2007-02-20 00:27:12,121.533500,31.274000,  0,157,0
85274,2007-02-20 00:28:12,121.533500,31.274000,  0,157,0
85274,2007-02-20 00:29:14,121.533500,31.274000,  0,157,0
85274,2007-02-20 00:30:15,121.533500,31.273800,  0,157,0
85274,2007-02-20 00:31:16,121.533500,31.273800,  0,157,0
85274,2007-02-20 00:32:17,121.533500,31.273800,  0,157,0
85274,2007-02-20 00:33:17,121.533800,31.273600,  0, 67,0
85274,2007-02-20 00:34:19,121.533800,31.273600,  0, 67,0
85274,2007-02-20 00:35:20,121.533800,31.273600,  0, 67,0
85274,2007-02-20 00:36:21,121.533800,31.273600,  0, 67,0
85274,2007-02-20 00:37:22,121.533800,31.273600,  0, 67,0
85274,2007-02-20 00:38:22,121.533800,31.273600,  0, 67,0
85274,2007-02-20 00:39:24,121.533800,31.273600,  0, 67,0
85274,2007-02-20 00:40:25,121.533800,31.273600,  0, 67,0
85274,2007-02-20 00:41:26,121.533800,31.273600,  0, 67,0
85274,2007-02-20 00:42:27,121.533800,31.273600,  0, 67,0
85274,2007-02-20 00:43:27,121.533800,31.273600,  0, 67,0
85274,2007-02-20 00:45:30,121.533800,31.273600,  0, 67,0
85274,2007-02-20 00:46:31,121.533800,31.273600,  0, 67,0
85274,2007-02-20 00:47:32,121.533800,31.273600,  0, 67,0
85274,2007-02-20 00:48:32,121.533800,31.273600,  0, 67,0
85274,2007-02-20 00:49:34,121.533000,31.273500,  0, 67,0
85274,2007-02-20 00:50:35,121.533000,31.273500,  0, 67,0
85274,2007-02-20 00:51:36,121.533000,31.273500,  0, 67,0
85274,2007-02-20 00:52:37,121.533000,31.273500,  0, 67,0
85274,2007-02-20 00:53:37,121.533000,31.273500,  0, 67,0
85274,2007-02-20 00:54:39,121.533000,31.273500,  0, 67,0
85274,2007-02-20 00:55:40,121.533000,31.273500,  0, 67,0
85274,2007-02-20 00:56:41,121.533000,31.273500,  0, 67,0
85274,2007-02-20 00:57:42,121.533100,31.274500,  0, 67,0
85274,2007-02-20 00:58:42,121.533300,31.274000,  0, 67,0
85274,2007-02-20 00:59:44,121.533500,31.274100,  0, 67,0
85274,2007-02-20 01:00:45,121.534800,31.274300,  0, 67,0
85274,2007-02-20 01:01:46,121.534800,31.274300,  0, 67,0
85274,2007-02-20 01:02:47,121.535000,31.274500,  0, 22,0
85274,2007-02-20 01:04:49,121.535000,31.274500,  0, 22,0
85274,2007-02-20 01:05:50,121.535000,31.274500,  0, 22,0
85274,2007-02-20 01:06:51,121.535000,31.274500,  0, 22,0
85274,2007-02-20 01:08:52,121.535000,31.274500,  0, 22,0
85274,2007-02-20 01:09:54,121.535000,31.274500,  0, 22,0
85274,2007-02-20 01:10:55,121.535000,31.274500,  0, 22,0
85274,2007-02-20 01:11:56,121.535000,31.274500,  0, 22,0
85274,2007-02-20 01:12:57,121.535000,31.274500,  0, 22,0
85274,2007-02-20 01:13:57,121.535000,31.274500,  0, 22,0
85274,2007-02-20 01:14:59,121.535000,31.274500,  0, 22,0
85274,2007-02-20 01:16:00,121.535000,31.274500,  0, 22,0
85274,2007-02-20 01:17:01,121.535000,31.274500,  0, 22,0
85274,2007-02-20 01:18:02,121.535000,31.274500,  0, 22,0
85274,2007-02-20 01:19:02,121.532300,31.274000,  0, 22,0
85274,2007-02-20 01:20:04,121.532300,31.274000,  0, 22,0
85274,2007-02-20 01:21:05,121.532300,31.274000,  0, 22,0
85274,2007-02-20 01:22:06,121.532300,31.274000,  0, 22,0
85274,2007-02-20 01:23:07,121.532300,31.274000,  0, 22,0
85274,2007-02-20 01:24:07,121.532600,31.273800,  0, 22,0
85274,2007-02-20 01:25:09,121.532600,31.273800,  0, 22,0
85274,2007-02-20 01:26:10,121.532600,31.273800,  0, 22,0
85274,2007-02-20 01:27:11,121.532600,31.273800,  0, 22,0
85274,2007-02-20 01:28:12,121.532600,31.273800,  0, 22,0
85274,2007-02-20 01:29:12,121.533600,31.274000,  0, 67,0
85274,2007-02-20 01:30:14,121.533600,31.274000,  0, 67,0
85274,2007-02-20 01:31:15,121.533600,31.274000,  0, 67,0
85274,2007-02-20 01:32:16,121.533800,31.274000,  0, 67,0
85274,2007-02-20 01:33:17,121.533800,31.274000,  0, 67,0
85274,2007-02-20 01:34:17,121.533800,31.274000,  0, 67,0
85274,2007-02-20 01:35:19,121.533800,31.274000,  0, 67,0
85274,2007-02-20 01:36:20,121.533800,31.274000,  0, 67,0
85274,2007-02-20 01:37:21,121.533800,31.274000,  0, 67,0
85274,2007-02-20 01:38:22,121.533800,31.274000,  0, 67,0
85274,2007-02-20 01:39:22,121.533800,31.274000,  0, 67,0
85274,2007-02-20 01:40:24,121.533800,31.274000,  0, 67,0
85274,2007-02-20 01:41:25,121.533800,31.274000,  0, 67,0
85274,2007-02-20 01:42:25,121.533600,31.274000,  0, 67,0
85274,2007-02-20 01:43:26,121.533600,31.274000,  0, 67,0
85274,2007-02-20 01:44:26,121.533600,31.274000,  0, 67,0
85274,2007-02-20 01:45:28,121.533800,31.274000,  0, 67,0
85274,2007-02-20 01:46:29,121.533800,31.274000,  0, 67,0
85274,2007-02-20 01:47:30,121.533800,31.274000,  0, 67,0
85274,2007-02-20 01:48:31,121.533800,31.274000,  0, 67,0
85274,2007-02-20 01:49:31,121.533800,31.274000,  0, 67,0
85274,2007-02-20 01:50:33,121.533800,31.274000,  0, 67,0
85274,2007-02-20 01:51:34,121.533800,31.273800,  0, 90,0
85274,2007-02-20 01:52:35,121.533800,31.273800,  0, 90,0
85274,2007-02-20 01:53:36,121.533800,31.273800,  0, 90,0
85274,2007-02-20 01:54:36,121.533800,31.273800,  0, 90,0
85274,2007-02-20 01:55:38,121.533100,31.275300,  8,  0,0
85274,2007-02-20 01:56:39,121.533100,31.275100,  0,  0,0
85274,2007-02-20 01:57:40,121.533100,31.275100,  0,  0,0
85274,2007-02-20 01:58:41,121.533100,31.275100,  0,  0,0
85274,2007-02-20 01:59:41,121.533100,31.275100,  0,  0,0
85274,2007-02-20 02:00:43,121.532500,31.277100,  0,  0,0
85274,2007-02-20 02:01:44,121.532500,31.277100,  0,  0,0
85274,2007-02-20 02:02:45,121.532500,31.277100,  0,  0,0
85274,2007-02-20 02:05:36,121.533500,31.274000,  0, 90,0
85274,2007-02-20 02:06:38,121.533600,31.273500,  0, 90,0
85274,2007-02-20 02:07:39,121.533600,31.273500,  0, 90,0
85274,2007-02-20 02:08:40,121.533600,31.273500,  0, 90,0
85274,2007-02-20 02:09:41,121.533600,31.273500,  2, 90,0
85274,2007-02-20 02:10:41,121.534000,31.273100,  0, 67,0
85274,2007-02-20 02:11:43,121.534000,31.273100,  0, 67,0
85274,2007-02-20 02:12:44,121.533800,31.273300,  0, 67,0
85274,2007-02-20 02:13:45,121.533600,31.273500,  0, 67,0
85274,2007-02-20 02:14:46,121.533500,31.275000,  0, 67,0
85274,2007-02-20 02:15:46,121.533600,31.274000,  0, 67,0
85274,2007-02-20 02:16:48,121.533500,31.274000,  0, 67,0
85274,2007-02-20 02:17:49,121.533500,31.274000,  0, 67,0
85274,2007-02-20 02:18:50,121.533500,31.274000,  0, 67,0
85274,2007-02-20 02:19:51,121.533500,31.274000,  0, 67,0
85274,2007-02-20 02:20:51,121.533500,31.274000,  0, 67,0
85274,2007-02-20 02:21:53,121.533500,31.274100,  0, 67,0
85274,2007-02-20 02:22:54,121.533500,31.274100,  0, 67,0
85274,2007-02-20 02:23:55,121.533500,31.274100,  0, 67,0
85274,2007-02-20 02:24:56,121.533500,31.274100,  0, 67,0
85274,2007-02-20 02:25:56,121.533500,31.274100,  0, 67,0
85274,2007-02-20 02:26:58,121.533500,31.274100,  0, 67,0
85274,2007-02-20 02:27:59,121.533500,31.274100,  0, 67,0
85274,2007-02-20 02:29:00,121.533800,31.273800,  0, 67,0
85274,2007-02-20 02:30:01,121.533600,31.273800,  0, 67,0
85274,2007-02-20 02:31:01,121.533800,31.273800,  0, 67,0
85274,2007-02-20 02:32:03,121.533800,31.273800,  0, 67,0
85274,2007-02-20 02:33:04,121.533800,31.273500,  0, 67,0
85274,2007-02-20 02:34:05,121.533800,31.273500,  0, 67,0
85274,2007-02-20 02:35:06,121.533800,31.273500,  0, 67,0
85274,2007-02-20 02:36:06,121.533800,31.273500,  0, 67,0
85274,2007-02-20 02:37:08,121.533800,31.273500,  0, 67,0
85274,2007-02-20 02:38:09,121.533800,31.274300,  0, 67,0
85274,2007-02-20 02:39:10,121.533500,31.273300,  0, 67,0
85274,2007-02-20 02:40:11,121.534000,31.274100,  0, 67,0
85274,2007-02-20 02:41:11,121.533800,31.274000,  0, 67,0
85274,2007-02-20 02:43:14,121.533600,31.274000,  0, 67,0
85274,2007-02-20 02:44:15,121.534000,31.274100,  0, 67,0
85274,2007-02-20 02:45:16,121.533800,31.274300,  0, 67,0
85274,2007-02-20 02:46:16,121.535000,31.275800,  0, 67,0
85274,2007-02-20 02:47:18,121.533500,31.273100,  0, 67,0
85274,2007-02-20 02:49:20,121.533800,31.273800,  0, 67,0
85274,2007-02-20 02:50:21,121.533800,31.273800,  0, 67,0
85274,2007-02-20 02:51:21,121.533800,31.273800,  0, 67,0
85274,2007-02-20 02:52:23,121.533500,31.273500,  0, 67,0
85274,2007-02-20 02:53:24,121.533800,31.273100,  0, 67,0
85274,2007-02-20 02:54:25,121.533800,31.273100,  0, 67,0
85274,2007-02-20 02:56:26,121.533100,31.273000,  0, 67,0
85274,2007-02-20 02:57:27,121.533100,31.273000,  0, 67,0
85274,2007-02-20 02:59:29,121.533100,31.273000,  0, 67,0
85274,2007-02-20 03:00:30,121.533100,31.273000,  0, 67,0
85274,2007-02-20 03:01:31,121.533100,31.273000,  0, 67,0
85274,2007-02-20 03:02:32,121.534100,31.274300,  4, 22,0
85274,2007-02-20 03:03:33,121.534100,31.274300,  0, 22,0
85274,2007-02-20 03:04:34,121.534100,31.274300,  0, 22,0
85274,2007-02-20 03:05:35,121.534100,31.274300,  0, 22,0
85274,2007-02-20 03:06:36,121.534100,31.274300,  0, 45,0
85274,2007-02-20 03:07:37,121.534100,31.274300,  0, 45,0
85274,2007-02-20 03:08:38,121.534100,31.274300,  0, 45,0
85274,2007-02-20 03:09:39,121.533000,31.273600,  0, 45,0
85274,2007-02-20 03:10:40,121.533300,31.273500,  0, 45,0
85274,2007-02-20 03:11:41,121.533300,31.273600,  0, 45,0
85274,2007-02-20 03:13:43,121.533000,31.273500,  0, 45,0
85274,2007-02-20 03:14:45,121.532800,31.273300,  0, 45,0
85274,2007-02-20 03:15:45,121.534100,31.274100,  0, 45,0
85274,2007-02-20 03:16:46,121.532600,31.273300,  0, 45,0
85274,2007-02-20 03:17:47,121.533300,31.273800,  0, 45,0
85274,2007-02-20 03:18:48,121.533000,31.273300,  0, 45,0
85274,2007-02-20 03:19:49,121.533800,31.273800,  0, 45,0
85274,2007-02-20 03:20:50,121.534300,31.274100,  0, 45,0
85274,2007-02-20 03:21:51,121.533800,31.274100,  0, 45,0
85274,2007-02-20 03:22:52,121.533100,31.273800,  0, 45,0
85274,2007-02-20 03:23:53,121.533600,31.274000,  0, 45,0
85274,2007-02-20 03:24:54,121.533600,31.273600,  0, 45,0
85274,2007-02-20 03:25:55,121.533600,31.273600,  0, 45,0
85274,2007-02-20 03:26:56,121.533600,31.273600,  0, 45,0
85274,2007-02-20 03:27:57,121.533600,31.273800,  0, 45,0
85274,2007-02-20 03:28:58,121.533500,31.274000,  0, 45,0
85274,2007-02-20 03:29:59,121.533600,31.274000,  0, 45,0
85274,2007-02-20 03:31:00,121.533600,31.274000,  0, 45,0
85274,2007-02-20 03:32:01,121.533600,31.274000,  0, 45,0
85274,2007-02-20 03:33:02,121.533600,31.274000,  0, 45,0
85274,2007-02-20 03:34:03,121.533600,31.274000,  0, 45,0
85274,2007-02-20 03:36:05,121.533600,31.274000,  0, 45,0
85274,2007-02-20 03:37:06,121.533600,31.274000,  0, 45,0
85274,2007-02-20 03:38:07,121.533600,31.274000,  0, 45,0
85274,2007-02-20 03:39:08,121.533600,31.274000,  0, 45,0
85274,2007-02-20 03:41:10,121.533600,31.274000,  0, 45,0
85274,2007-02-20 03:42:11,121.533600,31.274000,  0, 45,0
85274,2007-02-20 03:43:12,121.533600,31.274000,  0, 45,0
85274,2007-02-20 03:44:13,121.533600,31.274000,  0, 45,0
85274,2007-02-20 03:45:14,121.533600,31.274000,  0, 45,0
85274,2007-02-20 03:46:15,121.533600,31.274000,  0, 45,0
85274,2007-02-20 03:47:16,121.533600,31.274000,  0, 45,0
85274,2007-02-20 03:48:17,121.533600,31.274000,  0,112,0
85274,2007-02-20 03:49:18,121.533600,31.274000,  0,112,0
85274,2007-02-20 03:50:19,121.533600,31.274000,  0,112,0
85274,2007-02-20 03:51:20,121.533600,31.274000,  0,112,0
85274,2007-02-20 03:52:21,121.533600,31.274000,  0,112,0
85274,2007-02-20 03:53:22,121.533600,31.274000,  0,112,0
85274,2007-02-20 03:54:23,121.533600,31.274000,  0,112,0
85274,2007-02-20 03:55:24,121.533600,31.274000,  0,112,0
85274,2007-02-20 03:56:25,121.533600,31.274000,  0,112,0
85274,2007-02-20 03:57:26,121.533600,31.274000,  0,112,0
85274,2007-02-20 03:58:27,121.533600,31.274000,  0,112,0
85274,2007-02-20 03:59:28,121.533600,31.274000,  0,112,0
85274,2007-02-20 04:00:29,121.533600,31.273600,  0,112,0
85274,2007-02-20 04:01:30,121.533600,31.273600,  0,112,0
85274,2007-02-20 04:02:31,121.533600,31.274300,  0,  0,0
85274,2007-02-20 04:03:32,121.533600,31.274300,  0,  0,0
85274,2007-02-20 04:04:33,121.533600,31.274300,  0,  0,0
85274,2007-02-20 04:05:34,121.533600,31.274300,  0,  0,0
85274,2007-02-20 04:06:35,121.533600,31.274100,  0,  0,0
85274,2007-02-20 04:07:36,121.533600,31.274100,  0,  0,0
85274,2007-02-20 04:08:37,121.533600,31.274100,  0,  0,0
85274,2007-02-20 04:09:38,121.533600,31.274100,  0,  0,0
85274,2007-02-20 04:10:39,121.533500,31.274000,  0, 67,0
85274,2007-02-20 04:11:40,121.533500,31.274000,  0, 67,0
85274,2007-02-20 04:12:41,121.533500,31.274100,  0, 67,0
85274,2007-02-20 04:13:42,121.533500,31.274100,  0, 67,0
85274,2007-02-20 04:14:43,121.533500,31.274100,  0, 67,0
85274,2007-02-20 04:15:44,121.533500,31.274100,  0, 67,0
85274,2007-02-20 04:16:45,121.533500,31.274100,  0, 67,0
85274,2007-02-20 04:17:46,121.533500,31.274100,  0, 67,0
85274,2007-02-20 04:18:47,121.533500,31.274100,  0, 67,0
85274,2007-02-20 04:20:49,121.533500,31.274100,  0, 67,0
85274,2007-02-20 04:21:50,121.533500,31.274100,  0, 67,0
85274,2007-02-20 04:22:51,121.533500,31.274100,  0, 67,0
85274,2007-02-20 04:23:52,121.533500,31.274100,  0, 67,0
85274,2007-02-20 04:24:53,121.533500,31.274000,  0, 67,0
85274,2007-02-20 04:25:54,121.533500,31.274000,  0, 67,0
85274,2007-02-20 04:26:55,121.534100,31.273300, 12, 67,0
85274,2007-02-20 04:27:56,121.534600,31.273100,  0, 67,0
85274,2007-02-20 04:28:57,121.534600,31.273100,  0, 67,0
85274,2007-02-20 04:29:58,121.534500,31.273100,  0,157,0
85274,2007-02-20 04:30:59,121.534300,31.273300,  0,157,0
85274,2007-02-20 04:32:00,121.534300,31.273300,  0,157,0
85274,2007-02-20 04:33:01,121.534300,31.273300,  0,157,0
85274,2007-02-20 04:34:02,121.534300,31.273300,  0,157,0
85274,2007-02-20 04:35:03,121.534300,31.273300,  0,157,0
85274,2007-02-20 04:36:04,121.534300,31.273300,  0,157,0
85274,2007-02-20 04:37:05,121.534300,31.273300,  0,157,0
85274,2007-02-20 04:38:06,121.534300,31.273300,  0,157,0
85274,2007-02-20 04:40:08,121.534300,31.273300,  0,157,0
85274,2007-02-20 04:41:09,121.534300,31.273300,  0,157,0
85274,2007-02-20 04:42:10,121.534300,31.273300,  0,157,0
85274,2007-02-20 04:43:11,121.534300,31.273300,  0,157,0
85274,2007-02-20 04:44:12,121.534300,31.273300,  0,157,0
85274,2007-02-20 04:45:13,121.534300,31.273300,  0,157,0
85274,2007-02-20 04:46:14,121.534300,31.273300,  0,157,0
85274,2007-02-20 04:47:15,121.534300,31.273300,  0,157,0
85274,2007-02-20 04:48:16,121.534300,31.273300,  0,157,0
85274,2007-02-20 04:49:17,121.534100,31.273300,  0,157,0
85274,2007-02-20 04:50:18,121.534100,31.273300,  0,157,0
85274,2007-02-20 04:51:19,121.534100,31.273300,  0,157,0
85274,2007-02-20 04:52:20,121.534000,31.273500,  0,157,0
85274,2007-02-20 04:53:21,121.534000,31.273500,  0,157,0
85274,2007-02-20 04:54:22,121.534000,31.273500,  0,157,0
85274,2007-02-20 04:55:23,121.534000,31.273500,  0,157,0
85274,2007-02-20 04:56:24,121.534000,31.273500,  0,157,0
85274,2007-02-20 04:57:25,121.534000,31.273500,  0,157,0
85274,2007-02-20 04:59:27,121.534000,31.273500,  0,157,0
85274,2007-02-20 05:01:29,121.534000,31.273500,  0,157,0
85274,2007-02-20 05:02:30,121.534000,31.273500,  0,157,0
85274,2007-02-20 05:03:31,121.534000,31.273500,  0,157,0
85274,2007-02-20 05:04:32,121.534000,31.273500,  0,157,0
85274,2007-02-20 05:05:33,121.533800,31.273600,  0,157,0
85274,2007-02-20 05:06:34,121.533800,31.273600,  0,157,0
85274,2007-02-20 05:07:35,121.533800,31.273600,  0,157,0
85274,2007-02-20 05:08:36,121.533800,31.273600,  0,157,0
85274,2007-02-20 05:09:37,121.533800,31.273800,  0,157,0
85274,2007-02-20 05:10:38,121.533800,31.273800,  0,157,0
85274,2007-02-20 05:12:40,121.533600,31.273800,  0,157,0
85274,2007-02-20 05:13:41,121.533600,31.273800,  0,157,0
85274,2007-02-20 05:14:42,121.533600,31.273800,  0,157,0
85274,2007-02-20 05:15:43,121.533600,31.273800,  0,157,0
85274,2007-02-20 05:16:44,121.533600,31.273800,  0,157,0
85274,2007-02-20 05:17:45,121.533600,31.273800,  0,157,0
85274,2007-02-20 05:18:46,121.533600,31.273800,  0,157,0
85274,2007-02-20 05:19:47,121.533600,31.273800,  0,157,0
85274,2007-02-20 05:20:48,121.533100,31.274300,  0,157,0
85274,2007-02-20 05:21:49,121.533300,31.274100,  0,157,0
85274,2007-02-20 05:22:50,121.533500,31.274000,  0,157,0
85274,2007-02-20 05:23:51,121.533500,31.274000,  0,157,0
85274,2007-02-20 05:25:53,121.533500,31.274000,  0,157,0
85274,2007-02-20 05:26:54,121.533500,31.274000,  0,157,0
85274,2007-02-20 05:27:55,121.533100,31.274300,  0,157,0
85274,2007-02-20 05:28:56,121.533600,31.273800,  0,157,0
85274,2007-02-20 05:29:57,121.533600,31.273800,  0,157,0
85274,2007-02-20 05:30:58,121.533600,31.273800,  0,157,0
85274,2007-02-20 05:31:59,121.533600,31.273800,  0,157,0
85274,2007-02-20 05:33:00,121.533600,31.273800,  0,157,0
85274,2007-02-20 05:35:02,121.533600,31.273800,  0,157,0
85274,2007-02-20 05:36:03,121.533600,31.273800,  0,157,0
85274,2007-02-20 05:37:04,121.533600,31.273800,  0,157,0
85274,2007-02-20 05:39:06,121.533600,31.273800,  0,157,0
85274,2007-02-20 05:40:07,121.533600,31.273800,  0,157,0
85274,2007-02-20 05:41:08,121.533600,31.273800,  0,157,0
85274,2007-02-20 05:42:09,121.533600,31.273800,  0,157,0
85274,2007-02-20 05:43:10,121.533600,31.273800,  0,157,0
85274,2007-02-20 05:44:11,121.533600,31.273800,  0,157,0
85274,2007-02-20 05:45:12,121.533600,31.273800,  0,157,0
85274,2007-02-20 05:46:13,121.533600,31.273800,  0,157,0
85274,2007-02-20 05:47:14,121.533600,31.273800,  0,157,0
85274,2007-02-20 05:48:15,121.533600,31.273800,  0,157,0
85274,2007-02-20 05:49:16,121.533600,31.273800,  0,157,0
85274,2007-02-20 05:50:17,121.533600,31.273800,  0,157,0
85274,2007-02-20 05:51:18,121.533600,31.273800,  0,157,0
85274,2007-02-20 05:52:19,121.533600,31.273800,  0,157,0
85274,2007-02-20 05:53:20,121.533600,31.273800,  0,157,0
85274,2007-02-20 05:54:21,121.533600,31.273800,  0,157,0
85274,2007-02-20 05:56:23,121.533600,31.273800,  0,157,0
85274,2007-02-20 05:57:24,121.533600,31.273800,  0,157,0
85274,2007-02-20 05:58:25,121.533600,31.273800,  0,157,0
85274,2007-02-20 05:59:26,121.533600,31.273800,  0,157,0
85274,2007-02-20 06:00:27,121.533600,31.273800,  0,157,0
85274,2007-02-20 06:01:28,121.533600,31.273800,  0,157,0
85274,2007-02-20 06:02:29,121.533600,31.273800,  0,157,0
85274,2007-02-20 06:03:30,121.533600,31.273800,  0,157,0
85274,2007-02-20 06:04:31,121.533600,31.273800,  0,157,0
85274,2007-02-20 06:05:32,121.533600,31.273800,  0,157,0
85274,2007-02-20 06:06:33,121.533600,31.273800,  0,157,0
85274,2007-02-20 06:07:34,121.533600,31.273800,  0,157,0
85274,2007-02-20 06:08:35,121.533600,31.273800,  0,157,0
85274,2007-02-20 06:09:36,121.533600,31.273800,  0,157,0
85274,2007-02-20 06:10:37,121.533600,31.273800,  0,157,0
85274,2007-02-20 06:11:38,121.533600,31.273800,  0,157,0
85274,2007-02-20 06:12:39,121.533600,31.273800,  0,157,0
85274,2007-02-20 06:13:40,121.533600,31.273800,  0,157,0
85274,2007-02-20 06:14:40,121.533600,31.273800,  0,157,0
85274,2007-02-20 06:15:41,121.533600,31.273800,  0,157,0
85274,2007-02-20 06:16:42,121.533600,31.273800,  0,157,0
85274,2007-02-20 06:17:43,121.533600,31.273800,  0,157,0
85274,2007-02-20 06:18:44,121.533600,31.273800,  0,157,0
85274,2007-02-20 06:19:45,121.533600,31.273800,  0,157,0
85274,2007-02-20 06:20:46,121.533600,31.273800,  0,157,0
85274,2007-02-20 06:21:47,121.533600,31.273800,  0,157,0
85274,2007-02-20 06:22:48,121.533600,31.273800,  0,157,0
85274,2007-02-20 06:23:49,121.533600,31.273800,  0,157,0
85274,2007-02-20 06:24:50,121.533600,31.273800,  0,157,0
85274,2007-02-20 06:25:51,121.533600,31.273800,  0,157,0
85274,2007-02-20 06:26:52,121.533600,31.273800,  0,157,0
85274,2007-02-20 06:27:53,121.533600,31.273800,  0,157,0
85274,2007-02-20 06:28:54,121.533600,31.273800,  0,157,0
85274,2007-02-20 06:29:55,121.533600,31.273800,  0,157,0
85274,2007-02-20 06:30:56,121.533600,31.273800,  0,157,0
85274,2007-02-20 06:31:57,121.533600,31.273800,  0,157,0
85274,2007-02-20 06:32:58,121.533600,31.273800,  0,157,0
85274,2007-02-20 06:33:59,121.533600,31.273800,  0,157,0
85274,2007-02-20 06:35:00,121.533600,31.273800,  0,157,0
85274,2007-02-20 06:37:02,121.533300,31.275000,  0,157,0
85274,2007-02-20 06:38:03,121.533300,31.274800,  0,157,0
85274,2007-02-20 06:39:04,121.533500,31.274300,  0,157,0
85274,2007-02-20 06:40:05,121.533500,31.273800,  0,157,0
85274,2007-02-20 06:42:07,121.533800,31.273300,  0,157,0
85274,2007-02-20 06:43:08,121.533800,31.273600,  0,157,0
85274,2007-02-20 06:44:09,121.533100,31.274800,  0,157,0
85274,2007-02-20 06:45:10,121.534000,31.273300,  0,157,0
85274,2007-02-20 06:46:11,121.533600,31.274000,  0,157,0
85274,2007-02-20 06:48:13,121.534100,31.273100,  0,157,0
85274,2007-02-20 06:49:14,121.533300,31.274500,  0,157,0
85274,2007-02-20 06:50:15,121.533800,31.273600,  0,157,0
85274,2007-02-20 06:51:16,121.533600,31.273600,  0,157,0
85274,2007-02-20 06:52:17,121.533500,31.274100,  0,157,0
85274,2007-02-20 06:53:18,121.533800,31.273800,  0,157,0
85274,2007-02-20 06:54:19,121.533600,31.274300,  0,157,0
85274,2007-02-20 06:55:20,121.533600,31.274300,  0,157,0
85274,2007-02-20 06:56:21,121.533600,31.274000,  0,157,0
85274,2007-02-20 06:57:22,121.534100,31.273000,  0,157,0
85274,2007-02-20 06:58:23,121.534000,31.273300,  0,157,0
85274,2007-02-20 06:59:24,121.534000,31.273300,  0,157,0
85274,2007-02-20 07:00:25,121.534000,31.273300,  0,157,0
85274,2007-02-20 07:01:26,121.534000,31.273300,  0,157,0
85274,2007-02-20 07:02:27,121.534000,31.273300,  0,157,0
85274,2007-02-20 07:03:28,121.534000,31.273300,  0,157,0
85274,2007-02-20 07:04:29,121.534000,31.273300,  0,157,0
85274,2007-02-20 07:06:31,121.534000,31.273300,  0,157,0
85274,2007-02-20 07:07:18,121.534000,31.273300,  0,157,0
85274,2007-02-20 07:08:18,121.534000,31.273300,  0,157,0
85274,2007-02-20 07:09:19,121.534000,31.273300,  0,157,0
85274,2007-02-20 07:10:20,121.534000,31.273300,  0,157,0
85274,2007-02-20 07:11:21,121.534000,31.273300,  0,157,0
85274,2007-02-20 07:12:22,121.534000,31.273300,  0,157,0
85274,2007-02-20 07:14:24,121.534000,31.273300,  0,157,0
85274,2007-02-20 07:15:25,121.534000,31.273300,  0,157,0
85274,2007-02-20 07:17:27,121.534000,31.273300,  0,157,0
85274,2007-02-20 07:18:28,121.534000,31.273300,  0,157,0
85274,2007-02-20 07:19:29,121.534000,31.273300,  0,157,0
85274,2007-02-20 07:20:30,121.534000,31.273300,  0,157,0
85274,2007-02-20 07:22:32,121.534000,31.273300,  0,157,0
85274,2007-02-20 07:23:33,121.534000,31.273300,  0,157,0
85274,2007-02-20 07:24:34,121.534000,31.273300,  0,157,0
85274,2007-02-20 07:25:35,121.534000,31.273300,  0,157,0
85274,2007-02-20 07:26:36,121.534000,31.273300,  0,157,0
85274,2007-02-20 07:27:37,121.534000,31.273300,  0,157,0
85274,2007-02-20 07:29:39,121.534000,31.273300,  0,157,0
85274,2007-02-20 07:30:40,121.534000,31.273300,  0,157,0
85274,2007-02-20 07:31:41,121.534000,31.273300,  0,157,0
85274,2007-02-20 07:32:42,121.534000,31.273300,  0,157,0
85274,2007-02-20 07:33:43,121.534000,31.273300,  0,157,0
85274,2007-02-20 07:34:44,121.533500,31.274100,  0,157,0
85274,2007-02-20 07:35:45,121.533500,31.274100,  0,157,0
85274,2007-02-20 07:36:46,121.533500,31.274100,  0,157,0
85274,2007-02-20 07:37:47,121.533800,31.273600,  0,157,0
85274,2007-02-20 07:38:48,121.533600,31.273800,  0,157,0
85274,2007-02-20 07:39:49,121.533500,31.273800,  0,157,0
85274,2007-02-20 07:40:50,121.533500,31.273800,  0,157,0
85274,2007-02-20 07:42:52,121.533600,31.273800,  0,157,0
85274,2007-02-20 07:44:54,121.533600,31.273800,  0,157,0
85274,2007-02-20 07:45:55,121.533500,31.273800,  0,157,0
85274,2007-02-20 07:47:57,121.533600,31.273800,  0,157,0
85274,2007-02-20 07:48:58,121.533600,31.273800,  0,157,0
85274,2007-02-20 07:49:59,121.533600,31.274000,  0,157,0
85274,2007-02-20 07:51:00,121.533500,31.274300,  0,157,0
85274,2007-02-20 07:52:01,121.533300,31.274300,  0,157,0
85274,2007-02-20 07:53:02,121.533300,31.274500,  0,157,0
85274,2007-02-20 07:54:03,121.533500,31.274000,  0,157,0
85274,2007-02-20 07:56:05,121.533500,31.274000,  0,157,0
85274,2007-02-20 07:58:07,121.533500,31.274000,  0,157,0
85274,2007-02-20 07:59:08,121.534000,31.273600,  0, 90,0
85274,2007-02-20 08:00:09,121.534500,31.273100,  6, 67,0
85274,2007-02-20 08:01:10,121.534500,31.273000,  0, 67,0
85274,2007-02-20 08:02:11,121.534000,31.273500,  0,157,0
85274,2007-02-20 08:03:12,121.534000,31.273500,  0,157,0
85274,2007-02-20 08:04:13,121.534000,31.273500,  0,157,0
85274,2007-02-20 08:05:14,121.534000,31.273500,  0,157,0
85274,2007-02-20 08:06:15,121.534000,31.273500,  0,157,0
85274,2007-02-20 08:07:16,121.534000,31.273500,  0,157,0
85274,2007-02-20 08:08:17,121.534000,31.273500,  0,157,0
85274,2007-02-20 08:09:18,121.534000,31.273500,  0,157,0
85274,2007-02-20 08:10:19,121.534000,31.273500,  0,157,0
85274,2007-02-20 08:11:20,121.534000,31.273500,  0,157,0
85274,2007-02-20 08:12:21,121.534000,31.273500,  0,157,0
85274,2007-02-20 08:13:22,121.534000,31.273500,  0,157,0
85274,2007-02-20 08:14:23,121.534000,31.273500,  0,157,0
85274,2007-02-20 08:15:24,121.534000,31.273500,  0,157,0
85274,2007-02-20 08:16:25,121.534000,31.273500,  0,157,0
85274,2007-02-20 08:17:26,121.534000,31.273500,  0,157,0
85274,2007-02-20 08:18:27,121.534000,31.273500,  0,157,0
85274,2007-02-20 08:19:28,121.534000,31.273500,  0,157,0
85274,2007-02-20 08:20:29,121.534000,31.273500,  0,157,0
85274,2007-02-20 08:21:30,121.534000,31.273500,  0,157,0
85274,2007-02-20 08:22:31,121.534000,31.273500,  0,157,0
85274,2007-02-20 08:23:32,121.534000,31.273500,  0,157,0
85274,2007-02-20 08:24:33,121.534000,31.273500,  0,157,0
85274,2007-02-20 08:25:34,121.534000,31.273500,  0,157,0
85274,2007-02-20 08:26:35,121.534000,31.273500,  0,157,0
85274,2007-02-20 08:27:36,121.533800,31.273800,  0, 90,0
85274,2007-02-20 08:30:39,121.533800,31.273800,  0, 90,0
85274,2007-02-20 08:31:40,121.533800,31.273800,  0, 90,0
85274,2007-02-20 08:32:41,121.533800,31.273800,  0, 90,0
85274,2007-02-20 08:33:42,121.533800,31.273800,  0, 90,0
85274,2007-02-20 08:35:44,121.533800,31.273800,  0, 90,0
85274,2007-02-20 08:36:45,121.533800,31.273800,  0, 90,0
85274,2007-02-20 08:37:46,121.533800,31.273800,  0, 90,0
85274,2007-02-20 08:38:47,121.533800,31.273800,  0, 90,0
85274,2007-02-20 08:39:48,121.533800,31.273800,  0, 90,0
85274,2007-02-20 08:40:49,121.533800,31.273800,  0, 90,0
85274,2007-02-20 08:41:50,121.533800,31.273800,  0, 90,0
85274,2007-02-20 08:42:51,121.533800,31.273800,  0, 90,0
85274,2007-02-20 08:43:52,121.533800,31.273800,  0, 90,0
85274,2007-02-20 08:44:53,121.533800,31.273800,  0, 90,0
85274,2007-02-20 08:45:54,121.533800,31.273800,  0, 90,0
85274,2007-02-20 08:46:55,121.533800,31.273800,  0, 90,0
85274,2007-02-20 08:47:56,121.533800,31.273800,  0, 90,0
85274,2007-02-20 08:48:57,121.533800,31.273800,  0, 90,0
85274,2007-02-20 08:49:58,121.533800,31.273800,  0, 90,0
85274,2007-02-20 08:50:59,121.533800,31.273800,  0, 90,0
85274,2007-02-20 08:52:00,121.533800,31.273800,  0, 90,0
85274,2007-02-20 08:53:01,121.533800,31.273800,  0, 90,0
85274,2007-02-20 08:54:02,121.533800,31.273800,  0, 90,0
85274,2007-02-20 08:55:03,121.533800,31.273800,  0, 90,0
85274,2007-02-20 08:56:04,121.533800,31.273800,  0, 90,0
85274,2007-02-20 08:57:05,121.533800,31.273800,  0, 90,0
85274,2007-02-20 08:59:07,121.533800,31.273800,  0, 90,0
85274,2007-02-20 09:00:08,121.533800,31.273800,  0, 90,0
85274,2007-02-20 09:01:09,121.533800,31.273800,  0, 90,0
85274,2007-02-20 09:02:10,121.533800,31.273800,  0, 90,0
85274,2007-02-20 09:03:11,121.533800,31.273800,  0, 90,0
85274,2007-02-20 09:04:12,121.533800,31.273800,  0, 90,0
85274,2007-02-20 09:05:13,121.533800,31.273800,  0, 90,0
85274,2007-02-20 09:06:14,121.533800,31.273800,  0, 90,0
85274,2007-02-20 09:07:15,121.533300,31.274000,  0, 90,0
85274,2007-02-20 09:08:16,121.533300,31.274100,  0, 90,0
85274,2007-02-20 09:10:18,121.533300,31.274000,  0, 90,0
85274,2007-02-20 09:11:19,121.533300,31.274000,  0, 90,0
85274,2007-02-20 09:12:20,121.533100,31.274300,  0, 90,0
85274,2007-02-20 09:13:21,121.533300,31.274000,  0, 90,0
85274,2007-02-20 09:13:48,121.533300,31.274000,  0, 90,0
85274,2007-02-20 09:14:49,121.533500,31.273800,  0, 90,0
85274,2007-02-20 09:15:50,121.534000,31.273500,  0, 90,0
85274,2007-02-20 09:16:51,121.533500,31.274000,  0, 90,0
85274,2007-02-20 09:17:52,121.533500,31.274000,  0, 90,0
85274,2007-02-20 09:18:53,121.533500,31.274000,  0, 90,0
85274,2007-02-20 09:19:54,121.533500,31.274000,  0, 90,0
85274,2007-02-20 09:20:55,121.533500,31.274000,  0, 90,0
85274,2007-02-20 09:21:56,121.533500,31.274000,  0, 90,0
85274,2007-02-20 09:22:57,121.533500,31.274000,  0, 90,0
85274,2007-02-20 09:23:58,121.533500,31.274000,  0, 90,0
85274,2007-02-20 09:26:00,121.533500,31.274000,  0, 90,0
85274,2007-02-20 09:27:01,121.533300,31.274100,  0, 90,0
85274,2007-02-20 09:28:02,121.533300,31.274100,  0, 90,0
85274,2007-02-20 09:29:03,121.533500,31.274000,  0, 90,0
85274,2007-02-20 09:30:04,121.533500,31.274000,  0, 90,0
85274,2007-02-20 09:31:05,121.533500,31.274000,  0, 90,0
85274,2007-02-20 09:33:07,121.533500,31.274100,  0, 90,0
85274,2007-02-20 09:34:08,121.533300,31.274100,  0, 90,0
85274,2007-02-20 09:35:09,121.533500,31.273800,  0, 90,0
85274,2007-02-20 09:36:10,121.533500,31.273800,  0, 90,0
85274,2007-02-20 09:37:11,121.533500,31.273500,  0, 90,0
85274,2007-02-20 09:38:12,121.533500,31.273500,  0, 90,0
85274,2007-02-20 09:39:13,121.533500,31.273300,  0, 90,0
85274,2007-02-20 09:40:14,121.533000,31.274100,  0, 90,0
85274,2007-02-20 09:41:15,121.533500,31.273600,  0, 90,0
85274,2007-02-20 09:42:16,121.533300,31.273800,  0, 90,0
85274,2007-02-20 09:43:17,121.533500,31.273600,  0, 90,0
85274,2007-02-20 09:44:18,121.533500,31.273600,  0, 90,0
85274,2007-02-20 09:46:20,121.533600,31.273500,  0, 90,0
85274,2007-02-20 09:47:21,121.533500,31.273500,  0, 90,0
85274,2007-02-20 09:48:22,121.533800,31.273300,  0, 90,0
85274,2007-02-20 09:49:23,121.533500,31.273600,  0, 90,0
85274,2007-02-20 09:50:24,121.533800,31.273000,  0, 90,0
85274,2007-02-20 09:52:26,121.533600,31.273500,  0, 90,0
85274,2007-02-20 09:53:27,121.533500,31.273600,  0, 90,0
85274,2007-02-20 09:54:28,121.533800,31.273000,  0, 90,0
85274,2007-02-20 09:55:29,121.533600,31.273500,  0, 90,0
85274,2007-02-20 09:56:30,121.533600,31.273600,  0, 90,0
85274,2007-02-20 09:57:31,121.533600,31.273300,  0, 90,0
85274,2007-02-20 09:59:33,121.533600,31.273500,  0, 90,0
85274,2007-02-20 10:00:34,121.533600,31.273500,  0, 90,0
85274,2007-02-20 10:01:35,121.534000,31.273100,  0, 90,0
85274,2007-02-20 10:03:37,121.534000,31.273100,  0, 90,0
85274,2007-02-20 10:04:38,121.534100,31.272800,  0, 67,0
85274,2007-02-20 10:06:40,121.534100,31.272800,  0, 67,0
85274,2007-02-20 10:07:40,121.534100,31.272800,  0, 67,0
85274,2007-02-20 10:08:42,121.534100,31.272800,  0, 67,0
85274,2007-02-20 10:09:43,121.534100,31.272800,  0, 67,0
85274,2007-02-20 10:10:44,121.534100,31.272800,  0, 67,0
85274,2007-02-20 10:11:45,121.534100,31.272800,  0, 67,0
85274,2007-02-20 10:12:45,121.533800,31.273600,  0,  0,0
85274,2007-02-20 10:13:47,121.533800,31.273600,  0,  0,0
85274,2007-02-20 10:14:48,121.533800,31.273600,  0,  0,0
85274,2007-02-20 10:15:49,121.533800,31.273600,  0,  0,0
85274,2007-02-20 10:16:50,121.534500,31.272300,  0,  0,0
85274,2007-02-20 10:17:50,121.533800,31.273000,  0,  0,0
85274,2007-02-20 10:18:52,121.534000,31.273100,  0,  0,0
85274,2007-02-20 10:19:53,121.534100,31.272800,  0,  0,0
85274,2007-02-20 10:20:54,121.534100,31.272600,  0,  0,0
85274,2007-02-20 10:21:55,121.533800,31.273300,  0,  0,0
85274,2007-02-20 10:22:55,121.533800,31.273300,  0,  0,0
85274,2007-02-20 10:23:57,121.534000,31.272800,  0,  0,0
85274,2007-02-20 10:24:58,121.534000,31.272800,  0,  0,0
85274,2007-02-20 10:27:00,121.534000,31.272800,  0,  0,0
85274,2007-02-20 10:28:00,121.534000,31.272800,  0,  0,0
85274,2007-02-20 10:29:02,121.534000,31.272800,  0,  0,0
85274,2007-02-20 10:30:03,121.534000,31.272800,  0,  0,0
85274,2007-02-20 10:31:04,121.534000,31.272800,  0,  0,0
85274,2007-02-20 10:32:05,121.534000,31.272800,  0,  0,0
85274,2007-02-20 10:34:07,121.534000,31.272800,  0,  0,0
85274,2007-02-20 10:35:08,121.534000,31.272800,  0,  0,0
85274,2007-02-20 10:35:40,121.539000,31.276100, 30, 22,0
85274,2007-02-20 10:36:13,121.540500,31.274500,  6, 90,0
85274,2007-02-20 10:36:29,121.539500,31.274000, 38,112,0
85274,2007-02-20 10:36:45,121.538100,31.273000, 44,112,0
85274,2007-02-20 10:37:00,121.538100,31.272100, 32, 67,0
85274,2007-02-20 10:37:17,121.539100,31.271300, 36, 67,0
85274,2007-02-20 10:37:39,121.539100,31.270600, 36,112,0
85274,2007-02-20 10:37:55,121.537800,31.269800, 32,112,0
85274,2007-02-20 10:38:14,121.537000,31.269100, 12, 67,0
85274,2007-02-20 10:38:37,121.537800,31.268600, 18, 67,0
85274,2007-02-20 10:39:00,121.537800,31.267500, 20, 67,0
85274,2007-02-20 10:40:00,121.538100,31.267000,  0, 67,0
85274,2007-02-20 10:41:02,121.538100,31.267000,  0, 67,0
85274,2007-02-20 10:42:03,121.538100,31.267000,  0, 67,0
85274,2007-02-20 10:43:04,121.537300,31.269000, 18,  0,0
85274,2007-02-20 10:43:35,121.536300,31.268800, 16,112,0
85274,2007-02-20 10:43:57,121.535500,31.268100, 28,112,0
85274,2007-02-20 10:44:45,121.534600,31.267300, 22,112,1
85274,2007-02-20 10:45:44,121.533300,31.266100,  0,112,1
85274,2007-02-20 10:46:46,121.531300,31.264800, 48,112,1
85274,2007-02-20 10:47:47,121.527100,31.262300, 44,112,1
85274,2007-02-20 10:48:48,121.521000,31.260100, 10,112,1
85274,2007-02-20 10:49:49,121.518000,31.258000, 34,112,1
85274,2007-02-20 10:50:49,121.512500,31.255000, 34,112,1
85274,2007-02-20 10:50:58,121.512000,31.254600, 16,112,0
85274,2007-02-20 10:51:38,121.511500,31.254300, 42,112,0
85274,2007-02-20 10:51:58,121.510000,31.253800, 26,157,0
85274,2007-02-20 10:52:09,121.509500,31.254600, 38,157,0
85274,2007-02-20 10:52:26,121.508500,31.255600, 26,157,0
85274,2007-02-20 10:52:43,121.509300,31.256300, 36, 22,0
85274,2007-02-20 10:52:59,121.510800,31.257000,  0, 45,0
85274,2007-02-20 10:53:18,121.511500,31.256100, 50, 67,0
85274,2007-02-20 10:53:34,121.512100,31.255100,  0, 67,0
85274,2007-02-20 10:54:34,121.512100,31.255100,  0, 67,0
85274,2007-02-20 10:54:58,121.513000,31.255000, 32, 22,0
85274,2007-02-20 10:55:14,121.514500,31.255800, 38, 22,0
85274,2007-02-20 10:55:29,121.515600,31.256500, 50, 22,0
85274,2007-02-20 10:55:46,121.517500,31.257600, 46, 22,0
85274,2007-02-20 10:56:19,121.518500,31.258100, 20, 22,0
85274,2007-02-20 10:56:21,121.518500,31.258100, 34, 22,1
85274,2007-02-20 10:57:21,121.521800,31.260500, 60, 22,1
85274,2007-02-20 10:58:22,121.529600,31.263600, 56, 22,1
85274,2007-02-20 10:59:23,121.532600,31.265300,  0, 22,1
85274,2007-02-20 11:00:24,121.535600,31.268100, 52, 22,1
85274,2007-02-20 11:01:24,121.541600,31.272100, 30, 22,1
85274,2007-02-20 11:02:26,121.543600,31.274000, 60, 22,1
85274,2007-02-20 11:03:27,121.548600,31.278600, 22, 22,1
85274,2007-02-20 11:04:14,121.550000,31.279500, 10,  0,0
85274,2007-02-20 11:04:29,121.550000,31.279600,  0,157,0
85274,2007-02-20 11:05:03,121.550300,31.279300, 26, 45,1
85274,2007-02-20 11:06:04,121.553300,31.283800, 62,  0,1
85274,2007-02-20 11:07:04,121.548800,31.291000, 54,157,1
85274,2007-02-20 11:09:07,121.541100,31.307300, 74,  0,1
85274,2007-02-20 11:10:08,121.541600,31.313100, 18,  0,1
85274,2007-02-20 11:11:09,121.537500,31.313500, 34,135,1
85274,2007-02-20 11:13:03,121.527600,31.313500,  0,135,0
85274,2007-02-20 11:13:19,121.527600,31.313500,  0,135,0
85274,2007-02-20 11:13:58,121.527500,31.312600, 44, 90,0
85274,2007-02-20 11:14:47,121.527300,31.311600, 32, 90,0
85274,2007-02-20 11:15:03,121.527300,31.310000, 44, 90,0
85274,2007-02-20 11:15:19,121.527500,31.308100, 36, 90,0
85274,2007-02-20 11:16:13,121.527500,31.307100, 26, 90,0
85274,2007-02-20 11:16:29,121.527500,31.306100, 36, 90,0
85274,2007-02-20 11:16:44,121.527500,31.305100, 28, 90,0
85274,2007-02-20 11:17:01,121.527500,31.303500, 38, 90,0
85274,2007-02-20 11:17:17,121.527500,31.302500, 30, 90,0
85274,2007-02-20 11:17:33,121.527500,31.300800, 42, 90,0
85274,2007-02-20 11:17:49,121.527600,31.300000, 34, 90,0
85274,2007-02-20 11:18:06,121.528300,31.298500, 56, 67,0
85274,2007-02-20 11:18:22,121.529300,31.296600, 52, 67,0
85274,2007-02-20 11:18:38,121.530000,31.295500,  0, 67,0
85274,2007-02-20 11:19:03,121.530300,31.294500, 52, 90,0
85274,2007-02-20 11:19:19,121.530500,31.292300, 62, 90,0
85274,2007-02-20 11:19:34,121.530500,31.290600, 26, 90,0
85274,2007-02-20 11:19:51,121.530500,31.288800, 56, 90,0
85274,2007-02-20 11:20:23,121.531800,31.286300, 42, 67,0
85274,2007-02-20 11:20:39,121.532600,31.285000, 38, 67,0
85274,2007-02-20 11:20:54,121.533800,31.283600, 50, 67,0
85274,2007-02-20 11:21:11,121.535000,31.282100, 48, 67,0
85274,2007-02-20 11:21:27,121.535800,31.281000, 18, 67,0
85274,2007-02-20 11:22:09,121.536300,31.280100, 28, 67,0
85274,2007-02-20 11:22:24,121.537000,31.279300, 42, 67,0
85274,2007-02-20 11:22:41,121.538100,31.277800, 44, 67,0
85274,2007-02-20 11:22:57,121.539000,31.276500, 18, 67,0
85274,2007-02-20 11:23:13,121.538500,31.275800, 32,112,0
85274,2007-02-20 11:23:29,121.537000,31.275000, 40,112,0
85274,2007-02-20 11:23:44,121.536100,31.274100, 14, 90,0
85274,2007-02-20 11:24:01,121.537100,31.273100, 40, 67,0
85274,2007-02-20 11:24:17,121.538300,31.272000, 40, 67,0
85274,2007-02-20 11:24:33,121.539100,31.271300, 34, 67,0
85274,2007-02-20 11:24:49,121.539100,31.270600, 44,112,0
85274,2007-02-20 11:25:04,121.537500,31.269600, 30,112,0
85274,2007-02-20 11:25:57,121.537300,31.269000, 20, 67,0
85274,2007-02-20 11:26:58,121.537300,31.268800,  0, 45,0
85274,2007-02-20 11:27:59,121.537300,31.268800,  0, 45,0
85274,2007-02-20 11:28:38,121.538100,31.270000, 44, 22,0
85274,2007-02-20 11:28:54,121.539600,31.270800, 22, 22,0
85274,2007-02-20 11:29:29,121.539100,31.271500, 40,157,0
85274,2007-02-20 11:29:46,121.537600,31.272600, 34,157,0
85274,2007-02-20 11:30:02,121.536600,31.273600, 32,157,0
85274,2007-02-20 11:31:01,121.536300,31.274500, 34, 22,0
85274,2007-02-20 11:31:17,121.538000,31.275600, 48, 22,0
85274,2007-02-20 11:31:49,121.540000,31.275300, 46, 67,0
85274,2007-02-20 11:32:24,121.540500,31.274600, 12, 67,0
85274,2007-02-20 11:32:41,121.541300,31.273500, 42, 67,0
85274,2007-02-20 11:32:57,121.542100,31.272500, 20,112,0
85274,2007-02-20 11:33:13,121.540800,31.271800, 42,112,0
85274,2007-02-20 11:33:41,121.539800,31.271100, 22,112,0
85274,2007-02-20 11:34:13,121.537100,31.269500, 40,112,0
85274,2007-02-20 11:34:29,121.536100,31.268600,  4, 90,0
85274,2007-02-20 11:35:09,121.535500,31.268000, 36,112,0
85274,2007-02-20 11:35:24,121.534300,31.267000, 36,112,0
85274,2007-02-20 11:35:41,121.533300,31.266000, 24,112,0
85274,2007-02-20 11:36:09,121.532300,31.266600, 46,157,0
85274,2007-02-20 11:36:26,121.531500,31.268100, 20,157,0
85274,2007-02-20 11:36:42,121.530800,31.269000, 42,157,0
85274,2007-02-20 11:36:58,121.529300,31.270300, 44,157,0
85274,2007-02-20 11:37:18,121.528600,31.271100, 28,112,0
85274,2007-02-20 11:37:34,121.527000,31.270300, 42,112,0
85274,2007-02-20 11:38:13,121.526000,31.269800, 16,112,0
85274,2007-02-20 11:38:31,121.525100,31.269300,  8,112,0
85274,2007-02-20 11:38:49,121.524100,31.268800, 38,112,0
85274,2007-02-20 11:39:06,121.522300,31.268000, 46,112,0
85274,2007-02-20 11:39:22,121.520600,31.267100, 48,112,0
85274,2007-02-20 11:39:38,121.518600,31.266300, 42,112,0
85274,2007-02-20 11:39:54,121.516800,31.265500, 58,112,0
85274,2007-02-20 11:40:09,121.514800,31.264600, 50,112,0
85274,2007-02-20 11:40:26,121.512600,31.263300, 52,112,0
85274,2007-02-20 11:40:42,121.511000,31.262100, 58,112,0
85274,2007-02-20 11:40:58,121.509600,31.261500, 32,157,0
85274,2007-02-20 11:41:14,121.508600,31.262800, 16,157,0
85274,2007-02-20 11:41:29,121.507800,31.262300, 34,112,0
85274,2007-02-20 11:41:59,121.506800,31.262000, 40,157,0
85274,2007-02-20 11:42:14,121.506000,31.262800,  4,157,0
85274,2007-02-20 11:42:31,121.505100,31.263600, 42,157,0
85274,2007-02-20 11:42:49,121.504500,31.264300, 16,157,0
85274,2007-02-20 11:43:04,121.503500,31.265300, 42,157,0
85274,2007-02-20 11:43:21,121.502800,31.266300,  0,157,0
85274,2007-02-20 11:44:13,121.501600,31.266500, 48,112,0
85274,2007-02-20 11:44:29,121.499300,31.265500, 56,112,0
85274,2007-02-20 11:44:44,121.497500,31.264600, 38,112,0
85274,2007-02-20 11:45:06,121.496600,31.263600, 26,112,0
85274,2007-02-20 11:45:36,121.496000,31.262600, 42,112,0
85274,2007-02-20 11:46:03,121.495600,31.262100, 22,112,1
85274,2007-02-20 11:47:04,121.491100,31.263000, 26,112,1
85274,2007-02-20 11:48:04,121.488500,31.261100, 22, 90,1
85274,2007-02-20 11:49:06,121.484600,31.260000,  0,157,1
85274,2007-02-20 11:50:07,121.481000,31.259800, 28,112,1
85274,2007-02-20 11:51:08,121.476800,31.260000, 44,135,1
85274,2007-02-20 11:52:09,121.474300,31.261600, 16,157,1
85274,2007-02-20 11:53:09,121.470100,31.259000, 38,112,1
85274,2007-02-20 11:54:11,121.466100,31.256000, 42,112,1
85274,2007-02-20 11:55:12,121.459500,31.254100, 32,135,1
85274,2007-02-20 11:55:24,121.459000,31.254300, 14,  0,0
85274,2007-02-20 11:55:41,121.459300,31.255300,  0,  0,0
85274,2007-02-20 11:56:08,121.460600,31.255500, 42, 45,0
85274,2007-02-20 11:56:24,121.462300,31.256000, 34, 45,0
85274,2007-02-20 11:57:39,121.464000,31.255800, 36, 90,0
85274,2007-02-20 11:58:33,121.464500,31.255000, 24, 45,0
85274,2007-02-20 11:58:49,121.465800,31.255500, 34, 22,0
85274,2007-02-20 11:59:04,121.467100,31.256300, 40, 22,0
85274,2007-02-20 11:59:21,121.468500,31.257300, 22, 22,0
85274,2007-02-20 11:59:42,121.469300,31.258100, 32, 22,0
85274,2007-02-20 11:59:58,121.470600,31.259300, 40, 22,0
85274,2007-02-20 12:00:29,121.473300,31.262100, 38, 22,0
85274,2007-02-20 12:00:59,121.474100,31.261800, 18, 22,0
85274,2007-02-20 12:01:16,121.475100,31.263000, 34, 22,0
85274,2007-02-20 12:01:32,121.475300,31.264300, 38,  0,0
85274,2007-02-20 12:02:04,121.475100,31.265000, 28,  0,0
85274,2007-02-20 12:02:19,121.475000,31.266300, 46,  0,0
85274,2007-02-20 12:02:36,121.475600,31.267600, 26, 45,0
85274,2007-02-20 12:03:04,121.476600,31.267100, 20, 45,0
85274,2007-02-20 12:03:23,121.477500,31.267600, 30,  0,0
85274,2007-02-20 12:03:39,121.477800,31.269000, 32,  0,0
85274,2007-02-20 12:03:54,121.477800,31.270300, 26,157,0
85274,2007-02-20 12:04:11,121.476300,31.270800, 40,157,0
85274,2007-02-20 12:04:27,121.475000,31.271800, 34,  0,0
85274,2007-02-20 12:04:46,121.474800,31.272800, 28,  0,0
85274,2007-02-20 12:05:02,121.474800,31.273800, 16,  0,0
85274,2007-02-20 12:06:03,121.475100,31.273800,  0, 22,0
85274,2007-02-20 12:07:04,121.475100,31.273800,  0, 22,0
85274,2007-02-20 12:07:38,121.474500,31.274000, 24,  0,1
85274,2007-02-20 12:08:39,121.477500,31.280500, 50,  0,1
85274,2007-02-20 12:09:39,121.480600,31.281800,  0, 45,1
85274,2007-02-20 12:10:41,121.485500,31.281100,  0, 22,1
85274,2007-02-20 12:11:42,121.485800,31.281100, 18, 45,1
85274,2007-02-20 12:12:03,121.486000,31.281600,  0,  0,0
85274,2007-02-20 12:12:39,121.486000,31.282100, 24,  0,0
85274,2007-02-20 12:12:54,121.486000,31.283600, 48,  0,0
85274,2007-02-20 12:13:27,121.486300,31.286800, 14, 22,0
85274,2007-02-20 12:14:28,121.486300,31.286800,  0, 22,0
85274,2007-02-20 12:14:51,121.486300,31.288000, 44,  0,0
85274,2007-02-20 12:15:23,121.486100,31.290600, 48,  0,0
85274,2007-02-20 12:15:39,121.486500,31.292300, 30,  0,0
85274,2007-02-20 12:15:54,121.487600,31.292800, 46, 45,0
85274,2007-02-20 12:16:11,121.489000,31.293000, 28, 90,0
85274,2007-02-20 12:16:27,121.489600,31.292100, 18, 90,0
85274,2007-02-20 12:16:43,121.489100,31.290800, 44, 90,0
85274,2007-02-20 12:16:59,121.488800,31.289300, 40, 90,0
85274,2007-02-20 12:18:23,121.486600,31.287600,  4,  0,1
85274,2007-02-20 12:19:24,121.486600,31.288000,  0,  0,1
85274,2007-02-20 12:22:24,121.479800,31.289000,  0, 22,1
85274,2007-02-20 12:23:26,121.477800,31.282300,  0, 22,1
85274,2007-02-20 12:24:27,121.477800,31.282300,  0, 22,1
85274,2007-02-20 12:25:28,121.474800,31.271600, 54, 90,1
85274,2007-02-20 12:26:29,121.475100,31.267300, 36, 90,1
85274,2007-02-20 12:27:29,121.474000,31.261600, 40,112,1
85274,2007-02-20 12:28:31,121.472800,31.259100, 24, 90,1
85274,2007-02-20 12:29:32,121.471300,31.256800,  0,112,1
85274,2007-02-20 12:30:33,121.466100,31.254000, 40,112,1
85274,2007-02-20 12:31:34,121.461800,31.252600,  0,112,1
85274,2007-02-20 12:31:51,121.461800,31.252800,  0,112,0
85274,2007-02-20 12:32:48,121.460600,31.252600, 38,135,0
85274,2007-02-20 12:33:06,121.459500,31.252300, 16,112,0
85274,2007-02-20 12:33:31,121.460000,31.251600, 26, 45,0
85274,2007-02-20 12:33:47,121.461300,31.251300, 34, 45,0
85274,2007-02-20 12:34:03,121.462800,31.251500, 26, 45,0
85274,2007-02-20 12:34:19,121.464000,31.251800, 32, 45,0
85274,2007-02-20 12:34:58,121.464800,31.252100, 24, 22,0
85274,2007-02-20 12:35:21,121.464600,31.253100, 20,  0,0
85274,2007-02-20 12:35:37,121.464300,31.254600, 38,  0,0
85274,2007-02-20 12:36:14,121.466600,31.256000, 42, 22,0
85274,2007-02-20 12:36:31,121.468100,31.257100, 50, 22,0
85274,2007-02-20 12:36:47,121.469600,31.258300, 50, 22,0
85274,2007-02-20 12:37:03,121.470800,31.259500, 26, 45,0
85274,2007-02-20 12:37:19,121.472300,31.258500, 42, 67,0
85274,2007-02-20 12:37:44,121.472500,31.258300, 12,  0,0
85274,2007-02-20 12:38:22,121.472800,31.259600, 30,  0,0
85274,2007-02-20 12:38:38,121.473500,31.261000, 40, 22,0
85274,2007-02-20 12:39:09,121.475000,31.262800, 32, 22,0
85274,2007-02-20 12:39:27,121.475300,31.263800, 32,  0,0
85274,2007-02-20 12:40:14,121.475100,31.265000, 26,  0,0
85274,2007-02-20 12:40:31,121.475100,31.266100, 38,  0,0
85274,2007-02-20 12:40:47,121.475100,31.267300, 20,  0,0
85274,2007-02-20 12:41:04,121.475600,31.268300, 36,  0,0
85274,2007-02-20 12:41:21,121.475300,31.270000, 42,  0,0
85274,2007-02-20 12:42:22,121.475000,31.270600,  0,112,0
85274,2007-02-20 12:42:26,121.475000,31.270600, 14,157,1
85274,2007-02-20 12:43:27,121.475600,31.276800, 22,  0,1
85274,2007-02-20 12:45:29,121.478100,31.282000,  0,  0,1
85274,2007-02-20 12:47:31,121.480100,31.292300,  0,  0,1
85274,2007-02-20 12:48:32,121.480100,31.292300,  0,  0,1
85274,2007-02-20 12:49:32,121.485600,31.294500, 60, 22,1
85274,2007-02-20 12:50:34,121.496600,31.297300, 62, 45,1
85274,2007-02-20 12:51:34,121.504000,31.299500,  0, 90,1
85274,2007-02-20 12:52:35,121.507100,31.300500, 70, 45,1
85274,2007-02-20 12:52:39,121.507800,31.300600, 66, 45,0
85274,2007-02-20 12:52:54,121.509800,31.301300, 26, 45,0
85274,2007-02-20 12:53:25,121.510800,31.301500, 30, 67,0
85274,2007-02-20 12:53:41,121.511800,31.300800, 42, 90,0
85274,2007-02-20 12:53:57,121.512300,31.299500, 26, 67,0
85274,2007-02-20 12:54:24,121.512800,31.298500, 40, 90,0
85274,2007-02-20 12:54:40,121.513500,31.297000, 44, 90,0
85274,2007-02-20 12:54:56,121.512800,31.296100, 40,135,0
85274,2007-02-20 12:55:12,121.511100,31.295600, 14,135,0
85274,2007-02-20 12:55:29,121.511000,31.294800, 40, 90,0
85274,2007-02-20 12:55:45,121.511000,31.293100, 42, 90,0
85274,2007-02-20 12:56:01,121.511500,31.292300, 32, 45,0
85274,2007-02-20 12:56:17,121.513300,31.293000, 46, 45,0
85274,2007-02-20 12:56:33,121.514800,31.293500, 20, 22,0
85274,2007-02-20 12:57:20,121.515800,31.293800, 48, 45,0
85274,2007-02-20 12:57:36,121.517000,31.293600, 38, 67,0
85274,2007-02-20 12:57:52,121.517500,31.292500,  0, 90,0
85274,2007-02-20 12:58:29,121.517800,31.291600, 18, 45,0
85274,2007-02-20 12:58:45,121.519500,31.292100, 46, 45,0
85274,2007-02-20 12:59:01,121.520800,31.292300, 30, 45,0
85274,2007-02-20 12:59:17,121.522300,31.292800, 26, 45,0
85274,2007-02-20 12:59:33,121.523000,31.291500, 48, 90,0
85274,2007-02-20 13:00:45,121.524000,31.289500, 40, 67,0
85274,2007-02-20 13:01:01,121.525000,31.288100, 42, 67,0
85274,2007-02-20 13:01:17,121.525800,31.287000, 40, 67,0
85274,2007-02-20 13:01:33,121.526100,31.285800, 20,135,0
85274,2007-02-20 13:01:49,121.524500,31.285300, 26,112,0
85274,2007-02-20 13:02:08,121.524100,31.285100, 24,112,1
85274,2007-02-20 13:03:08,121.519800,31.283100,  0,135,1
85274,2007-02-20 13:04:09,121.519800,31.283100,  0,135,1
85274,2007-02-20 13:05:10,121.513600,31.281100, 34,112,1
85274,2007-02-20 13:06:11,121.513300,31.281000,  0,135,1
85274,2007-02-20 13:07:12,121.512500,31.278600, 42,135,1
85274,2007-02-20 13:08:13,121.508500,31.277100,  0,112,1
85274,2007-02-20 13:09:14,121.504600,31.274600, 36,112,1
85274,2007-02-20 13:10:15,121.501800,31.271100,  0, 90,1
85274,2007-02-20 13:12:17,121.499100,31.263800, 46, 67,1
85274,2007-02-20 13:13:18,121.496300,31.261300, 30,112,1
85274,2007-02-20 13:14:19,121.496000,31.261100, 16,112,1
85274,2007-02-20 13:15:20,121.494300,31.259800, 28,112,1
85274,2007-02-20 13:16:21,121.492300,31.256800, 36,112,1
85274,2007-02-20 13:17:22,121.490000,31.255500,  0,135,1
85274,2007-02-20 13:18:23,121.484800,31.254300, 32,112,1
85274,2007-02-20 13:19:24,121.485100,31.248100, 66, 90,1
85274,2007-02-20 13:20:25,121.485500,31.239800, 44, 90,1
85274,2007-02-20 13:22:27,121.489600,31.231500,  0,112,1
85274,2007-02-20 13:23:17,121.488600,31.231300,  0,112,0
85274,2007-02-20 13:23:32,121.488500,31.231300,  8,135,0
85274,2007-02-20 13:24:33,121.488600,31.231300, 20, 45,0
85274,2007-02-20 13:24:49,121.489800,31.231100, 12, 45,0
85274,2007-02-20 13:25:05,121.490800,31.230300, 30, 67,0
85274,2007-02-20 13:25:57,121.491500,31.229500, 28, 67,0
85274,2007-02-20 13:26:13,121.492300,31.228500, 44, 90,0
85274,2007-02-20 13:26:29,121.492500,31.227500, 10, 67,0
85274,2007-02-20 13:27:04,121.492600,31.227300, 12, 67,1
85274,2007-02-20 13:28:05,121.494000,31.229100, 64,157,1
85274,2007-02-20 13:29:44,121.484300,31.237300, 42,135,1
85274,2007-02-20 13:30:44,121.482000,31.236800, 48,135,1
85274,2007-02-20 13:31:45,121.477800,31.235600,  0,135,1
85274,2007-02-20 13:32:46,121.474300,31.234500, 40,112,1
85274,2007-02-20 13:33:32,121.472800,31.234000,  0,112,0
85274,2007-02-20 13:33:48,121.472600,31.234100,  6,135,0
85274,2007-02-20 13:34:44,121.472500,31.234100,  0,112,0
85274,2007-02-20 13:35:44,121.471800,31.233600,  0,135,0
85274,2007-02-20 13:36:19,121.471100,31.234500, 32,157,0
85274,2007-02-20 13:36:46,121.471800,31.235000, 28, 22,0
85274,2007-02-20 13:37:12,121.473000,31.235300, 12, 22,0
85274,2007-02-20 13:38:13,121.472800,31.236300, 24, 45,0
85274,2007-02-20 13:39:07,121.474300,31.236300, 22, 45,0
85274,2007-02-20 13:39:23,121.475500,31.236500, 34, 45,0
85274,2007-02-20 13:39:39,121.477100,31.237500, 38, 22,0
85274,2007-02-20 13:39:55,121.478100,31.238000, 32, 45,0
85274,2007-02-20 13:40:11,121.479500,31.238300, 32, 45,0
85274,2007-02-20 13:41:12,121.480300,31.238600,  0, 45,0
85274,2007-02-20 13:42:13,121.480300,31.239000,  0,  0,0
85274,2007-02-20 13:42:55,121.480000,31.239800, 42,157,0
85274,2007-02-20 13:43:11,121.479500,31.241500, 46,  0,0
85274,2007-02-20 13:43:27,121.479000,31.242800, 22,  0,0
85274,2007-02-20 13:43:45,121.479000,31.243600, 38, 22,0
85274,2007-02-20 13:44:01,121.480500,31.244800, 44, 22,0
85274,2007-02-20 13:45:02,121.481100,31.245100,  0, 45,0
85274,2007-02-20 13:45:48,121.481000,31.247100, 40,  0,0
85274,2007-02-20 13:46:04,121.480800,31.248600, 32,  0,0
85274,2007-02-20 13:46:33,121.480800,31.249100, 20,  0,1
85274,2007-02-20 13:47:34,121.480500,31.251300,  0, 22,1
85274,2007-02-20 13:48:35,121.479100,31.250800, 44,112,1
85274,2007-02-20 13:49:36,121.474100,31.248800, 62,135,1
85274,2007-02-20 13:50:37,121.468100,31.247100,  0,135,1
85274,2007-02-20 13:51:38,121.466800,31.247000,  0,135,1
85274,2007-02-20 13:52:39,121.460100,31.246500, 52,135,1
85274,2007-02-20 13:53:40,121.458600,31.250800, 58,  0,1
85274,2007-02-20 13:54:41,121.458300,31.261000, 78,157,1
85274,2007-02-20 13:55:42,121.452600,31.270600, 98,157,1
85274,2007-02-20 13:57:44,121.445500,31.294500, 84,  0,1
85274,2007-02-20 13:58:45,121.444000,31.306300, 80,  0,1
85274,2007-02-20 13:59:46,121.444000,31.314000, 60,  0,1
85274,2007-02-20 14:00:47,121.443800,31.315100,  0,135,1
85274,2007-02-20 14:01:48,121.443300,31.318500, 28,  0,1
85274,2007-02-20 14:02:49,121.441600,31.322600, 42,  0,1
85274,2007-02-20 14:04:51,121.441300,31.323500,  0,  0,1
85274,2007-02-20 14:05:52,121.436000,31.323000, 16,157,1
85274,2007-02-20 14:06:53,121.435800,31.327100,  0, 45,1
85274,2007-02-20 14:07:02,121.435800,31.327100,  0, 45,0
85274,2007-02-20 14:07:35,121.437000,31.327500, 38, 45,0
85274,2007-02-20 14:07:51,121.438500,31.327600, 16, 45,0
85274,2007-02-20 14:08:28,121.439100,31.327300, 38, 90,0
85274,2007-02-20 14:09:00,121.440500,31.324000, 48, 90,0
85274,2007-02-20 14:09:16,121.441300,31.322300, 42, 67,0
85274,2007-02-20 14:10:04,121.443300,31.318300, 36, 67,0
85274,2007-02-20 14:10:20,121.443500,31.317300, 16, 90,0
85274,2007-02-20 14:11:21,121.443600,31.317100,  0, 90,0
85274,2007-02-20 14:11:44,121.444500,31.317000, 34, 45,0
85274,2007-02-20 14:12:00,121.446000,31.317100, 40, 45,0
85274,2007-02-20 14:12:16,121.447600,31.317500, 30, 45,0
85274,2007-02-20 14:12:32,121.449100,31.317800, 40, 45,0
85274,2007-02-20 14:12:48,121.450800,31.318100, 20, 45,0
85274,2007-02-20 14:13:42,121.451800,31.318500, 38, 45,0
85274,2007-02-20 14:13:58,121.453600,31.318800, 42, 45,0
85274,2007-02-20 14:14:14,121.454600,31.319100, 10, 45,0
85274,2007-02-20 14:15:19,121.457500,31.319800, 40, 45,0
85274,2007-02-20 14:15:35,121.459500,31.320100, 44, 45,0
85274,2007-02-20 14:15:51,121.461600,31.320800, 48, 45,0
85274,2007-02-20 14:17:08,121.463600,31.320500,  0, 90,0
85274,2007-02-20 14:17:51,121.463600,31.319500, 40, 90,0
85274,2007-02-20 14:18:07,121.463600,31.318000, 16, 90,0
85274,2007-02-20 14:18:39,121.463600,31.317000, 46, 90,0
85274,2007-02-20 14:18:55,121.463500,31.315100, 56, 90,0
85274,2007-02-20 14:19:11,121.463300,31.313000, 52, 90,0
85274,2007-02-20 14:19:27,121.463100,31.310800, 58, 90,0
85274,2007-02-20 14:19:43,121.463000,31.308100, 76, 90,0
85274,2007-02-20 14:19:59,121.463000,31.305300, 72, 90,0
85274,2007-02-20 14:20:15,121.462800,31.303000, 52, 90,0
85274,2007-02-20 14:20:31,121.462800,31.301800, 34, 90,0
85274,2007-02-20 14:20:47,121.462600,31.300100, 46, 90,0
85274,2007-02-20 14:21:25,121.462600,31.299100, 28, 90,0
85274,2007-02-20 14:21:41,121.462600,31.297600, 44, 90,0
85274,2007-02-20 14:21:57,121.462600,31.296100, 32, 90,0
85274,2007-02-20 14:22:16,121.462500,31.295100, 12, 90,0
85274,2007-02-20 14:23:17,121.462500,31.294600,  2, 90,0
85274,2007-02-20 14:23:58,121.463000,31.294000, 36, 45,0
85274,2007-02-20 14:24:14,121.464600,31.293500, 42, 45,0
85274,2007-02-20 14:24:30,121.466600,31.292800, 48, 45,0
85274,2007-02-20 14:24:46,121.466300,31.292000, 36, 90,0
85274,2007-02-20 14:25:02,121.466100,31.291000, 10, 90,0
85274,2007-02-20 14:25:20,121.466000,31.290000, 36, 90,0
85274,2007-02-20 14:25:36,121.466300,31.289100, 28, 45,0
85274,2007-02-20 14:25:52,121.467500,31.289000,  0, 45,0
85274,2007-02-20 14:27:22,121.471800,31.288300, 14, 45,1
85274,2007-02-20 14:28:23,121.473500,31.288100,  0,135,1
85274,2007-02-20 14:29:24,121.473500,31.288100,  0,135,1
85274,2007-02-20 14:30:25,121.473500,31.288100,  0,135,1
85274,2007-02-20 14:31:26,121.476600,31.285600, 38, 90,1
85274,2007-02-20 14:32:27,121.477800,31.284100, 20, 45,1
85274,2007-02-20 14:33:28,121.478100,31.284000,  0, 45,1
85274,2007-02-20 14:34:29,121.483600,31.281100, 54, 45,1
85274,2007-02-20 14:36:31,121.486000,31.279500, 64, 90,1
85274,2007-02-20 14:37:32,121.491800,31.278300,  0, 45,1
85274,2007-02-20 14:38:33,121.496600,31.277000, 12, 67,1
85274,2007-02-20 14:39:34,121.496600,31.277000,  0, 90,1
85274,2007-02-20 14:40:34,121.498800,31.275300, 16, 22,1
85274,2007-02-20 14:41:36,121.500800,31.273500, 34, 67,1
85274,2007-02-20 14:42:37,121.501600,31.272800,  0, 67,1
85274,2007-02-20 14:44:39,121.502100,31.267100,  0, 67,1
85274,2007-02-20 14:45:39,121.505600,31.263000, 48, 67,1
85274,2007-02-20 14:46:41,121.506800,31.261800,  0, 67,1
85274,2007-02-20 14:47:42,121.508500,31.260100, 14, 67,1
85274,2007-02-20 14:48:43,121.513100,31.254000, 62, 67,1
85274,2007-02-20 14:49:44,121.513500,31.253300,  0, 67,1
85274,2007-02-20 14:50:44,121.516800,31.239000, 58, 67,1
85274,2007-02-20 14:51:46,121.512800,31.235800, 28,135,1
85274,2007-02-20 14:52:47,121.512600,31.235600,  0,135,1
85274,2007-02-20 14:54:49,121.507100,31.234500, 44,135,1
85274,2007-02-20 14:55:49,121.505000,31.235100, 20,157,1
85274,2007-02-20 14:56:51,121.500000,31.234500,  0,135,1
85274,2007-02-20 14:57:52,121.497100,31.236300,  0,  0,1
85274,2007-02-20 14:58:53,121.495600,31.239300, 44,  0,1
85274,2007-02-20 14:59:21,121.494800,31.237300,  0,112,0
85274,2007-02-20 15:00:21,121.494800,31.237300,  0,112,0
85274,2007-02-20 15:01:22,121.494800,31.237300,  0,112,0
85274,2007-02-20 15:02:23,121.494800,31.237300,  0,112,0
85274,2007-02-20 15:03:24,121.494800,31.237300,  0,112,0
85274,2007-02-20 15:03:56,121.505800,31.233800, 50, 67,0
85274,2007-02-20 15:04:12,121.506600,31.232100, 46, 67,0
85274,2007-02-20 15:04:28,121.507300,31.231300,  0, 45,0
85274,2007-02-20 15:05:07,121.508300,31.231100, 38, 45,0
85274,2007-02-20 15:06:24,121.510300,31.231800,  0, 45,0
85274,2007-02-20 15:06:59,121.511500,31.232000, 26, 22,0
85274,2007-02-20 15:07:14,121.512800,31.232500, 34, 45,0
85274,2007-02-20 15:07:48,121.515300,31.233300, 22, 45,0
85274,2007-02-20 15:08:04,121.516600,31.233600, 40, 22,0
85274,2007-02-20 15:08:34,121.518100,31.234300,  0, 45,0
85274,2007-02-20 15:08:57,121.519000,31.235100, 38,  0,0
85274,2007-02-20 15:09:13,121.518100,31.237100, 60,157,0
85274,2007-02-20 15:09:29,121.517100,31.239000, 50,157,0
85274,2007-02-20 15:09:44,121.516100,31.240600, 58,157,0
85274,2007-02-20 15:10:01,121.515300,31.242600, 56,  0,0
85274,2007-02-20 15:11:02,121.515100,31.243000,  0,  0,0
85274,2007-02-20 15:12:03,121.515100,31.243000,  0,  0,0
85274,2007-02-20 15:12:33,121.511000,31.257100, 48,157,0
85274,2007-02-20 15:12:49,121.510000,31.258600, 26,157,0
85274,2007-02-20 15:13:04,121.511000,31.259500, 42, 22,0
85274,2007-02-20 15:13:21,121.512500,31.260600, 46, 22,0
85274,2007-02-20 15:14:38,121.512600,31.261600,  0,157,0
85274,2007-02-20 15:15:28,121.511300,31.259800, 34,112,0
85274,2007-02-20 15:16:33,121.508500,31.257100, 30, 67,0
85274,2007-02-20 15:16:49,121.509300,31.256100, 22, 90,0
85274,2007-02-20 15:17:04,121.508500,31.255500, 24, 67,0
85274,2007-02-20 15:17:21,121.509600,31.254300, 38, 67,0
85274,2007-02-20 15:17:48,121.510100,31.253500, 18,112,0
85274,2007-02-20 15:18:49,121.510000,31.253300,  0,135,0
85274,2007-02-20 15:19:48,121.510000,31.253300,  0,135,0
85274,2007-02-20 15:20:50,121.510000,31.253300,  0,135,0
85274,2007-02-20 15:22:52,121.510000,31.253300,  0,135,0
85274,2007-02-20 15:23:53,121.510000,31.253300,  0,135,0
85274,2007-02-20 15:24:53,121.510000,31.253300,  0,135,0
85274,2007-02-20 15:25:43,121.508800,31.253100, 42,135,0
85274,2007-02-20 15:25:58,121.507600,31.253000,  0,135,0
85274,2007-02-20 15:26:11,121.507300,31.253000, 22,135,1
85274,2007-02-20 15:27:11,121.507600,31.254800, 34, 22,1
85274,2007-02-20 15:28:12,121.508500,31.257500,  0,157,1
85274,2007-02-20 15:29:13,121.507300,31.258000,  0, 90,1
85274,2007-02-20 15:30:13,121.506600,31.259100, 22,157,1
85274,2007-02-20 15:31:15,121.505300,31.262600, 28, 22,1
85274,2007-02-20 15:32:16,121.509000,31.266300, 54, 22,1
85274,2007-02-20 15:32:21,121.509300,31.266600, 10, 45,0
85274,2007-02-20 15:33:20,121.509800,31.267100, 40, 22,0
85274,2007-02-20 15:33:36,121.511300,31.268800, 60, 22,0
85274,2007-02-20 15:34:37,121.511800,31.269100,  0, 22,0
85274,2007-02-20 15:35:38,121.511800,31.269500, 16,  0,0
85274,2007-02-20 15:36:06,121.511300,31.270500, 16,157,0
85274,2007-02-20 15:36:46,121.510800,31.271300, 20,157,0
85274,2007-02-20 15:37:15,121.510000,31.271600, 24,112,0
85274,2007-02-20 15:37:31,121.509000,31.271100, 28,112,0
85274,2007-02-20 15:37:47,121.507500,31.270600, 36,135,0
85274,2007-02-20 15:38:03,121.505800,31.270500, 38,135,0
85274,2007-02-20 15:38:18,121.504300,31.270300, 34,135,0
85274,2007-02-20 15:39:25,121.501600,31.270500, 32,135,0
85274,2007-02-20 15:39:41,121.500500,31.270300, 26,135,0
85274,2007-02-20 15:40:21,121.499300,31.270500, 12,135,0
85274,2007-02-20 15:41:21,121.497100,31.271000, 26,135,0
85274,2007-02-20 15:41:37,121.495500,31.271500, 42,135,0
85274,2007-02-20 15:42:08,121.492600,31.272100, 42,135,0
85274,2007-02-20 15:42:30,121.492600,31.273000, 40, 22,0
85274,2007-02-20 15:42:46,121.494100,31.274100, 46, 22,0
85274,2007-02-20 15:43:02,121.495600,31.275500, 44, 22,0
85274,2007-02-20 15:43:18,121.496500,31.276300,  0,  0,0
85274,2007-02-20 15:44:25,121.495100,31.278000, 46,135,0
85274,2007-02-20 15:44:41,121.493000,31.278300, 48,135,0
85274,2007-02-20 15:45:13,121.491800,31.276600, 38, 90,0
85274,2007-02-20 15:45:28,121.491300,31.276000, 28,135,0
85274,2007-02-20 15:45:45,121.489800,31.276100, 38,135,0
85274,2007-02-20 15:48:03,121.488800,31.274800,  0,112,0
85274,2007-02-20 15:49:03,121.488800,31.274800,  0,112,0
85274,2007-02-20 15:50:05,121.488800,31.274800,  0,112,0
85274,2007-02-20 15:52:07,121.488800,31.274800,  0,112,0
85274,2007-02-20 15:53:08,121.488800,31.274800,  0,112,0
85274,2007-02-20 15:54:08,121.488800,31.274800,  0,112,0
85274,2007-02-20 15:55:10,121.488800,31.274800,  0,112,0
85274,2007-02-20 15:56:11,121.488800,31.274800,  0,  0,0
85274,2007-02-20 15:57:12,121.488800,31.274800,  0,  0,0
85274,2007-02-20 15:58:13,121.488800,31.274800,  0,  0,0
85274,2007-02-20 15:59:13,121.488800,31.274800,  0,  0,0
85274,2007-02-20 16:00:15,121.488800,31.274800,  0,  0,0
85274,2007-02-20 16:01:16,121.488800,31.274800,  0,  0,0
85274,2007-02-20 16:02:16,121.488800,31.274800,  0,  0,0
85274,2007-02-20 16:03:16,121.488800,31.274800,  0,  0,0
85274,2007-02-20 16:04:17,121.488800,31.274800,  0,  0,0
85274,2007-02-20 16:05:18,121.488800,31.274800,  0,  0,0
85274,2007-02-20 16:06:19,121.488800,31.274800,  0,  0,0
85274,2007-02-20 16:07:20,121.488800,31.274800,  0,  0,0
85274,2007-02-20 16:08:21,121.488800,31.274800,  0,  0,0
85274,2007-02-20 16:09:22,121.488800,31.274800,  0,  0,0
85274,2007-02-20 16:10:23,121.488800,31.274800,  0,  0,0
85274,2007-02-20 16:11:24,121.488800,31.274800,  0,  0,0
85274,2007-02-20 16:12:25,121.488800,31.274800,  0,  0,0
85274,2007-02-20 16:13:26,121.488800,31.274800,  0,  0,0
85274,2007-02-20 16:14:27,121.488800,31.274800,  0,  0,0
85274,2007-02-20 16:15:28,121.488800,31.274800,  0,  0,0
85274,2007-02-20 16:16:29,121.488800,31.274800,  0,  0,0
85274,2007-02-20 16:17:30,121.488800,31.274800,  0,  0,0
85274,2007-02-20 16:18:31,121.488800,31.274800,  0,  0,0
85274,2007-02-20 16:19:32,121.488800,31.274800,  0,  0,0
85274,2007-02-20 16:20:33,121.488800,31.274800,  0,  0,0
85274,2007-02-20 16:21:34,121.488800,31.274800,  0,  0,0
85274,2007-02-20 16:22:35,121.488800,31.274800,  0,  0,0
85274,2007-02-20 16:23:36,121.488800,31.274800,  0,  0,0
85274,2007-02-20 16:24:37,121.488800,31.274800,  0,  0,0
85274,2007-02-20 16:25:38,121.488800,31.274800,  0,  0,0
85274,2007-02-20 16:26:39,121.488800,31.274800,  0,  0,0
85274,2007-02-20 16:27:40,121.488800,31.274800,  0,  0,0
85274,2007-02-20 16:30:43,121.488800,31.274800,  0,  0,0
85274,2007-02-20 16:31:44,121.488800,31.274800,  0,  0,0
85274,2007-02-20 16:32:45,121.488800,31.274800,  0,  0,0
85274,2007-02-20 16:33:46,121.488800,31.274800,  0,  0,0
85274,2007-02-20 16:34:47,121.488800,31.274800,  0,  0,0
85274,2007-02-20 16:36:49,121.488800,31.274800,  0,  0,0
85274,2007-02-20 16:37:50,121.488800,31.274800,  0,  0,0
85274,2007-02-20 16:38:51,121.488800,31.274800,  0,  0,0
85274,2007-02-20 16:39:52,121.488800,31.274800,  0,  0,0
85274,2007-02-20 16:40:53,121.488800,31.274800,  0,  0,0
85274,2007-02-20 16:41:54,121.488800,31.274800,  0,  0,0
85274,2007-02-20 16:42:55,121.488800,31.274800,  0,  0,0
85274,2007-02-20 16:43:56,121.488800,31.274800,  0,  0,0
85274,2007-02-20 16:44:57,121.488800,31.274800,  0,  0,0
85274,2007-02-20 16:45:58,121.488800,31.274800,  0,  0,0
85274,2007-02-20 16:46:59,121.488800,31.274800,  0,  0,0
85274,2007-02-20 16:48:00,121.488800,31.274800,  0,  0,0
85274,2007-02-20 16:49:01,121.488800,31.274800,  0,  0,0
85274,2007-02-20 16:50:02,121.488800,31.274800,  0,  0,0
85274,2007-02-20 16:51:03,121.488800,31.274800,  0,  0,0
85274,2007-02-20 16:52:04,121.488800,31.274800,  0,  0,0
85274,2007-02-20 16:53:05,121.488800,31.274800,  0,  0,0
85274,2007-02-20 16:54:06,121.488800,31.274800,  0,  0,0
85274,2007-02-20 16:55:07,121.488800,31.274800,  0,  0,0
85274,2007-02-20 16:56:08,121.488800,31.274800,  0,  0,0
85274,2007-02-20 16:57:09,121.488800,31.274800,  0,  0,0
85274,2007-02-20 16:58:10,121.488800,31.274800,  0,  0,0
85274,2007-02-20 16:59:23,121.487600,31.273600, 30,157,0
85274,2007-02-20 16:59:39,121.486800,31.275000, 48,157,0
85274,2007-02-20 16:59:55,121.486300,31.276300, 12, 22,0
85274,2007-02-20 17:00:12,121.487500,31.276300, 30, 45,0
85274,2007-02-20 17:01:13,121.488500,31.276300,  0,135,0
85274,2007-02-20 17:02:01,121.488300,31.276300, 16,135,1
85274,2007-02-20 17:03:01,121.486100,31.276000, 32, 90,1
85274,2007-02-20 17:04:02,121.484600,31.272800, 30,135,1
85274,2007-02-20 17:05:03,121.480500,31.272000, 34, 90,1
85274,2007-02-20 17:06:04,121.480100,31.268000, 40, 90,1
85274,2007-02-20 17:07:05,121.480000,31.266500,  0,135,1
85274,2007-02-20 17:08:06,121.479300,31.266500,  0,112,1
85274,2007-02-20 17:09:07,121.479300,31.266500,  0,112,1
85274,2007-02-20 17:10:08,121.479300,31.266500,  0,112,1
85274,2007-02-20 17:11:09,121.477500,31.266800, 22,135,1
85274,2007-02-20 17:11:47,121.474500,31.267300,  0,135,0
85274,2007-02-20 17:12:03,121.474500,31.267300,  0,135,0
85274,2007-02-20 17:13:04,121.473600,31.267300, 28,112,0
85274,2007-02-20 17:13:42,121.473300,31.266300, 30, 67,0
85274,2007-02-20 17:13:58,121.474300,31.265500,  0, 67,0
85274,2007-02-20 17:14:12,121.474600,31.265100, 36, 67,1
85274,2007-02-20 17:15:13,121.473300,31.260600, 30, 90,1
85274,2007-02-20 17:16:14,121.472600,31.259000, 30, 90,1
85274,2007-02-20 17:17:15,121.471000,31.256600, 32,112,1
85274,2007-02-20 17:18:16,121.467500,31.254600, 24,112,1
85274,2007-02-20 17:19:17,121.464600,31.252100, 10, 90,1
85274,2007-02-20 17:20:02,121.465600,31.249800,  0, 22,0
85274,2007-02-20 17:20:17,121.465600,31.250000, 18,  0,0
85274,2007-02-20 17:20:33,121.465100,31.251100, 36,  0,0
85274,2007-02-20 17:20:49,121.465100,31.252100, 28, 22,0
85274,2007-02-20 17:21:11,121.466100,31.252500, 18, 22,1
85274,2007-02-20 17:22:11,121.471600,31.254000,  0, 67,1
85274,2007-02-20 17:23:12,121.471600,31.254000,  0, 67,1
85274,2007-02-20 17:24:13,121.474000,31.252500,  0, 67,1
85274,2007-02-20 17:25:13,121.471600,31.251500,  0,135,1
85274,2007-02-20 17:26:15,121.470500,31.248100, 40, 90,1
85274,2007-02-20 17:27:16,121.467500,31.247000, 28,135,1
85274,2007-02-20 17:28:17,121.466500,31.246600, 28,112,1
85274,2007-02-20 17:29:18,121.468300,31.240600, 40, 90,1
85274,2007-02-20 17:30:18,121.468800,31.239300, 38, 90,1
85274,2007-02-20 17:30:57,121.469600,31.236500,  4,112,0
85274,2007-02-20 17:31:13,121.469500,31.236500,  0,112,0
85274,2007-02-20 17:32:13,121.470000,31.236300,  0, 67,0
85274,2007-02-20 17:33:12,121.470300,31.235800, 16, 67,1
85274,2007-02-20 17:34:12,121.472300,31.235600,  0, 67,1
85274,2007-02-20 17:35:13,121.472000,31.235500,  4,135,1
85274,2007-02-20 17:36:13,121.471500,31.235300, 12,135,1
85274,2007-02-20 17:37:15,121.471000,31.235300,  0,135,1
85274,2007-02-20 17:38:16,121.470300,31.235600,  0,157,1
85274,2007-02-20 17:40:18,121.467000,31.244000, 30,  0,1
85274,2007-02-20 17:41:18,121.466600,31.246500,  0,  0,1
85274,2007-02-20 17:42:20,121.466300,31.247500, 52,  0,1
85274,2007-02-20 17:43:21,121.464800,31.252300, 38,  0,1
85274,2007-02-20 17:44:22,121.464000,31.256300,  0,  0,1
85274,2007-02-20 17:45:23,121.462600,31.260800, 44,  0,1
85274,2007-02-20 17:46:23,121.461600,31.264000,  0,157,1
85274,2007-02-20 17:47:25,121.460500,31.266100,  0,135,1
85274,2007-02-20 17:48:26,121.459600,31.269800, 46, 22,1
85274,2007-02-20 17:49:27,121.461500,31.270800,  0, 22,1
85274,2007-02-20 17:51:28,121.463600,31.281100, 56,  0,1
85274,2007-02-20 17:52:30,121.465100,31.285000, 14,  0,1
85274,2007-02-20 17:53:31,121.465600,31.288600,  0,  0,1
85274,2007-02-20 17:54:32,121.466500,31.293600, 48,  0,1
85274,2007-02-20 17:55:25,121.466600,31.298300,  0,  0,0
85274,2007-02-20 17:55:40,121.466600,31.298300,  0,  0,0
85274,2007-02-20 17:56:41,121.467100,31.298800,  0, 45,0
85274,2007-02-20 17:56:58,121.467500,31.298800, 28, 45,1
85274,2007-02-20 17:57:58,121.471800,31.302000, 56,  0,1
85274,2007-02-20 17:59:00,121.471600,31.307800, 44,  0,1
85274,2007-02-20 18:00:01,121.474000,31.309300, 62, 45,1
85274,2007-02-20 18:00:43,121.475800,31.309500, 14, 45,0
85274,2007-02-20 18:00:58,121.476600,31.309100, 34, 90,0
85274,2007-02-20 18:01:15,121.476500,31.307500, 38, 90,0
85274,2007-02-20 18:01:33,121.476500,31.306500, 36, 90,0
85274,2007-02-20 18:01:48,121.476500,31.305300, 34, 90,0
85274,2007-02-20 18:02:05,121.476500,31.304000, 24, 90,0
85274,2007-02-20 18:02:21,121.476500,31.303100, 34, 90,0
85274,2007-02-20 18:02:37,121.476500,31.302000, 12, 90,0
85274,2007-02-20 18:02:58,121.475600,31.301500, 36,135,0
85274,2007-02-20 18:03:30,121.472000,31.301600, 18,135,0
85274,2007-02-20 18:03:48,121.471600,31.301000, 42, 90,0
85274,2007-02-20 18:04:03,121.471800,31.299500, 30, 90,0
85274,2007-02-20 18:04:30,121.471800,31.298500, 34, 90,0
85274,2007-02-20 18:04:46,121.471800,31.297000, 48, 90,0
85274,2007-02-20 18:05:02,121.472000,31.295500, 32, 90,0
85274,2007-02-20 18:05:18,121.472300,31.294100, 36, 90,0
85274,2007-02-20 18:05:33,121.472500,31.292800, 32, 90,0
85274,2007-02-20 18:06:35,121.472800,31.292000,  0, 90,0
85274,2007-02-20 18:06:57,121.472800,31.291000, 36, 90,0
85274,2007-02-20 18:08:13,121.472500,31.288600,  0, 90,0
85274,2007-02-20 18:08:33,121.473300,31.288100, 36, 45,0
85274,2007-02-20 18:08:48,121.475000,31.288000, 26, 45,0
85274,2007-02-20 18:09:06,121.476100,31.287600, 26, 67,0
85274,2007-02-20 18:09:22,121.476500,31.286300, 44, 90,0
85274,2007-02-20 18:09:38,121.476600,31.284500, 42, 90,0
85274,2007-02-20 18:09:55,121.477300,31.284100, 34, 45,0
85274,2007-02-20 18:10:13,121.478500,31.284000, 16, 45,0
85274,2007-02-20 18:10:51,121.478000,31.282300,  8, 90,0
85274,2007-02-20 18:11:37,121.479100,31.282100, 32, 45,0
85274,2007-02-20 18:12:08,121.482100,31.281500, 42, 45,0
85274,2007-02-20 18:12:32,121.484800,31.281100, 46, 45,0
85274,2007-02-20 18:13:33,121.486000,31.280300, 46, 90,0
85274,2007-02-20 18:13:48,121.485800,31.278800, 40, 90,0
85274,2007-02-20 18:14:05,121.485800,31.277100, 42, 90,0
85274,2007-02-20 18:14:26,121.486100,31.276300, 20, 45,0
85274,2007-02-20 18:14:42,121.487500,31.276300, 32, 45,0
85274,2007-02-20 18:14:58,121.488500,31.276100, 28, 45,0
85274,2007-02-20 18:15:16,121.489600,31.276100, 24, 45,0
85274,2007-02-20 18:15:33,121.490800,31.276100, 28, 45,0
85274,2007-02-20 18:15:52,121.491800,31.276300, 32,  0,0
85274,2007-02-20 18:16:53,121.492000,31.277100,  0,  0,0
85274,2007-02-20 18:17:05,121.492000,31.277300, 16,  0,1
85274,2007-02-20 18:18:06,121.494100,31.276600, 46, 90,1
85274,2007-02-20 18:19:07,121.495300,31.275500,  0, 67,1
85274,2007-02-20 18:20:08,121.496100,31.274300, 38, 90,1
85274,2007-02-20 18:21:08,121.496600,31.271000, 36, 45,1
85274,2007-02-20 18:22:10,121.494800,31.266000, 42, 90,1
85274,2007-02-20 18:23:11,121.497000,31.261600, 40,112,1
85274,2007-02-20 18:24:12,121.494100,31.260000, 24,135,1
85274,2007-02-20 18:25:23,121.493600,31.260500,  0,157,0
85274,2007-02-20 18:25:33,121.493500,31.260500, 18,157,1
85274,2007-02-20 18:26:33,121.492000,31.263600,  0, 22,1
85274,2007-02-20 18:27:33,121.491300,31.264300, 44,157,1
85274,2007-02-20 18:28:35,121.486500,31.266000, 30,135,1
85274,2007-02-20 18:29:36,121.483600,31.269300, 26,  0,1
85274,2007-02-20 18:30:37,121.482300,31.273800, 32,  0,1
85274,2007-02-20 18:31:38,121.481100,31.277600,  0,157,1
85274,2007-02-20 18:32:38,121.480000,31.277300,  0,112,1
85274,2007-02-20 18:33:40,121.476000,31.277000,  0,135,1
85274,2007-02-20 18:34:39,121.474000,31.277500,  0,112,1
85274,2007-02-20 18:35:40,121.471100,31.282000, 66,  0,1
85274,2007-02-20 18:36:41,121.471600,31.284800,  0,  0,1
85274,2007-02-20 18:37:42,121.472500,31.288000,  0,  0,1
85274,2007-02-20 18:38:43,121.473000,31.290600,  0, 22,1
85274,2007-02-20 18:39:43,121.472600,31.292300, 36,  0,1
85274,2007-02-20 18:40:45,121.471800,31.298800,  0,  0,1
85274,2007-02-20 18:41:31,121.469100,31.299000, 30,135,0
85274,2007-02-20 18:41:46,121.467800,31.299000, 28,135,0
85274,2007-02-20 18:42:13,121.467100,31.298500, 12, 90,0
85274,2007-02-20 18:43:15,121.467000,31.298000,  0,135,0
85274,2007-02-20 18:43:46,121.467600,31.299000, 28, 45,0
85274,2007-02-20 18:44:02,121.469300,31.299000, 38, 45,0
85274,2007-02-20 18:44:18,121.470500,31.299000, 36, 45,0
85274,2007-02-20 18:44:33,121.471600,31.298800, 16, 67,0
85274,2007-02-20 18:44:50,121.471800,31.297500, 46, 90,0
85274,2007-02-20 18:45:06,121.471800,31.296100, 24, 90,0
85274,2007-02-20 18:45:22,121.472000,31.295100, 30, 90,0
85274,2007-02-20 18:45:38,121.472300,31.293800, 36, 90,0
85274,2007-02-20 18:45:53,121.472500,31.292800, 24, 90,0
85274,2007-02-20 18:46:38,121.472800,31.291800, 26, 90,0
85274,2007-02-20 18:47:51,121.475800,31.291300, 38, 45,0
85274,2007-02-20 18:48:07,121.476300,31.291600, 28, 45,0
85274,2007-02-20 18:48:42,121.477500,31.291500, 32, 22,0
85274,2007-02-20 18:49:13,121.481300,31.291500, 44, 22,0
85274,2007-02-20 18:49:30,121.482600,31.293100, 36, 45,0
85274,2007-02-20 18:49:46,121.484100,31.293100, 36, 22,0
85274,2007-02-20 18:50:02,121.485300,31.294100, 20, 45,0
85274,2007-02-20 18:50:18,121.486000,31.293100, 34, 90,0
85274,2007-02-20 18:50:33,121.486100,31.291800, 34, 90,0
85274,2007-02-20 18:50:50,121.486100,31.290100, 44, 90,0
85274,2007-02-20 18:51:06,121.486100,31.288500, 32, 90,0
85274,2007-02-20 18:52:07,121.486300,31.288000,  0, 90,0
85274,2007-02-20 18:52:40,121.486100,31.287100, 38, 90,0
85274,2007-02-20 18:52:56,121.486100,31.285800, 42, 90,0
85274,2007-02-20 18:53:12,121.486000,31.284300, 34, 90,0
85274,2007-02-20 18:53:43,121.486000,31.281500, 24, 90,0
85274,2007-02-20 18:54:45,121.486600,31.281000, 26, 45,0
85274,2007-02-20 18:55:02,121.487800,31.281000, 18, 45,0
85274,2007-02-20 18:56:03,121.488000,31.281100,  0, 45,0
85274,2007-02-20 18:57:03,121.488000,31.281100,  4, 45,0
85274,2007-02-20 18:58:05,121.488000,31.281800,  0,  0,0
85274,2007-02-20 18:58:14,121.488100,31.281800, 10,  0,1
85274,2007-02-20 18:59:15,121.486100,31.284100, 30,135,1
85274,2007-02-20 19:00:16,121.478500,31.284000, 30,135,1
85274,2007-02-20 19:01:17,121.478500,31.284000,  0,135,1
85274,2007-02-20 19:02:18,121.477600,31.284000, 16,135,1
85274,2007-02-20 19:03:18,121.473600,31.278000,  0,112,1
85274,2007-02-20 19:04:20,121.473100,31.276500, 56, 90,1
85274,2007-02-20 19:05:21,121.468300,31.269500, 62,112,1
85274,2007-02-20 19:07:23,121.457600,31.261500, 50, 67,1
85274,2007-02-20 19:08:23,121.458800,31.252600, 56, 90,1
85274,2007-02-20 19:09:25,121.457600,31.244800, 58, 90,1
85274,2007-02-20 19:10:26,121.461800,31.235100, 74, 90,1
85274,2007-02-20 19:11:27,121.463600,31.226600, 50, 67,1
85274,2007-02-20 19:12:28,121.471500,31.229000, 60, 22,1
85274,2007-02-20 19:14:30,121.472800,31.226100, 22, 67,1
85274,2007-02-20 19:15:15,121.473500,31.223300,  0,135,0
85274,2007-02-20 19:15:31,121.473500,31.223300,  0,135,0
85274,2007-02-20 19:16:32,121.473500,31.223000,  0, 90,0
85274,2007-02-20 19:17:02,121.474000,31.222100, 30, 90,0
85274,2007-02-20 19:17:18,121.474500,31.221500, 22, 45,0
85274,2007-02-20 19:17:36,121.475600,31.221800, 20, 22,0
85274,2007-02-20 19:18:37,121.476600,31.222300, 16, 45,0
85274,2007-02-20 19:18:58,121.477100,31.223000, 26,  0,0
85274,2007-02-20 19:20:53,121.473800,31.230300, 42,157,1
85274,2007-02-20 19:21:53,121.467300,31.227500, 50,112,1
85274,2007-02-20 19:22:55,121.462500,31.231500, 72,  0,1
85274,2007-02-20 19:23:56,121.459300,31.240800, 62,  0,1
85274,2007-02-20 19:26:58,121.454100,31.262000, 64,135,1
85274,2007-02-20 19:28:00,121.445600,31.260300, 32,135,1
85274,2007-02-20 19:29:01,121.442100,31.264000, 24,157,1
85274,2007-02-20 19:30:02,121.441800,31.264500,  0,157,1
85274,2007-02-20 19:31:03,121.440000,31.266800, 42,157,1
85274,2007-02-20 19:32:03,121.439600,31.267100,  0,157,1
85274,2007-02-20 19:33:05,121.435500,31.270100, 60,135,1
85274,2007-02-20 19:33:36,121.431300,31.271800, 10,157,0
85274,2007-02-20 19:33:52,121.431300,31.271800,  0,157,0
85274,2007-02-20 19:34:18,121.430300,31.272500, 42,157,0
85274,2007-02-20 19:34:33,121.428800,31.273100, 44,157,0
85274,2007-02-20 19:34:50,121.427300,31.274100, 26,157,0
85274,2007-02-20 19:35:06,121.428300,31.275000, 42, 22,0
85274,2007-02-20 19:35:22,121.430000,31.276000, 50, 22,0
85274,2007-02-20 19:35:38,121.431300,31.276600, 28, 22,0
85274,2007-02-20 19:35:53,121.432800,31.277300, 36, 22,0
85274,2007-02-20 19:36:21,121.433300,31.277600, 30, 22,1
85274,2007-02-20 19:37:22,121.435800,31.279100, 58, 22,1
85274,2007-02-20 19:38:23,121.443100,31.281000, 44, 45,1
85274,2007-02-20 19:39:23,121.449100,31.281100, 30, 45,1
85274,2007-02-20 19:40:25,121.453600,31.281300, 32, 45,1
85274,2007-02-20 19:41:26,121.457500,31.281600, 38, 45,1
85274,2007-02-20 19:42:27,121.460800,31.285600, 52,  0,1
85274,2007-02-20 19:43:28,121.462100,31.292600, 46,  0,1
85274,2007-02-20 19:44:28,121.462800,31.299500, 58,  0,1
85274,2007-02-20 19:45:30,121.466300,31.302000,  0, 45,1
85274,2007-02-20 19:46:31,121.468500,31.301800,  0, 45,1
85274,2007-02-20 19:46:33,121.468500,31.301800,  0, 45,0
85274,2007-02-20 19:47:28,121.469800,31.301800, 40, 45,0
85274,2007-02-20 19:47:43,121.471500,31.301600, 34, 45,0
85274,2007-02-20 19:48:00,121.471600,31.300500, 44, 90,0
85274,2007-02-20 19:48:16,121.471600,31.299100,  0, 90,0
85274,2007-02-20 19:48:46,121.471800,31.298100, 48, 90,0
85274,2007-02-20 19:49:02,121.471800,31.296100, 48, 90,0
85274,2007-02-20 19:49:18,121.472300,31.294500, 42, 90,0
85274,2007-02-20 19:49:33,121.472600,31.292800, 36, 90,0
85274,2007-02-20 19:49:50,121.472800,31.291500,  6, 90,0
85274,2007-02-20 19:50:31,121.473800,31.290800, 42, 45,0
85274,2007-02-20 19:50:47,121.475600,31.291100, 38, 45,0
85274,2007-02-20 19:51:03,121.476800,31.291300, 20, 45,0
85274,2007-02-20 19:51:25,121.477800,31.291300, 16, 45,0
85274,2007-02-20 19:52:26,121.478300,31.291300,  0, 45,0
85274,2007-02-20 19:53:27,121.482800,31.293000,  0, 67,0
85274,2007-02-20 19:54:27,121.484000,31.293000, 32, 45,0
85274,2007-02-20 19:54:42,121.485300,31.293600, 32, 22,0
85274,2007-02-20 19:54:59,121.486500,31.294600, 34, 22,0
85274,2007-02-20 19:55:15,121.487800,31.295300, 34, 22,0
85274,2007-02-20 19:55:32,121.488500,31.294800, 28, 90,0
85274,2007-02-20 19:55:49,121.488800,31.293300, 38, 90,0
85274,2007-02-20 19:56:21,121.489100,31.291000, 50, 90,0
85274,2007-02-20 19:56:37,121.488600,31.289300, 48, 90,0
85274,2007-02-20 19:56:52,121.488600,31.288000, 38, 90,0
85274,2007-02-20 19:57:25,121.492000,31.287300, 42, 45,0
85274,2007-02-20 19:57:41,121.492600,31.287000, 32,112,0
85274,2007-02-20 19:58:01,121.491500,31.285500, 38, 90,0
85274,2007-02-20 19:58:12,121.491500,31.284500, 28, 90,0
85274,2007-02-20 19:58:52,121.492000,31.283600, 26, 45,0
85274,2007-02-20 19:59:07,121.493100,31.283300, 30, 67,0
85274,2007-02-20 19:59:24,121.494500,31.282800, 38, 67,0
85274,2007-02-20 19:59:40,121.496100,31.282100, 42, 67,0
85274,2007-02-20 19:59:56,121.498000,31.281500, 36, 67,0
85274,2007-02-20 20:00:12,121.499500,31.280800, 38, 67,0
85274,2007-02-20 20:00:27,121.500500,31.281000, 30, 22,0
85274,2007-02-20 20:00:56,121.501300,31.281100, 28, 67,0
85274,2007-02-20 20:01:12,121.502300,31.280800, 26, 45,0
85274,2007-02-20 20:02:14,121.502800,31.280100, 22,112,0
85274,2007-02-20 20:02:31,121.502300,31.279300, 16,112,0
85274,2007-02-20 20:03:32,121.502800,31.279800,  0, 22,0
85274,2007-02-20 20:03:45,121.502800,31.279800, 18, 22,1
85274,2007-02-20 20:04:46,121.506300,31.279100, 38, 67,1
85274,2007-02-20 20:06:47,121.513000,31.278600,  4, 45,1
85274,2007-02-20 20:07:49,121.517300,31.279600, 40, 45,1
85274,2007-02-20 20:08:50,121.520800,31.279100, 12, 22,1
85274,2007-02-20 20:09:51,121.523000,31.280300, 48, 22,1
85274,2007-02-20 20:10:52,121.528000,31.282800,  0,  0,1
85274,2007-02-20 20:11:52,121.532300,31.285000,  0, 45,1
85274,2007-02-20 20:12:54,121.535600,31.286500, 20, 22,1
85274,2007-02-20 20:13:15,121.536600,31.286000, 34, 67,0
85274,2007-02-20 20:13:31,121.536800,31.285800,  0, 90,0
85274,2007-02-20 20:14:12,121.537500,31.284800, 36, 67,0
85274,2007-02-20 20:14:27,121.537800,31.283800, 20,112,0
85274,2007-02-20 20:14:44,121.536300,31.283500, 42,135,0
85274,2007-02-20 20:15:00,121.534800,31.283000, 24,112,0
85274,2007-02-20 20:15:16,121.535000,31.282000, 44, 67,0
85274,2007-02-20 20:15:32,121.536000,31.280600, 44, 67,0
85274,2007-02-20 20:15:47,121.535800,31.279600, 44,135,0
85274,2007-02-20 20:16:04,121.533500,31.279100, 54,135,0
85274,2007-02-20 20:16:20,121.531100,31.278600, 40,135,0
85274,2007-02-20 20:16:36,121.530100,31.279300, 40,  0,0
85274,2007-02-20 20:17:19,121.530000,31.280100, 14,157,1
85274,2007-02-20 20:18:20,121.526800,31.284300, 32,157,1
85274,2007-02-20 20:19:21,121.525600,31.287300, 10,157,1
85274,2007-02-20 20:20:22,121.523100,31.291100, 46,  0,1
85274,2007-02-20 20:21:22,121.522000,31.294300, 50,  0,1
85274,2007-02-20 20:22:24,121.526600,31.299100, 54, 22,1
85274,2007-02-20 20:23:25,121.530600,31.302000, 20, 22,1
85274,2007-02-20 20:24:12,121.532800,31.303300, 34, 22,0
85274,2007-02-20 20:26:02,121.532100,31.302800, 34,112,0
85274,2007-02-20 20:27:02,121.531800,31.302500, 20, 22,0
85274,2007-02-20 20:29:04,121.534500,31.308800, 14,  0,1
85274,2007-02-20 20:30:05,121.534300,31.309600,  8,135,1
85274,2007-02-20 20:31:06,121.534100,31.309300, 16, 90,1
85274,2007-02-20 20:32:07,121.527500,31.307500,  6,135,1
85274,2007-02-20 20:33:07,121.527600,31.307300,  0,135,1
85274,2007-02-20 20:34:09,121.526300,31.306800, 46,135,1
85274,2007-02-20 20:35:10,121.517600,31.304100, 48,135,1
85274,2007-02-20 20:36:11,121.515000,31.305500, 12,  0,1
85274,2007-02-20 20:37:12,121.514800,31.306500,  6,135,1
85274,2007-02-20 20:38:12,121.510600,31.302000, 64,135,1
85274,2007-02-20 20:39:14,121.502300,31.299300,  0,135,1
85274,2007-02-20 20:40:15,121.487800,31.295500, 76,135,1
85274,2007-02-20 20:41:16,121.476100,31.291800, 76,135,1
85274,2007-02-20 20:43:17,121.452000,31.296100, 70,135,1
85274,2007-02-20 20:44:19,121.444600,31.299100, 54,  0,1
85274,2007-02-20 20:45:20,121.444000,31.308600, 76,  0,1
85274,2007-02-20 20:46:21,121.443000,31.319500, 70,  0,1
85274,2007-02-20 20:47:22,121.439300,31.327600, 50,157,1
85274,2007-02-20 20:48:22,121.439600,31.328600,  0, 45,1
85274,2007-02-20 20:49:24,121.437100,31.332000,  0,135,1
85274,2007-02-20 20:51:26,121.437500,31.327500, 36,135,1
85274,2007-02-20 20:52:27,121.435800,31.327100, 24,135,1
85274,2007-02-20 20:53:19,121.434600,31.328800,  4,157,0
85274,2007-02-20 20:54:36,121.434500,31.328800,  0,157,0
85274,2007-02-20 20:55:37,121.434500,31.328800,  0,112,0
85274,2007-02-20 20:56:12,121.435000,31.327800, 16, 67,0
85274,2007-02-20 20:56:59,121.434800,31.327000,  8,135,0
85274,2007-02-20 20:57:35,121.435100,31.327000, 18, 45,1
85274,2007-02-20 20:59:37,121.442300,31.320800, 74, 90,1
85274,2007-02-20 21:00:37,121.444000,31.309000, 78, 90,1
85274,2007-02-20 21:01:39,121.444500,31.298300, 74, 90,1
85274,2007-02-20 21:02:40,121.446500,31.289300, 68, 90,1
85274,2007-02-20 21:03:41,121.447100,31.281800, 12,112,1
85274,2007-02-20 21:04:42,121.445300,31.281500,  0,135,1
85274,2007-02-20 21:05:42,121.445300,31.281500,  0,135,1
85274,2007-02-20 21:06:44,121.445300,31.281500,  0,135,1
85274,2007-02-20 21:07:45,121.445300,31.281500,  0,135,1
85274,2007-02-20 21:08:46,121.445300,31.281500,  0,135,1
85274,2007-02-20 21:10:47,121.459600,31.263500, 44, 45,1
85274,2007-02-20 21:11:49,121.462000,31.263300,  0, 90,1
85274,2007-02-20 21:12:50,121.464000,31.263500, 32, 22,1
85274,2007-02-20 21:13:11,121.466000,31.264300, 32, 22,0
85274,2007-02-20 21:13:27,121.466100,31.264300,  0, 22,0
85274,2007-02-20 21:14:19,121.467000,31.264800, 18, 22,0
85274,2007-02-20 21:15:50,121.472800,31.266100, 38, 22,0
85274,2007-02-20 21:16:06,121.474100,31.267100, 42, 22,0
85274,2007-02-20 21:17:07,121.474800,31.267300,  0, 22,0
85274,2007-02-20 21:18:07,121.475600,31.268000,  0,  0,0
85274,2007-02-20 21:18:32,121.475500,31.268800, 42,  0,0
85274,2007-02-20 21:18:42,121.475300,31.270100, 54,  0,1
85274,2007-02-20 21:19:42,121.477000,31.269300, 22, 90,1
85274,2007-02-20 21:20:44,121.474500,31.267300, 14,112,1
85274,2007-02-20 21:21:45,121.471600,31.265500,  0,112,1
85274,2007-02-20 21:22:45,121.470500,31.264300, 16,112,1
85274,2007-02-20 21:23:46,121.466500,31.261500, 36,112,1
85274,2007-02-20 21:24:47,121.463300,31.259800, 20,112,1
85274,2007-02-20 21:25:48,121.462500,31.262300, 58,  0,1
85274,2007-02-20 21:26:50,121.455300,31.262300, 56,135,1
85274,2007-02-20 21:27:50,121.451800,31.261800, 48,135,1
85274,2007-02-20 21:28:51,121.448500,31.262500, 40,135,1
85274,2007-02-20 21:29:52,121.444600,31.262300, 34,135,1
85274,2007-02-20 21:30:53,121.442600,31.263000, 22,157,1
85274,2007-02-20 21:34:33,121.441300,31.265000,  0, 67,0
85274,2007-02-20 21:35:32,121.442300,31.265100, 50, 45,0
85274,2007-02-20 21:35:48,121.444500,31.266000, 50, 22,0
85274,2007-02-20 21:36:04,121.446100,31.266800, 24, 22,0
85274,2007-02-20 21:36:36,121.447100,31.267500, 46, 22,0
85274,2007-02-20 21:36:52,121.449300,31.268300, 60, 22,0
85274,2007-02-20 21:37:08,121.451500,31.269100, 56, 22,0
85274,2007-02-20 21:38:09,121.452500,31.269500,  0, 22,0
85274,2007-02-20 21:38:43,121.453500,31.270000, 20, 22,0
85274,2007-02-20 21:39:02,121.454500,31.270300, 20, 45,0
85274,2007-02-20 21:39:18,121.455300,31.269500, 28, 67,0
85274,2007-02-20 21:39:34,121.456300,31.268600, 44, 67,0
85274,2007-02-20 21:40:28,121.457100,31.268100, 20, 22,0
85274,2007-02-20 21:40:44,121.458100,31.268800, 18, 45,0
85274,2007-02-20 21:41:45,121.458100,31.268500,  0,135,0
85274,2007-02-20 21:42:46,121.458100,31.268500,  0,135,0
85274,2007-02-20 21:43:47,121.458100,31.268600, 14,  0,0
85274,2007-02-20 21:44:03,121.459300,31.269600, 42, 22,0
85274,2007-02-20 21:44:19,121.460800,31.270500, 30, 22,0
85274,2007-02-20 21:44:42,121.461600,31.270800, 24, 67,0
85274,2007-02-20 21:45:26,121.462100,31.270000, 14, 90,0
85274,2007-02-20 21:45:42,121.462500,31.268800, 28, 67,0
85274,2007-02-20 21:45:58,121.463000,31.267600, 38, 90,0
85274,2007-02-20 21:47:15,121.463500,31.266100,  4, 67,0
85274,2007-02-20 21:48:04,121.464300,31.265600, 34, 22,0
85274,2007-02-20 21:48:20,121.465500,31.266300, 12, 22,0
85274,2007-02-20 21:48:36,121.466600,31.267500, 44, 22,0
85274,2007-02-20 21:48:52,121.467800,31.266800, 54, 67,0
85274,2007-02-20 21:49:25,121.469500,31.265300, 48, 67,0
85274,2007-02-20 21:49:41,121.470500,31.264300,  6, 45,0
85274,2007-02-20 21:50:33,121.472100,31.265800, 42, 22,0
85274,2007-02-20 21:51:22,121.473000,31.266300, 12, 22,0
85274,2007-02-20 21:51:39,121.474000,31.267000, 26, 22,0
85274,2007-02-20 21:51:55,121.475100,31.267500, 32, 22,0
85274,2007-02-20 21:52:11,121.475600,31.268500, 48,  0,0
85274,2007-02-20 21:52:27,121.475300,31.270100, 42,  0,0
85274,2007-02-20 21:52:43,121.475100,31.271300, 24,  0,0
85274,2007-02-20 21:52:59,121.474800,31.272500, 40,  0,0
85274,2007-02-20 21:53:22,121.474800,31.273500, 12,  0,0
85274,2007-02-20 21:53:30,121.474800,31.273800, 26,  0,1
85274,2007-02-20 21:54:30,121.477000,31.279500,  8, 22,1
85274,2007-02-20 21:55:31,121.478100,31.281800,  0,  0,1
85274,2007-02-20 21:57:33,121.479600,31.287800,  0,  0,1
85274,2007-02-20 21:58:34,121.480300,31.290300,  0, 22,1
85274,2007-02-20 21:59:35,121.484500,31.294000, 66, 22,1
85274,2007-02-20 22:00:36,121.485300,31.294800,  4, 22,1
85274,2007-02-20 22:01:37,121.483500,31.301300,  0,  0,1
85274,2007-02-20 22:02:38,121.479500,31.297600, 16,112,1
85274,2007-02-20 22:03:32,121.478500,31.301100,  8,135,0
85274,2007-02-20 22:03:47,121.478500,31.301100,  0,112,0
85274,2007-02-20 22:05:20,121.479000,31.299500, 28, 90,1
85274,2007-02-20 22:06:20,121.482800,31.299300, 58, 22,1
85274,2007-02-20 22:07:21,121.489600,31.302500, 50,  0,1
85274,2007-02-20 22:08:22,121.492000,31.308500,  0,  0,1
85274,2007-02-20 22:09:23,121.498800,31.309800, 60, 45,1
85274,2007-02-20 22:10:24,121.506300,31.309800,  0, 45,1
85274,2007-02-20 22:11:25,121.505300,31.312300, 64,157,1
85274,2007-02-20 22:12:26,121.510500,31.313300,  0, 45,1
85274,2007-02-20 22:13:27,121.515100,31.313600, 36,157,1
85274,2007-02-20 22:14:28,121.516800,31.317800, 48, 22,1
85274,2007-02-20 22:16:27,121.523100,31.323500,  0, 45,0
85274,2007-02-20 22:16:42,121.523300,31.323500,  0, 45,0
85274,2007-02-20 22:17:13,121.524300,31.323500, 38, 45,0
85274,2007-02-20 22:17:29,121.526300,31.323500, 52, 45,0
85274,2007-02-20 22:17:45,121.527500,31.323100, 26, 90,0
85274,2007-02-20 22:18:01,121.527500,31.321600, 46, 90,0
85274,2007-02-20 22:18:17,121.527500,31.320300,  4, 90,0
85274,2007-02-20 22:19:12,121.528500,31.320000, 30, 45,0
85274,2007-02-20 22:19:28,121.530000,31.320000, 40, 45,0
85274,2007-02-20 22:19:44,121.531800,31.320000, 38, 45,0
85274,2007-02-20 22:20:00,121.533500,31.320000, 36, 45,0
85274,2007-02-20 22:20:16,121.534100,31.319300, 36, 90,0
85274,2007-02-20 22:20:32,121.534100,31.318300, 32, 90,0
85274,2007-02-20 22:20:48,121.534100,31.317100, 12, 90,0
85274,2007-02-20 22:21:22,121.534100,31.316100, 42, 90,0
85274,2007-02-20 22:21:38,121.534100,31.314600, 40, 90,0
85274,2007-02-20 22:21:54,121.534100,31.313300, 32, 90,0
85274,2007-02-20 22:22:42,121.534300,31.308100, 52, 90,0
85274,2007-02-20 22:22:57,121.534100,31.307000, 22,112,0
85274,2007-02-20 22:23:14,121.532800,31.306500, 38,135,0
85274,2007-02-20 22:23:30,121.531300,31.306100, 38,135,0
85274,2007-02-20 22:23:46,121.530000,31.305600, 18,135,0
85274,2007-02-20 22:24:10,121.529000,31.305300, 38,112,0
85274,2007-02-20 22:24:31,121.527800,31.305000,  4,135,0
85274,2007-02-20 22:24:47,121.527500,31.304100, 40, 90,0
85274,2007-02-20 22:25:04,121.527500,31.302300, 46, 90,0
85274,2007-02-20 22:25:20,121.527500,31.300500, 50, 90,0
85274,2007-02-20 22:25:36,121.527800,31.299500,  0, 90,0
85274,2007-02-20 22:25:41,121.527800,31.299300, 20, 90,1
85274,2007-02-20 22:26:42,121.530300,31.294600, 36, 90,1
85274,2007-02-20 22:27:42,121.525300,31.291100, 50,112,1
85274,2007-02-20 22:29:45,121.521000,31.284500, 34, 90,1
85274,2007-02-20 22:30:46,121.520000,31.283100,  0,112,1
85274,2007-02-20 22:31:47,121.514100,31.281300, 48,112,1
85274,2007-02-20 22:32:47,121.512300,31.282500, 12,  0,1
85274,2007-02-20 22:33:49,121.509300,31.281500, 20,112,1
85274,2007-02-20 22:34:50,121.504100,31.278800, 48,112,1
85274,2007-02-20 22:35:51,121.503100,31.275300, 10,112,1
85274,2007-02-20 22:36:47,121.502600,31.273500, 10, 67,0
85274,2007-02-20 22:37:02,121.502600,31.273500,  0, 67,0
85274,2007-02-20 22:38:03,121.503100,31.273300, 18, 22,0
85274,2007-02-20 22:38:21,121.504000,31.274100, 18, 22,0
85274,2007-02-20 22:38:36,121.505100,31.274600, 36, 22,0
85274,2007-02-20 22:38:52,121.506300,31.275100, 32, 45,0
85274,2007-02-20 22:39:08,121.507500,31.275500,  0, 45,0
85274,2007-02-20 22:39:57,121.507800,31.276300, 34, 22,0
85274,2007-02-20 22:40:13,121.509100,31.277300, 42, 22,0
85274,2007-02-20 22:40:29,121.510600,31.278100, 32, 22,0
85274,2007-02-20 22:40:45,121.512300,31.278500, 38, 45,0
85274,2007-02-20 22:41:01,121.513500,31.278600, 24, 90,0
85274,2007-02-20 22:41:17,121.514000,31.277300, 26, 90,0
85274,2007-02-20 22:41:33,121.514800,31.277000, 42, 45,0
85274,2007-02-20 22:43:11,121.523500,31.277100, 30, 67,0
85274,2007-02-20 22:44:12,121.523800,31.277000,  0, 67,0
85274,2007-02-20 22:44:36,121.524800,31.277000, 44, 22,0
85274,2007-02-20 22:44:52,121.527000,31.277600, 52, 45,0
85274,2007-02-20 22:45:07,121.529000,31.278000, 52, 45,0
85274,2007-02-20 22:45:24,121.530800,31.278300, 16, 67,0
85274,2007-02-20 22:46:00,121.531300,31.277300, 36, 67,0
85274,2007-02-20 22:46:16,121.532000,31.276100, 32, 67,0
85274,2007-02-20 22:46:32,121.532800,31.275100, 32, 67,0
85274,2007-02-20 22:46:47,121.533600,31.274300, 30, 67,0
85274,2007-02-20 22:47:49,121.533600,31.273800,  0, 90,0
85274,2007-02-20 22:48:50,121.533600,31.273800,  0, 90,0
85274,2007-02-20 22:49:51,121.533600,31.273800,  0, 90,0
85274,2007-02-20 22:50:52,121.533300,31.273800,  0, 90,0
85274,2007-02-20 22:51:52,121.533300,31.273800,  0,  0,0
85274,2007-02-20 22:52:54,121.533300,31.273800,  0,  0,0
85274,2007-02-20 22:53:55,121.533300,31.273800,  0,  0,0
85274,2007-02-20 22:54:56,121.533300,31.273800,  0,  0,0
85274,2007-02-20 22:55:57,121.533300,31.273800,  0,  0,0
85274,2007-02-20 22:56:57,121.533300,31.273800,  0,  0,0
85274,2007-02-20 22:57:59,121.533500,31.273800,  0,  0,0
85274,2007-02-20 22:59:00,121.533500,31.273800,  0,  0,0
85274,2007-02-20 23:00:01,121.533500,31.273800,  0,  0,0
85274,2007-02-20 23:01:02,121.533500,31.273800,  0,  0,0
85274,2007-02-20 23:02:02,121.533500,31.273800,  0,  0,0
85274,2007-02-20 23:03:04,121.533500,31.273800,  0,  0,0
85274,2007-02-20 23:04:05,121.533500,31.273800,  0,  0,0
85274,2007-02-20 23:05:06,121.533500,31.273800,  0,  0,0
85274,2007-02-20 23:06:07,121.533500,31.273800,  0,  0,0
85274,2007-02-20 23:07:07,121.533500,31.273800,  0,  0,0
85274,2007-02-20 23:08:09,121.533500,31.273800,  0,  0,0
85274,2007-02-20 23:09:10,121.533500,31.273800,  0,  0,0
85274,2007-02-20 23:10:11,121.533500,31.273800,  0,  0,0
85274,2007-02-20 23:11:12,121.533500,31.273800,  0,  0,0
85274,2007-02-20 23:12:12,121.533500,31.273800,  0,  0,0
85274,2007-02-20 23:13:14,121.533500,31.273800,  0,  0,0
85274,2007-02-20 23:15:16,121.533500,31.274000,  0,  0,0
85274,2007-02-20 23:16:17,121.533500,31.274000,  0,  0,0
85274,2007-02-20 23:17:17,121.533500,31.274000,  0,  0,0
85274,2007-02-20 23:18:19,121.533500,31.274000,  0,  0,0
85274,2007-02-20 23:19:20,121.533500,31.274000,  0,  0,0
85274,2007-02-20 23:20:21,121.533500,31.273800,  0,  0,0
85274,2007-02-20 23:21:22,121.533500,31.273800,  0,  0,0
85274,2007-02-20 23:22:22,121.533500,31.273800,  0,  0,0
85274,2007-02-20 23:23:24,121.533500,31.273800,  0,  0,0
85274,2007-02-20 23:24:25,121.533500,31.273800,  0,  0,0
85274,2007-02-20 23:25:26,121.533500,31.273800,  0,  0,0
85274,2007-02-20 23:26:27,121.533500,31.273800,  0,  0,0
85274,2007-02-20 23:27:27,121.533500,31.273800,  0,  0,0
85274,2007-02-20 23:28:29,121.533500,31.273800,  0,  0,0
85274,2007-02-20 23:29:30,121.533500,31.273800,  0,  0,0
85274,2007-02-20 23:30:31,121.533500,31.273800,  0,  0,0
85274,2007-02-20 23:31:32,121.533500,31.273800,  0,  0,0
85274,2007-02-20 23:32:32,121.533500,31.273600,  0,  0,0
85274,2007-02-20 23:34:35,121.533500,31.273600,  0,  0,0
85274,2007-02-20 23:35:36,121.533500,31.273600,  0,  0,0
85274,2007-02-20 23:36:37,121.533500,31.273800,  0,  0,0
85274,2007-02-20 23:37:37,121.533500,31.273800,  0,  0,0
85274,2007-02-20 23:38:39,121.533500,31.273800,  0,  0,0
85274,2007-02-20 23:39:40,121.533600,31.273800,  0,  0,0
85274,2007-02-20 23:40:41,121.533600,31.273800,  0,  0,0
85274,2007-02-20 23:41:42,121.533600,31.273800,  0,  0,0
85274,2007-02-20 23:42:42,121.533600,31.273800,  0,  0,0
85274,2007-02-20 23:43:44,121.533600,31.273800,  0,  0,0
85274,2007-02-20 23:44:45,121.533600,31.273800,  0,  0,0
85274,2007-02-20 23:46:46,121.533600,31.273800,  0,  0,0
85274,2007-02-20 23:47:47,121.534000,31.273600,  0,  0,0
85274,2007-02-20 23:49:49,121.533500,31.273800,  0,  0,0
85274,2007-02-20 23:50:51,121.533600,31.273800,  0,  0,0
85274,2007-02-20 23:51:52,121.533600,31.273800,  0,  0,0
85274,2007-02-20 23:52:52,121.533300,31.274000,  0,  0,0
85274,2007-02-20 23:53:53,121.533300,31.274000,  0,  0,0
85274,2007-02-20 23:54:54,121.533300,31.274000,  0,  0,0
85274,2007-02-20 23:57:12,121.533600,31.273800,  0,  0,0
85274,2007-02-20 23:58:13,121.533600,31.273800,  0,  0,0
85274,2007-02-20 23:59:14,121.533600,31.273800,  0,  0,0
