10139,2007-02-20 00:00:36,121.369967,31.174367, 10,  8,0
10139,2007-02-20 00:01:39,121.369967,31.174367, 10,  8,0
10139,2007-02-20 00:02:42,121.369967,31.174367, 10,  8,0
10139,2007-02-20 00:03:45,121.369967,31.174367, 10,  8,0
10139,2007-02-20 00:04:48,121.369967,31.174367, 10,  8,0
10139,2007-02-20 00:05:51,121.369967,31.174367, 10,  8,0
10139,2007-02-20 00:06:54,121.369967,31.174367, 10,  8,0
10139,2007-02-20 00:07:57,121.369967,31.174367, 10,  8,0
10139,2007-02-20 00:09:00,121.369967,31.174367, 10,  8,0
10139,2007-02-20 00:10:03,121.369967,31.174367, 10,  8,0
10139,2007-02-20 00:11:06,121.369967,31.174367, 10,  8,0
10139,2007-02-20 00:12:10,121.369967,31.174367, 10,  8,0
10139,2007-02-20 00:15:19,121.369967,31.174367, 10,  8,0
10139,2007-02-20 00:16:22,121.369967,31.174367, 10,  8,0
10139,2007-02-20 00:17:25,121.369967,31.174367, 10,  8,0
10139,2007-02-20 00:18:28,121.369967,31.174367, 10,  8,0
10139,2007-02-20 00:19:31,121.369967,31.174367, 10,  8,0
10139,2007-02-20 00:20:34,121.369967,31.174367, 10,  8,0
10139,2007-02-20 00:21:37,121.369967,31.174367, 10,  8,0
10139,2007-02-20 00:22:40,121.369967,31.174367, 10,  8,0
10139,2007-02-20 00:23:43,121.369967,31.174367, 10,  8,0
10139,2007-02-20 00:24:46,121.369967,31.174367, 10,  8,0
10139,2007-02-20 00:25:49,121.369967,31.174367, 10,  8,0
10139,2007-02-20 00:26:52,121.369967,31.174367, 10,  8,0
10139,2007-02-20 00:27:55,121.369967,31.174367, 10,  8,0
10139,2007-02-20 00:28:58,121.369967,31.174367, 10,  8,0
10139,2007-02-20 00:30:01,121.369967,31.174367, 10,  8,0
10139,2007-02-20 00:31:04,121.369967,31.174367, 10,  8,0
10139,2007-02-20 00:32:07,121.369967,31.174367, 10,  8,0
10139,2007-02-20 00:33:10,121.369967,31.174367, 10,  8,0
10139,2007-02-20 00:34:13,121.369967,31.174367, 10,  8,0
10139,2007-02-20 00:35:16,121.369967,31.174367, 10,  8,0
10139,2007-02-20 00:36:19,121.369967,31.174367, 10,  8,0
10139,2007-02-20 00:37:23,121.369967,31.174367, 10,  8,0
10139,2007-02-20 00:38:26,121.369967,31.174367, 10,  8,0
10139,2007-02-20 00:39:29,121.369967,31.174367, 10,  8,0
10139,2007-02-20 00:40:32,121.369967,31.174367, 10,  8,0
10139,2007-02-20 00:41:35,121.369967,31.174367, 10,  8,0
10139,2007-02-20 00:42:38,121.369967,31.174367, 10,  8,0
10139,2007-02-20 00:43:41,121.369967,31.174367, 10,  8,0
10139,2007-02-20 00:44:44,121.369967,31.174367, 10,  8,0
10139,2007-02-20 00:45:47,121.369967,31.174367, 10,  8,0
10139,2007-02-20 00:46:50,121.369967,31.174367, 10,  8,0
10139,2007-02-20 00:47:53,121.369967,31.174367, 10,  8,0
10139,2007-02-20 00:48:56,121.369967,31.174367, 10,  8,0
10139,2007-02-20 00:49:59,121.369967,31.174367, 10,  8,0
10139,2007-02-20 00:51:02,121.369967,31.174367, 10,  8,0
10139,2007-02-20 00:52:05,121.369967,31.174367, 10,  8,0
10139,2007-02-20 00:53:08,121.369967,31.174367, 10,  8,0
10139,2007-02-20 00:54:11,121.369967,31.174367, 10,  8,0
10139,2007-02-20 00:55:14,121.369967,31.174367, 10,  8,0
10139,2007-02-20 00:56:17,121.369967,31.174367, 10,  8,0
10139,2007-02-20 00:57:20,121.369967,31.174367, 10,  8,0
10139,2007-02-20 00:58:23,121.369967,31.174367, 10,  8,0
10139,2007-02-20 00:59:26,121.369967,31.174367, 10,  8,0
10139,2007-02-20 01:00:29,121.369967,31.174367, 10,  8,0
10139,2007-02-20 01:01:32,121.369967,31.174367, 10,  8,0
10139,2007-02-20 01:02:35,121.369967,31.174367, 10,  8,0
10139,2007-02-20 01:03:38,121.369967,31.174367, 10,  8,0
10139,2007-02-20 01:04:41,121.369967,31.174367, 10,  8,0
10139,2007-02-20 01:05:44,121.369967,31.174367, 10,  8,0
10139,2007-02-20 01:06:47,121.369967,31.174367, 10,  8,0
10139,2007-02-20 01:07:50,121.369967,31.174367, 10,  8,0
10139,2007-02-20 01:08:53,121.369967,31.174367, 10,  8,0
10139,2007-02-20 01:09:56,121.369967,31.174367, 10,  8,0
10139,2007-02-20 01:10:59,121.369967,31.174367, 10,  8,0
10139,2007-02-20 01:12:03,121.369967,31.174367, 10,  8,0
10139,2007-02-20 01:13:06,121.369967,31.174367, 10,  8,0
10139,2007-02-20 01:14:09,121.369967,31.174367, 10,  8,0
10139,2007-02-20 01:15:12,121.369967,31.174367, 10,  8,0
10139,2007-02-20 01:16:15,121.369967,31.174367, 10,  8,0
10139,2007-02-20 01:17:18,121.369967,31.174367, 10,  8,0
10139,2007-02-20 01:18:21,121.369967,31.174367, 10,  8,0
10139,2007-02-20 01:19:24,121.369967,31.174367, 10,  8,0
10139,2007-02-20 01:20:27,121.369967,31.174367, 10,  8,0
10139,2007-02-20 01:21:30,121.369967,31.174367, 10,  8,0
10139,2007-02-20 01:22:33,121.369967,31.174367, 10,  8,0
10139,2007-02-20 01:23:36,121.369967,31.174367, 10,  8,0
10139,2007-02-20 01:24:39,121.369967,31.174367, 10,  8,0
10139,2007-02-20 01:25:42,121.369967,31.174367, 10,  8,0
10139,2007-02-20 01:26:45,121.369967,31.174367, 10,  8,0
10139,2007-02-20 01:27:48,121.369967,31.174367, 10,  8,0
10139,2007-02-20 01:28:51,121.369967,31.174367, 10,  8,0
10139,2007-02-20 01:29:54,121.369967,31.174367, 10,  8,0
10139,2007-02-20 01:30:57,121.369967,31.174367, 10,  8,0
10139,2007-02-20 01:32:00,121.369967,31.174367, 10,  8,0
10139,2007-02-20 01:33:03,121.369967,31.174367, 10,  8,0
10139,2007-02-20 01:34:06,121.369967,31.174367, 10,  8,0
10139,2007-02-20 01:35:09,121.369967,31.174367, 10,  8,0
10139,2007-02-20 01:36:12,121.369967,31.174367, 10,  8,0
10139,2007-02-20 01:37:15,121.369967,31.174367, 10,  8,0
10139,2007-02-20 01:38:18,121.369967,31.174367, 10,  8,0
10139,2007-02-20 01:39:21,121.369967,31.174367, 10,  8,0
10139,2007-02-20 01:40:24,121.369967,31.174367, 10,  8,0
10139,2007-02-20 01:41:27,121.369967,31.174367, 10,  8,0
10139,2007-02-20 01:42:30,121.369967,31.174367, 10,  8,0
10139,2007-02-20 01:43:33,121.369967,31.174367, 10,  8,0
10139,2007-02-20 01:44:36,121.369967,31.174367, 10,  8,0
10139,2007-02-20 01:45:39,121.369967,31.174367, 10,  8,0
10139,2007-02-20 01:46:42,121.369967,31.174367, 10,  8,0
10139,2007-02-20 01:47:46,121.369967,31.174367, 10,  8,0
10139,2007-02-20 01:48:49,121.369967,31.174367, 10,  8,0
10139,2007-02-20 01:49:52,121.369967,31.174367, 10,  8,0
10139,2007-02-20 01:50:55,121.369967,31.174367, 10,  8,0
10139,2007-02-20 01:51:58,121.369967,31.174367, 10,  8,0
10139,2007-02-20 01:53:01,121.369967,31.174367, 10,  8,0
10139,2007-02-20 01:54:04,121.369967,31.174367, 10,  8,0
10139,2007-02-20 01:55:07,121.369967,31.174367, 10,  8,0
10139,2007-02-20 01:56:10,121.369967,31.174367, 10,  8,0
10139,2007-02-20 01:57:13,121.369967,31.174367, 10,  8,0
10139,2007-02-20 01:58:16,121.369967,31.174367, 10,  8,0
10139,2007-02-20 01:59:19,121.369967,31.174367, 10,  8,0
10139,2007-02-20 02:00:22,121.369967,31.174367, 10,  8,0
10139,2007-02-20 02:01:25,121.369967,31.174367, 10,  8,0
10139,2007-02-20 02:02:28,121.369967,31.174367, 10,  8,0
10139,2007-02-20 02:03:31,121.369967,31.174367, 10,  8,0
10139,2007-02-20 02:04:34,121.369967,31.174367, 10,  8,0
10139,2007-02-20 02:05:37,121.369967,31.174367, 10,  8,0
10139,2007-02-20 02:06:40,121.369967,31.174367, 10,  8,0
10139,2007-02-20 02:07:43,121.369967,31.174367, 10,  8,0
10139,2007-02-20 02:08:46,121.369967,31.174367, 10,  8,0
10139,2007-02-20 02:09:49,121.369967,31.174367, 10,  8,0
10139,2007-02-20 02:10:52,121.369967,31.174367, 10,  8,0
10139,2007-02-20 02:11:55,121.369967,31.174367, 10,  8,0
10139,2007-02-20 02:14:01,121.369967,31.174367, 10,  8,0
10139,2007-02-20 02:15:04,121.369967,31.174367, 10,  8,0
10139,2007-02-20 02:16:07,121.369967,31.174367, 10,  8,0
10139,2007-02-20 02:17:10,121.369967,31.174367, 10,  8,0
10139,2007-02-20 02:18:13,121.369967,31.174367, 10,  8,0
10139,2007-02-20 02:19:16,121.369967,31.174367, 10,  8,0
10139,2007-02-20 02:20:19,121.369967,31.174367, 10,  8,0
10139,2007-02-20 02:21:22,121.369967,31.174367, 10,  8,0
10139,2007-02-20 02:22:25,121.369967,31.174367, 10,  8,0
10139,2007-02-20 02:23:28,121.369967,31.174367, 10,  8,0
10139,2007-02-20 02:24:31,121.369967,31.174367, 10,  8,0
10139,2007-02-20 02:25:34,121.369967,31.174367, 10,  8,0
10139,2007-02-20 02:26:37,121.369967,31.174367, 10,  8,0
10139,2007-02-20 02:27:41,121.369967,31.174367, 10,  8,0
10139,2007-02-20 02:28:44,121.369967,31.174367, 10,  8,0
10139,2007-02-20 02:29:47,121.369967,31.174367, 10,  8,0
10139,2007-02-20 02:30:50,121.369967,31.174367, 10,  8,0
10139,2007-02-20 02:32:56,121.369967,31.174367, 10,  8,0
10139,2007-02-20 02:33:59,121.369967,31.174367, 10,  8,0
10139,2007-02-20 02:35:02,121.369967,31.174367, 10,  8,0
10139,2007-02-20 02:36:05,121.369967,31.174367, 10,  8,0
10139,2007-02-20 02:37:08,121.369967,31.174367, 10,  8,0
10139,2007-02-20 02:38:11,121.369967,31.174367, 10,  8,0
10139,2007-02-20 02:39:14,121.369967,31.174367, 10,  8,0
10139,2007-02-20 02:40:17,121.369967,31.174367, 10,  8,0
10139,2007-02-20 02:41:20,121.369967,31.174367, 10,  8,0
10139,2007-02-20 02:42:23,121.369967,31.174367, 10,  8,0
10139,2007-02-20 02:44:29,121.369967,31.174367, 10,  8,0
10139,2007-02-20 02:45:32,121.369967,31.174367, 10,  8,0
10139,2007-02-20 02:46:35,121.369967,31.174367, 10,  8,0
10139,2007-02-20 02:47:38,121.369967,31.174367, 10,  8,0
10139,2007-02-20 02:48:41,121.369967,31.174367, 10,  8,0
10139,2007-02-20 02:49:44,121.369967,31.174367, 10,  8,0
10139,2007-02-20 02:50:47,121.369967,31.174367, 10,  8,0
10139,2007-02-20 02:51:50,121.369967,31.174367, 10,  8,0
10139,2007-02-20 02:52:53,121.369967,31.174367, 10,  8,0
10139,2007-02-20 02:53:56,121.369967,31.174367, 10,  8,0
10139,2007-02-20 02:54:59,121.369967,31.174367, 10,  8,0
10139,2007-02-20 02:56:02,121.369967,31.174367, 10,  8,0
10139,2007-02-20 02:57:05,121.369967,31.174367, 10,  8,0
10139,2007-02-20 02:58:08,121.369967,31.174367, 10,  8,0
10139,2007-02-20 02:59:11,121.369967,31.174367, 10,  8,0
10139,2007-02-20 03:00:14,121.369967,31.174367, 10,  8,0
10139,2007-02-20 03:01:17,121.369967,31.174367, 10,  8,0
10139,2007-02-20 03:03:23,121.369967,31.174367, 10,  8,0
10139,2007-02-20 03:04:26,121.369967,31.174367, 10,  8,0
10139,2007-02-20 03:05:29,121.369967,31.174367, 10,  8,0
10139,2007-02-20 03:06:32,121.369967,31.174367, 10,  8,0
10139,2007-02-20 03:07:36,121.369967,31.174367, 10,  8,0
10139,2007-02-20 03:08:39,121.369967,31.174367, 10,  8,0
10139,2007-02-20 03:09:42,121.369967,31.174367, 10,  8,0
10139,2007-02-20 03:10:45,121.369967,31.174367, 10,  8,0
10139,2007-02-20 03:12:51,121.369967,31.174367, 10,  8,0
10139,2007-02-20 03:13:54,121.369967,31.174367, 10,  8,0
10139,2007-02-20 03:14:57,121.369967,31.174367, 10,  8,0
10139,2007-02-20 03:16:00,121.369967,31.174367, 10,  8,0
10139,2007-02-20 03:17:03,121.369967,31.174367, 10,  8,0
10139,2007-02-20 03:18:06,121.369967,31.174367, 10,  8,0
10139,2007-02-20 03:19:09,121.369967,31.174367, 10,  8,0
10139,2007-02-20 03:20:12,121.369967,31.174367, 10,  8,0
10139,2007-02-20 03:21:15,121.369967,31.174367, 10,  8,0
10139,2007-02-20 03:22:18,121.369967,31.174367, 10,  8,0
10139,2007-02-20 03:23:21,121.369967,31.174367, 10,  8,0
10139,2007-02-20 03:24:24,121.369967,31.174367, 10,  8,0
10139,2007-02-20 03:25:27,121.369967,31.174367, 10,  8,0
10139,2007-02-20 03:26:30,121.369967,31.174367, 10,  8,0
10139,2007-02-20 03:27:33,121.369967,31.174367, 10,  8,0
10139,2007-02-20 03:28:36,121.369967,31.174367, 10,  8,0
10139,2007-02-20 03:29:39,121.369967,31.174367, 10,  8,0
10139,2007-02-20 03:30:42,121.369967,31.174367, 10,  8,0
10139,2007-02-20 03:31:45,121.369967,31.174367, 10,  8,0
10139,2007-02-20 03:32:48,121.369967,31.174367, 10,  8,0
10139,2007-02-20 03:33:51,121.369967,31.174367, 10,  8,0
10139,2007-02-20 03:34:54,121.369967,31.174367, 10,  8,0
10139,2007-02-20 03:35:57,121.369967,31.174367, 10,  8,0
10139,2007-02-20 03:37:00,121.369967,31.174367, 10,  8,0
10139,2007-02-20 03:38:03,121.369967,31.174367, 10,  8,0
10139,2007-02-20 03:39:06,121.369967,31.174367, 10,  8,0
10139,2007-02-20 03:40:09,121.369967,31.174367, 10,  8,0
10139,2007-02-20 03:41:12,121.369967,31.174367, 10,  8,0
10139,2007-02-20 03:42:15,121.369967,31.174367, 10,  8,0
10139,2007-02-20 03:43:18,121.369967,31.174367, 10,  8,0
10139,2007-02-20 03:44:21,121.369967,31.174367, 10,  8,0
10139,2007-02-20 03:45:24,121.369967,31.174367, 10,  8,0
10139,2007-02-20 03:46:27,121.369967,31.174367, 10,  8,0
10139,2007-02-20 03:47:31,121.369967,31.174367, 10,  8,0
10139,2007-02-20 03:50:40,121.369967,31.174367, 10,  8,0
10139,2007-02-20 03:51:43,121.369967,31.174367, 10,  8,0
10139,2007-02-20 03:52:46,121.369967,31.174367, 10,  8,0
10139,2007-02-20 03:53:49,121.369967,31.174367, 10,  8,0
10139,2007-02-20 03:54:52,121.369967,31.174367, 10,  8,0
10139,2007-02-20 03:55:55,121.369967,31.174367, 10,  8,0
10139,2007-02-20 03:56:58,121.369967,31.174367, 10,  8,0
10139,2007-02-20 03:58:01,121.369967,31.174367, 10,  8,0
10139,2007-02-20 03:59:04,121.369967,31.174367, 10,  8,0
10139,2007-02-20 04:00:07,121.369967,31.174367, 10,  8,0
10139,2007-02-20 04:01:10,121.369967,31.174367, 10,  8,0
10139,2007-02-20 04:02:13,121.369967,31.174367, 10,  8,0
10139,2007-02-20 04:03:16,121.369967,31.174367, 10,  8,0
10139,2007-02-20 04:04:19,121.369967,31.174367, 10,  8,0
10139,2007-02-20 04:05:22,121.369967,31.174367, 10,  8,0
10139,2007-02-20 04:06:25,121.369967,31.174367, 10,  8,0
10139,2007-02-20 04:07:28,121.369967,31.174367, 10,  8,0
10139,2007-02-20 04:08:31,121.369967,31.174367, 10,  8,0
10139,2007-02-20 04:09:34,121.369967,31.174367, 10,  8,0
10139,2007-02-20 04:10:37,121.369967,31.174367, 10,  8,0
10139,2007-02-20 04:11:40,121.369967,31.174367, 10,  8,0
10139,2007-02-20 04:12:43,121.369967,31.174367, 10,  8,0
10139,2007-02-20 04:13:46,121.369967,31.174367, 10,  8,0
10139,2007-02-20 04:14:49,121.369967,31.174367, 10,  8,0
10139,2007-02-20 04:15:52,121.369967,31.174367, 10,  8,0
10139,2007-02-20 04:16:55,121.369967,31.174367, 10,  8,0
10139,2007-02-20 04:17:59,121.369967,31.174367, 10,  8,0
10139,2007-02-20 04:19:02,121.369967,31.174367, 10,  8,0
10139,2007-02-20 04:20:05,121.369967,31.174367, 10,  8,0
10139,2007-02-20 04:22:11,121.369967,31.174367, 10,  8,0
10139,2007-02-20 04:23:14,121.369967,31.174367, 10,  8,0
10139,2007-02-20 04:24:17,121.369967,31.174367, 10,  8,0
10139,2007-02-20 04:26:23,121.369967,31.174367, 10,  8,0
10139,2007-02-20 04:27:26,121.369967,31.174367, 10,  8,0
10139,2007-02-20 04:28:29,121.369967,31.174367, 10,  8,0
10139,2007-02-20 04:29:32,121.369967,31.174367, 10,  8,0
10139,2007-02-20 04:30:35,121.369967,31.174367, 10,  8,0
10139,2007-02-20 04:32:41,121.369967,31.174367, 10,  8,0
10139,2007-02-20 04:33:44,121.369967,31.174367, 10,  8,0
10139,2007-02-20 04:34:47,121.369967,31.174367, 10,  8,0
10139,2007-02-20 04:35:50,121.369967,31.174367, 10,  8,0
10139,2007-02-20 04:36:53,121.369967,31.174367, 10,  8,0
10139,2007-02-20 04:37:56,121.369967,31.174367, 10,  8,0
10139,2007-02-20 04:38:59,121.369967,31.174367, 10,  8,0
10139,2007-02-20 04:40:02,121.369967,31.174367, 10,  8,0
10139,2007-02-20 04:41:05,121.369967,31.174367, 10,  8,0
10139,2007-02-20 04:42:08,121.369967,31.174367, 10,  8,0
10139,2007-02-20 04:43:11,121.369967,31.174367, 10,  8,0
10139,2007-02-20 04:44:14,121.369967,31.174367, 10,  8,0
10139,2007-02-20 04:45:17,121.369967,31.174367, 10,  8,0
10139,2007-02-20 04:46:20,121.369967,31.174367, 10,  8,0
10139,2007-02-20 04:47:23,121.369967,31.174367, 10,  8,0
10139,2007-02-20 04:48:26,121.369967,31.174367, 10,  8,0
10139,2007-02-20 04:49:29,121.369967,31.174367, 10,  8,0
10139,2007-02-20 04:50:32,121.369967,31.174367, 10,  8,0
10139,2007-02-20 04:51:35,121.369967,31.174367, 10,  8,0
10139,2007-02-20 04:52:38,121.369967,31.174367, 10,  8,0
10139,2007-02-20 04:53:41,121.369967,31.174367, 10,  8,0
10139,2007-02-20 04:54:44,121.369967,31.174367, 10,  8,0
10139,2007-02-20 04:55:47,121.369967,31.174367, 10,  8,0
10139,2007-02-20 04:56:50,121.369967,31.174367, 10,  8,0
10139,2007-02-20 04:57:53,121.369967,31.174367, 10,  8,0
10139,2007-02-20 04:58:56,121.369967,31.174367, 10,  8,0
10139,2007-02-20 05:00:00,121.369967,31.174367, 10,  8,0
10139,2007-02-20 05:01:03,121.369967,31.174367, 10,  8,0
10139,2007-02-20 05:02:06,121.369967,31.174367, 10,  8,0
10139,2007-02-20 05:03:09,121.369967,31.174367, 10,  8,0
10139,2007-02-20 05:04:12,121.369967,31.174367, 10,  8,0
10139,2007-02-20 05:05:15,121.369967,31.174367, 10,  8,0
10139,2007-02-20 05:06:18,121.369967,31.174367, 10,  8,0
10139,2007-02-20 05:07:21,121.369967,31.174367, 10,  8,0
10139,2007-02-20 05:08:24,121.369967,31.174367, 10,  8,0
10139,2007-02-20 05:09:27,121.369967,31.174367, 10,  8,0
10139,2007-02-20 05:10:30,121.369967,31.174367, 10,  8,0
10139,2007-02-20 05:11:33,121.369967,31.174367, 10,  8,0
10139,2007-02-20 05:13:39,121.369967,31.174367, 10,  8,0
10139,2007-02-20 05:15:45,121.369967,31.174367, 10,  8,0
10139,2007-02-20 05:16:48,121.369967,31.174367, 10,  8,0
10139,2007-02-20 05:17:51,121.369967,31.174367, 10,  8,0
10139,2007-02-20 05:18:54,121.369967,31.174367, 10,  8,0
10139,2007-02-20 05:21:00,121.369967,31.174367, 10,  8,0
10139,2007-02-20 05:22:03,121.369967,31.174367, 10,  8,0
10139,2007-02-20 05:23:06,121.369967,31.174367, 10,  8,0
10139,2007-02-20 05:24:09,121.369967,31.174367, 10,  8,0
10139,2007-02-20 05:25:12,121.369967,31.174367, 10,  8,0
10139,2007-02-20 05:26:15,121.369967,31.174367, 10,  8,0
10139,2007-02-20 05:27:18,121.369967,31.174367, 10,  8,0
10139,2007-02-20 05:28:21,121.369967,31.174367, 10,  8,0
10139,2007-02-20 05:29:24,121.369967,31.174367, 10,  8,0
10139,2007-02-20 05:30:27,121.369967,31.174367, 10,  8,0
10139,2007-02-20 05:31:30,121.369967,31.174367, 10,  8,0
10139,2007-02-20 05:32:33,121.369967,31.174367, 10,  8,0
10139,2007-02-20 05:33:36,121.369967,31.174367, 10,  8,0
10139,2007-02-20 05:34:39,121.369967,31.174367, 10,  8,0
10139,2007-02-20 05:35:43,121.369967,31.174367, 10,  8,0
10139,2007-02-20 05:36:46,121.369967,31.174367, 10,  8,0
10139,2007-02-20 05:37:49,121.369967,31.174367, 10,  8,0
10139,2007-02-20 05:38:52,121.369967,31.174367, 10,  8,0
10139,2007-02-20 05:39:55,121.369967,31.174367, 10,  8,0
10139,2007-02-20 05:40:58,121.369967,31.174367, 10,  8,0
10139,2007-02-20 05:42:01,121.369967,31.174367, 10,  8,0
10139,2007-02-20 05:43:04,121.369967,31.174367, 10,  8,0
10139,2007-02-20 05:44:07,121.369967,31.174367, 10,  8,0
10139,2007-02-20 05:45:10,121.369967,31.174367, 10,  8,0
10139,2007-02-20 05:46:13,121.369967,31.174367, 10,  8,0
10139,2007-02-20 05:47:16,121.369967,31.174367, 10,  8,0
10139,2007-02-20 05:48:19,121.369967,31.174367, 10,  8,0
10139,2007-02-20 05:49:22,121.369967,31.174367, 10,  8,0
10139,2007-02-20 05:50:25,121.369967,31.174367, 10,  8,0
10139,2007-02-20 05:51:28,121.369967,31.174367, 10,  8,0
10139,2007-02-20 05:52:31,121.369967,31.174367, 10,  8,0
10139,2007-02-20 05:53:34,121.369967,31.174367, 10,  8,0
10139,2007-02-20 05:54:37,121.369967,31.174367, 10,  8,0
10139,2007-02-20 05:55:40,121.369967,31.174367, 10,  8,0
10139,2007-02-20 05:56:43,121.369967,31.174367, 10,  8,0
10139,2007-02-20 05:57:46,121.369967,31.174367, 10,  8,0
10139,2007-02-20 05:58:49,121.369967,31.174367, 10,  8,0
10139,2007-02-20 05:59:52,121.369967,31.174367, 10,  8,0
10139,2007-02-20 06:00:55,121.369967,31.174367, 10,  8,0
10139,2007-02-20 06:01:58,121.369967,31.174367, 10,  8,0
10139,2007-02-20 06:03:01,121.369967,31.174367, 10,  8,0
10139,2007-02-20 06:04:04,121.369967,31.174367, 10,  8,0
10139,2007-02-20 06:05:07,121.369967,31.174367, 10,  8,0
10139,2007-02-20 06:06:10,121.369967,31.174367, 10,  8,0
10139,2007-02-20 06:07:13,121.369967,31.174367, 10,  8,0
10139,2007-02-20 06:08:16,121.369967,31.174367, 10,  8,0
10139,2007-02-20 06:09:19,121.369967,31.174367, 10,  8,0
10139,2007-02-20 06:10:23,121.369967,31.174367, 10,  8,0
10139,2007-02-20 06:12:29,121.369967,31.174367, 10,  8,0
10139,2007-02-20 06:13:32,121.369967,31.174367, 10,  8,0
10139,2007-02-20 06:14:35,121.369967,31.174367, 10,  8,0
10139,2007-02-20 06:15:38,121.369967,31.174367, 10,  8,0
10139,2007-02-20 06:16:41,121.369967,31.174367, 10,  8,0
10139,2007-02-20 06:17:44,121.369967,31.174367, 10,  8,0
10139,2007-02-20 06:18:47,121.369967,31.174367, 10,  8,0
10139,2007-02-20 06:19:50,121.369967,31.174367, 10,  8,0
10139,2007-02-20 06:21:56,121.369967,31.174367, 10,  8,0
10139,2007-02-20 06:25:05,121.369967,31.174367, 10,  8,0
10139,2007-02-20 06:26:08,121.369967,31.174367, 10,  8,0
10139,2007-02-20 06:27:11,121.369967,31.174367, 10,  8,0
10139,2007-02-20 06:28:14,121.369967,31.174367, 10,  8,0
10139,2007-02-20 06:29:17,121.369967,31.174367, 10,  8,0
10139,2007-02-20 06:31:23,121.369967,31.174367, 10,  8,0
10139,2007-02-20 06:32:26,121.369967,31.174367, 10,  8,0
10139,2007-02-20 06:33:29,121.369967,31.174367, 10,  8,0
10139,2007-02-20 06:34:32,121.369967,31.174367, 10,  8,0
10139,2007-02-20 06:35:37,121.369967,31.174367, 10,  8,0
10139,2007-02-20 06:36:41,121.369967,31.174367, 10,  8,0
10139,2007-02-20 06:37:45,121.369967,31.174367, 10,  8,0
10139,2007-02-20 06:38:49,121.369967,31.174367, 10,  8,0
10139,2007-02-20 06:40:37,121.369967,31.174367, 10,  8,0
10139,2007-02-20 06:42:59,121.369967,31.174367, 10,  8,0
10139,2007-02-20 06:47:18,121.369967,31.174367, 10,  8,0
10139,2007-02-20 06:49:55,121.369967,31.174367, 10,  8,0
10139,2007-02-20 06:51:38,121.369967,31.174367, 10,  8,0
10139,2007-02-20 06:54:22,121.369967,31.174367, 10,  8,0
10139,2007-02-20 06:55:59,121.369967,31.174367, 10,  8,0
10139,2007-02-20 06:57:11,121.369967,31.174367, 10,  8,0
10139,2007-02-20 06:58:14,121.369967,31.174367, 10,  8,0
10139,2007-02-20 06:59:17,121.369967,31.174367, 10,  8,0
10139,2007-02-20 07:00:20,121.369967,31.174367, 10,  8,0
10139,2007-02-20 07:01:23,121.369967,31.174367, 10,  8,0
10139,2007-02-20 07:02:26,121.369967,31.174367, 10,  8,0
10139,2007-02-20 07:03:29,121.369967,31.174367, 10,  8,0
10139,2007-02-20 07:04:32,121.369967,31.174367, 10,  8,0
10139,2007-02-20 07:05:35,121.369967,31.174367, 10,  8,0
10139,2007-02-20 07:06:38,121.369967,31.174367, 10,  8,0
10139,2007-02-20 07:07:41,121.369967,31.174367, 10,  8,0
10139,2007-02-20 07:08:44,121.369967,31.174367, 10,  8,0
10139,2007-02-20 07:09:47,121.369967,31.174367, 10,  8,0
10139,2007-02-20 07:10:50,121.369967,31.174367, 10,  8,0
10139,2007-02-20 07:11:53,121.369967,31.174367, 10,  8,0
10139,2007-02-20 07:12:56,121.369967,31.174367, 10,  8,0
10139,2007-02-20 07:13:59,121.369967,31.174367, 10,  8,0
10139,2007-02-20 07:15:02,121.369967,31.174367, 10,  8,0
10139,2007-02-20 07:16:05,121.369967,31.174367, 10,  8,0
10139,2007-02-20 07:18:11,121.369967,31.174367, 10,  8,0
10139,2007-02-20 07:19:14,121.369967,31.174367, 10,  8,0
10139,2007-02-20 07:20:17,121.369967,31.174367, 10,  8,0
10139,2007-02-20 07:21:20,121.369967,31.174367, 10,  8,0
10139,2007-02-20 07:22:23,121.369967,31.174367, 10,  8,0
10139,2007-02-20 07:23:26,121.369967,31.174367, 10,  8,0
10139,2007-02-20 07:24:29,121.369967,31.174367, 10,  8,0
10139,2007-02-20 07:25:32,121.369967,31.174367, 10,  8,0
10139,2007-02-20 07:26:36,121.369967,31.174367, 10,  8,0
10139,2007-02-20 07:27:39,121.369967,31.174367, 10,  8,0
10139,2007-02-20 07:28:42,121.369967,31.174367, 10,  8,0
10139,2007-02-20 07:29:45,121.369967,31.174367, 10,  8,0
10139,2007-02-20 07:30:48,121.369967,31.174367, 10,  8,0
10139,2007-02-20 07:31:51,121.369967,31.174367, 10,  8,0
10139,2007-02-20 07:32:54,121.369967,31.174367, 10,  8,0
10139,2007-02-20 07:33:57,121.369967,31.174367, 10,  8,0
10139,2007-02-20 07:35:00,121.369967,31.174367, 10,  8,0
10139,2007-02-20 07:36:03,121.369967,31.174367, 10,  8,0
10139,2007-02-20 07:37:06,121.369967,31.174367, 10,  8,0
10139,2007-02-20 07:38:09,121.369967,31.174367, 10,  8,0
10139,2007-02-20 07:39:12,121.369967,31.174367, 10,  8,0
10139,2007-02-20 07:40:15,121.369967,31.174367, 10,  8,0
10139,2007-02-20 07:41:18,121.369967,31.174367, 10,  8,0
10139,2007-02-20 07:42:21,121.369967,31.174367, 10,  8,0
10139,2007-02-20 07:43:24,121.369967,31.174367, 10,  8,0
10139,2007-02-20 07:44:27,121.369967,31.174367, 10,  8,0
10139,2007-02-20 07:45:30,121.369967,31.174367, 10,  8,0
10139,2007-02-20 07:46:33,121.369967,31.174367, 10,  8,0
10139,2007-02-20 07:47:36,121.369967,31.174367, 10,  8,0
10139,2007-02-20 07:48:39,121.369967,31.174367, 10,  8,0
10139,2007-02-20 07:49:42,121.369967,31.174367, 10,  8,0
10139,2007-02-20 07:50:45,121.369967,31.174367, 10,  8,0
10139,2007-02-20 07:51:48,121.369967,31.174367, 10,  8,0
10139,2007-02-20 07:52:51,121.369967,31.174367, 10,  8,0
10139,2007-02-20 07:53:54,121.369967,31.174367, 10,  8,0
10139,2007-02-20 07:54:57,121.369967,31.174367, 10,  8,0
10139,2007-02-20 07:56:00,121.369967,31.174367, 10,  8,0
10139,2007-02-20 07:57:03,121.369967,31.174367, 10,  8,0
10139,2007-02-20 07:58:06,121.369967,31.174367, 10,  8,0
10139,2007-02-20 07:59:09,121.369967,31.174367, 10,  8,0
10139,2007-02-20 08:00:12,121.369967,31.174367, 10,  8,0
10139,2007-02-20 08:01:15,121.369967,31.174367, 10,  8,0
10139,2007-02-20 08:02:18,121.369967,31.174367, 10,  8,0
10139,2007-02-20 08:03:21,121.369967,31.174367, 10,  8,0
10139,2007-02-20 08:05:27,121.369967,31.174367, 10,  8,0
10139,2007-02-20 08:06:30,121.369967,31.174367, 10,  8,0
10139,2007-02-20 08:07:33,121.369967,31.174367, 10,  8,0
10139,2007-02-20 08:08:36,121.369967,31.174367, 10,  8,0
10139,2007-02-20 08:09:39,121.369967,31.174367, 10,  8,0
10139,2007-02-20 08:10:43,121.369967,31.174367, 10,  8,0
10139,2007-02-20 08:11:46,121.369967,31.174367, 10,  8,0
10139,2007-02-20 08:12:49,121.369967,31.174367, 10,  8,0
10139,2007-02-20 08:13:52,121.369967,31.174367, 10,  8,0
10139,2007-02-20 08:14:55,121.369967,31.174367, 10,  8,0
10139,2007-02-20 08:15:58,121.369967,31.174367, 10,  8,0
10139,2007-02-20 08:17:01,121.369967,31.174367, 10,  8,0
10139,2007-02-20 08:18:04,121.369967,31.174367, 10,  8,0
10139,2007-02-20 08:19:07,121.369967,31.174367, 10,  8,0
10139,2007-02-20 08:20:10,121.369967,31.174367, 10,  8,0
10139,2007-02-20 08:21:13,121.369967,31.174367, 10,  8,0
10139,2007-02-20 08:22:16,121.369967,31.174367, 10,  8,0
10139,2007-02-20 08:23:19,121.369967,31.174367, 10,  8,0
10139,2007-02-20 08:24:22,121.369967,31.174367, 10,  8,0
10139,2007-02-20 08:25:25,121.369967,31.174367, 10,  8,0
10139,2007-02-20 08:26:28,121.369967,31.174367, 10,  8,0
10139,2007-02-20 08:27:31,121.369967,31.174367, 10,  8,0
10139,2007-02-20 08:28:34,121.369967,31.174367, 10,  8,0
10139,2007-02-20 08:29:37,121.369967,31.174367, 10,  8,0
10139,2007-02-20 08:30:40,121.369967,31.174367, 10,  8,0
10139,2007-02-20 08:31:43,121.369967,31.174367, 10,  8,0
10139,2007-02-20 08:32:46,121.369967,31.174367, 10,  8,0
10139,2007-02-20 08:33:49,121.369967,31.174367, 10,  8,0
10139,2007-02-20 08:35:55,121.369967,31.174367, 10,  8,0
10139,2007-02-20 08:36:58,121.369967,31.174367, 10,  8,0
10139,2007-02-20 08:38:01,121.369967,31.174367, 10,  8,0
10139,2007-02-20 08:39:04,121.369967,31.174367, 10,  8,0
10139,2007-02-20 08:40:07,121.369967,31.174367, 10,  8,0
10139,2007-02-20 08:41:10,121.369967,31.174367, 10,  8,0
10139,2007-02-20 08:42:13,121.369967,31.174367, 10,  8,0
10139,2007-02-20 08:43:16,121.369967,31.174367, 10,  8,0
10139,2007-02-20 08:44:19,121.369967,31.174367, 10,  8,0
10139,2007-02-20 08:45:22,121.369967,31.174367, 10,  8,0
10139,2007-02-20 08:46:25,121.369967,31.174367, 10,  8,0
10139,2007-02-20 08:47:28,121.369967,31.174367, 10,  8,0
10139,2007-02-20 08:48:31,121.369967,31.174367, 10,  8,0
10139,2007-02-20 08:49:34,121.369967,31.174367, 10,  8,0
10139,2007-02-20 08:50:38,121.369967,31.174367, 10,  8,0
10139,2007-02-20 08:51:41,121.369967,31.174367, 10,  8,0
10139,2007-02-20 08:52:44,121.369967,31.174367, 10,  8,0
10139,2007-02-20 08:53:47,121.369967,31.174367, 10,  8,0
10139,2007-02-20 08:54:50,121.369967,31.174367, 10,  8,0
10139,2007-02-20 08:55:53,121.369967,31.174367, 10,  8,0
10139,2007-02-20 08:56:56,121.369967,31.174367, 10,  8,0
10139,2007-02-20 08:57:59,121.369967,31.174367, 10,  8,0
10139,2007-02-20 08:59:02,121.369967,31.174367, 10,  8,0
10139,2007-02-20 09:00:05,121.369967,31.174367, 10,  8,0
10139,2007-02-20 09:01:08,121.369967,31.174367, 10,  8,0
10139,2007-02-20 09:02:11,121.369967,31.174367, 10,  8,0
10139,2007-02-20 09:03:14,121.369967,31.174367, 10,  8,0
10139,2007-02-20 09:04:17,121.369967,31.174367, 10,  8,0
10139,2007-02-20 09:05:20,121.369967,31.174367, 10,  8,0
10139,2007-02-20 09:06:23,121.369967,31.174367, 10,  8,0
10139,2007-02-20 09:07:26,121.369967,31.174367, 10,  8,0
10139,2007-02-20 09:08:29,121.369967,31.174367, 10,  8,0
10139,2007-02-20 09:09:32,121.369967,31.174367, 10,  8,0
10139,2007-02-20 09:10:35,121.369967,31.174367, 10,  8,0
10139,2007-02-20 09:11:38,121.369967,31.174367, 10,  8,0
10139,2007-02-20 09:12:41,121.369967,31.174367, 10,  8,0
10139,2007-02-20 09:13:44,121.369967,31.174367, 10,  8,0
10139,2007-02-20 09:14:47,121.369967,31.174367, 10,  8,0
10139,2007-02-20 09:15:50,121.369967,31.174367, 10,  8,0
10139,2007-02-20 09:16:53,121.369967,31.174367, 10,  8,0
10139,2007-02-20 09:17:56,121.369967,31.174367, 10,  8,0
10139,2007-02-20 09:18:59,121.369967,31.174367, 10,  8,0
10139,2007-02-20 09:20:02,121.369967,31.174367, 10,  8,0
10139,2007-02-20 09:21:05,121.369967,31.174367, 10,  8,0
10139,2007-02-20 09:22:08,121.369967,31.174367, 10,  8,0
10139,2007-02-20 09:23:11,121.369967,31.174367, 10,  8,0
10139,2007-02-20 09:24:14,121.369967,31.174367, 10,  8,0
10139,2007-02-20 09:25:17,121.369967,31.174367, 10,  8,0
10139,2007-02-20 09:26:20,121.369967,31.174367, 10,  8,0
10139,2007-02-20 09:27:23,121.369967,31.174367, 10,  8,0
10139,2007-02-20 09:28:26,121.369967,31.174367, 10,  8,0
10139,2007-02-20 09:29:29,121.369967,31.174367, 10,  8,0
10139,2007-02-20 09:30:32,121.369967,31.174367, 10,  8,0
10139,2007-02-20 09:31:35,121.369967,31.174367, 10,  8,0
10139,2007-02-20 09:32:38,121.369967,31.174367, 10,  8,0
10139,2007-02-20 09:33:41,121.369967,31.174367, 10,  8,0
10139,2007-02-20 09:34:44,121.369967,31.174367, 10,  8,0
10139,2007-02-20 09:35:47,121.369967,31.174367, 10,  8,0
10139,2007-02-20 09:36:50,121.369967,31.174367, 10,  8,0
10139,2007-02-20 09:37:53,121.369967,31.174367, 10,  8,0
10139,2007-02-20 09:38:56,121.369967,31.174367, 10,  8,0
10139,2007-02-20 09:39:59,121.369967,31.174367, 10,  8,0
10139,2007-02-20 09:41:02,121.369967,31.174367, 10,  8,0
10139,2007-02-20 09:42:05,121.369967,31.174367, 10,  8,0
10139,2007-02-20 09:43:08,121.369967,31.174367, 10,  8,0
10139,2007-02-20 09:44:11,121.369967,31.174367, 10,  8,0
10139,2007-02-20 09:45:14,121.369967,31.174367, 10,  8,0
10139,2007-02-20 09:46:18,121.369967,31.174367, 10,  8,0
10139,2007-02-20 09:47:21,121.369967,31.174367, 10,  8,0
10139,2007-02-20 09:48:24,121.369967,31.174367, 10,  8,0
10139,2007-02-20 09:49:27,121.369967,31.174367, 10,  8,0
10139,2007-02-20 09:50:30,121.369967,31.174367, 10,  8,0
10139,2007-02-20 09:51:33,121.369967,31.174367, 10,  8,0
10139,2007-02-20 09:52:36,121.369967,31.174367, 10,  8,0
10139,2007-02-20 09:53:39,121.369967,31.174367, 10,  8,0
10139,2007-02-20 09:54:42,121.369967,31.174367, 10,  8,0
10139,2007-02-20 09:55:45,121.369967,31.174367, 10,  8,0
10139,2007-02-20 09:56:48,121.369967,31.174367, 10,  8,0
10139,2007-02-20 09:57:51,121.369967,31.174367, 10,  8,0
10139,2007-02-20 09:58:54,121.369967,31.174367, 10,  8,0
10139,2007-02-20 09:59:57,121.369967,31.174367, 10,  8,0
10139,2007-02-20 10:01:00,121.369967,31.174367, 10,  8,0
10139,2007-02-20 10:02:03,121.369967,31.174367, 10,  8,0
10139,2007-02-20 10:03:06,121.369967,31.174367, 10,  8,0
10139,2007-02-20 10:04:09,121.369967,31.174367, 10,  8,0
10139,2007-02-20 10:05:12,121.369967,31.174367, 10,  8,0
10139,2007-02-20 10:06:15,121.369967,31.174367, 10,  8,0
10139,2007-02-20 10:07:18,121.369967,31.174367, 10,  8,0
10139,2007-02-20 10:08:21,121.369967,31.174367, 10,  8,0
10139,2007-02-20 10:09:24,121.369967,31.174367, 10,  8,0
10139,2007-02-20 10:10:27,121.369967,31.174367, 10,  8,0
10139,2007-02-20 10:11:30,121.369967,31.174367, 10,  8,0
10139,2007-02-20 10:12:33,121.369967,31.174367, 10,  8,0
10139,2007-02-20 10:13:36,121.369967,31.174367, 10,  8,0
10139,2007-02-20 10:14:39,121.369967,31.174367, 10,  8,0
10139,2007-02-20 10:15:42,121.369967,31.174367, 10,  8,0
10139,2007-02-20 10:16:45,121.369967,31.174367, 10,  8,0
10139,2007-02-20 10:17:48,121.369967,31.174367, 10,  8,0
10139,2007-02-20 10:18:51,121.369967,31.174367, 10,  8,0
10139,2007-02-20 10:19:54,121.369967,31.174367, 10,  8,0
10139,2007-02-20 10:20:57,121.369967,31.174367, 10,  8,0
10139,2007-02-20 10:22:00,121.369967,31.174367, 10,  8,0
10139,2007-02-20 10:23:03,121.369967,31.174367, 10,  8,0
10139,2007-02-20 10:24:06,121.369967,31.174367, 10,  8,0
10139,2007-02-20 10:25:09,121.369967,31.174367, 10,  8,0
10139,2007-02-20 10:26:13,121.369967,31.174367, 10,  8,0
10139,2007-02-20 10:27:16,121.369967,31.174367, 10,  8,0
10139,2007-02-20 10:28:19,121.369967,31.174367, 10,  8,0
10139,2007-02-20 10:29:22,121.369967,31.174367, 10,  8,0
10139,2007-02-20 10:30:25,121.369967,31.174367, 10,  8,0
10139,2007-02-20 10:31:28,121.369967,31.174367, 10,  8,0
10139,2007-02-20 10:32:31,121.369967,31.174367, 10,  8,0
10139,2007-02-20 10:33:34,121.369967,31.174367, 10,  8,0
10139,2007-02-20 10:34:37,121.369967,31.174367, 10,  8,0
10139,2007-02-20 10:35:40,121.369967,31.174367, 10,  8,0
10139,2007-02-20 10:36:43,121.369967,31.174367, 10,  8,0
10139,2007-02-20 10:37:46,121.369967,31.174367, 10,  8,0
10139,2007-02-20 10:38:49,121.369967,31.174367, 10,  8,0
10139,2007-02-20 10:39:52,121.369967,31.174367, 10,  8,0
10139,2007-02-20 10:40:55,121.369967,31.174367, 10,  8,0
10139,2007-02-20 10:41:58,121.369967,31.174367, 10,  8,0
10139,2007-02-20 10:43:01,121.369967,31.174367, 10,  8,0
10139,2007-02-20 10:44:04,121.369967,31.174367, 10,  8,0
10139,2007-02-20 10:45:07,121.369967,31.174367, 10,  8,0
10139,2007-02-20 10:46:10,121.369967,31.174367, 10,  8,0
10139,2007-02-20 10:48:16,121.369967,31.174367, 10,  8,0
10139,2007-02-20 10:49:19,121.369967,31.174367, 10,  8,0
10139,2007-02-20 10:50:22,121.369967,31.174367, 10,  8,0
10139,2007-02-20 10:51:25,121.369967,31.174367, 10,  8,0
10139,2007-02-20 10:52:28,121.369967,31.174367, 10,  8,0
10139,2007-02-20 10:53:31,121.369967,31.174367, 10,  8,0
10139,2007-02-20 10:54:34,121.369967,31.174367, 10,  8,0
10139,2007-02-20 10:55:37,121.369967,31.174367, 10,  8,0
10139,2007-02-20 10:56:40,121.369967,31.174367, 10,  8,0
10139,2007-02-20 10:57:43,121.369967,31.174367, 10,  8,0
10139,2007-02-20 10:58:46,121.369967,31.174367, 10,  8,0
10139,2007-02-20 10:59:49,121.369967,31.174367, 10,  8,0
10139,2007-02-20 11:01:55,121.369967,31.174367, 10,  8,0
10139,2007-02-20 11:02:58,121.369967,31.174367, 10,  8,0
10139,2007-02-20 11:04:01,121.369967,31.174367, 10,  8,0
10139,2007-02-20 11:05:04,121.369967,31.174367, 10,  8,0
10139,2007-02-20 11:06:07,121.369967,31.174367, 10,  8,0
10139,2007-02-20 11:07:10,121.369967,31.174367, 10,  8,0
10139,2007-02-20 11:08:13,121.369967,31.174367, 10,  8,0
10139,2007-02-20 11:09:16,121.369967,31.174367, 10,  8,0
10139,2007-02-20 11:10:19,121.369967,31.174367, 10,  8,0
10139,2007-02-20 11:11:22,121.369967,31.174367, 10,  8,0
10139,2007-02-20 11:12:25,121.369967,31.174367, 10,  8,0
10139,2007-02-20 11:13:28,121.369967,31.174367, 10,  8,0
10139,2007-02-20 11:14:31,121.369967,31.174367, 10,  8,0
10139,2007-02-20 11:15:34,121.369967,31.174367, 10,  8,0
10139,2007-02-20 11:16:38,121.369967,31.174367, 10,  8,0
10139,2007-02-20 11:17:41,121.369967,31.174367, 10,  8,0
10139,2007-02-20 11:18:44,121.369967,31.174367, 10,  8,0
10139,2007-02-20 11:19:47,121.369967,31.174367, 10,  8,0
10139,2007-02-20 11:20:50,121.369967,31.174367, 10,  8,0
10139,2007-02-20 11:21:53,121.369967,31.174367, 10,  8,0
10139,2007-02-20 11:22:56,121.369967,31.174367, 10,  8,0
10139,2007-02-20 11:23:59,121.369967,31.174367, 10,  8,0
10139,2007-02-20 11:25:02,121.369967,31.174367, 10,  8,0
10139,2007-02-20 11:26:05,121.369967,31.174367, 10,  8,0
10139,2007-02-20 11:27:08,121.369967,31.174367, 10,  8,0
10139,2007-02-20 11:28:11,121.369967,31.174367, 10,  8,0
10139,2007-02-20 11:29:14,121.369967,31.174367, 10,  8,0
10139,2007-02-20 11:30:17,121.369967,31.174367, 10,  8,0
10139,2007-02-20 11:31:20,121.369967,31.174367, 10,  8,0
10139,2007-02-20 11:32:23,121.369967,31.174367, 10,  8,0
10139,2007-02-20 11:33:26,121.369967,31.174367, 10,  8,0
10139,2007-02-20 11:34:29,121.369967,31.174367, 10,  8,0
10139,2007-02-20 11:35:32,121.369967,31.174367, 10,  8,0
10139,2007-02-20 11:36:35,121.369967,31.174367, 10,  8,0
10139,2007-02-20 11:37:38,121.369967,31.174367, 10,  8,0
10139,2007-02-20 11:38:41,121.369967,31.174367, 10,  8,0
10139,2007-02-20 11:39:44,121.369967,31.174367, 10,  8,0
10139,2007-02-20 11:40:47,121.369967,31.174367, 10,  8,0
10139,2007-02-20 11:42:53,121.369967,31.174367, 10,  8,0
10139,2007-02-20 11:43:56,121.369967,31.174367, 10,  8,0
10139,2007-02-20 11:44:59,121.369967,31.174367, 10,  8,0
10139,2007-02-20 11:46:02,121.369967,31.174367, 10,  8,0
10139,2007-02-20 11:47:05,121.369967,31.174367, 10,  8,0
10139,2007-02-20 11:48:08,121.369967,31.174367, 10,  8,0
10139,2007-02-20 11:49:11,121.369967,31.174367, 10,  8,0
10139,2007-02-20 11:50:14,121.369967,31.174367, 10,  8,0
10139,2007-02-20 11:51:17,121.369967,31.174367, 10,  8,0
10139,2007-02-20 11:52:20,121.369967,31.174367, 10,  8,0
10139,2007-02-20 11:53:23,121.369967,31.174367, 10,  8,0
10139,2007-02-20 11:54:26,121.369967,31.174367, 10,  8,0
10139,2007-02-20 11:55:29,121.369967,31.174367, 10,  8,0
10139,2007-02-20 11:56:32,121.369967,31.174367, 10,  8,0
10139,2007-02-20 11:57:35,121.369967,31.174367, 10,  8,0
10139,2007-02-20 11:58:38,121.369967,31.174367, 10,  8,0
10139,2007-02-20 11:59:41,121.369967,31.174367, 10,  8,0
10139,2007-02-20 12:00:44,121.369967,31.174367, 10,  8,0
10139,2007-02-20 12:01:47,121.369967,31.174367, 10,  8,0
10139,2007-02-20 12:02:50,121.369967,31.174367, 10,  8,0
10139,2007-02-20 12:03:53,121.369967,31.174367, 10,  8,0
10139,2007-02-20 12:04:57,121.369967,31.174367, 10,  8,0
10139,2007-02-20 12:06:00,121.369967,31.174367, 10,  8,0
10139,2007-02-20 12:07:03,121.369967,31.174367, 10,  8,0
10139,2007-02-20 12:08:06,121.369967,31.174367, 10,  8,0
10139,2007-02-20 12:09:09,121.369967,31.174367, 10,  8,0
10139,2007-02-20 12:10:12,121.369967,31.174367, 10,  8,0
10139,2007-02-20 12:11:15,121.369967,31.174367, 10,  8,0
10139,2007-02-20 12:12:18,121.369967,31.174367, 10,  8,0
10139,2007-02-20 12:13:21,121.369967,31.174367, 10,  8,0
10139,2007-02-20 12:14:24,121.369967,31.174367, 10,  8,0
10139,2007-02-20 12:15:27,121.369967,31.174367, 10,  8,0
10139,2007-02-20 12:16:30,121.369967,31.174367, 10,  8,0
10139,2007-02-20 12:17:33,121.369967,31.174367, 10,  8,0
10139,2007-02-20 12:18:36,121.369967,31.174367, 10,  8,0
10139,2007-02-20 12:19:39,121.369967,31.174367, 10,  8,0
10139,2007-02-20 12:20:42,121.369967,31.174367, 10,  8,0
10139,2007-02-20 12:21:45,121.369967,31.174367, 10,  8,0
10139,2007-02-20 12:22:48,121.369967,31.174367, 10,  8,0
10139,2007-02-20 12:23:51,121.369967,31.174367, 10,  8,0
10139,2007-02-20 12:24:54,121.369967,31.174367, 10,  8,0
10139,2007-02-20 12:25:57,121.369967,31.174367, 10,  8,0
10139,2007-02-20 12:27:00,121.369967,31.174367, 10,  8,0
10139,2007-02-20 12:28:03,121.369967,31.174367, 10,  8,0
10139,2007-02-20 12:29:06,121.369967,31.174367, 10,  8,0
10139,2007-02-20 12:30:09,121.369967,31.174367, 10,  8,0
10139,2007-02-20 12:31:12,121.369967,31.174367, 10,  8,0
10139,2007-02-20 12:32:15,121.369967,31.174367, 10,  8,0
10139,2007-02-20 12:33:18,121.369967,31.174367, 10,  8,0
10139,2007-02-20 12:34:21,121.369967,31.174367, 10,  8,0
10139,2007-02-20 12:35:24,121.369967,31.174367, 10,  8,0
10139,2007-02-20 12:36:27,121.369967,31.174367, 10,  8,0
10139,2007-02-20 12:37:30,121.369967,31.174367, 10,  8,0
10139,2007-02-20 12:38:33,121.369967,31.174367, 10,  8,0
10139,2007-02-20 12:39:36,121.369967,31.174367, 10,  8,0
10139,2007-02-20 12:40:39,121.369967,31.174367, 10,  8,0
10139,2007-02-20 12:41:42,121.369967,31.174367, 10,  8,0
10139,2007-02-20 12:42:45,121.369967,31.174367, 10,  8,0
10139,2007-02-20 12:43:48,121.369967,31.174367, 10,  8,0
10139,2007-02-20 12:44:51,121.369967,31.174367, 10,  8,0
10139,2007-02-20 12:45:54,121.369967,31.174367, 10,  8,0
10139,2007-02-20 12:46:57,121.369967,31.174367, 10,  8,0
10139,2007-02-20 12:48:00,121.369967,31.174367, 10,  8,0
10139,2007-02-20 12:49:03,121.369967,31.174367, 10,  8,0
10139,2007-02-20 12:50:06,121.369967,31.174367, 10,  8,0
10139,2007-02-20 12:51:09,121.369967,31.174367, 10,  8,0
10139,2007-02-20 12:52:12,121.369967,31.174367, 10,  8,0
10139,2007-02-20 12:53:15,121.369967,31.174367, 10,  8,0
10139,2007-02-20 12:54:18,121.369967,31.174367, 10,  8,0
10139,2007-02-20 12:55:22,121.369967,31.174367, 10,  8,0
10139,2007-02-20 12:56:25,121.369967,31.174367, 10,  8,0
10139,2007-02-20 12:57:28,121.369967,31.174367, 10,  8,0
10139,2007-02-20 12:58:31,121.369967,31.174367, 10,  8,0
10139,2007-02-20 12:59:34,121.369967,31.174367, 10,  8,0
10139,2007-02-20 13:00:37,121.369967,31.174367, 10,  8,0
10139,2007-02-20 13:01:40,121.369967,31.174367, 10,  8,0
10139,2007-02-20 13:02:43,121.369967,31.174367, 10,  8,0
10139,2007-02-20 13:03:46,121.369967,31.174367, 10,  8,0
10139,2007-02-20 13:04:49,121.369967,31.174367, 10,  8,0
10139,2007-02-20 13:05:52,121.369967,31.174367, 10,  8,0
10139,2007-02-20 13:06:55,121.369967,31.174367, 10,  8,0
10139,2007-02-20 13:07:58,121.369967,31.174367, 10,  8,0
10139,2007-02-20 13:09:01,121.369967,31.174367, 10,  8,0
10139,2007-02-20 13:10:04,121.369967,31.174367, 10,  8,0
10139,2007-02-20 13:11:07,121.369967,31.174367, 10,  8,0
10139,2007-02-20 13:12:10,121.369967,31.174367, 10,  8,0
10139,2007-02-20 13:13:13,121.369967,31.174367, 10,  8,0
10139,2007-02-20 13:14:16,121.369967,31.174367, 10,  8,0
10139,2007-02-20 13:15:19,121.369967,31.174367, 10,  8,0
10139,2007-02-20 13:16:22,121.369967,31.174367, 10,  8,0
10139,2007-02-20 13:17:25,121.369967,31.174367, 10,  8,0
10139,2007-02-20 13:18:28,121.369967,31.174367, 10,  8,0
10139,2007-02-20 13:20:34,121.369967,31.174367, 10,  8,0
10139,2007-02-20 13:21:37,121.369967,31.174367, 10,  8,0
10139,2007-02-20 13:22:40,121.369967,31.174367, 10,  8,0
10139,2007-02-20 13:23:43,121.369967,31.174367, 10,  8,0
10139,2007-02-20 13:24:46,121.369967,31.174367, 10,  8,0
10139,2007-02-20 13:25:49,121.369967,31.174367, 10,  8,0
10139,2007-02-20 13:27:55,121.369967,31.174367, 10,  8,0
10139,2007-02-20 13:28:58,121.369967,31.174367, 10,  8,0
10139,2007-02-20 13:30:01,121.369967,31.174367, 10,  8,0
10139,2007-02-20 13:31:04,121.369967,31.174367, 10,  8,0
10139,2007-02-20 13:32:07,121.369967,31.174367, 10,  8,0
10139,2007-02-20 13:33:10,121.369967,31.174367, 10,  8,0
10139,2007-02-20 13:34:13,121.369967,31.174367, 10,  8,0
10139,2007-02-20 13:35:16,121.369967,31.174367, 10,  8,0
10139,2007-02-20 13:36:19,121.369967,31.174367, 10,  8,0
10139,2007-02-20 13:37:22,121.369967,31.174367, 10,  8,0
10139,2007-02-20 13:38:25,121.369967,31.174367, 10,  8,0
10139,2007-02-20 13:39:28,121.369967,31.174367, 10,  8,0
10139,2007-02-20 13:40:31,121.369967,31.174367, 10,  8,0
10139,2007-02-20 13:41:34,121.369967,31.174367, 10,  8,0
10139,2007-02-20 13:42:37,121.369967,31.174367, 10,  8,0
10139,2007-02-20 13:43:40,121.369967,31.174367, 10,  8,0
10139,2007-02-20 13:44:44,121.369967,31.174367, 10,  8,0
10139,2007-02-20 13:45:47,121.369967,31.174367, 10,  8,0
10139,2007-02-20 13:46:50,121.369967,31.174367, 10,  8,0
10139,2007-02-20 13:47:53,121.369967,31.174367, 10,  8,0
10139,2007-02-20 13:48:56,121.369967,31.174367, 10,  8,0
10139,2007-02-20 13:49:59,121.369967,31.174367, 10,  8,0
10139,2007-02-20 13:51:02,121.369967,31.174367, 10,  8,0
10139,2007-02-20 13:52:05,121.369967,31.174367, 10,  8,0
10139,2007-02-20 13:53:08,121.369967,31.174367, 10,  8,0
10139,2007-02-20 13:54:11,121.369967,31.174367, 10,  8,0
10139,2007-02-20 13:55:14,121.369967,31.174367, 10,  8,0
10139,2007-02-20 13:56:17,121.369967,31.174367, 10,  8,0
10139,2007-02-20 13:57:20,121.369967,31.174367, 10,  8,0
10139,2007-02-20 13:58:23,121.369967,31.174367, 10,  8,0
10139,2007-02-20 13:59:26,121.369967,31.174367, 10,  8,0
10139,2007-02-20 14:00:29,121.369967,31.174367, 10,  8,0
10139,2007-02-20 14:01:32,121.369967,31.174367, 10,  8,0
10139,2007-02-20 14:02:35,121.369967,31.174367, 10,  8,0
10139,2007-02-20 14:03:38,121.369967,31.174367, 10,  8,0
10139,2007-02-20 14:04:41,121.369967,31.174367, 10,  8,0
10139,2007-02-20 14:05:44,121.369967,31.174367, 10,  8,0
10139,2007-02-20 14:06:47,121.369967,31.174367, 10,  8,0
10139,2007-02-20 14:07:50,121.369967,31.174367, 10,  8,0
10139,2007-02-20 14:08:53,121.369967,31.174367, 10,  8,0
10139,2007-02-20 14:09:56,121.369967,31.174367, 10,  8,0
10139,2007-02-20 14:10:59,121.369967,31.174367, 10,  8,0
10139,2007-02-20 14:12:02,121.369967,31.174367, 10,  8,0
10139,2007-02-20 14:13:05,121.369967,31.174367, 10,  8,0
10139,2007-02-20 14:14:08,121.369967,31.174367, 10,  8,0
10139,2007-02-20 14:15:11,121.369967,31.174367, 10,  8,0
10139,2007-02-20 14:16:14,121.369967,31.174367, 10,  8,0
10139,2007-02-20 14:17:17,121.369967,31.174367, 10,  8,0
10139,2007-02-20 14:18:20,121.369967,31.174367, 10,  8,0
10139,2007-02-20 14:19:23,121.369967,31.174367, 10,  8,0
10139,2007-02-20 14:20:26,121.369967,31.174367, 10,  8,0
10139,2007-02-20 14:21:29,121.369967,31.174367, 10,  8,0
10139,2007-02-20 14:22:32,121.369967,31.174367, 10,  8,0
10139,2007-02-20 14:23:35,121.369967,31.174367, 10,  8,0
10139,2007-02-20 14:24:38,121.369967,31.174367, 10,  8,0
10139,2007-02-20 14:25:41,121.369967,31.174367, 10,  8,0
10139,2007-02-20 14:26:44,121.369967,31.174367, 10,  8,0
10139,2007-02-20 14:27:47,121.369967,31.174367, 10,  8,0
10139,2007-02-20 14:28:50,121.369967,31.174367, 10,  8,0
10139,2007-02-20 14:29:54,121.369967,31.174367, 10,  8,0
10139,2007-02-20 14:30:57,121.369967,31.174367, 10,  8,0
10139,2007-02-20 14:32:00,121.369967,31.174367, 10,  8,0
10139,2007-02-20 14:33:03,121.369967,31.174367, 10,  8,0
10139,2007-02-20 14:34:06,121.369967,31.174367, 10,  8,0
10139,2007-02-20 14:35:09,121.369967,31.174367, 10,  8,0
10139,2007-02-20 14:36:12,121.369967,31.174367, 10,  8,0
10139,2007-02-20 14:37:15,121.369967,31.174367, 10,  8,0
10139,2007-02-20 14:38:18,121.369967,31.174367, 10,  8,0
10139,2007-02-20 14:39:21,121.369967,31.174367, 10,  8,0
10139,2007-02-20 14:40:24,121.369967,31.174367, 10,  8,0
10139,2007-02-20 14:41:27,121.369967,31.174367, 10,  8,0
10139,2007-02-20 14:42:30,121.369967,31.174367, 10,  8,0
10139,2007-02-20 14:43:33,121.369967,31.174367, 10,  8,0
10139,2007-02-20 14:44:36,121.369967,31.174367, 10,  8,0
10139,2007-02-20 14:45:39,121.369967,31.174367, 10,  8,0
10139,2007-02-20 14:46:42,121.369967,31.174367, 10,  8,0
10139,2007-02-20 14:48:48,121.369967,31.174367, 10,  8,0
10139,2007-02-20 14:49:51,121.369967,31.174367, 10,  8,0
10139,2007-02-20 14:50:54,121.369967,31.174367, 10,  8,0
10139,2007-02-20 14:51:57,121.369967,31.174367, 10,  8,0
10139,2007-02-20 14:53:00,121.369967,31.174367, 10,  8,0
10139,2007-02-20 14:54:03,121.369967,31.174367, 10,  8,0
10139,2007-02-20 14:55:06,121.369967,31.174367, 10,  8,0
10139,2007-02-20 14:58:15,121.369967,31.174367, 10,  8,0
10139,2007-02-20 14:59:18,121.369967,31.174367, 10,  8,0
10139,2007-02-20 15:00:21,121.369967,31.174367, 10,  8,0
10139,2007-02-20 15:01:24,121.369967,31.174367, 10,  8,0
10139,2007-02-20 15:02:27,121.369967,31.174367, 10,  8,0
10139,2007-02-20 15:03:30,121.369967,31.174367, 10,  8,0
10139,2007-02-20 15:04:33,121.369967,31.174367, 10,  8,0
10139,2007-02-20 15:05:36,121.369967,31.174367, 10,  8,0
10139,2007-02-20 15:06:39,121.369967,31.174367, 10,  8,0
10139,2007-02-20 15:07:42,121.369967,31.174367, 10,  8,0
10139,2007-02-20 15:08:45,121.369967,31.174367, 10,  8,0
10139,2007-02-20 15:10:51,121.369967,31.174367, 10,  8,0
10139,2007-02-20 15:11:54,121.369967,31.174367, 10,  8,0
10139,2007-02-20 15:12:58,121.369967,31.174367, 10,  8,0
10139,2007-02-20 15:14:01,121.369967,31.174367, 10,  8,0
10139,2007-02-20 15:15:04,121.369967,31.174367, 10,  8,0
10139,2007-02-20 15:16:07,121.369967,31.174367, 10,  8,0
10139,2007-02-20 15:17:10,121.369967,31.174367, 10,  8,0
10139,2007-02-20 15:18:13,121.369967,31.174367, 10,  8,0
10139,2007-02-20 15:19:16,121.369967,31.174367, 10,  8,0
10139,2007-02-20 15:20:19,121.369967,31.174367, 10,  8,0
10139,2007-02-20 15:21:22,121.369967,31.174367, 10,  8,0
10139,2007-02-20 15:22:25,121.369967,31.174367, 10,  8,0
10139,2007-02-20 15:23:28,121.369967,31.174367, 10,  8,0
10139,2007-02-20 15:24:31,121.369967,31.174367, 10,  8,0
10139,2007-02-20 15:25:34,121.369967,31.174367, 10,  8,0
10139,2007-02-20 15:26:37,121.369967,31.174367, 10,  8,0
10139,2007-02-20 15:27:40,121.369967,31.174367, 10,  8,0
10139,2007-02-20 15:28:43,121.369967,31.174367, 10,  8,0
10139,2007-02-20 15:29:46,121.369967,31.174367, 10,  8,0
10139,2007-02-20 15:30:49,121.369967,31.174367, 10,  8,0
10139,2007-02-20 15:31:52,121.369967,31.174367, 10,  8,0
10139,2007-02-20 15:32:55,121.369967,31.174367, 10,  8,0
10139,2007-02-20 15:33:58,121.369967,31.174367, 10,  8,0
10139,2007-02-20 15:35:01,121.369967,31.174367, 10,  8,0
10139,2007-02-20 15:36:04,121.369967,31.174367, 10,  8,0
10139,2007-02-20 15:37:07,121.369967,31.174367, 10,  8,0
10139,2007-02-20 15:38:10,121.369967,31.174367, 10,  8,0
10139,2007-02-20 15:39:13,121.369967,31.174367, 10,  8,0
10139,2007-02-20 15:40:16,121.369967,31.174367, 10,  8,0
10139,2007-02-20 15:42:22,121.369967,31.174367, 10,  8,0
10139,2007-02-20 15:43:25,121.369967,31.174367, 10,  8,0
10139,2007-02-20 15:44:28,121.369967,31.174367, 10,  8,0
10139,2007-02-20 15:45:31,121.369967,31.174367, 10,  8,0
10139,2007-02-20 15:46:34,121.369967,31.174367, 10,  8,0
10139,2007-02-20 15:47:37,121.369967,31.174367, 10,  8,0
10139,2007-02-20 15:48:40,121.369967,31.174367, 10,  8,0
10139,2007-02-20 15:49:44,121.369967,31.174367, 10,  8,0
10139,2007-02-20 15:50:47,121.369967,31.174367, 10,  8,0
10139,2007-02-20 15:51:50,121.369967,31.174367, 10,  8,0
10139,2007-02-20 15:52:53,121.369967,31.174367, 10,  8,0
10139,2007-02-20 15:53:56,121.369967,31.174367, 10,  8,0
10139,2007-02-20 15:54:59,121.369967,31.174367, 10,  8,0
10139,2007-02-20 15:56:02,121.369967,31.174367, 10,  8,0
10139,2007-02-20 15:57:05,121.369967,31.174367, 10,  8,0
10139,2007-02-20 15:58:08,121.369967,31.174367, 10,  8,0
10139,2007-02-20 15:59:11,121.369967,31.174367, 10,  8,0
10139,2007-02-20 16:00:14,121.369967,31.174367, 10,  8,0
10139,2007-02-20 16:01:17,121.369967,31.174367, 10,  8,0
10139,2007-02-20 16:02:20,121.369967,31.174367, 10,  8,0
10139,2007-02-20 16:03:23,121.369967,31.174367, 10,  8,0
10139,2007-02-20 16:04:26,121.369967,31.174367, 10,  8,0
10139,2007-02-20 16:06:32,121.369967,31.174367, 10,  8,0
10139,2007-02-20 16:07:35,121.369967,31.174367, 10,  8,0
10139,2007-02-20 16:08:38,121.369967,31.174367, 10,  8,0
10139,2007-02-20 16:10:44,121.369967,31.174367, 10,  8,0
10139,2007-02-20 16:11:47,121.369967,31.174367, 10,  8,0
10139,2007-02-20 16:12:50,121.369967,31.174367, 10,  8,0
10139,2007-02-20 16:13:53,121.369967,31.174367, 10,  8,0
10139,2007-02-20 16:14:56,121.369967,31.174367, 10,  8,0
10139,2007-02-20 16:15:59,121.369967,31.174367, 10,  8,0
10139,2007-02-20 16:17:02,121.369967,31.174367, 10,  8,0
10139,2007-02-20 16:18:05,121.369967,31.174367, 10,  8,0
10139,2007-02-20 16:19:08,121.369967,31.174367, 10,  8,0
10139,2007-02-20 16:20:11,121.369967,31.174367, 10,  8,0
10139,2007-02-20 16:21:14,121.369967,31.174367, 10,  8,0
10139,2007-02-20 16:22:17,121.369967,31.174367, 10,  8,0
10139,2007-02-20 16:23:20,121.369967,31.174367, 10,  8,0
10139,2007-02-20 16:24:23,121.369967,31.174367, 10,  8,0
10139,2007-02-20 16:25:26,121.369967,31.174367, 10,  8,0
10139,2007-02-20 16:26:29,121.369967,31.174367, 10,  8,0
10139,2007-02-20 16:27:32,121.369967,31.174367, 10,  8,0
10139,2007-02-20 16:28:35,121.369967,31.174367, 10,  8,0
10139,2007-02-20 16:29:38,121.369967,31.174367, 10,  8,0
10139,2007-02-20 16:30:41,121.369967,31.174367, 10,  8,0
10139,2007-02-20 16:31:44,121.369967,31.174367, 10,  8,0
10139,2007-02-20 16:32:47,121.369967,31.174367, 10,  8,0
10139,2007-02-20 16:33:50,121.369967,31.174367, 10,  8,0
10139,2007-02-20 16:34:54,121.369967,31.174367, 10,  8,0
10139,2007-02-20 16:35:57,121.369967,31.174367, 10,  8,0
10139,2007-02-20 16:37:00,121.369967,31.174367, 10,  8,0
10139,2007-02-20 16:38:03,121.369967,31.174367, 10,  8,0
10139,2007-02-20 16:39:06,121.369967,31.174367, 10,  8,0
10139,2007-02-20 16:40:09,121.369967,31.174367, 10,  8,0
10139,2007-02-20 16:41:12,121.369967,31.174367, 10,  8,0
10139,2007-02-20 16:42:15,121.369967,31.174367, 10,  8,0
10139,2007-02-20 16:43:18,121.369967,31.174367, 10,  8,0
10139,2007-02-20 16:44:21,121.369967,31.174367, 10,  8,0
10139,2007-02-20 16:45:24,121.369967,31.174367, 10,  8,0
10139,2007-02-20 16:46:27,121.369967,31.174367, 10,  8,0
10139,2007-02-20 16:47:30,121.369967,31.174367, 10,  8,0
10139,2007-02-20 16:48:33,121.369967,31.174367, 10,  8,0
10139,2007-02-20 16:49:36,121.369967,31.174367, 10,  8,0
10139,2007-02-20 16:50:39,121.369967,31.174367, 10,  8,0
10139,2007-02-20 16:51:42,121.369967,31.174367, 10,  8,0
10139,2007-02-20 16:52:45,121.369967,31.174367, 10,  8,0
10139,2007-02-20 16:53:48,121.369967,31.174367, 10,  8,0
10139,2007-02-20 16:54:51,121.369967,31.174367, 10,  8,0
10139,2007-02-20 16:55:54,121.369967,31.174367, 10,  8,0
10139,2007-02-20 16:56:57,121.369967,31.174367, 10,  8,0
10139,2007-02-20 16:58:00,121.369967,31.174367, 10,  8,0
10139,2007-02-20 16:59:03,121.369967,31.174367, 10,  8,0
10139,2007-02-20 17:00:06,121.369967,31.174367, 10,  8,0
10139,2007-02-20 17:01:09,121.369967,31.174367, 10,  8,0
10139,2007-02-20 17:02:12,121.369967,31.174367, 10,  8,0
10139,2007-02-20 17:03:15,121.369967,31.174367, 10,  8,0
10139,2007-02-20 17:04:18,121.369967,31.174367, 10,  8,0
10139,2007-02-20 17:05:21,121.369967,31.174367, 10,  8,0
10139,2007-02-20 17:06:24,121.369967,31.174367, 10,  8,0
10139,2007-02-20 17:07:27,121.369967,31.174367, 10,  8,0
10139,2007-02-20 17:08:30,121.369967,31.174367, 10,  8,0
10139,2007-02-20 17:09:33,121.369967,31.174367, 10,  8,0
10139,2007-02-20 17:10:36,121.369967,31.174367, 10,  8,0
10139,2007-02-20 17:11:39,121.369967,31.174367, 10,  8,0
10139,2007-02-20 17:12:42,121.369967,31.174367, 10,  8,0
10139,2007-02-20 17:13:45,121.369967,31.174367, 10,  8,0
10139,2007-02-20 17:14:49,121.369967,31.174367, 10,  8,0
10139,2007-02-20 17:15:52,121.369967,31.174367, 10,  8,0
10139,2007-02-20 17:16:55,121.369967,31.174367, 10,  8,0
10139,2007-02-20 17:17:58,121.369967,31.174367, 10,  8,0
10139,2007-02-20 17:19:01,121.369967,31.174367, 10,  8,0
10139,2007-02-20 17:20:04,121.369967,31.174367, 10,  8,0
10139,2007-02-20 17:21:07,121.369967,31.174367, 10,  8,0
10139,2007-02-20 17:22:10,121.369967,31.174367, 10,  8,0
10139,2007-02-20 17:23:13,121.369967,31.174367, 10,  8,0
10139,2007-02-20 17:24:16,121.369967,31.174367, 10,  8,0
10139,2007-02-20 17:25:19,121.369967,31.174367, 10,  8,0
10139,2007-02-20 17:26:22,121.369967,31.174367, 10,  8,0
10139,2007-02-20 17:27:25,121.369967,31.174367, 10,  8,0
10139,2007-02-20 17:28:28,121.369967,31.174367, 10,  8,0
10139,2007-02-20 17:29:31,121.369967,31.174367, 10,  8,0
10139,2007-02-20 17:30:34,121.369967,31.174367, 10,  8,0
10139,2007-02-20 17:31:37,121.369967,31.174367, 10,  8,0
10139,2007-02-20 17:32:40,121.369967,31.174367, 10,  8,0
10139,2007-02-20 17:33:43,121.369967,31.174367, 10,  8,0
10139,2007-02-20 17:34:46,121.369967,31.174367, 10,  8,0
10139,2007-02-20 17:35:49,121.369967,31.174367, 10,  8,0
10139,2007-02-20 17:36:52,121.369967,31.174367, 10,  8,0
10139,2007-02-20 17:37:55,121.369967,31.174367, 10,  8,0
10139,2007-02-20 17:38:58,121.369967,31.174367, 10,  8,0
10139,2007-02-20 17:40:01,121.369967,31.174367, 10,  8,0
10139,2007-02-20 17:41:04,121.369967,31.174367, 10,  8,0
10139,2007-02-20 17:42:07,121.369967,31.174367, 10,  8,0
10139,2007-02-20 17:43:10,121.369967,31.174367, 10,  8,0
10139,2007-02-20 17:44:13,121.369967,31.174367, 10,  8,0
10139,2007-02-20 17:45:16,121.369967,31.174367, 10,  8,0
10139,2007-02-20 17:46:19,121.369967,31.174367, 10,  8,0
10139,2007-02-20 17:47:22,121.369967,31.174367, 10,  8,0
10139,2007-02-20 17:48:25,121.369967,31.174367, 10,  8,0
10139,2007-02-20 17:49:28,121.369967,31.174367, 10,  8,0
10139,2007-02-20 17:50:31,121.369967,31.174367, 10,  8,0
10139,2007-02-20 17:51:34,121.369967,31.174367, 10,  8,0
10139,2007-02-20 17:52:37,121.369967,31.174367, 10,  8,0
10139,2007-02-20 17:53:40,121.369967,31.174367, 10,  8,0
10139,2007-02-20 17:54:43,121.369967,31.174367, 10,  8,0
10139,2007-02-20 17:55:46,121.369967,31.174367, 10,  8,0
10139,2007-02-20 17:56:49,121.369967,31.174367, 10,  8,0
10139,2007-02-20 17:57:52,121.369967,31.174367, 10,  8,0
10139,2007-02-20 17:58:55,121.369967,31.174367, 10,  8,0
10139,2007-02-20 18:01:02,121.369967,31.174367, 10,  8,0
10139,2007-02-20 18:02:05,121.369967,31.174367, 10,  8,0
10139,2007-02-20 18:03:08,121.369967,31.174367, 10,  8,0
10139,2007-02-20 18:04:11,121.369967,31.174367, 10,  8,0
10139,2007-02-20 18:05:14,121.369967,31.174367, 10,  8,0
10139,2007-02-20 18:06:17,121.369967,31.174367, 10,  8,0
10139,2007-02-20 18:07:20,121.369967,31.174367, 10,  8,0
10139,2007-02-20 18:08:23,121.369967,31.174367, 10,  8,0
10139,2007-02-20 18:09:26,121.369967,31.174367, 10,  8,0
10139,2007-02-20 18:10:29,121.369967,31.174367, 10,  8,0
10139,2007-02-20 18:11:32,121.369967,31.174367, 10,  8,0
10139,2007-02-20 18:12:35,121.369967,31.174367, 10,  8,0
10139,2007-02-20 18:13:38,121.369967,31.174367, 10,  8,0
10139,2007-02-20 18:14:41,121.369967,31.174367, 10,  8,0
10139,2007-02-20 18:15:44,121.369967,31.174367, 10,  8,0
10139,2007-02-20 18:17:50,121.369967,31.174367, 10,  8,0
10139,2007-02-20 18:18:53,121.369967,31.174367, 10,  8,0
10139,2007-02-20 18:19:56,121.369967,31.174367, 10,  8,0
10139,2007-02-20 18:22:02,121.369967,31.174367, 10,  8,0
10139,2007-02-20 18:23:05,121.369967,31.174367, 10,  8,0
10139,2007-02-20 18:24:08,121.369967,31.174367, 10,  8,0
10139,2007-02-20 18:25:11,121.369967,31.174367, 10,  8,0
10139,2007-02-20 18:26:14,121.369967,31.174367, 10,  8,0
10139,2007-02-20 18:27:17,121.369967,31.174367, 10,  8,0
10139,2007-02-20 18:28:20,121.369967,31.174367, 10,  8,0
10139,2007-02-20 18:29:23,121.369967,31.174367, 10,  8,0
10139,2007-02-20 18:30:26,121.369967,31.174367, 10,  8,0
10139,2007-02-20 18:31:29,121.369967,31.174367, 10,  8,0
10139,2007-02-20 18:32:32,121.369967,31.174367, 10,  8,0
10139,2007-02-20 18:33:35,121.369967,31.174367, 10,  8,0
10139,2007-02-20 18:34:38,121.369967,31.174367, 10,  8,0
10139,2007-02-20 18:35:42,121.369967,31.174367, 10,  8,0
10139,2007-02-20 18:36:45,121.369967,31.174367, 10,  8,0
10139,2007-02-20 18:37:48,121.369967,31.174367, 10,  8,0
10139,2007-02-20 18:38:51,121.369967,31.174367, 10,  8,0
10139,2007-02-20 18:40:57,121.369967,31.174367, 10,  8,0
10139,2007-02-20 18:42:00,121.369967,31.174367, 10,  8,0
10139,2007-02-20 18:43:03,121.369967,31.174367, 10,  8,0
10139,2007-02-20 18:44:06,121.369967,31.174367, 10,  8,0
10139,2007-02-20 18:45:09,121.369967,31.174367, 10,  8,0
10139,2007-02-20 18:46:12,121.369967,31.174367, 10,  8,0
10139,2007-02-20 18:47:15,121.369967,31.174367, 10,  8,0
10139,2007-02-20 18:48:18,121.369967,31.174367, 10,  8,0
10139,2007-02-20 18:49:21,121.369967,31.174367, 10,  8,0
10139,2007-02-20 18:50:24,121.369967,31.174367, 10,  8,0
10139,2007-02-20 18:51:27,121.369967,31.174367, 10,  8,0
10139,2007-02-20 18:52:30,121.369967,31.174367, 10,  8,0
10139,2007-02-20 18:53:33,121.369967,31.174367, 10,  8,0
10139,2007-02-20 18:54:36,121.369967,31.174367, 10,  8,0
10139,2007-02-20 18:55:39,121.369967,31.174367, 10,  8,0
10139,2007-02-20 18:56:42,121.369967,31.174367, 10,  8,0
10139,2007-02-20 18:57:45,121.369967,31.174367, 10,  8,0
10139,2007-02-20 18:58:48,121.369967,31.174367, 10,  8,0
10139,2007-02-20 18:59:51,121.369967,31.174367, 10,  8,0
10139,2007-02-20 19:00:54,121.369967,31.174367, 10,  8,0
10139,2007-02-20 19:01:57,121.369967,31.174367, 10,  8,0
10139,2007-02-20 19:03:00,121.369967,31.174367, 10,  8,0
10139,2007-02-20 19:04:03,121.369967,31.174367, 10,  8,0
10139,2007-02-20 19:05:06,121.369967,31.174367, 10,  8,0
10139,2007-02-20 19:06:09,121.369967,31.174367, 10,  8,0
10139,2007-02-20 19:07:12,121.369967,31.174367, 10,  8,0
10139,2007-02-20 19:08:15,121.369967,31.174367, 10,  8,0
10139,2007-02-20 19:09:18,121.369967,31.174367, 10,  8,0
10139,2007-02-20 19:10:21,121.369967,31.174367, 10,  8,0
10139,2007-02-20 19:11:25,121.369967,31.174367, 10,  8,0
10139,2007-02-20 19:12:28,121.369967,31.174367, 10,  8,0
10139,2007-02-20 19:13:31,121.369967,31.174367, 10,  8,0
10139,2007-02-20 19:14:34,121.369967,31.174367, 10,  8,0
10139,2007-02-20 19:15:37,121.369967,31.174367, 10,  8,0
10139,2007-02-20 19:16:40,121.369967,31.174367, 10,  8,0
10139,2007-02-20 19:17:43,121.369967,31.174367, 10,  8,0
10139,2007-02-20 19:18:46,121.369967,31.174367, 10,  8,0
10139,2007-02-20 19:19:49,121.369967,31.174367, 10,  8,0
10139,2007-02-20 19:20:52,121.369967,31.174367, 10,  8,0
10139,2007-02-20 19:21:55,121.369967,31.174367, 10,  8,0
10139,2007-02-20 19:22:58,121.369967,31.174367, 10,  8,0
10139,2007-02-20 19:24:01,121.369967,31.174367, 10,  8,0
10139,2007-02-20 19:25:04,121.369967,31.174367, 10,  8,0
10139,2007-02-20 19:26:07,121.369967,31.174367, 10,  8,0
10139,2007-02-20 19:27:10,121.369967,31.174367, 10,  8,0
10139,2007-02-20 19:28:13,121.369967,31.174367, 10,  8,0
10139,2007-02-20 19:29:16,121.369967,31.174367, 10,  8,0
10139,2007-02-20 19:30:19,121.369967,31.174367, 10,  8,0
10139,2007-02-20 19:31:22,121.369967,31.174367, 10,  8,0
10139,2007-02-20 19:32:25,121.369967,31.174367, 10,  8,0
10139,2007-02-20 19:33:28,121.369967,31.174367, 10,  8,0
10139,2007-02-20 19:34:31,121.369967,31.174367, 10,  8,0
10139,2007-02-20 19:36:38,121.369967,31.174367, 10,  8,0
10139,2007-02-20 19:37:41,121.369967,31.174367, 10,  8,0
10139,2007-02-20 19:38:44,121.369967,31.174367, 10,  8,0
10139,2007-02-20 19:39:47,121.369967,31.174367, 10,  8,0
10139,2007-02-20 19:40:50,121.369967,31.174367, 10,  8,0
10139,2007-02-20 19:41:53,121.369967,31.174367, 10,  8,0
10139,2007-02-20 19:42:56,121.369967,31.174367, 10,  8,0
10139,2007-02-20 19:43:59,121.369967,31.174367, 10,  8,0
10139,2007-02-20 19:45:02,121.369967,31.174367, 10,  8,0
10139,2007-02-20 19:46:05,121.369967,31.174367, 10,  8,0
10139,2007-02-20 19:47:08,121.369967,31.174367, 10,  8,0
10139,2007-02-20 19:48:11,121.369967,31.174367, 10,  8,0
10139,2007-02-20 19:49:14,121.369967,31.174367, 10,  8,0
10139,2007-02-20 19:50:17,121.369967,31.174367, 10,  8,0
10139,2007-02-20 19:51:20,121.369967,31.174367, 10,  8,0
10139,2007-02-20 19:52:23,121.369967,31.174367, 10,  8,0
10139,2007-02-20 19:54:29,121.369967,31.174367, 10,  8,0
10139,2007-02-20 19:55:32,121.369967,31.174367, 10,  8,0
10139,2007-02-20 19:56:35,121.369967,31.174367, 10,  8,0
10139,2007-02-20 19:57:38,121.369967,31.174367, 10,  8,0
10139,2007-02-20 19:59:44,121.369967,31.174367, 10,  8,0
10139,2007-02-20 20:00:49,121.369967,31.174367, 10,  8,0
10139,2007-02-20 20:02:55,121.369967,31.174367, 10,  8,0
10139,2007-02-20 20:03:58,121.369967,31.174367, 10,  8,0
10139,2007-02-20 20:05:01,121.369967,31.174367, 10,  8,0
10139,2007-02-20 20:06:04,121.369967,31.174367, 10,  8,0
10139,2007-02-20 20:07:07,121.369967,31.174367, 10,  8,0
10139,2007-02-20 20:08:11,121.369967,31.174367, 10,  8,0
10139,2007-02-20 20:09:14,121.369967,31.174367, 10,  8,0
10139,2007-02-20 20:10:17,121.369967,31.174367, 10,  8,0
10139,2007-02-20 20:11:20,121.369967,31.174367, 10,  8,0
10139,2007-02-20 20:12:23,121.369967,31.174367, 10,  8,0
10139,2007-02-20 20:13:26,121.369967,31.174367, 10,  8,0
10139,2007-02-20 20:14:29,121.369967,31.174367, 10,  8,0
10139,2007-02-20 20:16:35,121.369967,31.174367, 10,  8,0
10139,2007-02-20 20:17:38,121.369967,31.174367, 10,  8,0
10139,2007-02-20 20:18:41,121.369967,31.174367, 10,  8,0
10139,2007-02-20 20:19:44,121.369967,31.174367, 10,  8,0
10139,2007-02-20 20:20:47,121.369967,31.174367, 10,  8,0
10139,2007-02-20 20:21:50,121.369967,31.174367, 10,  8,0
10139,2007-02-20 20:23:56,121.369967,31.174367, 10,  8,0
10139,2007-02-20 20:24:59,121.369967,31.174367, 10,  8,0
10139,2007-02-20 20:26:02,121.369967,31.174367, 10,  8,0
10139,2007-02-20 20:27:06,121.369967,31.174367, 10,  8,0
10139,2007-02-20 20:28:09,121.369967,31.174367, 10,  8,0
10139,2007-02-20 20:29:12,121.369967,31.174367, 10,  8,0
10139,2007-02-20 20:30:15,121.369967,31.174367, 10,  8,0
10139,2007-02-20 20:31:18,121.369967,31.174367, 10,  8,0
10139,2007-02-20 20:32:21,121.369967,31.174367, 10,  8,0
10139,2007-02-20 20:33:24,121.369967,31.174367, 10,  8,0
10139,2007-02-20 20:34:27,121.369967,31.174367, 10,  8,0
10139,2007-02-20 20:35:30,121.369967,31.174367, 10,  8,0
10139,2007-02-20 20:36:33,121.369967,31.174367, 10,  8,0
10139,2007-02-20 20:37:36,121.369967,31.174367, 10,  8,0
10139,2007-02-20 20:38:39,121.369967,31.174367, 10,  8,0
10139,2007-02-20 20:39:42,121.369967,31.174367, 10,  8,0
10139,2007-02-20 20:40:45,121.369967,31.174367, 10,  8,0
10139,2007-02-20 20:41:48,121.369967,31.174367, 10,  8,0
10139,2007-02-20 20:42:51,121.369967,31.174367, 10,  8,0
10139,2007-02-20 20:43:54,121.369967,31.174367, 10,  8,0
10139,2007-02-20 20:44:58,121.369967,31.174367, 10,  8,0
10139,2007-02-20 20:46:01,121.369967,31.174367, 10,  8,0
10139,2007-02-20 20:47:04,121.369967,31.174367, 10,  8,0
10139,2007-02-20 20:48:07,121.369967,31.174367, 10,  8,0
10139,2007-02-20 20:49:10,121.369967,31.174367, 10,  8,0
10139,2007-02-20 20:50:13,121.369967,31.174367, 10,  8,0
10139,2007-02-20 20:51:16,121.369967,31.174367, 10,  8,0
10139,2007-02-20 20:52:19,121.369967,31.174367, 10,  8,0
10139,2007-02-20 20:53:22,121.369967,31.174367, 10,  8,0
10139,2007-02-20 20:54:25,121.369967,31.174367, 10,  8,0
10139,2007-02-20 20:55:28,121.369967,31.174367, 10,  8,0
10139,2007-02-20 20:56:31,121.369967,31.174367, 10,  8,0
10139,2007-02-20 20:57:34,121.369967,31.174367, 10,  8,0
10139,2007-02-20 20:58:37,121.369967,31.174367, 10,  8,0
10139,2007-02-20 20:59:40,121.369967,31.174367, 10,  8,0
10139,2007-02-20 21:00:44,121.369967,31.174367, 10,  8,0
10139,2007-02-20 21:01:47,121.369967,31.174367, 10,  8,0
10139,2007-02-20 21:02:50,121.369967,31.174367, 10,  8,0
10139,2007-02-20 21:03:53,121.369967,31.174367, 10,  8,0
10139,2007-02-20 21:04:56,121.369967,31.174367, 10,  8,0
10139,2007-02-20 21:05:59,121.369967,31.174367, 10,  8,0
10139,2007-02-20 21:07:02,121.369967,31.174367, 10,  8,0
10139,2007-02-20 21:08:05,121.369967,31.174367, 10,  8,0
10139,2007-02-20 21:09:08,121.369967,31.174367, 10,  8,0
10139,2007-02-20 21:10:11,121.369967,31.174367, 10,  8,0
10139,2007-02-20 21:11:14,121.369967,31.174367, 10,  8,0
10139,2007-02-20 21:12:17,121.369967,31.174367, 10,  8,0
10139,2007-02-20 21:13:20,121.369967,31.174367, 10,  8,0
10139,2007-02-20 21:14:23,121.369967,31.174367, 10,  8,0
10139,2007-02-20 21:15:26,121.369967,31.174367, 10,  8,0
10139,2007-02-20 21:16:30,121.369967,31.174367, 10,  8,0
10139,2007-02-20 21:17:33,121.369967,31.174367, 10,  8,0
10139,2007-02-20 21:18:36,121.369967,31.174367, 10,  8,0
10139,2007-02-20 21:19:39,121.369967,31.174367, 10,  8,0
10139,2007-02-20 21:20:42,121.369967,31.174367, 10,  8,0
10139,2007-02-20 21:21:45,121.369967,31.174367, 10,  8,0
10139,2007-02-20 21:22:48,121.369967,31.174367, 10,  8,0
10139,2007-02-20 21:23:51,121.369967,31.174367, 10,  8,0
10139,2007-02-20 21:24:54,121.369967,31.174367, 10,  8,0
10139,2007-02-20 21:25:57,121.369967,31.174367, 10,  8,0
10139,2007-02-20 21:27:00,121.369967,31.174367, 10,  8,0
10139,2007-02-20 21:28:03,121.369967,31.174367, 10,  8,0
10139,2007-02-20 21:29:06,121.369967,31.174367, 10,  8,0
10139,2007-02-20 21:30:09,121.369967,31.174367, 10,  8,0
10139,2007-02-20 21:31:12,121.369967,31.174367, 10,  8,0
10139,2007-02-20 21:32:16,121.369967,31.174367, 10,  8,0
10139,2007-02-20 21:33:21,121.369967,31.174367, 10,  8,0
10139,2007-02-20 21:34:25,121.369967,31.174367, 10,  8,0
10139,2007-02-20 21:37:28,121.369967,31.174367, 10,  8,0
10139,2007-02-20 21:39:28,121.369967,31.174367, 10,  8,0
10139,2007-02-20 21:40:33,121.369967,31.174367, 10,  8,0
10139,2007-02-20 21:41:38,121.369967,31.174367, 10,  8,0
10139,2007-02-20 21:43:49,121.369967,31.174367, 10,  8,0
10139,2007-02-20 21:45:42,121.369967,31.174367, 10,  8,0
10139,2007-02-20 21:46:56,121.369967,31.174367, 10,  8,0
10139,2007-02-20 21:48:22,121.369967,31.174367, 10,  8,0
10139,2007-02-20 21:49:28,121.369967,31.174367, 10,  8,0
10139,2007-02-20 21:50:34,121.369967,31.174367, 10,  8,0
10139,2007-02-20 21:51:36,121.369967,31.174367, 10,  8,0
10139,2007-02-20 21:53:42,121.369967,31.174367, 10,  8,0
10139,2007-02-20 21:54:45,121.369967,31.174367, 10,  8,0
10139,2007-02-20 21:55:48,121.369967,31.174367, 10,  8,0
10139,2007-02-20 21:56:51,121.369967,31.174367, 10,  8,0
10139,2007-02-20 21:57:54,121.369967,31.174367, 10,  8,0
10139,2007-02-20 21:58:57,121.369967,31.174367, 10,  8,0
10139,2007-02-20 22:00:00,121.369967,31.174367, 10,  8,0
10139,2007-02-20 22:01:03,121.369967,31.174367, 10,  8,0
10139,2007-02-20 22:03:10,121.369967,31.174367, 10,  8,0
10139,2007-02-20 22:04:13,121.369967,31.174367, 10,  8,0
10139,2007-02-20 22:05:16,121.369967,31.174367, 10,  8,0
10139,2007-02-20 22:07:22,121.369967,31.174367, 10,  8,0
10139,2007-02-20 22:08:25,121.369967,31.174367, 10,  8,0
10139,2007-02-20 22:09:28,121.369967,31.174367, 10,  8,0
10139,2007-02-20 22:10:31,121.369967,31.174367, 10,  8,0
10139,2007-02-20 22:11:34,121.369967,31.174367, 10,  8,0
10139,2007-02-20 22:12:37,121.369967,31.174367, 10,  8,0
10139,2007-02-20 22:13:40,121.369967,31.174367, 10,  8,0
10139,2007-02-20 22:14:43,121.369967,31.174367, 10,  8,0
10139,2007-02-20 22:15:46,121.369967,31.174367, 10,  8,0
10139,2007-02-20 22:16:49,121.369967,31.174367, 10,  8,0
10139,2007-02-20 22:17:52,121.369967,31.174367, 10,  8,0
10139,2007-02-20 22:18:55,121.369967,31.174367, 10,  8,0
10139,2007-02-20 22:19:59,121.369967,31.174367, 10,  8,0
10139,2007-02-20 22:21:02,121.369967,31.174367, 10,  8,0
10139,2007-02-20 22:22:05,121.369967,31.174367, 10,  8,0
10139,2007-02-20 22:23:08,121.369967,31.174367, 10,  8,0
10139,2007-02-20 22:24:11,121.369967,31.174367, 10,  8,0
10139,2007-02-20 22:26:17,121.369967,31.174367, 10,  8,0
10139,2007-02-20 22:27:20,121.369967,31.174367, 10,  8,0
10139,2007-02-20 22:28:23,121.369967,31.174367, 10,  8,0
10139,2007-02-20 22:29:26,121.369967,31.174367, 10,  8,0
10139,2007-02-20 22:30:29,121.369967,31.174367, 10,  8,0
10139,2007-02-20 22:31:32,121.369967,31.174367, 10,  8,0
10139,2007-02-20 22:33:38,121.369967,31.174367, 10,  8,0
10139,2007-02-20 22:34:41,121.369967,31.174367, 10,  8,0
10139,2007-02-20 22:35:44,121.369967,31.174367, 10,  8,0
10139,2007-02-20 22:36:47,121.369967,31.174367, 10,  8,0
10139,2007-02-20 22:37:51,121.369967,31.174367, 10,  8,0
10139,2007-02-20 22:38:54,121.369967,31.174367, 10,  8,0
10139,2007-02-20 22:39:57,121.369967,31.174367, 10,  8,0
10139,2007-02-20 22:41:00,121.369967,31.174367, 10,  8,0
10139,2007-02-20 22:42:03,121.369967,31.174367, 10,  8,0
10139,2007-02-20 22:43:06,121.369967,31.174367, 10,  8,0
10139,2007-02-20 22:44:09,121.369967,31.174367, 10,  8,0
10139,2007-02-20 22:45:12,121.369967,31.174367, 10,  8,0
10139,2007-02-20 22:46:15,121.369967,31.174367, 10,  8,0
10139,2007-02-20 22:47:18,121.369967,31.174367, 10,  8,0
10139,2007-02-20 22:48:21,121.369967,31.174367, 10,  8,0
10139,2007-02-20 22:49:24,121.369967,31.174367, 10,  8,0
10139,2007-02-20 22:50:27,121.369967,31.174367, 10,  8,0
10139,2007-02-20 22:51:30,121.369967,31.174367, 10,  8,0
10139,2007-02-20 22:52:34,121.369967,31.174367, 10,  8,0
10139,2007-02-20 22:53:37,121.369967,31.174367, 10,  8,0
10139,2007-02-20 22:54:40,121.369967,31.174367, 10,  8,0
10139,2007-02-20 22:56:46,121.369967,31.174367, 10,  8,0
10139,2007-02-20 22:57:49,121.369967,31.174367, 10,  8,0
10139,2007-02-20 22:58:52,121.369967,31.174367, 10,  8,0
10139,2007-02-20 22:59:55,121.369967,31.174367, 10,  8,0
10139,2007-02-20 23:00:58,121.369967,31.174367, 10,  8,0
10139,2007-02-20 23:02:01,121.369967,31.174367, 10,  8,0
10139,2007-02-20 23:03:04,121.369967,31.174367, 10,  8,0
10139,2007-02-20 23:04:07,121.369967,31.174367, 10,  8,0
10139,2007-02-20 23:05:10,121.369967,31.174367, 10,  8,0
10139,2007-02-20 23:06:13,121.369967,31.174367, 10,  8,0
10139,2007-02-20 23:07:16,121.369967,31.174367, 10,  8,0
10139,2007-02-20 23:08:19,121.369967,31.174367, 10,  8,0
10139,2007-02-20 23:09:22,121.369967,31.174367, 10,  8,0
10139,2007-02-20 23:10:26,121.369967,31.174367, 10,  8,0
10139,2007-02-20 23:11:29,121.369967,31.174367, 10,  8,0
10139,2007-02-20 23:12:32,121.369967,31.174367, 10,  8,0
10139,2007-02-20 23:13:35,121.369967,31.174367, 10,  8,0
10139,2007-02-20 23:15:41,121.369967,31.174367, 10,  8,0
10139,2007-02-20 23:16:44,121.369967,31.174367, 10,  8,0
10139,2007-02-20 23:17:47,121.369967,31.174367, 10,  8,0
10139,2007-02-20 23:18:50,121.369967,31.174367, 10,  8,0
10139,2007-02-20 23:19:53,121.369967,31.174367, 10,  8,0
10139,2007-02-20 23:20:56,121.369967,31.174367, 10,  8,0
10139,2007-02-20 23:21:59,121.369967,31.174367, 10,  8,0
10139,2007-02-20 23:24:05,121.369967,31.174367, 10,  8,0
10139,2007-02-20 23:25:08,121.369967,31.174367, 10,  8,0
10139,2007-02-20 23:26:11,121.369967,31.174367, 10,  8,0
10139,2007-02-20 23:27:15,121.369967,31.174367, 10,  8,0
10139,2007-02-20 23:28:18,121.369967,31.174367, 10,  8,0
10139,2007-02-20 23:29:21,121.369967,31.174367, 10,  8,0
10139,2007-02-20 23:30:24,121.369967,31.174367, 10,  8,0
10139,2007-02-20 23:31:27,121.369967,31.174367, 10,  8,0
10139,2007-02-20 23:32:30,121.369967,31.174367, 10,  8,0
10139,2007-02-20 23:34:36,121.369967,31.174367, 10,  8,0
10139,2007-02-20 23:35:39,121.369967,31.174367, 10,  8,0
10139,2007-02-20 23:36:42,121.369967,31.174367, 10,  8,0
10139,2007-02-20 23:37:45,121.369967,31.174367, 10,  8,0
10139,2007-02-20 23:38:48,121.369967,31.174367, 10,  8,0
10139,2007-02-20 23:40:54,121.369967,31.174367, 10,  8,0
10139,2007-02-20 23:41:57,121.369967,31.174367, 10,  8,0
10139,2007-02-20 23:43:00,121.369967,31.174367, 10,  8,0
10139,2007-02-20 23:44:03,121.369967,31.174367, 10,  8,0
10139,2007-02-20 23:46:09,121.369967,31.174367, 10,  8,0
10139,2007-02-20 23:47:13,121.369967,31.174367, 10,  8,0
10139,2007-02-20 23:48:16,121.369967,31.174367, 10,  8,0
10139,2007-02-20 23:49:19,121.369967,31.174367, 10,  8,0
10139,2007-02-20 23:50:22,121.369967,31.174367, 10,  8,0
10139,2007-02-20 23:51:25,121.369967,31.174367, 10,  8,0
10139,2007-02-20 23:52:28,121.369967,31.174367, 10,  8,0
10139,2007-02-20 23:53:31,121.369967,31.174367, 10,  8,0
10139,2007-02-20 23:54:34,121.369967,31.174367, 10,  8,0
10139,2007-02-20 23:56:40,121.369967,31.174367, 10,  8,0
10139,2007-02-20 23:58:46,121.369967,31.174367, 10,  8,0
10139,2007-02-20 23:59:49,121.369967,31.174367, 10,  8,0
