89250,2007-02-20 07:39:05,121.377800,31.999600, 70, 90,0
89250,2007-02-20 07:39:20,121.378100,31.997800, 56, 90,0
89250,2007-02-20 07:39:53,121.380000,31.991000,106, 90,0
89250,2007-02-20 07:40:09,121.381100,31.987100,118, 90,0
89250,2007-02-20 07:40:40,121.383800,31.979500,104, 90,0
89250,2007-02-20 07:40:57,121.384000,31.976100, 88, 90,0
89250,2007-02-20 07:41:13,121.383800,31.972300,102, 90,0
89250,2007-02-20 07:41:45,121.383500,31.964500, 78, 90,0
89250,2007-02-20 07:42:00,121.383800,31.962100, 64, 90,0
89250,2007-02-20 07:42:17,121.383100,31.958800,102, 90,0
89250,2007-02-20 07:42:33,121.382000,31.955000, 98, 90,0
89250,2007-02-20 07:42:49,121.380800,31.951000,120, 90,0
89250,2007-02-20 07:43:05,121.379300,31.946600,130, 90,0
89250,2007-02-20 07:43:20,121.377800,31.942100,126, 90,0
89250,2007-02-20 07:43:37,121.376100,31.937600, 94, 90,0
89250,2007-02-20 07:43:53,121.375000,31.934500, 74, 90,0
89250,2007-02-20 07:44:09,121.374000,31.931100,104, 90,0
89250,2007-02-20 07:44:25,121.373000,31.928100, 76, 90,0
89250,2007-02-20 07:44:40,121.372100,31.925800, 88, 90,0
89250,2007-02-20 07:44:57,121.370800,31.921800,110, 90,0
89250,2007-02-20 07:45:13,121.369800,31.918500, 86, 90,0
89250,2007-02-20 07:45:29,121.368600,31.915300, 92, 90,0
89250,2007-02-20 07:45:45,121.367500,31.911600,112, 90,0
89250,2007-02-20 07:46:00,121.366100,31.907600,122, 90,0
89250,2007-02-20 07:46:17,121.364800,31.903100, 98, 90,0
89250,2007-02-20 07:46:33,121.364600,31.899500,120, 90,0
89250,2007-02-20 07:46:49,121.364500,31.895000,126, 90,0
89250,2007-02-20 07:47:05,121.364000,31.890300,126, 90,0
89250,2007-02-20 07:47:20,121.363600,31.885800,112, 90,0
89250,2007-02-20 07:47:37,121.364600,31.883800, 62, 45,0
89250,2007-02-20 07:48:09,121.373800,31.883300,130, 45,0
89250,2007-02-20 07:48:25,121.379600,31.883000,128, 45,0
89250,2007-02-20 07:48:40,121.384800,31.882800,112, 45,0
89250,2007-02-20 07:48:57,121.387100,31.879500,124, 90,0
89250,2007-02-20 07:49:13,121.387000,31.874500,130, 90,0
89250,2007-02-20 07:49:29,121.387000,31.869600,134, 90,0
89250,2007-02-20 07:49:45,121.387300,31.865000,106, 67,0
89250,2007-02-20 07:50:00,121.391300,31.863600,122, 45,0
89250,2007-02-20 07:50:17,121.397500,31.863600,132, 45,0
89250,2007-02-20 07:50:33,121.403300,31.863800,138, 45,0
89250,2007-02-20 07:50:49,121.409300,31.863800,140, 45,0
89250,2007-02-20 07:51:05,121.415000,31.863800,118, 45,0
89250,2007-02-20 07:51:20,121.419000,31.863800, 82, 45,0
89250,2007-02-20 07:51:37,121.422100,31.863800, 84, 45,0
89250,2007-02-20 07:51:53,121.426600,31.863800,116, 45,0
89250,2007-02-20 07:52:09,121.432300,31.863800,130, 45,0
89250,2007-02-20 07:52:25,121.438100,31.863600,134, 45,0
89250,2007-02-20 07:52:40,121.443300,31.863600,124, 45,0
89250,2007-02-20 07:53:13,121.453500,31.863500, 72, 45,0
89250,2007-02-20 07:53:29,121.456600,31.863500, 86, 45,0
89250,2007-02-20 07:53:45,121.461100,31.863100,110, 45,0
89250,2007-02-20 07:54:00,121.465500,31.862300,122, 45,0
89250,2007-02-20 07:54:33,121.472500,31.860800,  0, 45,0
89250,2007-02-20 07:55:00,121.473500,31.860600, 64, 45,0
89250,2007-02-20 07:55:15,121.477000,31.860000,100, 45,0
89250,2007-02-20 07:55:32,121.482100,31.859000,122, 45,0
89250,2007-02-20 07:55:48,121.487100,31.857800,110, 45,0
89250,2007-02-20 07:56:04,121.492300,31.856100,128, 45,0
89250,2007-02-20 07:56:20,121.497600,31.854500,132, 45,0
89250,2007-02-20 07:56:35,121.502300,31.853000,124, 45,0
89250,2007-02-20 07:56:52,121.507600,31.851600, 92, 45,0
89250,2007-02-20 07:57:08,121.512300,31.850300,128, 45,0
89250,2007-02-20 07:57:40,121.523000,31.847800,130, 45,0
89250,2007-02-20 07:57:55,121.527800,31.846800,112, 45,0
89250,2007-02-20 07:58:12,121.532600,31.845800,106, 45,0
89250,2007-02-20 07:58:28,121.536300,31.845000, 80, 45,0
89250,2007-02-20 07:58:44,121.539500,31.844500, 62, 45,0
89250,2007-02-20 07:59:00,121.542100,31.844000, 84, 45,0
89250,2007-02-20 07:59:15,121.546300,31.843100,114, 45,0
89250,2007-02-20 07:59:48,121.556800,31.841100,122, 45,0
89250,2007-02-20 08:00:04,121.561500,31.840000, 80, 45,0
89250,2007-02-20 08:00:35,121.569800,31.837600,100, 45,0
89250,2007-02-20 08:00:52,121.574300,31.835800,124, 67,0
89250,2007-02-20 08:01:08,121.579100,31.833800,116, 67,0
89250,2007-02-20 08:01:24,121.583100,31.832100,112, 67,0
89250,2007-02-20 08:01:40,121.587000,31.830600,102, 67,0
89250,2007-02-20 08:01:55,121.591100,31.829500,118, 45,0
89250,2007-02-20 08:02:12,121.596800,31.829300,116, 45,0
89250,2007-02-20 08:02:28,121.601300,31.829100,102, 45,0
89250,2007-02-20 08:03:00,121.607500,31.827500, 80, 45,0
89250,2007-02-20 08:03:15,121.611000,31.826600, 76, 45,0
89250,2007-02-20 08:03:32,121.615100,31.825600,102, 45,0
89250,2007-02-20 08:03:48,121.619100,31.824500, 76, 45,0
89250,2007-02-20 08:04:04,121.620500,31.824300,  0,  0,0
89250,2007-02-20 08:04:40,121.620800,31.825300, 50, 22,0
89250,2007-02-20 08:04:55,121.622300,31.827500, 78, 22,0
89250,2007-02-20 08:05:12,121.624300,31.830300, 98, 22,0
89250,2007-02-20 08:05:28,121.625000,31.832500, 46,157,0
89250,2007-02-20 08:05:44,121.622300,31.833500, 88,157,0
89250,2007-02-20 08:06:00,121.618800,31.834800, 76,157,0
89250,2007-02-20 08:06:15,121.615600,31.836300, 96,157,0
89250,2007-02-20 08:06:32,121.611500,31.838300,104,157,0
89250,2007-02-20 08:06:48,121.607800,31.840000, 86,157,0
89250,2007-02-20 08:07:04,121.607600,31.841000, 46, 22,0
89250,2007-02-20 08:07:20,121.608800,31.842300,  0, 22,0
89250,2007-02-20 08:08:20,121.608800,31.842300,  0, 22,0
89250,2007-02-20 08:09:22,121.608800,31.842300,  0, 22,0
89250,2007-02-20 08:10:05,121.609300,31.843300, 58, 22,0
89250,2007-02-20 08:10:20,121.610600,31.845100, 70, 22,0
89250,2007-02-20 08:10:37,121.612000,31.846800, 54, 22,0
89250,2007-02-20 08:10:53,121.613300,31.848800, 44, 22,0
89250,2007-02-20 08:11:09,121.614500,31.850300, 46, 22,0
89250,2007-02-20 08:11:25,121.615300,31.851300,  0, 22,0
89250,2007-02-20 08:12:25,121.615300,31.851300,  0, 22,0
89250,2007-02-20 08:12:44,121.616000,31.852300, 30, 22,0
89250,2007-02-20 08:13:00,121.617000,31.853600, 62, 22,0
89250,2007-02-20 08:13:15,121.618000,31.855600, 58,  0,0
89250,2007-02-20 08:13:32,121.618600,31.858300, 80,  0,0
89250,2007-02-20 08:13:48,121.619300,31.861000, 56,  0,0
89250,2007-02-20 08:14:20,121.620600,31.865500, 56,  0,0
89250,2007-02-20 08:14:35,121.621300,31.867800, 72,  0,0
89250,2007-02-20 08:14:52,121.622000,31.870000, 36,  0,0
89250,2007-02-20 08:15:08,121.622300,31.871800, 58,  0,0
89250,2007-02-20 08:15:24,121.623000,31.873800, 56,  0,0
89250,2007-02-20 08:15:40,121.623600,31.875500, 42, 22,0
89250,2007-02-20 08:15:55,121.624300,31.877100, 54,  0,0
89250,2007-02-20 08:16:12,121.624300,31.878500,  4,  0,0
89250,2007-02-20 08:17:13,121.624000,31.878600,  4,135,0
89250,2007-02-20 08:19:15,121.624000,31.878600,  0,135,0
89250,2007-02-20 08:20:15,121.624000,31.878600,  0,135,0
89250,2007-02-20 08:21:17,121.624000,31.878600,  0,135,0
89250,2007-02-20 08:22:18,121.624000,31.878600,  0,135,0
89250,2007-02-20 08:23:19,121.624000,31.878600,  0,135,0
89250,2007-02-20 08:24:15,121.624300,31.878300, 28, 90,0
89250,2007-02-20 08:24:32,121.624300,31.876800, 26, 90,0
89250,2007-02-20 08:24:53,121.623800,31.875800, 18, 90,0
89250,2007-02-20 08:25:25,121.624100,31.875100, 14, 45,0
89250,2007-02-20 08:25:52,121.625300,31.874800, 14, 45,0
89250,2007-02-20 08:26:23,121.626500,31.874500, 12, 45,0
89250,2007-02-20 08:26:55,121.627600,31.874100, 14, 45,0
89250,2007-02-20 08:27:30,121.628800,31.873800, 12, 45,0
89250,2007-02-20 08:28:30,121.629300,31.873600,  4, 45,0
89250,2007-02-20 08:29:10,121.630100,31.873500, 14,157,0
89250,2007-02-20 08:29:40,121.629000,31.873800, 18,135,0
89250,2007-02-20 08:29:57,121.627600,31.874100, 40,135,0
89250,2007-02-20 08:30:52,121.623600,31.875600, 24,  0,0
89250,2007-02-20 08:31:08,121.624300,31.877100, 56,  0,0
89250,2007-02-20 08:31:24,121.624500,31.879100, 60,  0,0
89250,2007-02-20 08:31:40,121.625000,31.881000, 34,  0,0
89250,2007-02-20 08:31:55,121.625500,31.882800, 62,  0,0
89250,2007-02-20 08:32:12,121.626100,31.885100, 52,  0,0
89250,2007-02-20 08:32:44,121.627500,31.889600, 72,  0,0
89250,2007-02-20 08:33:00,121.627800,31.891100,  0,  0,0
89250,2007-02-20 08:33:29,121.628100,31.892100, 58,  0,0
89250,2007-02-20 08:33:45,121.628800,31.894600, 74,  0,0
89250,2007-02-20 08:34:00,121.629600,31.897100, 72,  0,0
89250,2007-02-20 08:34:17,121.630300,31.899500, 60,  0,0
89250,2007-02-20 08:34:33,121.630600,31.900600,  0,  0,0
89250,2007-02-20 08:35:34,121.630600,31.900600,  0,  0,0
89250,2007-02-20 08:35:58,121.629500,31.900800, 50,135,0
89250,2007-02-20 08:36:14,121.626600,31.901500, 64,135,0
89250,2007-02-20 08:36:30,121.624300,31.902300, 58,157,0
89250,2007-02-20 08:36:45,121.621600,31.903000, 68,135,0
89250,2007-02-20 08:37:02,121.618100,31.903600, 86,135,0
89250,2007-02-20 08:37:18,121.614600,31.904500, 82,135,0
89250,2007-02-20 08:37:34,121.612000,31.904500, 40,135,0
89250,2007-02-20 08:37:50,121.609300,31.905000, 76,135,0
89250,2007-02-20 08:38:05,121.606000,31.905300, 86,135,0
89250,2007-02-20 08:38:22,121.602100,31.905800, 72,135,0
89250,2007-02-20 08:38:38,121.598800,31.906100, 82,135,0
89250,2007-02-20 08:38:54,121.596000,31.905800, 72,112,0
89250,2007-02-20 08:39:10,121.593600,31.905300, 46,135,0
89250,2007-02-20 08:39:25,121.591000,31.905600, 74,135,0
89250,2007-02-20 08:39:42,121.587500,31.906100, 76,135,0
89250,2007-02-20 08:39:58,121.584800,31.906500, 46,135,0
89250,2007-02-20 08:40:14,121.583100,31.906600, 40,135,0
89250,2007-02-20 08:40:30,121.581500,31.906800, 46,135,0
89250,2007-02-20 08:40:45,121.579800,31.907000, 42,135,0
89250,2007-02-20 08:41:02,121.577800,31.907300, 32,135,0
89250,2007-02-20 08:41:18,121.576300,31.907300, 34,135,0
89250,2007-02-20 08:41:34,121.574600,31.907500, 52,135,0
89250,2007-02-20 08:41:50,121.572800,31.907600, 36,135,0
89250,2007-02-20 08:42:45,121.568800,31.908100, 26,135,0
89250,2007-02-20 08:43:30,121.565600,31.908800, 40,135,0
89250,2007-02-20 08:43:47,121.563100,31.909100, 48,135,0
89250,2007-02-20 08:44:03,121.560600,31.909500, 70,135,0
89250,2007-02-20 08:44:19,121.557600,31.909800, 70,135,0
89250,2007-02-20 08:44:35,121.554300,31.910100, 78,135,0
89250,2007-02-20 08:44:50,121.550800,31.910600, 82,135,0
89250,2007-02-20 08:45:07,121.549000,31.911000, 10,157,0
89250,2007-02-20 08:45:40,121.549100,31.911800, 42,  0,0
89250,2007-02-20 08:45:57,121.549800,31.913800, 34,  0,0
89250,2007-02-20 08:46:13,121.550500,31.915800, 80,  0,0
89250,2007-02-20 08:46:29,121.551500,31.919100, 96,  0,0
89250,2007-02-20 08:46:45,121.552300,31.922000, 84,  0,0
89250,2007-02-20 08:47:00,121.553300,31.925100, 96,  0,0
89250,2007-02-20 08:47:17,121.554300,31.928100, 72,  0,0
89250,2007-02-20 08:47:33,121.555100,31.931000, 60,  0,0
89250,2007-02-20 08:47:49,121.556000,31.933500, 84,  0,0
89250,2007-02-20 08:48:05,121.557000,31.936500, 84,  0,0
89250,2007-02-20 08:48:20,121.557800,31.939000, 80,  0,0
89250,2007-02-20 08:48:37,121.558800,31.942100, 88,  0,0
89250,2007-02-20 08:48:53,121.559600,31.945000, 90,  0,0
89250,2007-02-20 08:49:25,121.561100,31.950000, 60,  0,0
89250,2007-02-20 08:49:40,121.562000,31.952500, 88,  0,0
89250,2007-02-20 08:49:57,121.563000,31.955600, 82,  0,0
89250,2007-02-20 08:50:13,121.563800,31.958300, 56,  0,0
89250,2007-02-20 08:50:29,121.564800,31.961100, 92,  0,0
89250,2007-02-20 08:50:45,121.565600,31.964000, 60,  0,0
89250,2007-02-20 08:51:00,121.566000,31.965300, 34,  0,0
89250,2007-02-20 08:51:17,121.566600,31.967100, 56,  0,0
89250,2007-02-20 08:51:33,121.567500,31.970000, 96,  0,0
89250,2007-02-20 08:51:49,121.568600,31.973500, 88,  0,0
89250,2007-02-20 08:52:05,121.569800,31.977000,106,  0,0
89250,2007-02-20 08:52:20,121.570800,31.980500, 92,  0,0
89250,2007-02-20 08:52:37,121.571600,31.983300, 58,  0,0
89250,2007-02-20 08:52:53,121.572500,31.985800, 84,  0,0
89250,2007-02-20 08:53:09,121.573500,31.988800, 52,  0,0
89250,2007-02-20 08:53:25,121.574100,31.991000, 78,  0,0
89250,2007-02-20 08:53:40,121.575000,31.993800, 84,  0,0
89250,2007-02-20 08:53:57,121.576000,31.997000, 64,  0,0
89250,2007-02-20 08:54:13,121.576800,31.999300, 66,  0,0
