89456,2007-02-20 00:00:39,121.363600,31.188500, 76, 45,1
89456,2007-02-20 00:02:41,121.383300,31.196000,  0,  0,1
89456,2007-02-20 00:03:42,121.383300,31.196000,  0,  0,1
89456,2007-02-20 00:04:42,121.384100,31.200000, 60, 45,1
89456,2007-02-20 00:05:44,121.393100,31.202500, 64, 45,1
89456,2007-02-20 00:06:45,121.403500,31.204600, 64, 45,1
89456,2007-02-20 00:07:46,121.407000,31.201300, 18, 67,1
89456,2007-02-20 00:08:47,121.407300,31.207600, 46, 22,1
89456,2007-02-20 00:09:47,121.407600,31.211300,  0, 45,1
89456,2007-02-20 00:11:50,121.407100,31.216500, 58,157,1
89456,2007-02-20 00:12:51,121.407600,31.218800, 16,112,1
89456,2007-02-20 00:14:42,121.407500,31.217100,  0, 45,0
89456,2007-02-20 00:15:44,121.408000,31.217100, 16, 45,0
89456,2007-02-20 00:16:45,121.407600,31.218800,  0,  0,0
89456,2007-02-20 00:18:11,121.411800,31.217600, 52, 67,1
89456,2007-02-20 00:20:12,121.412100,31.211500, 44, 90,1
89456,2007-02-20 00:21:14,121.410300,31.209500, 10,135,1
89456,2007-02-20 00:22:15,121.407600,31.208000,  0,112,1
89456,2007-02-20 00:23:16,121.407500,31.206600, 16, 90,1
89456,2007-02-20 00:24:17,121.411600,31.197500, 62, 67,1
89456,2007-02-20 00:26:19,121.429500,31.181600, 60, 67,1
89456,2007-02-20 00:27:20,121.430300,31.174500, 86, 90,1
89456,2007-02-20 00:28:21,121.428100,31.163100, 76,112,1
89456,2007-02-20 00:29:22,121.424500,31.159100, 18,112,1
89456,2007-02-20 00:30:22,121.430000,31.155000, 14, 67,1
89456,2007-02-20 00:31:15,121.426800,31.151600,  0,112,0
89456,2007-02-20 00:32:16,121.425600,31.150500,  0,112,0
89456,2007-02-20 00:33:17,121.421100,31.151800, 72,157,0
89456,2007-02-20 00:34:17,121.418000,31.153300, 44,112,0
89456,2007-02-20 00:35:19,121.411100,31.146600, 76,112,0
89456,2007-02-20 00:36:20,121.404100,31.149500, 76,  0,0
89456,2007-02-20 00:37:21,121.399500,31.160300, 80,  0,0
89456,2007-02-20 00:38:22,121.394600,31.169600, 80,157,0
89456,2007-02-20 00:39:22,121.391300,31.179300, 70,  0,0
89456,2007-02-20 00:41:25,121.388500,31.182000,  0,157,0
89456,2007-02-20 00:42:26,121.387800,31.181500, 36,112,0
89456,2007-02-20 00:44:27,121.379600,31.178300, 62,135,0
89456,2007-02-20 00:45:29,121.371500,31.176100,  0,112,0
89456,2007-02-20 00:46:30,121.363300,31.173000, 56,135,0
89456,2007-02-20 00:47:31,121.361000,31.172100,  0,135,0
89456,2007-02-20 00:48:32,121.356600,31.174300, 72,157,0
89456,2007-02-20 00:49:32,121.354000,31.183100, 36,  0,0
89456,2007-02-20 00:50:34,121.353600,31.185500, 44,  0,0
89456,2007-02-20 00:51:35,121.353300,31.188100,  0, 22,0
89456,2007-02-20 00:52:36,121.353000,31.190600, 48,  0,0
89456,2007-02-20 00:53:37,121.352500,31.198300, 42,  0,0
89456,2007-02-20 00:54:37,121.356000,31.200500, 20,  0,0
89456,2007-02-20 00:55:39,121.355800,31.201000,  0,  0,0
89456,2007-02-20 00:56:40,121.355800,31.201100, 14,  0,0
89456,2007-02-20 00:57:41,121.355100,31.203600,  0,135,0
89456,2007-02-20 00:58:42,121.355100,31.203600,  0,135,0
89456,2007-02-20 00:59:42,121.355100,31.203600,  0,135,0
89456,2007-02-20 01:00:44,121.355100,31.203600,  0,135,0
89456,2007-02-20 01:01:45,121.355100,31.203600,  0,135,0
89456,2007-02-20 01:02:46,121.354100,31.203500,  4,  0,0
89456,2007-02-20 01:03:20,121.354000,31.203500, 12,135,1
89456,2007-02-20 01:04:20,121.355300,31.206000, 46,  0,1
89456,2007-02-20 01:05:21,121.357100,31.210600, 56, 45,1
89456,2007-02-20 01:07:22,121.370500,31.209600,  0, 45,1
89456,2007-02-20 01:08:24,121.378800,31.209100, 24, 45,1
89456,2007-02-20 01:09:25,121.383000,31.208000, 50, 45,1
89456,2007-02-20 01:10:26,121.390100,31.207600,  0, 45,1
89456,2007-02-20 01:11:27,121.396800,31.207800, 58, 45,1
89456,2007-02-20 01:12:27,121.404000,31.206000, 34, 67,1
89456,2007-02-20 01:13:29,121.407600,31.209100, 30,  0,1
89456,2007-02-20 01:14:30,121.406100,31.209300, 32,135,1
89456,2007-02-20 01:15:31,121.405500,31.208800,  0, 90,1
89456,2007-02-20 01:15:58,121.405500,31.208800,  0, 90,0
89456,2007-02-20 01:16:59,121.405500,31.209500, 16, 22,0
89456,2007-02-20 01:18:00,121.407000,31.208100,  0, 90,0
89456,2007-02-20 01:19:01,121.407100,31.206600, 22, 67,0
89456,2007-02-20 01:20:02,121.407300,31.205500, 14, 90,0
89456,2007-02-20 01:21:02,121.408000,31.202300, 50, 90,0
89456,2007-02-20 01:22:04,121.408100,31.200800,  0, 90,0
89456,2007-02-20 01:23:05,121.415800,31.197500, 38, 45,0
89456,2007-02-20 01:25:56,121.433000,31.206100, 28,  0,0
89456,2007-02-20 01:26:57,121.431300,31.210600, 34,  0,0
89456,2007-02-20 01:27:57,121.429500,31.213500, 42,157,0
89456,2007-02-20 01:28:59,121.429600,31.215600,  0,135,0
89456,2007-02-20 01:30:00,121.429600,31.215600,  0,135,0
89456,2007-02-20 01:31:01,121.429600,31.215600,  0,135,0
89456,2007-02-20 01:33:02,121.433500,31.219300, 66, 22,0
89456,2007-02-20 01:34:04,121.443600,31.223100, 78, 45,0
89456,2007-02-20 01:35:05,121.454500,31.225500, 74, 45,0
89456,2007-02-20 01:36:06,121.455800,31.224800,  0, 90,0
89456,2007-02-20 01:37:07,121.457000,31.218100, 42, 90,0
89456,2007-02-20 01:38:07,121.458300,31.213800,  6, 67,0
89456,2007-02-20 01:39:09,121.455300,31.211500, 30,112,0
89456,2007-02-20 01:40:10,121.454500,31.212800, 14, 22,0
89456,2007-02-20 01:41:11,121.454500,31.213600,  6,157,0
89456,2007-02-20 01:42:12,121.454300,31.213500,  0, 67,0
89456,2007-02-20 01:43:12,121.454300,31.213500,  0,135,0
89456,2007-02-20 01:44:14,121.454300,31.213500,  0,135,0
89456,2007-02-20 01:45:15,121.454500,31.213500,  0, 45,0
89456,2007-02-20 01:46:16,121.454500,31.213500,  0, 45,0
89456,2007-02-20 01:47:17,121.454500,31.213500,  0, 45,0
89456,2007-02-20 01:48:17,121.454500,31.213500,  0, 45,0
89456,2007-02-20 01:49:19,121.454500,31.213500,  0, 45,0
89456,2007-02-20 01:50:20,121.454300,31.213600,  0, 45,0
89456,2007-02-20 01:51:21,121.454300,31.213600,  0, 45,0
89456,2007-02-20 01:52:22,121.454300,31.213600,  0, 45,0
89456,2007-02-20 01:53:23,121.454300,31.213600,  0, 45,0
89456,2007-02-20 01:54:24,121.454500,31.213600,  0, 45,0
89456,2007-02-20 01:55:25,121.454500,31.213600,  0, 45,0
89456,2007-02-20 01:56:26,121.454100,31.213800,  0, 45,0
89456,2007-02-20 01:57:27,121.454100,31.213800,  0, 22,0
89456,2007-02-20 01:58:28,121.453500,31.214100,  4,157,0
89456,2007-02-20 01:59:29,121.453100,31.214500,  0,157,0
89456,2007-02-20 02:01:31,121.454500,31.214100,  0,157,0
89456,2007-02-20 02:02:32,121.453500,31.214600,  0,135,0
89456,2007-02-20 02:04:34,121.453300,31.214500,  0,112,0
89456,2007-02-20 02:05:35,121.453300,31.214500,  0,112,0
89456,2007-02-20 02:07:37,121.453300,31.214500,  0,112,0
89456,2007-02-20 02:08:38,121.453300,31.214500,  0,112,0
89456,2007-02-20 02:09:39,121.453300,31.214500,  0,112,0
89456,2007-02-20 02:10:40,121.453300,31.214600,  0,157,0
89456,2007-02-20 02:11:41,121.453300,31.214600,  0,157,0
89456,2007-02-20 02:12:42,121.453300,31.214500,  0,157,0
89456,2007-02-20 02:13:43,121.454800,31.213600, 10, 67,0
89456,2007-02-20 02:14:44,121.453100,31.214600,  0, 67,0
89456,2007-02-20 02:15:45,121.453100,31.214600,  0, 67,0
89456,2007-02-20 02:16:46,121.453100,31.214600,  0, 67,0
89456,2007-02-20 02:17:47,121.452100,31.215300,  6,157,0
89456,2007-02-20 02:18:48,121.453500,31.214500,  0,157,0
89456,2007-02-20 02:19:49,121.453500,31.214500,  0,157,0
89456,2007-02-20 02:20:50,121.453500,31.214500,  0,157,0
89456,2007-02-20 02:21:51,121.453800,31.214100, 10, 67,0
89456,2007-02-20 02:22:52,121.456600,31.212300, 24, 67,0
89456,2007-02-20 02:24:54,121.451800,31.217500, 34,  0,0
89456,2007-02-20 02:25:55,121.456800,31.219600, 22,  0,0
89456,2007-02-20 02:26:56,121.458500,31.223000, 30, 45,0
89456,2007-02-20 02:27:57,121.458500,31.224600,  0,  0,0
89456,2007-02-20 02:28:58,121.458600,31.228600, 32, 22,0
89456,2007-02-20 02:29:59,121.462600,31.230000, 14,  0,0
89456,2007-02-20 02:31:00,121.461100,31.237600, 68,157,0
89456,2007-02-20 02:32:01,121.457800,31.246800, 64,  0,0
89456,2007-02-20 02:33:02,121.459500,31.253600, 34,  0,0
89456,2007-02-20 02:34:03,121.459500,31.256600,  0,  0,0
89456,2007-02-20 02:35:04,121.459500,31.256600,  0,  0,0
89456,2007-02-20 02:37:06,121.460100,31.264300, 22,157,0
89456,2007-02-20 02:41:10,121.459500,31.265800, 40,157,0
89456,2007-02-20 02:42:11,121.455800,31.267500, 40,112,0
89456,2007-02-20 02:44:13,121.450100,31.273000, 22,112,0
89456,2007-02-20 02:45:14,121.446000,31.271300, 32,112,0
89456,2007-02-20 02:46:15,121.445500,31.270500,  6,  0,0
89456,2007-02-20 02:47:16,121.448100,31.272300, 16,135,0
89456,2007-02-20 02:48:17,121.447300,31.272000,  0,135,0
89456,2007-02-20 02:49:18,121.447300,31.272000,  0,135,0
89456,2007-02-20 02:51:20,121.447300,31.272000,  0,135,0
89456,2007-02-20 02:52:21,121.447300,31.272000,  0,135,0
89456,2007-02-20 02:53:22,121.447300,31.272000,  0,135,0
89456,2007-02-20 02:54:23,121.447300,31.272000,  0,135,0
89456,2007-02-20 02:55:24,121.447300,31.272000,  0,135,0
89456,2007-02-20 02:56:25,121.447300,31.272000,  0,135,0
89456,2007-02-20 02:57:26,121.447300,31.272000,  0,135,0
89456,2007-02-20 02:58:27,121.447300,31.272000,  0,135,0
89456,2007-02-20 03:00:29,121.447300,31.272000,  0,135,0
89456,2007-02-20 03:01:30,121.447300,31.272000,  0,135,0
89456,2007-02-20 03:02:31,121.447300,31.272000,  0,135,0
89456,2007-02-20 03:03:32,121.447300,31.272000,  0,135,0
89456,2007-02-20 03:04:33,121.447300,31.272000,  0,135,0
89456,2007-02-20 03:05:34,121.447300,31.272000,  0,135,0
89456,2007-02-20 03:06:35,121.447300,31.272000,  0,112,0
89456,2007-02-20 03:07:36,121.447300,31.272000,  0,112,0
89456,2007-02-20 03:08:37,121.447300,31.272000,  0,112,0
89456,2007-02-20 03:09:38,121.447300,31.272000,  0,112,0
89456,2007-02-20 03:10:39,121.447300,31.272000,  0,112,0
89456,2007-02-20 03:11:40,121.447300,31.272000,  0,112,0
89456,2007-02-20 03:12:41,121.447300,31.272000,  0,112,0
89456,2007-02-20 03:13:42,121.447300,31.272000,  0,112,0
89456,2007-02-20 03:14:43,121.447300,31.272000,  0,112,0
89456,2007-02-20 03:15:43,121.447600,31.272100, 16,135,0
89456,2007-02-20 03:16:44,121.447500,31.272000,  0,112,0
89456,2007-02-20 03:17:45,121.447500,31.272000,  0,112,0
89456,2007-02-20 03:18:46,121.447500,31.272000,  0,112,0
89456,2007-02-20 03:19:47,121.447500,31.272000,  0,112,0
89456,2007-02-20 03:21:49,121.447500,31.272000,  0,112,0
89456,2007-02-20 03:22:50,121.447500,31.272000,  0,112,0
89456,2007-02-20 03:23:51,121.447500,31.272000,  0,112,0
89456,2007-02-20 03:24:52,121.447500,31.272000,  0,112,0
89456,2007-02-20 03:25:53,121.447500,31.272000,  0,112,0
89456,2007-02-20 03:26:54,121.447500,31.272000,  4, 67,0
89456,2007-02-20 03:27:55,121.451300,31.273000, 34, 67,0
89456,2007-02-20 03:29:57,121.455000,31.264000, 44, 90,0
89456,2007-02-20 03:30:58,121.459300,31.260300,  0, 67,0
89456,2007-02-20 03:31:59,121.462500,31.259600,  4, 45,0
89456,2007-02-20 03:34:01,121.467500,31.262000,  0, 22,0
89456,2007-02-20 03:35:02,121.469000,31.262300, 14, 67,0
89456,2007-02-20 03:36:03,121.469300,31.260100, 22,112,0
89456,2007-02-20 03:37:04,121.468800,31.259500,  0,112,0
89456,2007-02-20 03:38:05,121.468800,31.259500,  0,112,0
89456,2007-02-20 03:39:06,121.468300,31.260000, 12,  0,0
89456,2007-02-20 03:40:07,121.468600,31.260600,  0, 67,0
89456,2007-02-20 03:41:08,121.468600,31.260600,  0, 67,0
89456,2007-02-20 03:42:09,121.468600,31.260600,  0, 67,0
89456,2007-02-20 03:43:10,121.468600,31.260600,  0, 67,0
89456,2007-02-20 03:44:11,121.468600,31.260600,  0, 67,0
89456,2007-02-20 03:45:12,121.469800,31.260800, 26, 22,0
89456,2007-02-20 03:46:13,121.468600,31.261100, 16,112,0
89456,2007-02-20 03:47:14,121.468500,31.262500,  0, 22,0
89456,2007-02-20 03:48:15,121.471000,31.264100, 20, 67,0
89456,2007-02-20 03:49:16,121.469600,31.262000, 28,157,0
89456,2007-02-20 03:50:17,121.470300,31.264300,  8,  0,0
89456,2007-02-20 03:51:18,121.468800,31.262800, 26,112,0
89456,2007-02-20 03:52:19,121.468800,31.262500,  0, 67,0
89456,2007-02-20 03:53:20,121.470000,31.261800, 10,157,0
89456,2007-02-20 03:55:22,121.468600,31.262500,  0, 67,0
89456,2007-02-20 03:56:23,121.469600,31.262000,  0, 67,0
89456,2007-02-20 03:59:26,121.470300,31.261500,  0,157,0
89456,2007-02-20 04:00:27,121.469300,31.262100, 12,157,0
89456,2007-02-20 04:01:28,121.468600,31.262500, 12,135,0
89456,2007-02-20 04:02:29,121.467800,31.262000,  8, 22,0
89456,2007-02-20 04:03:30,121.470300,31.262000, 22, 22,0
89456,2007-02-20 04:05:32,121.470800,31.261100, 14,157,0
89456,2007-02-20 04:07:34,121.470300,31.261500,  0,157,0
89456,2007-02-20 04:09:36,121.470300,31.261500,  0,157,0
89456,2007-02-20 04:10:37,121.470300,31.261500,  0,157,0
89456,2007-02-20 04:11:38,121.470300,31.261500,  0,157,0
89456,2007-02-20 04:12:40,121.470300,31.261500,  0,157,0
89456,2007-02-20 04:13:41,121.470300,31.261500,  0,157,0
89456,2007-02-20 04:14:41,121.470300,31.261500,  0,157,0
89456,2007-02-20 04:15:42,121.470300,31.261500,  0,157,0
89456,2007-02-20 04:16:44,121.469000,31.262300, 16,157,0
89456,2007-02-20 04:17:45,121.468000,31.262000, 14, 90,0
89456,2007-02-20 04:18:46,121.463300,31.259800, 32,112,0
89456,2007-02-20 04:19:47,121.463300,31.256300,  0,112,0
89456,2007-02-20 04:20:47,121.459600,31.256000,  0,112,0
89456,2007-02-20 04:21:49,121.459600,31.256000,  0,112,0
89456,2007-02-20 04:22:50,121.459600,31.256000,  0,112,0
89456,2007-02-20 04:23:51,121.462500,31.259600,  0, 45,0
89456,2007-02-20 04:25:50,121.465300,31.261000, 28, 22,0
89456,2007-02-20 04:26:51,121.468500,31.262500,  6,  0,0
89456,2007-02-20 04:27:52,121.470100,31.261300, 20,112,0
89456,2007-02-20 04:28:52,121.468800,31.259000, 20, 67,0
89456,2007-02-20 04:29:54,121.471000,31.256800,  0, 90,0
89456,2007-02-20 04:30:55,121.472500,31.254500,  0, 90,0
89456,2007-02-20 04:31:56,121.473100,31.253500, 34, 67,0
89456,2007-02-20 04:32:57,121.471000,31.251100, 28,112,0
89456,2007-02-20 04:33:57,121.467800,31.249600, 40,112,0
89456,2007-02-20 04:34:59,121.464600,31.247800, 36,112,0
89456,2007-02-20 04:36:00,121.462500,31.246100,  0,112,0
89456,2007-02-20 04:37:01,121.462500,31.246100,  0,112,0
89456,2007-02-20 04:38:02,121.457100,31.247500, 38,135,0
89456,2007-02-20 04:39:02,121.452600,31.249000, 14,  0,0
89456,2007-02-20 04:40:04,121.455100,31.249100, 24, 90,0
89456,2007-02-20 04:41:05,121.455600,31.248000,  0,  0,0
89456,2007-02-20 04:42:06,121.455600,31.248000,  0,  0,0
89456,2007-02-20 04:43:07,121.455600,31.248000,  0,  0,0
89456,2007-02-20 04:43:40,121.455600,31.247800, 10,112,1
89456,2007-02-20 04:44:41,121.451100,31.247800, 34,135,1
89456,2007-02-20 04:46:42,121.446600,31.257800, 36,157,1
89456,2007-02-20 04:47:42,121.445300,31.259600,  0,157,1
89456,2007-02-20 04:48:44,121.440000,31.260300, 44,135,1
89456,2007-02-20 04:49:45,121.432500,31.256100, 56,112,1
89456,2007-02-20 04:50:46,121.426500,31.250600, 36,112,1
89456,2007-02-20 04:51:47,121.424300,31.248600,  0,112,1
89456,2007-02-20 04:52:47,121.421800,31.247500, 26,112,1
89456,2007-02-20 04:53:49,121.414800,31.243600, 30,112,1
89456,2007-02-20 04:54:50,121.408600,31.247100, 16,157,1
89456,2007-02-20 04:55:51,121.408300,31.248100, 22,157,1
89456,2007-02-20 04:56:30,121.408100,31.247800,  0, 67,0
89456,2007-02-20 04:57:31,121.408100,31.247800,  0, 67,0
89456,2007-02-20 04:58:32,121.408300,31.247800,  0, 67,0
89456,2007-02-20 04:59:32,121.409000,31.248300,  0, 22,0
89456,2007-02-20 05:00:34,121.409000,31.248300,  0, 22,0
89456,2007-02-20 05:01:35,121.413300,31.249000, 30, 45,0
89456,2007-02-20 05:02:36,121.418000,31.251000, 22, 45,0
89456,2007-02-20 05:03:20,121.421300,31.252500, 38, 22,0
89456,2007-02-20 05:04:20,121.425500,31.254800, 40, 22,0
89456,2007-02-20 05:05:21,121.428100,31.252100,  0, 67,0
89456,2007-02-20 05:07:23,121.438600,31.258300, 64, 22,0
89456,2007-02-20 05:12:45,121.457300,31.246600, 40, 67,0
89456,2007-02-20 05:13:46,121.459000,31.252300, 40,  0,0
89456,2007-02-20 05:14:47,121.459300,31.254300, 34,  0,0
89456,2007-02-20 05:15:48,121.459000,31.259100, 24,  0,0
89456,2007-02-20 05:16:49,121.462600,31.259600,  4, 45,0
89456,2007-02-20 05:17:50,121.467800,31.262100, 32, 22,0
89456,2007-02-20 05:18:51,121.470500,31.262100,  8,157,0
89456,2007-02-20 05:19:52,121.470500,31.261600,  0, 67,0
89456,2007-02-20 05:20:53,121.470500,31.261600,  0, 67,0
89456,2007-02-20 05:21:54,121.470500,31.261600,  0, 67,0
89456,2007-02-20 05:22:55,121.470500,31.261600,  0, 67,0
89456,2007-02-20 05:23:56,121.470500,31.261600,  0, 67,0
89456,2007-02-20 05:24:57,121.470500,31.261600,  0, 67,0
89456,2007-02-20 05:25:58,121.470500,31.261600,  0, 67,0
89456,2007-02-20 05:26:59,121.470500,31.261600,  0, 67,0
89456,2007-02-20 05:28:00,121.470500,31.261600,  0, 67,0
89456,2007-02-20 05:29:01,121.470500,31.261600,  0, 67,0
89456,2007-02-20 05:30:02,121.470500,31.261600,  0, 67,0
89456,2007-02-20 05:31:03,121.470500,31.261600,  0, 67,0
89456,2007-02-20 05:32:04,121.470500,31.261600,  0, 67,0
89456,2007-02-20 05:33:05,121.470500,31.261600,  0, 67,0
89456,2007-02-20 05:34:06,121.470500,31.261600,  0, 67,0
89456,2007-02-20 05:35:07,121.470500,31.261600,  0, 67,0
89456,2007-02-20 05:36:08,121.470500,31.261600,  0, 67,0
89456,2007-02-20 05:37:09,121.470500,31.261600,  0, 67,0
89456,2007-02-20 05:38:10,121.470500,31.261600,  0, 67,0
89456,2007-02-20 05:39:11,121.470500,31.261600,  0, 67,0
89456,2007-02-20 05:40:12,121.463000,31.259800, 18,135,0
89456,2007-02-20 05:41:13,121.462100,31.262800, 30,  0,0
89456,2007-02-20 05:42:14,121.461600,31.264300,  0,157,0
89456,2007-02-20 05:43:15,121.457300,31.263100, 46,135,0
89456,2007-02-20 05:44:16,121.453300,31.268500, 52,157,0
89456,2007-02-20 05:45:17,121.453600,31.270100,  0, 22,0
89456,2007-02-20 05:45:29,121.453600,31.270100, 14, 45,1
89456,2007-02-20 05:46:30,121.458600,31.272800,  0, 22,1
89456,2007-02-20 05:47:31,121.460600,31.275500, 32,157,1
89456,2007-02-20 05:48:32,121.460500,31.280600, 58,  0,1
89456,2007-02-20 05:49:33,121.460600,31.284300, 46,  0,1
89456,2007-02-20 05:51:13,121.462300,31.293300, 44,  0,1
89456,2007-02-20 05:52:14,121.466500,31.294500, 44,  0,1
89456,2007-02-20 05:52:44,121.466500,31.297000,  2,  0,0
89456,2007-02-20 05:53:44,121.466500,31.298600, 42,  0,0
89456,2007-02-20 05:54:45,121.466500,31.304100, 46,  0,0
89456,2007-02-20 05:56:47,121.466600,31.309000,  0,157,0
89456,2007-02-20 05:57:48,121.464000,31.308300, 52,135,0
89456,2007-02-20 05:58:49,121.455100,31.307600, 50,135,0
89456,2007-02-20 05:59:50,121.450600,31.309800, 28,  0,0
89456,2007-02-20 06:00:51,121.450600,31.315800, 52,  0,0
89456,2007-02-20 06:01:52,121.451100,31.320100, 48,  0,0
89456,2007-02-20 06:02:53,121.451000,31.324300,  0,  0,0
89456,2007-02-20 06:03:54,121.450800,31.328500,  0,  0,0
89456,2007-02-20 06:04:55,121.450600,31.332800, 30,  0,0
89456,2007-02-20 06:05:56,121.448100,31.337300, 14,157,0
89456,2007-02-20 06:06:57,121.448000,31.337600,  0,157,0
89456,2007-02-20 06:07:58,121.445600,31.337100,  0,157,0
89456,2007-02-20 06:08:59,121.445600,31.337100,  0,157,0
89456,2007-02-20 06:11:01,121.445600,31.337100,  0,157,0
89456,2007-02-20 06:12:02,121.445600,31.337100,  0,157,0
89456,2007-02-20 06:13:03,121.445600,31.337100,  0,157,0
89456,2007-02-20 06:14:04,121.445600,31.337100,  0,157,0
89456,2007-02-20 06:15:05,121.445600,31.337100,  0,157,0
89456,2007-02-20 06:17:07,121.445600,31.337100,  0,157,0
89456,2007-02-20 06:18:08,121.445600,31.337100,  0,157,0
89456,2007-02-20 06:19:09,121.445600,31.337100,  0,157,0
89456,2007-02-20 06:20:10,121.445600,31.337100,  0,157,0
89456,2007-02-20 06:21:11,121.445600,31.337100,  0,157,0
89456,2007-02-20 06:22:12,121.445600,31.337100,  0,157,0
89456,2007-02-20 06:23:13,121.445600,31.337100,  0,157,0
89456,2007-02-20 06:24:14,121.445600,31.337100,  0,157,0
89456,2007-02-20 06:25:15,121.445600,31.337100,  0,157,0
89456,2007-02-20 06:26:16,121.445600,31.337100,  0,157,0
89456,2007-02-20 06:27:17,121.445600,31.337100,  0,157,0
89456,2007-02-20 06:28:18,121.445600,31.337100,  0,157,0
89456,2007-02-20 06:29:19,121.445600,31.337100,  0,157,0
89456,2007-02-20 06:30:20,121.445600,31.337100,  0,157,0
89456,2007-02-20 06:31:21,121.445600,31.337100,  0,157,0
89456,2007-02-20 06:33:23,121.445600,31.337100,  0,157,0
89456,2007-02-20 06:34:24,121.445600,31.337100,  0,157,0
89456,2007-02-20 06:35:25,121.445600,31.337100,  0,157,0
89456,2007-02-20 06:36:26,121.445600,31.337100,  0,157,0
89456,2007-02-20 06:37:27,121.445600,31.337100,  0,157,0
89456,2007-02-20 06:38:28,121.445600,31.337100,  0,157,0
89456,2007-02-20 06:39:29,121.445600,31.337100,  0,157,0
89456,2007-02-20 06:40:30,121.445600,31.337100,  0,157,0
89456,2007-02-20 06:41:31,121.445600,31.337100,  0,157,0
89456,2007-02-20 06:42:32,121.445600,31.337100,  0,157,0
89456,2007-02-20 06:43:33,121.445600,31.337100,  0,157,0
89456,2007-02-20 06:44:34,121.445600,31.337100,  0,  0,0
89456,2007-02-20 06:45:35,121.445600,31.337100,  0,  0,0
89456,2007-02-20 06:46:36,121.445600,31.337100,  0,  0,0
89456,2007-02-20 06:47:37,121.445600,31.337100,  0,  0,0
89456,2007-02-20 06:48:38,121.445600,31.337100,  0,  0,0
89456,2007-02-20 06:49:39,121.445600,31.337100,  0,  0,0
89456,2007-02-20 06:50:40,121.445600,31.337100,  0,  0,0
89456,2007-02-20 06:51:41,121.445600,31.337100,  0,  0,0
89456,2007-02-20 06:52:42,121.445600,31.337100,  0,  0,0
89456,2007-02-20 06:53:43,121.445600,31.337100,  0,  0,0
89456,2007-02-20 06:54:44,121.445600,31.337100,  0,  0,0
89456,2007-02-20 06:55:45,121.445600,31.337100,  0,  0,0
89456,2007-02-20 06:56:46,121.445600,31.337100,  0,  0,0
89456,2007-02-20 06:57:47,121.445600,31.337100,  0,  0,0
89456,2007-02-20 06:58:48,121.445600,31.337100,  0,  0,0
89456,2007-02-20 06:59:49,121.445600,31.337100,  0,  0,0
89456,2007-02-20 07:00:50,121.445600,31.337100,  0,  0,0
89456,2007-02-20 07:01:51,121.445600,31.337100,  0,  0,0
89456,2007-02-20 07:02:52,121.445600,31.337100,  0,  0,0
89456,2007-02-20 07:03:54,121.445600,31.337100,  0,  0,0
89456,2007-02-20 07:04:55,121.445600,31.337100,  0,  0,0
89456,2007-02-20 07:05:56,121.445600,31.337100,  0,  0,0
89456,2007-02-20 07:06:57,121.445600,31.337100,  0,  0,0
89456,2007-02-20 07:07:57,121.445600,31.337100,  0,  0,0
89456,2007-02-20 07:08:59,121.445600,31.337100,  0,  0,0
89456,2007-02-20 07:10:00,121.445600,31.337100,  0,  0,0
89456,2007-02-20 07:11:01,121.445600,31.337100,  0,  0,0
89456,2007-02-20 07:12:02,121.445600,31.337100,  0,  0,0
89456,2007-02-20 07:13:02,121.445600,31.337100,  0,  0,0
89456,2007-02-20 07:14:04,121.445600,31.337100,  0,  0,0
89456,2007-02-20 07:15:05,121.445600,31.337100,  0,  0,0
89456,2007-02-20 07:16:06,121.445600,31.337100,  0,  0,0
89456,2007-02-20 07:18:07,121.445600,31.337100,  0,  0,0
89456,2007-02-20 07:19:09,121.445600,31.337100,  0,  0,0
89456,2007-02-20 07:20:10,121.445600,31.337100,  0,  0,0
89456,2007-02-20 07:21:11,121.445600,31.337100,  0,  0,0
89456,2007-02-20 07:22:12,121.445600,31.337100,  0,  0,0
89456,2007-02-20 07:23:12,121.445600,31.337100,  0,  0,0
89456,2007-02-20 07:24:14,121.445600,31.337100,  0,  0,0
89456,2007-02-20 07:25:15,121.445600,31.337100,  0,  0,0
89456,2007-02-20 07:26:16,121.445600,31.337100,  0,  0,0
89456,2007-02-20 07:27:17,121.445600,31.337100,  0,  0,0
89456,2007-02-20 07:28:17,121.445600,31.337100,  0,  0,0
89456,2007-02-20 07:29:19,121.445600,31.337100,  0,  0,0
89456,2007-02-20 07:30:20,121.445600,31.337100,  0,  0,0
89456,2007-02-20 07:31:21,121.445600,31.337100,  0,  0,0
89456,2007-02-20 07:32:22,121.445600,31.337100,  0,  0,0
89456,2007-02-20 07:33:22,121.445600,31.337100,  0,  0,0
89456,2007-02-20 07:34:24,121.445600,31.337100,  0,  0,0
89456,2007-02-20 07:35:25,121.445600,31.337100,  0,  0,0
89456,2007-02-20 07:36:26,121.445600,31.337100,  0,  0,0
89456,2007-02-20 07:37:27,121.445600,31.337100,  0,  0,0
89456,2007-02-20 07:38:27,121.445600,31.337100,  0,  0,0
89456,2007-02-20 07:39:29,121.445600,31.337100,  0,  0,0
89456,2007-02-20 07:40:30,121.445600,31.337100,  0,  0,0
89456,2007-02-20 07:41:31,121.445600,31.337100,  0,  0,0
89456,2007-02-20 07:42:32,121.445600,31.337100,  0,  0,0
89456,2007-02-20 07:43:32,121.445600,31.337100,  0,  0,0
89456,2007-02-20 07:44:34,121.445600,31.337100,  0,  0,0
89456,2007-02-20 07:45:35,121.445600,31.337100,  8,112,0
89456,2007-02-20 07:45:47,121.445600,31.336800, 14, 90,1
89456,2007-02-20 07:46:47,121.437800,31.333300, 40,112,1
89456,2007-02-20 07:47:49,121.437100,31.333000,  0,112,1
89456,2007-02-20 07:48:50,121.438600,31.329000, 10, 45,1
89456,2007-02-20 07:49:51,121.441300,31.322500, 86, 67,1
89456,2007-02-20 07:50:52,121.444000,31.309600, 90, 90,1
89456,2007-02-20 07:51:52,121.444600,31.297800, 94, 90,1
89456,2007-02-20 07:52:54,121.447000,31.285300, 72, 90,1
89456,2007-02-20 07:53:54,121.447100,31.281300,  0, 90,1
89456,2007-02-20 07:56:04,121.452300,31.281100, 14, 45,1
89456,2007-02-20 07:57:05,121.458100,31.281600, 32, 45,1
89456,2007-02-20 07:58:06,121.460500,31.281100, 40, 90,1
89456,2007-02-20 07:59:06,121.463800,31.276300, 52, 67,1
89456,2007-02-20 08:00:08,121.468500,31.275300, 28, 45,1
89456,2007-02-20 08:01:09,121.471600,31.272600, 12, 67,1
89456,2007-02-20 08:04:08,121.473600,31.268100, 22,112,1
89456,2007-02-20 08:05:09,121.471500,31.268500,  0, 67,1
89456,2007-02-20 08:05:26,121.471500,31.268500,  0, 67,0
89456,2007-02-20 08:06:27,121.471500,31.268500,  0, 67,0
89456,2007-02-20 08:07:28,121.469800,31.270000, 18,135,0
89456,2007-02-20 08:08:29,121.473500,31.276500, 50,  0,0
89456,2007-02-20 08:10:31,121.474500,31.282300,  0,  0,0
89456,2007-02-20 08:11:32,121.474500,31.282300,  0,  0,0
89456,2007-02-20 08:12:33,121.474500,31.282300,  0,  0,0
89456,2007-02-20 08:13:34,121.484500,31.297300, 80,  0,0
89456,2007-02-20 08:14:35,121.480800,31.309300, 96,  0,0
89456,2007-02-20 08:15:36,121.480800,31.321300, 80,  0,0
89456,2007-02-20 08:16:37,121.486000,31.331800, 84, 22,0
89456,2007-02-20 08:17:38,121.493500,31.342100, 96, 22,0
89456,2007-02-20 08:18:39,121.497300,31.353800, 90,157,0
89456,2007-02-20 08:19:40,121.492100,31.365600, 84,  0,0
89456,2007-02-20 08:20:41,121.487500,31.376600, 76,  0,0
89456,2007-02-20 08:21:42,121.484100,31.384500, 42, 22,0
89456,2007-02-20 08:22:43,121.487100,31.384300,  4, 67,0
89456,2007-02-20 08:23:44,121.487100,31.384300,  0, 67,0
89456,2007-02-20 08:24:45,121.487100,31.384300,  0,157,0
89456,2007-02-20 08:25:46,121.487100,31.384300,  0,157,0
89456,2007-02-20 08:26:47,121.487100,31.384300,  0,157,0
89456,2007-02-20 08:27:48,121.487100,31.384300,  0,157,0
89456,2007-02-20 08:30:51,121.487100,31.384300,  0,157,0
89456,2007-02-20 08:32:53,121.487100,31.384300,  0,157,0
89456,2007-02-20 08:34:55,121.487100,31.384300,  0,157,0
89456,2007-02-20 08:35:56,121.487100,31.384300,  0,157,0
89456,2007-02-20 08:36:57,121.487100,31.384300,  0,157,0
89456,2007-02-20 08:37:58,121.487100,31.384300,  0,157,0
89456,2007-02-20 08:38:59,121.487100,31.384300,  0,157,0
89456,2007-02-20 08:40:00,121.487100,31.384300,  0,157,0
89456,2007-02-20 08:41:01,121.487100,31.384300,  0,157,0
89456,2007-02-20 08:42:02,121.486000,31.385300,  0,112,0
89456,2007-02-20 08:43:03,121.484100,31.384500,  4,112,0
89456,2007-02-20 08:44:04,121.484100,31.384500,  0,112,0
89456,2007-02-20 08:45:05,121.486100,31.379800, 78, 67,0
89456,2007-02-20 08:46:06,121.491100,31.368000, 96, 90,0
89456,2007-02-20 08:47:07,121.496000,31.356300, 88, 90,0
89456,2007-02-20 08:48:08,121.494600,31.344100, 92,112,0
89456,2007-02-20 08:49:09,121.486600,31.333000, 88,112,0
89456,2007-02-20 08:50:10,121.480600,31.322300, 86, 90,0
89456,2007-02-20 08:51:11,121.480800,31.310300, 84, 90,0
89456,2007-02-20 08:52:12,121.483600,31.298800, 76, 90,0
89456,2007-02-20 08:53:13,121.480000,31.289800, 86,112,0
89456,2007-02-20 08:54:14,121.477100,31.280500, 72,112,0
89456,2007-02-20 08:55:15,121.471100,31.272100, 54,112,0
89456,2007-02-20 08:56:16,121.464300,31.265800, 68,112,0
89456,2007-02-20 08:57:17,121.455800,31.262100, 44, 90,0
89456,2007-02-20 08:58:18,121.459000,31.253000, 86, 90,0
89456,2007-02-20 08:59:19,121.458600,31.242100, 76, 90,0
89456,2007-02-20 09:00:20,121.462300,31.231800, 72, 90,0
89456,2007-02-20 09:01:21,121.467100,31.223000, 78, 90,0
89456,2007-02-20 09:02:22,121.467500,31.212500, 82, 67,0
89456,2007-02-20 09:03:23,121.471600,31.201800, 60, 90,0
89456,2007-02-20 09:05:25,121.487800,31.205100, 72, 22,0
89456,2007-02-20 09:06:26,121.496800,31.209100, 54, 45,0
89456,2007-02-20 09:07:27,121.499100,31.208000, 76, 67,0
89456,2007-02-20 09:08:28,121.509500,31.204100, 62, 45,0
89456,2007-02-20 09:09:29,121.509000,31.205300, 60, 90,0
89456,2007-02-20 09:10:30,121.506500,31.200100,  0,112,0
89456,2007-02-20 09:13:29,121.505600,31.192800, 24,135,0
89456,2007-02-20 09:14:29,121.505500,31.192300,  0,112,0
89456,2007-02-20 09:16:31,121.506800,31.193600, 24,157,0
89456,2007-02-20 09:17:32,121.504600,31.193000, 58, 90,0
89456,2007-02-20 09:18:33,121.503300,31.191100, 22,135,0
89456,2007-02-20 09:19:34,121.498500,31.187600, 48,112,0
89456,2007-02-20 09:20:35,121.495500,31.183800, 38,112,0
89456,2007-02-20 09:21:36,121.493600,31.181800,  0,112,0
89456,2007-02-20 09:22:37,121.488300,31.180100, 28,135,0
89456,2007-02-20 09:23:38,121.482600,31.177600, 28,157,0
89456,2007-02-20 09:24:39,121.480600,31.180600,  0,157,0
89456,2007-02-20 09:25:40,121.480600,31.180600,  0,157,0
89456,2007-02-20 09:26:41,121.480600,31.180600,  0,157,0
89456,2007-02-20 09:27:42,121.480600,31.180600,  0,157,0
89456,2007-02-20 09:28:43,121.467000,31.196800,  0,157,0
89456,2007-02-20 09:29:44,121.465100,31.197800, 52,  0,0
89456,2007-02-20 09:30:45,121.464300,31.199800, 36,157,0
89456,2007-02-20 09:31:46,121.462500,31.206000,  0,  0,0
89456,2007-02-20 09:32:47,121.462300,31.208600, 18,157,0
89456,2007-02-20 09:33:48,121.461600,31.211600,  0,157,0
89456,2007-02-20 09:34:01,121.461500,31.212100, 12,  0,1
89456,2007-02-20 09:35:01,121.460600,31.213500, 30,112,1
89456,2007-02-20 09:36:02,121.457100,31.212000,  0,135,1
89456,2007-02-20 09:37:03,121.457300,31.209500, 54, 90,1
89456,2007-02-20 09:38:04,121.457300,31.208500,  0, 90,1
89456,2007-02-20 09:39:05,121.456100,31.204600, 18,112,1
89456,2007-02-20 09:40:06,121.451300,31.202600, 34, 67,1
89456,2007-02-20 09:41:07,121.453600,31.199100,  0, 67,1
89456,2007-02-20 09:42:08,121.455000,31.197000, 44, 67,1
89456,2007-02-20 09:44:10,121.452000,31.189000, 24,135,1
89456,2007-02-20 09:45:11,121.450000,31.185500, 34, 90,1
89456,2007-02-20 09:46:12,121.448600,31.184300,  0,112,1
89456,2007-02-20 09:47:13,121.447600,31.182800,  6, 90,1
89456,2007-02-20 09:48:14,121.448000,31.177000, 44, 90,1
89456,2007-02-20 09:48:30,121.447800,31.176100,  0, 90,0
89456,2007-02-20 09:49:30,121.447600,31.175300, 40, 90,0
89456,2007-02-20 09:50:31,121.446000,31.174600, 30,157,0
89456,2007-02-20 09:51:32,121.442600,31.176800, 28,157,0
89456,2007-02-20 09:52:33,121.440300,31.180600, 26,  0,0
89456,2007-02-20 09:53:11,121.440100,31.181000, 10,112,1
89456,2007-02-20 09:54:12,121.444000,31.175000, 36, 90,1
89456,2007-02-20 09:56:14,121.440300,31.172500, 24,135,1
89456,2007-02-20 09:57:15,121.442100,31.164600, 66, 67,1
89456,2007-02-20 09:58:16,121.445300,31.157800, 26, 90,1
89456,2007-02-20 09:59:17,121.445800,31.149100, 68, 90,1
89456,2007-02-20 10:00:18,121.443000,31.145500, 24,135,1
89456,2007-02-20 10:01:19,121.438100,31.144500,  4, 67,1
89456,2007-02-20 10:02:20,121.438000,31.143100,  0,135,1
89456,2007-02-20 10:03:21,121.435800,31.143500,  0,  0,1
89456,2007-02-20 10:04:25,121.435800,31.143500,  0,  0,0
89456,2007-02-20 10:05:26,121.435800,31.144000,  0, 90,0
89456,2007-02-20 10:06:27,121.437800,31.143100, 24, 45,0
89456,2007-02-20 10:08:09,121.439300,31.144800, 36, 45,0
89456,2007-02-20 10:09:09,121.442100,31.145300, 30, 45,0
89456,2007-02-20 10:11:11,121.446000,31.148000, 42,  0,0
89456,2007-02-20 10:12:12,121.445600,31.153500,  0,  0,0
89456,2007-02-20 10:12:44,121.445600,31.153600, 30,  0,1
89456,2007-02-20 10:13:44,121.442100,31.154300, 30,135,1
89456,2007-02-20 10:14:45,121.439600,31.157500, 14,135,1
89456,2007-02-20 10:15:19,121.439300,31.156600,  0, 90,0
89456,2007-02-20 10:16:20,121.439300,31.156500,  0,  0,0
89456,2007-02-20 10:17:21,121.439100,31.157000, 20,  0,0
89456,2007-02-20 10:18:21,121.439800,31.157600,  0,  0,0
89456,2007-02-20 10:19:23,121.439800,31.157600,  0,  0,0
89456,2007-02-20 10:19:50,121.439600,31.157800, 22,157,1
89456,2007-02-20 10:20:51,121.435100,31.157800,  0,112,1
89456,2007-02-20 10:21:51,121.434100,31.157500, 38,112,1
89456,2007-02-20 10:23:54,121.423000,31.160500,  0,157,1
89456,2007-02-20 10:24:55,121.420300,31.161800, 50,112,1
89456,2007-02-20 10:25:56,121.412000,31.159300, 54,135,1
89456,2007-02-20 10:26:56,121.408300,31.162500, 52,  0,1
89456,2007-02-20 10:27:58,121.407300,31.165800,  0,  0,1
89456,2007-02-20 10:28:59,121.402600,31.165300,  0,135,1
89456,2007-02-20 10:30:00,121.397500,31.164000, 44,112,1
89456,2007-02-20 10:31:01,121.394600,31.162600,  0,112,1
89456,2007-02-20 10:32:01,121.390500,31.161600,  0,135,1
89456,2007-02-20 10:34:04,121.378800,31.159000, 34,135,1
89456,2007-02-20 10:35:05,121.377800,31.159000, 16,135,1
89456,2007-02-20 10:37:00,121.378300,31.162600, 10, 67,0
89456,2007-02-20 10:38:01,121.379000,31.162100,  0, 67,0
89456,2007-02-20 10:39:01,121.379000,31.162100,  0, 67,0
89456,2007-02-20 10:40:03,121.377300,31.163300,  0,112,0
89456,2007-02-20 10:41:04,121.377300,31.159800,  0, 90,0
89456,2007-02-20 10:42:05,121.377300,31.160000,  0, 90,0
89456,2007-02-20 10:43:06,121.377300,31.160000,  0, 90,0
89456,2007-02-20 10:44:06,121.377300,31.159300, 12, 90,0
89456,2007-02-20 10:45:08,121.384500,31.159500, 24, 45,0
89456,2007-02-20 10:45:21,121.384800,31.159500, 24, 22,1
89456,2007-02-20 10:46:23,121.393100,31.162300, 10, 45,1
89456,2007-02-20 10:47:24,121.394600,31.162600, 48, 45,1
89456,2007-02-20 10:50:26,121.401600,31.168000,  6,135,1
89456,2007-02-20 10:50:30,121.401600,31.168000,  0,135,0
89456,2007-02-20 10:51:31,121.399100,31.169100, 34,  0,0
89456,2007-02-20 10:52:31,121.402600,31.170300, 50, 45,0
89456,2007-02-20 10:53:33,121.397600,31.169300, 62,135,0
89456,2007-02-20 10:55:35,121.393300,31.172600,  0,  0,0
89456,2007-02-20 10:56:36,121.393300,31.172600,  0,  0,0
89456,2007-02-20 10:57:36,121.391100,31.180300, 48,  0,0
89456,2007-02-20 10:58:38,121.390600,31.182300,  0,  0,0
89456,2007-02-20 10:59:39,121.389600,31.184800, 64,  0,0
89456,2007-02-20 11:00:40,121.385500,31.193500, 70,157,0
89456,2007-02-20 11:01:41,121.383000,31.197500,  0,157,0
89456,2007-02-20 11:02:41,121.373600,31.211300, 72,157,0
89456,2007-02-20 11:03:43,121.371800,31.222300, 78,  0,0
89456,2007-02-20 11:04:44,121.374500,31.232500, 70,  0,0
89456,2007-02-20 11:05:45,121.380500,31.242500, 78, 22,0
89456,2007-02-20 11:06:46,121.386500,31.252800, 80,  0,0
89456,2007-02-20 11:07:46,121.388000,31.263800, 74,  0,0
89456,2007-02-20 11:08:48,121.391300,31.275300, 84, 22,0
89456,2007-02-20 11:11:51,121.427000,31.291000, 86, 45,0
89456,2007-02-20 11:12:51,121.440500,31.293500, 58, 45,0
89456,2007-02-20 11:13:53,121.445500,31.296600, 66,157,0
89456,2007-02-20 11:14:54,121.444000,31.306600, 64,  0,0
89456,2007-02-20 11:15:55,121.443500,31.318500, 82,  0,0
89456,2007-02-20 11:16:56,121.439600,31.327500, 20,157,0
89456,2007-02-20 11:17:56,121.439100,31.328500,  0,157,0
89456,2007-02-20 11:18:58,121.437100,31.332800, 26,  0,0
89456,2007-02-20 11:19:39,121.437800,31.333300, 22, 45,1
89456,2007-02-20 11:20:40,121.441800,31.335300,  0, 22,1
89456,2007-02-20 11:21:41,121.447600,31.337600, 16, 22,1
89456,2007-02-20 11:22:41,121.453100,31.338800, 20, 67,1
89456,2007-02-20 11:23:43,121.454500,31.336100, 12, 90,1
89456,2007-02-20 11:24:44,121.455600,31.334600, 12, 45,1
89456,2007-02-20 11:25:28,121.457600,31.335100,  0, 45,0
89456,2007-02-20 11:26:29,121.458000,31.335100,  6,112,0
89456,2007-02-20 11:27:30,121.455300,31.334500,  0,112,0
89456,2007-02-20 11:27:58,121.455100,31.334300, 12, 90,1
89456,2007-02-20 11:30:00,121.455000,31.325000, 36, 90,1
89456,2007-02-20 11:31:01,121.452100,31.321300, 30,135,1
89456,2007-02-20 11:33:03,121.447600,31.318600, 14, 90,1
89456,2007-02-20 11:34:04,121.444800,31.317000, 16,135,1
89456,2007-02-20 11:36:06,121.442500,31.312500, 36,135,1
89456,2007-02-20 11:36:24,121.441600,31.312500,  0,135,0
89456,2007-02-20 11:37:25,121.440800,31.312500, 18,135,0
89456,2007-02-20 11:38:26,121.440300,31.316100, 46, 22,0
89456,2007-02-20 11:39:26,121.443100,31.316600,  0, 45,0
89456,2007-02-20 11:40:28,121.443000,31.317600,  0, 90,0
89456,2007-02-20 11:41:29,121.441300,31.322800, 96,157,0
89456,2007-02-20 11:42:26,121.442500,31.323800,  0, 22,1
89456,2007-02-20 11:43:26,121.445300,31.327500, 50, 45,1
89456,2007-02-20 11:44:28,121.450500,31.328600,  8, 45,1
89456,2007-02-20 11:45:29,121.450600,31.331300, 58,  0,1
89456,2007-02-20 11:46:30,121.455100,31.333300,  0, 45,1
89456,2007-02-20 11:47:10,121.455300,31.333800,  0,  0,0
89456,2007-02-20 11:48:11,121.454300,31.336500, 26,  0,0
89456,2007-02-20 11:49:11,121.452600,31.339800,  6,157,0
89456,2007-02-20 11:50:13,121.448100,31.338000,  0,112,0
89456,2007-02-20 11:51:14,121.445500,31.337300, 10, 22,0
89456,2007-02-20 11:52:15,121.445600,31.337500,  0,112,0
89456,2007-02-20 11:53:16,121.445600,31.337500,  0,112,0
89456,2007-02-20 11:54:16,121.445600,31.337500,  0,112,0
89456,2007-02-20 11:55:18,121.445600,31.337500,  0,112,0
89456,2007-02-20 11:56:19,121.445600,31.337500,  0,112,0
89456,2007-02-20 11:57:20,121.445600,31.337500,  0,112,0
89456,2007-02-20 11:58:21,121.445600,31.337500,  0,112,0
89456,2007-02-20 11:59:21,121.445600,31.337500,  0,112,0
89456,2007-02-20 12:00:23,121.445600,31.337500,  0,112,0
89456,2007-02-20 12:01:24,121.445600,31.337500,  0,112,0
89456,2007-02-20 12:02:25,121.445600,31.337500,  0,112,0
89456,2007-02-20 12:03:26,121.445600,31.337500,  0,112,0
89456,2007-02-20 12:04:26,121.445600,31.337500,  0,112,0
89456,2007-02-20 12:05:28,121.445600,31.337500,  0,112,0
89456,2007-02-20 12:06:29,121.445600,31.337500,  0,112,0
89456,2007-02-20 12:07:30,121.445600,31.337500,  0,112,0
89456,2007-02-20 12:08:31,121.445600,31.337500,  0,112,0
89456,2007-02-20 12:09:31,121.445600,31.337500,  0,112,0
89456,2007-02-20 12:10:33,121.445600,31.337500,  0,112,0
89456,2007-02-20 12:11:34,121.445600,31.337500,  0,112,0
89456,2007-02-20 12:12:35,121.445600,31.337500,  0,112,0
89456,2007-02-20 12:13:36,121.445600,31.337500,  0,112,0
89456,2007-02-20 12:14:36,121.445600,31.337500,  0,112,0
89456,2007-02-20 12:15:38,121.445600,31.337500,  0,112,0
89456,2007-02-20 12:16:39,121.445600,31.337500,  0,112,0
89456,2007-02-20 12:17:40,121.445600,31.337500,  0,112,0
89456,2007-02-20 12:18:41,121.445600,31.337500,  0,112,0
89456,2007-02-20 12:19:41,121.445600,31.337500,  0,112,0
89456,2007-02-20 12:20:43,121.445500,31.337600,  0,112,0
89456,2007-02-20 12:21:44,121.445500,31.337800,  0,112,0
89456,2007-02-20 12:22:45,121.445500,31.337800,  0,112,0
89456,2007-02-20 12:23:46,121.445500,31.337800,  0,112,0
89456,2007-02-20 12:24:46,121.445500,31.337800,  0,112,0
89456,2007-02-20 12:25:48,121.445500,31.337800,  0,112,0
89456,2007-02-20 12:26:49,121.445500,31.337800,  0,112,0
89456,2007-02-20 12:28:50,121.445500,31.337800,  0,112,0
89456,2007-02-20 12:29:50,121.445500,31.337800,  0,112,0
89456,2007-02-20 12:30:52,121.445500,31.337800,  0,112,0
89456,2007-02-20 12:31:53,121.445500,31.337800,  0,112,0
89456,2007-02-20 12:32:54,121.445500,31.337800,  0,112,0
89456,2007-02-20 12:33:55,121.445500,31.337800,  0,112,0
89456,2007-02-20 12:34:56,121.445500,31.337800,  0,112,0
89456,2007-02-20 12:35:57,121.445500,31.337800,  0,112,0
89456,2007-02-20 12:36:58,121.445500,31.337800,  0,112,0
89456,2007-02-20 12:37:59,121.445500,31.337800,  0,112,0
89456,2007-02-20 12:39:00,121.445500,31.337800,  0,112,0
89456,2007-02-20 12:40:01,121.445500,31.337800,  0,112,0
89456,2007-02-20 12:41:02,121.445800,31.337600,  0,112,0
89456,2007-02-20 12:42:03,121.445800,31.337600,  0,112,0
89456,2007-02-20 12:43:04,121.445800,31.337300,  0,112,0
89456,2007-02-20 12:44:05,121.445800,31.337300,  0,112,0
89456,2007-02-20 12:45:06,121.445800,31.337300,  0,112,0
89456,2007-02-20 12:46:07,121.445800,31.337300,  0,112,0
89456,2007-02-20 12:47:08,121.445800,31.337300,  0,112,0
89456,2007-02-20 12:48:09,121.445600,31.337600,  0,112,0
89456,2007-02-20 12:49:10,121.445600,31.337600,  0,112,0
89456,2007-02-20 12:50:11,121.445800,31.337600,  0,112,0
89456,2007-02-20 12:51:12,121.446000,31.337600,  0,112,0
89456,2007-02-20 12:52:13,121.446000,31.337600,  0,112,0
89456,2007-02-20 12:53:14,121.446000,31.337600,  0,112,0
89456,2007-02-20 12:54:15,121.446000,31.337600,  0,112,0
89456,2007-02-20 12:55:16,121.445600,31.337600,  0,112,0
89456,2007-02-20 12:56:17,121.445600,31.337600,  0,112,0
89456,2007-02-20 12:57:18,121.445600,31.337600,  0,112,0
89456,2007-02-20 12:58:19,121.445600,31.337600,  0,112,0
89456,2007-02-20 12:59:20,121.445600,31.337600,  0,112,0
89456,2007-02-20 13:01:22,121.445600,31.337600,  0,112,0
89456,2007-02-20 13:02:23,121.445600,31.337600,  0,112,0
89456,2007-02-20 13:03:24,121.445600,31.337600,  0,112,0
89456,2007-02-20 13:04:25,121.445600,31.337600,  0,112,0
89456,2007-02-20 13:05:26,121.445600,31.337600,  0,112,0
89456,2007-02-20 13:06:27,121.445600,31.337600,  0,112,0
89456,2007-02-20 13:07:28,121.445600,31.337600,  0,112,0
89456,2007-02-20 13:08:29,121.445600,31.337600,  0,112,0
89456,2007-02-20 13:09:30,121.445600,31.337600,  0,112,0
89456,2007-02-20 13:10:31,121.445600,31.337600,  0,112,0
89456,2007-02-20 13:11:32,121.445600,31.337600,  0,112,0
89456,2007-02-20 13:12:33,121.445600,31.337600,  0,112,0
89456,2007-02-20 13:13:34,121.445600,31.337600,  0,112,0
89456,2007-02-20 13:14:35,121.445600,31.337600,  0,112,0
89456,2007-02-20 13:15:36,121.445600,31.337600,  0,112,0
89456,2007-02-20 13:16:37,121.445600,31.337600,  0,112,0
89456,2007-02-20 13:17:38,121.445800,31.337600,  0,112,0
89456,2007-02-20 13:18:39,121.445600,31.337600,  0,112,0
89456,2007-02-20 13:19:40,121.445800,31.337600,  0,112,0
89456,2007-02-20 13:20:41,121.445800,31.337600,  0,112,0
89456,2007-02-20 13:21:42,121.445600,31.337600,  0,112,0
89456,2007-02-20 13:22:43,121.445500,31.337600,  0,112,0
89456,2007-02-20 13:23:44,121.445600,31.337600,  0,112,0
89456,2007-02-20 13:24:45,121.445500,31.337600,  0, 90,0
89456,2007-02-20 13:25:46,121.445600,31.337500,  0, 90,0
89456,2007-02-20 13:26:47,121.445600,31.337500,  0, 90,0
89456,2007-02-20 13:27:48,121.445600,31.337500,  0, 90,0
89456,2007-02-20 13:28:49,121.445600,31.337500,  0, 90,0
89456,2007-02-20 13:29:50,121.445600,31.337500,  0, 90,0
89456,2007-02-20 13:30:51,121.445600,31.337500,  0, 90,0
89456,2007-02-20 13:31:52,121.445600,31.337500,  0, 90,0
89456,2007-02-20 13:32:53,121.445600,31.337500,  0, 90,0
89456,2007-02-20 13:33:54,121.445600,31.337500,  0, 90,0
89456,2007-02-20 13:34:55,121.445600,31.337500,  0, 90,0
89456,2007-02-20 13:35:56,121.445600,31.337500,  0, 90,0
89456,2007-02-20 13:36:57,121.445800,31.338000, 10,  0,0
89456,2007-02-20 13:38:59,121.442300,31.335300, 24,112,0
89456,2007-02-20 13:40:00,121.437100,31.333100, 26,135,0
89456,2007-02-20 13:41:01,121.436500,31.338500, 40, 22,0
89456,2007-02-20 13:42:02,121.441100,31.337100, 32, 90,0
89456,2007-02-20 13:42:18,121.441300,31.336800, 24, 67,1
89456,2007-02-20 13:43:18,121.438100,31.333600,  0,112,0
89456,2007-02-20 13:44:19,121.436300,31.334100, 54,157,0
89456,2007-02-20 13:46:05,121.441300,31.340100, 40, 22,0
89456,2007-02-20 13:47:05,121.447600,31.342300, 44, 45,0
89456,2007-02-20 13:48:06,121.450000,31.345000, 34,  0,0
89456,2007-02-20 13:49:07,121.448000,31.347100, 50,112,0
89456,2007-02-20 13:50:08,121.444600,31.343600, 38, 67,0
89456,2007-02-20 13:51:09,121.446800,31.339800, 30, 67,0
89456,2007-02-20 13:52:10,121.444600,31.336300, 54,112,0
89456,2007-02-20 13:53:11,121.441300,31.334800, 30,112,0
89456,2007-02-20 13:55:13,121.435300,31.330800, 16,112,0
89456,2007-02-20 13:57:15,121.436300,31.322800, 12,135,0
89456,2007-02-20 13:58:16,121.431800,31.322800, 14,112,0
89456,2007-02-20 13:59:17,121.432500,31.318800,  0, 90,0
89456,2007-02-20 14:00:09,121.432500,31.318500, 20,  0,1
89456,2007-02-20 14:01:09,121.433800,31.322600, 40, 45,1
89456,2007-02-20 14:02:10,121.439100,31.323100, 38, 45,1
89456,2007-02-20 14:03:07,121.441600,31.321100, 44, 90,0
89456,2007-02-20 14:04:02,121.443300,31.318500, 20, 90,1
89456,2007-02-20 14:05:03,121.443500,31.313000, 40, 90,1
89456,2007-02-20 14:06:04,121.443800,31.312500,  0, 22,1
89456,2007-02-20 14:07:05,121.443800,31.312500,  0, 22,1
89456,2007-02-20 14:07:52,121.446100,31.312500,  0, 45,0
89456,2007-02-20 14:09:53,121.449300,31.312500, 18, 45,0
89456,2007-02-20 14:10:54,121.450300,31.312500, 22, 45,0
89456,2007-02-20 14:11:55,121.450800,31.316500, 44,  0,0
89456,2007-02-20 14:12:56,121.451300,31.318500, 26,  0,0
89456,2007-02-20 14:13:57,121.451100,31.323800, 38,  0,0
89456,2007-02-20 14:14:58,121.450800,31.330300, 38,  0,0
89456,2007-02-20 14:15:59,121.454100,31.333000, 46, 45,0
89456,2007-02-20 14:17:00,121.454600,31.335800, 34,  0,0
89456,2007-02-20 14:19:02,121.450300,31.343500, 30,135,0
89456,2007-02-20 14:20:03,121.445800,31.341800,  0,112,0
89456,2007-02-20 14:21:04,121.441800,31.340300, 36,112,0
89456,2007-02-20 14:25:46,121.440600,31.334600, 40, 22,0
89456,2007-02-20 14:26:47,121.441800,31.335100, 10, 22,0
89456,2007-02-20 14:27:48,121.444600,31.331100, 10, 67,0
89456,2007-02-20 14:29:50,121.441000,31.326000, 52,112,0
89456,2007-02-20 14:30:51,121.439100,31.328300, 24,157,0
89456,2007-02-20 14:32:53,121.439600,31.329100,  0, 22,0
89456,2007-02-20 14:33:04,121.439800,31.329100, 20, 45,1
89456,2007-02-20 14:34:04,121.444000,31.330500, 16, 45,1
89456,2007-02-20 14:35:05,121.442800,31.334100, 34,157,1
89456,2007-02-20 14:36:06,121.442100,31.335600, 22,157,1
89456,2007-02-20 14:37:07,121.440300,31.339500, 46,  0,1
89456,2007-02-20 14:39:09,121.433800,31.344800, 10,157,1
89456,2007-02-20 14:39:38,121.433300,31.345000,  0, 90,0
89456,2007-02-20 14:40:38,121.433800,31.345100, 12, 67,0
89456,2007-02-20 14:41:39,121.434800,31.344000, 30, 90,0
89456,2007-02-20 14:42:40,121.435000,31.344600,  0, 90,0
89456,2007-02-20 14:44:35,121.440600,31.340000, 32, 22,0
89456,2007-02-20 14:45:36,121.446100,31.341800, 44, 22,0
89456,2007-02-20 14:46:37,121.451500,31.342000, 46, 67,0
89456,2007-02-20 14:47:38,121.453300,31.340100, 96, 45,0
89456,2007-02-20 14:48:22,121.451300,31.339300, 24,112,1
89456,2007-02-20 14:50:24,121.442500,31.335500,  0,112,1
89456,2007-02-20 14:51:25,121.437800,31.333300, 36,112,1
89456,2007-02-20 14:52:26,121.437300,31.333100,  0,112,1
89456,2007-02-20 14:53:27,121.437300,31.331300, 60, 90,1
89456,2007-02-20 14:54:28,121.438500,31.329000,  0, 45,1
89456,2007-02-20 14:55:29,121.441100,31.322800, 56, 67,1
89456,2007-02-20 14:56:30,121.444000,31.311100, 96, 90,1
89456,2007-02-20 14:57:31,121.444500,31.299000, 86, 90,1
89456,2007-02-20 14:58:32,121.446800,31.287500, 78, 90,1
89456,2007-02-20 14:59:33,121.447300,31.281500,  0, 90,1
89456,2007-02-20 15:00:34,121.448800,31.275800, 60, 67,1
89456,2007-02-20 15:01:31,121.451800,31.273500,  0, 45,0
89456,2007-02-20 15:03:32,121.451500,31.272100,  0, 90,0
89456,2007-02-20 15:04:33,121.456800,31.275500,  6, 22,0
89456,2007-02-20 15:05:34,121.454800,31.278800, 48,157,0
89456,2007-02-20 15:06:26,121.454300,31.280000, 30, 90,1
89456,2007-02-20 15:08:27,121.458600,31.273000,  8, 67,1
89456,2007-02-20 15:09:28,121.461500,31.271100,  0, 67,1
89456,2007-02-20 15:10:29,121.464000,31.270800, 14, 67,1
89456,2007-02-20 15:11:30,121.466000,31.268500,  0, 67,1
89456,2007-02-20 15:12:31,121.466000,31.268500,  0, 67,1
89456,2007-02-20 15:13:32,121.468000,31.266600, 14, 67,1
89456,2007-02-20 15:14:33,121.470300,31.264500, 26, 67,1
89456,2007-02-20 15:15:34,121.472600,31.263000, 26, 67,1
89456,2007-02-20 15:16:35,121.474500,31.261300, 30, 67,1
89456,2007-02-20 15:17:37,121.478000,31.260000,  0, 45,1
89456,2007-02-20 15:19:39,121.478600,31.261000,  6, 22,1
89456,2007-02-20 15:21:40,121.485800,31.259600, 22, 45,1
89456,2007-02-20 15:22:42,121.489800,31.258600,  0, 67,1
89456,2007-02-20 15:22:50,121.489800,31.258600,  0, 67,0
89456,2007-02-20 15:23:50,121.490100,31.258500, 12, 67,0
89456,2007-02-20 15:24:52,121.492100,31.257100, 12, 67,0
89456,2007-02-20 15:25:53,121.488000,31.255300,  0,112,0
89456,2007-02-20 15:26:54,121.487600,31.255500, 26,135,0
89456,2007-02-20 15:27:55,121.484100,31.254100, 20,112,0
89456,2007-02-20 15:28:55,121.484800,31.248300, 22, 90,0
89456,2007-02-20 15:29:57,121.482100,31.247600, 48,135,0
89456,2007-02-20 15:30:58,121.479000,31.246000, 28,135,0
89456,2007-02-20 15:31:26,121.478600,31.246000, 12, 90,1
89456,2007-02-20 15:32:27,121.478000,31.245800, 10,112,1
89456,2007-02-20 15:33:28,121.479000,31.242600, 18, 67,1
89456,2007-02-20 15:34:29,121.479000,31.242500,  0, 90,1
89456,2007-02-20 15:35:30,121.480300,31.239500,  0, 67,1
89456,2007-02-20 15:36:30,121.480300,31.239500,  0, 67,1
89456,2007-02-20 15:37:32,121.481100,31.236300, 12, 90,1
89456,2007-02-20 15:38:33,121.481300,31.235800,  6, 90,1
89456,2007-02-20 15:39:34,121.481300,31.235300,  0, 90,1
89456,2007-02-20 15:40:35,121.481600,31.234300,  4, 90,1
89456,2007-02-20 15:41:35,121.481600,31.234100,  0, 90,1
89456,2007-02-20 15:42:37,121.481800,31.233600,  0, 90,1
89456,2007-02-20 15:45:40,121.483100,31.233000, 10, 90,1
89456,2007-02-20 15:46:40,121.482500,31.231600,  0, 45,1
89456,2007-02-20 15:47:42,121.482500,31.231500,  0, 90,1
89456,2007-02-20 15:48:43,121.482500,31.231000,  0, 90,1
89456,2007-02-20 15:50:45,121.482500,31.231000,  0, 90,1
89456,2007-02-20 15:51:45,121.483300,31.231000, 14, 45,1
89456,2007-02-20 15:52:47,121.483600,31.231000, 16, 45,1
89456,2007-02-20 15:54:49,121.485800,31.231300, 12, 45,1
89456,2007-02-20 15:55:43,121.486000,31.230500,  0, 90,0
89456,2007-02-20 15:57:44,121.484600,31.229800, 12,135,1
89456,2007-02-20 15:58:45,121.483100,31.229600, 14,  0,1
89456,2007-02-20 15:59:45,121.483000,31.230100,  0,  0,1
89456,2007-02-20 16:00:47,121.481800,31.230500, 26,112,1
89456,2007-02-20 16:01:48,121.479800,31.229300, 26,112,1
89456,2007-02-20 16:02:49,121.476300,31.227800,  0,135,1
89456,2007-02-20 16:03:50,121.475800,31.227500, 12, 90,1
89456,2007-02-20 16:04:50,121.474100,31.226800,  0,112,1
89456,2007-02-20 16:05:52,121.473000,31.226300,  8,112,1
89456,2007-02-20 16:06:53,121.472000,31.223600, 10,135,1
89456,2007-02-20 16:07:35,121.469800,31.223100,  0,112,0
89456,2007-02-20 16:08:35,121.469100,31.223500,  0,  0,0
89456,2007-02-20 16:09:37,121.470100,31.224500, 14,157,0
89456,2007-02-20 16:10:34,121.470000,31.225100, 10, 22,1
89456,2007-02-20 16:12:35,121.474600,31.227100, 16, 22,1
89456,2007-02-20 16:13:37,121.476800,31.223500, 40, 67,1
89456,2007-02-20 16:14:38,121.477100,31.222600,  0, 90,1
89456,2007-02-20 16:15:39,121.478100,31.221100,  0, 67,1
89456,2007-02-20 16:16:40,121.481000,31.221300, 46, 22,1
89456,2007-02-20 16:17:40,121.488800,31.223800, 46, 45,1
89456,2007-02-20 16:18:42,121.496500,31.222500,  0, 45,1
89456,2007-02-20 16:19:43,121.496500,31.222500,  0, 45,1
89456,2007-02-20 16:20:44,121.514100,31.229800, 32, 45,1
89456,2007-02-20 16:21:45,121.517600,31.231000,  0, 45,1
89456,2007-02-20 16:22:45,121.520800,31.232000, 40, 45,1
89456,2007-02-20 16:23:47,121.527600,31.234000, 46, 45,1
89456,2007-02-20 16:24:48,121.529300,31.234500, 34, 45,1
89456,2007-02-20 16:25:49,121.533000,31.235800,  0, 45,1
89456,2007-02-20 16:26:50,121.538100,31.237500,  0, 45,1
89456,2007-02-20 16:27:50,121.539300,31.238000,  6, 45,1
89456,2007-02-20 16:28:52,121.547600,31.240800, 42, 22,1
89456,2007-02-20 16:29:53,121.554000,31.243800,  0, 22,1
89456,2007-02-20 16:30:54,121.556100,31.245100, 48, 22,1
89456,2007-02-20 16:31:55,121.562800,31.249000, 68, 22,1
89456,2007-02-20 16:32:55,121.564600,31.250000,  0, 22,1
89456,2007-02-20 16:33:57,121.567500,31.251600,  0, 22,1
89456,2007-02-20 16:34:58,121.570300,31.253800, 18, 45,1
89456,2007-02-20 16:35:59,121.574300,31.256100, 68, 22,1
89456,2007-02-20 16:37:00,121.580500,31.262100, 28, 22,1
89456,2007-02-20 16:38:00,121.585300,31.262300, 32, 45,1
89456,2007-02-20 16:39:02,121.590600,31.259500, 52, 67,1
89456,2007-02-20 16:39:37,121.593000,31.260000,  0,  0,0
89456,2007-02-20 16:40:38,121.593600,31.260500, 18, 22,0
89456,2007-02-20 16:41:39,121.591500,31.264600, 18,112,0
89456,2007-02-20 16:42:40,121.587800,31.263100,  0,112,0
89456,2007-02-20 16:43:40,121.585500,31.262300, 16,135,0
89456,2007-02-20 16:44:42,121.581600,31.262600,  0,135,0
89456,2007-02-20 16:45:43,121.578800,31.260800, 44,112,0
89456,2007-02-20 16:46:44,121.573800,31.256300, 62,112,0
89456,2007-02-20 16:47:45,121.572300,31.255300, 20,112,0
89456,2007-02-20 16:49:28,121.563000,31.249300, 50,112,0
89456,2007-02-20 16:50:29,121.559600,31.247100, 46,112,0
89456,2007-02-20 16:51:30,121.556300,31.246100,  0,157,0
89456,2007-02-20 16:52:30,121.556300,31.246100,  0,157,0
89456,2007-02-20 16:53:32,121.556300,31.246100,  0,157,0
89456,2007-02-20 16:54:33,121.553500,31.250000, 16,  0,0
89456,2007-02-20 16:55:34,121.551500,31.250300, 58,157,0
89456,2007-02-20 16:56:35,121.548000,31.253600, 46, 22,0
89456,2007-02-20 16:58:37,121.543800,31.255100, 64,157,0
89456,2007-02-20 16:59:51,121.534100,31.263600, 76,157,0
89456,2007-02-20 17:01:53,121.520600,31.281000, 52,157,0
89456,2007-02-20 17:02:53,121.518100,31.286600,  0,157,0
89456,2007-02-20 17:03:54,121.516500,31.290100, 40,  0,0
89456,2007-02-20 17:04:54,121.515300,31.292800,  0,157,0
89456,2007-02-20 17:05:56,121.515100,31.293300, 30,  0,0
89456,2007-02-20 17:06:57,121.513500,31.296300, 28,135,0
89456,2007-02-20 17:08:59,121.504100,31.299500, 24,157,0
89456,2007-02-20 17:09:59,121.501100,31.299000, 28,135,0
89456,2007-02-20 17:11:01,121.498500,31.298100,  0,112,0
89456,2007-02-20 17:12:02,121.493100,31.297000, 36,135,0
89456,2007-02-20 17:13:03,121.486000,31.295300, 22,135,0
89456,2007-02-20 17:14:04,121.483800,31.298500, 38,157,0
89456,2007-02-20 17:15:05,121.483500,31.299300,  0,157,0
89456,2007-02-20 17:16:06,121.483500,31.299300,  0,157,0
89456,2007-02-20 17:17:07,121.483500,31.299300,  0,157,0
89456,2007-02-20 17:18:08,121.479600,31.310000, 36,135,0
89456,2007-02-20 17:20:09,121.460000,31.308100, 58,135,0
89456,2007-02-20 17:21:11,121.455500,31.307600, 26,135,0
89456,2007-02-20 17:22:12,121.448500,31.307300, 22,135,0
89456,2007-02-20 17:24:14,121.444100,31.308300, 30,  0,0
89456,2007-02-20 17:24:32,121.444100,31.308500, 20,  0,1
89456,2007-02-20 17:25:32,121.444100,31.309500, 20,  0,1
89456,2007-02-20 17:26:33,121.445100,31.311300, 50,  0,1
89456,2007-02-20 17:27:34,121.439800,31.312300, 38,135,1
89456,2007-02-20 17:28:35,121.436800,31.312300,  0,135,1
89456,2007-02-20 17:29:31,121.435500,31.311000,  2,135,0
89456,2007-02-20 17:31:33,121.436500,31.311500, 10,  0,0
89456,2007-02-20 17:32:34,121.436300,31.314500, 40,  0,0
89456,2007-02-20 17:33:35,121.442600,31.316500, 32, 45,0
89456,2007-02-20 17:34:36,121.442100,31.321300, 60,157,0
89456,2007-02-20 17:35:37,121.441500,31.327600, 46,157,0
89456,2007-02-20 17:35:38,121.441600,31.328000, 56,157,1
89456,2007-02-20 17:36:38,121.440100,31.327800,  0,157,1
89456,2007-02-20 17:37:39,121.441000,31.329600, 22, 45,1
89456,2007-02-20 17:38:40,121.444300,31.330800, 14, 22,1
89456,2007-02-20 17:39:13,121.446100,31.331100,  0, 90,0
89456,2007-02-20 17:40:13,121.450300,31.332600,  0,112,0
89456,2007-02-20 17:41:14,121.448300,31.337100, 28,157,0
89456,2007-02-20 17:43:16,121.446000,31.337600,  0, 90,0
89456,2007-02-20 17:44:17,121.446000,31.337600,  0,112,0
89456,2007-02-20 17:45:18,121.446000,31.337600,  0,112,0
89456,2007-02-20 17:46:19,121.446000,31.337600,  0, 90,0
89456,2007-02-20 17:47:20,121.446000,31.337500,  2, 90,0
89456,2007-02-20 17:48:21,121.446000,31.337500,  0,135,0
89456,2007-02-20 17:49:22,121.446800,31.336600,  8, 67,0
89456,2007-02-20 17:50:23,121.444600,31.337000,  0,135,0
89456,2007-02-20 17:52:25,121.444800,31.337100,  0,135,0
89456,2007-02-20 17:53:26,121.442300,31.336300, 10, 90,0
89456,2007-02-20 17:54:27,121.444600,31.329000, 10, 90,0
89456,2007-02-20 17:55:28,121.446500,31.326000,  0, 90,0
89456,2007-02-20 17:56:29,121.450100,31.314000,  8, 90,0
89456,2007-02-20 17:57:30,121.451000,31.311500,  0,135,0
89456,2007-02-20 17:58:31,121.450800,31.310800,  0, 90,0
89456,2007-02-20 17:59:32,121.450500,31.313600, 12, 90,0
89456,2007-02-20 18:00:33,121.450300,31.314600,  0, 90,0
89456,2007-02-20 18:01:34,121.450100,31.315800,  0, 90,0
89456,2007-02-20 18:04:37,121.451100,31.311000, 12, 90,0
89456,2007-02-20 18:05:38,121.451500,31.309300, 12, 90,0
89456,2007-02-20 18:07:40,121.452600,31.304600, 14, 90,0
89456,2007-02-20 18:08:41,121.448600,31.331600,  0,  0,0
89456,2007-02-20 18:09:42,121.450300,31.320800, 18, 90,0
89456,2007-02-20 18:10:43,121.451100,31.316000,  0, 90,0
89456,2007-02-20 18:11:44,121.447300,31.336100,  0, 90,0
89456,2007-02-20 18:12:45,121.446600,31.338800,  0, 90,0
89456,2007-02-20 18:15:48,121.446600,31.339000,  0, 90,0
89456,2007-02-20 18:16:49,121.447000,31.337000,  8, 90,0
89456,2007-02-20 18:17:50,121.454600,31.305600,138, 90,0
89456,2007-02-20 18:18:51,121.457500,31.296600, 76, 90,0
89456,2007-02-20 18:19:52,121.459800,31.290100, 60, 90,0
89456,2007-02-20 18:21:54,121.446100,31.337300, 28,  0,0
89456,2007-02-20 18:22:55,121.446000,31.337800,  0,  0,0
89456,2007-02-20 18:24:57,121.446000,31.337800,  0,  0,0
89456,2007-02-20 18:25:58,121.446000,31.337800,  0,  0,0
89456,2007-02-20 18:26:59,121.446000,31.337800,  0,  0,0
89456,2007-02-20 18:28:00,121.446000,31.337800,  0,  0,0
89456,2007-02-20 18:29:01,121.446000,31.337800,  0,  0,0
89456,2007-02-20 18:30:02,121.444000,31.342800, 46,  0,0
89456,2007-02-20 18:31:03,121.445800,31.338500,  0, 90,0
89456,2007-02-20 18:32:04,121.445800,31.338500,  0, 90,0
89456,2007-02-20 18:33:05,121.445800,31.338500,  0, 90,0
89456,2007-02-20 18:34:06,121.445800,31.338100,  0, 90,0
89456,2007-02-20 18:35:07,121.445800,31.338100,  0, 90,0
89456,2007-02-20 18:36:08,121.446300,31.337000, 12, 90,0
89456,2007-02-20 18:37:09,121.446000,31.337600,  0, 90,0
89456,2007-02-20 18:38:10,121.446000,31.337600,  0, 90,0
89456,2007-02-20 18:39:11,121.446000,31.337600,  0, 90,0
89456,2007-02-20 18:40:12,121.446000,31.337500,  0, 90,0
89456,2007-02-20 18:41:13,121.446000,31.337300,  0, 90,0
89456,2007-02-20 18:42:31,121.446000,31.337300,  0, 90,0
89456,2007-02-20 18:43:31,121.446000,31.337300,  0, 90,0
89456,2007-02-20 18:44:32,121.446000,31.337300,  0, 90,0
89456,2007-02-20 18:45:33,121.446000,31.337300,  0, 90,0
89456,2007-02-20 18:46:34,121.446000,31.337300,  0, 90,0
89456,2007-02-20 18:47:35,121.446000,31.337500,  0, 90,0
89456,2007-02-20 18:48:36,121.446000,31.337600,  0, 90,0
89456,2007-02-20 18:49:37,121.446000,31.337800,  0, 90,0
89456,2007-02-20 18:50:38,121.445300,31.339100,  0,157,0
89456,2007-02-20 18:51:39,121.445300,31.339000,  0,157,0
89456,2007-02-20 18:52:40,121.445300,31.339000,  0,157,0
89456,2007-02-20 18:53:41,121.445300,31.339000,  0,157,0
89456,2007-02-20 18:54:42,121.445600,31.337800,  0, 67,0
89456,2007-02-20 18:55:43,121.445800,31.337800,  0, 67,0
89456,2007-02-20 18:56:44,121.445800,31.337800,  0, 67,0
89456,2007-02-20 18:57:46,121.445800,31.337800,  0, 67,0
89456,2007-02-20 18:58:47,121.445800,31.337800,  0, 67,0
89456,2007-02-20 18:59:48,121.445800,31.337800,  0, 67,0
89456,2007-02-20 19:00:49,121.445800,31.337800,  0, 67,0
89456,2007-02-20 19:01:49,121.446100,31.337800,  0, 67,0
89456,2007-02-20 19:02:51,121.446100,31.337800,  0, 67,0
89456,2007-02-20 19:03:52,121.446100,31.337800,  0, 67,0
89456,2007-02-20 19:04:53,121.446000,31.337800,  0, 67,0
89456,2007-02-20 19:05:54,121.446000,31.338000,  0, 67,0
89456,2007-02-20 19:06:54,121.446100,31.337800,  0, 67,0
89456,2007-02-20 19:07:56,121.446100,31.337800,  0, 67,0
89456,2007-02-20 19:08:57,121.446100,31.337600,  0, 67,0
89456,2007-02-20 19:09:58,121.445800,31.337800,  0, 67,0
89456,2007-02-20 19:10:59,121.446000,31.337800,  0, 67,0
89456,2007-02-20 19:11:59,121.446000,31.338000,  0, 67,0
89456,2007-02-20 19:13:01,121.445800,31.337800,  0, 67,0
89456,2007-02-20 19:14:02,121.446100,31.337800,  0, 67,0
89456,2007-02-20 19:15:03,121.446100,31.337600,  0, 67,0
89456,2007-02-20 19:16:04,121.446100,31.337600,  0, 67,0
89456,2007-02-20 19:17:04,121.446100,31.337600,  0, 67,0
89456,2007-02-20 19:18:06,121.446100,31.337600,  0, 67,0
89456,2007-02-20 19:19:07,121.446000,31.337800,  0, 67,0
89456,2007-02-20 19:20:08,121.445600,31.338000,  0, 67,0
89456,2007-02-20 19:21:09,121.445500,31.338000,  0, 67,0
89456,2007-02-20 19:22:09,121.445500,31.338000,  0, 67,0
89456,2007-02-20 19:26:14,121.446000,31.337800,  0, 67,0
89456,2007-02-20 19:28:16,121.446000,31.337800,  0, 67,0
89456,2007-02-20 19:29:17,121.446000,31.337800,  0, 67,0
89456,2007-02-20 19:30:18,121.446000,31.337800,  0, 67,0
89456,2007-02-20 19:31:19,121.446000,31.337800,  0, 67,0
89456,2007-02-20 19:32:19,121.446000,31.337800,  0, 67,0
89456,2007-02-20 19:34:22,121.446000,31.337800,  0, 67,0
89456,2007-02-20 19:35:23,121.446000,31.337800,  0, 67,0
89456,2007-02-20 19:37:24,121.446000,31.337800,  0, 67,0
89456,2007-02-20 19:38:26,121.446000,31.337800,  0, 67,0
89456,2007-02-20 19:39:27,121.446000,31.337800,  0, 67,0
89456,2007-02-20 19:42:29,121.446000,31.337800,  0, 67,0
89456,2007-02-20 19:43:31,121.446000,31.337800,  0, 67,0
89456,2007-02-20 19:44:32,121.445100,31.336600, 32,112,0
89456,2007-02-20 19:45:33,121.442600,31.335500,  0,112,0
89456,2007-02-20 19:45:59,121.442800,31.335500, 22, 22,1
89456,2007-02-20 19:46:59,121.447300,31.337500,  0, 45,1
89456,2007-02-20 19:48:01,121.450500,31.333300, 60, 90,1
89456,2007-02-20 19:49:02,121.450800,31.329000, 12, 90,1
89456,2007-02-20 19:50:03,121.451000,31.324600,  0, 90,1
89456,2007-02-20 19:51:04,121.451100,31.320800, 38, 90,1
89456,2007-02-20 19:52:04,121.452800,31.318600, 18, 45,1
89456,2007-02-20 19:54:07,121.464800,31.321500, 50, 45,1
89456,2007-02-20 19:55:08,121.474000,31.322600, 48, 45,1
89456,2007-02-20 19:56:09,121.479800,31.322300, 16, 45,1
89456,2007-02-20 19:57:09,121.480600,31.320600, 56, 90,1
89456,2007-02-20 19:58:11,121.480800,31.310100, 86, 90,1
89456,2007-02-20 19:59:12,121.483500,31.299100, 72, 90,1
89456,2007-02-20 20:00:13,121.480300,31.290600, 78,112,1
89456,2007-02-20 20:01:14,121.479100,31.287800, 14, 90,1
89456,2007-02-20 20:02:14,121.487000,31.287500, 68, 45,1
89456,2007-02-20 20:03:16,121.497800,31.289300, 64, 45,1
89456,2007-02-20 20:04:17,121.509800,31.286600, 80, 45,1
89456,2007-02-20 20:05:18,121.519100,31.284000, 80, 90,1
89456,2007-02-20 20:06:19,121.523800,31.277000, 24, 67,1
89456,2007-02-20 20:07:19,121.521800,31.275600,  0,112,1
89456,2007-02-20 20:09:22,121.519500,31.272500, 34, 67,1
89456,2007-02-20 20:10:04,121.520300,31.271300,  0, 67,0
89456,2007-02-20 20:11:06,121.522100,31.269100, 44, 67,0
89456,2007-02-20 20:12:07,121.521100,31.267500,  0,135,0
89456,2007-02-20 20:13:06,121.521000,31.267300, 22,112,1
89456,2007-02-20 20:14:07,121.519800,31.265100, 36, 90,1
89456,2007-02-20 20:15:08,121.521300,31.262300,  0, 67,1
89456,2007-02-20 20:16:09,121.522300,31.260800, 24, 67,1
89456,2007-02-20 20:17:09,121.525500,31.257300, 42, 67,1
89456,2007-02-20 20:18:11,121.523100,31.254800, 58,135,1
89456,2007-02-20 20:19:12,121.516800,31.254000, 24,135,1
89456,2007-02-20 20:20:28,121.512600,31.254500, 48,157,0
89456,2007-02-20 20:21:13,121.511600,31.254300, 26,112,1
89456,2007-02-20 20:22:14,121.516300,31.254000, 48, 45,1
89456,2007-02-20 20:23:14,121.520600,31.254500, 10, 45,1
89456,2007-02-20 20:24:16,121.522600,31.254600, 42, 45,1
89456,2007-02-20 20:25:17,121.524000,31.256300,  0,  0,0
89456,2007-02-20 20:26:17,121.521800,31.256100,  0,112,0
89456,2007-02-20 20:27:18,121.521000,31.254600,  0, 90,0
89456,2007-02-20 20:27:48,121.520600,31.254600, 28,135,1
89456,2007-02-20 20:28:49,121.512500,31.253600, 46,135,1
89456,2007-02-20 20:31:53,121.503800,31.255100, 40,157,1
89456,2007-02-20 20:32:54,121.503600,31.255500,  0,157,1
89456,2007-02-20 20:33:54,121.501000,31.255100,  0,112,1
89456,2007-02-20 20:34:56,121.494500,31.252500, 56,112,1
89456,2007-02-20 20:35:57,121.488000,31.249300, 30,112,1
89456,2007-02-20 20:36:58,121.487000,31.248100, 18,112,1
89456,2007-02-20 20:37:59,121.484600,31.245600, 34, 90,1
89456,2007-02-20 20:38:59,121.485300,31.241100, 24, 90,1
89456,2007-02-20 20:40:01,121.487100,31.235300, 42, 90,1
89456,2007-02-20 20:41:02,121.490500,31.232000,  0, 67,1
89456,2007-02-20 20:42:03,121.492100,31.230500, 64, 67,1
89456,2007-02-20 20:43:04,121.496500,31.226300, 60, 67,1
89456,2007-02-20 20:44:04,121.501100,31.218600, 60, 90,1
89456,2007-02-20 20:45:06,121.498100,31.212300, 48,112,1
89456,2007-02-20 20:47:08,121.491600,31.215000,  0,135,1
89456,2007-02-20 20:48:09,121.488800,31.214600, 44,135,1
89456,2007-02-20 20:49:09,121.485100,31.214000, 20, 90,1
89456,2007-02-20 20:50:11,121.482500,31.212000,  6,135,1
89456,2007-02-20 20:51:12,121.479300,31.210800, 18,112,1
89456,2007-02-20 20:52:13,121.476600,31.209300, 30,112,1
89456,2007-02-20 20:53:14,121.473000,31.208600,  0,135,1
89456,2007-02-20 20:54:06,121.471000,31.208500, 20,135,0
89456,2007-02-20 20:55:07,121.469000,31.209300,  0,  0,0
89456,2007-02-20 20:56:08,121.467800,31.212500, 24,157,0
89456,2007-02-20 20:57:09,121.469100,31.213300, 14, 45,0
89456,2007-02-20 20:58:09,121.474600,31.215300, 22, 22,0
89456,2007-02-20 20:59:11,121.474000,31.217800,  0,157,0
89456,2007-02-20 20:59:16,121.474000,31.217800, 18,  0,1
89456,2007-02-20 21:00:17,121.473800,31.220000, 40,  0,1
89456,2007-02-20 21:01:18,121.474000,31.222000, 12,  0,1
89456,2007-02-20 21:02:19,121.470600,31.223600, 24,135,1
89456,2007-02-20 21:03:19,121.469800,31.225000, 16,135,1
89456,2007-02-20 21:03:42,121.469600,31.224800,  0,135,0
89456,2007-02-20 21:04:43,121.469500,31.224600, 10,112,0
89456,2007-02-20 21:04:58,121.469100,31.224600, 18,135,1
89456,2007-02-20 21:05:58,121.467500,31.224000,  0,135,1
89456,2007-02-20 21:06:59,121.466500,31.224000, 34,135,1
89456,2007-02-20 21:07:59,121.466100,31.224800,  0,  0,1
89456,2007-02-20 21:09:01,121.466100,31.224800,  0,  0,1
89456,2007-02-20 21:10:02,121.460500,31.238500, 70,157,1
89456,2007-02-20 21:11:03,121.457600,31.245800, 50,  0,1
89456,2007-02-20 21:12:04,121.459100,31.253800, 32,  0,1
89456,2007-02-20 21:13:04,121.459000,31.259800, 54,  0,1
89456,2007-02-20 21:14:06,121.454100,31.262000, 56,135,1
89456,2007-02-20 21:15:07,121.446100,31.260300, 26,135,1
89456,2007-02-20 21:16:08,121.443500,31.262100, 44,157,1
89456,2007-02-20 21:17:09,121.441600,31.264500,  0,157,1
89456,2007-02-20 21:18:09,121.441100,31.265100, 26,157,1
89456,2007-02-20 21:19:11,121.437500,31.266000, 26,112,1
89456,2007-02-20 21:20:12,121.433300,31.263800, 36,157,1
89456,2007-02-20 21:21:13,121.431000,31.268100, 22,157,1
89456,2007-02-20 21:22:14,121.429100,31.268000, 14,135,1
89456,2007-02-20 21:23:14,121.426600,31.267600,  8,112,1
89456,2007-02-20 21:23:18,121.426500,31.267600,  0,135,0
89456,2007-02-20 21:25:19,121.425600,31.267300, 16, 90,0
89456,2007-02-20 21:26:21,121.426300,31.264100, 30, 90,0
89456,2007-02-20 21:27:22,121.426300,31.256100, 28, 90,0
89456,2007-02-20 21:28:23,121.428000,31.252600, 14, 67,0
89456,2007-02-20 21:29:24,121.428500,31.252000, 34, 67,0
89456,2007-02-20 21:30:24,121.435300,31.246100, 60, 90,0
89456,2007-02-20 21:31:26,121.441500,31.259000,  0, 22,0
89456,2007-02-20 21:31:47,121.441800,31.259000, 20, 22,1
89456,2007-02-20 21:33:46,121.444600,31.259500,  0, 45,1
89456,2007-02-20 21:34:47,121.444600,31.259500,  0, 45,1
89456,2007-02-20 21:35:48,121.450500,31.261000, 58, 45,1
89456,2007-02-20 21:36:49,121.458300,31.262600, 32, 67,1
89456,2007-02-20 21:38:50,121.448100,31.277600, 82,  0,1
89456,2007-02-20 21:40:40,121.445000,31.297100, 82,  0,1
89456,2007-02-20 21:41:41,121.444000,31.307000, 60,  0,1
89456,2007-02-20 21:42:42,121.444000,31.311300,  0,  0,1
89456,2007-02-20 21:43:43,121.442500,31.312500, 20,135,1
89456,2007-02-20 21:44:43,121.440000,31.312300, 28,135,1
89456,2007-02-20 21:45:45,121.433800,31.312100, 18,135,1
89456,2007-02-20 21:46:26,121.433100,31.314600,  0,  0,0
89456,2007-02-20 21:47:27,121.432600,31.318100, 22,  0,0
89456,2007-02-20 21:48:28,121.432800,31.322600, 30, 45,0
89456,2007-02-20 21:49:28,121.436000,31.321600, 48, 90,0
89456,2007-02-20 21:49:55,121.436000,31.320500, 28, 90,1
89456,2007-02-20 21:50:56,121.436300,31.314600, 34, 90,1
89456,2007-02-20 21:52:58,121.440500,31.309600, 30, 90,1
89456,2007-02-20 21:53:58,121.440600,31.307300,  0, 90,1
89456,2007-02-20 21:55:00,121.443300,31.307500,  0, 45,1
89456,2007-02-20 21:56:01,121.443800,31.306500, 44, 90,1
89456,2007-02-20 21:58:03,121.446100,31.291000, 76, 90,1
89456,2007-02-20 21:59:03,121.447500,31.279800, 86, 90,1
89456,2007-02-20 22:00:05,121.453300,31.269500, 72, 67,1
89456,2007-02-20 22:01:06,121.457800,31.261300, 48, 67,1
89456,2007-02-20 22:02:07,121.459000,31.257000, 38, 90,1
89456,2007-02-20 22:03:08,121.459000,31.253500, 28, 90,1
89456,2007-02-20 22:04:08,121.458500,31.250500, 22, 90,1
89456,2007-02-20 22:05:10,121.458100,31.243500, 64, 90,1
89456,2007-02-20 22:06:11,121.461800,31.235500, 52, 90,1
89456,2007-02-20 22:07:12,121.463000,31.227800, 54, 67,1
89456,2007-02-20 22:08:13,121.469300,31.228000, 48, 22,1
89456,2007-02-20 22:09:13,121.477000,31.232100, 42, 22,1
89456,2007-02-20 22:10:15,121.478100,31.232500,  0, 22,1
89456,2007-02-20 22:11:16,121.483100,31.232000, 60, 45,1
89456,2007-02-20 22:12:17,121.484100,31.231600,  0, 45,1
89456,2007-02-20 22:13:18,121.499600,31.238800, 54, 67,1
89456,2007-02-20 22:14:19,121.504000,31.237100,  0, 45,1
89456,2007-02-20 22:15:20,121.508100,31.235800, 44, 45,1
89456,2007-02-20 22:16:21,121.510300,31.232800, 50, 90,1
89456,2007-02-20 22:17:22,121.513100,31.225800, 30, 90,1
89456,2007-02-20 22:18:23,121.514500,31.221000,  0, 90,1
89456,2007-02-20 22:18:31,121.514500,31.221000,  0, 90,0
89456,2007-02-20 22:19:31,121.514100,31.217000, 36, 90,0
89456,2007-02-20 22:20:32,121.514000,31.215000, 40, 90,0
89456,2007-02-20 22:21:33,121.510100,31.208000, 66, 90,0
89456,2007-02-20 22:22:33,121.509500,31.204500, 46,135,0
89456,2007-02-20 22:23:35,121.500000,31.207800, 66,135,0
89456,2007-02-20 22:24:36,121.498100,31.209300, 58,112,0
89456,2007-02-20 22:25:37,121.501300,31.214300, 50, 22,0
89456,2007-02-20 22:27:38,121.499300,31.223300, 30,157,0
89456,2007-02-20 22:28:40,121.498600,31.224100,  0,157,0
89456,2007-02-20 22:29:41,121.498600,31.224100,  0,157,0
89456,2007-02-20 22:30:42,121.494500,31.223100, 24,  0,0
89456,2007-02-20 22:31:43,121.492500,31.227500, 40,  0,0
89456,2007-02-20 22:33:45,121.484800,31.231300, 34,135,0
89456,2007-02-20 22:34:46,121.482800,31.232100, 18,112,0
89456,2007-02-20 22:35:47,121.482000,31.231800, 30,135,0
89456,2007-02-20 22:36:48,121.477000,31.229300,  4,135,0
89456,2007-02-20 22:37:49,121.475500,31.231500,  0,157,0
89456,2007-02-20 22:38:50,121.475300,31.231600,  8, 22,0
89456,2007-02-20 22:40:52,121.470500,31.235500, 22,157,0
89456,2007-02-20 22:41:53,121.469300,31.237800, 16,  0,0
89456,2007-02-20 22:42:54,121.468800,31.239600, 32,  0,0
89456,2007-02-20 22:43:55,121.466600,31.245600, 34,  0,0
89456,2007-02-20 22:44:56,121.465300,31.246600, 38,135,0
89456,2007-02-20 22:45:57,121.464500,31.247000,  0,157,0
89456,2007-02-20 22:46:58,121.464800,31.247000,  0,157,0
89456,2007-02-20 22:47:59,121.464800,31.247000,  0,157,0
89456,2007-02-20 22:49:00,121.464500,31.247300, 22,157,0
89456,2007-02-20 22:50:01,121.460500,31.246500, 42,135,0
89456,2007-02-20 22:51:02,121.459100,31.252300, 38,  0,0
89456,2007-02-20 22:52:03,121.459300,31.256600,  0,  0,0
89456,2007-02-20 22:53:04,121.459300,31.256600,  0,  0,0
89456,2007-02-20 22:53:27,121.459100,31.256800, 20,  0,1
89456,2007-02-20 22:54:27,121.460100,31.258500, 14, 22,1
89456,2007-02-20 22:55:28,121.455100,31.265800, 36,  0,1
89456,2007-02-20 22:56:29,121.453100,31.272000, 56,  0,1
89456,2007-02-20 22:58:31,121.447500,31.276800, 54,157,1
89456,2007-02-20 22:59:32,121.446800,31.281000,  2,135,1
89456,2007-02-20 23:00:33,121.447800,31.282300, 58,  0,1
89456,2007-02-20 23:01:34,121.446100,31.292000, 66,  0,1
89456,2007-02-20 23:02:35,121.444100,31.302600, 78,  0,1
89456,2007-02-20 23:03:36,121.444100,31.312000, 36,  0,1
89456,2007-02-20 23:04:37,121.447100,31.312500, 14, 45,1
89456,2007-02-20 23:04:47,121.447300,31.312500,  0, 45,0
89456,2007-02-20 23:05:48,121.448500,31.312500, 24, 45,0
89456,2007-02-20 23:06:49,121.450500,31.315000,  0,  0,0
89456,2007-02-20 23:07:50,121.451100,31.318000,  6,  0,0
89456,2007-02-20 23:08:51,121.451100,31.322300, 32,  0,0
89456,2007-02-20 23:09:50,121.454000,31.324800, 24, 45,1
89456,2007-02-20 23:10:51,121.455300,31.319600, 14, 90,1
89456,2007-02-20 23:11:52,121.460500,31.320500, 56, 45,1
89456,2007-02-20 23:12:53,121.470100,31.322600, 32, 45,1
89456,2007-02-20 23:13:54,121.474800,31.322500, 14, 45,1
89456,2007-02-20 23:14:55,121.478600,31.322300, 18, 45,1
89456,2007-02-20 23:15:56,121.480100,31.322300, 20, 45,1
89456,2007-02-20 23:16:57,121.480600,31.315800, 58, 90,1
89456,2007-02-20 23:17:58,121.481300,31.304300, 86, 90,1
89456,2007-02-20 23:18:59,121.484800,31.295600, 50, 90,1
89456,2007-02-20 23:20:00,121.492800,31.296500, 74, 45,1
89456,2007-02-20 23:21:01,121.502800,31.299300, 48, 45,1
89456,2007-02-20 23:22:02,121.508600,31.301000,  2, 22,1
89456,2007-02-20 23:23:03,121.514000,31.302600, 44, 45,1
89456,2007-02-20 23:24:40,121.515800,31.299000, 56, 90,0
89456,2007-02-20 23:25:41,121.514000,31.296500,  0,112,0
89456,2007-02-20 23:26:42,121.508600,31.296300, 26,157,0
89456,2007-02-20 23:27:43,121.507800,31.296600, 46,157,0
89456,2007-02-20 23:28:44,121.504500,31.299600,  0,  0,0
89456,2007-02-20 23:29:45,121.501800,31.299100, 42,135,0
89456,2007-02-20 23:30:46,121.495000,31.297300, 54,135,0
89456,2007-02-20 23:31:47,121.488500,31.295800, 18,112,0
89456,2007-02-20 23:32:48,121.486300,31.294800, 26, 67,0
89456,2007-02-20 23:33:49,121.485600,31.299300, 48, 22,0
89456,2007-02-20 23:34:50,121.486500,31.300800,  0, 22,0
89456,2007-02-20 23:35:51,121.486500,31.300800,  0, 22,0
89456,2007-02-20 23:36:52,121.481100,31.306300,  8, 22,0
89456,2007-02-20 23:37:53,121.481100,31.306500,  0, 22,0
89456,2007-02-20 23:38:54,121.481100,31.306500,  6, 22,0
89456,2007-02-20 23:39:55,121.481300,31.306500,  0, 22,0
89456,2007-02-20 23:40:56,121.481000,31.307000,  0,157,0
89456,2007-02-20 23:41:57,121.481100,31.306800,  0,157,0
89456,2007-02-20 23:42:58,121.481000,31.307100,  0,157,0
89456,2007-02-20 23:43:59,121.481300,31.306800,  0, 22,0
89456,2007-02-20 23:45:00,121.481100,31.306800,  6,157,0
89456,2007-02-20 23:46:01,121.481300,31.306800,  0, 90,0
89456,2007-02-20 23:47:02,121.481300,31.307000,  0, 90,0
89456,2007-02-20 23:48:03,121.481300,31.307000,  0, 90,0
89456,2007-02-20 23:49:04,121.470600,31.312500, 52,135,0
89456,2007-02-20 23:50:05,121.467800,31.310800, 36,135,0
89456,2007-02-20 23:51:06,121.461300,31.309000,  0,135,0
89456,2007-02-20 23:52:07,121.460000,31.308100, 54,135,0
89456,2007-02-20 23:53:08,121.456300,31.310100, 48,135,0
89456,2007-02-20 23:56:11,121.455100,31.323500, 30,  0,0
89456,2007-02-20 23:57:12,121.455100,31.328800, 34,  0,0
89456,2007-02-20 23:58:13,121.455000,31.333100, 18,135,0
89456,2007-02-20 23:59:14,121.450600,31.332800, 12,112,0
