82446,2007-02-20 00:00:45,121.455300,31.317600,  0,  0,0
82446,2007-02-20 00:02:47,121.455300,31.317600,  0,  0,0
82446,2007-02-20 00:03:48,121.455300,31.317600,  0,  0,0
82446,2007-02-20 00:04:49,121.455100,31.317500,  0,  0,0
82446,2007-02-20 00:05:49,121.455100,31.317500,  0,  0,0
82446,2007-02-20 00:06:51,121.455100,31.317500,  0,  0,0
82446,2007-02-20 00:08:53,121.455100,31.317500,  0,  0,0
82446,2007-02-20 00:09:54,121.455100,31.317500,  0,  0,0
82446,2007-02-20 00:10:54,121.455100,31.317500,  0,  0,0
82446,2007-02-20 00:11:56,121.455100,31.317500,  0,  0,0
82446,2007-02-20 00:12:57,121.455100,31.317500,  0,  0,0
82446,2007-02-20 00:13:58,121.455100,31.317500,  0,  0,0
82446,2007-02-20 00:14:59,121.455100,31.317500,  0,  0,0
82446,2007-02-20 00:15:59,121.455100,31.317500,  0,  0,0
82446,2007-02-20 00:17:01,121.455100,31.317500,  0,  0,0
82446,2007-02-20 00:18:02,121.455100,31.317500,  0,  0,0
82446,2007-02-20 00:19:03,121.455100,31.317500,  0,  0,0
82446,2007-02-20 00:20:04,121.455100,31.317500,  0,  0,0
82446,2007-02-20 00:21:04,121.455100,31.317500,  0,  0,0
82446,2007-02-20 00:22:06,121.455100,31.317500,  0,  0,0
82446,2007-02-20 00:23:07,121.455100,31.317500,  0,  0,0
82446,2007-02-20 00:24:08,121.455100,31.317500,  0,  0,0
82446,2007-02-20 00:25:09,121.455100,31.317500,  0,  0,0
82446,2007-02-20 00:26:09,121.455100,31.317500,  0,  0,0
82446,2007-02-20 00:27:11,121.455100,31.317500,  0,  0,0
82446,2007-02-20 00:28:12,121.455100,31.317500,  0,  0,0
82446,2007-02-20 00:29:13,121.455100,31.317500,  0,  0,0
82446,2007-02-20 00:30:14,121.455100,31.317500,  0,  0,0
82446,2007-02-20 00:31:14,121.455100,31.317500,  0,  0,0
82446,2007-02-20 00:32:16,121.455100,31.317500,  0,  0,0
82446,2007-02-20 00:33:17,121.455100,31.317500,  0,  0,0
82446,2007-02-20 00:34:18,121.455100,31.317500,  0,  0,0
82446,2007-02-20 00:35:19,121.455100,31.317500,  0,  0,0
82446,2007-02-20 00:36:19,121.455100,31.317500,  0,  0,0
82446,2007-02-20 00:37:21,121.455100,31.317500,  0,  0,0
82446,2007-02-20 00:38:22,121.455100,31.317500,  0,  0,0
82446,2007-02-20 00:39:23,121.455100,31.317600,  0,  0,0
82446,2007-02-20 00:40:24,121.455100,31.317600,  0,  0,0
82446,2007-02-20 00:41:24,121.455100,31.317600,  0,  0,0
82446,2007-02-20 00:42:26,121.455100,31.317600,  0,  0,0
82446,2007-02-20 00:43:27,121.455100,31.317600,  0,  0,0
82446,2007-02-20 00:45:14,121.458100,31.320000, 76, 45,0
82446,2007-02-20 00:45:31,121.460600,31.320500, 54, 45,0
82446,2007-02-20 00:45:47,121.462800,31.321000, 46, 45,0
82446,2007-02-20 00:46:48,121.463300,31.321100,  0, 45,0
82446,2007-02-20 00:47:24,121.464300,31.321300, 58, 45,0
82446,2007-02-20 00:47:41,121.467800,31.322000, 88, 45,0
82446,2007-02-20 00:48:13,121.475100,31.322500, 82, 45,0
82446,2007-02-20 00:48:29,121.478500,31.322300, 66, 45,0
82446,2007-02-20 00:48:44,121.480500,31.322100, 40, 45,0
82446,2007-02-20 00:49:01,121.480500,31.320100, 72, 90,0
82446,2007-02-20 00:49:17,121.480500,31.318000, 50, 90,0
82446,2007-02-20 00:49:33,121.480600,31.315500, 70, 90,0
82446,2007-02-20 00:50:49,121.480600,31.310000,  0, 90,0
82446,2007-02-20 00:51:06,121.480500,31.308500, 64, 90,0
82446,2007-02-20 00:51:21,121.480500,31.306300, 50, 90,0
82446,2007-02-20 00:51:37,121.481000,31.304100, 72, 90,0
82446,2007-02-20 00:51:53,121.481800,31.301800, 84, 90,0
82446,2007-02-20 00:52:09,121.483500,31.298600, 80, 90,0
82446,2007-02-20 00:52:25,121.484800,31.295500, 76, 90,0
82446,2007-02-20 00:52:41,121.485800,31.294100, 56, 22,0
82446,2007-02-20 00:53:13,121.492500,31.296300, 90, 45,0
82446,2007-02-20 00:53:45,121.499500,31.298100, 74, 45,0
82446,2007-02-20 00:54:01,121.500800,31.298500,  0, 45,0
82446,2007-02-20 00:55:02,121.503300,31.298800,  0, 67,0
82446,2007-02-20 00:55:18,121.504000,31.298000, 62, 67,0
82446,2007-02-20 00:55:34,121.505100,31.297000, 42, 22,0
82446,2007-02-20 00:55:50,121.506600,31.297100, 56, 67,0
82446,2007-02-20 00:56:06,121.508000,31.296500,  0, 67,0
82446,2007-02-20 00:56:53,121.509100,31.296100, 38, 67,0
82446,2007-02-20 00:57:09,121.511000,31.295500, 24, 45,0
82446,2007-02-20 00:57:25,121.511000,31.293800, 54, 90,0
82446,2007-02-20 00:57:41,121.510800,31.291500, 74, 90,0
82446,2007-02-20 00:57:57,121.511100,31.289600, 28, 45,0
82446,2007-02-20 00:58:18,121.511800,31.289100, 20, 90,0
82446,2007-02-20 00:58:56,121.511600,31.288500, 12,  0,0
82446,2007-02-20 00:59:18,121.511800,31.289300, 20,  0,0
82446,2007-02-20 00:59:37,121.511000,31.289600, 38,112,0
82446,2007-02-20 00:59:53,121.510500,31.287600, 56, 90,0
82446,2007-02-20 01:00:09,121.509100,31.286300, 48,135,0
82446,2007-02-20 01:00:25,121.508100,31.286800,  8,135,0
82446,2007-02-20 01:01:26,121.508000,31.286800,  0,135,0
82446,2007-02-20 01:02:27,121.507800,31.286800,  4,157,0
82446,2007-02-20 01:03:28,121.507600,31.286800,  0,135,0
82446,2007-02-20 01:04:29,121.507600,31.286800,  0,135,0
82446,2007-02-20 01:05:30,121.507600,31.286800,  0,135,0
82446,2007-02-20 01:06:31,121.507600,31.286800,  0,135,0
82446,2007-02-20 01:07:32,121.507600,31.286800,  0,135,0
82446,2007-02-20 01:08:33,121.507600,31.286800,  0,135,0
82446,2007-02-20 01:09:34,121.507600,31.286800,  0,135,0
82446,2007-02-20 01:10:35,121.507600,31.286800,  0,135,0
82446,2007-02-20 01:11:36,121.507600,31.286800,  0,135,0
82446,2007-02-20 01:12:37,121.507600,31.286800,  0,135,0
82446,2007-02-20 01:13:38,121.507600,31.286800,  0,135,0
82446,2007-02-20 01:14:39,121.507600,31.286800,  0,135,0
82446,2007-02-20 01:14:58,121.508300,31.286300, 48, 45,0
82446,2007-02-20 01:15:14,121.510000,31.286500, 38, 22,0
82446,2007-02-20 01:15:30,121.510800,31.288300, 54,  0,0
82446,2007-02-20 01:15:46,121.511000,31.289500,  0,  0,0
82446,2007-02-20 01:16:07,121.511000,31.290500, 54,  0,0
82446,2007-02-20 01:16:39,121.511100,31.295800, 26,157,0
82446,2007-02-20 01:16:55,121.509100,31.296300, 36,157,0
82446,2007-02-20 01:17:56,121.508500,31.296300,  0, 67,0
82446,2007-02-20 01:18:57,121.508500,31.296300,  0, 67,0
82446,2007-02-20 01:19:58,121.508500,31.296300,  0, 67,0
82446,2007-02-20 01:20:59,121.508500,31.296300,  0, 67,0
82446,2007-02-20 01:22:00,121.508500,31.296300,  0, 67,0
82446,2007-02-20 01:23:01,121.508500,31.296300,  0, 67,0
82446,2007-02-20 01:24:02,121.508500,31.296300,  0, 67,0
82446,2007-02-20 01:25:03,121.508500,31.296300,  0, 67,0
82446,2007-02-20 01:26:04,121.508500,31.296300,  0, 67,0
82446,2007-02-20 01:27:05,121.508500,31.296300,  0, 67,0
82446,2007-02-20 01:28:06,121.508500,31.296300,  2, 45,0
82446,2007-02-20 01:28:23,121.507600,31.296800, 46,135,0
82446,2007-02-20 01:28:39,121.506000,31.297500, 10,157,0
82446,2007-02-20 01:29:03,121.505300,31.298300, 56,157,0
82446,2007-02-20 01:29:19,121.504600,31.299600,  0,  0,0
82446,2007-02-20 01:30:20,121.504300,31.300000, 30,157,0
82446,2007-02-20 01:31:14,121.502600,31.302800, 28,157,0
82446,2007-02-20 01:31:46,121.500800,31.305800, 78,157,0
82446,2007-02-20 01:32:02,121.499100,31.308600, 78,157,0
82446,2007-02-20 01:32:18,121.498500,31.309800,  0,157,0
82446,2007-02-20 01:33:10,121.497600,31.310000, 52,135,0
82446,2007-02-20 01:33:26,121.495000,31.310000, 62,135,0
82446,2007-02-20 01:33:42,121.492800,31.310000, 30,135,0
82446,2007-02-20 01:33:58,121.491600,31.310600, 56,  0,0
82446,2007-02-20 01:34:47,121.491500,31.314100, 52,  0,0
82446,2007-02-20 01:35:03,121.491500,31.316500, 64,  0,0
82446,2007-02-20 01:35:26,121.491000,31.317500, 30,135,0
82446,2007-02-20 01:35:42,121.489300,31.317500, 44,135,0
82446,2007-02-20 01:35:58,121.487300,31.317800, 52,135,0
82446,2007-02-20 01:36:20,121.487000,31.318500,  8,  0,0
82446,2007-02-20 01:37:21,121.487000,31.318500,  0, 22,0
82446,2007-02-20 01:38:22,121.487000,31.318500,  0, 22,0
82446,2007-02-20 01:39:23,121.487000,31.318500,  0, 22,0
82446,2007-02-20 01:40:24,121.487000,31.318500,  0, 22,0
82446,2007-02-20 01:41:25,121.487000,31.318500,  0, 22,0
82446,2007-02-20 01:42:26,121.487000,31.318500,  0, 22,0
82446,2007-02-20 01:43:27,121.487000,31.318500,  0, 22,0
82446,2007-02-20 01:44:28,121.487000,31.318500,  0, 22,0
82446,2007-02-20 01:45:29,121.487000,31.318500,  0, 22,0
82446,2007-02-20 01:47:31,121.487000,31.318500,  0, 22,0
82446,2007-02-20 01:48:32,121.487000,31.318500,  0, 22,0
82446,2007-02-20 01:49:33,121.487000,31.318500,  0, 22,0
82446,2007-02-20 01:50:34,121.487000,31.318500,  0, 22,0
82446,2007-02-20 01:51:35,121.487000,31.318500,  0, 22,0
82446,2007-02-20 01:52:36,121.487000,31.318500,  0, 22,0
82446,2007-02-20 01:53:37,121.487000,31.318500,  0, 22,0
82446,2007-02-20 01:54:38,121.487000,31.318500,  0, 22,0
82446,2007-02-20 01:55:39,121.487000,31.318500,  0, 22,0
82446,2007-02-20 01:56:40,121.487000,31.318500,  0, 22,0
82446,2007-02-20 01:57:41,121.487000,31.318500,  0, 22,0
82446,2007-02-20 01:58:42,121.487000,31.318500,  0, 22,0
82446,2007-02-20 01:59:43,121.487000,31.318500,  0, 22,0
82446,2007-02-20 02:00:44,121.487000,31.318500,  0, 22,0
82446,2007-02-20 02:01:45,121.487100,31.318500,  0, 22,0
82446,2007-02-20 02:02:46,121.487100,31.318500,  0, 22,0
82446,2007-02-20 02:03:47,121.487100,31.318500,  0, 22,0
82446,2007-02-20 02:04:48,121.487100,31.318500,  0, 22,0
82446,2007-02-20 02:05:49,121.487100,31.318500,  0, 22,0
82446,2007-02-20 02:06:50,121.487100,31.318500,  0, 22,0
82446,2007-02-20 02:07:51,121.487100,31.318500,  0, 22,0
82446,2007-02-20 02:08:52,121.487100,31.318500,  0, 22,0
82446,2007-02-20 02:09:53,121.487100,31.318500,  0, 22,0
82446,2007-02-20 02:10:54,121.487100,31.318500,  0, 22,0
82446,2007-02-20 02:11:55,121.487100,31.318500,  0, 22,0
82446,2007-02-20 02:12:56,121.487100,31.318500,  0, 22,0
82446,2007-02-20 02:13:57,121.487100,31.318500,  0, 22,0
82446,2007-02-20 02:14:58,121.487100,31.318500,  0, 22,0
82446,2007-02-20 02:15:59,121.487100,31.318500,  0, 22,0
82446,2007-02-20 02:17:00,121.487100,31.318500,  0, 22,0
82446,2007-02-20 02:18:01,121.487100,31.318500,  0, 22,0
82446,2007-02-20 02:19:02,121.487100,31.318500,  0, 22,0
82446,2007-02-20 02:20:03,121.487100,31.318500,  0, 22,0
82446,2007-02-20 02:21:04,121.487100,31.318500,  0, 22,0
82446,2007-02-20 02:22:05,121.487100,31.318500,  0, 22,0
82446,2007-02-20 02:23:06,121.487100,31.318500,  0, 22,0
82446,2007-02-20 02:24:07,121.487100,31.318500,  0, 22,0
82446,2007-02-20 02:25:08,121.487100,31.318500,  0, 22,0
82446,2007-02-20 02:26:09,121.487100,31.318500,  0, 22,0
82446,2007-02-20 02:27:10,121.487100,31.318500,  0, 22,0
82446,2007-02-20 02:28:11,121.487100,31.318500,  0, 22,0
82446,2007-02-20 02:29:12,121.487100,31.318500,  0, 22,0
82446,2007-02-20 02:30:13,121.487100,31.318500,  0, 22,0
82446,2007-02-20 02:31:14,121.487100,31.318500,  0, 22,0
82446,2007-02-20 02:32:15,121.487000,31.318500,  0, 22,0
82446,2007-02-20 02:33:16,121.487000,31.318500,  0, 22,0
82446,2007-02-20 02:34:17,121.487000,31.318500,  0, 22,0
82446,2007-02-20 02:35:18,121.487000,31.318500,  0, 22,0
82446,2007-02-20 02:36:19,121.487000,31.318500,  0, 22,0
82446,2007-02-20 02:37:20,121.487000,31.318500,  0, 22,0
82446,2007-02-20 02:39:22,121.487000,31.318500,  0, 22,0
82446,2007-02-20 02:40:23,121.487000,31.318500,  0, 22,0
82446,2007-02-20 02:41:24,121.487000,31.318500,  0, 22,0
82446,2007-02-20 02:42:25,121.487000,31.318500,  0, 22,0
82446,2007-02-20 02:43:26,121.487000,31.318500,  0, 22,0
82446,2007-02-20 02:45:28,121.487000,31.318500,  0, 22,0
82446,2007-02-20 02:46:29,121.487000,31.318500,  0, 22,0
82446,2007-02-20 02:47:30,121.487000,31.318500,  0, 22,0
82446,2007-02-20 02:48:31,121.487000,31.318500,  0, 22,0
82446,2007-02-20 02:49:32,121.487000,31.318300,  0, 22,0
82446,2007-02-20 02:50:33,121.487000,31.318300,  0, 22,0
82446,2007-02-20 02:51:34,121.487000,31.318300,  0, 22,0
82446,2007-02-20 02:52:35,121.487000,31.318300,  0, 22,0
82446,2007-02-20 02:53:36,121.487000,31.318300,  0, 22,0
82446,2007-02-20 02:54:37,121.487000,31.318300,  0, 22,0
82446,2007-02-20 02:55:38,121.487000,31.318300,  0, 22,0
82446,2007-02-20 02:56:39,121.487000,31.318300,  0, 22,0
82446,2007-02-20 02:57:40,121.487000,31.318300,  0, 22,0
82446,2007-02-20 02:58:41,121.487000,31.318300,  0, 22,0
82446,2007-02-20 02:59:42,121.487000,31.318300,  0, 22,0
82446,2007-02-20 03:00:43,121.487000,31.318300,  0, 22,0
82446,2007-02-20 03:01:44,121.487000,31.318300,  0, 22,0
82446,2007-02-20 03:02:45,121.487000,31.318300,  0, 22,0
82446,2007-02-20 03:03:46,121.487000,31.318300,  0, 22,0
82446,2007-02-20 03:04:47,121.487000,31.318300,  0, 22,0
82446,2007-02-20 03:05:48,121.487000,31.318300,  0, 22,0
82446,2007-02-20 03:06:49,121.487000,31.318300,  0, 22,0
82446,2007-02-20 03:07:50,121.487000,31.318300,  0, 22,0
82446,2007-02-20 03:08:51,121.487000,31.318300,  0, 22,0
82446,2007-02-20 03:09:52,121.487000,31.318300,  0, 22,0
82446,2007-02-20 03:10:53,121.487000,31.318300,  0, 22,0
82446,2007-02-20 03:11:54,121.487000,31.318300,  0, 22,0
82446,2007-02-20 03:12:55,121.486800,31.318300,  0, 22,0
82446,2007-02-20 03:13:56,121.486800,31.318300,  0, 22,0
82446,2007-02-20 03:14:57,121.486800,31.318300,  0, 22,0
82446,2007-02-20 03:15:58,121.486800,31.318300,  0, 22,0
82446,2007-02-20 03:16:59,121.486800,31.318300,  0, 22,0
82446,2007-02-20 03:18:00,121.486800,31.318300,  0, 22,0
82446,2007-02-20 03:19:01,121.486800,31.318300,  0, 22,0
82446,2007-02-20 03:22:04,121.486800,31.318300,  0, 22,0
82446,2007-02-20 03:23:05,121.486800,31.318300,  0, 22,0
82446,2007-02-20 03:24:06,121.486800,31.318300,  0, 22,0
82446,2007-02-20 03:25:07,121.486800,31.318300,  0, 22,0
82446,2007-02-20 03:26:08,121.486800,31.318300,  0, 22,0
82446,2007-02-20 03:27:08,121.486800,31.318300,  0, 22,0
82446,2007-02-20 03:28:09,121.486800,31.318300,  0, 22,0
82446,2007-02-20 03:29:10,121.486800,31.318300,  0, 22,0
82446,2007-02-20 03:30:11,121.486800,31.318300,  0, 22,0
82446,2007-02-20 03:31:12,121.486800,31.318300,  0, 22,0
82446,2007-02-20 03:32:13,121.486800,31.318300,  0, 22,0
82446,2007-02-20 03:33:14,121.486800,31.318300,  0, 22,0
82446,2007-02-20 03:34:15,121.486800,31.318300,  0, 22,0
82446,2007-02-20 03:35:16,121.486800,31.318300,  0, 22,0
82446,2007-02-20 03:37:18,121.486800,31.318300,  0, 22,0
82446,2007-02-20 03:38:19,121.486800,31.318300,  0, 22,0
82446,2007-02-20 03:39:20,121.486800,31.318300,  0, 22,0
82446,2007-02-20 03:40:21,121.486800,31.318300,  0, 22,0
82446,2007-02-20 03:41:22,121.486800,31.318300,  0, 22,0
82446,2007-02-20 03:42:23,121.486800,31.318300,  0, 22,0
82446,2007-02-20 03:43:24,121.486800,31.318500,  0, 22,0
82446,2007-02-20 03:45:26,121.487000,31.318500,  0, 22,0
82446,2007-02-20 03:46:27,121.487000,31.318300,  0, 22,0
82446,2007-02-20 03:47:28,121.487000,31.318300,  0, 22,0
82446,2007-02-20 03:48:29,121.487000,31.318300,  0, 22,0
82446,2007-02-20 03:49:30,121.487000,31.318300,  0, 22,0
82446,2007-02-20 03:50:31,121.487000,31.318300,  0, 22,0
82446,2007-02-20 03:51:32,121.487000,31.318300,  0, 22,0
82446,2007-02-20 03:52:33,121.487000,31.318300,  0, 22,0
82446,2007-02-20 03:54:35,121.487000,31.318300,  0, 22,0
82446,2007-02-20 03:55:36,121.487000,31.318300,  0, 22,0
82446,2007-02-20 03:56:37,121.487000,31.318300,  0, 22,0
82446,2007-02-20 03:57:38,121.487000,31.318300,  0, 22,0
82446,2007-02-20 03:58:39,121.487000,31.318300,  0, 22,0
82446,2007-02-20 03:59:40,121.487000,31.318300,  0, 22,0
82446,2007-02-20 04:00:41,121.487000,31.318300,  0, 22,0
82446,2007-02-20 04:01:42,121.487000,31.318300,  0, 22,0
82446,2007-02-20 04:02:43,121.487000,31.318300,  0, 22,0
82446,2007-02-20 04:03:44,121.487000,31.318300,  0, 22,0
82446,2007-02-20 04:04:45,121.487000,31.318300,  0, 22,0
82446,2007-02-20 04:06:47,121.487000,31.318300,  0, 22,0
82446,2007-02-20 04:07:48,121.487000,31.318300,  0, 22,0
82446,2007-02-20 04:08:49,121.487000,31.318300,  0, 22,0
82446,2007-02-20 04:09:50,121.487000,31.318300,  0, 22,0
82446,2007-02-20 04:10:51,121.487000,31.318300,  0, 22,0
82446,2007-02-20 04:11:52,121.487000,31.318300,  0, 22,0
82446,2007-02-20 04:12:53,121.487000,31.318300,  0, 22,0
82446,2007-02-20 04:13:54,121.487000,31.318300,  0, 22,0
82446,2007-02-20 04:14:55,121.487000,31.318300,  0, 22,0
82446,2007-02-20 04:16:57,121.487000,31.318300,  0, 22,0
82446,2007-02-20 04:18:59,121.487000,31.318300,  0, 22,0
82446,2007-02-20 04:20:00,121.487000,31.318300,  0, 22,0
82446,2007-02-20 04:21:01,121.487000,31.318300,  0, 22,0
82446,2007-02-20 04:22:02,121.487000,31.318300,  0, 22,0
82446,2007-02-20 04:24:03,121.487000,31.318300,  0, 22,0
82446,2007-02-20 04:25:05,121.487000,31.318300,  0, 22,0
82446,2007-02-20 04:26:06,121.487000,31.318300,  0, 22,0
82446,2007-02-20 04:27:07,121.487000,31.318300,  0, 22,0
82446,2007-02-20 04:28:08,121.487000,31.318300,  0, 22,0
82446,2007-02-20 04:29:09,121.487000,31.318300,  0, 22,0
82446,2007-02-20 04:30:10,121.487000,31.318300,  0, 22,0
82446,2007-02-20 04:31:11,121.487000,31.318300,  0, 22,0
82446,2007-02-20 04:32:12,121.487000,31.318300,  0, 22,0
82446,2007-02-20 04:33:13,121.487000,31.318300,  0, 22,0
82446,2007-02-20 04:34:13,121.487000,31.318300,  0, 22,0
82446,2007-02-20 04:35:15,121.487000,31.318300,  0, 22,0
82446,2007-02-20 04:36:16,121.487000,31.318300,  0, 22,0
82446,2007-02-20 04:37:17,121.487000,31.318300,  0, 22,0
82446,2007-02-20 04:38:18,121.487000,31.318300,  0, 22,0
82446,2007-02-20 04:39:18,121.487000,31.318300,  0, 22,0
82446,2007-02-20 04:40:20,121.487000,31.318300,  0, 22,0
82446,2007-02-20 04:41:21,121.487000,31.318300,  0, 22,0
82446,2007-02-20 04:42:22,121.487000,31.318300,  0, 22,0
82446,2007-02-20 04:43:23,121.487000,31.318300,  0, 22,0
82446,2007-02-20 04:45:25,121.487000,31.318300,  0, 22,0
82446,2007-02-20 04:46:26,121.487000,31.318300,  0, 22,0
82446,2007-02-20 04:47:27,121.487000,31.318300,  0, 22,0
82446,2007-02-20 04:48:28,121.487000,31.318300,  0, 22,0
82446,2007-02-20 04:49:28,121.487000,31.318300,  0, 22,0
82446,2007-02-20 04:50:30,121.487000,31.318300,  0, 22,0
82446,2007-02-20 04:51:31,121.487000,31.318300,  0, 22,0
82446,2007-02-20 04:52:32,121.487000,31.318300,  0, 22,0
82446,2007-02-20 04:53:33,121.487000,31.318300,  0, 22,0
82446,2007-02-20 04:54:33,121.487000,31.318300,  0, 22,0
82446,2007-02-20 04:55:35,121.487000,31.318500,  0, 22,0
82446,2007-02-20 04:56:36,121.487000,31.318600,  0, 22,0
82446,2007-02-20 04:57:37,121.487000,31.318600,  0, 22,0
82446,2007-02-20 04:58:38,121.487000,31.318600,  0, 22,0
82446,2007-02-20 04:59:38,121.487000,31.318600,  0, 22,0
82446,2007-02-20 05:00:40,121.487000,31.318600,  0, 22,0
82446,2007-02-20 05:02:42,121.487000,31.318600,  0, 22,0
82446,2007-02-20 05:03:43,121.487000,31.318500,  0, 22,0
82446,2007-02-20 05:05:45,121.487000,31.318500,  0, 22,0
82446,2007-02-20 05:06:46,121.487000,31.318500,  0, 22,0
82446,2007-02-20 05:07:47,121.487000,31.318500,  0, 22,0
82446,2007-02-20 05:08:48,121.487000,31.318500,  0, 22,0
82446,2007-02-20 05:10:50,121.487000,31.318600,  0, 22,0
82446,2007-02-20 05:11:51,121.487000,31.318600,  0, 22,0
82446,2007-02-20 05:12:52,121.487000,31.318600,  0, 22,0
82446,2007-02-20 05:13:53,121.487000,31.318600,  0, 22,0
82446,2007-02-20 05:15:55,121.487000,31.318600,  0, 22,0
82446,2007-02-20 05:16:56,121.487000,31.318600,  0, 22,0
82446,2007-02-20 05:17:57,121.487000,31.318600,  0, 22,0
82446,2007-02-20 05:18:58,121.487000,31.318600,  0, 22,0
82446,2007-02-20 05:19:58,121.487000,31.318600,  0, 22,0
82446,2007-02-20 05:22:01,121.487000,31.318600,  0, 22,0
82446,2007-02-20 05:23:02,121.487000,31.318600,  0, 22,0
82446,2007-02-20 05:24:03,121.487000,31.318600,  0, 22,0
82446,2007-02-20 05:25:03,121.487000,31.318600,  0, 22,0
82446,2007-02-20 05:26:05,121.487000,31.318600,  0, 22,0
82446,2007-02-20 05:27:06,121.487000,31.318600,  0, 22,0
82446,2007-02-20 05:28:07,121.487000,31.318600,  0, 22,0
82446,2007-02-20 05:30:08,121.487000,31.318600,  0, 22,0
82446,2007-02-20 05:31:10,121.487000,31.318600,  0, 22,0
82446,2007-02-20 05:33:12,121.487000,31.318600,  0, 22,0
82446,2007-02-20 05:34:13,121.487000,31.318600,  0, 22,0
82446,2007-02-20 05:35:13,121.487000,31.318600,  0, 22,0
82446,2007-02-20 05:36:15,121.487000,31.318600,  0, 22,0
82446,2007-02-20 05:37:16,121.487000,31.318600,  0, 22,0
82446,2007-02-20 05:38:17,121.487000,31.318500,  0, 22,0
82446,2007-02-20 05:39:18,121.487000,31.318500,  0, 22,0
82446,2007-02-20 05:41:20,121.487000,31.318500,  0, 22,0
82446,2007-02-20 05:42:21,121.487000,31.318500,  0, 22,0
82446,2007-02-20 05:43:22,121.487000,31.318500,  0, 22,0
82446,2007-02-20 05:44:23,121.487000,31.318500,  0, 22,0
82446,2007-02-20 05:45:23,121.487000,31.318500,  0, 22,0
82446,2007-02-20 05:46:25,121.487000,31.318500,  0, 22,0
82446,2007-02-20 05:48:27,121.487000,31.318500,  0, 22,0
82446,2007-02-20 05:49:28,121.487000,31.318500,  0, 22,0
82446,2007-02-20 05:50:28,121.487000,31.318500,  0, 22,0
82446,2007-02-20 05:51:30,121.487000,31.318500,  0, 22,0
82446,2007-02-20 05:52:31,121.487000,31.318500,  0, 22,0
82446,2007-02-20 05:53:32,121.487100,31.318500,  0, 22,0
82446,2007-02-20 05:54:33,121.487100,31.318500,  0, 22,0
82446,2007-02-20 05:55:33,121.487100,31.318500,  0, 22,0
82446,2007-02-20 05:56:35,121.487100,31.318500,  0, 22,0
82446,2007-02-20 05:57:36,121.487100,31.318500,  0, 22,0
82446,2007-02-20 05:58:37,121.487100,31.318500,  0, 22,0
82446,2007-02-20 05:59:38,121.487100,31.318500,  0, 22,0
82446,2007-02-20 06:00:38,121.487100,31.318500,  0, 22,0
82446,2007-02-20 06:01:40,121.487100,31.318500,  0, 22,0
82446,2007-02-20 06:02:41,121.487100,31.318500,  0,135,0
82446,2007-02-20 06:03:42,121.487100,31.318500,  0,135,0
82446,2007-02-20 06:06:11,121.487000,31.318300,  0,135,0
82446,2007-02-20 06:07:12,121.487000,31.318300,  0,135,0
82446,2007-02-20 06:08:13,121.487000,31.318300,  0,135,0
82446,2007-02-20 06:09:13,121.486600,31.318500,  0,135,0
82446,2007-02-20 06:10:15,121.486600,31.318500,  0,135,0
82446,2007-02-20 06:11:16,121.486600,31.318500,  0,135,0
82446,2007-02-20 06:12:17,121.486100,31.318300,  0,135,0
82446,2007-02-20 06:14:18,121.486100,31.318300,  0,135,0
82446,2007-02-20 06:15:19,121.486100,31.318300,  0,135,0
82446,2007-02-20 06:16:20,121.486100,31.318300,  0,135,0
82446,2007-02-20 06:17:21,121.486100,31.318300,  0,135,0
82446,2007-02-20 06:19:23,121.486100,31.318300,  0,135,0
82446,2007-02-20 06:20:24,121.486100,31.318300,  0,135,0
82446,2007-02-20 06:21:25,121.486100,31.318300,  0,135,0
82446,2007-02-20 06:22:26,121.486100,31.318300,  0,135,0
82446,2007-02-20 06:23:27,121.486100,31.318300,  0,135,0
82446,2007-02-20 06:24:28,121.486100,31.318300,  0,135,0
82446,2007-02-20 06:27:31,121.486100,31.318300,  0,135,0
82446,2007-02-20 06:30:34,121.486500,31.318300,  0,135,0
82446,2007-02-20 06:32:36,121.486500,31.318300,  0,135,0
82446,2007-02-20 06:33:37,121.486500,31.318300,  0,135,0
82446,2007-02-20 06:34:38,121.486500,31.318300,  0,135,0
82446,2007-02-20 06:35:39,121.486600,31.318300,  0,135,0
82446,2007-02-20 06:36:40,121.487000,31.318500,  0,135,0
82446,2007-02-20 06:37:41,121.487300,31.318500,  0,135,0
82446,2007-02-20 06:38:42,121.487000,31.318500,  0,135,0
82446,2007-02-20 06:39:43,121.487000,31.318500,  0,135,0
82446,2007-02-20 06:40:44,121.487000,31.318500,  0,135,0
82446,2007-02-20 06:41:45,121.487000,31.318500,  0,135,0
82446,2007-02-20 06:42:46,121.487000,31.318500,  0,135,0
82446,2007-02-20 06:43:47,121.487000,31.318500,  0,135,0
82446,2007-02-20 06:44:48,121.487000,31.318500,  0,135,0
82446,2007-02-20 06:45:49,121.487000,31.318500,  0,135,0
82446,2007-02-20 06:47:51,121.487000,31.318500,  0,135,0
82446,2007-02-20 06:48:52,121.487000,31.318500,  0,135,0
82446,2007-02-20 06:49:53,121.487000,31.318500,  0,135,0
82446,2007-02-20 06:50:54,121.487000,31.318500,  0,135,0
82446,2007-02-20 06:51:55,121.487000,31.318500,  0,135,0
82446,2007-02-20 06:52:56,121.487000,31.318500,  0,135,0
82446,2007-02-20 06:53:57,121.487000,31.318500,  0,135,0
82446,2007-02-20 06:54:58,121.487000,31.318500,  0,135,0
82446,2007-02-20 06:55:59,121.487000,31.318500,  0,135,0
82446,2007-02-20 06:57:00,121.487000,31.318300,  0,135,0
82446,2007-02-20 06:58:01,121.487000,31.318300,  0,135,0
82446,2007-02-20 06:59:02,121.487000,31.318300,  0,135,0
82446,2007-02-20 07:00:03,121.487000,31.318300,  0,135,0
82446,2007-02-20 07:01:04,121.487000,31.318300,  0,135,0
82446,2007-02-20 07:02:05,121.487000,31.318300,  0,135,0
82446,2007-02-20 07:03:06,121.487000,31.318300,  0,135,0
82446,2007-02-20 07:04:07,121.487000,31.318300,  0,135,0
82446,2007-02-20 07:05:08,121.487000,31.318300,  0,135,0
82446,2007-02-20 07:06:09,121.487000,31.318300,  0,135,0
82446,2007-02-20 07:07:10,121.487000,31.318300,  0,135,0
82446,2007-02-20 07:08:11,121.487000,31.318300,  0,135,0
82446,2007-02-20 07:09:12,121.487000,31.318300,  0,135,0
82446,2007-02-20 07:10:13,121.487000,31.318300,  0,135,0
82446,2007-02-20 07:11:14,121.487000,31.318300,  0,135,0
82446,2007-02-20 07:12:15,121.487000,31.318300,  0,135,0
82446,2007-02-20 07:13:16,121.487100,31.318600,  0,135,0
82446,2007-02-20 07:14:17,121.487100,31.318600,  0,135,0
82446,2007-02-20 07:16:19,121.487100,31.318600,  0,135,0
82446,2007-02-20 07:17:20,121.487000,31.318600,  0,135,0
82446,2007-02-20 07:18:21,121.487000,31.318600,  0,135,0
82446,2007-02-20 07:19:22,121.487000,31.318600,  0,135,0
82446,2007-02-20 07:20:23,121.487000,31.318600,  0,135,0
82446,2007-02-20 07:21:24,121.487000,31.318600,  0,135,0
82446,2007-02-20 07:22:25,121.487000,31.318600,  0,135,0
82446,2007-02-20 07:23:26,121.487000,31.318600,  0,135,0
82446,2007-02-20 07:25:10,121.487000,31.318600,  0,  0,0
82446,2007-02-20 07:26:11,121.487000,31.318600,  0,  0,0
82446,2007-02-20 07:27:12,121.487000,31.318600,  0,  0,0
82446,2007-02-20 07:28:13,121.487000,31.318100,  0,  0,0
82446,2007-02-20 07:29:14,121.487000,31.318100,  0,  0,0
82446,2007-02-20 07:30:15,121.487000,31.318100,  0,  0,0
82446,2007-02-20 07:31:16,121.487000,31.318100,  0,  0,0
82446,2007-02-20 07:32:17,121.487000,31.318100,  0,  0,0
82446,2007-02-20 07:33:18,121.487000,31.318100,  0,  0,0
82446,2007-02-20 07:34:19,121.487000,31.318100,  0,  0,0
82446,2007-02-20 07:35:20,121.487000,31.318100,  0,  0,0
82446,2007-02-20 07:36:21,121.487000,31.318100,  0,  0,0
82446,2007-02-20 07:37:22,121.487000,31.318100,  0,  0,0
82446,2007-02-20 07:38:23,121.487000,31.318100,  0,  0,0
82446,2007-02-20 07:40:25,121.487000,31.318100,  0,  0,0
82446,2007-02-20 07:41:26,121.487000,31.318100,  0,  0,0
82446,2007-02-20 07:42:27,121.487000,31.318100,  0,  0,0
82446,2007-02-20 07:43:28,121.487000,31.318100,  0,  0,0
82446,2007-02-20 07:44:29,121.487000,31.318100,  0,  0,0
82446,2007-02-20 07:46:31,121.487000,31.318100,  0,  0,0
82446,2007-02-20 07:47:32,121.487000,31.318100,  0,  0,0
82446,2007-02-20 07:48:33,121.487000,31.318500,  0,  0,0
82446,2007-02-20 07:49:34,121.487000,31.318500,  0,  0,0
82446,2007-02-20 07:50:35,121.487000,31.318500,  0,  0,0
82446,2007-02-20 07:51:36,121.487000,31.318500,  0,  0,0
82446,2007-02-20 07:52:37,121.487000,31.318500,  0,  0,0
82446,2007-02-20 07:53:38,121.487000,31.318500,  0,  0,0
82446,2007-02-20 07:54:39,121.487000,31.318500,  0,  0,0
82446,2007-02-20 07:56:41,121.487000,31.318500,  0,  0,0
82446,2007-02-20 07:57:42,121.487000,31.318500,  0,  0,0
82446,2007-02-20 07:58:43,121.487000,31.318500,  0,  0,0
82446,2007-02-20 07:59:44,121.487000,31.318500,  0,  0,0
82446,2007-02-20 08:00:45,121.487000,31.318500,  0,  0,0
82446,2007-02-20 08:01:46,121.487000,31.318500,  0,  0,0
82446,2007-02-20 08:02:47,121.487000,31.318500,  0,  0,0
82446,2007-02-20 08:03:48,121.487000,31.318500,  0,  0,0
82446,2007-02-20 08:04:49,121.487000,31.318500,  0,  0,0
82446,2007-02-20 08:05:50,121.487000,31.318500,  0,  0,0
82446,2007-02-20 08:06:51,121.487000,31.318500,  0,  0,0
82446,2007-02-20 08:07:52,121.487000,31.318500,  0,  0,0
82446,2007-02-20 08:08:53,121.487000,31.318500,  0,  0,0
82446,2007-02-20 08:09:54,121.487000,31.318500,  0,  0,0
82446,2007-02-20 08:10:55,121.487000,31.318500,  0,  0,0
82446,2007-02-20 08:11:56,121.487000,31.318500,  0,  0,0
82446,2007-02-20 08:12:57,121.487000,31.318500,  0,  0,0
82446,2007-02-20 08:13:58,121.487100,31.318500,  0,  0,0
82446,2007-02-20 08:14:59,121.487300,31.318500,  0,  0,0
82446,2007-02-20 08:16:00,121.487300,31.318500,  0,  0,0
82446,2007-02-20 08:17:01,121.487300,31.318500,  0,  0,0
82446,2007-02-20 08:18:02,121.487300,31.318500,  0,  0,0
82446,2007-02-20 08:19:03,121.487300,31.318300,  0,  0,0
82446,2007-02-20 08:20:04,121.487300,31.318300,  0,  0,0
82446,2007-02-20 08:22:06,121.487300,31.318300,  0,  0,0
82446,2007-02-20 08:23:07,121.487100,31.318500,  0,  0,0
82446,2007-02-20 08:24:08,121.487100,31.318500,  0,  0,0
82446,2007-02-20 08:25:09,121.487100,31.318500,  0,  0,0
82446,2007-02-20 08:26:10,121.487100,31.318500,  0,  0,0
82446,2007-02-20 08:27:11,121.487000,31.318500,  0,  0,0
82446,2007-02-20 08:28:12,121.487000,31.318800,  0,  0,0
82446,2007-02-20 08:29:13,121.487000,31.319000,  0,  0,0
82446,2007-02-20 08:30:14,121.487000,31.319000,  0,  0,0
82446,2007-02-20 08:31:15,121.487000,31.319000,  0,  0,0
82446,2007-02-20 08:32:16,121.487000,31.319000,  0,  0,0
82446,2007-02-20 08:33:17,121.487000,31.318500,  0,  0,0
82446,2007-02-20 08:34:18,121.487000,31.318500,  0,  0,0
82446,2007-02-20 08:35:19,121.487000,31.318500,  0,  0,0
82446,2007-02-20 08:36:20,121.487000,31.318500,  0,  0,0
82446,2007-02-20 08:37:21,121.487000,31.318500,  0,  0,0
82446,2007-02-20 08:38:22,121.486800,31.318500,  0,  0,0
82446,2007-02-20 08:39:23,121.486800,31.318500,  0,  0,0
82446,2007-02-20 08:40:24,121.486800,31.318500,  0,  0,0
82446,2007-02-20 08:41:25,121.486800,31.318500,  0,  0,0
82446,2007-02-20 08:42:26,121.486800,31.318500,  0,  0,0
82446,2007-02-20 08:43:27,121.486800,31.318500,  0,  0,0
82446,2007-02-20 08:44:28,121.486800,31.318500,  0,  0,0
82446,2007-02-20 08:45:29,121.486800,31.318500,  0,  0,0
82446,2007-02-20 08:46:30,121.486800,31.318500,  0,  0,0
82446,2007-02-20 08:47:31,121.486800,31.318300,  0,  0,0
82446,2007-02-20 08:49:33,121.486800,31.318300,  0,  0,0
82446,2007-02-20 08:50:34,121.486800,31.318300,  0,  0,0
82446,2007-02-20 08:51:35,121.486800,31.318300,  0,  0,0
82446,2007-02-20 08:52:36,121.486800,31.318600,  0,  0,0
82446,2007-02-20 08:53:37,121.486800,31.318500,  0,  0,0
82446,2007-02-20 08:54:38,121.486800,31.318500,  0,  0,0
82446,2007-02-20 08:55:39,121.486800,31.318500,  0,  0,0
82446,2007-02-20 08:56:40,121.486800,31.318500,  0,  0,0
82446,2007-02-20 08:57:41,121.486800,31.318500,  0,  0,0
82446,2007-02-20 08:58:42,121.486800,31.318500,  0,  0,0
82446,2007-02-20 08:59:43,121.486800,31.318500,  0,  0,0
82446,2007-02-20 09:00:44,121.486800,31.318500,  0,  0,0
82446,2007-02-20 09:02:46,121.486800,31.318500,  0,  0,0
82446,2007-02-20 09:03:47,121.486800,31.318500,  0,  0,0
82446,2007-02-20 09:04:48,121.486800,31.318500,  0,  0,0
82446,2007-02-20 09:05:49,121.486800,31.318500,  0,  0,0
82446,2007-02-20 09:06:50,121.486800,31.318500,  0,  0,0
82446,2007-02-20 09:07:51,121.486800,31.318500,  0,  0,0
82446,2007-02-20 09:08:52,121.486800,31.318500,  0,  0,0
82446,2007-02-20 09:09:53,121.487000,31.318300,  0,  0,0
82446,2007-02-20 09:11:54,121.487000,31.318300,  0,  0,0
82446,2007-02-20 09:12:55,121.487000,31.318300,  0,  0,0
82446,2007-02-20 09:13:56,121.487000,31.318300,  0,  0,0
82446,2007-02-20 09:14:57,121.487000,31.318300,  0,  0,0
82446,2007-02-20 09:15:59,121.487000,31.318300,  0,  0,0
82446,2007-02-20 09:16:59,121.487000,31.318300,  0,  0,0
82446,2007-02-20 09:18:00,121.487000,31.318300,  0,  0,0
82446,2007-02-20 09:19:01,121.487000,31.318300,  0,  0,0
82446,2007-02-20 09:20:02,121.487000,31.318300,  0,  0,0
82446,2007-02-20 09:21:04,121.487000,31.318300,  0,  0,0
82446,2007-02-20 09:22:04,121.487000,31.318300,  0,  0,0
82446,2007-02-20 09:23:05,121.487000,31.318300,  0,  0,0
82446,2007-02-20 09:24:06,121.487000,31.318300,  0,  0,0
82446,2007-02-20 09:25:07,121.487000,31.318300,  0,  0,0
82446,2007-02-20 09:26:09,121.487000,31.318300,  0,  0,0
82446,2007-02-20 09:27:09,121.487000,31.318300,  0,  0,0
82446,2007-02-20 09:28:10,121.487000,31.318300,  0,  0,0
82446,2007-02-20 09:29:11,121.487000,31.318300,  0,  0,0
82446,2007-02-20 09:30:12,121.487000,31.318300,  0,  0,0
82446,2007-02-20 09:31:14,121.487000,31.318300,  0,  0,0
82446,2007-02-20 09:32:15,121.488100,31.317600,  0,  0,0
82446,2007-02-20 09:33:15,121.487600,31.317800,  0,  0,0
82446,2007-02-20 09:34:16,121.487600,31.317800,  0,  0,0
82446,2007-02-20 09:35:17,121.487600,31.317800,  0,  0,0
82446,2007-02-20 09:36:19,121.487600,31.317800,  0,  0,0
82446,2007-02-20 09:37:19,121.487600,31.317800,  0,  0,0
82446,2007-02-20 09:38:20,121.487600,31.317800,  0,  0,0
82446,2007-02-20 09:40:22,121.487600,31.317800,  0,  0,0
82446,2007-02-20 09:41:24,121.487600,31.317800,  0,  0,0
82446,2007-02-20 09:42:24,121.487600,31.317800,  0,  0,0
82446,2007-02-20 09:44:26,121.487600,31.317800,  0,  0,0
82446,2007-02-20 09:45:27,121.487600,31.317800,  0,  0,0
82446,2007-02-20 09:46:29,121.487600,31.317800,  0,  0,0
82446,2007-02-20 09:47:29,121.487600,31.317800,  0,  0,0
82446,2007-02-20 09:48:30,121.487600,31.317800,  0,  0,0
82446,2007-02-20 09:50:32,121.487600,31.317800,  0,  0,0
82446,2007-02-20 09:51:34,121.487600,31.317800,  0,  0,0
82446,2007-02-20 09:52:34,121.487600,31.317800,  0,  0,0
82446,2007-02-20 09:53:34,121.487600,31.317800,  0,  0,0
82446,2007-02-20 09:54:35,121.487600,31.317800,  0,  0,0
82446,2007-02-20 09:55:36,121.487600,31.317800,  0,  0,0
82446,2007-02-20 09:57:38,121.487600,31.317800,  0,  0,0
82446,2007-02-20 09:58:39,121.487600,31.317800,  0,  0,0
82446,2007-02-20 09:59:40,121.487600,31.317800,  0,  0,0
82446,2007-02-20 10:00:41,121.487600,31.317800,  0,  0,0
82446,2007-02-20 10:01:43,121.487600,31.317800,  0,  0,0
82446,2007-02-20 10:02:43,121.487600,31.317800,  0,  0,0
82446,2007-02-20 10:03:41,121.488500,31.316800, 28, 90,0
82446,2007-02-20 10:03:57,121.488500,31.315600, 32, 90,0
82446,2007-02-20 10:04:13,121.488500,31.314500, 28, 90,0
82446,2007-02-20 10:04:29,121.488500,31.313500, 18, 90,0
82446,2007-02-20 10:04:45,121.487500,31.313500, 36,135,0
82446,2007-02-20 10:05:01,121.485800,31.313300, 32,135,0
82446,2007-02-20 10:05:17,121.485300,31.312600, 36, 90,0
82446,2007-02-20 10:05:33,121.485500,31.311300, 32, 90,0
82446,2007-02-20 10:06:51,121.485600,31.309600, 26, 90,0
82446,2007-02-20 10:07:07,121.485600,31.308100, 44, 90,0
82446,2007-02-20 10:07:22,121.485600,31.307000, 42, 90,0
82446,2007-02-20 10:07:39,121.485600,31.305100, 52, 90,0
82446,2007-02-20 10:07:55,121.486000,31.303600, 32, 90,0
82446,2007-02-20 10:08:11,121.486300,31.302100, 44, 90,0
82446,2007-02-20 10:08:27,121.486300,31.301100, 10, 67,0
82446,2007-02-20 10:08:45,121.485600,31.300500, 36,135,0
82446,2007-02-20 10:09:01,121.484300,31.300100, 26,112,0
82446,2007-02-20 10:09:51,121.483100,31.299600, 28,112,0
82446,2007-02-20 10:10:07,121.481800,31.299000, 36,112,0
82446,2007-02-20 10:10:23,121.480500,31.298300, 32,112,0
82446,2007-02-20 10:10:39,121.479300,31.297600, 22,112,0
82446,2007-02-20 10:10:55,121.477800,31.297100, 46,112,0
82446,2007-02-20 10:11:40,121.476600,31.296600, 12,135,0
82446,2007-02-20 10:12:00,121.476500,31.295800, 24, 90,0
82446,2007-02-20 10:12:16,121.476600,31.294100, 58, 90,0
82446,2007-02-20 10:12:32,121.476300,31.292500, 38, 90,0
82446,2007-02-20 10:12:57,121.475600,31.291600, 38,112,0
82446,2007-02-20 10:13:13,121.474000,31.291000, 38,112,0
82446,2007-02-20 10:13:29,121.472300,31.290300, 38,112,0
82446,2007-02-20 10:13:44,121.470800,31.289800, 38,112,0
82446,2007-02-20 10:14:00,121.469500,31.289300,  0,112,0
82446,2007-02-20 10:15:01,121.469500,31.289300,  0,112,0
82446,2007-02-20 10:15:40,121.472300,31.288800, 20, 90,0
82446,2007-02-20 10:15:56,121.472100,31.287600, 50, 90,0
82446,2007-02-20 10:16:12,121.471800,31.286100, 20, 90,0
82446,2007-02-20 10:17:09,121.471600,31.285100, 30, 90,0
82446,2007-02-20 10:17:25,121.471300,31.283600, 38, 90,0
82446,2007-02-20 10:17:41,121.471000,31.282000, 48, 90,0
82446,2007-02-20 10:17:57,121.470600,31.280500, 32, 90,0
82446,2007-02-20 10:18:57,121.470600,31.279800, 26, 90,0
82446,2007-02-20 10:19:14,121.471600,31.278800, 34, 67,0
82446,2007-02-20 10:19:30,121.472800,31.278100, 22, 67,0
82446,2007-02-20 10:21:47,121.475300,31.277000, 50, 45,0
82446,2007-02-20 10:22:04,121.477600,31.276600, 52, 45,0
82446,2007-02-20 10:22:44,121.480100,31.277300, 36, 22,0
82446,2007-02-20 10:23:45,121.480600,31.277600,  0, 22,0
82446,2007-02-20 10:24:10,121.481800,31.278100, 38, 22,0
82446,2007-02-20 10:24:26,121.483600,31.278300, 40, 45,0
82446,2007-02-20 10:24:59,121.484100,31.278300, 16, 45,1
82446,2007-02-20 10:26:00,121.484800,31.278100,  0, 45,1
82446,2007-02-20 10:27:01,121.490100,31.278100, 42, 45,1
82446,2007-02-20 10:28:02,121.495100,31.277800,  0, 67,1
82446,2007-02-20 10:29:02,121.497000,31.276300, 20, 67,1
82446,2007-02-20 10:30:04,121.498600,31.275100, 38, 67,1
82446,2007-02-20 10:31:05,121.501100,31.273000,  0, 67,1
82446,2007-02-20 10:32:06,121.501800,31.272500, 12, 90,1
82446,2007-02-20 10:32:15,121.501600,31.272300,  0, 90,0
82446,2007-02-20 10:33:57,121.501500,31.270500, 28, 90,0
82446,2007-02-20 10:34:12,121.501500,31.269100, 38, 90,0
82446,2007-02-20 10:34:29,121.502000,31.267000, 38, 67,0
82446,2007-02-20 10:36:02,121.498800,31.265100, 24,112,0
82446,2007-02-20 10:36:43,121.498500,31.265000, 14,112,1
82446,2007-02-20 10:37:44,121.498800,31.261500,  0,112,1
82446,2007-02-20 10:38:45,121.494300,31.258100, 62,112,1
82446,2007-02-20 10:39:46,121.492800,31.257500, 12,135,1
82446,2007-02-20 10:40:47,121.489300,31.255500,  0,135,1
82446,2007-02-20 10:41:47,121.487500,31.255500, 26,135,1
82446,2007-02-20 10:42:49,121.484100,31.253600, 36, 90,1
82446,2007-02-20 10:44:32,121.485100,31.240800,  0,135,0
82446,2007-02-20 10:44:47,121.485000,31.240800, 14,135,0
82446,2007-02-20 10:46:02,121.482100,31.240100, 32,112,0
82446,2007-02-20 10:46:19,121.480600,31.239600, 10,135,0
82446,2007-02-20 10:46:42,121.480000,31.240300, 24,157,0
82446,2007-02-20 10:51:52,121.480300,31.250600, 12, 90,1
82446,2007-02-20 10:52:52,121.480600,31.248300, 46, 90,1
82446,2007-02-20 10:53:54,121.484600,31.246300, 46, 90,1
82446,2007-02-20 10:54:55,121.485100,31.240800,  8,112,1
82446,2007-02-20 10:56:57,121.480300,31.238500, 14, 90,1
82446,2007-02-20 10:57:57,121.481500,31.234800,  0, 90,1
82446,2007-02-20 10:58:59,121.481800,31.233300,  0, 90,1
82446,2007-02-20 11:00:00,121.481800,31.233100,  0, 90,1
82446,2007-02-20 11:01:01,121.483500,31.233300,  0, 22,1
82446,2007-02-20 11:02:02,121.486000,31.234100, 16, 22,1
82446,2007-02-20 11:04:04,121.483300,31.234100,  0,135,1
82446,2007-02-20 11:04:58,121.483300,31.234100,  0,112,0
82446,2007-02-20 11:05:25,121.482100,31.234300, 36,135,0
82446,2007-02-20 11:05:42,121.482000,31.233600, 28,  0,0
82446,2007-02-20 11:05:57,121.482000,31.234600, 28,  0,0
82446,2007-02-20 11:06:16,121.481600,31.235800, 36,  0,0
82446,2007-02-20 11:06:57,121.481300,31.236800, 30,  0,0
82446,2007-02-20 11:07:12,121.480800,31.237800, 48,  0,0
82446,2007-02-20 11:07:29,121.480000,31.239300, 30,  0,0
82446,2007-02-20 11:07:47,121.479800,31.240300, 30,  0,0
82446,2007-02-20 11:08:29,121.479500,31.241500, 12,  0,0
82446,2007-02-20 11:08:54,121.479500,31.242300, 34, 45,0
82446,2007-02-20 11:09:10,121.480800,31.242500,  0, 45,0
82446,2007-02-20 11:09:52,121.482000,31.242500, 22, 45,0
82446,2007-02-20 11:10:07,121.481800,31.243600, 48,  0,0
82446,2007-02-20 11:10:49,121.481300,31.246000, 20,  0,0
82446,2007-02-20 11:11:05,121.481100,31.247300, 42,  0,0
82446,2007-02-20 11:11:21,121.480800,31.249000, 36,  0,0
82446,2007-02-20 11:11:37,121.480600,31.250000,  4,  0,0
82446,2007-02-20 11:11:52,121.480500,31.251000, 34,  0,0
82446,2007-02-20 11:12:54,121.480500,31.251300,  4,  0,0
82446,2007-02-20 11:13:12,121.480300,31.252300, 24,  0,0
82446,2007-02-20 11:13:29,121.480000,31.253800, 32,  0,0
82446,2007-02-20 11:13:45,121.479500,31.255100, 36,  0,0
82446,2007-02-20 11:14:04,121.479100,31.256100, 14,  0,0
82446,2007-02-20 11:14:27,121.478800,31.257100, 20,  0,0
82446,2007-02-20 11:14:42,121.478800,31.258100, 32,  0,0
82446,2007-02-20 11:14:59,121.478500,31.259500, 34,  0,0
82446,2007-02-20 11:15:15,121.478600,31.260600, 12, 22,0
82446,2007-02-20 11:16:32,121.479100,31.262100, 34,  0,0
82446,2007-02-20 11:16:49,121.479500,31.263100, 30,  0,0
82446,2007-02-20 11:17:05,121.479500,31.264300, 32,  0,0
82446,2007-02-20 11:17:21,121.479500,31.265600, 28,157,0
82446,2007-02-20 11:17:37,121.478600,31.266600, 28,135,0
82446,2007-02-20 11:19:07,121.477500,31.267600, 30, 22,0
82446,2007-02-20 11:19:22,121.478000,31.269000, 38,  0,0
82446,2007-02-20 11:19:39,121.478000,31.270100,  8,157,0
82446,2007-02-20 11:20:12,121.475300,31.271500, 24,157,0
82446,2007-02-20 11:20:27,121.475000,31.272300, 32,  0,0
82446,2007-02-20 11:20:44,121.474800,31.273500, 34,  0,0
82446,2007-02-20 11:21:00,121.475000,31.274800, 32,  0,0
82446,2007-02-20 11:21:21,121.475600,31.275100, 14, 45,0
82446,2007-02-20 11:21:37,121.476300,31.276100, 28,  0,0
82446,2007-02-20 11:21:56,121.477300,31.275800, 18, 67,0
82446,2007-02-20 11:22:37,121.478800,31.276800, 32, 45,0
82446,2007-02-20 11:22:54,121.480300,31.277500, 40, 22,0
82446,2007-02-20 11:23:10,121.481500,31.278000, 24, 22,0
82446,2007-02-20 11:23:26,121.483100,31.278300, 42, 45,0
82446,2007-02-20 11:23:42,121.484500,31.278300, 34, 45,0
82446,2007-02-20 11:24:42,121.485100,31.278300,  0, 45,0
82446,2007-02-20 11:25:04,121.485800,31.277600, 28, 90,0
82446,2007-02-20 11:25:40,121.486300,31.275500, 10, 90,0
82446,2007-02-20 11:26:06,121.486800,31.274500, 40, 67,0
82446,2007-02-20 11:26:22,121.487500,31.273500,  0, 67,0
82446,2007-02-20 11:27:32,121.489000,31.270800, 16, 67,0
82446,2007-02-20 11:28:05,121.489800,31.270500, 36, 22,0
82446,2007-02-20 11:28:21,121.491100,31.271600, 40, 22,0
82446,2007-02-20 11:29:10,121.492100,31.272300, 42, 22,0
82446,2007-02-20 11:29:26,121.494100,31.274100, 76, 22,0
82446,2007-02-20 11:29:42,121.496100,31.276000, 64, 22,0
82446,2007-02-20 11:29:57,121.497800,31.277300, 42, 22,0
82446,2007-02-20 11:30:14,121.499000,31.278800, 50, 22,0
82446,2007-02-20 11:30:59,121.499000,31.281100, 26,157,0
82446,2007-02-20 11:31:15,121.497500,31.281800, 40,157,0
82446,2007-02-20 11:31:31,121.496300,31.282100,  4,157,0
82446,2007-02-20 11:31:50,121.495100,31.282600, 36,157,0
82446,2007-02-20 11:32:06,121.493300,31.283300, 46,157,0
82446,2007-02-20 11:32:22,121.492000,31.284000,  6,157,0
82446,2007-02-20 11:33:10,121.488600,31.284300, 46,135,0
82446,2007-02-20 11:33:26,121.487100,31.284300, 26,135,0
82446,2007-02-20 11:34:27,121.486800,31.284500,  0,135,0
82446,2007-02-20 11:34:59,121.485600,31.284300, 42,135,0
82446,2007-02-20 11:35:32,121.483500,31.284500, 14,135,1
82446,2007-02-20 11:36:32,121.480000,31.284500, 40,135,1
82446,2007-02-20 11:37:34,121.477800,31.284100, 26,112,1
82446,2007-02-20 11:38:35,121.472500,31.274500, 74, 90,1
82446,2007-02-20 11:40:37,121.458600,31.263800, 54,112,1
82446,2007-02-20 11:41:37,121.452600,31.264300,  0,135,1
82446,2007-02-20 11:42:38,121.452600,31.264300,  0,135,1
82446,2007-02-20 11:43:39,121.452600,31.264300,  0,135,1
82446,2007-02-20 11:44:40,121.452600,31.264300,  0,135,1
82446,2007-02-20 11:45:41,121.452600,31.264300,  0,135,1
82446,2007-02-20 11:45:58,121.452600,31.264300,  0,135,0
82446,2007-02-20 11:46:49,121.446500,31.260000, 14,  0,0
82446,2007-02-20 11:47:05,121.447000,31.260600, 18,  0,1
82446,2007-02-20 11:48:05,121.445300,31.259600,  0,157,1
82446,2007-02-20 11:49:06,121.445300,31.259600,  0,157,1
82446,2007-02-20 11:50:07,121.445300,31.259800, 16,157,1
82446,2007-02-20 11:51:08,121.443300,31.262600, 10,157,1
82446,2007-02-20 11:52:09,121.439800,31.267000,  0,157,1
82446,2007-02-20 11:53:10,121.439800,31.267000,  0,157,1
82446,2007-02-20 11:54:11,121.437100,31.269800,  0,157,1
82446,2007-02-20 11:55:12,121.431600,31.271600, 56,157,1
82446,2007-02-20 11:56:13,121.427600,31.274000,  0,157,1
82446,2007-02-20 11:57:14,121.425600,31.276300,  6,157,1
82446,2007-02-20 11:58:15,121.425500,31.276500, 22,157,1
82446,2007-02-20 11:59:15,121.426800,31.278300,  0,  0,0
82446,2007-02-20 11:59:30,121.426800,31.278300,  0,  0,0
82446,2007-02-20 12:00:31,121.427300,31.278500, 16, 22,0
82446,2007-02-20 12:00:47,121.428500,31.277800, 54, 67,0
82446,2007-02-20 12:01:35,121.432600,31.277300, 36, 22,0
82446,2007-02-20 12:01:55,121.433000,31.277500, 24, 22,1
82446,2007-02-20 12:03:56,121.445500,31.281000, 78, 45,1
82446,2007-02-20 12:04:57,121.447600,31.278000,  0,112,1
82446,2007-02-20 12:06:07,121.448300,31.276600, 38, 67,0
82446,2007-02-20 12:06:39,121.450500,31.273300, 16, 90,0
82446,2007-02-20 12:07:40,121.450500,31.273100,  0, 45,0
82446,2007-02-20 12:08:41,121.452800,31.273800, 30, 45,0
82446,2007-02-20 12:08:57,121.454600,31.274500, 48, 45,0
82446,2007-02-20 12:09:47,121.457600,31.275600, 22, 45,0
82446,2007-02-20 12:10:03,121.459100,31.276500, 20, 45,0
82446,2007-02-20 12:10:19,121.460100,31.275800, 40, 67,0
82446,2007-02-20 12:10:35,121.461100,31.274500, 44, 67,0
82446,2007-02-20 12:10:51,121.462100,31.273100, 52, 67,0
82446,2007-02-20 12:11:23,121.465100,31.273300, 44, 22,0
82446,2007-02-20 12:11:39,121.466300,31.274000, 34, 22,0
82446,2007-02-20 12:11:55,121.467800,31.274800, 30, 22,0
82446,2007-02-20 12:12:11,121.469300,31.275800, 44, 22,0
82446,2007-02-20 12:12:27,121.470100,31.276800, 44, 22,0
82446,2007-02-20 12:12:43,121.470600,31.278600, 34,  0,0
82446,2007-02-20 12:13:02,121.471500,31.279000, 22, 67,0
82446,2007-02-20 12:13:18,121.472600,31.278100, 14, 67,0
82446,2007-02-20 12:13:48,121.473600,31.277600, 32, 67,0
82446,2007-02-20 12:14:04,121.475100,31.277000, 16, 45,0
82446,2007-02-20 12:15:05,121.475300,31.277000,  0, 45,0
82446,2007-02-20 12:15:26,121.476300,31.276600, 46, 45,0
82446,2007-02-20 12:15:49,121.477600,31.276600, 22, 45,0
82446,2007-02-20 12:16:05,121.478800,31.276800, 12, 45,0
82446,2007-02-20 12:16:21,121.480000,31.277300, 38, 22,0
82446,2007-02-20 12:16:37,121.481000,31.277800, 16, 45,0
82446,2007-02-20 12:16:54,121.481500,31.276800, 48, 90,0
82446,2007-02-20 12:17:10,121.482000,31.275100, 40, 90,0
82446,2007-02-20 12:17:26,121.482300,31.273800, 26, 90,0
82446,2007-02-20 12:17:54,121.483300,31.273000, 30, 45,0
82446,2007-02-20 12:18:05,121.484300,31.272800, 40, 45,0
82446,2007-02-20 12:18:21,121.485800,31.272600, 36, 45,0
82446,2007-02-20 12:18:37,121.487500,31.273100, 34, 45,0
82446,2007-02-20 12:18:53,121.488500,31.274000, 20, 22,0
82446,2007-02-20 12:19:25,121.489500,31.276100, 18, 45,0
82446,2007-02-20 12:19:41,121.490600,31.276100, 28, 45,0
82446,2007-02-20 12:19:59,121.491600,31.275800, 24, 90,0
82446,2007-02-20 12:20:15,121.491300,31.274300, 42, 90,0
82446,2007-02-20 12:20:31,121.492000,31.273100, 34, 67,0
82446,2007-02-20 12:20:47,121.491800,31.272300, 40,112,0
82446,2007-02-20 12:21:03,121.490300,31.271000, 42,112,0
82446,2007-02-20 12:22:04,121.489800,31.270600,  4,112,0
82446,2007-02-20 12:22:20,121.488600,31.269600, 48,112,0
82446,2007-02-20 12:22:36,121.487100,31.268300, 46,112,0
82446,2007-02-20 12:22:52,121.486300,31.266600, 38, 90,0
82446,2007-02-20 12:23:08,121.485600,31.265100, 44, 90,0
82446,2007-02-20 12:23:40,121.484000,31.263300, 32,157,0
82446,2007-02-20 12:23:56,121.483500,31.264300, 36,157,0
82446,2007-02-20 12:24:12,121.482100,31.265000, 32,157,0
82446,2007-02-20 12:24:28,121.480800,31.265500, 28,135,0
82446,2007-02-20 12:24:47,121.479600,31.265600, 12,157,0
82446,2007-02-20 12:25:32,121.479000,31.266600, 20,157,0
82446,2007-02-20 12:25:48,121.477600,31.267000, 32,157,0
82446,2007-02-20 12:26:09,121.477600,31.268000, 36,  0,0
82446,2007-02-20 12:26:25,121.477800,31.269500, 38,  0,0
82446,2007-02-20 12:26:41,121.477600,31.270500, 22,135,0
82446,2007-02-20 12:26:57,121.476000,31.271000, 48,157,0
82446,2007-02-20 12:27:13,121.475000,31.271800, 26,  0,0
82446,2007-02-20 12:27:30,121.474800,31.272800, 24,  0,0
82446,2007-02-20 12:27:46,121.474800,31.274100, 40,  0,0
82446,2007-02-20 12:28:02,121.475100,31.275100, 18, 45,0
82446,2007-02-20 12:28:26,121.476000,31.275600, 22,  0,0
82446,2007-02-20 12:28:48,121.477100,31.275600, 24, 67,0
82446,2007-02-20 12:29:49,121.477600,31.276300, 12,  0,0
82446,2007-02-20 12:30:05,121.479000,31.276800, 34, 22,0
82446,2007-02-20 12:30:22,121.479600,31.277500, 22,  0,0
82446,2007-02-20 12:30:38,121.479600,31.278800, 32,  0,0
82446,2007-02-20 12:30:54,121.480500,31.279500, 32, 22,0
82446,2007-02-20 12:31:10,121.481300,31.280800, 36,  0,0
82446,2007-02-20 12:31:49,121.481800,31.281500, 30, 45,0
82446,2007-02-20 12:32:05,121.483800,31.281100, 48, 45,0
82446,2007-02-20 12:32:21,121.486000,31.281100, 52, 45,0
82446,2007-02-20 12:32:37,121.487800,31.281100, 32, 45,0
82446,2007-02-20 12:32:57,121.488100,31.281800, 16,  0,0
82446,2007-02-20 12:33:13,121.488300,31.283000, 34,  0,0
82446,2007-02-20 12:33:34,121.488100,31.284000, 16,157,0
82446,2007-02-20 12:34:16,121.486800,31.284300, 10,135,0
82446,2007-02-20 12:34:32,121.485600,31.284300, 48,135,0
82446,2007-02-20 12:34:48,121.483500,31.284300, 38,135,0
82446,2007-02-20 12:35:04,121.481100,31.284300, 60,135,0
82446,2007-02-20 12:35:20,121.479100,31.284300, 36,135,0
82446,2007-02-20 12:35:48,121.478600,31.285300, 42,  0,0
82446,2007-02-20 12:36:04,121.479100,31.287100, 50,  0,0
82446,2007-02-20 12:36:20,121.480000,31.288800, 48, 22,0
82446,2007-02-20 12:36:36,121.481000,31.290300, 48, 22,0
82446,2007-02-20 12:36:52,121.480800,31.290600,  8,  0,0
82446,2007-02-20 12:37:52,121.480100,31.289500, 52, 22,0
82446,2007-02-20 12:38:37,121.480800,31.290500, 32, 22,0
82446,2007-02-20 12:38:53,121.481800,31.291600, 26, 22,0
82446,2007-02-20 12:39:47,121.482800,31.292100, 26, 22,0
82446,2007-02-20 12:40:03,121.484100,31.293300, 42, 22,0
82446,2007-02-20 12:40:19,121.485300,31.294100, 16, 22,0
82446,2007-02-20 12:41:20,121.485300,31.293800,  0, 67,0
82446,2007-02-20 12:43:22,121.485300,31.293800,  0, 67,0
82446,2007-02-20 12:44:23,121.485300,31.293800,  0, 67,0
82446,2007-02-20 12:45:13,121.493600,31.291100, 46, 90,0
82446,2007-02-20 12:45:29,121.493500,31.290000, 28, 90,0
82446,2007-02-20 12:46:01,121.490500,31.290000, 40,135,0
82446,2007-02-20 12:46:17,121.489000,31.290000, 24,135,0
82446,2007-02-20 12:47:35,121.489800,31.287500, 36, 45,0
82446,2007-02-20 12:48:07,121.494500,31.288600,  4, 22,0
82446,2007-02-20 12:48:23,121.495600,31.289000, 56, 45,0
82446,2007-02-20 12:48:39,121.498100,31.289100, 66, 45,0
82446,2007-02-20 12:48:55,121.500600,31.288600, 54, 45,0
82446,2007-02-20 12:49:11,121.503100,31.287800, 54, 67,0
82446,2007-02-20 12:49:27,121.503300,31.287000, 38,112,0
82446,2007-02-20 12:49:43,121.502300,31.285500, 48,112,0
82446,2007-02-20 12:50:10,121.502000,31.284500, 16, 90,0
82446,2007-02-20 12:50:26,121.501100,31.283100, 56,112,0
82446,2007-02-20 12:50:58,121.499100,31.281100, 32,157,0
82446,2007-02-20 12:51:30,121.496000,31.282300, 40,157,0
82446,2007-02-20 12:51:46,121.494300,31.283000, 42,157,0
82446,2007-02-20 12:52:02,121.492600,31.283600, 30,157,0
82446,2007-02-20 12:52:23,121.491500,31.284000, 30,135,0
82446,2007-02-20 12:52:39,121.490000,31.284100, 36,135,0
82446,2007-02-20 12:52:55,121.488300,31.284100, 46,135,0
82446,2007-02-20 12:53:11,121.486800,31.284300, 10,135,0
82446,2007-02-20 12:54:12,121.486600,31.284300,  0,135,0
82446,2007-02-20 12:55:13,121.485500,31.284300, 38,135,0
82446,2007-02-20 12:55:29,121.483600,31.284300, 28,135,0
82446,2007-02-20 12:55:51,121.482600,31.284000, 28, 90,0
82446,2007-02-20 12:56:07,121.481800,31.282800, 38,112,0
82446,2007-02-20 12:57:08,121.481500,31.281800, 10, 90,0
82446,2007-02-20 12:58:07,121.479500,31.277600, 10, 90,0
82446,2007-02-20 12:59:08,121.479600,31.277500,  0, 90,0
82446,2007-02-20 12:59:35,121.480500,31.277600, 16, 22,0
82446,2007-02-20 13:00:28,121.481600,31.278000, 32, 22,0
82446,2007-02-20 13:01:00,121.485500,31.278100, 54, 45,0
82446,2007-02-20 13:01:16,121.485800,31.277100, 48, 90,0
82446,2007-02-20 13:01:32,121.486300,31.275600, 38, 67,0
82446,2007-02-20 13:01:48,121.487100,31.274000, 58, 67,0
82446,2007-02-20 13:02:04,121.488000,31.272300, 48, 67,0
82446,2007-02-20 13:02:20,121.488800,31.271000, 36, 67,0
82446,2007-02-20 13:03:21,121.489300,31.270500,  0, 67,0
82446,2007-02-20 13:03:50,121.488800,31.269600, 44,112,0
82446,2007-02-20 13:04:06,121.487600,31.268600,  0,112,0
82446,2007-02-20 13:04:49,121.487000,31.267600, 44, 90,0
82446,2007-02-20 13:05:05,121.486100,31.266300, 32, 90,0
82446,2007-02-20 13:05:21,121.485500,31.265000, 40,112,0
82446,2007-02-20 13:05:37,121.484500,31.263300, 38,112,0
82446,2007-02-20 13:05:53,121.484000,31.261800, 50, 90,0
82446,2007-02-20 13:06:09,121.484000,31.260100, 24, 90,0
82446,2007-02-20 13:06:25,121.482800,31.260300, 40,135,0
82446,2007-02-20 13:06:41,121.481500,31.260500, 24,112,0
82446,2007-02-20 13:06:57,121.480600,31.259500, 34,112,0
82446,2007-02-20 13:07:14,121.480000,31.258800, 22,157,0
82446,2007-02-20 13:07:30,121.478800,31.259300, 20,135,0
82446,2007-02-20 13:08:31,121.478500,31.259500, 12,157,0
82446,2007-02-20 13:08:49,121.478300,31.258800, 24, 90,0
82446,2007-02-20 13:09:05,121.478600,31.257800, 30, 90,0
82446,2007-02-20 13:09:41,121.478800,31.256600, 12, 90,0
82446,2007-02-20 13:09:57,121.479100,31.255500, 38, 90,0
82446,2007-02-20 13:10:13,121.479500,31.254300, 18, 90,0
82446,2007-02-20 13:11:13,121.479800,31.253100, 36, 90,0
82446,2007-02-20 13:11:29,121.480100,31.251800, 42, 90,0
82446,2007-02-20 13:11:45,121.480300,31.250500, 10, 90,0
82446,2007-02-20 13:12:20,121.480600,31.249300, 36, 90,0
82446,2007-02-20 13:12:36,121.480800,31.248000, 44, 90,0
82446,2007-02-20 13:12:52,121.481000,31.246800, 24, 90,0
82446,2007-02-20 13:13:08,121.481100,31.245600, 34, 90,0
82446,2007-02-20 13:13:24,121.481500,31.244500, 22, 90,0
82446,2007-02-20 13:13:40,121.481800,31.243300,  6, 90,0
82446,2007-02-20 13:14:21,121.481600,31.242600, 38,135,0
82446,2007-02-20 13:14:37,121.479600,31.242500, 44,135,0
82446,2007-02-20 13:16:14,121.474500,31.241100, 22,135,1
82446,2007-02-20 13:18:16,121.467500,31.242300, 66,157,1
82446,2007-02-20 13:19:17,121.467000,31.244600, 40,  0,1
82446,2007-02-20 13:20:18,121.465100,31.251300, 40,  0,1
82446,2007-02-20 13:22:20,121.462600,31.254600,  0,135,1
82446,2007-02-20 13:22:56,121.462000,31.254600,  0,135,0
82446,2007-02-20 13:23:46,121.461500,31.254500, 32,135,0
82446,2007-02-20 13:24:02,121.459600,31.254100, 42,135,0
82446,2007-02-20 13:24:21,121.459300,31.255000, 16,  0,0
82446,2007-02-20 13:24:56,121.459300,31.256000, 52,  0,0
82446,2007-02-20 13:25:12,121.459300,31.258300, 62,  0,0
82446,2007-02-20 13:25:28,121.459000,31.259600,  0,  0,0
82446,2007-02-20 13:26:29,121.458600,31.260300, 40,157,0
82446,2007-02-20 13:26:45,121.457800,31.262100, 38,  0,0
82446,2007-02-20 13:27:01,121.458500,31.263100, 48, 22,0
82446,2007-02-20 13:27:17,121.460800,31.264000, 58, 45,0
82446,2007-02-20 13:27:33,121.462000,31.264000, 14, 67,0
82446,2007-02-20 13:28:22,121.464100,31.265500, 28, 22,0
82446,2007-02-20 13:28:38,121.465600,31.266300, 44, 45,0
82446,2007-02-20 13:29:10,121.466300,31.266800, 42, 22,0
82446,2007-02-20 13:30:11,121.466800,31.267500,  0, 22,0
82446,2007-02-20 13:30:42,121.467500,31.267100, 50, 67,0
82446,2007-02-20 13:30:58,121.469000,31.265600, 46, 67,0
82446,2007-02-20 13:31:14,121.470300,31.264500, 12, 67,0
82446,2007-02-20 13:32:13,121.471300,31.265000, 30, 22,0
82446,2007-02-20 13:32:48,121.473500,31.266800, 32, 22,0
82446,2007-02-20 13:33:04,121.474600,31.267300, 16, 45,0
82446,2007-02-20 13:35:06,121.474800,31.267500,  0,157,0
82446,2007-02-20 13:35:50,121.475600,31.268100, 40,  0,0
82446,2007-02-20 13:36:06,121.475500,31.270000, 48,  0,0
82446,2007-02-20 13:36:22,121.475100,31.271800, 40,  0,0
82446,2007-02-20 13:36:38,121.474800,31.273100, 34,  0,0
82446,2007-02-20 13:36:54,121.475000,31.274500, 30,  0,0
82446,2007-02-20 13:37:10,121.475300,31.275800, 46,  0,0
82446,2007-02-20 13:37:26,121.475800,31.277000, 14, 45,0
82446,2007-02-20 13:37:42,121.477600,31.276600, 48, 45,0
82446,2007-02-20 13:37:58,121.479300,31.277000, 22, 45,0
82446,2007-02-20 13:38:59,121.479800,31.277100, 22, 22,0
82446,2007-02-20 13:39:15,121.481300,31.278000, 42, 22,0
82446,2007-02-20 13:39:31,121.483300,31.278300, 36, 45,0
82446,2007-02-20 13:39:52,121.484500,31.278300, 30, 45,0
82446,2007-02-20 13:40:08,121.486000,31.278300, 36, 45,0
82446,2007-02-20 13:40:24,121.487300,31.278300, 46, 45,0
82446,2007-02-20 13:41:27,121.491300,31.278100, 20, 45,0
82446,2007-02-20 13:41:43,121.492600,31.278100, 40, 45,0
82446,2007-02-20 13:42:15,121.496000,31.277500, 22, 67,0
82446,2007-02-20 13:43:07,121.496500,31.276600, 32, 67,0
82446,2007-02-20 13:43:24,121.496000,31.276000, 34,112,0
82446,2007-02-20 13:43:56,121.495100,31.275300, 34,112,0
82446,2007-02-20 13:44:12,121.493600,31.274000, 60,112,0
82446,2007-02-20 13:44:28,121.492300,31.272600, 42,112,0
82446,2007-02-20 13:44:58,121.491500,31.272000, 12,112,0
82446,2007-02-20 13:44:59,121.491500,31.272000, 16,112,1
82446,2007-02-20 13:45:59,121.487500,31.274000, 56,157,1
82446,2007-02-20 13:47:00,121.486100,31.276100,  0,157,1
82446,2007-02-20 13:49:02,121.486000,31.278100,  0,  0,1
82446,2007-02-20 13:51:04,121.473800,31.277600, 20,135,1
82446,2007-02-20 13:52:05,121.471000,31.272000, 62,112,1
82446,2007-02-20 13:53:06,121.462500,31.265000, 76,112,1
82446,2007-02-20 13:54:07,121.450100,31.261100, 76,135,1
82446,2007-02-20 13:56:48,121.420000,31.246500, 68,112,1
82446,2007-02-20 13:57:49,121.413800,31.244100, 50,157,1
82446,2007-02-20 13:58:50,121.408600,31.247100,  0,135,1
82446,2007-02-20 13:59:51,121.403800,31.249000, 54,  0,1
82446,2007-02-20 14:00:52,121.402600,31.252500,  0,  0,1
82446,2007-02-20 14:01:52,121.402600,31.252500,  0,  0,1
82446,2007-02-20 14:02:54,121.402600,31.252800, 38,  0,1
82446,2007-02-20 14:03:55,121.402100,31.257800, 36, 22,1
82446,2007-02-20 14:04:56,121.405500,31.259600, 12, 22,1
82446,2007-02-20 14:05:56,121.406000,31.260500,  0,  0,0
82446,2007-02-20 14:06:12,121.406000,31.260500,  0,  0,0
82446,2007-02-20 14:07:12,121.406000,31.260500,  0, 67,0
82446,2007-02-20 14:07:57,121.405300,31.259600, 24,112,0
82446,2007-02-20 14:08:29,121.403100,31.258300, 28,112,0
82446,2007-02-20 14:08:45,121.402100,31.257800, 34,112,0
82446,2007-02-20 14:09:09,121.401100,31.257500,  6,135,0
82446,2007-02-20 14:09:25,121.400800,31.258500, 48,  0,0
82446,2007-02-20 14:09:41,121.400500,31.259600,  0,157,0
82446,2007-02-20 14:10:42,121.400500,31.259600,  4,157,0
82446,2007-02-20 14:10:53,121.400500,31.259800, 14, 22,1
82446,2007-02-20 14:11:53,121.405100,31.263800, 46,  0,1
82446,2007-02-20 14:12:55,121.405800,31.270100, 52,  0,1
82446,2007-02-20 14:13:56,121.413800,31.267100, 42, 45,1
82446,2007-02-20 14:14:57,121.417100,31.266600, 24, 45,1
82446,2007-02-20 14:15:57,121.418800,31.265300, 24, 90,1
82446,2007-02-20 14:16:59,121.423000,31.261600, 48, 45,1
82446,2007-02-20 14:18:00,121.426100,31.261500,  0, 45,1
82446,2007-02-20 14:19:01,121.431600,31.262300, 70, 22,1
82446,2007-02-20 14:20:02,121.433600,31.263800, 12, 22,1
82446,2007-02-20 14:21:02,121.434600,31.264300, 30, 22,1
82446,2007-02-20 14:21:47,121.435800,31.265000,  0, 22,0
82446,2007-02-20 14:22:02,121.435800,31.265000,  0, 22,0
82446,2007-02-20 14:22:42,121.436600,31.265600, 40, 22,0
82446,2007-02-20 14:22:59,121.438300,31.266500, 36, 22,0
82446,2007-02-20 14:24:00,121.438800,31.267000,  0, 22,0
82446,2007-02-20 14:24:25,121.439800,31.267500, 38, 22,0
82446,2007-02-20 14:24:41,121.441300,31.268500, 36, 22,0
82446,2007-02-20 14:24:57,121.443100,31.269500, 52, 22,0
82446,2007-02-20 14:25:12,121.444300,31.270100, 12, 22,0
82446,2007-02-20 14:25:32,121.445100,31.270800, 26, 22,0
82446,2007-02-20 14:25:49,121.446300,31.271500, 30, 22,0
82446,2007-02-20 14:26:05,121.447500,31.272000, 30, 22,0
82446,2007-02-20 14:26:21,121.449100,31.272600, 40, 22,0
82446,2007-02-20 14:26:37,121.450300,31.273000, 10, 45,0
82446,2007-02-20 14:27:37,121.450300,31.273000,  0, 45,0
82446,2007-02-20 14:28:29,121.451500,31.273300,  8, 22,0
82446,2007-02-20 14:28:51,121.452600,31.273800, 28, 45,0
82446,2007-02-20 14:29:07,121.453800,31.274300, 34, 45,0
82446,2007-02-20 14:29:22,121.455000,31.274600, 28, 45,0
82446,2007-02-20 14:29:39,121.456100,31.275300, 22, 22,0
82446,2007-02-20 14:30:27,121.456800,31.276000, 26,157,0
82446,2007-02-20 14:31:02,121.456100,31.277000, 36,157,0
82446,2007-02-20 14:31:19,121.455000,31.278600, 46,157,0
82446,2007-02-20 14:31:35,121.454300,31.280500, 44,  0,0
82446,2007-02-20 14:31:54,121.454300,31.281300, 28, 45,0
82446,2007-02-20 14:32:10,121.456100,31.281500, 32, 45,0
82446,2007-02-20 14:33:24,121.459100,31.281800, 38, 45,0
82446,2007-02-20 14:33:42,121.460100,31.282000, 20, 45,0
82446,2007-02-20 14:33:59,121.461500,31.282000, 38, 45,0
82446,2007-02-20 14:34:15,121.463600,31.281500, 60, 45,0
82446,2007-02-20 14:34:31,121.465300,31.281300, 40, 45,0
82446,2007-02-20 14:34:47,121.467100,31.280800, 38, 45,0
82446,2007-02-20 14:35:02,121.468600,31.280300, 34, 45,0
82446,2007-02-20 14:35:17,121.469100,31.280000, 24, 45,1
82446,2007-02-20 14:36:19,121.471800,31.284800,  0,  0,1
82446,2007-02-20 14:37:20,121.472100,31.286600, 46,  0,1
82446,2007-02-20 14:38:21,121.472500,31.288100,  0, 22,1
82446,2007-02-20 14:39:22,121.472800,31.292600, 34,  0,1
82446,2007-02-20 14:40:22,121.472000,31.297300, 56,  0,1
82446,2007-02-20 14:41:00,121.470800,31.299000,  0,135,0
82446,2007-02-20 14:41:16,121.470800,31.299000,  0,135,0
82446,2007-02-20 14:41:57,121.469600,31.299100, 34,135,0
82446,2007-02-20 14:42:13,121.467800,31.299100, 46,135,0
82446,2007-02-20 14:42:30,121.466500,31.299300, 38,  0,0
82446,2007-02-20 14:42:46,121.466600,31.301100, 42,  0,0
82446,2007-02-20 14:43:01,121.467000,31.302100, 34, 45,0
82446,2007-02-20 14:43:17,121.468500,31.302000, 28, 45,0
82446,2007-02-20 14:43:33,121.470100,31.301800, 40, 45,0
82446,2007-02-20 14:45:22,121.476600,31.302300, 16,  0,0
82446,2007-02-20 14:45:59,121.476600,31.303300, 28,  0,0
82446,2007-02-20 14:46:15,121.476600,31.305000, 42,  0,0
82446,2007-02-20 14:46:31,121.476600,31.306500, 32,  0,0
82446,2007-02-20 14:46:47,121.476600,31.308300, 48,  0,0
82446,2007-02-20 14:47:03,121.476800,31.309600, 22, 22,0
82446,2007-02-20 14:47:19,121.478800,31.309800, 64, 45,0
82446,2007-02-20 14:48:00,121.481000,31.311000, 52,  0,0
82446,2007-02-20 14:48:16,121.481000,31.313300, 74,  0,0
82446,2007-02-20 14:49:04,121.481000,31.321100, 54,  0,0
82446,2007-02-20 14:50:49,121.481100,31.322300, 32, 22,0
82446,2007-02-20 14:51:05,121.482300,31.323600, 48,  0,0
82446,2007-02-20 14:52:22,121.483800,31.325100,  0,  0,0
82446,2007-02-20 15:38:48,121.485600,31.310500, 14, 90,0
82446,2007-02-20 15:39:31,121.485600,31.307800, 36, 90,0
82446,2007-02-20 15:39:47,121.485600,31.306300, 18, 67,0
82446,2007-02-20 15:40:03,121.487500,31.305800, 56, 45,0
82446,2007-02-20 15:40:35,121.491600,31.304500, 42, 45,0
82446,2007-02-20 15:40:51,121.493300,31.304000, 46, 45,0
82446,2007-02-20 15:41:07,121.494600,31.303600, 10, 45,0
82446,2007-02-20 15:41:32,121.495600,31.303300, 42, 45,0
82446,2007-02-20 15:41:48,121.497100,31.302300, 28, 45,0
82446,2007-02-20 15:42:04,121.498800,31.302800, 54, 45,0
82446,2007-02-20 15:42:20,121.500800,31.303600, 42, 22,0
82446,2007-02-20 15:42:36,121.501800,31.304000, 22, 67,0
82446,2007-02-20 15:42:59,121.502300,31.303000, 20, 67,0
82446,2007-02-20 15:43:15,121.503100,31.301600, 44, 67,0
82446,2007-02-20 15:43:31,121.503800,31.300600, 22, 67,0
82446,2007-02-20 15:43:47,121.504500,31.299500, 34, 67,0
82446,2007-02-20 15:44:03,121.505300,31.298100, 52, 67,0
82446,2007-02-20 15:44:19,121.506800,31.297000, 34, 67,0
82446,2007-02-20 15:44:52,121.506100,31.294500, 46,112,0
82446,2007-02-20 15:45:08,121.505600,31.293500, 20, 90,0
82446,2007-02-20 15:45:38,121.506300,31.292800, 32,112,0
82446,2007-02-20 15:45:55,121.505800,31.291800,  8,112,0
82446,2007-02-20 15:46:56,121.505800,31.291800,  0, 90,0
82446,2007-02-20 15:47:16,121.505300,31.290800, 46,112,0
82446,2007-02-20 15:47:32,121.504100,31.288800, 62,112,0
82446,2007-02-20 15:47:48,121.503100,31.286800, 56,112,0
82446,2007-02-20 15:48:04,121.502100,31.285000, 42,112,0
82446,2007-02-20 15:48:20,121.501500,31.283800, 50,112,0
82446,2007-02-20 15:48:36,121.500800,31.282500, 30,112,0
82446,2007-02-20 15:49:08,121.499500,31.279600, 54,112,0
82446,2007-02-20 15:49:24,121.498000,31.277800, 56,112,0
82446,2007-02-20 15:49:58,121.497100,31.277100, 20,112,0
82446,2007-02-20 15:50:30,121.494600,31.275000, 52,112,0
82446,2007-02-20 15:51:02,121.491500,31.272000, 44,112,0
82446,2007-02-20 15:51:18,121.490000,31.270800, 34,112,0
82446,2007-02-20 15:52:19,121.489600,31.270600,  0,112,0
82446,2007-02-20 15:53:02,121.489000,31.269800, 50,112,0
82446,2007-02-20 15:53:18,121.487300,31.268300, 70,112,0
82446,2007-02-20 15:53:34,121.486100,31.266300, 44, 90,0
82446,2007-02-20 15:53:50,121.485500,31.265000, 38, 90,0
82446,2007-02-20 15:54:06,121.485000,31.263800, 38, 90,0
82446,2007-02-20 15:54:24,121.484600,31.263000, 14,112,0
82446,2007-02-20 15:54:43,121.483600,31.263500, 28,157,0
82446,2007-02-20 15:55:16,121.482000,31.265100, 44,157,0
82446,2007-02-20 15:55:53,121.480600,31.265500, 16,135,0
82446,2007-02-20 15:56:54,121.480000,31.265600,  0,135,0
82446,2007-02-20 15:57:55,121.480000,31.265600,  0,135,0
82446,2007-02-20 15:58:32,121.479300,31.265000, 26, 90,0
82446,2007-02-20 15:59:24,121.479000,31.263800, 28,112,0
82446,2007-02-20 16:00:25,121.479000,31.262800,  0, 90,0
82446,2007-02-20 16:01:04,121.478600,31.261600, 22, 90,0
82446,2007-02-20 16:02:05,121.478600,31.261500,  0,112,0
82446,2007-02-20 16:02:41,121.478300,31.260500, 10, 90,0
82446,2007-02-20 16:03:34,121.478600,31.257300, 38, 90,0
82446,2007-02-20 16:03:50,121.479000,31.256100, 22, 90,0
82446,2007-02-20 16:04:12,121.479100,31.255100, 22, 90,0
82446,2007-02-20 16:05:13,121.479300,31.254800, 16, 90,0
82446,2007-02-20 16:05:29,121.479600,31.253800, 24, 90,0
82446,2007-02-20 16:05:47,121.479800,31.252800, 24, 90,0
82446,2007-02-20 16:06:48,121.479800,31.252100,  0, 90,0
82446,2007-02-20 16:07:49,121.480100,31.251300, 28, 90,0
82446,2007-02-20 16:08:36,121.480600,31.249100, 16, 90,1
82446,2007-02-20 16:09:36,121.478300,31.245800, 38,135,1
82446,2007-02-20 16:10:37,121.477800,31.245600, 16,135,1
82446,2007-02-20 16:11:38,121.471600,31.245000, 36,135,1
82446,2007-02-20 16:12:39,121.472000,31.241000, 12, 67,1
82446,2007-02-20 16:13:40,121.468600,31.239800, 28,135,1
82446,2007-02-20 16:14:41,121.465100,31.240300,  8,135,1
82446,2007-02-20 16:15:42,121.460800,31.240500, 22,112,1
82446,2007-02-20 16:16:43,121.459500,31.241300, 54,  0,1
82446,2007-02-20 16:17:44,121.453500,31.239300, 42,112,1
82446,2007-02-20 16:18:45,121.450100,31.238600, 50,112,1
82446,2007-02-20 16:19:46,121.447000,31.237300, 50,112,1
82446,2007-02-20 16:20:47,121.443000,31.235800,  8,112,1
82446,2007-02-20 16:21:48,121.438600,31.234100, 40,112,1
82446,2007-02-20 16:22:49,121.435100,31.232500,  4,112,1
82446,2007-02-20 16:23:50,121.432000,31.229000,  0,112,1
82446,2007-02-20 16:24:51,121.430600,31.228300, 50,112,1
82446,2007-02-20 16:25:36,121.428300,31.228300,  0,157,0
82446,2007-02-20 16:26:24,121.425600,31.229600, 50,157,0
82446,2007-02-20 16:26:40,121.424000,31.230500, 44,157,0
82446,2007-02-20 16:29:05,121.425600,31.235300, 48, 22,0
82446,2007-02-20 16:29:21,121.426600,31.237000, 48,  0,0
82446,2007-02-20 16:29:37,121.427000,31.238100,  0, 22,0
82446,2007-02-20 16:30:00,121.427800,31.238800, 32, 22,0
82446,2007-02-20 16:30:16,121.429300,31.239300, 44, 45,0
82446,2007-02-20 16:30:32,121.430800,31.239800,  0, 22,0
82446,2007-02-20 16:31:49,121.432100,31.241300, 20, 22,0
82446,2007-02-20 16:32:31,121.435100,31.243600, 76, 22,0
82446,2007-02-20 16:32:47,121.437000,31.244800, 14, 45,0
82446,2007-02-20 16:33:03,121.437600,31.244000, 32, 67,0
82446,2007-02-20 16:33:42,121.438300,31.243100, 38, 67,0
82446,2007-02-20 16:33:58,121.439300,31.242300, 10, 67,0
82446,2007-02-20 16:34:26,121.440100,31.241600, 44, 67,0
82446,2007-02-20 16:34:42,121.441300,31.240600, 24, 67,0
82446,2007-02-20 16:35:51,121.443500,31.238000, 30, 67,0
82446,2007-02-20 16:36:34,121.445100,31.236300, 32, 67,0
82446,2007-02-20 16:37:06,121.446000,31.235500, 30, 67,0
82446,2007-02-20 16:37:22,121.446800,31.234600, 34, 67,0
82446,2007-02-20 16:37:38,121.447500,31.233500, 50, 67,0
82446,2007-02-20 16:37:54,121.448300,31.232000, 20, 90,0
82446,2007-02-20 16:38:15,121.448600,31.231100, 36, 67,0
82446,2007-02-20 16:38:31,121.449600,31.230000, 36, 67,0
82446,2007-02-20 16:38:47,121.450500,31.229100, 24, 45,0
82446,2007-02-20 16:39:23,121.451500,31.229800,  4,157,0
82446,2007-02-20 16:39:54,121.452500,31.230500, 36, 22,0
82446,2007-02-20 16:40:10,121.453800,31.231300, 34, 22,0
82446,2007-02-20 16:41:00,121.454600,31.232000, 20, 22,0
82446,2007-02-20 16:42:01,121.455000,31.232100,  4, 22,0
82446,2007-02-20 16:43:41,121.456000,31.232300,  0, 22,0
82446,2007-02-20 16:44:41,121.456800,31.232600, 16, 45,0
82446,2007-02-20 16:45:04,121.458100,31.232800, 44, 45,0
82446,2007-02-20 16:45:38,121.459100,31.232600, 20, 45,1
82446,2007-02-20 16:46:38,121.462500,31.234300,  6,  0,1
82446,2007-02-20 16:47:39,121.463100,31.237000, 32, 22,1
82446,2007-02-20 16:48:40,121.467800,31.239000, 60, 22,1
82446,2007-02-20 16:49:41,121.467000,31.243800,  6,  0,1
82446,2007-02-20 16:50:42,121.466100,31.248100, 44,  0,1
82446,2007-02-20 16:51:43,121.465000,31.251600,  0,  0,1
82446,2007-02-20 16:52:44,121.465000,31.255100, 32, 22,1
82446,2007-02-20 16:53:45,121.470000,31.258600, 50, 22,1
82446,2007-02-20 16:54:40,121.471800,31.259600,  0, 67,0
82446,2007-02-20 16:54:55,121.471800,31.259600,  0, 67,0
82446,2007-02-20 16:55:46,121.471300,31.259000, 30, 67,0
82446,2007-02-20 16:56:02,121.472300,31.258000, 14, 67,0
82446,2007-02-20 16:57:29,121.473000,31.259600, 38,  0,0
82446,2007-02-20 16:57:45,121.474000,31.261500, 42, 22,0
82446,2007-02-20 16:58:23,121.475300,31.264600,  0,  0,0
82446,2007-02-20 16:58:47,121.475100,31.265500, 42,  0,0
82446,2007-02-20 16:59:03,121.475100,31.267000, 40,  0,0
82446,2007-02-20 16:59:23,121.474600,31.267800, 26,157,0
82446,2007-02-20 16:59:39,121.473300,31.268500, 36,157,0
82446,2007-02-20 16:59:55,121.471500,31.269100, 44,157,0
82446,2007-02-20 17:00:11,121.470100,31.270000, 26,135,0
82446,2007-02-20 17:01:12,121.469800,31.270000,  0,157,0
82446,2007-02-20 17:01:35,121.469000,31.270500, 14,157,1
82446,2007-02-20 17:02:36,121.466800,31.274300, 52, 22,1
82446,2007-02-20 17:03:37,121.470800,31.279000,  0, 22,1
82446,2007-02-20 17:04:38,121.471600,31.283600, 28,  0,1
82446,2007-02-20 17:05:29,121.472600,31.289600,  0,  0,0
82446,2007-02-20 17:05:44,121.472800,31.289800,  0,  0,0
82446,2007-02-20 17:06:06,121.473000,31.290600, 12,  0,0
82446,2007-02-20 17:06:29,121.473000,31.291800, 10,  0,0
82446,2007-02-20 17:06:51,121.472600,31.292800, 30,  0,0
82446,2007-02-20 17:07:23,121.472100,31.295500, 40,  0,0
82446,2007-02-20 17:07:56,121.471500,31.296500, 32,135,0
82446,2007-02-20 17:08:12,121.469500,31.296300, 44,135,0
82446,2007-02-20 17:08:28,121.467600,31.296500, 46,135,0
82446,2007-02-20 17:08:44,121.466500,31.296800, 32,  0,0
82446,2007-02-20 17:09:16,121.466600,31.299500, 40,  0,0
82446,2007-02-20 17:09:32,121.466500,31.300800, 30,  0,0
82446,2007-02-20 17:10:20,121.466600,31.301800, 18,  0,0
82446,2007-02-20 17:10:36,121.467600,31.302000, 40, 45,0
82446,2007-02-20 17:10:52,121.469500,31.302000, 42, 45,0
82446,2007-02-20 17:11:08,121.469100,31.302000, 36,135,0
82446,2007-02-20 17:12:09,121.468500,31.302100,  0,135,0
82446,2007-02-20 17:12:43,121.467100,31.302100, 48,135,0
82446,2007-02-20 17:12:59,121.466500,31.302600, 24,  0,0
82446,2007-02-20 17:13:33,121.466500,31.303600, 46,  0,0
82446,2007-02-20 17:13:49,121.466500,31.305300, 42,  0,0
82446,2007-02-20 17:14:05,121.467000,31.306300, 32, 45,0
82446,2007-02-20 17:14:21,121.468800,31.306100, 44, 45,0
82446,2007-02-20 17:15:22,121.469500,31.306000,  0, 45,0
82446,2007-02-20 17:15:42,121.470600,31.306100, 48, 45,0
82446,2007-02-20 17:15:58,121.471600,31.306800, 36,  0,0
82446,2007-02-20 17:16:14,121.471600,31.308300, 30,  0,0
82446,2007-02-20 17:17:15,121.471600,31.308600,  0,  0,0
82446,2007-02-20 17:17:47,121.470600,31.309000, 46,  0,0
82446,2007-02-20 17:18:03,121.468000,31.308600, 60,135,0
82446,2007-02-20 17:18:19,121.465100,31.308300, 68,135,0
82446,2007-02-20 17:18:35,121.463500,31.308300,  4,135,0
82446,2007-02-20 17:19:36,121.462300,31.308100, 58,135,0
82446,2007-02-20 17:19:52,121.460000,31.308000, 62,135,0
82446,2007-02-20 17:20:08,121.458000,31.307800, 20,157,0
82446,2007-02-20 17:20:24,121.458100,31.309500, 46,  0,0
82446,2007-02-20 17:20:40,121.457500,31.310100, 40,135,0
82446,2007-02-20 17:21:13,121.455100,31.309300, 42, 90,0
82446,2007-02-20 17:21:29,121.455300,31.308000, 10, 90,0
82446,2007-02-20 17:22:12,121.454500,31.307600, 36,135,0
82446,2007-02-20 17:22:28,121.452800,31.307500, 38,135,0
82446,2007-02-20 17:22:44,121.451100,31.307300, 22,135,0
82446,2007-02-20 17:23:01,121.450000,31.307300, 38,135,0
82446,2007-02-20 17:23:17,121.448300,31.307300, 32,135,0
82446,2007-02-20 17:23:45,121.447100,31.307500, 36,135,0
82446,2007-02-20 17:25:02,121.444500,31.307600,  0,135,0
82446,2007-02-20 17:26:03,121.444500,31.307600,  0,135,0
82446,2007-02-20 17:27:20,121.442500,31.307500, 34,135,0
82446,2007-02-20 17:27:36,121.441000,31.307300,  8,135,0
82446,2007-02-20 17:27:53,121.440000,31.307300, 32,135,0
82446,2007-02-20 17:28:09,121.438300,31.307100, 32,135,0
82446,2007-02-20 17:28:29,121.437100,31.307000, 20,135,0
82446,2007-02-20 17:28:45,121.436100,31.306800, 26,135,0
82446,2007-02-20 17:29:01,121.434800,31.306800, 36,135,0
82446,2007-02-20 17:29:23,121.433800,31.306500, 20,135,1
82446,2007-02-20 17:30:23,121.429800,31.305800, 20,135,1
82446,2007-02-20 17:31:24,121.427100,31.305500, 30,135,1
82446,2007-02-20 17:32:25,121.417600,31.304800, 62,135,1
82446,2007-02-20 17:33:26,121.411800,31.304500, 68,135,1
82446,2007-02-20 17:34:27,121.406800,31.305600,  0,  0,1
82446,2007-02-20 17:34:28,121.406800,31.305600,  0,  0,0
82446,2007-02-20 17:35:26,121.406800,31.304800, 44, 90,0
82446,2007-02-20 17:35:42,121.407600,31.304300, 34, 45,0
82446,2007-02-20 17:35:58,121.408600,31.304000, 30, 67,0
82446,2007-02-20 17:36:14,121.410500,31.304300, 50, 45,0
82446,2007-02-20 17:36:30,121.412800,31.304500, 44, 45,0
82446,2007-02-20 17:37:31,121.413300,31.304500,  0, 45,0
82446,2007-02-20 17:38:01,121.414300,31.304500, 46, 45,0
82446,2007-02-20 17:38:17,121.416800,31.304600, 52, 45,0
82446,2007-02-20 17:38:33,121.419300,31.304800, 60, 45,0
82446,2007-02-20 17:38:49,121.421600,31.304800, 48, 45,0
82446,2007-02-20 17:39:05,121.424000,31.305000, 58, 45,0
82446,2007-02-20 17:39:21,121.425600,31.305100, 34, 45,0
82446,2007-02-20 17:39:37,121.427300,31.305500, 22, 45,0
82446,2007-02-20 17:40:05,121.427600,31.304600, 16, 67,0
82446,2007-02-20 17:41:06,121.428000,31.304100,  0, 45,0
82446,2007-02-20 17:42:07,121.427800,31.304500,  0, 22,0
82446,2007-02-20 17:43:08,121.427800,31.304500,  0, 22,0
82446,2007-02-20 17:44:09,121.427800,31.304500,  0, 22,0
82446,2007-02-20 17:49:59,121.427800,31.304500,  0, 22,0
82446,2007-02-20 17:51:00,121.427800,31.304500,  0, 22,0
82446,2007-02-20 17:52:01,121.427800,31.304500,  0, 22,0
82446,2007-02-20 17:53:02,121.427800,31.304500,  0, 22,0
82446,2007-02-20 17:59:04,121.427800,31.304500,  0, 22,0
82446,2007-02-20 18:00:05,121.427800,31.304500,  0, 22,0
82446,2007-02-20 18:01:06,121.427800,31.304500,  0, 22,0
82446,2007-02-20 18:02:07,121.427800,31.304500,  0, 22,0
82446,2007-02-20 18:03:08,121.427800,31.304500,  0, 22,0
82446,2007-02-20 18:05:10,121.427800,31.304500,  0, 22,0
82446,2007-02-20 18:06:11,121.427800,31.304500,  0, 22,0
82446,2007-02-20 18:07:12,121.427800,31.304500,  0, 22,0
82446,2007-02-20 18:08:13,121.427800,31.304500,  0, 22,0
82446,2007-02-20 18:09:14,121.427800,31.304500,  0, 22,0
82446,2007-02-20 18:10:15,121.427800,31.304500,  0, 22,0
82446,2007-02-20 18:11:16,121.427800,31.304500,  0, 22,0
82446,2007-02-20 18:12:41,121.427800,31.304500,  0, 22,0
82446,2007-02-20 18:13:42,121.427800,31.304500,  0, 22,0
82446,2007-02-20 18:14:43,121.427800,31.304500,  0, 22,0
82446,2007-02-20 18:15:44,121.427800,31.304500,  0, 22,0
82446,2007-02-20 18:16:45,121.427800,31.304500,  0, 22,0
82446,2007-02-20 18:17:46,121.427800,31.304500,  0, 22,0
82446,2007-02-20 18:18:47,121.427800,31.304500,  0, 22,0
82446,2007-02-20 18:20:49,121.427800,31.304500,  0, 22,0
82446,2007-02-20 18:21:50,121.427800,31.304500,  0, 22,0
82446,2007-02-20 18:22:51,121.427800,31.304500,  0, 22,0
82446,2007-02-20 18:23:52,121.427800,31.304500,  0, 22,0
82446,2007-02-20 18:24:53,121.427800,31.304500,  0, 22,0
82446,2007-02-20 18:25:54,121.427800,31.304500,  0, 22,0
82446,2007-02-20 18:26:55,121.427800,31.304500,  0, 22,0
82446,2007-02-20 18:27:56,121.427800,31.304500,  0, 22,0
82446,2007-02-20 18:28:57,121.427800,31.304500,  0, 22,0
82446,2007-02-20 18:29:58,121.427800,31.304500,  0, 22,0
82446,2007-02-20 18:30:59,121.427800,31.304500,  0, 22,0
82446,2007-02-20 18:32:00,121.427800,31.304500,  0, 22,0
82446,2007-02-20 18:34:02,121.427800,31.304500,  0, 22,0
82446,2007-02-20 18:35:03,121.427800,31.304500,  0, 22,0
82446,2007-02-20 18:36:04,121.427800,31.304500,  0, 22,0
82446,2007-02-20 18:37:05,121.427800,31.304500,  0, 22,0
82446,2007-02-20 18:38:06,121.427800,31.304500,  0, 22,0
82446,2007-02-20 18:39:07,121.427800,31.304500,  0, 22,0
82446,2007-02-20 18:40:08,121.427800,31.304500,  0, 22,0
82446,2007-02-20 18:41:09,121.427800,31.304500,  0, 22,0
82446,2007-02-20 18:42:10,121.427800,31.304500,  0, 22,0
82446,2007-02-20 18:43:11,121.427800,31.304500,  0, 22,0
82446,2007-02-20 18:44:12,121.427800,31.304500,  0, 22,0
82446,2007-02-20 18:45:13,121.427800,31.304500,  0, 22,0
82446,2007-02-20 18:46:14,121.427800,31.304500,  0, 22,0
82446,2007-02-20 18:47:15,121.427800,31.304500,  0, 22,0
82446,2007-02-20 19:42:09,121.427800,31.304500,  0, 22,0
82446,2007-02-20 19:43:10,121.427800,31.304500,  0, 22,0
82446,2007-02-20 19:44:11,121.427800,31.304600,  0, 22,0
82446,2007-02-20 19:45:11,121.427800,31.304600,  0, 22,0
82446,2007-02-20 19:46:13,121.427800,31.304600,  0, 22,0
82446,2007-02-20 19:47:14,121.427800,31.304600,  0, 22,0
82446,2007-02-20 19:48:15,121.427800,31.304600,  0, 22,0
82446,2007-02-20 19:49:16,121.427800,31.304600,  0, 22,0
82446,2007-02-20 19:51:18,121.427800,31.304600,  0, 22,0
82446,2007-02-20 19:53:20,121.427800,31.304600,  0, 22,0
82446,2007-02-20 19:54:21,121.427800,31.304600,  0, 22,0
82446,2007-02-20 19:56:23,121.427800,31.304600,  0, 22,0
82446,2007-02-20 19:58:25,121.427800,31.304600,  0, 22,0
82446,2007-02-20 19:59:26,121.427800,31.304600,  0, 22,0
82446,2007-02-20 20:00:26,121.427800,31.304600,  0, 22,0
82446,2007-02-20 20:01:28,121.427800,31.304600,  0, 22,0
82446,2007-02-20 20:02:29,121.427800,31.304600,  0, 22,0
82446,2007-02-20 20:03:30,121.427800,31.304600,  0, 22,0
82446,2007-02-20 20:04:31,121.427800,31.304600,  0, 22,0
82446,2007-02-20 20:05:31,121.427800,31.304600,  0, 22,0
82446,2007-02-20 20:07:34,121.427800,31.304600,  0, 22,0
82446,2007-02-20 20:08:35,121.427800,31.304600,  0, 22,0
82446,2007-02-20 20:09:36,121.427600,31.304600,  0, 22,0
82446,2007-02-20 20:10:36,121.427600,31.304600,  0, 22,0
82446,2007-02-20 20:11:37,121.427600,31.304600,  0, 22,0
82446,2007-02-20 20:12:38,121.427600,31.304600,  0, 22,0
82446,2007-02-20 20:14:40,121.427600,31.304600,  0, 22,0
82446,2007-02-20 20:16:42,121.427800,31.304600,  0, 22,0
82446,2007-02-20 20:17:43,121.427800,31.304600,  0, 22,0
82446,2007-02-20 20:18:44,121.427800,31.304600,  0, 22,0
82446,2007-02-20 20:19:45,121.427800,31.304600,  0, 22,0
82446,2007-02-20 20:20:46,121.427800,31.304600,  0, 22,0
82446,2007-02-20 20:21:47,121.427800,31.304600,  0, 22,0
82446,2007-02-20 20:23:49,121.427800,31.304600,  0, 22,0
82446,2007-02-20 20:25:51,121.427800,31.304600,  0, 22,0
82446,2007-02-20 20:26:52,121.427800,31.304600,  0, 22,0
82446,2007-02-20 20:27:53,121.427800,31.304600,  0, 22,0
82446,2007-02-20 20:28:54,121.427800,31.304600,  0, 22,0
82446,2007-02-20 20:29:55,121.427800,31.304600,  0, 22,0
82446,2007-02-20 20:30:56,121.427800,31.304600,  0, 22,0
82446,2007-02-20 20:31:57,121.427800,31.304600,  0, 22,0
82446,2007-02-20 20:32:58,121.427800,31.304600,  0, 22,0
82446,2007-02-20 20:35:00,121.427800,31.304600,  0, 22,0
82446,2007-02-20 20:36:01,121.427800,31.304600,  0, 22,0
82446,2007-02-20 20:37:02,121.427800,31.304600,  0, 22,0
82446,2007-02-20 20:38:03,121.427800,31.304600,  0, 22,0
82446,2007-02-20 20:39:04,121.427800,31.304600,  0, 22,0
82446,2007-02-20 20:40:05,121.427800,31.304600,  0, 22,0
82446,2007-02-20 20:41:06,121.427800,31.304600,  0, 22,0
82446,2007-02-20 20:42:07,121.427800,31.304600,  0, 22,0
82446,2007-02-20 20:43:08,121.427800,31.304600,  0, 22,0
82446,2007-02-20 20:44:09,121.427800,31.304600,  0, 22,0
82446,2007-02-20 20:45:10,121.427800,31.304600,  0, 22,0
82446,2007-02-20 20:46:11,121.427800,31.304600,  0, 22,0
82446,2007-02-20 20:47:12,121.427800,31.304600,  0, 22,0
82446,2007-02-20 20:48:13,121.427800,31.304600,  0, 22,0
82446,2007-02-20 20:49:14,121.427800,31.304600,  0, 22,0
82446,2007-02-20 20:50:15,121.427800,31.304600,  0, 22,0
82446,2007-02-20 20:51:16,121.427800,31.304600,  0, 22,0
82446,2007-02-20 20:53:18,121.427800,31.304600,  0, 22,0
82446,2007-02-20 20:54:19,121.427800,31.304600,  0, 22,0
82446,2007-02-20 20:55:20,121.427800,31.304600,  0, 22,0
82446,2007-02-20 20:56:21,121.427800,31.304600,  0, 22,0
82446,2007-02-20 20:57:22,121.427800,31.304600,  0, 22,0
82446,2007-02-20 20:58:23,121.427800,31.304600,  0, 22,0
82446,2007-02-20 21:00:25,121.427800,31.304600,  0, 22,0
82446,2007-02-20 21:01:26,121.427800,31.304600,  0, 22,0
82446,2007-02-20 21:02:27,121.427800,31.304600,  0, 22,0
82446,2007-02-20 21:03:28,121.427800,31.304600,  0, 22,0
82446,2007-02-20 21:04:29,121.427800,31.304600,  0, 22,0
82446,2007-02-20 21:05:30,121.427800,31.304600,  0, 22,0
82446,2007-02-20 21:06:31,121.427800,31.304600,  0, 22,0
82446,2007-02-20 21:07:32,121.427800,31.304600,  0, 22,0
82446,2007-02-20 21:08:33,121.427800,31.304600,  0, 22,0
82446,2007-02-20 21:09:34,121.427800,31.304600,  0, 22,0
82446,2007-02-20 21:10:35,121.427800,31.304600,  0, 22,0
82446,2007-02-20 21:11:36,121.427800,31.304600,  0, 22,0
82446,2007-02-20 21:13:38,121.427800,31.304600,  0, 22,0
82446,2007-02-20 21:14:39,121.427800,31.304600,  0, 22,0
82446,2007-02-20 21:15:40,121.427800,31.304600,  0, 22,0
82446,2007-02-20 21:16:41,121.427800,31.304600,  0, 22,0
82446,2007-02-20 21:17:42,121.427800,31.304600,  0, 22,0
82446,2007-02-20 21:18:43,121.427800,31.304600,  0, 22,0
82446,2007-02-20 21:19:44,121.427800,31.304600,  0, 22,0
82446,2007-02-20 21:20:45,121.427800,31.304600,  0, 22,0
82446,2007-02-20 21:21:28,121.427600,31.305300, 18, 45,0
82446,2007-02-20 21:21:44,121.429300,31.305500, 42, 45,0
82446,2007-02-20 21:22:00,121.431100,31.305800, 48, 45,0
82446,2007-02-20 21:22:16,121.433300,31.306300, 46, 45,0
82446,2007-02-20 21:22:32,121.435100,31.306600, 30, 45,0
82446,2007-02-20 21:23:06,121.436100,31.306800, 12, 45,0
82446,2007-02-20 21:23:28,121.436800,31.307500, 28,  0,0
82446,2007-02-20 21:23:44,121.436600,31.308600, 32,  0,0
82446,2007-02-20 21:24:00,121.437100,31.309500, 36, 45,0
82446,2007-02-20 21:24:16,121.438800,31.309600, 32, 45,0
82446,2007-02-20 21:24:32,121.440100,31.309500, 36, 45,0
82446,2007-02-20 21:24:48,121.441600,31.309600, 26, 45,0
82446,2007-02-20 21:25:08,121.443000,31.309600, 26, 45,0
82446,2007-02-20 21:26:00,121.444000,31.309300, 22, 90,0
82446,2007-02-20 21:28:08,121.439100,31.307100, 32,135,0
82446,2007-02-20 21:29:56,121.432300,31.306300, 24,135,0
82446,2007-02-20 21:30:12,121.431100,31.306000, 38,135,0
82446,2007-02-20 21:30:28,121.429100,31.305600, 38,135,0
82446,2007-02-20 21:31:00,121.428100,31.305500, 22,135,0
82446,2007-02-20 21:31:17,121.427500,31.305000, 18, 90,0
82446,2007-02-20 21:31:56,121.427800,31.304100,  4,135,0
82446,2007-02-20 21:32:57,121.427600,31.304100,  0, 45,0
82446,2007-02-20 21:33:58,121.427600,31.304100,  0, 45,0
82446,2007-02-20 21:34:59,121.427600,31.304100,  0, 45,0
82446,2007-02-20 21:36:00,121.427600,31.304100,  0, 45,0
82446,2007-02-20 21:37:01,121.427600,31.304000,  0, 45,0
82446,2007-02-20 21:38:02,121.427800,31.304100,  0, 45,0
82446,2007-02-20 21:39:03,121.427800,31.304100,  0, 45,0
82446,2007-02-20 21:40:04,121.427800,31.304100,  0, 45,0
82446,2007-02-20 21:42:06,121.427800,31.304100,  0, 45,0
82446,2007-02-20 21:43:07,121.427800,31.304100,  0, 45,0
82446,2007-02-20 21:44:08,121.427800,31.304100,  0, 45,0
82446,2007-02-20 21:45:09,121.427800,31.304100,  0, 45,0
82446,2007-02-20 21:46:10,121.427800,31.304100,  0, 45,0
82446,2007-02-20 21:47:11,121.427800,31.304100,  0, 45,0
82446,2007-02-20 21:48:12,121.427800,31.304100,  0, 45,0
82446,2007-02-20 21:49:13,121.427800,31.304100,  0, 45,0
82446,2007-02-20 21:50:14,121.427800,31.304100,  0, 45,0
82446,2007-02-20 21:51:15,121.427800,31.304100,  0, 45,0
82446,2007-02-20 21:52:16,121.427800,31.304100,  0, 45,0
82446,2007-02-20 21:54:18,121.427800,31.304100,  0, 45,0
82446,2007-02-20 21:55:19,121.427800,31.304100,  0, 45,0
82446,2007-02-20 21:56:20,121.427800,31.304100,  0, 45,0
82446,2007-02-20 21:57:21,121.427800,31.304100,  0, 45,0
82446,2007-02-20 21:58:22,121.427800,31.304100,  0, 45,0
82446,2007-02-20 21:59:23,121.427800,31.304100,  0, 45,0
82446,2007-02-20 22:00:24,121.427800,31.304100,  0, 45,0
82446,2007-02-20 22:01:25,121.427800,31.304100,  0, 45,0
82446,2007-02-20 22:03:27,121.427800,31.304100,  0, 45,0
82446,2007-02-20 22:04:28,121.427800,31.304100,  0, 45,0
82446,2007-02-20 22:05:29,121.427800,31.304100,  0, 45,0
82446,2007-02-20 22:06:30,121.427800,31.304100,  0, 45,0
82446,2007-02-20 22:07:31,121.427800,31.304100,  0, 45,0
82446,2007-02-20 22:08:32,121.427800,31.304100,  0, 45,0
82446,2007-02-20 22:09:33,121.427800,31.304100,  0, 45,0
82446,2007-02-20 22:10:34,121.427800,31.304300,  0, 45,0
82446,2007-02-20 22:11:35,121.427800,31.304300,  0, 45,0
82446,2007-02-20 22:12:36,121.427800,31.304300,  0, 45,0
82446,2007-02-20 22:13:37,121.427800,31.304300,  0, 45,0
82446,2007-02-20 22:14:38,121.427300,31.305100, 12,  0,0
82446,2007-02-20 22:15:39,121.427600,31.304300,  0,157,0
82446,2007-02-20 22:16:40,121.427600,31.304300,  0,157,0
82446,2007-02-20 22:17:41,121.427600,31.304300,  0,157,0
82446,2007-02-20 22:18:42,121.427600,31.304300,  0,157,0
82446,2007-02-20 22:19:43,121.427600,31.304300,  0,157,0
82446,2007-02-20 22:20:44,121.427600,31.304300,  0,157,0
82446,2007-02-20 22:21:45,121.427600,31.304300,  0,157,0
82446,2007-02-20 22:22:46,121.427600,31.304300,  0,157,0
82446,2007-02-20 22:23:47,121.427600,31.304300,  0,157,0
82446,2007-02-20 22:24:48,121.427600,31.304300,  0,157,0
82446,2007-02-20 22:25:49,121.427600,31.304300,  0,157,0
82446,2007-02-20 22:26:50,121.427600,31.304300,  0,157,0
82446,2007-02-20 22:27:51,121.427600,31.304300,  0,157,0
82446,2007-02-20 22:28:52,121.427600,31.304300,  0,157,0
82446,2007-02-20 22:29:53,121.427600,31.304300,  0,157,0
82446,2007-02-20 22:30:54,121.427600,31.304300,  0,157,0
82446,2007-02-20 22:31:55,121.427600,31.304300,  0,157,0
82446,2007-02-20 22:33:27,121.425300,31.305300, 10,135,0
82446,2007-02-20 22:34:00,121.424000,31.305100, 44,135,0
82446,2007-02-20 22:34:16,121.422000,31.305000, 36,135,0
82446,2007-02-20 22:34:36,121.421600,31.304100, 34, 90,0
82446,2007-02-20 22:35:08,121.421500,31.302000, 30, 90,0
82446,2007-02-20 22:36:10,121.421500,31.303600,  0,  0,0
82446,2007-02-20 22:36:35,121.421600,31.304600, 18,  0,0
82446,2007-02-20 22:36:52,121.422500,31.305000, 44, 45,0
82446,2007-02-20 22:37:08,121.424600,31.305100, 24, 45,0
82446,2007-02-20 22:37:36,121.425800,31.305100, 40, 45,0
82446,2007-02-20 22:37:52,121.427300,31.305300, 16, 45,0
82446,2007-02-20 22:38:09,121.428300,31.305500, 42, 45,0
82446,2007-02-20 22:38:25,121.430500,31.305600, 52, 45,0
82446,2007-02-20 22:38:41,121.432600,31.306100, 46, 45,0
82446,2007-02-20 22:38:58,121.434600,31.306600, 34, 45,0
82446,2007-02-20 22:39:13,121.436000,31.306800, 30, 45,0
82446,2007-02-20 22:39:29,121.437100,31.306800, 42, 45,0
82446,2007-02-20 22:39:45,121.438600,31.307000, 42, 45,0
82446,2007-02-20 22:40:02,121.440800,31.307100, 42, 45,0
82446,2007-02-20 22:40:17,121.442600,31.307300, 26, 45,0
82446,2007-02-20 22:40:39,121.443800,31.307500, 32, 45,0
82446,2007-02-20 22:40:55,121.445300,31.307500, 44, 45,0
82446,2007-02-20 22:41:12,121.447100,31.307300, 28, 45,0
82446,2007-02-20 22:41:30,121.448100,31.307300, 40, 45,0
82446,2007-02-20 22:41:46,121.450100,31.307100, 42, 45,0
82446,2007-02-20 22:42:02,121.452000,31.307300, 58, 45,0
82446,2007-02-20 22:42:18,121.454800,31.307500, 56, 45,0
82446,2007-02-20 22:42:54,121.456000,31.307500, 42, 45,0
82446,2007-02-20 22:43:10,121.458300,31.307600, 44, 45,0
82446,2007-02-20 22:43:26,121.460600,31.307800, 66, 45,0
82446,2007-02-20 22:43:42,121.462500,31.308000,  6, 45,0
82446,2007-02-20 22:44:51,121.469300,31.308500, 74, 45,0
82446,2007-02-20 22:45:07,121.470800,31.308800, 10, 45,0
82446,2007-02-20 22:45:25,121.471800,31.308800, 38, 45,0
82446,2007-02-20 22:45:41,121.474000,31.309100, 44, 45,0
82446,2007-02-20 22:45:57,121.475600,31.309500, 34, 45,0
82446,2007-02-20 22:46:13,121.476500,31.309100, 26, 90,0
82446,2007-02-20 22:46:29,121.476500,31.307600, 42, 90,0
82446,2007-02-20 22:47:10,121.476500,31.306600, 22, 90,0
82446,2007-02-20 22:47:25,121.476500,31.305100, 42, 90,0
82446,2007-02-20 22:47:42,121.476500,31.303300, 48, 90,0
82446,2007-02-20 22:47:57,121.476500,31.302100, 42, 90,0
82446,2007-02-20 22:48:13,121.476100,31.300800, 38, 90,0
82446,2007-02-20 22:48:29,121.476100,31.299500,  8, 90,0
82446,2007-02-20 22:48:48,121.476600,31.299000, 36, 45,0
82446,2007-02-20 22:49:04,121.478500,31.299300, 34, 45,0
82446,2007-02-20 22:49:20,121.479000,31.298600, 40, 90,0
82446,2007-02-20 22:49:37,121.479100,31.297500, 28, 45,0
82446,2007-02-20 22:49:52,121.481000,31.298300, 58, 22,0
82446,2007-02-20 22:50:25,121.483600,31.299300, 18, 67,0
82446,2007-02-20 22:50:41,121.484500,31.296800, 76, 90,0
82446,2007-02-20 22:50:57,121.485000,31.295100, 34, 90,0
82446,2007-02-20 22:51:58,121.485300,31.294600,  0, 67,0
82446,2007-02-20 22:52:36,121.486100,31.293800, 20, 67,0
82446,2007-02-20 22:52:52,121.491100,31.296000, 62, 45,0
82446,2007-02-20 22:53:08,121.494100,31.296600, 64, 45,0
82446,2007-02-20 22:53:24,121.496500,31.297100, 48, 45,0
82446,2007-02-20 22:53:40,121.498300,31.297600, 38, 45,0
82446,2007-02-20 22:53:56,121.500500,31.298600, 40, 22,0
82446,2007-02-20 22:54:51,121.501500,31.299000, 44, 45,0
82446,2007-02-20 22:55:08,121.504100,31.299800, 56, 45,0
82446,2007-02-20 22:55:24,121.503800,31.301000, 50,157,0
82446,2007-02-20 22:55:40,121.503000,31.302500,  8,157,0
82446,2007-02-20 22:56:10,121.502300,31.303300, 50,157,0
82446,2007-02-20 22:56:38,121.501600,31.304100, 28,135,0
82446,2007-02-20 22:56:55,121.499500,31.303100, 66,135,0
82446,2007-02-20 22:57:10,121.497000,31.302300, 36,135,0
82446,2007-02-20 22:57:26,121.495000,31.303500, 76,135,0
82446,2007-02-20 22:57:42,121.491800,31.304600, 72,135,0
82446,2007-02-20 22:57:59,121.490300,31.305100,  0,135,0
82446,2007-02-20 22:59:00,121.490000,31.305100,  0,135,0
82446,2007-02-20 22:59:38,121.488800,31.305500, 54,135,0
82446,2007-02-20 22:59:54,121.486300,31.306300, 56,135,0
82446,2007-02-20 23:00:10,121.485600,31.307300, 46,  0,0
82446,2007-02-20 23:00:26,121.485600,31.309100, 22,  0,0
82446,2007-02-20 23:01:03,121.485600,31.310100, 38,  0,0
82446,2007-02-20 23:01:20,121.485600,31.312000, 58,  0,0
82446,2007-02-20 23:01:36,121.485600,31.313300,  4, 22,0
82446,2007-02-20 23:02:36,121.485600,31.313300, 22,157,0
82446,2007-02-20 23:02:53,121.483300,31.313300, 62,135,0
82446,2007-02-20 23:03:08,121.481000,31.313500, 34,135,0
82446,2007-02-20 23:03:25,121.481000,31.315300, 54,  0,0
82446,2007-02-20 23:03:41,121.481000,31.316500,  0,  0,0
82446,2007-02-20 23:04:05,121.481000,31.316600, 18,  0,1
82446,2007-02-20 23:05:04,121.481000,31.322300, 36,  0,1
82446,2007-02-20 23:06:06,121.486500,31.332500, 98, 22,1
82446,2007-02-20 23:07:06,121.494100,31.343300, 94, 22,1
82446,2007-02-20 23:08:08,121.496800,31.355000, 84,  0,1
82446,2007-02-20 23:09:08,121.492100,31.366100, 70,  0,1
82446,2007-02-20 23:10:09,121.487800,31.376300, 88,  0,1
82446,2007-02-20 23:11:10,121.484600,31.384800, 50, 22,1
82446,2007-02-20 23:12:11,121.489800,31.386800, 28, 22,1
82446,2007-02-20 23:13:13,121.492600,31.388600, 20, 22,1
82446,2007-02-20 23:14:13,121.490800,31.391800, 62,157,1
82446,2007-02-20 23:15:15,121.491100,31.394600,  8, 67,1
82446,2007-02-20 23:15:59,121.492000,31.394500, 24, 22,0
82446,2007-02-20 23:16:23,121.493000,31.394800, 30, 22,0
82446,2007-02-20 23:16:47,121.493500,31.394300, 22,112,0
82446,2007-02-20 23:17:03,121.491800,31.393600, 50,112,0
82446,2007-02-20 23:17:20,121.489300,31.392500, 68,112,0
82446,2007-02-20 23:17:36,121.487300,31.391500, 22,112,0
82446,2007-02-20 23:18:00,121.487300,31.390800, 42, 67,0
82446,2007-02-20 23:18:16,121.488600,31.388800, 80, 67,0
82446,2007-02-20 23:18:32,121.489800,31.387300, 12, 67,0
82446,2007-02-20 23:18:48,121.490500,31.386100, 56, 67,0
82446,2007-02-20 23:19:05,121.492000,31.383800, 64, 90,0
82446,2007-02-20 23:19:20,121.492300,31.382000, 46, 90,0
82446,2007-02-20 23:19:36,121.492600,31.380500, 56, 90,0
82446,2007-02-20 23:19:54,121.493300,31.379500, 20, 67,0
82446,2007-02-20 23:20:10,121.494000,31.378500, 22, 67,0
82446,2007-02-20 23:20:26,121.493600,31.377600, 42,112,0
82446,2007-02-20 23:20:42,121.492100,31.377100, 30,112,0
82446,2007-02-20 23:20:59,121.490500,31.376500, 58,112,0
82446,2007-02-20 23:21:15,121.488300,31.375600, 30,112,0
82446,2007-02-20 23:21:34,121.487800,31.374800, 18, 90,0
82446,2007-02-20 23:21:57,121.487600,31.373800, 18, 90,0
82446,2007-02-20 23:22:59,121.488300,31.373600, 28, 90,0
82446,2007-02-20 23:23:14,121.488800,31.372000, 54, 67,0
82446,2007-02-20 23:23:30,121.490300,31.369600, 84, 67,0
82446,2007-02-20 23:23:46,121.491600,31.366600, 80, 90,0
82446,2007-02-20 23:24:02,121.492300,31.364800,  0, 67,0
82446,2007-02-20 23:24:08,121.492300,31.364800, 20, 67,1
82446,2007-02-20 23:25:10,121.496300,31.355100, 86, 90,1
82446,2007-02-20 23:26:11,121.496300,31.355100,  0, 90,1
82446,2007-02-20 23:27:11,121.497600,31.352000,  0, 90,1
82446,2007-02-20 23:28:12,121.501600,31.351300, 36, 45,1
82446,2007-02-20 23:29:13,121.509300,31.348600, 48, 67,1
82446,2007-02-20 23:30:14,121.519000,31.344500, 76, 67,1
82446,2007-02-20 23:32:15,121.522100,31.330600, 56,112,1
82446,2007-02-20 23:33:17,121.521500,31.324600,  0, 90,1
82446,2007-02-20 23:34:18,121.521500,31.322100,  0, 90,1
82446,2007-02-20 23:34:37,121.521500,31.322100,  0, 90,0
82446,2007-02-20 23:34:54,121.521500,31.321300, 50, 90,0
82446,2007-02-20 23:35:10,121.521300,31.320000, 30, 90,0
82446,2007-02-20 23:35:42,121.520600,31.316600, 40,135,0
82446,2007-02-20 23:35:58,121.519300,31.315800, 48, 90,0
82446,2007-02-20 23:36:15,121.519300,31.313500, 52, 90,0
82446,2007-02-20 23:36:30,121.519300,31.311800, 38, 90,0
82446,2007-02-20 23:36:55,121.518300,31.311600, 14,135,0
82446,2007-02-20 23:37:12,121.518100,31.310500, 44, 90,0
82446,2007-02-20 23:37:28,121.517000,31.310000, 50,135,0
82446,2007-02-20 23:37:44,121.515100,31.310000, 14,135,0
82446,2007-02-20 23:38:00,121.513300,31.310000, 54,135,0
82446,2007-02-20 23:38:15,121.511100,31.310000, 20,135,0
82446,2007-02-20 23:38:32,121.509600,31.310000, 54,135,0
82446,2007-02-20 23:39:47,121.506000,31.310000, 42,135,0
82446,2007-02-20 23:40:19,121.501800,31.310000, 56,135,0
82446,2007-02-20 23:40:35,121.499300,31.310000, 38,135,0
82446,2007-02-20 23:40:52,121.498100,31.310100, 38,135,0
82446,2007-02-20 23:41:08,121.495600,31.310100, 64,135,0
82446,2007-02-20 23:41:24,121.493100,31.310000, 22,135,0
82446,2007-02-20 23:42:25,121.493000,31.310000,  0,135,0
82446,2007-02-20 23:43:03,121.491800,31.310100, 22,157,0
82446,2007-02-20 23:43:19,121.491600,31.311300, 54,  0,0
82446,2007-02-20 23:43:35,121.491600,31.313000, 24,  0,0
82446,2007-02-20 23:44:04,121.490500,31.313500, 46,135,0
82446,2007-02-20 23:44:20,121.488100,31.313500, 54,135,0
82446,2007-02-20 23:44:35,121.486600,31.313500,  4,135,0
82446,2007-02-20 23:45:09,121.485600,31.314800, 26,  0,0
82446,2007-02-20 23:45:29,121.485600,31.315800, 46,  0,0
82446,2007-02-20 23:45:45,121.486000,31.317600, 44,  0,0
82446,2007-02-20 23:46:00,121.486100,31.319300, 44,  0,0
82446,2007-02-20 23:46:17,121.486500,31.321500, 54,  0,0
82446,2007-02-20 23:46:35,121.486300,31.322300, 26,135,0
82446,2007-02-20 23:46:52,121.485100,31.322300, 34,135,0
82446,2007-02-20 23:47:08,121.483500,31.322300, 36,135,0
82446,2007-02-20 23:47:24,121.482000,31.322300, 32,135,0
82446,2007-02-20 23:47:40,121.481800,31.323000, 30, 22,0
82446,2007-02-20 23:48:40,121.482300,31.323300,  0, 45,0
82446,2007-02-20 23:49:42,121.482300,31.323300,  0, 45,0
82446,2007-02-20 23:50:43,121.482300,31.323300,  0, 67,0
82446,2007-02-20 23:51:44,121.482300,31.323300,  0, 67,0
82446,2007-02-20 23:52:45,121.482300,31.323300,  0, 67,0
82446,2007-02-20 23:53:45,121.482300,31.323300,  0, 67,0
82446,2007-02-20 23:54:47,121.482300,31.323300,  0, 67,0
82446,2007-02-20 23:55:48,121.482300,31.323300,  0, 67,0
82446,2007-02-20 23:56:24,121.481300,31.322600, 22, 90,0
82446,2007-02-20 23:56:40,121.482600,31.322300, 40, 45,0
82446,2007-02-20 23:56:55,121.484500,31.322100, 52, 45,0
82446,2007-02-20 23:57:12,121.486500,31.322300, 16, 67,0
82446,2007-02-20 23:57:28,121.486300,31.321100, 26, 90,0
82446,2007-02-20 23:57:44,121.486100,31.319600, 48, 90,0
82446,2007-02-20 23:58:15,121.487100,31.317600, 48, 45,0
82446,2007-02-20 23:58:32,121.489800,31.317500, 40, 45,0
82446,2007-02-20 23:58:48,121.491100,31.317300, 32, 45,0
82446,2007-02-20 23:59:49,121.491500,31.317300,  0, 45,0
