10200,2007-02-20 00:00:44,121.410267,31.269750, 13,141,2
10200,2007-02-20 00:01:47,121.410267,31.269750, 13,141,2
10200,2007-02-20 00:02:50,121.410267,31.269750, 13,141,2
10200,2007-02-20 00:03:53,121.410267,31.269750, 13,141,2
10200,2007-02-20 00:04:56,121.410267,31.269750, 13,141,2
10200,2007-02-20 00:05:59,121.410267,31.269750, 13,141,2
10200,2007-02-20 00:07:02,121.410267,31.269750, 13,141,2
10200,2007-02-20 00:08:05,121.410267,31.269750, 13,141,2
10200,2007-02-20 00:09:08,121.410267,31.269750, 13,141,2
10200,2007-02-20 00:10:11,121.410267,31.269750, 13,141,2
10200,2007-02-20 00:11:14,121.410267,31.269750, 13,141,2
10200,2007-02-20 00:12:17,121.410267,31.269750, 13,141,2
10200,2007-02-20 00:13:20,121.410267,31.269750, 13,141,2
10200,2007-02-20 00:14:23,121.410267,31.269750, 13,141,2
10200,2007-02-20 00:15:26,121.410267,31.269750, 13,141,2
10200,2007-02-20 00:16:29,121.410267,31.269750, 13,141,2
10200,2007-02-20 00:17:32,121.410267,31.269750, 13,141,2
10200,2007-02-20 00:18:35,121.410267,31.269750, 13,141,2
10200,2007-02-20 00:19:39,121.410267,31.269750, 13,141,2
10200,2007-02-20 00:20:42,121.410267,31.269750, 13,141,2
10200,2007-02-20 00:21:45,121.410267,31.269750, 13,141,2
10200,2007-02-20 00:22:48,121.410267,31.269750, 13,141,2
10200,2007-02-20 00:23:51,121.410267,31.269750, 13,141,2
10200,2007-02-20 00:24:54,121.410267,31.269750, 13,141,2
10200,2007-02-20 00:25:57,121.410267,31.269750, 13,141,2
10200,2007-02-20 00:27:00,121.410267,31.269750, 13,141,2
10200,2007-02-20 00:28:03,121.410267,31.269750, 13,141,2
10200,2007-02-20 00:29:06,121.410267,31.269750, 13,141,2
10200,2007-02-20 00:30:09,121.410267,31.269750, 13,141,2
10200,2007-02-20 00:32:15,121.410267,31.269750, 13,141,2
10200,2007-02-20 00:33:18,121.410267,31.269750, 13,141,2
10200,2007-02-20 00:34:21,121.410267,31.269750, 13,141,2
10200,2007-02-20 00:35:24,121.410267,31.269750, 13,141,2
10200,2007-02-20 00:36:27,121.410267,31.269750, 13,141,2
10200,2007-02-20 00:37:30,121.410267,31.269750, 13,141,2
10200,2007-02-20 00:38:33,121.410267,31.269750, 13,141,2
10200,2007-02-20 00:39:36,121.410267,31.269750, 13,141,2
10200,2007-02-20 00:40:39,121.410267,31.269750, 13,141,2
10200,2007-02-20 00:41:42,121.410267,31.269750, 13,141,2
10200,2007-02-20 00:43:48,121.410267,31.269750, 13,141,2
10200,2007-02-20 00:44:51,121.410267,31.269750, 13,141,2
10200,2007-02-20 00:46:57,121.410267,31.269750, 13,141,2
10200,2007-02-20 00:48:00,121.410267,31.269750, 13,141,2
10200,2007-02-20 00:49:03,121.410267,31.269750, 13,141,2
10200,2007-02-20 00:50:06,121.410267,31.269750, 13,141,2
10200,2007-02-20 00:51:09,121.410267,31.269750, 13,141,2
10200,2007-02-20 00:52:13,121.410267,31.269750, 13,141,2
10200,2007-02-20 00:53:16,121.410267,31.269750, 13,141,2
10200,2007-02-20 00:54:19,121.410267,31.269750, 13,141,2
10200,2007-02-20 00:55:22,121.410267,31.269750, 13,141,2
10200,2007-02-20 00:56:25,121.410267,31.269750, 13,141,2
10200,2007-02-20 00:57:28,121.410267,31.269750, 13,141,2
10200,2007-02-20 00:58:31,121.410267,31.269750, 13,141,2
10200,2007-02-20 00:59:34,121.410267,31.269750, 13,141,2
10200,2007-02-20 01:00:37,121.410267,31.269750, 13,141,2
10200,2007-02-20 01:02:43,121.410267,31.269750, 13,141,2
10200,2007-02-20 01:04:49,121.410267,31.269750, 13,141,2
10200,2007-02-20 01:05:52,121.410267,31.269750, 13,141,2
10200,2007-02-20 01:06:55,121.410267,31.269750, 13,141,2
10200,2007-02-20 01:07:58,121.410267,31.269750, 13,141,2
10200,2007-02-20 01:09:01,121.410267,31.269750, 13,141,2
10200,2007-02-20 01:10:04,121.410267,31.269750, 13,141,2
10200,2007-02-20 01:12:10,121.410267,31.269750, 13,141,2
10200,2007-02-20 01:13:13,121.410267,31.269750, 13,141,2
10200,2007-02-20 01:14:16,121.410267,31.269750, 13,141,2
10200,2007-02-20 01:15:19,121.410267,31.269750, 13,141,2
10200,2007-02-20 01:16:22,121.410267,31.269750, 13,141,2
10200,2007-02-20 01:17:25,121.410267,31.269750, 13,141,2
10200,2007-02-20 01:18:28,121.410267,31.269750, 13,141,2
10200,2007-02-20 01:19:31,121.410267,31.269750, 13,141,2
10200,2007-02-20 01:20:34,121.410267,31.269750, 13,141,2
10200,2007-02-20 01:21:37,121.410267,31.269750, 13,141,2
10200,2007-02-20 01:22:40,121.410267,31.269750, 13,141,2
10200,2007-02-20 01:24:46,121.410267,31.269750, 13,141,2
10200,2007-02-20 01:25:49,121.410267,31.269750, 13,141,2
10200,2007-02-20 01:26:52,121.410267,31.269750, 13,141,2
10200,2007-02-20 01:27:56,121.410267,31.269750, 13,141,2
10200,2007-02-20 01:28:59,121.410267,31.269750, 13,141,2
10200,2007-02-20 01:30:02,121.410267,31.269750, 13,141,2
10200,2007-02-20 01:31:05,121.410267,31.269750, 13,141,2
10200,2007-02-20 01:32:08,121.410267,31.269750, 13,141,2
10200,2007-02-20 01:33:11,121.410267,31.269750, 13,141,2
10200,2007-02-20 01:34:14,121.410267,31.269750, 13,141,2
10200,2007-02-20 01:35:17,121.410267,31.269750, 13,141,2
10200,2007-02-20 01:36:20,121.410267,31.269750, 13,141,2
10200,2007-02-20 01:37:23,121.410267,31.269750, 13,141,2
10200,2007-02-20 01:38:26,121.410267,31.269750, 13,141,2
10200,2007-02-20 01:39:29,121.410267,31.269750, 13,141,2
10200,2007-02-20 01:40:32,121.410267,31.269750, 13,141,2
10200,2007-02-20 01:41:35,121.410267,31.269750, 13,141,2
10200,2007-02-20 01:42:38,121.410267,31.269750, 13,141,2
10200,2007-02-20 01:43:41,121.410267,31.269750, 13,141,2
10200,2007-02-20 01:44:44,121.410267,31.269750, 13,141,2
10200,2007-02-20 01:45:47,121.410267,31.269750, 13,141,2
10200,2007-02-20 01:46:50,121.410267,31.269750, 13,141,2
10200,2007-02-20 01:47:53,121.410267,31.269750, 13,141,2
10200,2007-02-20 01:48:56,121.410267,31.269750, 13,141,2
10200,2007-02-20 01:49:59,121.410267,31.269750, 13,141,2
10200,2007-02-20 01:51:02,121.410267,31.269750, 13,141,2
10200,2007-02-20 01:52:05,121.410267,31.269750, 13,141,2
10200,2007-02-20 01:53:08,121.410267,31.269750, 13,141,2
10200,2007-02-20 01:54:11,121.410267,31.269750, 13,141,2
10200,2007-02-20 01:55:14,121.410267,31.269750, 13,141,2
10200,2007-02-20 01:56:17,121.410267,31.269750, 13,141,2
10200,2007-02-20 01:58:23,121.410267,31.269750, 13,141,2
10200,2007-02-20 01:59:26,121.410267,31.269750, 13,141,2
10200,2007-02-20 02:00:29,121.410267,31.269750, 13,141,2
10200,2007-02-20 02:01:32,121.410267,31.269750, 13,141,2
10200,2007-02-20 02:02:36,121.410267,31.269750, 13,141,2
10200,2007-02-20 02:03:39,121.410267,31.269750, 13,141,2
10200,2007-02-20 02:05:45,121.410267,31.269750, 13,141,2
10200,2007-02-20 02:06:48,121.410267,31.269750, 13,141,2
10200,2007-02-20 02:07:51,121.410267,31.269750, 13,141,2
10200,2007-02-20 02:08:54,121.410267,31.269750, 13,141,2
10200,2007-02-20 02:09:57,121.410267,31.269750, 13,141,2
10200,2007-02-20 02:11:00,121.410267,31.269750, 13,141,2
10200,2007-02-20 02:12:03,121.410267,31.269750, 13,141,2
10200,2007-02-20 02:13:06,121.410267,31.269750, 13,141,2
10200,2007-02-20 02:14:09,121.410267,31.269750, 13,141,2
10200,2007-02-20 02:15:12,121.410267,31.269750, 13,141,2
10200,2007-02-20 02:16:15,121.410267,31.269750, 13,141,2
10200,2007-02-20 02:17:18,121.410267,31.269750, 13,141,2
10200,2007-02-20 02:18:21,121.410267,31.269750, 13,141,2
10200,2007-02-20 02:19:24,121.410267,31.269750, 13,141,2
10200,2007-02-20 02:20:27,121.410267,31.269750, 13,141,2
10200,2007-02-20 02:21:30,121.410267,31.269750, 13,141,2
10200,2007-02-20 02:22:33,121.410267,31.269750, 13,141,2
10200,2007-02-20 02:23:36,121.410267,31.269750, 13,141,2
10200,2007-02-20 02:24:39,121.410267,31.269750, 13,141,2
10200,2007-02-20 02:25:42,121.410267,31.269750, 13,141,2
10200,2007-02-20 02:26:45,121.410267,31.269750, 13,141,2
10200,2007-02-20 02:27:48,121.410267,31.269750, 13,141,2
10200,2007-02-20 02:28:51,121.410267,31.269750, 13,141,2
10200,2007-02-20 02:29:54,121.410267,31.269750, 13,141,2
10200,2007-02-20 02:30:57,121.410267,31.269750, 13,141,2
10200,2007-02-20 02:33:03,121.410267,31.269750, 13,141,2
10200,2007-02-20 02:34:06,121.410267,31.269750, 13,141,2
10200,2007-02-20 02:35:09,121.410267,31.269750, 13,141,2
10200,2007-02-20 02:36:12,121.410267,31.269750, 13,141,2
10200,2007-02-20 02:37:15,121.410267,31.269750, 13,141,2
10200,2007-02-20 02:38:18,121.410267,31.269750, 13,141,2
10200,2007-02-20 02:40:24,121.410267,31.269750, 13,141,2
10200,2007-02-20 02:41:27,121.410267,31.269750, 13,141,2
10200,2007-02-20 02:42:31,121.410267,31.269750, 13,141,2
10200,2007-02-20 02:43:34,121.410267,31.269750, 13,141,2
10200,2007-02-20 02:44:37,121.410267,31.269750, 13,141,2
10200,2007-02-20 02:45:40,121.410267,31.269750, 13,141,2
10200,2007-02-20 02:46:43,121.410267,31.269750, 13,141,2
10200,2007-02-20 02:47:46,121.410267,31.269750, 13,141,2
10200,2007-02-20 02:48:49,121.410267,31.269750, 13,141,2
10200,2007-02-20 02:49:52,121.410267,31.269750, 13,141,2
10200,2007-02-20 02:50:55,121.410267,31.269750, 13,141,2
10200,2007-02-20 02:51:58,121.410267,31.269750, 13,141,2
10200,2007-02-20 02:53:01,121.410267,31.269750, 13,141,2
10200,2007-02-20 02:54:04,121.410267,31.269750, 13,141,2
10200,2007-02-20 02:56:10,121.410267,31.269750, 13,141,2
10200,2007-02-20 02:57:13,121.410267,31.269750, 13,141,2
10200,2007-02-20 02:59:19,121.410267,31.269750, 13,141,2
10200,2007-02-20 03:00:22,121.410267,31.269750, 13,141,2
10200,2007-02-20 03:01:25,121.410267,31.269750, 13,141,2
10200,2007-02-20 03:02:28,121.410267,31.269750, 13,141,2
10200,2007-02-20 03:03:31,121.410267,31.269750, 13,141,2
10200,2007-02-20 03:04:34,121.410267,31.269750, 13,141,2
10200,2007-02-20 03:05:37,121.410267,31.269750, 13,141,2
10200,2007-02-20 03:07:43,121.410267,31.269750, 13,141,2
10200,2007-02-20 03:08:46,121.410267,31.269750, 13,141,2
10200,2007-02-20 03:09:49,121.410267,31.269750, 13,141,2
10200,2007-02-20 03:10:52,121.410267,31.269750, 13,141,2
10200,2007-02-20 03:11:55,121.410267,31.269750, 13,141,2
10200,2007-02-20 03:14:01,121.410267,31.269750, 13,141,2
10200,2007-02-20 03:15:04,121.410267,31.269750, 13,141,2
10200,2007-02-20 03:16:07,121.410267,31.269750, 13,141,2
10200,2007-02-20 03:17:10,121.410267,31.269750, 13,141,2
10200,2007-02-20 03:18:13,121.410267,31.269750, 13,141,2
10200,2007-02-20 03:19:16,121.410267,31.269750, 13,141,2
10200,2007-02-20 03:20:19,121.410267,31.269750, 13,141,2
10200,2007-02-20 03:21:22,121.410267,31.269750, 13,141,2
10200,2007-02-20 03:22:26,121.410267,31.269750, 13,141,2
10200,2007-02-20 03:24:32,121.410267,31.269750, 13,141,2
10200,2007-02-20 03:25:35,121.410267,31.269750, 13,141,2
10200,2007-02-20 03:27:41,121.410267,31.269750, 13,141,2
10200,2007-02-20 03:28:44,121.410267,31.269750, 13,141,2
10200,2007-02-20 03:29:47,121.410267,31.269750, 13,141,2
10200,2007-02-20 03:30:50,121.410267,31.269750, 13,141,2
10200,2007-02-20 03:31:53,121.410267,31.269750, 13,141,2
10200,2007-02-20 03:32:56,121.410267,31.269750, 13,141,2
10200,2007-02-20 03:33:59,121.410267,31.269750, 13,141,2
10200,2007-02-20 03:35:02,121.410267,31.269750, 13,141,2
10200,2007-02-20 03:36:05,121.410267,31.269750, 13,141,2
10200,2007-02-20 03:37:08,121.410267,31.269750, 13,141,2
10200,2007-02-20 03:38:11,121.410267,31.269750, 13,141,2
10200,2007-02-20 03:39:14,121.410267,31.269750, 13,141,2
10200,2007-02-20 03:40:17,121.410267,31.269750, 13,141,2
10200,2007-02-20 03:41:20,121.410267,31.269750, 13,141,2
10200,2007-02-20 03:42:23,121.410267,31.269750, 13,141,2
10200,2007-02-20 03:43:26,121.410267,31.269750, 13,141,2
10200,2007-02-20 03:44:29,121.410267,31.269750, 13,141,2
10200,2007-02-20 03:45:32,121.410267,31.269750, 13,141,2
10200,2007-02-20 03:47:38,121.410267,31.269750, 13,141,2
10200,2007-02-20 03:49:44,121.410267,31.269750, 13,141,2
10200,2007-02-20 03:50:47,121.410267,31.269750, 13,141,2
10200,2007-02-20 03:52:53,121.410267,31.269750, 13,141,2
10200,2007-02-20 03:53:56,121.410267,31.269750, 13,141,2
10200,2007-02-20 03:54:59,121.410267,31.269750, 13,141,2
10200,2007-02-20 03:56:02,121.410267,31.269750, 13,141,2
10200,2007-02-20 03:57:05,121.410267,31.269750, 13,141,2
10200,2007-02-20 03:58:08,121.410267,31.269750, 13,141,2
10200,2007-02-20 03:59:11,121.410267,31.269750, 13,141,2
10200,2007-02-20 04:00:14,121.410267,31.269750, 13,141,2
10200,2007-02-20 04:01:17,121.410267,31.269750, 13,141,2
10200,2007-02-20 04:02:21,121.410267,31.269750, 13,141,2
10200,2007-02-20 04:03:24,121.410267,31.269750, 13,141,2
10200,2007-02-20 04:05:30,121.410267,31.269750, 13,141,2
10200,2007-02-20 04:06:33,121.410267,31.269750, 13,141,2
10200,2007-02-20 04:07:36,121.410267,31.269750, 13,141,2
10200,2007-02-20 04:08:39,121.410267,31.269750, 13,141,2
10200,2007-02-20 04:09:42,121.410267,31.269750, 13,141,2
10200,2007-02-20 04:10:45,121.410267,31.269750, 13,141,2
10200,2007-02-20 04:11:48,121.410267,31.269750, 13,141,2
10200,2007-02-20 04:12:51,121.410267,31.269750, 13,141,2
10200,2007-02-20 04:13:54,121.410267,31.269750, 13,141,2
10200,2007-02-20 04:14:57,121.410267,31.269750, 13,141,2
10200,2007-02-20 04:16:00,121.410267,31.269750, 13,141,2
10200,2007-02-20 04:17:03,121.410267,31.269750, 13,141,2
10200,2007-02-20 04:18:06,121.410267,31.269750, 13,141,2
10200,2007-02-20 04:19:09,121.410267,31.269750, 13,141,2
10200,2007-02-20 04:20:12,121.410267,31.269750, 13,141,2
10200,2007-02-20 04:21:15,121.410267,31.269750, 13,141,2
10200,2007-02-20 04:22:18,121.410267,31.269750, 13,141,2
10200,2007-02-20 04:23:21,121.410267,31.269750, 13,141,2
10200,2007-02-20 04:24:24,121.410267,31.269750, 13,141,2
10200,2007-02-20 04:25:27,121.410267,31.269750, 13,141,2
10200,2007-02-20 04:26:30,121.410267,31.269750, 13,141,2
10200,2007-02-20 04:27:33,121.410267,31.269750, 13,141,2
10200,2007-02-20 04:28:36,121.410267,31.269750, 13,141,2
10200,2007-02-20 04:29:39,121.410267,31.269750, 13,141,2
10200,2007-02-20 04:30:42,121.410267,31.269750, 13,141,2
10200,2007-02-20 04:31:45,121.410267,31.269750, 13,141,2
10200,2007-02-20 04:32:48,121.410267,31.269750, 13,141,2
10200,2007-02-20 04:33:51,121.410267,31.269750, 13,141,2
10200,2007-02-20 04:34:54,121.410267,31.269750, 13,141,2
10200,2007-02-20 04:35:57,121.410267,31.269750, 13,141,2
10200,2007-02-20 04:37:00,121.410267,31.269750, 13,141,2
10200,2007-02-20 04:38:03,121.410267,31.269750, 13,141,2
10200,2007-02-20 04:39:06,121.410267,31.269750, 13,141,2
10200,2007-02-20 04:40:10,121.410267,31.269750, 13,141,2
10200,2007-02-20 04:41:13,121.410267,31.269750, 13,141,2
10200,2007-02-20 04:42:16,121.410267,31.269750, 13,141,2
10200,2007-02-20 04:43:19,121.410267,31.269750, 13,141,2
10200,2007-02-20 04:44:22,121.410267,31.269750, 13,141,2
10200,2007-02-20 04:45:25,121.410267,31.269750, 13,141,2
10200,2007-02-20 04:46:28,121.410267,31.269750, 13,141,2
10200,2007-02-20 04:48:34,121.410267,31.269750, 13,141,2
10200,2007-02-20 04:49:37,121.410267,31.269750, 13,141,2
10200,2007-02-20 04:50:40,121.410267,31.269750, 13,141,2
10200,2007-02-20 04:51:43,121.410267,31.269750, 13,141,2
10200,2007-02-20 04:52:46,121.410267,31.269750, 13,141,2
10200,2007-02-20 04:53:49,121.410267,31.269750, 13,141,2
10200,2007-02-20 04:54:52,121.410267,31.269750, 13,141,2
10200,2007-02-20 04:55:55,121.410267,31.269750, 13,141,2
10200,2007-02-20 04:56:58,121.410267,31.269750, 13,141,2
10200,2007-02-20 04:58:01,121.410267,31.269750, 13,141,2
10200,2007-02-20 04:59:04,121.410267,31.269750, 13,141,2
10200,2007-02-20 05:00:07,121.410267,31.269750, 13,141,2
10200,2007-02-20 05:01:10,121.410267,31.269750, 13,141,2
10200,2007-02-20 05:02:13,121.410267,31.269750, 13,141,2
10200,2007-02-20 05:03:16,121.410267,31.269750, 13,141,2
10200,2007-02-20 05:04:19,121.410267,31.269750, 13,141,2
10200,2007-02-20 05:05:22,121.410267,31.269750, 13,141,2
10200,2007-02-20 05:06:25,121.410267,31.269750, 13,141,2
10200,2007-02-20 05:07:28,121.410267,31.269750, 13,141,2
10200,2007-02-20 05:08:31,121.410267,31.269750, 13,141,2
10200,2007-02-20 05:09:34,121.410267,31.269750, 13,141,2
10200,2007-02-20 05:10:37,121.410267,31.269750, 13,141,2
10200,2007-02-20 05:11:40,121.410267,31.269750, 13,141,2
10200,2007-02-20 05:12:43,121.410267,31.269750, 13,141,2
10200,2007-02-20 05:13:46,121.410267,31.269750, 13,141,2
10200,2007-02-20 05:15:53,121.410267,31.269750, 13,141,2
10200,2007-02-20 05:16:56,121.410267,31.269750, 13,141,2
10200,2007-02-20 05:17:59,121.410267,31.269750, 13,141,2
10200,2007-02-20 05:19:02,121.410267,31.269750, 13,141,2
10200,2007-02-20 05:20:05,121.410267,31.269750, 13,141,2
10200,2007-02-20 05:21:08,121.410267,31.269750, 13,141,2
10200,2007-02-20 05:22:11,121.410267,31.269750, 13,141,2
10200,2007-02-20 05:23:14,121.410267,31.269750, 13,141,2
10200,2007-02-20 05:24:17,121.410267,31.269750, 13,141,2
10200,2007-02-20 05:25:20,121.410267,31.269750, 13,141,2
10200,2007-02-20 05:26:23,121.410267,31.269750, 13,141,2
10200,2007-02-20 05:27:26,121.410267,31.269750, 13,141,2
10200,2007-02-20 05:28:29,121.410267,31.269750, 13,141,2
10200,2007-02-20 05:29:32,121.410267,31.269750, 13,141,2
10200,2007-02-20 05:30:35,121.410267,31.269750, 13,141,2
10200,2007-02-20 05:31:38,121.410267,31.269750, 13,141,2
10200,2007-02-20 05:32:41,121.410267,31.269750, 13,141,2
10200,2007-02-20 05:33:44,121.410267,31.269750, 13,141,2
10200,2007-02-20 05:34:47,121.410267,31.269750, 13,141,2
10200,2007-02-20 05:35:50,121.410267,31.269750, 13,141,2
10200,2007-02-20 05:36:53,121.410267,31.269750, 13,141,2
10200,2007-02-20 05:37:56,121.410267,31.269750, 13,141,2
10200,2007-02-20 05:38:59,121.410267,31.269750, 13,141,2
10200,2007-02-20 05:41:05,121.410267,31.269750, 13,141,2
10200,2007-02-20 05:42:08,121.410267,31.269750, 13,141,2
10200,2007-02-20 05:44:14,121.410267,31.269750, 13,141,2
10200,2007-02-20 05:46:20,121.410267,31.269750, 13,141,2
10200,2007-02-20 05:47:23,121.410267,31.269750, 13,141,2
10200,2007-02-20 05:48:26,121.410267,31.269750, 13,141,2
10200,2007-02-20 05:49:29,121.410267,31.269750, 13,141,2
10200,2007-02-20 05:50:33,121.410267,31.269750, 13,141,2
10200,2007-02-20 05:51:36,121.410267,31.269750, 13,141,2
10200,2007-02-20 05:52:39,121.410267,31.269750, 13,141,2
10200,2007-02-20 05:54:45,121.410267,31.269750, 13,141,2
10200,2007-02-20 05:55:48,121.410267,31.269750, 13,141,2
10200,2007-02-20 05:57:54,121.410267,31.269750, 13,141,2
10200,2007-02-20 05:58:57,121.410267,31.269750, 13,141,2
10200,2007-02-20 06:02:06,121.410267,31.269750, 13,141,2
10200,2007-02-20 06:03:09,121.410267,31.269750, 13,141,2
10200,2007-02-20 06:04:12,121.410267,31.269750, 13,141,2
10200,2007-02-20 06:05:15,121.410267,31.269750, 13,141,2
10200,2007-02-20 06:06:18,121.410267,31.269750, 13,141,2
10200,2007-02-20 06:07:21,121.410267,31.269750, 13,141,2
10200,2007-02-20 06:08:24,121.410267,31.269750, 13,141,2
10200,2007-02-20 06:09:27,121.410267,31.269750, 13,141,2
10200,2007-02-20 06:10:30,121.410267,31.269750, 13,141,2
10200,2007-02-20 06:11:33,121.410267,31.269750, 13,141,2
10200,2007-02-20 06:12:36,121.410267,31.269750, 13,141,2
10200,2007-02-20 06:14:42,121.410267,31.269750, 13,141,2
10200,2007-02-20 06:15:45,121.410267,31.269750, 13,141,2
10200,2007-02-20 06:16:48,121.410267,31.269750, 13,141,2
10200,2007-02-20 06:17:51,121.410267,31.269750, 13,141,2
10200,2007-02-20 06:18:54,121.410267,31.269750, 13,141,2
10200,2007-02-20 06:19:57,121.410267,31.269750, 13,141,2
10200,2007-02-20 06:21:00,121.410267,31.269750, 13,141,2
10200,2007-02-20 06:22:03,121.410267,31.269750, 13,141,2
10200,2007-02-20 06:24:09,121.410267,31.269750, 13,141,2
10200,2007-02-20 06:25:13,121.410267,31.269750, 13,141,2
10200,2007-02-20 06:26:16,121.410267,31.269750, 13,141,2
10200,2007-02-20 06:27:19,121.410267,31.269750, 13,141,2
10200,2007-02-20 06:28:22,121.410267,31.269750, 13,141,2
10200,2007-02-20 06:29:25,121.410267,31.269750, 13,141,2
10200,2007-02-20 06:30:28,121.410267,31.269750, 13,141,2
10200,2007-02-20 06:31:31,121.410267,31.269750, 13,141,2
10200,2007-02-20 06:33:37,121.410267,31.269750, 13,141,2
10200,2007-02-20 06:34:40,121.410267,31.269750, 13,141,2
10200,2007-02-20 06:36:49,121.410267,31.269750, 13,141,2
10200,2007-02-20 06:37:53,121.410267,31.269750, 13,141,2
10200,2007-02-20 06:38:57,121.410267,31.269750, 13,141,2
10200,2007-02-20 06:41:37,121.410267,31.269750, 13,141,2
10200,2007-02-20 06:43:06,121.410267,31.269750, 13,141,2
10200,2007-02-20 06:46:07,121.410267,31.269750, 13,141,2
10200,2007-02-20 06:47:26,121.410267,31.269750, 13,141,2
10200,2007-02-20 06:50:38,121.410267,31.269750, 13,141,2
10200,2007-02-20 06:51:46,121.410267,31.269750, 13,141,2
10200,2007-02-20 06:55:03,121.410267,31.269750, 13,141,2
10200,2007-02-20 06:56:15,121.410267,31.269750, 13,141,2
10200,2007-02-20 06:57:18,121.410267,31.269750, 13,141,2
10200,2007-02-20 06:58:21,121.410267,31.269750, 13,141,2
10200,2007-02-20 06:59:24,121.410267,31.269750, 13,141,2
10200,2007-02-20 07:00:27,121.410267,31.269750, 13,141,2
10200,2007-02-20 07:01:31,121.410267,31.269750, 13,141,2
10200,2007-02-20 07:03:37,121.410267,31.269750, 13,141,2
10200,2007-02-20 07:04:40,121.410267,31.269750, 13,141,2
10200,2007-02-20 07:05:43,121.410267,31.269750, 13,141,2
10200,2007-02-20 07:06:46,121.410267,31.269750, 13,141,2
10200,2007-02-20 07:07:49,121.410267,31.269750, 13,141,2
10200,2007-02-20 07:08:52,121.410267,31.269750, 13,141,2
10200,2007-02-20 07:09:55,121.410267,31.269750, 13,141,2
10200,2007-02-20 07:10:58,121.410267,31.269750, 13,141,2
10200,2007-02-20 07:12:01,121.410267,31.269750, 13,141,2
10200,2007-02-20 07:13:04,121.410267,31.269750, 13,141,2
10200,2007-02-20 07:14:07,121.410267,31.269750, 13,141,2
10200,2007-02-20 07:15:10,121.410267,31.269750, 13,141,2
10200,2007-02-20 07:16:13,121.410267,31.269750, 13,141,2
10200,2007-02-20 07:17:16,121.410267,31.269750, 13,141,2
10200,2007-02-20 07:18:19,121.410267,31.269750, 13,141,2
10200,2007-02-20 07:19:22,121.410267,31.269750, 13,141,2
10200,2007-02-20 07:20:25,121.410267,31.269750, 13,141,2
10200,2007-02-20 07:21:28,121.410267,31.269750, 13,141,2
10200,2007-02-20 07:22:31,121.410267,31.269750, 13,141,2
10200,2007-02-20 07:23:34,121.410267,31.269750, 13,141,2
10200,2007-02-20 07:24:37,121.410267,31.269750, 13,141,2
10200,2007-02-20 07:25:40,121.410267,31.269750, 13,141,2
10200,2007-02-20 07:26:43,121.410267,31.269750, 13,141,2
10200,2007-02-20 07:27:46,121.410267,31.269750, 13,141,2
10200,2007-02-20 07:28:49,121.410267,31.269750, 13,141,2
10200,2007-02-20 07:29:52,121.410267,31.269750, 13,141,2
10200,2007-02-20 07:30:55,121.410267,31.269750, 13,141,2
10200,2007-02-20 07:31:58,121.410267,31.269750, 13,141,2
10200,2007-02-20 07:33:01,121.410267,31.269750, 13,141,2
10200,2007-02-20 07:35:07,121.410267,31.269750, 13,141,2
10200,2007-02-20 07:36:10,121.410267,31.269750, 13,141,2
10200,2007-02-20 07:37:13,121.410267,31.269750, 13,141,2
10200,2007-02-20 07:38:16,121.410267,31.269750, 13,141,2
10200,2007-02-20 07:39:19,121.410267,31.269750, 13,141,2
10200,2007-02-20 07:40:22,121.410267,31.269750, 13,141,2
10200,2007-02-20 07:41:25,121.410267,31.269750, 13,141,2
10200,2007-02-20 07:42:28,121.410267,31.269750, 13,141,2
10200,2007-02-20 07:43:31,121.410267,31.269750, 13,141,2
10200,2007-02-20 07:44:34,121.410267,31.269750, 13,141,2
10200,2007-02-20 07:45:38,121.410267,31.269750, 13,141,2
10200,2007-02-20 07:46:41,121.410267,31.269750, 13,141,2
10200,2007-02-20 07:47:44,121.410267,31.269750, 13,141,2
10200,2007-02-20 07:48:47,121.410267,31.269750, 13,141,2
10200,2007-02-20 07:49:50,121.410267,31.269750, 13,141,2
10200,2007-02-20 07:50:53,121.410267,31.269750, 13,141,2
10200,2007-02-20 07:51:56,121.410267,31.269750, 13,141,2
10200,2007-02-20 07:52:59,121.410267,31.269750, 13,141,2
10200,2007-02-20 07:54:02,121.410267,31.269750, 13,141,2
10200,2007-02-20 07:55:05,121.410267,31.269750, 13,141,2
10200,2007-02-20 07:56:08,121.410267,31.269750, 13,141,2
10200,2007-02-20 07:57:11,121.410267,31.269750, 13,141,2
10200,2007-02-20 07:58:14,121.410267,31.269750, 13,141,2
10200,2007-02-20 07:59:17,121.410267,31.269750, 13,141,2
10200,2007-02-20 08:00:20,121.410267,31.269750, 13,141,2
10200,2007-02-20 08:01:23,121.410267,31.269750, 13,141,2
10200,2007-02-20 08:02:26,121.410267,31.269750, 13,141,2
10200,2007-02-20 08:03:29,121.410267,31.269750, 13,141,2
10200,2007-02-20 08:04:32,121.410267,31.269750, 13,141,2
10200,2007-02-20 08:05:35,121.410267,31.269750, 13,141,2
10200,2007-02-20 08:06:38,121.410267,31.269750, 13,141,2
10200,2007-02-20 08:07:41,121.410267,31.269750, 13,141,2
10200,2007-02-20 08:08:44,121.410267,31.269750, 13,141,2
10200,2007-02-20 08:10:50,121.410267,31.269750, 13,141,2
10200,2007-02-20 08:11:53,121.410267,31.269750, 13,141,2
10200,2007-02-20 08:12:56,121.410267,31.269750, 13,141,2
10200,2007-02-20 08:13:59,121.410267,31.269750, 13,141,2
10200,2007-02-20 08:15:02,121.410267,31.269750, 13,141,2
10200,2007-02-20 08:16:05,121.410267,31.269750, 13,141,2
10200,2007-02-20 08:17:08,121.410267,31.269750, 13,141,2
10200,2007-02-20 08:18:11,121.410267,31.269750, 13,141,2
10200,2007-02-20 08:19:14,121.410267,31.269750, 13,141,2
10200,2007-02-20 08:20:17,121.410267,31.269750, 13,141,2
10200,2007-02-20 08:21:20,121.410267,31.269750, 13,141,2
10200,2007-02-20 08:22:23,121.410267,31.269750, 13,141,2
10200,2007-02-20 08:23:26,121.410267,31.269750, 13,141,2
10200,2007-02-20 08:24:29,121.410267,31.269750, 13,141,2
10200,2007-02-20 08:25:32,121.410267,31.269750, 13,141,2
10200,2007-02-20 08:26:35,121.410267,31.269750, 13,141,2
10200,2007-02-20 08:27:38,121.410267,31.269750, 13,141,2
10200,2007-02-20 08:28:41,121.410267,31.269750, 13,141,2
10200,2007-02-20 08:29:44,121.410267,31.269750, 13,141,2
10200,2007-02-20 08:30:48,121.410267,31.269750, 13,141,2
10200,2007-02-20 08:31:51,121.410267,31.269750, 13,141,2
10200,2007-02-20 08:32:54,121.410267,31.269750, 13,141,2
10200,2007-02-20 08:33:57,121.410267,31.269750, 13,141,2
10200,2007-02-20 08:35:00,121.410267,31.269750, 13,141,2
10200,2007-02-20 08:36:03,121.410267,31.269750, 13,141,2
10200,2007-02-20 08:37:06,121.410267,31.269750, 13,141,2
10200,2007-02-20 08:38:09,121.410267,31.269750, 13,141,2
10200,2007-02-20 08:39:12,121.410267,31.269750, 13,141,2
10200,2007-02-20 08:40:15,121.410267,31.269750, 13,141,2
10200,2007-02-20 08:41:18,121.410267,31.269750, 13,141,2
10200,2007-02-20 08:42:21,121.410267,31.269750, 13,141,2
10200,2007-02-20 08:43:24,121.410267,31.269750, 13,141,2
10200,2007-02-20 08:44:27,121.410267,31.269750, 13,141,2
10200,2007-02-20 08:45:30,121.410267,31.269750, 13,141,2
10200,2007-02-20 08:46:33,121.410267,31.269750, 13,141,2
10200,2007-02-20 08:47:36,121.410267,31.269750, 13,141,2
10200,2007-02-20 08:48:39,121.410267,31.269750, 13,141,2
10200,2007-02-20 08:49:42,121.410267,31.269750, 13,141,2
10200,2007-02-20 08:50:45,121.410267,31.269750, 13,141,2
10200,2007-02-20 08:51:48,121.410267,31.269750, 13,141,2
10200,2007-02-20 08:52:51,121.410267,31.269750, 13,141,2
10200,2007-02-20 08:53:54,121.410267,31.269750, 13,141,2
10200,2007-02-20 08:54:57,121.410267,31.269750, 13,141,2
10200,2007-02-20 08:56:00,121.410267,31.269750, 13,141,2
10200,2007-02-20 08:57:03,121.410267,31.269750, 13,141,2
10200,2007-02-20 08:58:06,121.410267,31.269750, 13,141,2
10200,2007-02-20 08:59:09,121.410267,31.269750, 13,141,2
10200,2007-02-20 09:00:12,121.410267,31.269750, 13,141,2
10200,2007-02-20 09:01:15,121.410267,31.269750, 13,141,2
10200,2007-02-20 09:02:18,121.410267,31.269750, 13,141,2
10200,2007-02-20 09:03:21,121.410267,31.269750, 13,141,2
10200,2007-02-20 09:04:24,121.410267,31.269750, 13,141,2
10200,2007-02-20 09:05:27,121.410267,31.269750, 13,141,2
10200,2007-02-20 09:06:30,121.410267,31.269750, 13,141,2
10200,2007-02-20 09:07:33,121.410267,31.269750, 13,141,2
10200,2007-02-20 09:08:36,121.410267,31.269750, 13,141,2
10200,2007-02-20 09:09:39,121.410267,31.269750, 13,141,2
10200,2007-02-20 09:10:42,121.410267,31.269750, 13,141,2
10200,2007-02-20 09:11:45,121.410267,31.269750, 13,141,2
10200,2007-02-20 09:12:48,121.410267,31.269750, 13,141,2
10200,2007-02-20 09:13:51,121.410267,31.269750, 13,141,2
10200,2007-02-20 09:14:54,121.410267,31.269750, 13,141,2
10200,2007-02-20 09:15:58,121.410267,31.269750, 13,141,2
10200,2007-02-20 09:17:01,121.410267,31.269750, 13,141,2
10200,2007-02-20 09:18:04,121.410267,31.269750, 13,141,2
10200,2007-02-20 09:19:07,121.410267,31.269750, 13,141,2
10200,2007-02-20 09:20:10,121.410267,31.269750, 13,141,2
10200,2007-02-20 09:21:13,121.410267,31.269750, 13,141,2
10200,2007-02-20 09:22:16,121.410267,31.269750, 13,141,2
10200,2007-02-20 09:23:19,121.410267,31.269750, 13,141,2
10200,2007-02-20 09:24:22,121.410267,31.269750, 13,141,2
10200,2007-02-20 09:25:25,121.410267,31.269750, 13,141,2
10200,2007-02-20 09:26:28,121.410267,31.269750, 13,141,2
10200,2007-02-20 09:28:34,121.410267,31.269750, 13,141,2
10200,2007-02-20 09:29:37,121.410267,31.269750, 13,141,2
10200,2007-02-20 09:30:40,121.410267,31.269750, 13,141,2
10200,2007-02-20 09:31:43,121.410267,31.269750, 13,141,2
10200,2007-02-20 09:32:46,121.410267,31.269750, 13,141,2
10200,2007-02-20 09:33:49,121.410267,31.269750, 13,141,2
10200,2007-02-20 09:34:52,121.410267,31.269750, 13,141,2
10200,2007-02-20 09:35:55,121.410267,31.269750, 13,141,2
10200,2007-02-20 09:36:58,121.410267,31.269750, 13,141,2
10200,2007-02-20 09:38:01,121.410267,31.269750, 13,141,2
10200,2007-02-20 09:39:04,121.410267,31.269750, 13,141,2
10200,2007-02-20 09:40:07,121.410267,31.269750, 13,141,2
10200,2007-02-20 09:41:10,121.410267,31.269750, 13,141,2
10200,2007-02-20 09:42:13,121.410267,31.269750, 13,141,2
10200,2007-02-20 09:43:16,121.410267,31.269750, 13,141,2
10200,2007-02-20 09:44:19,121.410267,31.269750, 13,141,2
10200,2007-02-20 09:45:22,121.410267,31.269750, 13,141,2
10200,2007-02-20 09:46:25,121.410267,31.269750, 13,141,2
10200,2007-02-20 09:47:28,121.410267,31.269750, 13,141,2
10200,2007-02-20 09:48:31,121.410267,31.269750, 13,141,2
10200,2007-02-20 09:49:34,121.410267,31.269750, 13,141,2
10200,2007-02-20 09:50:37,121.410267,31.269750, 13,141,2
10200,2007-02-20 09:51:40,121.410267,31.269750, 13,141,2
10200,2007-02-20 09:52:43,121.410267,31.269750, 13,141,2
10200,2007-02-20 09:53:46,121.410267,31.269750, 13,141,2
10200,2007-02-20 09:54:49,121.410267,31.269750, 13,141,2
10200,2007-02-20 09:55:52,121.410267,31.269750, 13,141,2
10200,2007-02-20 09:56:55,121.410267,31.269750, 13,141,2
10200,2007-02-20 09:57:58,121.410267,31.269750, 13,141,2
10200,2007-02-20 09:59:01,121.410267,31.269750, 13,141,2
10200,2007-02-20 10:00:04,121.410267,31.269750, 13,141,2
10200,2007-02-20 10:01:07,121.410267,31.269750, 13,141,2
10200,2007-02-20 10:02:10,121.410267,31.269750, 13,141,2
10200,2007-02-20 10:03:13,121.410267,31.269750, 13,141,2
10200,2007-02-20 10:04:16,121.410267,31.269750, 13,141,2
10200,2007-02-20 10:05:19,121.410267,31.269750, 13,141,2
10200,2007-02-20 10:06:23,121.410267,31.269750, 13,141,2
10200,2007-02-20 10:08:29,121.410267,31.269750, 13,141,2
10200,2007-02-20 10:09:32,121.410267,31.269750, 13,141,2
10200,2007-02-20 10:10:35,121.410267,31.269750, 13,141,2
10200,2007-02-20 10:11:38,121.410267,31.269750, 13,141,2
10200,2007-02-20 10:12:41,121.410267,31.269750, 13,141,2
10200,2007-02-20 10:13:44,121.410267,31.269750, 13,141,2
10200,2007-02-20 10:14:47,121.410267,31.269750, 13,141,2
10200,2007-02-20 10:15:50,121.410267,31.269750, 13,141,2
10200,2007-02-20 10:16:53,121.410267,31.269750, 13,141,2
10200,2007-02-20 10:17:56,121.410267,31.269750, 13,141,2
10200,2007-02-20 10:18:59,121.410267,31.269750, 13,141,2
10200,2007-02-20 10:20:02,121.410267,31.269750, 13,141,2
10200,2007-02-20 10:21:05,121.410267,31.269750, 13,141,2
10200,2007-02-20 10:22:08,121.410267,31.269750, 13,141,2
10200,2007-02-20 10:23:11,121.410267,31.269750, 13,141,2
10200,2007-02-20 10:24:14,121.410267,31.269750, 13,141,2
10200,2007-02-20 10:25:17,121.410267,31.269750, 13,141,2
10200,2007-02-20 10:26:20,121.410267,31.269750, 13,141,2
10200,2007-02-20 10:27:23,121.410267,31.269750, 13,141,2
10200,2007-02-20 10:28:26,121.410267,31.269750, 13,141,2
10200,2007-02-20 10:29:29,121.410267,31.269750, 13,141,2
10200,2007-02-20 10:30:32,121.410267,31.269750, 13,141,2
10200,2007-02-20 10:31:35,121.410267,31.269750, 13,141,2
10200,2007-02-20 10:32:38,121.410267,31.269750, 13,141,2
10200,2007-02-20 10:33:41,121.410267,31.269750, 13,141,2
10200,2007-02-20 10:34:44,121.410267,31.269750, 13,141,2
10200,2007-02-20 10:35:47,121.410267,31.269750, 13,141,2
10200,2007-02-20 10:36:50,121.410267,31.269750, 13,141,2
10200,2007-02-20 10:37:53,121.410267,31.269750, 13,141,2
10200,2007-02-20 10:38:56,121.410267,31.269750, 13,141,2
10200,2007-02-20 10:39:59,121.410267,31.269750, 13,141,2
10200,2007-02-20 10:41:02,121.410267,31.269750, 13,141,2
10200,2007-02-20 10:42:05,121.410267,31.269750, 13,141,2
10200,2007-02-20 10:43:08,121.410267,31.269750, 13,141,2
10200,2007-02-20 10:44:11,121.410267,31.269750, 13,141,2
10200,2007-02-20 10:45:14,121.410267,31.269750, 13,141,2
10200,2007-02-20 10:46:18,121.410267,31.269750, 13,141,2
10200,2007-02-20 10:47:21,121.410267,31.269750, 13,141,2
10200,2007-02-20 10:48:24,121.410267,31.269750, 13,141,2
10200,2007-02-20 10:49:27,121.410267,31.269750, 13,141,2
10200,2007-02-20 10:50:30,121.410267,31.269750, 13,141,2
10200,2007-02-20 10:51:33,121.410267,31.269750, 13,141,2
10200,2007-02-20 10:52:36,121.410267,31.269750, 13,141,2
10200,2007-02-20 10:53:39,121.410267,31.269750, 13,141,2
10200,2007-02-20 10:54:42,121.410267,31.269750, 13,141,2
10200,2007-02-20 10:55:45,121.410267,31.269750, 13,141,2
10200,2007-02-20 10:56:48,121.410267,31.269750, 13,141,2
10200,2007-02-20 10:57:51,121.410267,31.269750, 13,141,2
10200,2007-02-20 10:58:54,121.410267,31.269750, 13,141,2
10200,2007-02-20 10:59:57,121.410267,31.269750, 13,141,2
10200,2007-02-20 11:01:00,121.410267,31.269750, 13,141,2
10200,2007-02-20 11:02:03,121.410267,31.269750, 13,141,2
10200,2007-02-20 11:03:06,121.410267,31.269750, 13,141,2
10200,2007-02-20 11:04:09,121.410267,31.269750, 13,141,2
10200,2007-02-20 11:05:12,121.410267,31.269750, 13,141,2
10200,2007-02-20 11:06:15,121.410267,31.269750, 13,141,2
10200,2007-02-20 11:07:18,121.410267,31.269750, 13,141,2
10200,2007-02-20 11:08:21,121.410267,31.269750, 13,141,2
10200,2007-02-20 11:09:24,121.410267,31.269750, 13,141,2
10200,2007-02-20 11:10:27,121.410267,31.269750, 13,141,2
10200,2007-02-20 11:11:30,121.410267,31.269750, 13,141,2
10200,2007-02-20 11:12:33,121.410267,31.269750, 13,141,2
10200,2007-02-20 11:13:36,121.410267,31.269750, 13,141,2
10200,2007-02-20 11:14:39,121.410267,31.269750, 13,141,2
10200,2007-02-20 11:16:45,121.410267,31.269750, 13,141,2
10200,2007-02-20 11:17:48,121.410267,31.269750, 13,141,2
10200,2007-02-20 11:18:51,121.410267,31.269750, 13,141,2
10200,2007-02-20 11:19:54,121.410267,31.269750, 13,141,2
10200,2007-02-20 11:20:57,121.410267,31.269750, 13,141,2
10200,2007-02-20 11:22:00,121.410267,31.269750, 13,141,2
10200,2007-02-20 11:23:03,121.410267,31.269750, 13,141,2
10200,2007-02-20 11:24:06,121.410267,31.269750, 13,141,2
10200,2007-02-20 11:25:09,121.410267,31.269750, 13,141,2
10200,2007-02-20 11:26:12,121.410267,31.269750, 13,141,2
10200,2007-02-20 11:27:15,121.410267,31.269750, 13,141,2
10200,2007-02-20 11:28:18,121.410267,31.269750, 13,141,2
10200,2007-02-20 11:29:21,121.410267,31.269750, 13,141,2
10200,2007-02-20 11:30:24,121.410267,31.269750, 13,141,2
10200,2007-02-20 11:31:27,121.410267,31.269750, 13,141,2
10200,2007-02-20 11:32:30,121.410267,31.269750, 13,141,2
10200,2007-02-20 11:33:33,121.410267,31.269750, 13,141,2
10200,2007-02-20 11:34:36,121.410267,31.269750, 13,141,2
10200,2007-02-20 11:35:39,121.410267,31.269750, 13,141,2
10200,2007-02-20 11:36:42,121.410267,31.269750, 13,141,2
10200,2007-02-20 11:37:45,121.410267,31.269750, 13,141,2
10200,2007-02-20 11:38:48,121.410267,31.269750, 13,141,2
10200,2007-02-20 11:40:55,121.410267,31.269750, 13,141,2
10200,2007-02-20 11:41:58,121.410267,31.269750, 13,141,2
10200,2007-02-20 11:43:01,121.410267,31.269750, 13,141,2
10200,2007-02-20 11:44:04,121.410267,31.269750, 13,141,2
10200,2007-02-20 11:45:07,121.410267,31.269750, 13,141,2
10200,2007-02-20 11:46:10,121.410267,31.269750, 13,141,2
10200,2007-02-20 11:47:13,121.410267,31.269750, 13,141,2
10200,2007-02-20 11:48:16,121.410267,31.269750, 13,141,2
10200,2007-02-20 11:49:19,121.410267,31.269750, 13,141,2
10200,2007-02-20 11:50:22,121.410267,31.269750, 13,141,2
10200,2007-02-20 11:51:25,121.410267,31.269750, 13,141,2
10200,2007-02-20 11:52:28,121.410267,31.269750, 13,141,2
10200,2007-02-20 11:53:31,121.410267,31.269750, 13,141,2
10200,2007-02-20 11:54:34,121.410267,31.269750, 13,141,2
10200,2007-02-20 11:55:37,121.410267,31.269750, 13,141,2
10200,2007-02-20 11:56:40,121.410267,31.269750, 13,141,2
10200,2007-02-20 11:57:43,121.410267,31.269750, 13,141,2
10200,2007-02-20 11:58:46,121.410267,31.269750, 13,141,2
10200,2007-02-20 11:59:49,121.410267,31.269750, 13,141,2
10200,2007-02-20 12:00:52,121.410267,31.269750, 13,141,2
10200,2007-02-20 12:01:55,121.410267,31.269750, 13,141,2
10200,2007-02-20 12:02:58,121.410267,31.269750, 13,141,2
10200,2007-02-20 12:04:01,121.410267,31.269750, 13,141,2
10200,2007-02-20 12:05:04,121.410267,31.269750, 13,141,2
10200,2007-02-20 12:06:07,121.410267,31.269750, 13,141,2
10200,2007-02-20 12:07:10,121.410267,31.269750, 13,141,2
10200,2007-02-20 12:08:13,121.410267,31.269750, 13,141,2
10200,2007-02-20 12:09:16,121.410267,31.269750, 13,141,2
10200,2007-02-20 12:10:19,121.410267,31.269750, 13,141,2
10200,2007-02-20 12:11:22,121.410267,31.269750, 13,141,2
10200,2007-02-20 12:12:25,121.410267,31.269750, 13,141,2
10200,2007-02-20 12:13:28,121.410267,31.269750, 13,141,2
10200,2007-02-20 12:14:31,121.410267,31.269750, 13,141,2
10200,2007-02-20 12:15:34,121.410267,31.269750, 13,141,2
10200,2007-02-20 12:16:37,121.410267,31.269750, 13,141,2
10200,2007-02-20 12:17:40,121.410267,31.269750, 13,141,2
10200,2007-02-20 12:18:43,121.410267,31.269750, 13,141,2
10200,2007-02-20 12:19:46,121.410267,31.269750, 13,141,2
10200,2007-02-20 12:20:49,121.410267,31.269750, 13,141,2
10200,2007-02-20 12:21:52,121.410267,31.269750, 13,141,2
10200,2007-02-20 12:22:55,121.410267,31.269750, 13,141,2
10200,2007-02-20 12:23:58,121.410267,31.269750, 13,141,2
10200,2007-02-20 12:25:01,121.410267,31.269750, 13,141,2
10200,2007-02-20 12:26:04,121.410267,31.269750, 13,141,2
10200,2007-02-20 12:28:10,121.410267,31.269750, 13,141,2
10200,2007-02-20 12:29:13,121.410267,31.269750, 13,141,2
10200,2007-02-20 12:30:17,121.410267,31.269750, 13,141,2
10200,2007-02-20 12:31:20,121.410267,31.269750, 13,141,2
10200,2007-02-20 12:32:23,121.410267,31.269750, 13,141,2
10200,2007-02-20 12:33:26,121.410267,31.269750, 13,141,2
10200,2007-02-20 12:34:29,121.410267,31.269750, 13,141,2
10200,2007-02-20 12:35:32,121.410267,31.269750, 13,141,2
10200,2007-02-20 12:36:35,121.410267,31.269750, 13,141,2
10200,2007-02-20 12:37:38,121.410267,31.269750, 13,141,2
10200,2007-02-20 12:38:41,121.410267,31.269750, 13,141,2
10200,2007-02-20 12:39:44,121.410267,31.269750, 13,141,2
10200,2007-02-20 12:40:47,121.410267,31.269750, 13,141,2
10200,2007-02-20 12:41:50,121.410267,31.269750, 13,141,2
10200,2007-02-20 12:42:53,121.410267,31.269750, 13,141,2
10200,2007-02-20 12:43:56,121.410267,31.269750, 13,141,2
10200,2007-02-20 12:44:59,121.410267,31.269750, 13,141,2
10200,2007-02-20 12:46:02,121.410267,31.269750, 13,141,2
10200,2007-02-20 12:47:05,121.410267,31.269750, 13,141,2
10200,2007-02-20 12:48:08,121.410267,31.269750, 13,141,2
10200,2007-02-20 12:49:11,121.410267,31.269750, 13,141,2
10200,2007-02-20 12:50:14,121.410267,31.269750, 13,141,2
10200,2007-02-20 12:51:17,121.410267,31.269750, 13,141,2
10200,2007-02-20 12:52:20,121.410267,31.269750, 13,141,2
10200,2007-02-20 12:53:23,121.410267,31.269750, 13,141,2
10200,2007-02-20 12:54:26,121.410267,31.269750, 13,141,2
10200,2007-02-20 12:56:32,121.410267,31.269750, 13,141,2
10200,2007-02-20 12:57:35,121.410267,31.269750, 13,141,2
10200,2007-02-20 12:58:38,121.410267,31.269750, 13,141,2
10200,2007-02-20 12:59:41,121.410267,31.269750, 13,141,2
10200,2007-02-20 13:00:44,121.410267,31.269750, 13,141,2
10200,2007-02-20 13:01:47,121.410267,31.269750, 13,141,2
10200,2007-02-20 13:03:53,121.410267,31.269750, 13,141,2
10200,2007-02-20 13:04:56,121.410267,31.269750, 13,141,2
10200,2007-02-20 13:05:59,121.410267,31.269750, 13,141,2
10200,2007-02-20 13:07:02,121.410267,31.269750, 13,141,2
10200,2007-02-20 13:08:05,121.410267,31.269750, 13,141,2
10200,2007-02-20 13:09:08,121.410267,31.269750, 13,141,2
10200,2007-02-20 13:10:11,121.410267,31.269750, 13,141,2
10200,2007-02-20 13:11:14,121.410267,31.269750, 13,141,2
10200,2007-02-20 13:12:17,121.410267,31.269750, 13,141,2
10200,2007-02-20 13:13:20,121.410267,31.269750, 13,141,2
10200,2007-02-20 13:14:23,121.410267,31.269750, 13,141,2
10200,2007-02-20 13:15:27,121.410267,31.269750, 13,141,2
10200,2007-02-20 13:16:30,121.410267,31.269750, 13,141,2
10200,2007-02-20 13:17:33,121.410267,31.269750, 13,141,2
10200,2007-02-20 13:18:36,121.410267,31.269750, 13,141,2
10200,2007-02-20 13:19:39,121.410267,31.269750, 13,141,2
10200,2007-02-20 13:20:42,121.410267,31.269750, 13,141,2
10200,2007-02-20 13:21:45,121.410267,31.269750, 13,141,2
10200,2007-02-20 13:22:48,121.410267,31.269750, 13,141,2
10200,2007-02-20 13:23:51,121.410267,31.269750, 13,141,2
10200,2007-02-20 13:24:54,121.410267,31.269750, 13,141,2
10200,2007-02-20 13:25:57,121.410267,31.269750, 13,141,2
10200,2007-02-20 13:27:00,121.410267,31.269750, 13,141,2
10200,2007-02-20 13:28:03,121.410267,31.269750, 13,141,2
10200,2007-02-20 13:29:06,121.410267,31.269750, 13,141,2
10200,2007-02-20 13:30:09,121.410267,31.269750, 13,141,2
10200,2007-02-20 13:31:12,121.410267,31.269750, 13,141,2
10200,2007-02-20 13:32:15,121.410267,31.269750, 13,141,2
10200,2007-02-20 13:33:18,121.410267,31.269750, 13,141,2
10200,2007-02-20 13:34:21,121.410267,31.269750, 13,141,2
10200,2007-02-20 13:35:24,121.410267,31.269750, 13,141,2
10200,2007-02-20 13:36:27,121.410267,31.269750, 13,141,2
10200,2007-02-20 13:38:33,121.410267,31.269750, 13,141,2
10200,2007-02-20 13:39:36,121.410267,31.269750, 13,141,2
10200,2007-02-20 13:40:39,121.410267,31.269750, 13,141,2
10200,2007-02-20 13:41:42,121.410267,31.269750, 13,141,2
10200,2007-02-20 13:42:45,121.410267,31.269750, 13,141,2
10200,2007-02-20 13:43:48,121.410267,31.269750, 13,141,2
10200,2007-02-20 13:44:51,121.410267,31.269750, 13,141,2
10200,2007-02-20 13:45:54,121.410267,31.269750, 13,141,2
10200,2007-02-20 13:46:57,121.410267,31.269750, 13,141,2
10200,2007-02-20 13:48:00,121.410267,31.269750, 13,141,2
10200,2007-02-20 13:49:03,121.410267,31.269750, 13,141,2
10200,2007-02-20 13:50:06,121.410267,31.269750, 13,141,2
10200,2007-02-20 13:51:09,121.410267,31.269750, 13,141,2
10200,2007-02-20 13:52:12,121.410267,31.269750, 13,141,2
10200,2007-02-20 13:53:15,121.410267,31.269750, 13,141,2
10200,2007-02-20 13:54:18,121.410267,31.269750, 13,141,2
10200,2007-02-20 13:55:21,121.410267,31.269750, 13,141,2
10200,2007-02-20 13:56:24,121.410267,31.269750, 13,141,2
10200,2007-02-20 13:57:27,121.410267,31.269750, 13,141,2
10200,2007-02-20 13:58:30,121.410267,31.269750, 13,141,2
10200,2007-02-20 13:59:33,121.410267,31.269750, 13,141,2
10200,2007-02-20 14:00:36,121.410267,31.269750, 13,141,2
10200,2007-02-20 14:01:39,121.410267,31.269750, 13,141,2
10200,2007-02-20 14:02:42,121.410267,31.269750, 13,141,2
10200,2007-02-20 14:05:52,121.410267,31.269750, 13,141,2
10200,2007-02-20 14:06:55,121.410267,31.269750, 13,141,2
10200,2007-02-20 14:07:58,121.410267,31.269750, 13,141,2
10200,2007-02-20 14:09:01,121.410267,31.269750, 13,141,2
10200,2007-02-20 14:10:04,121.410267,31.269750, 13,141,2
10200,2007-02-20 14:11:07,121.410267,31.269750, 13,141,2
10200,2007-02-20 14:12:10,121.410267,31.269750, 13,141,2
10200,2007-02-20 14:13:13,121.410267,31.269750, 13,141,2
10200,2007-02-20 14:14:16,121.410267,31.269750, 13,141,2
10200,2007-02-20 14:15:19,121.410267,31.269750, 13,141,2
10200,2007-02-20 14:16:22,121.410267,31.269750, 13,141,2
10200,2007-02-20 14:17:25,121.410267,31.269750, 13,141,2
10200,2007-02-20 14:18:28,121.410267,31.269750, 13,141,2
10200,2007-02-20 14:19:31,121.410267,31.269750, 13,141,2
10200,2007-02-20 14:20:34,121.410267,31.269750, 13,141,2
10200,2007-02-20 14:21:37,121.410267,31.269750, 13,141,2
10200,2007-02-20 14:22:40,121.410267,31.269750, 13,141,2
10200,2007-02-20 14:24:46,121.410267,31.269750, 13,141,2
10200,2007-02-20 14:25:49,121.410267,31.269750, 13,141,2
10200,2007-02-20 14:26:52,121.410267,31.269750, 13,141,2
10200,2007-02-20 14:27:55,121.410267,31.269750, 13,141,2
10200,2007-02-20 14:28:58,121.410267,31.269750, 13,141,2
10200,2007-02-20 14:30:01,121.410267,31.269750, 13,141,2
10200,2007-02-20 14:31:04,121.410267,31.269750, 13,141,2
10200,2007-02-20 14:32:07,121.410267,31.269750, 13,141,2
10200,2007-02-20 14:33:10,121.410267,31.269750, 13,141,2
10200,2007-02-20 14:34:13,121.410267,31.269750, 13,141,2
10200,2007-02-20 14:35:16,121.410267,31.269750, 13,141,2
10200,2007-02-20 14:36:19,121.410267,31.269750, 13,141,2
10200,2007-02-20 14:37:22,121.410267,31.269750, 13,141,2
10200,2007-02-20 14:38:25,121.410267,31.269750, 13,141,2
10200,2007-02-20 14:39:28,121.410267,31.269750, 13,141,2
10200,2007-02-20 14:40:31,121.410267,31.269750, 13,141,2
10200,2007-02-20 14:41:34,121.410267,31.269750, 13,141,2
10200,2007-02-20 14:42:37,121.410267,31.269750, 13,141,2
10200,2007-02-20 14:43:40,121.410267,31.269750, 13,141,2
10200,2007-02-20 14:44:43,121.410267,31.269750, 13,141,2
10200,2007-02-20 14:45:46,121.410267,31.269750, 13,141,2
10200,2007-02-20 14:46:49,121.410267,31.269750, 13,141,2
10200,2007-02-20 14:47:52,121.410267,31.269750, 13,141,2
10200,2007-02-20 14:48:55,121.410267,31.269750, 13,141,2
10200,2007-02-20 14:49:59,121.410267,31.269750, 13,141,2
10200,2007-02-20 14:51:02,121.410267,31.269750, 13,141,2
10200,2007-02-20 14:52:05,121.410267,31.269750, 13,141,2
10200,2007-02-20 14:53:08,121.410267,31.269750, 13,141,2
10200,2007-02-20 14:54:11,121.410267,31.269750, 13,141,2
10200,2007-02-20 14:55:14,121.410267,31.269750, 13,141,2
10200,2007-02-20 14:56:17,121.410267,31.269750, 13,141,2
10200,2007-02-20 14:57:20,121.410267,31.269750, 13,141,2
10200,2007-02-20 14:58:23,121.410267,31.269750, 13,141,2
10200,2007-02-20 14:59:26,121.410267,31.269750, 13,141,2
10200,2007-02-20 15:00:29,121.410267,31.269750, 13,141,2
10200,2007-02-20 15:01:32,121.410267,31.269750, 13,141,2
10200,2007-02-20 15:02:35,121.410267,31.269750, 13,141,2
10200,2007-02-20 15:03:38,121.410267,31.269750, 13,141,2
10200,2007-02-20 15:04:41,121.410267,31.269750, 13,141,2
10200,2007-02-20 15:05:44,121.410267,31.269750, 13,141,2
10200,2007-02-20 15:06:47,121.410267,31.269750, 13,141,2
10200,2007-02-20 15:07:50,121.410267,31.269750, 13,141,2
10200,2007-02-20 15:08:53,121.410267,31.269750, 13,141,2
10200,2007-02-20 15:09:56,121.410267,31.269750, 13,141,2
10200,2007-02-20 15:10:59,121.410267,31.269750, 13,141,2
10200,2007-02-20 15:12:02,121.410267,31.269750, 13,141,2
10200,2007-02-20 15:13:05,121.410267,31.269750, 13,141,2
10200,2007-02-20 15:14:08,121.410267,31.269750, 13,141,2
10200,2007-02-20 15:15:11,121.410267,31.269750, 13,141,2
10200,2007-02-20 15:16:14,121.410267,31.269750, 13,141,2
10200,2007-02-20 15:17:17,121.410267,31.269750, 13,141,2
10200,2007-02-20 15:18:20,121.410267,31.269750, 13,141,2
10200,2007-02-20 15:19:23,121.410267,31.269750, 13,141,2
10200,2007-02-20 15:20:26,121.410267,31.269750, 13,141,2
10200,2007-02-20 15:21:29,121.410267,31.269750, 13,141,2
10200,2007-02-20 15:22:32,121.410267,31.269750, 13,141,2
10200,2007-02-20 15:23:35,121.410267,31.269750, 13,141,2
10200,2007-02-20 15:24:39,121.410267,31.269750, 13,141,2
10200,2007-02-20 15:25:42,121.410267,31.269750, 13,141,2
10200,2007-02-20 15:26:45,121.410267,31.269750, 13,141,2
10200,2007-02-20 15:27:48,121.410267,31.269750, 13,141,2
10200,2007-02-20 15:28:51,121.410267,31.269750, 13,141,2
10200,2007-02-20 15:29:54,121.410267,31.269750, 13,141,2
10200,2007-02-20 15:30:57,121.410267,31.269750, 13,141,2
10200,2007-02-20 15:32:00,121.410267,31.269750, 13,141,2
10200,2007-02-20 15:33:03,121.410267,31.269750, 13,141,2
10200,2007-02-20 15:34:06,121.410267,31.269750, 13,141,2
10200,2007-02-20 15:35:09,121.410267,31.269750, 13,141,2
10200,2007-02-20 15:36:12,121.410267,31.269750, 13,141,2
10200,2007-02-20 15:37:15,121.410267,31.269750, 13,141,2
10200,2007-02-20 15:38:18,121.410267,31.269750, 13,141,2
10200,2007-02-20 15:39:21,121.410267,31.269750, 13,141,2
10200,2007-02-20 15:40:24,121.410267,31.269750, 13,141,2
10200,2007-02-20 15:41:27,121.410267,31.269750, 13,141,2
10200,2007-02-20 15:42:30,121.410267,31.269750, 13,141,2
10200,2007-02-20 15:43:33,121.410267,31.269750, 13,141,2
10200,2007-02-20 15:45:39,121.410267,31.269750, 13,141,2
10200,2007-02-20 15:46:42,121.410267,31.269750, 13,141,2
10200,2007-02-20 15:47:45,121.410267,31.269750, 13,141,2
10200,2007-02-20 15:48:48,121.410267,31.269750, 13,141,2
10200,2007-02-20 15:49:51,121.410267,31.269750, 13,141,2
10200,2007-02-20 15:50:54,121.410267,31.269750, 13,141,2
10200,2007-02-20 15:51:57,121.410267,31.269750, 13,141,2
10200,2007-02-20 15:53:00,121.410267,31.269750, 13,141,2
10200,2007-02-20 15:54:03,121.410267,31.269750, 13,141,2
10200,2007-02-20 15:55:06,121.410267,31.269750, 13,141,2
10200,2007-02-20 15:56:09,121.410267,31.269750, 13,141,2
10200,2007-02-20 15:57:12,121.410267,31.269750, 13,141,2
10200,2007-02-20 15:58:15,121.410267,31.269750, 13,141,2
10200,2007-02-20 15:59:18,121.410267,31.269750, 13,141,2
10200,2007-02-20 16:00:21,121.410267,31.269750, 13,141,2
10200,2007-02-20 16:01:24,121.410267,31.269750, 13,141,2
10200,2007-02-20 16:02:27,121.410267,31.269750, 13,141,2
10200,2007-02-20 16:03:30,121.410267,31.269750, 13,141,2
10200,2007-02-20 16:04:33,121.410267,31.269750, 13,141,2
10200,2007-02-20 16:05:36,121.410267,31.269750, 13,141,2
10200,2007-02-20 16:06:39,121.410267,31.269750, 13,141,2
10200,2007-02-20 16:07:42,121.410267,31.269750, 13,141,2
10200,2007-02-20 16:08:45,121.410267,31.269750, 13,141,2
10200,2007-02-20 16:09:48,121.410267,31.269750, 13,141,2
10200,2007-02-20 16:10:52,121.410267,31.269750, 13,141,2
10200,2007-02-20 16:11:55,121.410267,31.269750, 13,141,2
10200,2007-02-20 16:12:58,121.410267,31.269750, 13,141,2
10200,2007-02-20 16:14:01,121.410267,31.269750, 13,141,2
10200,2007-02-20 16:15:04,121.410267,31.269750, 13,141,2
10200,2007-02-20 16:16:07,121.410267,31.269750, 13,141,2
10200,2007-02-20 16:17:10,121.410267,31.269750, 13,141,2
10200,2007-02-20 16:18:13,121.410267,31.269750, 13,141,2
10200,2007-02-20 16:19:16,121.410267,31.269750, 13,141,2
10200,2007-02-20 16:20:19,121.410267,31.269750, 13,141,2
10200,2007-02-20 16:21:22,121.410267,31.269750, 13,141,2
10200,2007-02-20 16:22:25,121.410267,31.269750, 13,141,2
10200,2007-02-20 16:23:28,121.410267,31.269750, 13,141,2
10200,2007-02-20 16:24:31,121.410267,31.269750, 13,141,2
10200,2007-02-20 16:25:34,121.410267,31.269750, 13,141,2
10200,2007-02-20 16:26:37,121.410267,31.269750, 13,141,2
10200,2007-02-20 16:27:40,121.410267,31.269750, 13,141,2
10200,2007-02-20 16:28:43,121.410267,31.269750, 13,141,2
10200,2007-02-20 16:29:46,121.410267,31.269750, 13,141,2
10200,2007-02-20 16:30:49,121.410267,31.269750, 13,141,2
10200,2007-02-20 16:31:52,121.410267,31.269750, 13,141,2
10200,2007-02-20 16:32:55,121.410267,31.269750, 13,141,2
10200,2007-02-20 16:35:01,121.410267,31.269750, 13,141,2
10200,2007-02-20 16:36:04,121.410267,31.269750, 13,141,2
10200,2007-02-20 16:37:07,121.410267,31.269750, 13,141,2
10200,2007-02-20 16:38:10,121.410267,31.269750, 13,141,2
10200,2007-02-20 16:39:13,121.410267,31.269750, 13,141,2
10200,2007-02-20 16:40:16,121.410267,31.269750, 13,141,2
10200,2007-02-20 16:41:19,121.410267,31.269750, 13,141,2
10200,2007-02-20 16:42:22,121.410267,31.269750, 13,141,2
10200,2007-02-20 16:43:25,121.410267,31.269750, 13,141,2
10200,2007-02-20 16:44:28,121.410267,31.269750, 13,141,2
10200,2007-02-20 16:45:31,121.410267,31.269750, 13,141,2
10200,2007-02-20 16:46:34,121.410267,31.269750, 13,141,2
10200,2007-02-20 16:47:37,121.410267,31.269750, 13,141,2
10200,2007-02-20 16:48:40,121.410267,31.269750, 13,141,2
10200,2007-02-20 16:50:46,121.410267,31.269750, 13,141,2
10200,2007-02-20 16:51:49,121.410267,31.269750, 13,141,2
10200,2007-02-20 16:52:52,121.410267,31.269750, 13,141,2
10200,2007-02-20 16:53:55,121.410267,31.269750, 13,141,2
10200,2007-02-20 16:54:59,121.410267,31.269750, 13,141,2
10200,2007-02-20 16:56:02,121.410267,31.269750, 13,141,2
10200,2007-02-20 16:57:05,121.410267,31.269750, 13,141,2
10200,2007-02-20 16:58:08,121.410267,31.269750, 13,141,2
10200,2007-02-20 16:59:11,121.410267,31.269750, 13,141,2
10200,2007-02-20 17:00:14,121.410267,31.269750, 13,141,2
10200,2007-02-20 17:01:17,121.410267,31.269750, 13,141,2
10200,2007-02-20 17:02:20,121.410267,31.269750, 13,141,2
10200,2007-02-20 17:03:23,121.410267,31.269750, 13,141,2
10200,2007-02-20 17:04:26,121.410267,31.269750, 13,141,2
10200,2007-02-20 17:05:29,121.410267,31.269750, 13,141,2
10200,2007-02-20 17:06:32,121.410267,31.269750, 13,141,2
10200,2007-02-20 17:07:35,121.410267,31.269750, 13,141,2
10200,2007-02-20 17:08:38,121.410267,31.269750, 13,141,2
10200,2007-02-20 17:10:44,121.410267,31.269750, 13,141,2
10200,2007-02-20 17:11:47,121.410267,31.269750, 13,141,2
10200,2007-02-20 17:13:53,121.410267,31.269750, 13,141,2
10200,2007-02-20 17:14:56,121.410267,31.269750, 13,141,2
10200,2007-02-20 17:15:59,121.410267,31.269750, 13,141,2
10200,2007-02-20 17:17:02,121.410267,31.269750, 13,141,2
10200,2007-02-20 17:19:08,121.410267,31.269750, 13,141,2
10200,2007-02-20 17:20:11,121.410267,31.269750, 13,141,2
10200,2007-02-20 17:21:14,121.410267,31.269750, 13,141,2
10200,2007-02-20 17:22:17,121.410267,31.269750, 13,141,2
10200,2007-02-20 17:23:20,121.410267,31.269750, 13,141,2
10200,2007-02-20 17:24:23,121.410267,31.269750, 13,141,2
10200,2007-02-20 17:25:26,121.410267,31.269750, 13,141,2
10200,2007-02-20 17:26:29,121.410267,31.269750, 13,141,2
10200,2007-02-20 17:28:35,121.410267,31.269750, 13,141,2
10200,2007-02-20 17:29:38,121.410267,31.269750, 13,141,2
10200,2007-02-20 17:30:41,121.410267,31.269750, 13,141,2
10200,2007-02-20 17:31:44,121.410267,31.269750, 13,141,2
10200,2007-02-20 17:32:47,121.410267,31.269750, 13,141,2
10200,2007-02-20 17:33:50,121.410267,31.269750, 13,141,2
10200,2007-02-20 17:34:54,121.410267,31.269750, 13,141,2
10200,2007-02-20 17:35:57,121.410267,31.269750, 13,141,2
10200,2007-02-20 17:37:00,121.410267,31.269750, 13,141,2
10200,2007-02-20 17:38:03,121.410267,31.269750, 13,141,2
10200,2007-02-20 17:39:06,121.410267,31.269750, 13,141,2
10200,2007-02-20 17:40:09,121.410267,31.269750, 13,141,2
10200,2007-02-20 17:41:12,121.410267,31.269750, 13,141,2
10200,2007-02-20 17:43:18,121.410267,31.269750, 13,141,2
10200,2007-02-20 17:44:21,121.410267,31.269750, 13,141,2
10200,2007-02-20 17:45:24,121.410267,31.269750, 13,141,2
10200,2007-02-20 17:46:27,121.410267,31.269750, 13,141,2
10200,2007-02-20 17:47:30,121.410267,31.269750, 13,141,2
10200,2007-02-20 17:48:33,121.410267,31.269750, 13,141,2
10200,2007-02-20 17:49:36,121.410267,31.269750, 13,141,2
10200,2007-02-20 17:50:39,121.410267,31.269750, 13,141,2
10200,2007-02-20 17:51:42,121.410267,31.269750, 13,141,2
10200,2007-02-20 17:52:45,121.410267,31.269750, 13,141,2
10200,2007-02-20 17:53:48,121.410267,31.269750, 13,141,2
10200,2007-02-20 17:54:51,121.410267,31.269750, 13,141,2
10200,2007-02-20 17:55:54,121.410267,31.269750, 13,141,2
10200,2007-02-20 17:56:57,121.410267,31.269750, 13,141,2
10200,2007-02-20 17:58:00,121.410267,31.269750, 13,141,2
10200,2007-02-20 17:59:03,121.410267,31.269750, 13,141,2
10200,2007-02-20 18:00:06,121.410267,31.269750, 13,141,2
10200,2007-02-20 18:01:09,121.410267,31.269750, 13,141,2
10200,2007-02-20 18:02:12,121.410267,31.269750, 13,141,2
10200,2007-02-20 18:03:15,121.410267,31.269750, 13,141,2
10200,2007-02-20 18:04:18,121.410267,31.269750, 13,141,2
10200,2007-02-20 18:05:21,121.410267,31.269750, 13,141,2
10200,2007-02-20 18:06:24,121.410267,31.269750, 13,141,2
10200,2007-02-20 18:08:30,121.410267,31.269750, 13,141,2
10200,2007-02-20 18:09:33,121.410267,31.269750, 13,141,2
10200,2007-02-20 18:10:36,121.410267,31.269750, 13,141,2
10200,2007-02-20 18:11:39,121.410267,31.269750, 13,141,2
10200,2007-02-20 18:12:42,121.410267,31.269750, 13,141,2
10200,2007-02-20 18:13:45,121.410267,31.269750, 13,141,2
10200,2007-02-20 18:14:48,121.410267,31.269750, 13,141,2
10200,2007-02-20 18:15:51,121.410267,31.269750, 13,141,2
10200,2007-02-20 18:16:54,121.410267,31.269750, 13,141,2
10200,2007-02-20 18:19:00,121.410267,31.269750, 13,141,2
10200,2007-02-20 18:20:04,121.410267,31.269750, 13,141,2
10200,2007-02-20 18:21:07,121.410267,31.269750, 13,141,2
10200,2007-02-20 18:22:10,121.410267,31.269750, 13,141,2
10200,2007-02-20 18:23:13,121.410267,31.269750, 13,141,2
10200,2007-02-20 18:24:16,121.410267,31.269750, 13,141,2
10200,2007-02-20 18:25:19,121.410267,31.269750, 13,141,2
10200,2007-02-20 18:26:22,121.410267,31.269750, 13,141,2
10200,2007-02-20 18:27:25,121.410267,31.269750, 13,141,2
10200,2007-02-20 18:28:28,121.410267,31.269750, 13,141,2
10200,2007-02-20 18:29:31,121.410267,31.269750, 13,141,2
10200,2007-02-20 18:30:34,121.410267,31.269750, 13,141,2
10200,2007-02-20 18:31:37,121.410267,31.269750, 13,141,2
10200,2007-02-20 18:32:40,121.410267,31.269750, 13,141,2
10200,2007-02-20 18:33:43,121.410267,31.269750, 13,141,2
10200,2007-02-20 18:34:46,121.410267,31.269750, 13,141,2
10200,2007-02-20 18:35:49,121.410267,31.269750, 13,141,2
10200,2007-02-20 18:36:52,121.410267,31.269750, 13,141,2
10200,2007-02-20 18:37:55,121.410267,31.269750, 13,141,2
10200,2007-02-20 18:38:58,121.410267,31.269750, 13,141,2
10200,2007-02-20 18:40:01,121.410267,31.269750, 13,141,2
10200,2007-02-20 18:41:04,121.410267,31.269750, 13,141,2
10200,2007-02-20 18:42:07,121.410267,31.269750, 13,141,2
10200,2007-02-20 18:43:10,121.410267,31.269750, 13,141,2
10200,2007-02-20 18:44:13,121.410267,31.269750, 13,141,2
10200,2007-02-20 18:45:16,121.410267,31.269750, 13,141,2
10200,2007-02-20 18:46:19,121.410267,31.269750, 13,141,2
10200,2007-02-20 18:47:22,121.410267,31.269750, 13,141,2
10200,2007-02-20 18:48:25,121.410267,31.269750, 13,141,2
10200,2007-02-20 18:49:28,121.410267,31.269750, 13,141,2
10200,2007-02-20 18:50:31,121.410267,31.269750, 13,141,2
10200,2007-02-20 18:52:38,121.410267,31.269750, 13,141,2
10200,2007-02-20 18:53:41,121.410267,31.269750, 13,141,2
10200,2007-02-20 18:54:44,121.410267,31.269750, 13,141,2
10200,2007-02-20 18:55:47,121.410267,31.269750, 13,141,2
10200,2007-02-20 18:56:50,121.410267,31.269750, 13,141,2
10200,2007-02-20 18:57:53,121.410267,31.269750, 13,141,2
10200,2007-02-20 18:58:56,121.410267,31.269750, 13,141,2
10200,2007-02-20 19:01:02,121.410267,31.269750, 13,141,2
10200,2007-02-20 19:02:05,121.410267,31.269750, 13,141,2
10200,2007-02-20 19:03:08,121.410267,31.269750, 13,141,2
10200,2007-02-20 19:04:11,121.410267,31.269750, 13,141,2
10200,2007-02-20 19:05:14,121.410267,31.269750, 13,141,2
10200,2007-02-20 19:06:17,121.410267,31.269750, 13,141,2
10200,2007-02-20 19:07:20,121.410267,31.269750, 13,141,2
10200,2007-02-20 19:08:23,121.410267,31.269750, 13,141,2
10200,2007-02-20 19:09:26,121.410267,31.269750, 13,141,2
10200,2007-02-20 19:10:29,121.410267,31.269750, 13,141,2
10200,2007-02-20 19:11:32,121.410267,31.269750, 13,141,2
10200,2007-02-20 19:12:35,121.410267,31.269750, 13,141,2
10200,2007-02-20 19:13:38,121.410267,31.269750, 13,141,2
10200,2007-02-20 19:14:41,121.410267,31.269750, 13,141,2
10200,2007-02-20 19:15:44,121.410267,31.269750, 13,141,2
10200,2007-02-20 19:16:47,121.410267,31.269750, 13,141,2
10200,2007-02-20 19:17:50,121.410267,31.269750, 13,141,2
10200,2007-02-20 19:18:53,121.410267,31.269750, 13,141,2
10200,2007-02-20 19:19:56,121.410267,31.269750, 13,141,2
10200,2007-02-20 19:20:59,121.410267,31.269750, 13,141,2
10200,2007-02-20 19:22:03,121.410267,31.269750, 13,141,2
10200,2007-02-20 19:23:06,121.410267,31.269750, 13,141,2
10200,2007-02-20 19:24:09,121.410267,31.269750, 13,141,2
10200,2007-02-20 19:25:12,121.410267,31.269750, 13,141,2
10200,2007-02-20 19:27:18,121.410267,31.269750, 13,141,2
10200,2007-02-20 19:28:21,121.410267,31.269750, 13,141,2
10200,2007-02-20 19:29:24,121.410267,31.269750, 13,141,2
10200,2007-02-20 19:30:27,121.410267,31.269750, 13,141,2
10200,2007-02-20 19:32:33,121.410267,31.269750, 13,141,2
10200,2007-02-20 19:33:36,121.410267,31.269750, 13,141,2
10200,2007-02-20 19:34:39,121.410267,31.269750, 13,141,2
10200,2007-02-20 19:35:42,121.410267,31.269750, 13,141,2
10200,2007-02-20 19:36:45,121.410267,31.269750, 13,141,2
10200,2007-02-20 19:37:48,121.410267,31.269750, 13,141,2
10200,2007-02-20 19:39:54,121.410267,31.269750, 13,141,2
10200,2007-02-20 19:40:57,121.410267,31.269750, 13,141,2
10200,2007-02-20 19:43:03,121.410267,31.269750, 13,141,2
10200,2007-02-20 19:44:06,121.410267,31.269750, 13,141,2
10200,2007-02-20 19:45:09,121.410267,31.269750, 13,141,2
10200,2007-02-20 19:46:12,121.410267,31.269750, 13,141,2
10200,2007-02-20 19:47:16,121.410267,31.269750, 13,141,2
10200,2007-02-20 19:50:25,121.410267,31.269750, 13,141,2
10200,2007-02-20 19:51:28,121.410267,31.269750, 13,141,2
10200,2007-02-20 19:52:31,121.410267,31.269750, 13,141,2
10200,2007-02-20 19:53:34,121.410267,31.269750, 13,141,2
10200,2007-02-20 19:54:37,121.410267,31.269750, 13,141,2
10200,2007-02-20 19:55:40,121.410267,31.269750, 13,141,2
10200,2007-02-20 19:56:43,121.410267,31.269750, 13,141,2
10200,2007-02-20 19:57:46,121.410267,31.269750, 13,141,2
10200,2007-02-20 19:58:49,121.410267,31.269750, 13,141,2
10200,2007-02-20 19:59:52,121.410267,31.269750, 13,141,2
10200,2007-02-20 20:00:56,121.410267,31.269750, 13,141,2
10200,2007-02-20 20:02:00,121.410267,31.269750, 13,141,2
10200,2007-02-20 20:03:03,121.410267,31.269750, 13,141,2
10200,2007-02-20 20:04:06,121.410267,31.269750, 13,141,2
10200,2007-02-20 20:05:09,121.410267,31.269750, 13,141,2
10200,2007-02-20 20:06:12,121.410267,31.269750, 13,141,2
10200,2007-02-20 20:07:15,121.410267,31.269750, 13,141,2
10200,2007-02-20 20:08:18,121.410267,31.269750, 13,141,2
10200,2007-02-20 20:09:21,121.410267,31.269750, 13,141,2
10200,2007-02-20 20:10:24,121.410267,31.269750, 13,141,2
10200,2007-02-20 20:11:27,121.410267,31.269750, 13,141,2
10200,2007-02-20 20:12:30,121.410267,31.269750, 13,141,2
10200,2007-02-20 20:14:36,121.410267,31.269750, 13,141,2
10200,2007-02-20 20:15:39,121.410267,31.269750, 13,141,2
10200,2007-02-20 20:16:43,121.410267,31.269750, 13,141,2
10200,2007-02-20 20:17:46,121.410267,31.269750, 13,141,2
10200,2007-02-20 20:18:49,121.410267,31.269750, 13,141,2
10200,2007-02-20 20:19:52,121.410267,31.269750, 13,141,2
10200,2007-02-20 20:20:55,121.410267,31.269750, 13,141,2
10200,2007-02-20 20:21:58,121.410267,31.269750, 13,141,2
10200,2007-02-20 20:23:01,121.410267,31.269750, 13,141,2
10200,2007-02-20 20:24:04,121.410267,31.269750, 13,141,2
10200,2007-02-20 20:25:07,121.410267,31.269750, 13,141,2
10200,2007-02-20 20:26:10,121.410267,31.269750, 13,141,2
10200,2007-02-20 20:27:13,121.410267,31.269750, 13,141,2
10200,2007-02-20 20:28:16,121.410267,31.269750, 13,141,2
10200,2007-02-20 20:29:19,121.410267,31.269750, 13,141,2
10200,2007-02-20 20:30:22,121.410267,31.269750, 13,141,2
10200,2007-02-20 20:31:25,121.410267,31.269750, 13,141,2
10200,2007-02-20 20:32:28,121.410267,31.269750, 13,141,2
10200,2007-02-20 20:33:31,121.410267,31.269750, 13,141,2
10200,2007-02-20 20:34:34,121.410267,31.269750, 13,141,2
10200,2007-02-20 20:35:38,121.410267,31.269750, 13,141,2
10200,2007-02-20 20:36:41,121.410267,31.269750, 13,141,2
10200,2007-02-20 20:37:44,121.410267,31.269750, 13,141,2
10200,2007-02-20 20:38:47,121.410267,31.269750, 13,141,2
10200,2007-02-20 20:39:50,121.410267,31.269750, 13,141,2
10200,2007-02-20 20:40:53,121.410267,31.269750, 13,141,2
10200,2007-02-20 20:41:56,121.410267,31.269750, 13,141,2
10200,2007-02-20 20:42:59,121.410267,31.269750, 13,141,2
10200,2007-02-20 20:44:02,121.410267,31.269750, 13,141,2
10200,2007-02-20 20:45:05,121.410267,31.269750, 13,141,2
10200,2007-02-20 20:46:08,121.410267,31.269750, 13,141,2
10200,2007-02-20 20:47:11,121.410267,31.269750, 13,141,2
10200,2007-02-20 20:48:14,121.410267,31.269750, 13,141,2
10200,2007-02-20 20:49:17,121.410267,31.269750, 13,141,2
10200,2007-02-20 20:50:20,121.410267,31.269750, 13,141,2
10200,2007-02-20 20:51:24,121.410267,31.269750, 13,141,2
10200,2007-02-20 20:52:27,121.410267,31.269750, 13,141,2
10200,2007-02-20 20:53:30,121.410267,31.269750, 13,141,2
10200,2007-02-20 20:54:33,121.410267,31.269750, 13,141,2
10200,2007-02-20 20:55:36,121.410267,31.269750, 13,141,2
10200,2007-02-20 20:56:39,121.410267,31.269750, 13,141,2
10200,2007-02-20 20:57:42,121.410267,31.269750, 13,141,2
10200,2007-02-20 20:58:45,121.410267,31.269750, 13,141,2
10200,2007-02-20 20:59:48,121.410267,31.269750, 13,141,2
10200,2007-02-20 21:00:51,121.410267,31.269750, 13,141,2
10200,2007-02-20 21:01:54,121.410267,31.269750, 13,141,2
10200,2007-02-20 21:02:57,121.410267,31.269750, 13,141,2
10200,2007-02-20 21:04:00,121.410267,31.269750, 13,141,2
10200,2007-02-20 21:05:03,121.410267,31.269750, 13,141,2
10200,2007-02-20 21:06:06,121.410267,31.269750, 13,141,2
10200,2007-02-20 21:07:10,121.410267,31.269750, 13,141,2
10200,2007-02-20 21:08:13,121.410267,31.269750, 13,141,2
10200,2007-02-20 21:09:16,121.410267,31.269750, 13,141,2
10200,2007-02-20 21:10:19,121.410267,31.269750, 13,141,2
10200,2007-02-20 21:11:22,121.410267,31.269750, 13,141,2
10200,2007-02-20 21:12:25,121.410267,31.269750, 13,141,2
10200,2007-02-20 21:13:28,121.410267,31.269750, 13,141,2
10200,2007-02-20 21:15:34,121.410267,31.269750, 13,141,2
10200,2007-02-20 21:16:37,121.410267,31.269750, 13,141,2
10200,2007-02-20 21:18:43,121.410267,31.269750, 13,141,2
10200,2007-02-20 21:19:46,121.410267,31.269750, 13,141,2
10200,2007-02-20 21:20:49,121.410267,31.269750, 13,141,2
10200,2007-02-20 21:21:52,121.410267,31.269750, 13,141,2
10200,2007-02-20 21:22:55,121.410267,31.269750, 13,141,2
10200,2007-02-20 21:23:58,121.410267,31.269750, 13,141,2
10200,2007-02-20 21:25:01,121.410267,31.269750, 13,141,2
10200,2007-02-20 21:26:05,121.410267,31.269750, 13,141,2
10200,2007-02-20 21:27:08,121.410267,31.269750, 13,141,2
10200,2007-02-20 21:28:11,121.410267,31.269750, 13,141,2
10200,2007-02-20 21:29:14,121.410267,31.269750, 13,141,2
10200,2007-02-20 21:30:17,121.410267,31.269750, 13,141,2
10200,2007-02-20 21:31:20,121.410267,31.269750, 13,141,2
10200,2007-02-20 21:32:23,121.410267,31.269750, 13,141,2
10200,2007-02-20 21:33:28,121.410267,31.269750, 13,141,2
10200,2007-02-20 21:34:33,121.410267,31.269750, 13,141,2
10200,2007-02-20 21:36:21,121.410267,31.269750, 13,141,2
10200,2007-02-20 21:37:36,121.410267,31.269750, 13,141,2
10200,2007-02-20 21:39:36,121.410267,31.269750, 13,141,2
10200,2007-02-20 21:40:41,121.410267,31.269750, 13,141,2
10200,2007-02-20 21:43:57,121.410267,31.269750, 13,141,2
10200,2007-02-20 21:45:50,121.410267,31.269750, 13,141,2
10200,2007-02-20 21:47:05,121.410267,31.269750, 13,141,2
10200,2007-02-20 21:48:30,121.410267,31.269750, 13,141,2
10200,2007-02-20 21:49:36,121.410267,31.269750, 13,141,2
10200,2007-02-20 21:51:11,121.410267,31.269750, 13,141,2
10200,2007-02-20 21:52:15,121.410267,31.269750, 13,141,2
10200,2007-02-20 21:53:18,121.410267,31.269750, 13,141,2
10200,2007-02-20 21:54:21,121.410267,31.269750, 13,141,2
10200,2007-02-20 21:56:27,121.410267,31.269750, 13,141,2
10200,2007-02-20 21:57:30,121.410267,31.269750, 13,141,2
10200,2007-02-20 21:58:33,121.410267,31.269750, 13,141,2
10200,2007-02-20 21:59:36,121.410267,31.269750, 13,141,2
10200,2007-02-20 22:00:39,121.410267,31.269750, 13,141,2
10200,2007-02-20 22:01:42,121.410267,31.269750, 13,141,2
10200,2007-02-20 22:02:46,121.410267,31.269750, 13,141,2
10200,2007-02-20 22:03:49,121.410267,31.269750, 13,141,2
10200,2007-02-20 22:04:52,121.410267,31.269750, 13,141,2
10200,2007-02-20 22:05:55,121.410267,31.269750, 13,141,2
10200,2007-02-20 22:06:58,121.410267,31.269750, 13,141,2
10200,2007-02-20 22:08:01,121.410267,31.269750, 13,141,2
10200,2007-02-20 22:09:04,121.410267,31.269750, 13,141,2
10200,2007-02-20 22:10:07,121.410267,31.269750, 13,141,2
10200,2007-02-20 22:11:10,121.410267,31.269750, 13,141,2
10200,2007-02-20 22:12:13,121.410267,31.269750, 13,141,2
10200,2007-02-20 22:13:16,121.410267,31.269750, 13,141,2
10200,2007-02-20 22:14:19,121.410267,31.269750, 13,141,2
10200,2007-02-20 22:15:22,121.410267,31.269750, 13,141,2
10200,2007-02-20 22:16:25,121.410267,31.269750, 13,141,2
10200,2007-02-20 22:17:29,121.410267,31.269750, 13,141,2
10200,2007-02-20 22:18:32,121.410267,31.269750, 13,141,2
10200,2007-02-20 22:19:35,121.410267,31.269750, 13,141,2
10200,2007-02-20 22:20:38,121.410267,31.269750, 13,141,2
10200,2007-02-20 22:21:41,121.410267,31.269750, 13,141,2
10200,2007-02-20 22:22:44,121.410267,31.269750, 13,141,2
10200,2007-02-20 22:23:47,121.410267,31.269750, 13,141,2
10200,2007-02-20 22:24:50,121.410267,31.269750, 13,141,2
10200,2007-02-20 22:25:53,121.410267,31.269750, 13,141,2
10200,2007-02-20 22:26:56,121.410267,31.269750, 13,141,2
10200,2007-02-20 22:27:59,121.410267,31.269750, 13,141,2
10200,2007-02-20 22:29:02,121.410267,31.269750, 13,141,2
10200,2007-02-20 22:30:05,121.410267,31.269750, 13,141,2
10200,2007-02-20 22:31:08,121.410267,31.269750, 13,141,2
10200,2007-02-20 22:33:14,121.410267,31.269750, 13,141,2
10200,2007-02-20 22:34:17,121.410267,31.269750, 13,141,2
10200,2007-02-20 22:35:20,121.410267,31.269750, 13,141,2
10200,2007-02-20 22:37:27,121.410267,31.269750, 13,141,2
10200,2007-02-20 22:38:30,121.410267,31.269750, 13,141,2
10200,2007-02-20 22:39:33,121.410267,31.269750, 13,141,2
10200,2007-02-20 22:40:36,121.410267,31.269750, 13,141,2
10200,2007-02-20 22:41:39,121.410267,31.269750, 13,141,2
10200,2007-02-20 22:42:42,121.410267,31.269750, 13,141,2
10200,2007-02-20 22:43:45,121.410267,31.269750, 13,141,2
10200,2007-02-20 22:44:48,121.410267,31.269750, 13,141,2
10200,2007-02-20 22:45:51,121.410267,31.269750, 13,141,2
10200,2007-02-20 22:46:54,121.410267,31.269750, 13,141,2
10200,2007-02-20 22:47:57,121.410267,31.269750, 13,141,2
10200,2007-02-20 22:49:00,121.410267,31.269750, 13,141,2
10200,2007-02-20 22:50:03,121.410267,31.269750, 13,141,2
10200,2007-02-20 22:51:06,121.410267,31.269750, 13,141,2
10200,2007-02-20 22:52:10,121.410267,31.269750, 13,141,2
10200,2007-02-20 22:53:13,121.410267,31.269750, 13,141,2
10200,2007-02-20 22:54:16,121.410267,31.269750, 13,141,2
10200,2007-02-20 22:55:19,121.410267,31.269750, 13,141,2
10200,2007-02-20 22:56:22,121.410267,31.269750, 13,141,2
10200,2007-02-20 22:57:25,121.410267,31.269750, 13,141,2
10200,2007-02-20 22:58:28,121.410267,31.269750, 13,141,2
10200,2007-02-20 22:59:31,121.410267,31.269750, 13,141,2
10200,2007-02-20 23:00:34,121.410267,31.269750, 13,141,2
10200,2007-02-20 23:01:37,121.410267,31.269750, 13,141,2
10200,2007-02-20 23:02:40,121.410267,31.269750, 13,141,2
10200,2007-02-20 23:05:49,121.410267,31.269750, 13,141,2
10200,2007-02-20 23:06:52,121.410267,31.269750, 13,141,2
10200,2007-02-20 23:07:55,121.410267,31.269750, 13,141,2
10200,2007-02-20 23:08:59,121.410267,31.269750, 13,141,2
10200,2007-02-20 23:10:02,121.410267,31.269750, 13,141,2
10200,2007-02-20 23:11:05,121.410267,31.269750, 13,141,2
10200,2007-02-20 23:12:08,121.410267,31.269750, 13,141,2
10200,2007-02-20 23:13:11,121.410267,31.269750, 13,141,2
10200,2007-02-20 23:14:14,121.410267,31.269750, 13,141,2
10200,2007-02-20 23:15:17,121.410267,31.269750, 13,141,2
10200,2007-02-20 23:17:23,121.410267,31.269750, 13,141,2
10200,2007-02-20 23:18:26,121.410267,31.269750, 13,141,2
10200,2007-02-20 23:19:29,121.410267,31.269750, 13,141,2
10200,2007-02-20 23:20:32,121.410267,31.269750, 13,141,2
10200,2007-02-20 23:21:35,121.410267,31.269750, 13,141,2
10200,2007-02-20 23:22:38,121.410267,31.269750, 13,141,2
10200,2007-02-20 23:23:41,121.410267,31.269750, 13,141,2
10200,2007-02-20 23:24:44,121.410267,31.269750, 13,141,2
10200,2007-02-20 23:26:51,121.410267,31.269750, 13,141,2
10200,2007-02-20 23:27:54,121.410267,31.269750, 13,141,2
10200,2007-02-20 23:28:57,121.410267,31.269750, 13,141,2
10200,2007-02-20 23:30:00,121.410267,31.269750, 13,141,2
10200,2007-02-20 23:31:03,121.410267,31.269750, 13,141,2
10200,2007-02-20 23:32:06,121.410267,31.269750, 13,141,2
10200,2007-02-20 23:34:12,121.410267,31.269750, 13,141,2
10200,2007-02-20 23:35:15,121.410267,31.269750, 13,141,2
10200,2007-02-20 23:36:18,121.410267,31.269750, 13,141,2
10200,2007-02-20 23:37:21,121.410267,31.269750, 13,141,2
10200,2007-02-20 23:38:24,121.410267,31.269750, 13,141,2
10200,2007-02-20 23:39:27,121.410267,31.269750, 13,141,2
10200,2007-02-20 23:40:30,121.410267,31.269750, 13,141,2
10200,2007-02-20 23:41:33,121.410267,31.269750, 13,141,2
10200,2007-02-20 23:42:36,121.410267,31.269750, 13,141,2
10200,2007-02-20 23:43:39,121.410267,31.269750, 13,141,2
10200,2007-02-20 23:45:45,121.410267,31.269750, 13,141,2
10200,2007-02-20 23:46:49,121.410267,31.269750, 13,141,2
10200,2007-02-20 23:47:52,121.410267,31.269750, 13,141,2
10200,2007-02-20 23:48:55,121.410267,31.269750, 13,141,2
10200,2007-02-20 23:49:58,121.410267,31.269750, 13,141,2
10200,2007-02-20 23:51:01,121.410267,31.269750, 13,141,2
10200,2007-02-20 23:52:04,121.410267,31.269750, 13,141,2
10200,2007-02-20 23:53:07,121.410267,31.269750, 13,141,2
10200,2007-02-20 23:54:10,121.410267,31.269750, 13,141,2
10200,2007-02-20 23:56:16,121.410267,31.269750, 13,141,2
10200,2007-02-20 23:58:22,121.410267,31.269750, 13,141,2
10200,2007-02-20 23:59:25,121.410267,31.269750, 13,141,2
