85231,2007-02-20 00:00:01,121.371500,31.255600,  0,  0,0
85231,2007-02-20 00:01:02,121.371500,31.255600,  0,  0,0
85231,2007-02-20 00:02:02,121.371500,31.255600,  0,  0,0
85231,2007-02-20 00:03:04,121.371500,31.255600,  0,  0,0
85231,2007-02-20 00:04:05,121.371500,31.255600,  0,  0,0
85231,2007-02-20 00:05:06,121.371500,31.255600,  0,  0,0
85231,2007-02-20 00:06:07,121.371500,31.255600,  0,  0,0
85231,2007-02-20 00:07:07,121.371500,31.255600,  0,  0,0
85231,2007-02-20 00:08:09,121.371500,31.255600,  0,  0,0
85231,2007-02-20 00:09:10,121.371500,31.255600,  0,  0,0
85231,2007-02-20 00:10:11,121.371500,31.255600,  0,  0,0
85231,2007-02-20 00:11:12,121.371500,31.255600,  0,  0,0
85231,2007-02-20 00:12:12,121.371500,31.255600,  0,  0,0
85231,2007-02-20 00:13:14,121.371500,31.255600,  0,  0,0
85231,2007-02-20 00:14:15,121.371500,31.255600,  0,  0,0
85231,2007-02-20 00:15:16,121.371500,31.255600,  0,  0,0
85231,2007-02-20 00:16:17,121.371500,31.255600,  0,  0,0
85231,2007-02-20 00:17:17,121.371500,31.255600,  0,  0,0
85231,2007-02-20 00:18:19,121.371500,31.255600,  0,  0,0
85231,2007-02-20 00:20:21,121.371500,31.255600,  0,  0,0
85231,2007-02-20 00:21:22,121.371500,31.255600,  0,  0,0
85231,2007-02-20 00:22:22,121.371500,31.255600,  0,  0,0
85231,2007-02-20 00:23:24,121.371500,31.255600,  0,  0,0
85231,2007-02-20 00:24:25,121.371500,31.255600,  0,  0,0
85231,2007-02-20 00:25:26,121.371500,31.255600,  0,  0,0
85231,2007-02-20 00:26:27,121.371500,31.255600,  0,  0,0
85231,2007-02-20 00:27:27,121.371500,31.255600,  0,  0,0
85231,2007-02-20 00:28:29,121.371500,31.255600,  0,  0,0
85231,2007-02-20 00:29:30,121.371500,31.255600,  0,  0,0
85231,2007-02-20 00:31:32,121.371500,31.255600,  0,  0,0
85231,2007-02-20 00:32:32,121.371500,31.255600,  0,  0,0
85231,2007-02-20 00:33:34,121.371500,31.255600,  0,  0,0
85231,2007-02-20 00:34:35,121.371500,31.255600,  0,  0,0
85231,2007-02-20 00:35:36,121.371500,31.255600,  0,  0,0
85231,2007-02-20 00:36:37,121.371500,31.255600,  0,  0,0
85231,2007-02-20 00:37:37,121.371500,31.255600,  0,  0,0
85231,2007-02-20 00:38:39,121.371500,31.255600,  0,  0,0
85231,2007-02-20 00:39:40,121.371500,31.255600,  0,  0,0
85231,2007-02-20 00:41:42,121.371300,31.255600,  0,  0,0
85231,2007-02-20 00:42:42,121.371300,31.255600,  0,  0,0
85231,2007-02-20 00:43:44,121.371300,31.255600,  0,  0,0
85231,2007-02-20 00:44:45,121.371300,31.255600,  0,  0,0
85231,2007-02-20 00:45:46,121.371100,31.255600,  0,157,0
85231,2007-02-20 00:46:47,121.371100,31.255600,  0,157,0
85231,2007-02-20 00:47:47,121.371100,31.255600,  0,157,0
85231,2007-02-20 00:48:49,121.371100,31.255600,  0,157,0
85231,2007-02-20 00:49:50,121.371100,31.255600,  0,157,0
85231,2007-02-20 00:50:51,121.367600,31.257000,  6,157,0
85231,2007-02-20 00:51:52,121.368100,31.256800,  0,157,0
85231,2007-02-20 00:52:52,121.368100,31.256800,  0,157,0
85231,2007-02-20 00:53:54,121.369500,31.256300, 18, 67,0
85231,2007-02-20 00:54:55,121.371500,31.255500,  8, 67,0
85231,2007-02-20 00:55:56,121.373800,31.254500,  0, 67,0
85231,2007-02-20 00:56:57,121.373800,31.254500,  0, 67,0
85231,2007-02-20 00:58:59,121.371500,31.255600,  0, 67,0
85231,2007-02-20 01:00:00,121.371500,31.255600,  0, 67,0
85231,2007-02-20 01:01:01,121.371500,31.255600,  0, 67,0
85231,2007-02-20 01:02:02,121.371500,31.255600,  0, 67,0
85231,2007-02-20 01:03:02,121.371500,31.255600,  0, 67,0
85231,2007-02-20 01:04:04,121.371500,31.255600,  0, 67,0
85231,2007-02-20 01:05:05,121.371500,31.255600,  0, 67,0
85231,2007-02-20 01:06:06,121.371500,31.255600,  0, 67,0
85231,2007-02-20 01:07:07,121.371500,31.255600,  0, 67,0
85231,2007-02-20 01:08:07,121.371500,31.255600,  0, 67,0
85231,2007-02-20 01:09:09,121.371500,31.255600,  0, 67,0
85231,2007-02-20 01:10:10,121.371500,31.255600,  0, 67,0
85231,2007-02-20 01:11:11,121.371500,31.255600,  0, 67,0
85231,2007-02-20 01:12:12,121.371500,31.255600,  0, 67,0
85231,2007-02-20 01:13:12,121.371500,31.255600,  0, 67,0
85231,2007-02-20 01:14:14,121.371500,31.255600,  0, 67,0
85231,2007-02-20 01:15:15,121.371500,31.255600,  0, 67,0
85231,2007-02-20 01:16:16,121.371500,31.255600,  0, 67,0
85231,2007-02-20 01:17:30,121.371500,31.255600,  0, 67,0
85231,2007-02-20 01:18:31,121.371500,31.255600,  0, 67,0
85231,2007-02-20 01:19:32,121.371500,31.255600,  0, 67,0
85231,2007-02-20 01:20:32,121.371500,31.255600,  0, 67,0
85231,2007-02-20 01:21:34,121.371500,31.255600,  0, 67,0
85231,2007-02-20 01:22:35,121.371500,31.255600,  0, 67,0
85231,2007-02-20 01:23:36,121.371500,31.255600,  0, 67,0
85231,2007-02-20 01:26:39,121.371500,31.255600,  0, 67,0
85231,2007-02-20 01:27:40,121.371500,31.255600,  0, 67,0
85231,2007-02-20 01:28:41,121.371500,31.255600,  0, 67,0
85231,2007-02-20 01:29:42,121.371500,31.255600,  0, 67,0
85231,2007-02-20 01:30:42,121.371500,31.255600,  0, 67,0
85231,2007-02-20 01:31:44,121.371500,31.255600,  0, 67,0
85231,2007-02-20 01:32:44,121.371500,31.255600,  0, 67,0
85231,2007-02-20 01:33:45,121.371500,31.255600,  0, 67,0
85231,2007-02-20 01:34:46,121.371500,31.255600,  0, 67,0
85231,2007-02-20 01:35:46,121.371500,31.255600,  0, 67,0
85231,2007-02-20 01:36:48,121.371500,31.255600,  0, 67,0
85231,2007-02-20 01:37:49,121.371500,31.255600,  0, 67,0
85231,2007-02-20 01:38:50,121.371500,31.255600,  0, 67,0
85231,2007-02-20 01:39:51,121.371500,31.255600,  0, 67,0
85231,2007-02-20 01:41:53,121.371500,31.255600,  0, 67,0
85231,2007-02-20 01:42:54,121.371500,31.255600,  0, 67,0
85231,2007-02-20 01:43:55,121.371500,31.255600,  0, 67,0
85231,2007-02-20 01:44:56,121.371500,31.255600,  0, 67,0
85231,2007-02-20 01:45:56,121.371500,31.255600,  0, 67,0
85231,2007-02-20 01:46:58,121.371500,31.255600,  0, 67,0
85231,2007-02-20 01:47:59,121.371500,31.255600,  0, 67,0
85231,2007-02-20 01:49:00,121.371500,31.255600,  0, 67,0
85231,2007-02-20 01:50:01,121.371500,31.255600,  0, 67,0
85231,2007-02-20 01:51:01,121.371500,31.255600,  0, 67,0
85231,2007-02-20 01:52:03,121.371500,31.255600,  0, 67,0
85231,2007-02-20 01:53:04,121.371500,31.255600,  0, 67,0
85231,2007-02-20 01:54:05,121.371500,31.255600,  0, 67,0
85231,2007-02-20 01:55:06,121.371500,31.255600,  0, 67,0
85231,2007-02-20 01:57:36,121.371500,31.255600,  0, 67,0
85231,2007-02-20 01:58:36,121.371500,31.255600,  0, 67,0
85231,2007-02-20 01:59:38,121.371500,31.255600,  0, 67,0
85231,2007-02-20 02:00:39,121.371500,31.255600,  0, 67,0
85231,2007-02-20 02:01:40,121.371500,31.255600,  0, 67,0
85231,2007-02-20 02:02:41,121.371500,31.255600,  0, 67,0
85231,2007-02-20 02:04:43,121.371500,31.255600,  0, 67,0
85231,2007-02-20 02:05:44,121.371500,31.255600,  0, 67,0
85231,2007-02-20 02:06:45,121.371500,31.255600,  0, 67,0
85231,2007-02-20 02:07:46,121.371500,31.255600,  0, 67,0
85231,2007-02-20 02:08:46,121.371500,31.255600,  0, 67,0
85231,2007-02-20 02:09:48,121.371500,31.255600,  0, 67,0
85231,2007-02-20 02:10:49,121.371500,31.255600,  0, 67,0
85231,2007-02-20 02:11:50,121.371500,31.255600,  0, 67,0
85231,2007-02-20 02:12:51,121.371500,31.255600,  0, 67,0
85231,2007-02-20 02:14:53,121.371500,31.255600,  0, 67,0
85231,2007-02-20 02:16:55,121.371500,31.255600,  0, 67,0
85231,2007-02-20 02:17:56,121.371600,31.255500,  0, 67,0
85231,2007-02-20 02:18:56,121.371600,31.255500,  0, 67,0
85231,2007-02-20 02:19:58,121.371600,31.255500,  0, 67,0
85231,2007-02-20 02:20:59,121.371600,31.255500,  0, 67,0
85231,2007-02-20 02:22:00,121.371600,31.255500,  0, 67,0
85231,2007-02-20 02:23:01,121.371600,31.255500,  0, 67,0
85231,2007-02-20 02:24:01,121.371600,31.255500,  0, 67,0
85231,2007-02-20 02:25:03,121.371600,31.255500,  0, 67,0
85231,2007-02-20 02:26:04,121.371600,31.255500,  0, 67,0
85231,2007-02-20 02:27:05,121.371600,31.255500,  0, 67,0
85231,2007-02-20 02:28:06,121.371600,31.255500,  0, 67,0
85231,2007-02-20 02:29:06,121.371600,31.255500,  0, 67,0
85231,2007-02-20 02:30:07,121.371600,31.255500,  0, 67,0
85231,2007-02-20 02:31:08,121.371600,31.255500,  0, 67,0
85231,2007-02-20 02:32:10,121.371600,31.255500,  0, 67,0
85231,2007-02-20 02:33:10,121.371600,31.255500,  0, 67,0
85231,2007-02-20 02:34:11,121.371600,31.255500,  0, 67,0
85231,2007-02-20 02:35:12,121.371600,31.255500,  0, 67,0
85231,2007-02-20 02:36:13,121.371500,31.255500,  0, 67,0
85231,2007-02-20 02:37:14,121.369300,31.257800, 46,  0,0
85231,2007-02-20 02:38:15,121.371500,31.265800, 60,  0,0
85231,2007-02-20 02:39:16,121.371600,31.273100, 40,135,0
85231,2007-02-20 02:40:17,121.367300,31.273800, 46,135,0
85231,2007-02-20 02:41:18,121.363000,31.275500, 56,157,0
85231,2007-02-20 02:44:21,121.351600,31.282500, 56,135,0
85231,2007-02-20 02:45:22,121.348800,31.286500, 28,157,0
85231,2007-02-20 02:46:23,121.346800,31.288000, 34,157,0
85231,2007-02-20 02:47:24,121.342000,31.289300, 38,157,0
85231,2007-02-20 02:48:25,121.341100,31.293000,  0, 22,0
85231,2007-02-20 02:49:26,121.341100,31.293100, 14,  0,0
85231,2007-02-20 02:50:27,121.333600,31.295000, 42,135,0
85231,2007-02-20 03:06:07,121.281000,31.331100, 56,157,0
85231,2007-02-20 03:07:08,121.278600,31.332800, 20,112,0
85231,2007-02-20 03:07:47,121.278800,31.332600, 18, 45,1
85231,2007-02-20 03:08:47,121.283500,31.326500, 42, 90,1
85231,2007-02-20 03:09:48,121.285800,31.321300, 42, 67,1
85231,2007-02-20 03:11:50,121.296300,31.303300, 66, 90,1
85231,2007-02-20 03:12:51,121.297500,31.298800, 62, 90,1
85231,2007-02-20 03:13:52,121.299500,31.293000,  4, 90,1
85231,2007-02-20 03:14:53,121.300300,31.290100, 32,135,1
85231,2007-02-20 03:15:54,121.295600,31.287000, 28, 67,1
85231,2007-02-20 03:16:55,121.292300,31.283500, 26, 67,1
85231,2007-02-20 03:20:16,121.290300,31.272600, 26, 90,1
85231,2007-02-20 03:20:31,121.290300,31.272000,  0, 90,0
85231,2007-02-20 03:21:32,121.290300,31.272000,  0, 90,0
85231,2007-02-20 03:22:33,121.290300,31.273000, 44,  0,0
85231,2007-02-20 03:23:34,121.289500,31.276000, 36,  0,0
85231,2007-02-20 03:24:35,121.290100,31.279100, 56, 45,0
85231,2007-02-20 03:27:06,121.296600,31.287300, 50, 45,0
85231,2007-02-20 03:28:07,121.304100,31.288000, 32, 45,0
85231,2007-02-20 03:29:29,121.301800,31.293100, 52,157,1
85231,2007-02-20 03:30:27,121.302000,31.293800, 12, 22,0
85231,2007-02-20 03:31:28,121.299500,31.293300, 44,  0,0
85231,2007-02-20 03:32:29,121.296800,31.301300,  0,  0,0
85231,2007-02-20 03:33:30,121.296600,31.302600, 58,  0,0
85231,2007-02-20 03:34:31,121.293100,31.309500,  0,157,0
85231,2007-02-20 03:35:32,121.290000,31.314300, 70,157,0
85231,2007-02-20 03:36:33,121.285100,31.322600, 62,157,0
85231,2007-02-20 03:37:34,121.283300,31.327500, 50,  0,0
85231,2007-02-20 03:38:35,121.279600,31.333300, 34,157,0
85231,2007-02-20 03:39:36,121.276800,31.339500, 70,  0,0
85231,2007-02-20 03:41:38,121.271600,31.347600, 14,157,0
85231,2007-02-20 03:42:39,121.267100,31.352000, 50,157,0
85231,2007-02-20 03:43:40,121.262800,31.358100, 42,157,0
85231,2007-02-20 03:44:41,121.258500,31.364300, 64,157,0
85231,2007-02-20 03:45:42,121.253500,31.371300, 52,157,0
85231,2007-02-20 03:46:43,121.250600,31.374500,  8,157,0
85231,2007-02-20 03:47:44,121.248600,31.377100, 54,157,0
85231,2007-02-20 03:48:45,121.245800,31.381000, 42,157,0
85231,2007-02-20 03:49:46,121.243000,31.386000, 42, 22,0
85231,2007-02-20 03:50:47,121.247500,31.387500,  0, 67,0
85231,2007-02-20 03:51:48,121.247500,31.387500,  0, 67,0
85231,2007-02-20 03:52:49,121.248100,31.386500, 32, 67,0
85231,2007-02-20 03:55:14,121.251600,31.386000, 18,112,1
85231,2007-02-20 03:56:14,121.249600,31.384800,  0,112,1
85231,2007-02-20 03:57:15,121.246000,31.382800, 60,112,1
85231,2007-02-20 03:58:16,121.240300,31.384800, 38,112,1
85231,2007-02-20 03:59:17,121.239600,31.382000, 10, 90,1
85231,2007-02-20 04:00:54,121.240100,31.381100, 40, 67,0
85231,2007-02-20 04:01:55,121.244600,31.382000,  0, 22,0
85231,2007-02-20 04:02:56,121.246600,31.383100, 48, 22,0
85231,2007-02-20 04:04:58,121.257000,31.388600, 26,  0,0
85231,2007-02-20 04:05:59,121.262300,31.387300, 48, 90,0
85231,2007-02-20 04:07:00,121.260500,31.383000, 48,135,0
85231,2007-02-20 04:08:01,121.257500,31.380600, 52, 90,0
85231,2007-02-20 04:09:02,121.255800,31.378100,  4,112,0
85231,2007-02-20 04:10:03,121.255800,31.378100,  0,112,0
85231,2007-02-20 04:11:04,121.255800,31.378100,  0,112,0
85231,2007-02-20 04:12:05,121.255800,31.378100,  0,112,0
85231,2007-02-20 04:13:06,121.255800,31.378100,  0,112,0
85231,2007-02-20 04:14:07,121.255800,31.378100,  0,112,0
85231,2007-02-20 04:15:08,121.255800,31.378100,  0,112,0
85231,2007-02-20 04:16:09,121.255800,31.378100,  0,112,0
85231,2007-02-20 04:17:10,121.255800,31.378100,  0,112,0
85231,2007-02-20 04:18:11,121.255800,31.378100,  0,112,0
85231,2007-02-20 04:19:12,121.255800,31.378100,  0,112,0
85231,2007-02-20 04:20:13,121.255800,31.378100,  0,112,0
85231,2007-02-20 04:21:14,121.255800,31.378100,  0,112,0
85231,2007-02-20 04:22:15,121.255800,31.378100,  0,112,0
85231,2007-02-20 04:23:16,121.255800,31.378100,  0,112,0
85231,2007-02-20 04:24:17,121.255800,31.378100,  0,112,0
85231,2007-02-20 04:25:18,121.255800,31.378100,  0,112,0
85231,2007-02-20 04:26:19,121.255800,31.378100,  0,112,0
85231,2007-02-20 04:27:20,121.255800,31.378100,  0,112,0
85231,2007-02-20 04:29:22,121.255800,31.378100,  0,112,0
85231,2007-02-20 04:30:23,121.255800,31.378100,  0,112,0
85231,2007-02-20 04:31:24,121.255800,31.378100,  0,112,0
85231,2007-02-20 04:32:25,121.255800,31.378100,  0,112,0
85231,2007-02-20 04:33:26,121.255800,31.378100,  0,112,0
85231,2007-02-20 04:34:27,121.255800,31.378100,  0,112,0
85231,2007-02-20 04:35:28,121.255800,31.378100,  0,112,0
85231,2007-02-20 04:36:29,121.255800,31.378100,  0,112,0
85231,2007-02-20 04:37:30,121.255800,31.378100,  0,112,0
85231,2007-02-20 04:38:31,121.255800,31.378100,  0,112,0
85231,2007-02-20 04:39:32,121.256000,31.378100,  0,112,0
85231,2007-02-20 04:40:33,121.256000,31.378100,  0,112,0
85231,2007-02-20 04:41:34,121.256000,31.378100,  0,112,0
85231,2007-02-20 04:42:35,121.256000,31.378100,  0,112,0
85231,2007-02-20 04:43:36,121.256000,31.378100,  0,112,0
85231,2007-02-20 04:44:37,121.256000,31.378100,  0,112,0
85231,2007-02-20 04:46:39,121.256000,31.378100,  0,112,0
85231,2007-02-20 04:47:40,121.256000,31.378100,  0,112,0
85231,2007-02-20 04:49:42,121.256000,31.378100,  0,112,0
85231,2007-02-20 04:50:43,121.256000,31.378100,  0,112,0
85231,2007-02-20 04:51:44,121.256000,31.378100,  0,112,0
85231,2007-02-20 04:52:45,121.256000,31.378100,  0,112,0
85231,2007-02-20 04:53:46,121.256000,31.378100,  0,112,0
85231,2007-02-20 04:54:47,121.256000,31.378100,  0,112,0
85231,2007-02-20 04:55:48,121.256000,31.378100,  0,112,0
85231,2007-02-20 04:56:49,121.256000,31.378100,  0,112,0
85231,2007-02-20 04:57:50,121.256000,31.378100,  0,112,0
85231,2007-02-20 04:58:51,121.256000,31.378100,  0,112,0
85231,2007-02-20 04:59:52,121.256000,31.378100,  0,112,0
85231,2007-02-20 05:00:53,121.256000,31.378100,  0,112,0
85231,2007-02-20 05:01:54,121.256000,31.378100,  0,112,0
85231,2007-02-20 05:02:55,121.256000,31.378100,  0,112,0
85231,2007-02-20 05:04:57,121.256000,31.378100,  0,112,0
85231,2007-02-20 05:05:58,121.256000,31.378100,  0,112,0
85231,2007-02-20 05:06:59,121.256000,31.378100,  0,112,0
85231,2007-02-20 05:08:00,121.256000,31.378100,  0,112,0
85231,2007-02-20 05:09:01,121.256000,31.378100,  0,112,0
85231,2007-02-20 05:10:02,121.256000,31.378100,  0,112,0
85231,2007-02-20 05:11:03,121.256000,31.378100,  0,112,0
85231,2007-02-20 05:12:04,121.256000,31.378100,  0,112,0
85231,2007-02-20 05:13:05,121.256000,31.378100,  0,112,0
85231,2007-02-20 05:14:06,121.256000,31.378100,  0,112,0
85231,2007-02-20 05:15:06,121.256000,31.378100,  0,112,0
85231,2007-02-20 05:16:08,121.256000,31.378100,  0,112,0
85231,2007-02-20 05:17:09,121.256000,31.378100,  0,112,0
85231,2007-02-20 05:18:10,121.256000,31.378100,  0,112,0
85231,2007-02-20 05:19:11,121.256000,31.378100,  0,112,0
85231,2007-02-20 05:20:11,121.256000,31.378100,  0,112,0
85231,2007-02-20 05:21:13,121.256000,31.378100,  0,112,0
85231,2007-02-20 05:22:14,121.256000,31.378100,  0,112,0
85231,2007-02-20 05:23:15,121.256000,31.378100,  0,112,0
85231,2007-02-20 05:24:16,121.256000,31.378100,  0,112,0
85231,2007-02-20 05:25:16,121.256000,31.378100,  0,112,0
85231,2007-02-20 05:26:18,121.256000,31.378100,  0,112,0
85231,2007-02-20 05:27:19,121.256000,31.378100,  0,112,0
85231,2007-02-20 05:28:20,121.256000,31.378000,  0,112,0
85231,2007-02-20 05:29:21,121.256000,31.378000,  0,112,0
85231,2007-02-20 05:31:23,121.256000,31.378000,  0,112,0
85231,2007-02-20 05:32:24,121.256100,31.377800,  0,112,0
85231,2007-02-20 05:33:25,121.256100,31.377800,  0,112,0
85231,2007-02-20 05:34:26,121.256100,31.377800,  0,112,0
85231,2007-02-20 05:35:26,121.256100,31.377800,  0,112,0
85231,2007-02-20 05:36:28,121.256100,31.377800,  0,112,0
85231,2007-02-20 05:37:29,121.256100,31.377800,  0,112,0
85231,2007-02-20 05:38:30,121.256100,31.377800,  0,112,0
85231,2007-02-20 05:40:31,121.256100,31.377800,  0,112,0
85231,2007-02-20 05:41:33,121.256100,31.377800,  0,112,0
85231,2007-02-20 05:42:34,121.256100,31.377800,  0,112,0
85231,2007-02-20 05:43:35,121.256100,31.377800,  0,112,0
85231,2007-02-20 05:44:36,121.256100,31.377800,  0,112,0
85231,2007-02-20 05:45:36,121.256100,31.377800,  0,112,0
85231,2007-02-20 05:46:38,121.256100,31.377800,  0,112,0
85231,2007-02-20 05:47:39,121.256100,31.377800,  0,112,0
85231,2007-02-20 05:49:41,121.256100,31.377800,  0,112,0
85231,2007-02-20 05:50:41,121.256100,31.377800,  0,112,0
85231,2007-02-20 05:51:43,121.256100,31.377800,  0,112,0
85231,2007-02-20 05:52:44,121.256100,31.377800,  0,112,0
85231,2007-02-20 05:53:45,121.256100,31.377800,  0,112,0
85231,2007-02-20 05:54:46,121.257000,31.377300, 10, 67,0
85231,2007-02-20 05:55:46,121.257600,31.376300,  0, 67,0
85231,2007-02-20 05:56:48,121.257600,31.376300,  0, 67,0
85231,2007-02-20 05:57:49,121.257600,31.376300,  0, 67,0
85231,2007-02-20 05:58:50,121.257600,31.376300,  0, 67,0
85231,2007-02-20 05:59:51,121.257600,31.376300,  0, 67,0
85231,2007-02-20 06:00:51,121.257600,31.376300,  0, 67,0
85231,2007-02-20 06:01:53,121.257600,31.376300,  0, 67,0
85231,2007-02-20 06:02:54,121.257600,31.376300,  0, 67,0
85231,2007-02-20 06:03:55,121.257600,31.376300,  0, 67,0
85231,2007-02-20 06:04:55,121.256600,31.377800,  0, 67,0
85231,2007-02-20 06:05:55,121.256500,31.377800,  0, 22,0
85231,2007-02-20 06:06:57,121.256600,31.377800,  0,157,0
85231,2007-02-20 06:10:00,121.254600,31.376800, 50,112,0
85231,2007-02-20 06:11:00,121.250600,31.374800,  0,112,0
85231,2007-02-20 06:13:03,121.245500,31.369600,  0, 67,0
85231,2007-02-20 06:14:04,121.246000,31.369000,  0, 90,0
85231,2007-02-20 06:15:05,121.246000,31.369000,  0, 90,0
85231,2007-02-20 06:16:05,121.246000,31.369000,  0, 90,0
85231,2007-02-20 06:17:07,121.246000,31.369000,  0, 90,0
85231,2007-02-20 06:18:08,121.246000,31.369000,  0, 90,0
85231,2007-02-20 06:19:09,121.246000,31.369000,  0, 90,0
85231,2007-02-20 06:20:10,121.246000,31.369000,  0, 90,0
85231,2007-02-20 06:21:10,121.246000,31.369000,  0, 90,0
85231,2007-02-20 06:22:12,121.246000,31.369000,  0, 90,0
85231,2007-02-20 06:23:13,121.246000,31.369000,  0, 90,0
85231,2007-02-20 06:24:14,121.246000,31.369000,  0, 90,0
85231,2007-02-20 06:26:15,121.246000,31.369000,  0, 90,0
85231,2007-02-20 06:27:17,121.246000,31.369000,  0, 90,0
85231,2007-02-20 06:28:18,121.246000,31.369000,  0, 90,0
85231,2007-02-20 06:29:19,121.246000,31.369000,  0, 90,0
85231,2007-02-20 06:30:20,121.245600,31.369000,  0, 90,0
85231,2007-02-20 06:31:20,121.246000,31.369000,  0, 90,0
85231,2007-02-20 06:32:22,121.246000,31.369000,  0, 90,0
85231,2007-02-20 06:34:24,121.246000,31.369000,  0, 90,0
85231,2007-02-20 06:36:25,121.246000,31.369000,  0, 90,0
85231,2007-02-20 06:37:27,121.246000,31.369000,  0, 90,0
85231,2007-02-20 06:38:28,121.246000,31.369000,  0, 90,0
85231,2007-02-20 06:39:29,121.246000,31.369000,  0, 90,0
85231,2007-02-20 06:40:30,121.246000,31.369000,  0, 90,0
85231,2007-02-20 06:41:30,121.245800,31.369000,  0, 90,0
85231,2007-02-20 06:42:32,121.246300,31.369000,  0, 90,0
85231,2007-02-20 06:43:33,121.246100,31.369000,  0, 90,0
85231,2007-02-20 06:44:34,121.246100,31.369000,  0, 90,0
85231,2007-02-20 06:45:35,121.246100,31.369000,  0, 90,0
85231,2007-02-20 06:46:35,121.246100,31.369000,  0, 90,0
85231,2007-02-20 06:47:37,121.245800,31.369100,  0, 90,0
85231,2007-02-20 06:48:38,121.246000,31.369000,  0, 90,0
85231,2007-02-20 06:49:39,121.246000,31.369000,  0, 90,0
85231,2007-02-20 06:50:40,121.246000,31.369000,  0, 90,0
85231,2007-02-20 06:51:40,121.245800,31.369000,  0,157,0
85231,2007-02-20 06:52:42,121.245800,31.369000,  0,157,0
85231,2007-02-20 06:53:43,121.245800,31.369000,  0,157,0
85231,2007-02-20 06:54:44,121.245800,31.369000,  0,157,0
85231,2007-02-20 06:55:45,121.245600,31.368800,  0,157,0
85231,2007-02-20 06:56:45,121.245600,31.368800,  0,157,0
85231,2007-02-20 06:57:47,121.245600,31.368800,  0,157,0
85231,2007-02-20 06:59:49,121.245600,31.368800,  0,157,0
85231,2007-02-20 07:00:50,121.245800,31.368800,  0,157,0
85231,2007-02-20 07:01:50,121.245800,31.368800,  0,157,0
85231,2007-02-20 07:02:52,121.245800,31.368800,  0,157,0
85231,2007-02-20 07:03:53,121.245800,31.368800,  0,157,0
85231,2007-02-20 07:04:54,121.245800,31.368800,  0,157,0
85231,2007-02-20 07:05:55,121.245800,31.368800,  0,157,0
85231,2007-02-20 07:06:55,121.245800,31.368800,  0,157,0
85231,2007-02-20 07:07:57,121.245800,31.368600,  0,157,0
85231,2007-02-20 07:08:58,121.245800,31.368600,  0,157,0
85231,2007-02-20 07:09:59,121.245800,31.368800,  0,157,0
85231,2007-02-20 07:11:00,121.245800,31.368600,  0,157,0
85231,2007-02-20 07:12:00,121.245800,31.368600,  0,157,0
85231,2007-02-20 07:13:02,121.245800,31.368600,  0,157,0
85231,2007-02-20 07:14:03,121.245800,31.368600,  0,157,0
85231,2007-02-20 07:15:04,121.245800,31.368600,  0,157,0
85231,2007-02-20 07:16:05,121.245800,31.368600,  0,157,0
85231,2007-02-20 07:17:05,121.245800,31.368600,  0,157,0
85231,2007-02-20 07:18:06,121.246000,31.368500,  0,157,0
85231,2007-02-20 07:19:08,121.246100,31.368300,  0,157,0
85231,2007-02-20 07:20:08,121.246000,31.368500,  0,157,0
85231,2007-02-20 07:21:09,121.246000,31.368500,  0,157,0
85231,2007-02-20 07:23:11,121.246000,31.368500,  0,157,0
85231,2007-02-20 07:24:12,121.246300,31.368000,  0,157,0
85231,2007-02-20 07:25:13,121.246000,31.368500,  0,157,0
85231,2007-02-20 07:26:14,121.246000,31.368500,  0,157,0
85231,2007-02-20 07:27:15,121.246000,31.368500,  0,157,0
85231,2007-02-20 07:28:16,121.246000,31.368500,  0,157,0
85231,2007-02-20 07:29:17,121.246000,31.368500,  0,157,0
85231,2007-02-20 07:30:18,121.246000,31.368500,  0,157,0
85231,2007-02-20 07:32:20,121.246000,31.368500,  0,157,0
85231,2007-02-20 07:34:22,121.246000,31.368500,  0,157,0
85231,2007-02-20 07:35:23,121.246000,31.368500,  0,157,0
85231,2007-02-20 07:36:24,121.246000,31.368500,  0,157,0
85231,2007-02-20 07:37:25,121.246000,31.368500,  0,157,0
85231,2007-02-20 07:38:26,121.246000,31.368800,  0, 90,0
85231,2007-02-20 07:39:27,121.245800,31.369000,  0, 90,0
85231,2007-02-20 07:42:30,121.245800,31.369000,  0, 90,0
85231,2007-02-20 07:43:31,121.245800,31.369000,  0, 90,0
85231,2007-02-20 07:44:32,121.245800,31.369000,  0, 90,0
85231,2007-02-20 07:45:33,121.245800,31.369000,  0, 90,0
85231,2007-02-20 07:46:34,121.245800,31.369000,  0, 90,0
85231,2007-02-20 07:47:35,121.245800,31.369000,  0, 90,0
85231,2007-02-20 07:48:36,121.245800,31.369000,  0, 90,0
85231,2007-02-20 07:50:38,121.245800,31.369000,  0, 90,0
85231,2007-02-20 07:51:39,121.245800,31.369000,  0, 90,0
85231,2007-02-20 07:52:40,121.245800,31.369000,  0, 90,0
85231,2007-02-20 07:53:41,121.245800,31.369000,  0, 90,0
85231,2007-02-20 07:54:42,121.245800,31.369000,  0, 90,0
85231,2007-02-20 07:55:43,121.245800,31.369000,  0, 90,0
85231,2007-02-20 07:56:44,121.245800,31.369000,  0, 90,0
85231,2007-02-20 07:57:45,121.245800,31.369000,  0, 90,0
85231,2007-02-20 07:58:46,121.245800,31.369000,  0, 90,0
85231,2007-02-20 07:59:47,121.245800,31.369000,  0, 90,0
85231,2007-02-20 08:00:48,121.245800,31.369000,  0, 90,0
85231,2007-02-20 08:01:49,121.245800,31.369000,  0, 90,0
85231,2007-02-20 08:02:50,121.245800,31.369000,  0, 90,0
85231,2007-02-20 08:03:51,121.245800,31.369000,  0, 90,0
85231,2007-02-20 08:04:52,121.245800,31.369000,  0, 90,0
85231,2007-02-20 08:05:53,121.245800,31.369000,  0, 90,0
85231,2007-02-20 08:08:56,121.245800,31.369000,  0, 90,0
85231,2007-02-20 08:09:57,121.245800,31.369000,  0, 90,0
85231,2007-02-20 08:10:58,121.245800,31.369000,  0, 90,0
85231,2007-02-20 08:11:59,121.245800,31.369000,  0, 90,0
85231,2007-02-20 08:13:00,121.245800,31.369000,  0, 90,0
85231,2007-02-20 08:14:01,121.245800,31.369000,  0, 90,0
85231,2007-02-20 08:15:02,121.245800,31.369000,  0, 90,0
85231,2007-02-20 08:16:03,121.245800,31.369000,  0, 90,0
85231,2007-02-20 08:17:04,121.245800,31.369000,  0, 90,0
85231,2007-02-20 08:18:05,121.245800,31.369000,  0, 90,0
85231,2007-02-20 08:19:06,121.245800,31.369000,  0, 90,0
85231,2007-02-20 08:20:07,121.245800,31.369000,  0, 90,0
85231,2007-02-20 08:21:08,121.245800,31.369000,  0, 90,0
85231,2007-02-20 08:22:09,121.245800,31.369000,  0, 90,0
85231,2007-02-20 08:23:10,121.245800,31.369000,  0, 90,0
85231,2007-02-20 08:24:11,121.245800,31.369000,  0, 90,0
85231,2007-02-20 08:25:12,121.245800,31.369000,  0, 90,0
85231,2007-02-20 08:26:13,121.245800,31.369000,  0, 90,0
85231,2007-02-20 08:27:14,121.245800,31.369000,  0, 90,0
85231,2007-02-20 08:28:15,121.245800,31.369000,  0, 90,0
85231,2007-02-20 08:29:16,121.245800,31.369000,  0, 90,0
85231,2007-02-20 08:30:17,121.245800,31.369000,  0, 90,0
85231,2007-02-20 08:31:18,121.245800,31.369000,  0, 90,0
85231,2007-02-20 08:32:19,121.245800,31.369000,  0, 90,0
85231,2007-02-20 08:33:20,121.245800,31.369000,  0, 90,0
85231,2007-02-20 08:34:21,121.245800,31.369000,  0, 90,0
85231,2007-02-20 08:35:22,121.245800,31.369000,  0, 90,0
85231,2007-02-20 08:36:23,121.245800,31.369000,  0, 90,0
85231,2007-02-20 08:37:24,121.245800,31.369000,  0, 90,0
85231,2007-02-20 08:38:25,121.245800,31.369000,  0, 90,0
85231,2007-02-20 08:39:26,121.245800,31.369100,  0, 90,0
85231,2007-02-20 08:41:28,121.245800,31.369100,  0, 90,0
85231,2007-02-20 08:42:29,121.245800,31.369100,  0, 90,0
85231,2007-02-20 08:43:30,121.245800,31.369100,  0, 90,0
85231,2007-02-20 08:44:31,121.245800,31.369100,  0, 90,0
85231,2007-02-20 08:46:33,121.245800,31.369100,  0, 90,0
85231,2007-02-20 08:47:34,121.245800,31.369100,  0, 90,0
85231,2007-02-20 08:48:35,121.245800,31.369100,  0, 90,0
85231,2007-02-20 08:49:36,121.245800,31.369100,  0, 90,0
85231,2007-02-20 08:50:37,121.245800,31.369100,  0, 90,0
85231,2007-02-20 08:51:38,121.245800,31.369100,  0, 90,0
85231,2007-02-20 08:52:39,121.245800,31.369100,  0, 90,0
85231,2007-02-20 08:53:40,121.245800,31.369100,  0, 90,0
85231,2007-02-20 08:54:41,121.245800,31.369100,  0, 90,0
85231,2007-02-20 08:55:42,121.245800,31.369100,  0, 90,0
85231,2007-02-20 08:56:43,121.245800,31.369100,  0, 90,0
85231,2007-02-20 08:57:44,121.245800,31.369100,  0, 90,0
85231,2007-02-20 08:58:45,121.245800,31.369100,  0, 90,0
85231,2007-02-20 08:59:46,121.245800,31.369100,  0, 90,0
85231,2007-02-20 09:00:47,121.245800,31.369100,  0, 90,0
85231,2007-02-20 09:01:48,121.245800,31.369100,  0, 90,0
85231,2007-02-20 09:02:49,121.245800,31.369100,  0, 90,0
85231,2007-02-20 09:03:50,121.245800,31.369100,  0, 90,0
85231,2007-02-20 09:04:51,121.245800,31.369100,  0, 90,0
85231,2007-02-20 09:05:52,121.245800,31.369100,  0, 90,0
85231,2007-02-20 09:06:53,121.245800,31.369100,  0, 90,0
85231,2007-02-20 09:07:54,121.246000,31.369000,  0, 90,0
85231,2007-02-20 09:08:55,121.246000,31.369000,  0, 90,0
85231,2007-02-20 09:09:56,121.245800,31.369100,  0,157,0
85231,2007-02-20 09:10:57,121.245800,31.369100,  0,157,0
85231,2007-02-20 09:11:58,121.245800,31.369100,  0,157,0
85231,2007-02-20 09:12:59,121.245800,31.369100,  0,157,0
85231,2007-02-20 09:14:00,121.245800,31.369100,  0,157,0
85231,2007-02-20 09:15:01,121.245800,31.369100,  0,157,0
85231,2007-02-20 09:16:02,121.245800,31.369100,  0,157,0
85231,2007-02-20 09:18:04,121.245800,31.369100,  0,157,0
85231,2007-02-20 09:19:05,121.245800,31.369100,  0,157,0
85231,2007-02-20 09:22:08,121.245800,31.369100,  0,157,0
85231,2007-02-20 09:23:09,121.245800,31.369100,  0,157,0
85231,2007-02-20 09:25:11,121.245800,31.369100,  0,157,0
85231,2007-02-20 09:26:12,121.245800,31.369000,  0,157,0
85231,2007-02-20 09:27:13,121.245800,31.369000,  0,157,0
85231,2007-02-20 09:28:14,121.245800,31.369000,  0,157,0
85231,2007-02-20 09:29:15,121.245800,31.369000,  0,157,0
85231,2007-02-20 09:30:16,121.245800,31.369000,  0,157,0
85231,2007-02-20 09:31:17,121.245800,31.369000,  0,157,0
85231,2007-02-20 09:33:19,121.245800,31.369000,  0,157,0
85231,2007-02-20 09:34:20,121.245800,31.369000,  0,157,0
85231,2007-02-20 09:35:21,121.245800,31.369000,  0,157,0
85231,2007-02-20 09:36:22,121.245800,31.369000,  0,157,0
85231,2007-02-20 09:37:23,121.245800,31.369300,  0,157,0
85231,2007-02-20 09:38:24,121.245800,31.369300,  0,157,0
85231,2007-02-20 09:39:25,121.245800,31.369300,  0,157,0
85231,2007-02-20 09:41:27,121.246000,31.369100,  0,157,0
85231,2007-02-20 09:43:29,121.246000,31.369100,  0,157,0
85231,2007-02-20 09:44:30,121.246000,31.369100,  0,157,0
85231,2007-02-20 09:45:31,121.246000,31.369100,  4, 22,0
85231,2007-02-20 09:46:32,121.245500,31.369800,  6,  0,0
85231,2007-02-20 09:47:33,121.249100,31.371300, 34, 22,0
85231,2007-02-20 09:48:34,121.252600,31.372000, 42, 67,0
85231,2007-02-20 09:49:35,121.254300,31.370100,  0, 67,0
85231,2007-02-20 09:50:36,121.256800,31.366500, 66, 67,0
85231,2007-02-20 09:51:37,121.261100,31.360300, 60, 67,0
85231,2007-02-20 09:53:39,121.271600,31.347300, 52, 67,0
85231,2007-02-20 09:54:40,121.277300,31.337100, 52, 90,0
85231,2007-02-20 09:55:41,121.279500,31.333300, 10, 67,0
85231,2007-02-20 09:56:42,121.280000,31.332500, 50, 67,0
85231,2007-02-20 09:57:43,121.283600,31.326000, 56, 90,0
85231,2007-02-20 09:58:44,121.289000,31.315800, 96, 67,0
85231,2007-02-20 09:59:45,121.292800,31.309600, 20, 67,0
85231,2007-02-20 10:00:46,121.296800,31.300600, 54, 90,0
85231,2007-02-20 10:01:47,121.299300,31.293500, 46, 90,0
85231,2007-02-20 10:02:48,121.299600,31.292600,  0,  0,0
85231,2007-02-20 10:02:59,121.299600,31.292600,  0,  0,1
85231,2007-02-20 10:04:00,121.296800,31.301000, 68,  0,1
85231,2007-02-20 10:05:01,121.294500,31.307100, 60,157,1
85231,2007-02-20 10:06:02,121.291600,31.311600, 46,157,1
85231,2007-02-20 10:07:03,121.286600,31.320000, 62,157,1
85231,2007-02-20 10:09:05,121.280300,31.332300, 58,157,1
85231,2007-02-20 10:10:06,121.285100,31.334600, 40, 45,1
85231,2007-02-20 10:11:07,121.294000,31.338000, 74, 22,1
85231,2007-02-20 10:12:08,121.300800,31.341100, 62, 22,1
85231,2007-02-20 10:13:09,121.310500,31.345300, 16, 22,1
85231,2007-02-20 10:14:10,121.309800,31.349300, 68,157,1
85231,2007-02-20 10:15:11,121.306000,31.357000,  0,  0,1
85231,2007-02-20 10:16:12,121.305500,31.359000, 10, 45,1
85231,2007-02-20 10:17:54,121.305500,31.359000,  0, 45,0
85231,2007-02-20 10:18:55,121.305500,31.359000,  8,135,0
85231,2007-02-20 10:19:55,121.305100,31.358800, 50,  0,0
85231,2007-02-20 10:20:28,121.304300,31.361300, 20,157,1
85231,2007-02-20 10:21:28,121.301300,31.366800,  0,157,1
85231,2007-02-20 10:22:29,121.299100,31.374100, 74,  0,1
85231,2007-02-20 10:23:30,121.297000,31.383000, 32,  0,1
85231,2007-02-20 10:24:30,121.290300,31.381500, 58,135,1
85231,2007-02-20 10:25:32,121.284300,31.380100, 50,135,1
85231,2007-02-20 10:26:33,121.275600,31.379000, 68,135,1
85231,2007-02-20 10:27:34,121.269300,31.377800, 48,135,1
85231,2007-02-20 10:28:35,121.260100,31.376000, 32,157,1
85231,2007-02-20 10:29:11,121.257000,31.378300,  0,157,0
85231,2007-02-20 10:30:12,121.254000,31.376500, 38,112,0
85231,2007-02-20 10:31:13,121.250800,31.374100, 16, 67,0
85231,2007-02-20 10:32:14,121.252500,31.372300,  0, 67,0
85231,2007-02-20 10:33:14,121.252500,31.372100, 14, 67,1
85231,2007-02-20 10:34:15,121.254300,31.370100,  0, 67,1
85231,2007-02-20 10:35:15,121.258300,31.371800, 72, 22,1
85231,2007-02-20 10:37:18,121.265500,31.365000, 66, 45,1
85231,2007-02-20 10:38:19,121.279100,31.369100,110, 45,1
85231,2007-02-20 10:39:20,121.297600,31.372100,116, 45,1
85231,2007-02-20 10:40:20,121.316500,31.375300,122, 45,1
85231,2007-02-20 10:41:21,121.335500,31.380000,112, 45,1
85231,2007-02-20 10:42:22,121.349800,31.381100, 52, 67,1
85231,2007-02-20 10:43:23,121.351300,31.384600, 18, 22,1
85231,2007-02-20 10:44:24,121.354000,31.385300,  0, 45,1
85231,2007-02-20 10:45:24,121.354800,31.385500, 26, 22,1
85231,2007-02-20 10:46:26,121.358100,31.387000, 18, 22,1
85231,2007-02-20 10:47:27,121.361300,31.387800, 32, 90,1
85231,2007-02-20 10:48:01,121.362000,31.387100,  8,112,0
85231,2007-02-20 10:49:02,121.362000,31.387100,  0,112,0
85231,2007-02-20 10:50:03,121.362000,31.387500,  4,135,0
85231,2007-02-20 10:51:04,121.358500,31.385500,  0,112,0
85231,2007-02-20 10:52:04,121.356000,31.382000, 54, 67,0
85231,2007-02-20 10:53:06,121.361500,31.374600, 60, 67,0
85231,2007-02-20 10:54:07,121.367300,31.367100, 40, 67,0
85231,2007-02-20 10:55:08,121.371600,31.361100, 38, 67,0
85231,2007-02-20 10:57:19,121.381600,31.349100, 48, 67,0
85231,2007-02-20 10:59:21,121.393300,31.344300, 60, 67,0
85231,2007-02-20 11:00:22,121.399300,31.336300, 60, 67,0
85231,2007-02-20 11:01:23,121.401800,31.329100, 46, 90,0
85231,2007-02-20 11:08:19,121.413000,31.304500,  0, 45,1
85231,2007-02-20 11:09:20,121.413500,31.304500, 28, 45,1
85231,2007-02-20 11:10:21,121.423800,31.305000, 60, 45,1
85231,2007-02-20 11:11:22,121.428600,31.305600, 10, 45,1
85231,2007-02-20 11:12:23,121.429000,31.311300, 68,  0,1
85231,2007-02-20 11:13:24,121.427100,31.315300, 36,  0,1
85231,2007-02-20 11:14:25,121.426100,31.320000, 38,  0,1
85231,2007-02-20 11:15:26,121.429800,31.322600, 38, 45,1
85231,2007-02-20 11:16:27,121.434500,31.322800, 30, 45,1
85231,2007-02-20 11:18:29,121.441100,31.323000, 20, 22,1
85231,2007-02-20 11:19:30,121.444500,31.327300, 70, 45,1
85231,2007-02-20 11:20:31,121.445500,31.331000, 34, 22,1
85231,2007-02-20 11:21:32,121.445800,31.333300, 24,157,1
85231,2007-02-20 11:21:49,121.446100,31.333500,  0, 45,0
85231,2007-02-20 11:25:02,121.443600,31.330500, 32,112,1
85231,2007-02-20 11:26:03,121.439300,31.329100,  0,112,1
85231,2007-02-20 11:27:04,121.439300,31.329100,  0,112,1
85231,2007-02-20 11:28:05,121.440000,31.325000, 48, 90,1
85231,2007-02-20 11:29:06,121.438300,31.323000, 50,135,1
85231,2007-02-20 11:30:07,121.436000,31.319000, 38, 90,1
85231,2007-02-20 11:32:09,121.436600,31.307500, 24, 90,1
85231,2007-02-20 11:33:10,121.435300,31.306800, 28,135,1
85231,2007-02-20 11:34:11,121.432800,31.306300, 32,135,1
85231,2007-02-20 11:35:00,121.429800,31.305100,  0, 45,0
85231,2007-02-20 11:36:01,121.429800,31.305600,  0,  0,0
85231,2007-02-20 11:37:02,121.429800,31.305600,  0,  0,0
85231,2007-02-20 11:38:03,121.426500,31.305300, 18,135,0
85231,2007-02-20 11:39:04,121.424800,31.303100, 38, 90,0
85231,2007-02-20 11:40:05,121.426000,31.298800,  0, 90,0
85231,2007-02-20 11:41:06,121.426600,31.295600, 16,112,0
85231,2007-02-20 11:42:07,121.423000,31.292300, 48, 90,0
85231,2007-02-20 11:43:08,121.423000,31.289100, 40, 90,0
85231,2007-02-20 11:44:09,121.423300,31.286500,  0, 90,0
85231,2007-02-20 11:45:09,121.420300,31.286000, 56,135,0
85231,2007-02-20 11:46:11,121.418300,31.284100, 26, 67,0
85231,2007-02-20 11:47:12,121.423800,31.278000, 54, 67,0
85231,2007-02-20 11:48:13,121.424800,31.276300, 24,112,0
85231,2007-02-20 11:50:14,121.418100,31.267600, 46, 90,0
85231,2007-02-20 11:51:16,121.418000,31.266600,  0, 90,0
85231,2007-02-20 11:53:18,121.414300,31.267100, 52,135,0
85231,2007-02-20 11:55:19,121.402100,31.271000, 56,135,0
85231,2007-02-20 11:56:21,121.400500,31.267500, 50, 90,0
85231,2007-02-20 11:57:22,121.396300,31.265600, 42,135,0
85231,2007-02-20 11:58:23,121.394800,31.265800, 36, 45,0
85231,2007-02-20 11:59:24,121.395000,31.266600,  0,  0,0
85231,2007-02-20 12:00:24,121.395000,31.266600,  0,  0,0
85231,2007-02-20 12:01:26,121.395000,31.266600,  0,  0,0
85231,2007-02-20 12:02:27,121.395000,31.266600,  0,  0,0
85231,2007-02-20 12:03:28,121.395000,31.266600,  0,  0,0
85231,2007-02-20 12:04:29,121.395000,31.266600,  0,  0,0
85231,2007-02-20 12:05:29,121.395000,31.266600,  0,  0,0
85231,2007-02-20 12:06:31,121.395000,31.266800,  0,  0,0
85231,2007-02-20 12:07:32,121.395000,31.266800,  0,  0,0
85231,2007-02-20 12:08:33,121.395000,31.266800,  0,  0,0
85231,2007-02-20 12:09:34,121.395000,31.266800,  0,  0,0
85231,2007-02-20 12:10:34,121.395000,31.266800,  0,  0,0
85231,2007-02-20 12:11:36,121.395000,31.266800,  0,  0,0
85231,2007-02-20 12:12:37,121.395000,31.266800,  0,  0,0
85231,2007-02-20 12:13:38,121.395000,31.266800,  0,  0,0
85231,2007-02-20 12:14:39,121.395000,31.266800,  0,  0,0
85231,2007-02-20 12:15:39,121.395000,31.266800,  0,  0,0
85231,2007-02-20 12:16:41,121.395000,31.266800,  0,  0,0
85231,2007-02-20 12:17:42,121.395100,31.266800,  0,  0,0
85231,2007-02-20 12:18:43,121.395100,31.266800,  0,  0,0
85231,2007-02-20 12:19:44,121.395100,31.266800,  0,  0,0
85231,2007-02-20 12:20:44,121.395100,31.266800,  0,  0,0
85231,2007-02-20 12:21:46,121.395100,31.266800,  0,  0,0
85231,2007-02-20 12:22:47,121.395100,31.266800,  0,  0,0
85231,2007-02-20 12:23:48,121.395100,31.266800,  0,  0,0
85231,2007-02-20 12:24:49,121.395100,31.266800,  0,  0,0
85231,2007-02-20 12:25:49,121.395100,31.266800,  0,  0,0
85231,2007-02-20 12:26:51,121.395100,31.266800,  0,  0,0
85231,2007-02-20 12:27:52,121.395100,31.266800,  0,  0,0
85231,2007-02-20 12:28:53,121.395100,31.266800,  0,  0,0
85231,2007-02-20 12:29:54,121.395100,31.266800,  0,  0,0
85231,2007-02-20 12:30:54,121.395100,31.266800,  0,  0,0
85231,2007-02-20 12:32:57,121.395100,31.266800,  0,  0,0
85231,2007-02-20 12:33:58,121.395100,31.266800,  0,  0,0
85231,2007-02-20 12:34:59,121.395100,31.266800,  0,  0,0
85231,2007-02-20 12:35:59,121.395100,31.266800,  0,  0,0
85231,2007-02-20 12:37:01,121.395100,31.266800,  0,  0,0
85231,2007-02-20 12:38:02,121.395100,31.266800,  0,  0,0
85231,2007-02-20 12:39:03,121.395100,31.266800,  0,  0,0
85231,2007-02-20 12:40:04,121.395100,31.266800,  0,  0,0
85231,2007-02-20 12:41:04,121.395100,31.266800,  0,  0,0
85231,2007-02-20 12:42:06,121.395100,31.266800,  0,  0,0
85231,2007-02-20 12:43:07,121.395100,31.266800,  0,  0,0
85231,2007-02-20 12:44:08,121.395100,31.266800,  0,  0,0
85231,2007-02-20 12:45:09,121.395100,31.266800,  0,  0,0
85231,2007-02-20 12:46:09,121.395100,31.266800,  0,  0,0
85231,2007-02-20 12:48:12,121.394800,31.266600,  0,  0,0
85231,2007-02-20 12:49:13,121.395000,31.266600,  0,  0,0
85231,2007-02-20 12:50:14,121.395000,31.266600,  0,  0,0
85231,2007-02-20 12:51:14,121.395000,31.266600,  0,  0,0
85231,2007-02-20 12:52:16,121.395000,31.266600,  0,  0,0
85231,2007-02-20 12:54:18,121.395000,31.266600,  0,  0,0
85231,2007-02-20 12:55:19,121.395000,31.266600,  0,  0,0
85231,2007-02-20 12:56:19,121.395000,31.266600,  0,  0,0
85231,2007-02-20 12:57:21,121.395000,31.266600,  0,  0,0
85231,2007-02-20 12:58:22,121.395000,31.266600,  0,  0,0
85231,2007-02-20 12:59:23,121.395000,31.266600,  0,  0,0
85231,2007-02-20 13:00:24,121.395000,31.266600,  0,  0,0
85231,2007-02-20 13:01:24,121.395000,31.266600,  0,  0,0
85231,2007-02-20 13:02:26,121.395000,31.266600,  0,  0,0
85231,2007-02-20 13:04:28,121.395000,31.266600,  0,  0,0
85231,2007-02-20 13:05:29,121.395000,31.266600,  0,  0,0
85231,2007-02-20 13:06:29,121.395000,31.266600,  0,  0,0
85231,2007-02-20 13:07:31,121.395000,31.266600,  0,  0,0
85231,2007-02-20 13:08:32,121.395000,31.266600,  0,  0,0
85231,2007-02-20 13:09:33,121.395000,31.266600,  0,  0,0
85231,2007-02-20 13:10:34,121.395000,31.266600,  0,  0,0
85231,2007-02-20 13:11:34,121.395000,31.266600,  0,  0,0
85231,2007-02-20 13:12:36,121.395000,31.266600,  0,  0,0
85231,2007-02-20 13:13:37,121.395000,31.266600,  0,  0,0
85231,2007-02-20 13:15:39,121.395000,31.266600,  0,  0,0
85231,2007-02-20 13:16:39,121.395000,31.266600,  0,  0,0
85231,2007-02-20 13:17:41,121.395000,31.266600,  0,  0,0
85231,2007-02-20 13:18:42,121.395000,31.266600,  0,  0,0
85231,2007-02-20 13:19:43,121.395000,31.266600,  0,  0,0
85231,2007-02-20 13:20:44,121.395000,31.266600,  0,  0,0
85231,2007-02-20 13:21:44,121.395000,31.266600,  0,  0,0
85231,2007-02-20 13:22:46,121.395000,31.266600,  0,  0,0
85231,2007-02-20 13:23:47,121.395000,31.266600,  0,  0,0
85231,2007-02-20 13:24:48,121.395000,31.266600,  0,  0,0
85231,2007-02-20 13:25:49,121.395000,31.266600,  0,  0,0
85231,2007-02-20 13:26:49,121.395000,31.266600,  0,  0,0
85231,2007-02-20 13:27:51,121.395000,31.266600,  0,  0,0
85231,2007-02-20 13:28:52,121.395000,31.266600,  0,  0,0
85231,2007-02-20 13:29:53,121.395000,31.266600,  0,  0,0
85231,2007-02-20 13:30:54,121.395000,31.266600,  0,  0,0
85231,2007-02-20 13:31:54,121.395000,31.266600,  0,  0,0
85231,2007-02-20 13:32:56,121.395000,31.266600,  0,  0,0
85231,2007-02-20 13:34:58,121.395000,31.266600,  0,  0,0
85231,2007-02-20 13:35:59,121.395000,31.266600,  0,  0,0
85231,2007-02-20 13:36:59,121.395500,31.265800,  4, 90,0
85231,2007-02-20 13:38:01,121.392600,31.268100, 44,  0,0
85231,2007-02-20 13:39:02,121.391300,31.270500,  4,  0,0
85231,2007-02-20 13:40:03,121.396500,31.270800, 46, 45,0
85231,2007-02-20 13:41:04,121.400500,31.269100, 30, 90,0
85231,2007-02-20 13:42:04,121.401800,31.268000, 28, 45,0
85231,2007-02-20 13:43:06,121.404800,31.267800,  0, 45,0
85231,2007-02-20 13:45:08,121.409000,31.266000,  0, 45,0
85231,2007-02-20 13:46:09,121.409000,31.266000,  0, 45,0
85231,2007-02-20 13:47:11,121.409000,31.266000,  0, 45,0
85231,2007-02-20 13:49:12,121.409000,31.266000,  0, 45,0
85231,2007-02-20 13:50:13,121.409000,31.266000,  0, 45,0
85231,2007-02-20 13:51:14,121.409000,31.266000,  0, 45,0
85231,2007-02-20 13:52:14,121.409000,31.266000,  0, 45,0
85231,2007-02-20 13:54:17,121.409100,31.266000,  0, 45,0
85231,2007-02-20 13:54:46,121.409300,31.265800, 14, 45,1
85231,2007-02-20 13:55:47,121.410300,31.265600,  0, 67,1
85231,2007-02-20 13:56:48,121.411000,31.268000, 42,  0,1
85231,2007-02-20 13:58:49,121.410100,31.278000, 54,  0,1
85231,2007-02-20 13:59:51,121.415300,31.281500, 40, 45,1
85231,2007-02-20 14:00:52,121.416600,31.281500,  0, 45,1
85231,2007-02-20 14:01:53,121.417100,31.282000, 38,  0,1
85231,2007-02-20 14:03:13,121.418300,31.287100, 34,  0,1
85231,2007-02-20 14:04:13,121.422800,31.290300, 66, 45,1
85231,2007-02-20 14:05:14,121.436600,31.292800, 78, 45,1
85231,2007-02-20 14:06:14,121.451000,31.295800, 82, 45,1
85231,2007-02-20 14:07:16,121.462100,31.293800, 54, 67,1
85231,2007-02-20 14:08:17,121.465800,31.292100,  6, 90,1
85231,2007-02-20 14:09:18,121.465600,31.292100,  0, 90,1
85231,2007-02-20 14:10:19,121.465600,31.292100,  0, 90,1
85231,2007-02-20 14:11:19,121.477300,31.294300,  8, 45,1
85231,2007-02-20 14:12:15,121.477300,31.295000,  0,135,0
85231,2007-02-20 14:13:14,121.477300,31.294800, 18, 90,0
85231,2007-02-20 14:14:02,121.476800,31.294500, 24,  0,0
85231,2007-02-20 14:14:18,121.476600,31.296000, 40,  0,0
85231,2007-02-20 14:14:34,121.476100,31.296600, 28,135,0
85231,2007-02-20 14:14:51,121.474100,31.296500, 48,135,0
85231,2007-02-20 14:15:07,121.472300,31.296500, 20,135,0
85231,2007-02-20 14:15:33,121.471100,31.296500, 30,135,0
85231,2007-02-20 14:15:49,121.469800,31.296500, 36,135,0
85231,2007-02-20 14:16:04,121.468300,31.296500, 36,135,0
85231,2007-02-20 14:16:21,121.466600,31.296500, 12,135,0
85231,2007-02-20 14:17:01,121.466500,31.293800, 32, 90,0
85231,2007-02-20 14:17:19,121.466500,31.293000, 36, 90,0
85231,2007-02-20 14:17:36,121.466100,31.291500, 42, 90,0
85231,2007-02-20 14:18:42,121.465600,31.289100, 18,112,0
85231,2007-02-20 14:18:58,121.464300,31.288800, 42,135,0
85231,2007-02-20 14:19:14,121.462300,31.288100, 44,135,0
85231,2007-02-20 14:19:43,121.461100,31.287800, 24,112,0
85231,2007-02-20 14:19:59,121.460800,31.286300, 52, 90,0
85231,2007-02-20 14:20:14,121.460600,31.284300, 58, 90,0
85231,2007-02-20 14:20:31,121.460300,31.282300, 38, 90,0
85231,2007-02-20 14:20:47,121.459300,31.281800, 36,135,0
85231,2007-02-20 14:21:03,121.457300,31.281500, 48,135,0
85231,2007-02-20 14:21:19,121.455100,31.281300, 42,135,0
85231,2007-02-20 14:21:34,121.453800,31.281300, 12,135,0
85231,2007-02-20 14:21:59,121.452600,31.281300, 34,135,0
85231,2007-02-20 14:22:16,121.450800,31.281300, 34,135,0
85231,2007-02-20 14:22:32,121.450800,31.280000, 52, 90,0
85231,2007-02-20 14:22:48,121.450800,31.278600, 32,112,0
85231,2007-02-20 14:23:04,121.449600,31.278100,  8,112,0
85231,2007-02-20 14:24:04,121.448600,31.277800,  0,112,0
85231,2007-02-20 14:25:06,121.448500,31.277800,  4,112,0
85231,2007-02-20 14:25:22,121.447500,31.277100, 40,112,0
85231,2007-02-20 14:25:39,121.446500,31.276600, 12,112,0
85231,2007-02-20 14:25:59,121.445600,31.276100, 30,112,0
85231,2007-02-20 14:26:16,121.444500,31.275500, 28,112,0
85231,2007-02-20 14:26:32,121.443500,31.274800, 34,112,0
85231,2007-02-20 14:26:48,121.442500,31.274100,  8,112,0
85231,2007-02-20 14:27:19,121.441500,31.273500, 38,112,0
85231,2007-02-20 14:27:34,121.440000,31.272600, 44,112,0
85231,2007-02-20 14:27:51,121.438600,31.271600, 44,112,0
85231,2007-02-20 14:28:07,121.437300,31.271600, 38,157,0
85231,2007-02-20 14:28:23,121.435500,31.272300, 40,157,0
85231,2007-02-20 14:28:39,121.434100,31.272800, 30,135,0
85231,2007-02-20 14:29:39,121.433600,31.272300,  0, 90,0
85231,2007-02-20 14:30:41,121.434100,31.271500,  0, 90,0
85231,2007-02-20 14:31:42,121.434100,31.271500,  0, 90,0
85231,2007-02-20 14:32:18,121.433000,31.271500, 10,112,0
85231,2007-02-20 14:33:11,121.431800,31.270800, 36,112,0
85231,2007-02-20 14:33:27,121.430800,31.269600, 40, 90,0
85231,2007-02-20 14:34:17,121.428300,31.268000, 32,135,0
85231,2007-02-20 14:34:59,121.427100,31.267800, 22,135,0
85231,2007-02-20 14:35:14,121.426000,31.267600, 36,135,0
85231,2007-02-20 14:35:31,121.425800,31.266500, 50, 90,0
85231,2007-02-20 14:35:47,121.426100,31.264800, 18, 90,0
85231,2007-02-20 14:36:48,121.426300,31.264300,  6, 90,0
85231,2007-02-20 14:36:49,121.426300,31.264300,  6, 90,1
85231,2007-02-20 14:37:49,121.429500,31.264300, 36, 90,1
85231,2007-02-20 14:38:49,121.430100,31.262100,  0, 90,1
85231,2007-02-20 14:39:51,121.434100,31.264000,  8, 22,1
85231,2007-02-20 14:40:52,121.437600,31.266100, 34, 22,1
85231,2007-02-20 14:41:53,121.439300,31.267100,  0, 22,1
85231,2007-02-20 14:42:54,121.440800,31.268100, 40, 22,1
85231,2007-02-20 14:43:54,121.446600,31.271600, 44, 22,1
85231,2007-02-20 14:44:34,121.450000,31.272800,  0, 22,0
85231,2007-02-20 14:44:51,121.450000,31.272800,  0, 22,0
85231,2007-02-20 14:45:42,121.450000,31.273000,  4,135,1
85231,2007-02-20 14:46:43,121.446100,31.271300,  0, 90,1
85231,2007-02-20 14:47:44,121.441000,31.268300, 26,112,1
85231,2007-02-20 14:48:44,121.440100,31.267600,  0,112,1
85231,2007-02-20 14:49:46,121.439300,31.267300, 36,112,1
85231,2007-02-20 14:50:47,121.436000,31.265100,  0,112,1
85231,2007-02-20 14:51:48,121.438600,31.266800,  0, 22,1
85231,2007-02-20 14:52:49,121.441500,31.268500, 26, 22,1
85231,2007-02-20 14:53:49,121.445800,31.271300, 34, 22,1
85231,2007-02-20 14:54:41,121.450000,31.272800,  8, 22,0
85231,2007-02-20 14:54:57,121.450000,31.273000,  0,  0,0
85231,2007-02-20 14:55:58,121.450100,31.272800,  0, 45,0
85231,2007-02-20 14:56:59,121.450600,31.273000,  8, 45,0
85231,2007-02-20 14:57:17,121.451300,31.272300, 48, 67,0
85231,2007-02-20 14:57:33,121.452500,31.270600, 48, 67,0
85231,2007-02-20 14:57:49,121.452800,31.269800, 12,135,0
85231,2007-02-20 14:58:07,121.451500,31.269800, 34,135,0
85231,2007-02-20 14:58:23,121.449500,31.269800, 52,135,0
85231,2007-02-20 14:58:39,121.447600,31.269800, 40,135,0
85231,2007-02-20 14:58:54,121.446300,31.269600,  4,112,0
85231,2007-02-20 14:59:27,121.445600,31.270300, 42,157,0
85231,2007-02-20 15:00:42,121.444100,31.270300, 24,112,1
85231,2007-02-20 15:01:43,121.440000,31.267500, 16,112,1
85231,2007-02-20 15:02:44,121.433100,31.271000, 66,135,1
85231,2007-02-20 15:04:24,121.422500,31.279500, 58,157,1
85231,2007-02-20 15:05:26,121.419800,31.282000,  0,157,1
85231,2007-02-20 15:06:27,121.418300,31.284100,  0,157,1
85231,2007-02-20 15:07:28,121.418300,31.284100,  0,157,1
85231,2007-02-20 15:09:29,121.417100,31.282500,  0, 90,1
85231,2007-02-20 15:11:36,121.410500,31.281300,  0,135,0
85231,2007-02-20 15:11:59,121.410000,31.281300, 34,135,0
85231,2007-02-20 15:12:16,121.408300,31.281300, 50,135,0
85231,2007-02-20 15:12:31,121.406500,31.281100, 26, 90,0
85231,2007-02-20 15:12:48,121.406600,31.279800, 38, 90,0
85231,2007-02-20 15:13:04,121.406500,31.278500, 20, 90,0
85231,2007-02-20 15:13:29,121.406000,31.278000, 30,135,0
85231,2007-02-20 15:13:45,121.404100,31.278000, 44,135,0
85231,2007-02-20 15:14:02,121.402500,31.278000, 32,135,0
85231,2007-02-20 15:14:47,121.401600,31.277600, 46, 90,0
85231,2007-02-20 15:15:03,121.401000,31.276000,  6,112,0
85231,2007-02-20 15:16:55,121.401000,31.275800, 16, 90,1
85231,2007-02-20 15:18:56,121.391300,31.271100,  0,135,1
85231,2007-02-20 15:19:58,121.389300,31.270800,  0,135,1
85231,2007-02-20 15:20:58,121.389100,31.270800,  0,135,1
85231,2007-02-20 15:21:59,121.388000,31.266300, 70, 90,1
85231,2007-02-20 15:23:00,121.386800,31.255100, 66, 90,1
85231,2007-02-20 15:24:01,121.386500,31.253300, 28, 90,1
85231,2007-02-20 15:26:03,121.380300,31.243300,  0, 90,1
85231,2007-02-20 15:27:04,121.380300,31.243300,  0, 90,1
85231,2007-02-20 15:28:30,121.381800,31.242800,  0, 45,0
85231,2007-02-20 15:28:54,121.382500,31.242600, 32, 45,0
85231,2007-02-20 15:29:10,121.383600,31.242300, 12, 45,0
85231,2007-02-20 15:29:54,121.384800,31.242000, 42, 45,0
85231,2007-02-20 15:30:10,121.386600,31.242000, 38, 45,0
85231,2007-02-20 15:30:26,121.388500,31.241600, 42, 45,0
85231,2007-02-20 15:30:42,121.390300,31.241100, 40, 45,0
85231,2007-02-20 15:30:58,121.391800,31.241300, 32,  0,0
85231,2007-02-20 15:31:31,121.391800,31.242100, 28,  0,1
85231,2007-02-20 15:32:31,121.392100,31.246500,  0,  0,1
85231,2007-02-20 15:33:32,121.392100,31.246500,  0,  0,1
85231,2007-02-20 15:34:33,121.385300,31.248300, 60,135,1
85231,2007-02-20 15:35:34,121.376300,31.250800, 72,135,1
85231,2007-02-20 15:36:35,121.367800,31.253100,  0,135,1
85231,2007-02-20 15:37:30,121.367300,31.253300, 12,135,0
85231,2007-02-20 15:38:30,121.367300,31.253300,  0,135,0
85231,2007-02-20 15:38:48,121.366100,31.253500, 38,135,0
85231,2007-02-20 15:39:04,121.364500,31.254000, 24,135,0
85231,2007-02-20 15:39:29,121.363500,31.254300, 14,135,0
85231,2007-02-20 15:40:28,121.362500,31.254800, 10,135,0
85231,2007-02-20 15:41:29,121.361600,31.255100,  0,112,0
85231,2007-02-20 15:42:30,121.361600,31.255100,  0,112,0
85231,2007-02-20 15:43:31,121.361600,31.255100,  0,112,0
85231,2007-02-20 15:44:32,121.361600,31.255100,  0,112,0
85231,2007-02-20 15:45:33,121.361600,31.255100,  0,112,0
85231,2007-02-20 15:46:34,121.361600,31.255100,  0,112,0
85231,2007-02-20 15:47:35,121.361600,31.255100,  0,112,0
85231,2007-02-20 15:48:36,121.361600,31.255100,  0,112,0
85231,2007-02-20 15:49:37,121.361600,31.255100,  0,112,0
85231,2007-02-20 15:50:32,121.362100,31.254800, 12, 45,0
85231,2007-02-20 15:51:33,121.362500,31.254600,  0, 67,0
85231,2007-02-20 15:52:01,121.362500,31.254600, 10, 90,1
85231,2007-02-20 15:53:01,121.367500,31.253100, 34, 45,1
85231,2007-02-20 15:54:02,121.372600,31.251600,  0, 45,1
85231,2007-02-20 15:55:03,121.378300,31.250000, 30, 67,1
85231,2007-02-20 15:56:04,121.383000,31.248800, 50, 45,1
85231,2007-02-20 15:57:05,121.391600,31.246600, 36, 45,1
85231,2007-02-20 15:58:06,121.391800,31.246600,  0, 45,1
85231,2007-02-20 15:59:07,121.397500,31.246500,  8, 45,1
85231,2007-02-20 16:00:00,121.397500,31.248300,  0,  0,0
85231,2007-02-20 16:00:30,121.397500,31.248300,  0,  0,0
85231,2007-02-20 16:01:16,121.397300,31.249000, 20,  0,0
85231,2007-02-20 16:01:57,121.397300,31.251000, 30,  0,0
85231,2007-02-20 16:02:13,121.397100,31.252300, 26,  0,0
85231,2007-02-20 16:02:30,121.398100,31.252500, 36, 45,0
85231,2007-02-20 16:03:12,121.400500,31.252500, 22, 45,0
85231,2007-02-20 16:03:28,121.400800,31.252500, 14, 45,1
85231,2007-02-20 16:04:29,121.402100,31.252500,  0, 45,1
85231,2007-02-20 16:05:30,121.402100,31.252500,  0, 45,1
85231,2007-02-20 16:06:31,121.402100,31.252500,  0, 45,1
85231,2007-02-20 16:07:32,121.401100,31.257000, 64,  0,1
85231,2007-02-20 16:08:33,121.403600,31.260800, 40, 22,1
85231,2007-02-20 16:09:34,121.405300,31.266500, 42,  0,1
85231,2007-02-20 16:10:35,121.401800,31.268000, 50,135,1
85231,2007-02-20 16:11:36,121.400500,31.270600, 18,  0,1
85231,2007-02-20 16:12:37,121.396500,31.271000, 46,135,1
85231,2007-02-20 16:13:38,121.394600,31.272300, 38, 90,1
85231,2007-02-20 16:14:07,121.396300,31.271300, 10, 45,0
85231,2007-02-20 16:14:22,121.396500,31.271300,  0, 45,0
85231,2007-02-20 16:14:56,121.397500,31.271600, 12, 67,0
85231,2007-02-20 16:15:52,121.397500,31.270600, 36, 90,0
85231,2007-02-20 16:16:08,121.397500,31.269100, 26, 90,0
85231,2007-02-20 16:16:24,121.397500,31.268100, 12, 90,0
85231,2007-02-20 16:18:26,121.397600,31.268000,  0, 22,0
85231,2007-02-20 16:19:27,121.398600,31.268000, 20, 45,0
85231,2007-02-20 16:19:43,121.400000,31.268000, 28, 45,0
85231,2007-02-20 16:21:00,121.400600,31.269300,  0,  0,0
85231,2007-02-20 16:24:01,121.400600,31.269300,  0,  0,0
85231,2007-02-20 16:25:02,121.400600,31.269300,  0,  0,0
85231,2007-02-20 16:26:03,121.400600,31.269300,  0,  0,0
85231,2007-02-20 16:27:04,121.400600,31.269300,  0,  0,0
85231,2007-02-20 16:27:18,121.400600,31.269300, 14,  0,1
85231,2007-02-20 16:28:19,121.405600,31.270800, 34, 22,1
85231,2007-02-20 16:29:20,121.409300,31.274500, 40, 45,1
85231,2007-02-20 16:29:47,121.410100,31.273300,  0, 90,0
85231,2007-02-20 16:30:02,121.410100,31.273300,  0, 90,0
85231,2007-02-20 16:30:45,121.410300,31.272300, 12, 90,0
85231,2007-02-20 16:30:48,121.410300,31.272300, 20, 90,1
85231,2007-02-20 16:31:49,121.412600,31.267300, 50, 45,1
85231,2007-02-20 16:32:50,121.416600,31.266600, 10, 45,1
85231,2007-02-20 16:33:51,121.416600,31.266600,  0, 45,1
85231,2007-02-20 16:34:52,121.416600,31.266600,  0, 45,1
85231,2007-02-20 16:35:53,121.417600,31.266500, 20, 45,1
85231,2007-02-20 16:36:54,121.421500,31.266600,  0, 45,1
85231,2007-02-20 16:37:55,121.422800,31.267000, 30, 45,1
85231,2007-02-20 16:40:58,121.430800,31.268300, 10, 45,1
85231,2007-02-20 16:41:40,121.431600,31.266300,  0, 90,0
85231,2007-02-20 16:41:55,121.431600,31.266300,  0, 90,0
85231,2007-02-20 16:42:13,121.432100,31.265500, 30, 67,0
85231,2007-02-20 16:42:29,121.432800,31.264500, 16, 67,0
85231,2007-02-20 16:43:30,121.433300,31.264000,  0, 67,0
85231,2007-02-20 16:44:31,121.433000,31.263300, 30,112,0
85231,2007-02-20 16:44:47,121.431500,31.262300, 50,112,0
85231,2007-02-20 16:45:13,121.430500,31.261800, 16,112,0
85231,2007-02-20 16:45:29,121.429800,31.262600, 38,  0,0
85231,2007-02-20 16:45:45,121.429500,31.263800, 32,  0,0
85231,2007-02-20 16:46:01,121.429100,31.264800,  2,  0,0
85231,2007-02-20 16:47:02,121.428600,31.265000, 28,112,0
85231,2007-02-20 16:48:05,121.426300,31.264100, 22,112,0
85231,2007-02-20 16:48:37,121.426100,31.260100, 60, 90,0
85231,2007-02-20 16:48:53,121.426000,31.257600, 68, 90,0
85231,2007-02-20 16:49:09,121.426500,31.255600, 26, 90,0
85231,2007-02-20 16:50:10,121.426500,31.255500,  0, 90,0
85231,2007-02-20 16:50:51,121.427500,31.253000, 42, 90,0
85231,2007-02-20 16:51:07,121.428300,31.251500, 44, 67,0
85231,2007-02-20 16:52:18,121.435300,31.249600, 42, 67,0
85231,2007-02-20 16:52:34,121.436000,31.248600, 20, 67,0
85231,2007-02-20 16:52:51,121.436800,31.248000, 20, 67,0
85231,2007-02-20 16:53:09,121.437500,31.247100, 30, 67,0
85231,2007-02-20 16:53:31,121.439100,31.245300, 50, 67,0
85231,2007-02-20 16:53:41,121.439600,31.244500, 20, 90,0
85231,2007-02-20 16:53:57,121.438600,31.244000, 36,112,0
85231,2007-02-20 16:54:58,121.439500,31.242300, 24, 67,0
85231,2007-02-20 16:55:30,121.441500,31.240500, 24, 67,0
85231,2007-02-20 16:56:22,121.442500,31.240600, 30, 22,0
85231,2007-02-20 16:56:41,121.443600,31.240800, 14, 67,0
85231,2007-02-20 16:56:57,121.444300,31.240000, 36, 67,0
85231,2007-02-20 16:57:13,121.445100,31.238800, 30, 67,0
85231,2007-02-20 16:57:29,121.446000,31.238000, 32, 67,0
85231,2007-02-20 16:57:45,121.447000,31.237000, 42, 67,0
85231,2007-02-20 16:58:17,121.448800,31.234600,  0, 67,0
85231,2007-02-20 16:59:18,121.449100,31.234000, 34, 67,0
85231,2007-02-20 16:59:34,121.449800,31.233000,  0, 67,0
85231,2007-02-20 17:00:35,121.450000,31.232600,  4, 67,0
85231,2007-02-20 17:01:36,121.450300,31.232100,  0, 67,0
85231,2007-02-20 17:02:37,121.450500,31.232000,  0, 67,0
85231,2007-02-20 17:03:38,121.450800,31.231500,  0, 67,0
85231,2007-02-20 17:04:39,121.451000,31.231300,  0, 67,0
85231,2007-02-20 17:05:31,121.451500,31.230500, 28, 67,0
85231,2007-02-20 17:05:48,121.451500,31.229800, 24,112,0
85231,2007-02-20 17:06:04,121.450300,31.229300, 30,112,0
85231,2007-02-20 17:06:20,121.449000,31.229000, 40,135,0
85231,2007-02-20 17:08:04,121.445800,31.227100,  6,112,1
85231,2007-02-20 17:09:05,121.445000,31.223600,  0,112,1
85231,2007-02-20 17:10:06,121.444000,31.223300, 54,135,1
85231,2007-02-20 17:11:07,121.438000,31.221800, 30,112,1
85231,2007-02-20 17:12:08,121.436800,31.220600,  0,112,1
85231,2007-02-20 17:13:09,121.436800,31.220600,  0,112,1
85231,2007-02-20 17:15:11,121.436800,31.220600,  0,112,1
85231,2007-02-20 17:16:12,121.436800,31.220600,  0,112,1
85231,2007-02-20 17:17:13,121.415100,31.210600, 94,135,1
85231,2007-02-20 17:21:06,121.429600,31.181800, 84, 67,1
85231,2007-02-20 17:22:07,121.431800,31.185000, 60,  0,1
85231,2007-02-20 17:23:08,121.433000,31.190800, 24, 45,1
85231,2007-02-20 17:23:40,121.434600,31.191000,  0, 45,0
85231,2007-02-20 17:23:56,121.434600,31.191000,  0, 45,0
85231,2007-02-20 17:24:31,121.436000,31.191100, 24, 45,0
85231,2007-02-20 17:25:10,121.437100,31.191500, 20, 45,0
85231,2007-02-20 17:25:26,121.438100,31.191800, 30, 45,0
85231,2007-02-20 17:25:42,121.439500,31.192300, 34, 22,0
85231,2007-02-20 17:26:39,121.441800,31.193000, 32, 22,0
85231,2007-02-20 17:26:55,121.443500,31.193800, 46, 22,0
85231,2007-02-20 17:27:27,121.446800,31.195600, 12, 22,0
85231,2007-02-20 17:28:22,121.447800,31.196100, 20, 45,0
85231,2007-02-20 17:28:38,121.448500,31.195000, 44, 67,0
85231,2007-02-20 17:28:54,121.449300,31.193600, 32, 90,0
85231,2007-02-20 17:29:10,121.450100,31.192600, 22, 67,0
85231,2007-02-20 17:29:26,121.449100,31.192100, 40,112,0
85231,2007-02-20 17:29:58,121.448300,31.191800, 14, 22,0
85231,2007-02-20 17:30:09,121.448500,31.191800, 16, 22,1
85231,2007-02-20 17:31:09,121.451500,31.193100, 36, 22,1
85231,2007-02-20 17:32:10,121.458000,31.195600, 56, 22,1
85231,2007-02-20 17:34:12,121.462800,31.199100, 30, 45,1
85231,2007-02-20 17:35:13,121.464100,31.199300,  0, 45,1
85231,2007-02-20 17:36:14,121.463500,31.202600, 22,  0,1
85231,2007-02-20 17:37:15,121.462500,31.206100,  0,  0,1
85231,2007-02-20 17:38:38,121.464500,31.207100, 16, 45,1
85231,2007-02-20 17:39:38,121.465800,31.207300, 42, 45,1
85231,2007-02-20 17:41:41,121.474500,31.211500,  0, 45,1
85231,2007-02-20 17:42:42,121.477300,31.213000, 14, 22,1
85231,2007-02-20 17:43:43,121.478300,31.216500, 34, 45,1
85231,2007-02-20 17:44:43,121.480100,31.217000, 14, 22,1
85231,2007-02-20 17:45:45,121.479300,31.219000, 32,157,1
85231,2007-02-20 17:46:46,121.479800,31.221000,  0, 45,1
85231,2007-02-20 17:47:47,121.485000,31.223600,  0, 45,1
85231,2007-02-20 17:48:48,121.485000,31.223600,  0, 45,1
85231,2007-02-20 17:49:48,121.484100,31.226000, 16,  0,1
85231,2007-02-20 17:49:53,121.484100,31.226000,  0,157,0
85231,2007-02-20 17:50:51,121.483500,31.226800, 34,157,0
85231,2007-02-20 17:51:38,121.483000,31.229000, 14,  0,0
85231,2007-02-20 17:52:38,121.483100,31.229600, 10, 22,0
85231,2007-02-20 17:52:55,121.484500,31.229800, 30, 45,0
85231,2007-02-20 17:53:31,121.485600,31.229800,  6, 45,0
85231,2007-02-20 17:53:32,121.485600,31.229800, 10, 45,1
85231,2007-02-20 17:55:33,121.486500,31.227300, 10, 90,1
85231,2007-02-20 17:56:35,121.485000,31.226600, 28,112,1
85231,2007-02-20 17:57:36,121.484300,31.226300,  0,112,1
85231,2007-02-20 17:58:37,121.484800,31.224600, 18, 67,1
85231,2007-02-20 17:59:38,121.490300,31.223800, 48, 45,1
85231,2007-02-20 18:00:38,121.496300,31.222500,  0, 45,1
85231,2007-02-20 18:02:41,121.512600,31.229300,  0,  0,1
85231,2007-02-20 18:02:42,121.512600,31.229300,  0,  0,0
85231,2007-02-20 18:04:42,121.513500,31.230100, 18,  0,0
85231,2007-02-20 18:05:03,121.513300,31.231300, 20,  0,0
85231,2007-02-20 18:06:03,121.513100,31.232300,  0,  0,0
85231,2007-02-20 18:07:03,121.512100,31.232300, 42,135,0
85231,2007-02-20 18:07:53,121.511000,31.232000, 18,135,0
85231,2007-02-20 18:08:08,121.510500,31.232800, 48,  0,0
85231,2007-02-20 18:08:25,121.509800,31.234500, 34,157,0
85231,2007-02-20 18:08:53,121.509100,31.235300,  6,157,0
85231,2007-02-20 18:09:08,121.508500,31.236300, 44,157,0
85231,2007-02-20 18:09:25,121.507500,31.237800, 42,157,0
85231,2007-02-20 18:09:41,121.506600,31.239100, 28,157,0
85231,2007-02-20 18:09:57,121.506600,31.240100, 40, 22,0
85231,2007-02-20 18:10:13,121.508500,31.240500, 12, 45,0
85231,2007-02-20 18:11:13,121.508100,31.240600,  0,112,0
85231,2007-02-20 18:12:15,121.507100,31.240300,  0,112,0
85231,2007-02-20 18:13:16,121.507100,31.240300,  0,112,0
85231,2007-02-20 18:14:17,121.507100,31.240300,  0,112,0
85231,2007-02-20 18:15:18,121.507100,31.240300,  0,112,0
85231,2007-02-20 18:16:18,121.507100,31.240300,  0,112,0
85231,2007-02-20 18:17:20,121.507100,31.240300,  0,112,0
85231,2007-02-20 18:18:21,121.507100,31.240300,  0,112,0
85231,2007-02-20 18:19:22,121.507100,31.240300,  0,112,0
85231,2007-02-20 18:20:23,121.507100,31.240300,  0,112,0
85231,2007-02-20 18:23:18,121.505800,31.239800, 46,112,0
85231,2007-02-20 18:23:35,121.504500,31.239000, 10,135,0
85231,2007-02-20 18:23:53,121.503500,31.238500, 46,135,0
85231,2007-02-20 18:24:10,121.501100,31.238300, 58,135,0
85231,2007-02-20 18:24:26,121.498800,31.239300, 56,157,0
85231,2007-02-20 18:24:42,121.496500,31.240100, 56,135,0
85231,2007-02-20 18:24:58,121.494500,31.240800,  0,135,0
85231,2007-02-20 18:25:58,121.494500,31.240800,  0,135,0
85231,2007-02-20 18:27:00,121.494500,31.240800,  0,135,0
85231,2007-02-20 18:27:55,121.477300,31.235300, 18,157,0
85231,2007-02-20 18:28:56,121.477000,31.236300,  0,  0,0
85231,2007-02-20 18:29:18,121.476000,31.235000, 30,112,0
85231,2007-02-20 18:29:41,121.475500,31.234800,  0, 22,1
85231,2007-02-20 18:30:42,121.475600,31.233500, 18, 67,1
85231,2007-02-20 18:31:43,121.476500,31.232600, 12, 90,1
85231,2007-02-20 18:32:43,121.476100,31.232300,  2, 67,1
85231,2007-02-20 18:33:45,121.478500,31.232600, 26, 45,1
85231,2007-02-20 18:34:46,121.484100,31.232500,  0, 45,1
85231,2007-02-20 18:36:48,121.503600,31.237300,  8, 45,1
85231,2007-02-20 18:37:48,121.508100,31.236100,  0, 45,1
85231,2007-02-20 18:38:50,121.511000,31.237800, 32, 45,1
85231,2007-02-20 18:39:51,121.513300,31.238600,  0, 22,1
85231,2007-02-20 18:40:52,121.514000,31.239300, 32,157,1
85231,2007-02-20 18:41:53,121.511300,31.241300, 32, 45,1
85231,2007-02-20 18:42:53,121.515100,31.242300,  0, 22,1
85231,2007-02-20 18:43:55,121.523000,31.242600, 64, 45,1
85231,2007-02-20 18:45:57,121.537600,31.246600,  6, 22,1
85231,2007-02-20 18:46:17,121.537800,31.246800,  0, 22,0
85231,2007-02-20 18:46:48,121.538500,31.246600, 22, 67,0
85231,2007-02-20 18:47:50,121.538600,31.246300,  0, 67,0
85231,2007-02-20 18:48:51,121.538300,31.246800,  0,157,0
85231,2007-02-20 18:49:52,121.538500,31.246800,  0,157,0
85231,2007-02-20 18:50:47,121.537300,31.246600, 50,112,0
85231,2007-02-20 18:51:33,121.534500,31.245600, 46,135,0
85231,2007-02-20 18:51:48,121.532500,31.245100, 54,135,0
85231,2007-02-20 18:52:05,121.530000,31.244300, 56,135,0
85231,2007-02-20 18:52:21,121.527300,31.243600, 60,135,0
85231,2007-02-20 18:52:58,121.524300,31.242800, 46,135,0
85231,2007-02-20 18:53:13,121.522100,31.242800, 58,135,0
85231,2007-02-20 18:53:30,121.519500,31.242600, 50,135,0
85231,2007-02-20 18:53:46,121.517000,31.242600, 54,135,0
85231,2007-02-20 18:54:02,121.515800,31.242500,  0,135,0
85231,2007-02-20 18:54:47,121.514600,31.242300, 34,135,0
85231,2007-02-20 18:55:03,121.513500,31.242100, 26,135,0
85231,2007-02-20 18:56:23,121.512800,31.243300,  0,  0,0
85231,2007-02-20 18:57:23,121.512800,31.243300,  0,  0,0
85231,2007-02-20 18:58:25,121.512800,31.243300,  0,  0,0
85231,2007-02-20 18:59:26,121.512800,31.243300,  0,  0,0
85231,2007-02-20 19:00:27,121.512800,31.243300,  0,  0,0
85231,2007-02-20 19:01:28,121.512800,31.243300,  0,  0,0
85231,2007-02-20 19:02:28,121.512800,31.243300,  0,  0,0
85231,2007-02-20 19:03:30,121.512800,31.243300,  0,  0,0
85231,2007-02-20 19:04:31,121.512800,31.243300,  0,  0,0
85231,2007-02-20 19:05:32,121.512800,31.243300,  0,  0,0
85231,2007-02-20 19:06:33,121.512800,31.243300,  0,  0,0
85231,2007-02-20 19:07:33,121.512800,31.243300,  0,  0,0
85231,2007-02-20 19:08:34,121.512800,31.243300,  0,  0,0
85231,2007-02-20 19:09:35,121.512800,31.243300,  0,  0,0
85231,2007-02-20 19:10:36,121.512800,31.243300,  0,  0,0
85231,2007-02-20 19:11:37,121.512800,31.243300,  0,  0,0
85231,2007-02-20 19:12:38,121.512800,31.243300,  0,  0,0
85231,2007-02-20 19:13:40,121.512800,31.243300,  0,  0,0
85231,2007-02-20 19:15:41,121.512800,31.243300,  0,  0,0
85231,2007-02-20 19:17:23,121.511800,31.243100, 34,135,0
85231,2007-02-20 19:17:39,121.510100,31.242800, 38,112,0
85231,2007-02-20 19:17:55,121.508800,31.242300, 40,135,0
85231,2007-02-20 19:18:11,121.507800,31.241800, 26, 67,0
85231,2007-02-20 19:18:27,121.508100,31.240600, 20, 90,0
85231,2007-02-20 19:18:47,121.507100,31.240300, 20,135,0
85231,2007-02-20 19:19:03,121.505600,31.239800, 36,112,0
85231,2007-02-20 19:19:19,121.504500,31.239100, 20,112,0
85231,2007-02-20 19:19:35,121.503100,31.238300, 44,135,0
85231,2007-02-20 19:19:51,121.501100,31.238500, 42,157,0
85231,2007-02-20 19:20:07,121.499600,31.239000, 36,157,0
85231,2007-02-20 19:20:23,121.498100,31.239600, 40,157,0
85231,2007-02-20 19:20:40,121.495800,31.240300, 62,135,0
85231,2007-02-20 19:20:55,121.494000,31.240800,  0,135,0
85231,2007-02-20 19:21:56,121.494000,31.240800,  0,135,0
85231,2007-02-20 19:22:57,121.480000,31.233300, 38,135,0
85231,2007-02-20 19:23:29,121.476500,31.232100, 48,112,0
85231,2007-02-20 19:23:45,121.474500,31.231000, 58,112,0
85231,2007-02-20 19:24:01,121.472300,31.229800, 60,112,0
85231,2007-02-20 19:24:17,121.470000,31.228500, 60,112,0
85231,2007-02-20 19:24:33,121.467500,31.227600, 74,112,0
85231,2007-02-20 19:24:49,121.465300,31.226600, 46,135,0
85231,2007-02-20 19:25:05,121.463500,31.227500, 56,157,0
85231,2007-02-20 19:25:21,121.462500,31.229800, 80,  0,0
85231,2007-02-20 19:25:37,121.462300,31.232800, 76,  0,0
85231,2007-02-20 19:27:33,121.459100,31.253100, 72,  0,0
85231,2007-02-20 19:28:05,121.459100,31.258000, 64,  0,0
85231,2007-02-20 19:28:21,121.458600,31.260500, 74,  0,0
85231,2007-02-20 19:28:37,121.457600,31.263000, 56,157,0
85231,2007-02-20 19:28:53,121.455300,31.262500, 56,112,0
85231,2007-02-20 19:29:25,121.449800,31.261000, 72,135,0
85231,2007-02-20 19:29:41,121.446500,31.260300, 80,135,0
85231,2007-02-20 19:29:57,121.443100,31.259600, 72,135,0
85231,2007-02-20 19:30:13,121.439800,31.258800, 76,135,0
85231,2007-02-20 19:30:29,121.436800,31.257800, 72,112,0
85231,2007-02-20 19:30:45,121.434100,31.256600, 70,112,0
85231,2007-02-20 19:31:01,121.431600,31.255600, 58,112,0
85231,2007-02-20 19:31:17,121.429800,31.253600, 78,112,0
85231,2007-02-20 19:31:33,121.427300,31.251600, 82,112,0
85231,2007-02-20 19:31:49,121.425300,31.249100, 70,112,0
85231,2007-02-20 19:32:05,121.423100,31.247800, 60,112,0
85231,2007-02-20 19:32:37,121.418600,31.245800, 50,112,0
85231,2007-02-20 19:32:53,121.417000,31.244800, 48,112,0
85231,2007-02-20 19:33:09,121.415300,31.244000, 36,112,0
85231,2007-02-20 19:33:35,121.414300,31.243800, 26,157,0
85231,2007-02-20 19:33:51,121.413100,31.244600, 32,157,0
85231,2007-02-20 19:34:07,121.412000,31.245600, 38,157,0
85231,2007-02-20 19:36:08,121.404600,31.247300, 32,135,0
85231,2007-02-20 19:37:09,121.404000,31.247800,  0,  0,0
85231,2007-02-20 19:38:10,121.404000,31.247800,  0,  0,0
85231,2007-02-20 19:39:11,121.404000,31.247800,  0,  0,0
85231,2007-02-20 19:40:55,121.403600,31.249100, 16,  0,0
85231,2007-02-20 19:41:21,121.404600,31.249300, 18, 45,0
85231,2007-02-20 19:41:45,121.405600,31.249000, 26, 45,0
85231,2007-02-20 19:42:46,121.406000,31.248500,  0, 90,0
85231,2007-02-20 19:43:47,121.406000,31.248500,  0, 90,0
85231,2007-02-20 19:44:48,121.406000,31.248500,  0, 90,0
85231,2007-02-20 19:45:49,121.406000,31.248500,  0, 90,0
85231,2007-02-20 19:46:50,121.406000,31.248500,  0, 90,0
85231,2007-02-20 19:47:51,121.406000,31.248500,  0, 90,0
85231,2007-02-20 19:48:52,121.406000,31.248500,  0, 90,0
85231,2007-02-20 19:49:53,121.406000,31.248500,  0, 90,0
85231,2007-02-20 19:50:54,121.406000,31.248500,  0, 90,0
85231,2007-02-20 19:51:55,121.406000,31.248500,  0, 90,0
85231,2007-02-20 19:52:56,121.406000,31.248500,  0, 90,0
85231,2007-02-20 19:53:56,121.406000,31.248500,  0, 90,0
85231,2007-02-20 19:54:57,121.406000,31.248500,  0, 90,0
85231,2007-02-20 19:55:58,121.406000,31.248500,  0, 90,0
85231,2007-02-20 19:56:59,121.406000,31.248500,  0, 90,0
85231,2007-02-20 19:58:00,121.406000,31.248500,  0, 90,0
85231,2007-02-20 19:59:01,121.406000,31.248500,  0, 90,0
85231,2007-02-20 20:00:02,121.406000,31.248500,  0, 90,0
85231,2007-02-20 20:01:03,121.406000,31.248500,  0, 90,0
85231,2007-02-20 20:02:04,121.406000,31.248500,  0, 90,0
85231,2007-02-20 20:04:06,121.406000,31.248500,  0, 90,0
85231,2007-02-20 20:05:07,121.406000,31.248500,  0, 90,0
85231,2007-02-20 20:06:08,121.406000,31.248500,  0, 90,0
85231,2007-02-20 20:07:09,121.406000,31.248500,  0, 90,0
85231,2007-02-20 20:08:10,121.406000,31.248500,  0, 90,0
85231,2007-02-20 20:09:11,121.406000,31.248500,  0, 90,0
85231,2007-02-20 20:10:12,121.406000,31.248500,  0, 90,0
85231,2007-02-20 20:11:13,121.406000,31.248500,  0, 90,0
85231,2007-02-20 20:12:14,121.406000,31.248500,  0, 90,0
85231,2007-02-20 20:14:16,121.406000,31.248500,  0, 90,0
85231,2007-02-20 20:15:17,121.406000,31.248500,  0, 90,0
85231,2007-02-20 20:16:18,121.406000,31.248500,  0, 90,0
85231,2007-02-20 20:17:19,121.406000,31.248500,  0, 90,0
85231,2007-02-20 20:18:20,121.406000,31.248500,  0, 90,0
85231,2007-02-20 20:19:21,121.406000,31.248500,  0, 90,0
85231,2007-02-20 20:20:22,121.406000,31.248500,  0, 90,0
85231,2007-02-20 20:22:24,121.406000,31.248500,  0, 90,0
85231,2007-02-20 20:23:25,121.406000,31.248500,  0, 90,0
85231,2007-02-20 20:24:26,121.406000,31.248500,  0, 90,0
85231,2007-02-20 20:25:27,121.406000,31.248500,  0, 90,0
85231,2007-02-20 20:26:28,121.406000,31.248500,  0, 90,0
85231,2007-02-20 20:27:29,121.406000,31.248500,  0, 90,0
85231,2007-02-20 20:28:30,121.406000,31.248500,  0, 90,0
85231,2007-02-20 20:29:31,121.406000,31.248500,  0, 90,0
85231,2007-02-20 20:30:32,121.406000,31.248500,  0, 90,0
85231,2007-02-20 20:31:33,121.406000,31.248500,  0, 90,0
85231,2007-02-20 20:32:34,121.406000,31.248500,  0, 90,0
85231,2007-02-20 20:33:35,121.406000,31.248500,  0, 90,0
85231,2007-02-20 20:34:36,121.406000,31.248500,  0, 90,0
85231,2007-02-20 20:35:37,121.406000,31.248500,  0, 90,0
85231,2007-02-20 20:36:38,121.406000,31.248500,  0, 90,0
85231,2007-02-20 20:37:39,121.406000,31.248500,  0, 90,0
85231,2007-02-20 20:38:40,121.406000,31.248500,  0, 90,0
85231,2007-02-20 20:39:41,121.406000,31.248500,  0, 90,0
85231,2007-02-20 20:40:42,121.406000,31.248500,  0, 90,0
85231,2007-02-20 20:41:43,121.406000,31.248500,  0, 90,0
85231,2007-02-20 20:43:45,121.406000,31.248500,  0, 90,0
85231,2007-02-20 20:44:46,121.406000,31.248500,  0, 90,0
85231,2007-02-20 20:45:47,121.406000,31.248500,  0, 90,0
85231,2007-02-20 20:46:48,121.406000,31.248500,  0, 90,0
85231,2007-02-20 20:47:49,121.406000,31.248500,  0, 90,0
85231,2007-02-20 20:48:50,121.406000,31.248500,  0, 90,0
85231,2007-02-20 20:49:51,121.406000,31.248500,  0, 90,0
85231,2007-02-20 20:50:52,121.406000,31.248500,  0, 90,0
85231,2007-02-20 20:51:53,121.406000,31.248500,  0, 90,0
85231,2007-02-20 20:52:54,121.406000,31.248500,  0, 90,0
85231,2007-02-20 20:53:55,121.406000,31.248500,  0, 90,0
85231,2007-02-20 20:54:56,121.406000,31.248500,  0, 90,0
85231,2007-02-20 20:55:57,121.406000,31.248500,  0, 90,0
85231,2007-02-20 20:56:58,121.406000,31.248500,  0, 90,0
85231,2007-02-20 20:57:59,121.406000,31.248500,  0, 90,0
85231,2007-02-20 20:59:00,121.406000,31.248500,  0, 90,0
85231,2007-02-20 21:00:01,121.406000,31.248500,  0, 90,0
85231,2007-02-20 21:01:02,121.406000,31.248500,  0, 90,0
85231,2007-02-20 21:03:04,121.406000,31.248500,  0, 90,0
85231,2007-02-20 21:04:05,121.406000,31.248500,  0, 90,0
85231,2007-02-20 21:05:06,121.406000,31.248500,  0, 90,0
85231,2007-02-20 21:06:07,121.406000,31.248500,  0, 90,0
85231,2007-02-20 21:07:08,121.406000,31.248500,  0, 90,0
85231,2007-02-20 21:08:09,121.406000,31.248500,  0, 90,0
85231,2007-02-20 21:09:10,121.406000,31.248500,  0, 90,0
85231,2007-02-20 21:10:11,121.406000,31.248500,  0, 90,0
85231,2007-02-20 21:11:12,121.406000,31.248500,  0, 90,0
85231,2007-02-20 21:12:13,121.406000,31.248500,  0, 90,0
85231,2007-02-20 21:13:14,121.406000,31.248500,  0, 90,0
85231,2007-02-20 21:14:15,121.406000,31.248500,  0, 90,0
85231,2007-02-20 21:15:16,121.406000,31.248500,  0, 90,0
85231,2007-02-20 21:16:17,121.406000,31.248500,  0, 90,0
85231,2007-02-20 21:17:18,121.406000,31.248500,  0, 90,0
85231,2007-02-20 21:18:19,121.406000,31.248500,  0, 90,0
85231,2007-02-20 21:19:20,121.406000,31.248500,  0, 90,0
85231,2007-02-20 21:20:21,121.406000,31.248500,  0, 90,0
85231,2007-02-20 21:21:22,121.406000,31.248500,  0, 90,0
85231,2007-02-20 21:22:23,121.406000,31.248500,  0, 90,0
85231,2007-02-20 21:23:24,121.406000,31.248500,  0, 90,0
85231,2007-02-20 21:24:25,121.406000,31.248500,  0, 90,0
85231,2007-02-20 21:25:26,121.406000,31.248500,  0, 90,0
85231,2007-02-20 21:26:27,121.406000,31.248500,  0, 90,0
85231,2007-02-20 21:27:28,121.406000,31.248500,  0, 90,0
85231,2007-02-20 21:28:29,121.406000,31.248500,  0, 90,0
85231,2007-02-20 21:29:30,121.406000,31.248500,  0, 90,0
85231,2007-02-20 21:30:31,121.406000,31.248500,  0, 90,0
85231,2007-02-20 21:31:32,121.406000,31.248500,  0, 90,0
85231,2007-02-20 21:32:32,121.406000,31.248500,  0, 90,0
85231,2007-02-20 21:33:34,121.406000,31.248500,  0, 90,0
85231,2007-02-20 21:34:35,121.406000,31.248500,  0, 90,0
85231,2007-02-20 21:35:36,121.406000,31.248500,  0, 90,0
85231,2007-02-20 21:37:37,121.406000,31.248500,  0, 90,0
85231,2007-02-20 21:38:39,121.406000,31.248500,  0, 90,0
85231,2007-02-20 21:39:40,121.406000,31.248500,  0, 90,0
85231,2007-02-20 21:40:41,121.406000,31.248500,  0, 90,0
85231,2007-02-20 21:41:42,121.406000,31.248500,  0, 90,0
85231,2007-02-20 21:42:42,121.406000,31.248500,  0, 90,0
85231,2007-02-20 21:44:45,121.406000,31.248500,  0, 90,0
85231,2007-02-20 21:45:46,121.406000,31.248500,  0, 90,0
85231,2007-02-20 21:46:47,121.406000,31.248500,  0, 90,0
85231,2007-02-20 21:47:47,121.406000,31.248500,  0, 90,0
85231,2007-02-20 21:48:49,121.406000,31.248500,  0, 90,0
85231,2007-02-20 21:49:50,121.406000,31.248500,  0, 90,0
85231,2007-02-20 21:50:51,121.406000,31.248500,  0, 90,0
85231,2007-02-20 21:51:52,121.406000,31.248500,  0, 90,0
85231,2007-02-20 21:52:52,121.406000,31.248500,  0, 90,0
85231,2007-02-20 21:53:54,121.406000,31.248500,  0, 90,0
85231,2007-02-20 21:54:55,121.406000,31.248500,  0, 90,0
85231,2007-02-20 21:55:56,121.406000,31.248500,  0, 90,0
85231,2007-02-20 21:56:57,121.406000,31.248500,  0, 90,0
85231,2007-02-20 21:57:57,121.406000,31.248500,  0, 90,0
85231,2007-02-20 21:58:59,121.406000,31.248500,  0, 90,0
85231,2007-02-20 22:00:00,121.406000,31.248500,  0, 90,0
85231,2007-02-20 22:01:01,121.406000,31.248500,  0, 90,0
85231,2007-02-20 22:02:02,121.406000,31.248500,  0, 90,0
85231,2007-02-20 22:03:02,121.406000,31.248500,  0, 90,0
85231,2007-02-20 22:04:04,121.406000,31.248500,  0, 90,0
85231,2007-02-20 22:05:05,121.406000,31.248500,  0, 90,0
85231,2007-02-20 22:06:06,121.406000,31.248500,  0, 90,0
85231,2007-02-20 22:07:07,121.406000,31.248500,  0, 90,0
85231,2007-02-20 22:08:07,121.406000,31.248500,  0, 90,0
85231,2007-02-20 22:09:09,121.406000,31.248500,  0, 90,0
85231,2007-02-20 22:10:10,121.406000,31.248500,  0, 90,0
85231,2007-02-20 22:11:11,121.406000,31.248500,  0, 90,0
85231,2007-02-20 22:12:12,121.406000,31.248500,  0, 90,0
85231,2007-02-20 22:13:12,121.406000,31.248500,  0, 90,0
85231,2007-02-20 22:14:14,121.406000,31.248500,  0, 90,0
85231,2007-02-20 22:15:15,121.406000,31.248500,  0, 90,0
85231,2007-02-20 22:16:16,121.406000,31.248500,  0, 90,0
85231,2007-02-20 22:17:17,121.406000,31.248500,  0, 90,0
85231,2007-02-20 22:18:17,121.406000,31.248500,  0, 90,0
85231,2007-02-20 22:19:19,121.406000,31.248500,  0, 90,0
85231,2007-02-20 22:21:21,121.406000,31.248500,  0, 90,0
85231,2007-02-20 22:22:22,121.406000,31.248500,  0, 90,0
85231,2007-02-20 22:23:22,121.406000,31.248500,  0, 90,0
85231,2007-02-20 22:24:24,121.406000,31.248500,  0, 90,0
85231,2007-02-20 22:25:25,121.406000,31.248500,  0, 90,0
85231,2007-02-20 22:26:26,121.406000,31.248500,  0, 90,0
85231,2007-02-20 22:28:27,121.406000,31.248500,  0, 90,0
85231,2007-02-20 22:29:29,121.406000,31.248500,  0, 90,0
85231,2007-02-20 22:30:30,121.406000,31.248500,  0, 90,0
85231,2007-02-20 22:31:31,121.406000,31.248500,  0, 90,0
85231,2007-02-20 22:32:32,121.406000,31.248500,  0, 90,0
85231,2007-02-20 22:33:32,121.406000,31.248500,  0, 90,0
85231,2007-02-20 22:34:34,121.406000,31.248500,  0, 90,0
85231,2007-02-20 22:35:35,121.406000,31.248500,  0, 90,0
85231,2007-02-20 22:36:36,121.406000,31.248500,  0, 90,0
85231,2007-02-20 22:37:37,121.406000,31.248500,  0, 90,0
85231,2007-02-20 22:38:37,121.406000,31.248500,  0, 90,0
85231,2007-02-20 22:40:40,121.406000,31.248500,  0, 90,0
85231,2007-02-20 22:41:41,121.406000,31.248500,  0, 90,0
85231,2007-02-20 22:42:42,121.406000,31.248500,  0, 90,0
85231,2007-02-20 22:43:42,121.406000,31.248500,  0, 90,0
85231,2007-02-20 22:44:44,121.406000,31.248500,  0, 90,0
85231,2007-02-20 22:45:45,121.406000,31.248500,  0, 90,0
85231,2007-02-20 22:46:46,121.406000,31.248500,  0, 90,0
85231,2007-02-20 22:47:47,121.406000,31.248500,  0, 90,0
85231,2007-02-20 22:48:47,121.406000,31.248500,  0, 90,0
85231,2007-02-20 22:49:49,121.406000,31.248500,  0, 90,0
85231,2007-02-20 22:50:50,121.406000,31.248500,  0, 90,0
85231,2007-02-20 22:51:51,121.406000,31.248500,  0, 90,0
85231,2007-02-20 22:52:52,121.406000,31.248500,  0, 90,0
85231,2007-02-20 22:53:52,121.406000,31.248500,  0, 90,0
85231,2007-02-20 22:54:54,121.406000,31.248500,  0, 90,0
85231,2007-02-20 22:55:55,121.406000,31.248500,  0, 90,0
85231,2007-02-20 22:56:56,121.406000,31.248500,  0, 90,0
85231,2007-02-20 22:57:57,121.406000,31.248500,  0, 90,0
85231,2007-02-20 22:58:57,121.406000,31.248500,  0, 90,0
85231,2007-02-20 22:59:59,121.406000,31.248500,  0, 90,0
85231,2007-02-20 23:01:00,121.406000,31.248500,  0, 90,0
85231,2007-02-20 23:02:01,121.406000,31.248500,  0, 90,0
85231,2007-02-20 23:04:02,121.406000,31.248500,  0, 90,0
85231,2007-02-20 23:05:04,121.406000,31.248500,  0, 90,0
85231,2007-02-20 23:06:05,121.406000,31.248500,  0, 90,0
85231,2007-02-20 23:07:06,121.406000,31.248500,  0, 90,0
85231,2007-02-20 23:08:07,121.406000,31.248500,  0, 90,0
85231,2007-02-20 23:09:07,121.406000,31.248500,  0, 90,0
85231,2007-02-20 23:10:09,121.406000,31.248500,  0, 90,0
85231,2007-02-20 23:11:10,121.406000,31.248500,  0, 90,0
85231,2007-02-20 23:12:11,121.406000,31.248500,  0, 90,0
85231,2007-02-20 23:13:12,121.406000,31.248500,  0, 90,0
85231,2007-02-20 23:14:12,121.406000,31.248500,  0, 90,0
85231,2007-02-20 23:16:15,121.406000,31.248500,  0, 90,0
85231,2007-02-20 23:17:16,121.406000,31.248500,  0, 90,0
85231,2007-02-20 23:18:17,121.406000,31.248500,  0, 90,0
85231,2007-02-20 23:19:17,121.406000,31.248500,  0, 90,0
85231,2007-02-20 23:20:19,121.406000,31.248500,  0, 90,0
85231,2007-02-20 23:21:20,121.406000,31.248500,  0, 90,0
85231,2007-02-20 23:22:21,121.406000,31.248500,  0, 90,0
85231,2007-02-20 23:23:22,121.406000,31.248500,  0, 90,0
85231,2007-02-20 23:24:22,121.406000,31.248500,  0, 90,0
85231,2007-02-20 23:25:24,121.406000,31.248500,  0, 90,0
85231,2007-02-20 23:26:25,121.406000,31.248500,  0, 90,0
85231,2007-02-20 23:27:26,121.406000,31.248500,  0, 90,0
85231,2007-02-20 23:28:27,121.406000,31.248500,  0, 90,0
85231,2007-02-20 23:29:27,121.406000,31.249000,  0, 90,0
85231,2007-02-20 23:30:29,121.406100,31.249300,  0, 90,0
85231,2007-02-20 23:31:30,121.406100,31.249300,  0, 90,0
85231,2007-02-20 23:32:31,121.406100,31.249100,  0, 90,0
85231,2007-02-20 23:33:32,121.406100,31.249100,  0, 90,0
85231,2007-02-20 23:34:32,121.406100,31.248300,  0, 90,0
85231,2007-02-20 23:35:34,121.406100,31.248300,  0, 90,0
85231,2007-02-20 23:36:35,121.406100,31.248300,  0, 90,0
85231,2007-02-20 23:37:36,121.406300,31.247100,  0, 90,0
85231,2007-02-20 23:38:37,121.406100,31.247800,  0, 90,0
85231,2007-02-20 23:39:37,121.406100,31.247800,  0, 90,0
85231,2007-02-20 23:40:39,121.406100,31.247800,  0, 90,0
85231,2007-02-20 23:41:40,121.406100,31.247800,  0, 90,0
85231,2007-02-20 23:42:41,121.406100,31.247800,  0, 90,0
85231,2007-02-20 23:44:42,121.406100,31.248300,  0, 90,0
85231,2007-02-20 23:45:44,121.406100,31.248300,  0, 90,0
85231,2007-02-20 23:47:46,121.406100,31.248600,  0, 90,0
85231,2007-02-20 23:48:47,121.406100,31.248600,  0, 90,0
85231,2007-02-20 23:49:47,121.406100,31.248500,  0, 90,0
85231,2007-02-20 23:50:49,121.406100,31.248600,  0, 90,0
85231,2007-02-20 23:51:50,121.406100,31.248600,  0, 90,0
85231,2007-02-20 23:52:51,121.406100,31.248600,  0, 90,0
85231,2007-02-20 23:53:52,121.406100,31.248800,  0, 90,0
85231,2007-02-20 23:54:52,121.406100,31.248800,  0, 90,0
85231,2007-02-20 23:55:54,121.406100,31.248800,  0, 90,0
85231,2007-02-20 23:56:55,121.406100,31.248800,  0, 90,0
85231,2007-02-20 23:57:56,121.406100,31.248800,  0, 90,0
85231,2007-02-20 23:58:57,121.406100,31.248600,  0, 90,0
