87613,2007-02-20 00:01:01,121.559600,31.195100,  0,  0,0
87613,2007-02-20 00:02:02,121.559600,31.195100,  0,  0,0
87613,2007-02-20 00:03:03,121.559600,31.195100,  0,  0,0
87613,2007-02-20 00:04:04,121.559600,31.195100,  0,  0,0
87613,2007-02-20 00:05:05,121.559600,31.195100,  0,  0,0
87613,2007-02-20 00:06:06,121.559600,31.195100,  0,  0,0
87613,2007-02-20 00:07:07,121.559600,31.195100,  0,  0,0
87613,2007-02-20 00:08:08,121.559600,31.195100,  0,  0,0
87613,2007-02-20 00:09:09,121.559600,31.195100,  0,  0,0
87613,2007-02-20 00:10:10,121.559600,31.195100,  0,  0,0
87613,2007-02-20 00:11:11,121.559600,31.195100,  0,  0,0
87613,2007-02-20 00:12:12,121.559600,31.195100,  0,  0,0
87613,2007-02-20 00:13:13,121.559600,31.195100,  0,  0,0
87613,2007-02-20 00:14:14,121.559600,31.195100,  0,  0,0
87613,2007-02-20 00:15:15,121.559600,31.195100,  0,  0,0
87613,2007-02-20 00:16:16,121.559600,31.195100,  0,  0,0
87613,2007-02-20 00:17:17,121.559600,31.195100,  0,  0,0
87613,2007-02-20 00:19:19,121.559600,31.195100,  0,  0,0
87613,2007-02-20 00:20:20,121.559600,31.195100,  0,  0,0
87613,2007-02-20 00:21:21,121.559600,31.195100,  0,  0,0
87613,2007-02-20 00:22:22,121.559600,31.195100,  0,  0,0
87613,2007-02-20 00:23:23,121.559600,31.195100,  0,  0,0
87613,2007-02-20 00:24:24,121.559600,31.195100,  0,  0,0
87613,2007-02-20 00:25:25,121.559600,31.195100,  0,  0,0
87613,2007-02-20 00:26:26,121.559600,31.195100,  0,  0,0
87613,2007-02-20 00:27:27,121.559600,31.195100,  0,  0,0
87613,2007-02-20 00:28:28,121.559600,31.195100,  0,  0,0
87613,2007-02-20 00:29:29,121.559600,31.195100,  0,  0,0
87613,2007-02-20 00:30:30,121.559600,31.195100,  0,  0,0
87613,2007-02-20 00:31:31,121.559600,31.195100,  0,  0,0
87613,2007-02-20 00:32:32,121.559600,31.195100,  0,  0,0
87613,2007-02-20 00:34:34,121.559600,31.195100,  0,  0,0
87613,2007-02-20 00:35:35,121.559600,31.195100,  0,  0,0
87613,2007-02-20 00:36:36,121.559600,31.195100,  0,  0,0
87613,2007-02-20 00:37:37,121.559600,31.195100,  0,  0,0
87613,2007-02-20 00:38:38,121.559600,31.195100,  0,  0,0
87613,2007-02-20 00:39:39,121.559600,31.195100,  0,  0,0
87613,2007-02-20 00:40:40,121.559600,31.195100,  0,  0,0
87613,2007-02-20 00:41:41,121.559600,31.195100,  0,  0,0
87613,2007-02-20 00:42:42,121.559600,31.195100,  0,  0,0
87613,2007-02-20 00:43:43,121.559600,31.195100,  0,  0,0
87613,2007-02-20 00:44:44,121.559600,31.195100,  0,  0,0
87613,2007-02-20 00:45:45,121.559600,31.195100,  0,  0,0
87613,2007-02-20 00:46:46,121.559600,31.195100,  0,  0,0
87613,2007-02-20 00:47:47,121.559600,31.195100,  0,  0,0
87613,2007-02-20 00:48:48,121.559600,31.195100,  0,  0,0
87613,2007-02-20 00:49:49,121.559600,31.195100,  0,  0,0
87613,2007-02-20 00:50:50,121.559600,31.195100,  0,  0,0
87613,2007-02-20 00:51:51,121.559600,31.195100,  0,  0,0
87613,2007-02-20 00:52:52,121.559600,31.195100,  0,  0,0
87613,2007-02-20 00:54:54,121.559600,31.195100,  0,  0,0
87613,2007-02-20 00:55:55,121.559600,31.195100,  0,  0,0
87613,2007-02-20 00:56:56,121.559600,31.195100,  0,  0,0
87613,2007-02-20 00:57:57,121.559600,31.195100,  0,  0,0
87613,2007-02-20 00:58:29,121.559600,31.195100,  0,  0,0
87613,2007-02-20 00:59:29,121.559600,31.195100,  0,  0,0
87613,2007-02-20 01:00:30,121.559600,31.195100,  0,  0,0
87613,2007-02-20 01:01:31,121.559600,31.195100,  0,  0,0
87613,2007-02-20 01:02:32,121.559600,31.195100,  0,  0,0
87613,2007-02-20 01:03:33,121.559600,31.195100,  0,  0,0
87613,2007-02-20 01:05:35,121.559600,31.195100,  0,  0,0
87613,2007-02-20 01:06:36,121.559600,31.195100,  0,  0,0
87613,2007-02-20 01:07:37,121.559600,31.195100,  0,  0,0
87613,2007-02-20 01:08:38,121.559600,31.195100,  0,  0,0
87613,2007-02-20 01:09:39,121.559600,31.195100,  0,  0,0
87613,2007-02-20 01:10:40,121.559600,31.195100,  0,  0,0
87613,2007-02-20 01:11:41,121.559600,31.195100,  0,  0,0
87613,2007-02-20 01:12:42,121.559600,31.195100,  0,  0,0
87613,2007-02-20 01:13:43,121.559600,31.195100,  0,  0,0
87613,2007-02-20 01:15:45,121.559600,31.195100,  0,  0,0
87613,2007-02-20 01:16:46,121.559600,31.195100,  0,  0,0
87613,2007-02-20 01:17:47,121.559600,31.195100,  0,  0,0
87613,2007-02-20 01:18:48,121.559600,31.195100,  0,  0,0
87613,2007-02-20 01:19:49,121.559600,31.195100,  0,  0,0
87613,2007-02-20 01:20:50,121.559600,31.195100,  0,  0,0
87613,2007-02-20 01:22:52,121.559600,31.195100,  0,  0,0
87613,2007-02-20 01:23:53,121.559600,31.195100,  0,  0,0
87613,2007-02-20 01:25:55,121.559600,31.195100,  0,  0,0
87613,2007-02-20 01:26:56,121.559600,31.195100,  0,  0,0
87613,2007-02-20 01:27:57,121.559600,31.195100,  0,  0,0
87613,2007-02-20 01:28:58,121.559600,31.195100,  0,  0,0
87613,2007-02-20 01:29:59,121.559600,31.195100,  0,  0,0
87613,2007-02-20 01:31:00,121.559600,31.195100,  0,  0,0
87613,2007-02-20 01:32:01,121.559600,31.195100,  0,  0,0
87613,2007-02-20 01:33:02,121.559600,31.195100,  0,  0,0
87613,2007-02-20 01:35:04,121.559600,31.195100,  0,  0,0
87613,2007-02-20 01:36:05,121.559600,31.195100,  0,  0,0
87613,2007-02-20 01:37:06,121.559600,31.195100,  0,  0,0
87613,2007-02-20 01:38:07,121.559600,31.195100,  0,  0,0
87613,2007-02-20 01:39:08,121.559600,31.195100,  0,  0,0
87613,2007-02-20 01:41:10,121.559600,31.195100,  0,  0,0
87613,2007-02-20 01:42:11,121.559600,31.195100,  0,  0,0
87613,2007-02-20 01:43:12,121.559600,31.195100,  0,  0,0
87613,2007-02-20 01:44:13,121.559600,31.195100,  0,  0,0
87613,2007-02-20 01:45:14,121.559600,31.195100,  0,  0,0
87613,2007-02-20 01:46:15,121.559600,31.195100,  0,  0,0
87613,2007-02-20 01:47:17,121.559600,31.195100,  0,  0,0
87613,2007-02-20 01:48:18,121.559600,31.195100,  0,  0,0
87613,2007-02-20 01:49:19,121.559600,31.195100,  0,  0,0
87613,2007-02-20 01:51:21,121.559600,31.195100,  0,  0,0
87613,2007-02-20 01:52:22,121.559600,31.195100,  0,  0,0
87613,2007-02-20 01:54:24,121.559600,31.195100,  0,  0,0
87613,2007-02-20 01:55:24,121.559600,31.195100,  0,  0,0
87613,2007-02-20 01:56:26,121.559600,31.195100,  0,  0,0
87613,2007-02-20 01:57:27,121.559600,31.195100,  0,  0,0
87613,2007-02-20 01:58:28,121.559600,31.195100,  0,  0,0
87613,2007-02-20 01:59:29,121.559600,31.195100,  0,  0,0
87613,2007-02-20 02:00:29,121.559600,31.195100,  0,  0,0
87613,2007-02-20 02:01:31,121.559600,31.195100,  0,  0,0
87613,2007-02-20 02:02:32,121.559600,31.195100,  0,  0,0
87613,2007-02-20 02:03:33,121.559600,31.195100,  0,  0,0
87613,2007-02-20 02:05:34,121.559600,31.195100,  0,  0,0
87613,2007-02-20 02:06:36,121.559600,31.195100,  0,  0,0
87613,2007-02-20 02:07:37,121.559600,31.195100,  0,  0,0
87613,2007-02-20 02:08:38,121.559600,31.195100,  0,  0,0
87613,2007-02-20 02:09:39,121.559600,31.195100,  0,  0,0
87613,2007-02-20 02:10:39,121.559600,31.195100,  0,  0,0
87613,2007-02-20 02:11:41,121.559600,31.195100,  0,  0,0
87613,2007-02-20 02:12:42,121.559600,31.195100,  0,  0,0
87613,2007-02-20 02:13:43,121.559600,31.195100,  0,  0,0
87613,2007-02-20 02:14:44,121.559600,31.195100,  0,  0,0
87613,2007-02-20 02:15:44,121.559600,31.195100,  0,  0,0
87613,2007-02-20 02:16:46,121.559600,31.195100,  0,  0,0
87613,2007-02-20 02:17:47,121.559600,31.195100,  0,  0,0
87613,2007-02-20 02:18:48,121.559600,31.195100,  0,  0,0
87613,2007-02-20 02:19:49,121.559600,31.195100,  0,  0,0
87613,2007-02-20 02:20:49,121.559600,31.195100,  0,  0,0
87613,2007-02-20 02:21:51,121.559600,31.195100,  0,  0,0
87613,2007-02-20 02:22:52,121.559600,31.195100,  0,  0,0
87613,2007-02-20 02:23:53,121.559600,31.195100,  0,  0,0
87613,2007-02-20 02:24:54,121.559600,31.195100,  0,  0,0
87613,2007-02-20 02:25:54,121.559600,31.195100,  0,  0,0
87613,2007-02-20 02:26:56,121.559600,31.195100,  0,  0,0
87613,2007-02-20 02:27:57,121.559600,31.195100,  0,  0,0
87613,2007-02-20 02:28:58,121.559600,31.195100,  0,  0,0
87613,2007-02-20 02:29:59,121.559600,31.195100,  0,  0,0
87613,2007-02-20 02:30:59,121.559600,31.195100,  0,  0,0
87613,2007-02-20 02:32:01,121.559600,31.195100,  0,  0,0
87613,2007-02-20 02:33:02,121.559600,31.195100,  0,  0,0
87613,2007-02-20 02:34:03,121.559600,31.195100,  0,  0,0
87613,2007-02-20 02:36:04,121.559600,31.195100,  0,  0,0
87613,2007-02-20 02:38:07,121.559600,31.195100,  0,  0,0
87613,2007-02-20 02:39:08,121.559600,31.195100,  0,  0,0
87613,2007-02-20 02:40:09,121.559600,31.195100,  0,  0,0
87613,2007-02-20 02:41:09,121.559600,31.195100,  0,  0,0
87613,2007-02-20 02:42:11,121.559600,31.195100,  0,  0,0
87613,2007-02-20 02:43:12,121.559600,31.195100,  0,  0,0
87613,2007-02-20 02:44:13,121.559600,31.195100,  0,  0,0
87613,2007-02-20 02:45:14,121.559600,31.195100,  0,  0,0
87613,2007-02-20 02:46:14,121.559600,31.195100,  0,  0,0
87613,2007-02-20 02:47:16,121.559600,31.195100,  0,  0,0
87613,2007-02-20 02:48:17,121.559600,31.195100,  0,  0,0
87613,2007-02-20 02:50:19,121.559600,31.195100,  0,  0,0
87613,2007-02-20 02:51:19,121.559600,31.195100,  0,  0,0
87613,2007-02-20 02:52:21,121.559600,31.195100,  0,  0,0
87613,2007-02-20 02:53:22,121.559600,31.195100,  0,  0,0
87613,2007-02-20 02:55:24,121.559600,31.195100,  0,  0,0
87613,2007-02-20 02:56:24,121.559600,31.195100,  0,  0,0
87613,2007-02-20 02:57:26,121.559600,31.195100,  0,  0,0
87613,2007-02-20 02:58:27,121.559600,31.195100,  0,  0,0
87613,2007-02-20 03:00:29,121.559600,31.195100,  0,  0,0
87613,2007-02-20 03:01:29,121.559600,31.195100,  0,  0,0
87613,2007-02-20 03:02:31,121.559600,31.195100,  0,  0,0
87613,2007-02-20 03:03:32,121.559600,31.195100,  0,  0,0
87613,2007-02-20 03:04:33,121.559600,31.195100,  0,  0,0
87613,2007-02-20 03:05:34,121.559600,31.195100,  0,  0,0
87613,2007-02-20 03:08:37,121.559600,31.195100,  0,  0,0
87613,2007-02-20 03:09:38,121.559600,31.195100,  0,  0,0
87613,2007-02-20 03:10:38,121.559600,31.195100,  0,  0,0
87613,2007-02-20 03:11:38,121.559600,31.195100,  0,  0,0
87613,2007-02-20 03:12:40,121.559600,31.195100,  0,  0,0
87613,2007-02-20 03:13:41,121.559600,31.195100,  0,  0,0
87613,2007-02-20 03:14:42,121.559600,31.195100,  0,  0,0
87613,2007-02-20 03:15:43,121.559600,31.195100,  0,  0,0
87613,2007-02-20 03:16:43,121.559600,31.195100,  0,  0,0
87613,2007-02-20 03:17:45,121.559600,31.195100,  0,  0,0
87613,2007-02-20 03:18:46,121.559600,31.195100,  0,  0,0
87613,2007-02-20 03:19:47,121.559600,31.195100,  0,  0,0
87613,2007-02-20 03:20:48,121.559600,31.195100,  0,  0,0
87613,2007-02-20 03:21:48,121.559600,31.195100,  0,  0,0
87613,2007-02-20 03:22:50,121.559600,31.195100,  0,  0,0
87613,2007-02-20 03:23:51,121.559600,31.195100,  0,  0,0
87613,2007-02-20 03:24:52,121.559600,31.195100,  0,  0,0
87613,2007-02-20 03:25:53,121.559600,31.195100,  0,  0,0
87613,2007-02-20 03:26:53,121.559600,31.195100,  0,  0,0
87613,2007-02-20 03:27:55,121.559600,31.195100,  0,  0,0
87613,2007-02-20 03:28:56,121.559600,31.195100,  0,  0,0
87613,2007-02-20 03:29:57,121.559600,31.195100,  0,  0,0
87613,2007-02-20 03:30:58,121.559600,31.195100,  0,  0,0
87613,2007-02-20 03:31:58,121.559600,31.195100,  0,  0,0
87613,2007-02-20 03:33:00,121.559600,31.195100,  0,  0,0
87613,2007-02-20 03:34:01,121.559600,31.195100,  0,  0,0
87613,2007-02-20 03:35:02,121.559600,31.195100,  0,  0,0
87613,2007-02-20 03:36:03,121.559600,31.195100,  0,  0,0
87613,2007-02-20 03:37:03,121.559600,31.195100,  0,  0,0
87613,2007-02-20 03:38:05,121.559600,31.195100,  0,  0,0
87613,2007-02-20 03:39:06,121.559600,31.195100,  0,  0,0
87613,2007-02-20 03:40:07,121.559600,31.195100,  0,  0,0
87613,2007-02-20 03:41:08,121.559600,31.195100,  0,  0,0
87613,2007-02-20 03:42:08,121.559600,31.195100,  0,  0,0
87613,2007-02-20 03:43:10,121.559600,31.195100,  0,  0,0
87613,2007-02-20 03:45:12,121.559600,31.195100,  0,  0,0
87613,2007-02-20 03:46:13,121.559600,31.195100,  0,  0,0
87613,2007-02-20 03:47:13,121.559600,31.195100,  0,  0,0
87613,2007-02-20 03:48:15,121.559600,31.195100,  0,  0,0
87613,2007-02-20 03:49:16,121.559600,31.195100,  0,  0,0
87613,2007-02-20 03:50:17,121.559600,31.195100,  0,  0,0
87613,2007-02-20 03:51:18,121.559600,31.195100,  0,  0,0
87613,2007-02-20 03:52:18,121.559600,31.195100,  0,  0,0
87613,2007-02-20 03:53:20,121.559600,31.195100,  0,  0,0
87613,2007-02-20 03:54:21,121.559600,31.195100,  0,  0,0
87613,2007-02-20 03:55:22,121.559600,31.195100,  0,  0,0
87613,2007-02-20 03:56:23,121.559600,31.195100,  0,  0,0
87613,2007-02-20 03:57:23,121.559600,31.195100,  0,  0,0
87613,2007-02-20 03:58:25,121.559600,31.195100,  0,  0,0
87613,2007-02-20 03:59:26,121.559600,31.195100,  0,  0,0
87613,2007-02-20 04:01:28,121.559600,31.195100,  0,  0,0
87613,2007-02-20 04:02:28,121.559600,31.195100,  0,  0,0
87613,2007-02-20 04:03:30,121.559600,31.195100,  0,  0,0
87613,2007-02-20 04:04:31,121.559600,31.195100,  0,  0,0
87613,2007-02-20 04:05:32,121.559600,31.195100,  0,  0,0
87613,2007-02-20 04:06:33,121.559600,31.195100,  0,  0,0
87613,2007-02-20 04:08:35,121.559600,31.195100,  0,  0,0
87613,2007-02-20 04:09:36,121.559600,31.195100,  0,  0,0
87613,2007-02-20 04:10:37,121.559600,31.195100,  0,  0,0
87613,2007-02-20 04:11:38,121.559600,31.195100,  0,  0,0
87613,2007-02-20 04:12:38,121.559600,31.195100,  0,  0,0
87613,2007-02-20 04:13:40,121.559600,31.195100,  0,  0,0
87613,2007-02-20 04:14:41,121.559600,31.195100,  0,  0,0
87613,2007-02-20 04:15:42,121.559600,31.195100,  0,  0,0
87613,2007-02-20 04:16:43,121.559600,31.195100,  0,  0,0
87613,2007-02-20 04:17:43,121.559600,31.195100,  0,  0,0
87613,2007-02-20 04:18:45,121.559600,31.195100,  0,  0,0
87613,2007-02-20 04:19:46,121.559600,31.195100,  0,  0,0
87613,2007-02-20 04:20:47,121.559600,31.195100,  0,  0,0
87613,2007-02-20 04:21:48,121.559600,31.195100,  0,  0,0
87613,2007-02-20 04:22:48,121.559600,31.195100,  0,  0,0
87613,2007-02-20 04:24:51,121.559600,31.195100,  0,  0,0
87613,2007-02-20 04:25:52,121.559600,31.195100,  0,  0,0
87613,2007-02-20 04:26:53,121.559600,31.195100,  0,  0,0
87613,2007-02-20 04:30:57,121.559600,31.195100,  0,  0,0
87613,2007-02-20 04:31:58,121.559600,31.195100,  0,  0,0
87613,2007-02-20 04:32:58,121.559600,31.195100,  0,  0,0
87613,2007-02-20 04:34:00,121.559600,31.195100,  0,  0,0
87613,2007-02-20 04:35:01,121.559600,31.195100,  0,  0,0
87613,2007-02-20 04:36:02,121.559600,31.195100,  0,  0,0
87613,2007-02-20 04:37:03,121.559600,31.195100,  0,  0,0
87613,2007-02-20 04:38:04,121.559600,31.195100,  0,  0,0
87613,2007-02-20 04:39:05,121.559600,31.195100,  0,  0,0
87613,2007-02-20 04:40:06,121.559600,31.195100,  0,  0,0
87613,2007-02-20 04:41:07,121.559600,31.195100,  0,  0,0
87613,2007-02-20 04:42:08,121.559600,31.195100,  0,  0,0
87613,2007-02-20 04:43:08,121.559600,31.195100,  0,  0,0
87613,2007-02-20 04:44:10,121.559600,31.195100,  0,  0,0
87613,2007-02-20 04:45:11,121.559600,31.195100,  0,  0,0
87613,2007-02-20 04:47:13,121.559600,31.195100,  0,  0,0
87613,2007-02-20 04:48:13,121.559600,31.195100,  0,  0,0
87613,2007-02-20 04:49:15,121.559600,31.195100,  0,  0,0
87613,2007-02-20 04:51:17,121.559600,31.195100,  0,  0,0
87613,2007-02-20 04:52:18,121.559600,31.195100,  0,  0,0
87613,2007-02-20 04:53:18,121.559600,31.195100,  0,  0,0
87613,2007-02-20 04:54:20,121.559600,31.195100,  0,  0,0
87613,2007-02-20 04:55:21,121.559600,31.195100,  0,  0,0
87613,2007-02-20 04:56:22,121.559600,31.195100,  0,  0,0
87613,2007-02-20 04:58:24,121.559600,31.195100,  0,  0,0
87613,2007-02-20 04:59:25,121.559600,31.195100,  0,  0,0
87613,2007-02-20 05:00:26,121.559600,31.195100,  0,  0,0
87613,2007-02-20 05:01:27,121.559600,31.195100,  0,  0,0
87613,2007-02-20 05:02:28,121.559600,31.195100,  0,  0,0
87613,2007-02-20 05:03:29,121.559600,31.195100,  0,  0,0
87613,2007-02-20 05:04:30,121.559600,31.195100,  0,  0,0
87613,2007-02-20 05:05:31,121.559600,31.195100,  0,  0,0
87613,2007-02-20 05:06:32,121.559600,31.195100,  0,  0,0
87613,2007-02-20 05:07:33,121.559600,31.195100,  0,  0,0
87613,2007-02-20 05:08:34,121.559600,31.195100,  0,  0,0
87613,2007-02-20 05:09:35,121.559600,31.195100,  0,  0,0
87613,2007-02-20 05:10:36,121.559600,31.195100,  0,  0,0
87613,2007-02-20 05:11:37,121.559600,31.195100,  0,  0,0
87613,2007-02-20 05:12:38,121.559600,31.195100,  0,  0,0
87613,2007-02-20 05:13:39,121.559600,31.195100,  0,  0,0
87613,2007-02-20 05:14:40,121.559600,31.195100,  0,  0,0
87613,2007-02-20 05:15:41,121.559600,31.195100,  0,  0,0
87613,2007-02-20 05:16:42,121.559600,31.195100,  0,  0,0
87613,2007-02-20 05:17:43,121.559600,31.195100,  0,  0,0
87613,2007-02-20 05:18:44,121.559600,31.195100,  0,  0,0
87613,2007-02-20 05:19:45,121.559600,31.195100,  0,  0,0
87613,2007-02-20 05:20:46,121.559600,31.195100,  0,  0,0
87613,2007-02-20 05:21:47,121.559600,31.195100,  0,  0,0
87613,2007-02-20 05:22:48,121.559600,31.195100,  0,  0,0
87613,2007-02-20 05:23:49,121.559600,31.195100,  0,  0,0
87613,2007-02-20 05:24:50,121.559600,31.195100,  0,  0,0
87613,2007-02-20 05:25:51,121.559600,31.195100,  0,  0,0
87613,2007-02-20 05:26:52,121.559600,31.195100,  0,  0,0
87613,2007-02-20 05:28:54,121.559600,31.195100,  0,  0,0
87613,2007-02-20 05:29:55,121.559600,31.195100,  0,  0,0
87613,2007-02-20 05:30:56,121.559600,31.195100,  0,  0,0
87613,2007-02-20 05:31:57,121.559600,31.195100,  0,  0,0
87613,2007-02-20 05:32:58,121.559600,31.195100,  0,  0,0
87613,2007-02-20 05:33:59,121.559600,31.195100,  0,  0,0
87613,2007-02-20 05:35:00,121.559600,31.195100,  0,  0,0
87613,2007-02-20 05:36:01,121.559600,31.195100,  0,  0,0
87613,2007-02-20 05:37:02,121.559600,31.195100,  0,  0,0
87613,2007-02-20 05:38:03,121.559600,31.195100,  0,  0,0
87613,2007-02-20 05:39:04,121.559600,31.195100,  0,  0,0
87613,2007-02-20 05:40:05,121.559600,31.195100,  0,  0,0
87613,2007-02-20 05:41:06,121.559600,31.195100,  0,  0,0
87613,2007-02-20 05:42:07,121.559600,31.195100,  0,  0,0
87613,2007-02-20 05:43:08,121.559600,31.195100,  0,  0,0
87613,2007-02-20 05:45:10,121.559600,31.195100,  0,  0,0
87613,2007-02-20 05:46:11,121.559600,31.195100,  0,  0,0
87613,2007-02-20 05:47:12,121.559600,31.195100,  0,  0,0
87613,2007-02-20 05:50:15,121.559600,31.195100,  0,  0,0
87613,2007-02-20 05:54:19,121.559600,31.195100,  0,  0,0
87613,2007-02-20 05:55:20,121.559600,31.195100,  0,  0,0
87613,2007-02-20 05:56:21,121.559600,31.195100,  0,  0,0
87613,2007-02-20 05:58:23,121.559600,31.195100,  0,  0,0
87613,2007-02-20 05:59:24,121.559600,31.195100,  0,  0,0
87613,2007-02-20 06:00:25,121.559600,31.195100,  0,  0,0
87613,2007-02-20 06:01:26,121.559600,31.195100,  0,  0,0
87613,2007-02-20 06:02:27,121.559600,31.195100,  0,  0,0
87613,2007-02-20 06:03:28,121.559600,31.195100,  0,  0,0
87613,2007-02-20 06:04:29,121.559600,31.195100,  0,  0,0
87613,2007-02-20 06:05:30,121.559600,31.195100,  0,  0,0
87613,2007-02-20 06:06:31,121.559600,31.195100,  0,  0,0
87613,2007-02-20 06:07:32,121.559600,31.195100,  0,  0,0
87613,2007-02-20 06:08:33,121.559600,31.195100,  0,  0,0
87613,2007-02-20 06:09:34,121.559600,31.195100,  0,  0,0
87613,2007-02-20 06:10:35,121.559600,31.195100,  0,  0,0
87613,2007-02-20 06:12:37,121.559600,31.195100,  0,  0,0
87613,2007-02-20 06:13:38,121.559600,31.195100,  0,  0,0
87613,2007-02-20 06:14:39,121.559600,31.195100,  0,  0,0
87613,2007-02-20 06:15:40,121.559600,31.195100,  0,  0,0
87613,2007-02-20 06:16:41,121.559600,31.195100,  0,  0,0
87613,2007-02-20 06:17:42,121.559600,31.195100,  0,  0,0
87613,2007-02-20 06:18:43,121.559600,31.195100,  0,  0,0
87613,2007-02-20 06:19:44,121.559600,31.195100,  0,  0,0
87613,2007-02-20 06:20:45,121.559600,31.195100,  0,  0,0
87613,2007-02-20 06:22:47,121.559600,31.195100,  0,  0,0
87613,2007-02-20 06:24:49,121.559600,31.195100,  0,  0,0
87613,2007-02-20 06:25:50,121.559600,31.195100,  0,  0,0
87613,2007-02-20 06:26:51,121.559600,31.195100,  0,  0,0
87613,2007-02-20 06:27:52,121.559600,31.195100,  0,  0,0
87613,2007-02-20 06:28:53,121.559600,31.195100,  0,  0,0
87613,2007-02-20 06:29:54,121.559600,31.195100,  0,  0,0
87613,2007-02-20 06:30:55,121.559600,31.195100,  0,  0,0
87613,2007-02-20 06:31:56,121.559600,31.195100,  0,  0,0
87613,2007-02-20 06:32:57,121.559600,31.195100,  0,  0,0
87613,2007-02-20 06:33:58,121.559600,31.195100,  0,  0,0
87613,2007-02-20 06:34:59,121.559600,31.195100,  0,  0,0
87613,2007-02-20 06:36:00,121.559600,31.195100,  0,  0,0
87613,2007-02-20 06:37:01,121.559600,31.195100,  0,  0,0
87613,2007-02-20 06:38:02,121.559600,31.195100,  0,  0,0
87613,2007-02-20 06:39:03,121.559600,31.195100,  0,  0,0
87613,2007-02-20 06:40:04,121.559600,31.195100,  0,  0,0
87613,2007-02-20 06:41:05,121.559600,31.195100,  0,  0,0
87613,2007-02-20 06:42:06,121.559600,31.195100,  0,  0,0
87613,2007-02-20 06:43:07,121.559600,31.195100,  0,  0,0
87613,2007-02-20 06:44:08,121.559600,31.195100,  0,  0,0
87613,2007-02-20 06:45:09,121.559600,31.195100,  0,  0,0
87613,2007-02-20 06:46:10,121.559600,31.195100,  0,  0,0
87613,2007-02-20 06:47:11,121.559600,31.195100,  0,  0,0
87613,2007-02-20 06:48:12,121.559600,31.195100,  0,  0,0
87613,2007-02-20 06:49:13,121.559600,31.195100,  0,  0,0
87613,2007-02-20 06:50:14,121.559600,31.195100,  0,  0,0
87613,2007-02-20 06:51:15,121.559600,31.195100,  0,  0,0
87613,2007-02-20 06:52:16,121.559600,31.195100,  0,  0,0
87613,2007-02-20 06:53:17,121.559600,31.195100,  0,  0,0
87613,2007-02-20 06:54:18,121.559600,31.195100,  0,  0,0
87613,2007-02-20 06:55:19,121.559600,31.195100,  0,  0,0
87613,2007-02-20 06:56:20,121.559600,31.195100,  0,  0,0
87613,2007-02-20 06:57:21,121.559600,31.195100,  0,  0,0
87613,2007-02-20 06:58:22,121.559600,31.195100,  0,  0,0
87613,2007-02-20 06:59:23,121.559600,31.195100,  0,  0,0
87613,2007-02-20 07:00:24,121.559600,31.195100,  0,  0,0
87613,2007-02-20 07:01:25,121.559600,31.195100,  0,  0,0
87613,2007-02-20 07:02:26,121.559600,31.195100,  0,  0,0
87613,2007-02-20 07:03:27,121.559500,31.195300,  0,  0,0
87613,2007-02-20 07:04:28,121.559500,31.195300,  0,  0,0
87613,2007-02-20 07:05:29,121.559500,31.195300,  0,  0,0
87613,2007-02-20 07:06:30,121.559500,31.195300,  0,  0,0
87613,2007-02-20 07:07:31,121.559500,31.195300,  0,  0,0
87613,2007-02-20 07:08:32,121.559500,31.195300,  0,  0,0
87613,2007-02-20 07:09:33,121.559500,31.195300,  0,  0,0
87613,2007-02-20 07:10:34,121.559500,31.195300,  0,  0,0
87613,2007-02-20 07:12:36,121.559500,31.195300,  0,  0,0
87613,2007-02-20 07:13:37,121.559500,31.195300,  0,  0,0
87613,2007-02-20 07:14:38,121.559500,31.195300,  0,  0,0
87613,2007-02-20 07:15:39,121.559500,31.195300,  0,  0,0
87613,2007-02-20 07:16:40,121.559500,31.195300,  0,  0,0
87613,2007-02-20 07:17:41,121.559500,31.195300,  0,  0,0
87613,2007-02-20 07:18:42,121.559500,31.195300,  0,  0,0
87613,2007-02-20 07:19:43,121.559500,31.195300,  0,  0,0
87613,2007-02-20 07:21:45,121.559500,31.195300,  0,  0,0
87613,2007-02-20 07:22:46,121.559500,31.195300,  0,  0,0
87613,2007-02-20 07:23:47,121.559500,31.195300,  0,  0,0
87613,2007-02-20 07:24:48,121.559500,31.195300,  0,  0,0
87613,2007-02-20 07:25:49,121.559500,31.195300,  0,  0,0
87613,2007-02-20 07:26:50,121.559500,31.195300,  0,  0,0
87613,2007-02-20 07:27:51,121.559500,31.195300,  0,  0,0
87613,2007-02-20 07:28:52,121.559500,31.195300,  0,  0,0
87613,2007-02-20 07:30:54,121.559500,31.195300,  0,  0,0
87613,2007-02-20 07:31:55,121.559500,31.195300,  0,  0,0
87613,2007-02-20 07:32:56,121.559500,31.195300,  0,  0,0
87613,2007-02-20 07:33:57,121.559500,31.195300,  0,  0,0
87613,2007-02-20 07:34:58,121.559500,31.195300,  0,  0,0
87613,2007-02-20 07:35:59,121.559500,31.195300,  0,  0,0
87613,2007-02-20 07:37:00,121.559500,31.195300,  0,  0,0
87613,2007-02-20 07:38:01,121.559500,31.195300,  0,  0,0
87613,2007-02-20 07:39:02,121.559500,31.195300,  0,  0,0
87613,2007-02-20 07:40:02,121.559500,31.195300,  0,  0,0
87613,2007-02-20 07:41:03,121.559500,31.195300,  0,  0,0
87613,2007-02-20 07:42:04,121.559500,31.195300,  0,  0,0
87613,2007-02-20 07:43:05,121.559500,31.195300,  0,  0,0
87613,2007-02-20 07:44:06,121.559500,31.195300,  0,  0,0
87613,2007-02-20 07:45:07,121.559500,31.195300,  0,  0,0
87613,2007-02-20 07:46:08,121.559500,31.195300,  0,  0,0
87613,2007-02-20 07:47:09,121.559500,31.195300,  0,  0,0
87613,2007-02-20 07:48:11,121.559500,31.195300,  0,  0,0
87613,2007-02-20 07:49:12,121.559500,31.195300,  0,  0,0
87613,2007-02-20 07:50:12,121.559500,31.195300,  0,  0,0
87613,2007-02-20 07:51:14,121.559500,31.195300,  0,  0,0
87613,2007-02-20 07:52:15,121.559500,31.195300,  0,  0,0
87613,2007-02-20 07:53:16,121.559500,31.195300,  0,  0,0
87613,2007-02-20 07:54:17,121.559500,31.195300,  0,  0,0
87613,2007-02-20 07:55:17,121.559500,31.195300,  0,  0,0
87613,2007-02-20 07:56:19,121.559500,31.195300,  0,  0,0
87613,2007-02-20 07:57:20,121.559500,31.195300,  0,  0,0
87613,2007-02-20 07:58:21,121.559500,31.195300,  0,  0,0
87613,2007-02-20 07:59:22,121.559500,31.195300,  0,  0,0
87613,2007-02-20 08:00:22,121.559500,31.195300,  0,  0,0
87613,2007-02-20 08:01:24,121.559500,31.195300,  0,  0,0
87613,2007-02-20 08:02:25,121.559500,31.195300,  0,  0,0
87613,2007-02-20 08:03:26,121.559500,31.195300,  0,  0,0
87613,2007-02-20 08:05:27,121.559500,31.195300,  0,  0,0
87613,2007-02-20 08:06:29,121.559500,31.195300,  0,  0,0
87613,2007-02-20 08:07:30,121.559500,31.195300,  0,  0,0
87613,2007-02-20 08:08:31,121.559500,31.195300,  0,  0,0
87613,2007-02-20 08:09:32,121.559500,31.195300,  0,  0,0
87613,2007-02-20 08:10:32,121.559500,31.195300,  0,  0,0
87613,2007-02-20 08:11:34,121.559500,31.195300,  0,  0,0
87613,2007-02-20 08:12:35,121.559500,31.195300,  0,  0,0
87613,2007-02-20 08:13:36,121.559500,31.195300,  0,  0,0
87613,2007-02-20 08:14:37,121.559500,31.195300,  0,  0,0
87613,2007-02-20 08:15:37,121.559500,31.195300,  0,  0,0
87613,2007-02-20 08:16:39,121.559500,31.195300,  0,  0,0
87613,2007-02-20 08:18:41,121.559500,31.195300,  0,  0,0
87613,2007-02-20 08:19:42,121.559500,31.195300,  0,  0,0
87613,2007-02-20 08:20:42,121.559500,31.195300,  0,  0,0
87613,2007-02-20 08:21:44,121.559500,31.195300,  0,  0,0
87613,2007-02-20 08:22:45,121.559500,31.195300,  0,  0,0
87613,2007-02-20 08:23:46,121.559500,31.195300,  0,  0,0
87613,2007-02-20 08:24:47,121.559500,31.195300,  0,  0,0
87613,2007-02-20 08:25:47,121.559500,31.195300,  0,  0,0
87613,2007-02-20 08:26:49,121.559500,31.195300,  0,  0,0
87613,2007-02-20 08:27:50,121.559500,31.195300,  0,  0,0
87613,2007-02-20 08:28:51,121.559500,31.195300,  0,  0,0
87613,2007-02-20 08:31:54,121.559500,31.195300,  0,  0,0
87613,2007-02-20 08:32:55,121.559500,31.195300,  0,  0,0
87613,2007-02-20 08:33:56,121.559500,31.195300,  0,  0,0
87613,2007-02-20 08:34:57,121.559500,31.195300,  0,  0,0
87613,2007-02-20 08:35:57,121.559500,31.195300,  0,  0,0
87613,2007-02-20 08:36:59,121.559500,31.195300,  0,  0,0
87613,2007-02-20 08:38:00,121.559500,31.195300,  0,  0,0
87613,2007-02-20 08:39:01,121.559500,31.195300,  0,  0,0
87613,2007-02-20 08:40:02,121.559500,31.195300,  0,  0,0
87613,2007-02-20 08:41:02,121.559500,31.195300,  0,  0,0
87613,2007-02-20 08:42:04,121.559500,31.195300,  0,  0,0
87613,2007-02-20 08:43:05,121.559500,31.195300,  0,  0,0
87613,2007-02-20 08:45:07,121.559500,31.195300,  0,  0,0
87613,2007-02-20 08:46:07,121.559500,31.195300,  0,  0,0
87613,2007-02-20 08:47:09,121.559500,31.195300,  0,  0,0
87613,2007-02-20 08:48:10,121.559500,31.195300,  0,  0,0
87613,2007-02-20 08:49:11,121.559500,31.195300,  0,  0,0
87613,2007-02-20 08:50:12,121.559500,31.195300,  0,  0,0
87613,2007-02-20 08:51:12,121.559500,31.195300,  0,  0,0
87613,2007-02-20 08:52:14,121.559500,31.195300,  0,  0,0
87613,2007-02-20 08:53:15,121.559500,31.195300,  0,  0,0
87613,2007-02-20 08:54:16,121.559500,31.195300,  0,  0,0
87613,2007-02-20 08:55:17,121.559500,31.195300,  0,  0,0
87613,2007-02-20 08:56:17,121.559500,31.195300,  0,  0,0
87613,2007-02-20 08:57:19,121.559500,31.195300,  0,  0,0
87613,2007-02-20 08:58:20,121.559500,31.195300,  0,  0,0
87613,2007-02-20 08:59:21,121.559500,31.195300,  0,  0,0
87613,2007-02-20 09:00:22,121.559500,31.195300,  0,  0,0
87613,2007-02-20 09:01:22,121.559500,31.195300,  0,  0,0
87613,2007-02-20 09:02:24,121.559500,31.195300,  0,  0,0
87613,2007-02-20 09:03:25,121.559500,31.195300,  0,  0,0
87613,2007-02-20 09:04:26,121.559500,31.195300,  0,  0,0
87613,2007-02-20 09:05:27,121.559500,31.195300,  0,  0,0
87613,2007-02-20 09:06:27,121.559500,31.195300,  0,  0,0
87613,2007-02-20 09:07:29,121.559500,31.195300,  0,  0,0
87613,2007-02-20 09:08:30,121.559500,31.195300,  0,  0,0
87613,2007-02-20 09:09:31,121.559500,31.195300,  0,  0,0
87613,2007-02-20 09:10:32,121.559500,31.195300,  0,  0,0
87613,2007-02-20 09:11:32,121.559500,31.195300,  0,  0,0
87613,2007-02-20 09:12:34,121.559500,31.195300,  0,  0,0
87613,2007-02-20 09:13:35,121.559500,31.195300,  0,  0,0
87613,2007-02-20 09:14:36,121.559500,31.195300,  0,  0,0
87613,2007-02-20 09:16:37,121.559500,31.195300,  0,  0,0
87613,2007-02-20 09:18:40,121.559500,31.195300,  0,  0,0
87613,2007-02-20 09:19:41,121.559500,31.195300,  0,  0,0
87613,2007-02-20 09:20:42,121.559500,31.195300,  0,  0,0
87613,2007-02-20 09:21:42,121.559500,31.195300,  0,  0,0
87613,2007-02-20 09:22:44,121.559500,31.195300,  0,  0,0
87613,2007-02-20 09:23:45,121.559500,31.195300,  0,  0,0
87613,2007-02-20 09:24:46,121.559500,31.195300,  0,  0,0
87613,2007-02-20 09:25:47,121.559500,31.195300,  0,  0,0
87613,2007-02-20 09:26:47,121.559500,31.195300,  0,  0,0
87613,2007-02-20 09:27:49,121.559500,31.195300,  0,  0,0
87613,2007-02-20 09:29:51,121.559500,31.195300,  0,  0,0
87613,2007-02-20 09:30:52,121.559500,31.195300,  0,  0,0
87613,2007-02-20 09:31:52,121.559500,31.195300,  0,  0,0
87613,2007-02-20 09:32:54,121.559500,31.195300,  0,  0,0
87613,2007-02-20 09:33:55,121.559500,31.195300,  0,  0,0
87613,2007-02-20 09:34:56,121.559500,31.195300,  0,  0,0
87613,2007-02-20 09:35:57,121.559500,31.195300,  0,  0,0
87613,2007-02-20 09:36:57,121.559500,31.195300,  0,  0,0
87613,2007-02-20 09:37:59,121.559500,31.195300,  0,  0,0
87613,2007-02-20 09:39:00,121.559500,31.195300,  0,  0,0
87613,2007-02-20 09:40:01,121.559500,31.195300,  0,  0,0
87613,2007-02-20 09:41:02,121.559500,31.195300,  0,  0,0
87613,2007-02-20 09:42:02,121.559500,31.195300,  0,  0,0
87613,2007-02-20 09:43:04,121.559500,31.195300,  0,  0,0
87613,2007-02-20 09:45:06,121.559500,31.195300,  0,  0,0
87613,2007-02-20 09:46:07,121.559500,31.195300,  0,  0,0
87613,2007-02-20 09:48:09,121.559500,31.195300,  0,  0,0
87613,2007-02-20 09:49:10,121.559500,31.195300,  0,  0,0
87613,2007-02-20 09:50:11,121.559500,31.195300,  0,  0,0
87613,2007-02-20 09:51:12,121.559500,31.195300,  0,  0,0
87613,2007-02-20 09:52:32,121.559500,31.195300,  0,  0,0
87613,2007-02-20 09:53:33,121.559500,31.195300,  0,  0,0
87613,2007-02-20 09:55:35,121.559500,31.195300,  0,  0,0
87613,2007-02-20 09:56:36,121.559500,31.195300,  0,  0,0
87613,2007-02-20 09:58:38,121.559500,31.195300,  0,  0,0
87613,2007-02-20 10:00:40,121.559500,31.195300,  0,  0,0
87613,2007-02-20 10:01:41,121.559500,31.195300,  0,  0,0
87613,2007-02-20 10:02:42,121.559500,31.195300,  0,  0,0
87613,2007-02-20 10:03:43,121.559500,31.195300,  0,  0,0
87613,2007-02-20 10:04:44,121.559500,31.195300,  0,  0,0
87613,2007-02-20 10:05:45,121.559500,31.195300,  0,  0,0
87613,2007-02-20 10:06:46,121.559500,31.195300,  0,  0,0
87613,2007-02-20 10:07:47,121.559500,31.195300,  0,  0,0
87613,2007-02-20 10:08:48,121.559500,31.195300,  0,  0,0
87613,2007-02-20 10:09:49,121.559500,31.195300,  0,  0,0
87613,2007-02-20 10:10:50,121.559500,31.195300,  0,  0,0
87613,2007-02-20 10:11:51,121.559500,31.195300,  0,  0,0
87613,2007-02-20 10:12:52,121.559500,31.195300,  0,  0,0
87613,2007-02-20 10:13:53,121.559500,31.195300,  0,  0,0
87613,2007-02-20 10:14:54,121.559500,31.195300,  0,  0,0
87613,2007-02-20 10:15:55,121.559500,31.195300,  0,  0,0
87613,2007-02-20 10:16:56,121.559500,31.195300,  0,  0,0
87613,2007-02-20 10:17:57,121.559500,31.195300,  0,  0,0
87613,2007-02-20 10:18:58,121.559500,31.195300,  0,  0,0
87613,2007-02-20 10:19:59,121.559500,31.195300,  0,  0,0
87613,2007-02-20 10:21:00,121.559500,31.195300,  0,  0,0
87613,2007-02-20 10:22:01,121.559500,31.195300,  0,  0,0
87613,2007-02-20 10:23:02,121.559500,31.195300,  0,  0,0
87613,2007-02-20 10:25:04,121.559500,31.195300,  0,  0,0
87613,2007-02-20 10:26:05,121.559500,31.195300,  0,  0,0
87613,2007-02-20 10:27:06,121.559500,31.195300,  0,  0,0
87613,2007-02-20 10:29:08,121.559500,31.195300,  0,  0,0
87613,2007-02-20 10:30:09,121.559500,31.195300,  0,  0,0
87613,2007-02-20 10:31:10,121.559500,31.195300,  0,  0,0
87613,2007-02-20 10:32:11,121.559500,31.195300,  0,  0,0
87613,2007-02-20 10:33:12,121.559500,31.195300,  0,  0,0
87613,2007-02-20 10:34:13,121.559500,31.195300,  0,  0,0
87613,2007-02-20 10:35:14,121.559500,31.195300,  0,  0,0
87613,2007-02-20 10:36:15,121.559500,31.195300,  0,  0,0
87613,2007-02-20 10:37:16,121.559500,31.195300,  0,  0,0
87613,2007-02-20 10:38:17,121.559500,31.195300,  0,  0,0
87613,2007-02-20 10:39:18,121.559500,31.195300,  0,  0,0
87613,2007-02-20 10:40:19,121.559500,31.195300,  0,  0,0
87613,2007-02-20 10:41:20,121.559500,31.195300,  0,  0,0
87613,2007-02-20 10:42:21,121.559500,31.195300,  0,  0,0
87613,2007-02-20 10:43:22,121.559500,31.195300,  0,  0,0
87613,2007-02-20 10:44:23,121.559500,31.195300,  0,  0,0
87613,2007-02-20 10:45:24,121.559500,31.195300,  0,  0,0
87613,2007-02-20 10:46:25,121.559500,31.195300,  0,  0,0
87613,2007-02-20 10:47:26,121.559500,31.195300,  0,  0,0
87613,2007-02-20 10:48:27,121.559500,31.195300,  0,  0,0
87613,2007-02-20 10:49:28,121.559500,31.195300,  0,  0,0
87613,2007-02-20 10:51:30,121.559500,31.195100,  0,  0,0
87613,2007-02-20 10:52:31,121.559500,31.195100,  0,  0,0
87613,2007-02-20 10:53:32,121.559500,31.195100,  0,  0,0
87613,2007-02-20 10:54:33,121.559500,31.195100,  0,  0,0
87613,2007-02-20 10:55:34,121.559500,31.195100,  0,  0,0
87613,2007-02-20 10:56:35,121.559500,31.195100,  0,  0,0
87613,2007-02-20 10:58:37,121.559500,31.195100,  0,  0,0
87613,2007-02-20 10:59:38,121.559500,31.195100,  0,  0,0
87613,2007-02-20 11:01:40,121.559500,31.195100,  0,  0,0
87613,2007-02-20 11:02:41,121.559500,31.195100,  0,  0,0
87613,2007-02-20 11:03:42,121.559500,31.195100,  0,  0,0
87613,2007-02-20 11:04:43,121.559500,31.195100,  0,  0,0
87613,2007-02-20 11:05:44,121.559500,31.195100,  0,  0,0
87613,2007-02-20 11:06:45,121.559500,31.195100,  0,  0,0
87613,2007-02-20 11:08:47,121.559500,31.195100,  0,  0,0
87613,2007-02-20 11:09:48,121.559500,31.195100,  0,  0,0
87613,2007-02-20 11:10:49,121.559500,31.195100,  0,  0,0
87613,2007-02-20 11:11:50,121.559500,31.195100,  0,  0,0
87613,2007-02-20 11:12:51,121.559500,31.195100,  0,  0,0
87613,2007-02-20 11:13:52,121.559500,31.195100,  0,  0,0
87613,2007-02-20 11:14:53,121.559500,31.195100,  0,  0,0
87613,2007-02-20 11:15:54,121.559500,31.195100,  0,  0,0
87613,2007-02-20 11:16:55,121.559500,31.195100,  0,  0,0
87613,2007-02-20 11:17:56,121.559500,31.195100,  0,  0,0
87613,2007-02-20 11:18:57,121.559500,31.195100,  0,  0,0
87613,2007-02-20 11:19:58,121.559500,31.195100,  0,  0,0
87613,2007-02-20 11:20:59,121.559500,31.195100,  0,  0,0
87613,2007-02-20 11:22:00,121.559500,31.195100,  0,  0,0
87613,2007-02-20 11:24:02,121.559500,31.195100,  0,  0,0
87613,2007-02-20 11:26:04,121.559500,31.195100,  0,  0,0
87613,2007-02-20 11:27:05,121.559500,31.195100,  0,  0,0
87613,2007-02-20 11:28:06,121.559500,31.195100,  0,  0,0
87613,2007-02-20 11:29:07,121.559500,31.195100,  0,  0,0
87613,2007-02-20 11:31:09,121.559500,31.195100,  0,  0,0
87613,2007-02-20 11:32:10,121.559500,31.195100,  0,  0,0
87613,2007-02-20 11:33:11,121.559500,31.195100,  0,  0,0
87613,2007-02-20 11:34:12,121.559500,31.195100,  0,  0,0
87613,2007-02-20 11:35:13,121.559500,31.195100,  0,  0,0
87613,2007-02-20 11:36:14,121.559500,31.195100,  0,  0,0
87613,2007-02-20 11:37:15,121.559500,31.195100,  0,  0,0
87613,2007-02-20 11:38:16,121.559500,31.195100,  0,  0,0
87613,2007-02-20 11:39:17,121.559500,31.195100,  0,  0,0
87613,2007-02-20 11:40:18,121.559500,31.195100,  0,  0,0
87613,2007-02-20 11:41:19,121.559500,31.195100,  0,  0,0
87613,2007-02-20 11:42:20,121.559500,31.195100,  0,  0,0
87613,2007-02-20 11:43:21,121.559500,31.195100,  0,  0,0
87613,2007-02-20 11:44:22,121.559500,31.195100,  0,  0,0
87613,2007-02-20 11:45:23,121.559500,31.195100,  0,  0,0
87613,2007-02-20 11:46:24,121.559500,31.195100,  0,  0,0
87613,2007-02-20 11:47:25,121.559500,31.195100,  0,  0,0
87613,2007-02-20 11:48:26,121.559500,31.195100,  0,  0,0
87613,2007-02-20 11:49:27,121.559500,31.195100,  0,  0,0
87613,2007-02-20 11:50:28,121.559500,31.195100,  0,  0,0
87613,2007-02-20 11:51:29,121.559500,31.195100,  0,  0,0
87613,2007-02-20 11:52:30,121.559500,31.195100,  0,  0,0
87613,2007-02-20 11:53:31,121.559500,31.195100,  0,  0,0
87613,2007-02-20 11:54:32,121.559500,31.195100,  0,  0,0
87613,2007-02-20 11:55:33,121.559500,31.195100,  0,  0,0
87613,2007-02-20 11:56:34,121.559500,31.195100,  0,  0,0
87613,2007-02-20 11:57:35,121.559500,31.195100,  0,  0,0
87613,2007-02-20 11:58:36,121.559500,31.195100,  0,  0,0
87613,2007-02-20 11:59:37,121.559500,31.195100,  0,  0,0
87613,2007-02-20 12:00:38,121.559500,31.195100,  0,  0,0
87613,2007-02-20 12:01:39,121.559500,31.195100,  0,  0,0
87613,2007-02-20 12:02:40,121.559500,31.195100,  0,  0,0
87613,2007-02-20 12:03:41,121.559500,31.195100,  0,  0,0
87613,2007-02-20 12:04:42,121.559500,31.195100,  0,  0,0
87613,2007-02-20 12:06:44,121.559500,31.195100,  0,  0,0
87613,2007-02-20 12:07:45,121.559500,31.195100,  0,  0,0
87613,2007-02-20 12:08:45,121.559500,31.195100,  0,  0,0
87613,2007-02-20 12:09:46,121.559500,31.195100,  0,  0,0
87613,2007-02-20 12:10:47,121.559500,31.195100,  0,  0,0
87613,2007-02-20 12:11:48,121.559500,31.195100,  0,  0,0
87613,2007-02-20 12:12:49,121.559500,31.195100,  0,  0,0
87613,2007-02-20 12:13:50,121.559500,31.195100,  0,  0,0
87613,2007-02-20 12:14:51,121.559500,31.195100,  0,  0,0
87613,2007-02-20 12:15:52,121.559500,31.195100,  0,  0,0
87613,2007-02-20 12:16:53,121.559500,31.195100,  0,  0,0
87613,2007-02-20 12:17:54,121.559500,31.195100,  0,  0,0
87613,2007-02-20 12:18:55,121.559500,31.195100,  0,  0,0
87613,2007-02-20 12:19:56,121.559500,31.195100,  0,  0,0
87613,2007-02-20 12:20:57,121.559500,31.195100,  0,  0,0
87613,2007-02-20 12:21:58,121.559500,31.195100,  0,  0,0
87613,2007-02-20 12:22:59,121.559500,31.195100,  0,  0,0
87613,2007-02-20 12:24:00,121.559500,31.195100,  0,  0,0
87613,2007-02-20 12:25:01,121.559500,31.195100,  0,  0,0
87613,2007-02-20 12:27:03,121.559500,31.195100,  0,  0,0
87613,2007-02-20 12:28:04,121.559500,31.195100,  0,  0,0
87613,2007-02-20 12:29:05,121.559500,31.195100,  0,  0,0
87613,2007-02-20 12:30:06,121.559500,31.195100,  0,  0,0
87613,2007-02-20 12:31:07,121.559500,31.195100,  0,  0,0
87613,2007-02-20 12:32:08,121.559500,31.195100,  0,  0,0
87613,2007-02-20 12:34:10,121.559500,31.195100,  0,  0,0
87613,2007-02-20 12:35:11,121.559500,31.195100,  0,  0,0
87613,2007-02-20 12:37:13,121.559500,31.195100,  0,  0,0
87613,2007-02-20 12:38:14,121.559500,31.195100,  0,  0,0
87613,2007-02-20 12:39:15,121.559500,31.195100,  0,  0,0
87613,2007-02-20 12:40:16,121.559500,31.195100,  0,  0,0
87613,2007-02-20 12:41:17,121.559500,31.195100,  0,  0,0
87613,2007-02-20 12:42:18,121.559500,31.195100,  0,  0,0
87613,2007-02-20 12:43:19,121.559500,31.195100,  0,  0,0
87613,2007-02-20 12:44:20,121.559500,31.195100,  0,  0,0
87613,2007-02-20 12:45:21,121.559500,31.195100,  0,  0,0
87613,2007-02-20 12:46:22,121.559500,31.195100,  0,  0,0
87613,2007-02-20 12:49:25,121.559500,31.195100,  0,  0,0
87613,2007-02-20 12:50:26,121.559500,31.195100,  0,  0,0
87613,2007-02-20 12:51:27,121.559500,31.195100,  0,  0,0
87613,2007-02-20 12:53:29,121.559500,31.195100,  0,  0,0
87613,2007-02-20 12:54:30,121.559500,31.195100,  0,  0,0
87613,2007-02-20 12:56:32,121.559500,31.195100,  0,  0,0
87613,2007-02-20 12:57:33,121.559500,31.195100,  0,  0,0
87613,2007-02-20 12:59:35,121.559500,31.195100,  0,  0,0
87613,2007-02-20 13:00:36,121.559500,31.195100,  0,  0,0
87613,2007-02-20 13:01:37,121.559500,31.195100,  0,  0,0
87613,2007-02-20 13:03:40,121.559600,31.195100,  0,  0,0
87613,2007-02-20 13:04:41,121.559600,31.195100,  0,  0,0
87613,2007-02-20 13:05:41,121.559600,31.195100,  0,  0,0
87613,2007-02-20 13:07:44,121.559600,31.195100,  0,  0,0
87613,2007-02-20 13:08:45,121.559600,31.195100,  0,  0,0
87613,2007-02-20 13:09:46,121.559600,31.195100,  0,  0,0
87613,2007-02-20 13:10:46,121.559600,31.195100,  0,  0,0
87613,2007-02-20 13:11:48,121.559600,31.195100,  0,  0,0
87613,2007-02-20 13:12:49,121.559600,31.195100,  0,  0,0
87613,2007-02-20 13:13:50,121.559600,31.195100,  0,  0,0
87613,2007-02-20 13:14:51,121.559600,31.195100,  0,  0,0
87613,2007-02-20 13:15:51,121.559600,31.195100,  0,  0,0
87613,2007-02-20 13:16:53,121.559600,31.195100,  0,  0,0
87613,2007-02-20 13:17:54,121.559600,31.195100,  0,  0,0
87613,2007-02-20 13:18:55,121.559600,31.195100,  0,  0,0
87613,2007-02-20 13:20:56,121.559600,31.195100,  0,  0,0
87613,2007-02-20 13:21:58,121.559600,31.195100,  0,  0,0
87613,2007-02-20 13:22:59,121.559600,31.195100,  0,  0,0
87613,2007-02-20 13:24:00,121.559600,31.195100,  0,  0,0
87613,2007-02-20 13:26:01,121.559600,31.195100,  0,  0,0
87613,2007-02-20 13:27:03,121.559600,31.195100,  0,  0,0
87613,2007-02-20 13:28:04,121.559600,31.195100,  0,  0,0
87613,2007-02-20 13:29:05,121.559600,31.195100,  0,  0,0
87613,2007-02-20 13:30:06,121.559600,31.195100,  0,  0,0
87613,2007-02-20 13:31:06,121.559600,31.195100,  0,  0,0
87613,2007-02-20 13:32:08,121.559600,31.195100,  0,  0,0
87613,2007-02-20 13:34:10,121.559600,31.195100,  0,  0,0
87613,2007-02-20 13:35:11,121.559600,31.195100,  0,  0,0
87613,2007-02-20 13:36:11,121.559600,31.195100,  0,  0,0
87613,2007-02-20 13:37:13,121.559600,31.195100,  0,  0,0
87613,2007-02-20 13:38:14,121.559600,31.195100,  0,  0,0
87613,2007-02-20 13:39:15,121.559600,31.195100,  0,  0,0
87613,2007-02-20 13:41:16,121.559600,31.195100,  0,  0,0
87613,2007-02-20 13:42:18,121.559600,31.195100,  0,  0,0
87613,2007-02-20 13:43:19,121.559600,31.195100,  0,  0,0
87613,2007-02-20 13:44:20,121.559600,31.195100,  0,  0,0
87613,2007-02-20 13:45:21,121.559600,31.195100,  0,  0,0
87613,2007-02-20 13:46:21,121.559600,31.195100,  0,  0,0
87613,2007-02-20 13:47:23,121.559600,31.195100,  0,  0,0
87613,2007-02-20 13:48:24,121.559600,31.195100,  0,  0,0
87613,2007-02-20 13:49:25,121.559600,31.195100,  0,  0,0
87613,2007-02-20 13:50:26,121.559600,31.195100,  0,  0,0
87613,2007-02-20 13:51:26,121.559600,31.195100,  0,  0,0
87613,2007-02-20 13:52:28,121.559600,31.195100,  0,  0,0
87613,2007-02-20 13:53:29,121.559600,31.195100,  0,  0,0
87613,2007-02-20 13:54:30,121.559600,31.195100,  0,  0,0
87613,2007-02-20 13:55:31,121.559600,31.195100,  0,  0,0
87613,2007-02-20 13:56:31,121.559600,31.195100,  0,  0,0
87613,2007-02-20 13:57:33,121.559600,31.195100,  0,  0,0
87613,2007-02-20 13:58:34,121.559600,31.195100,  0,  0,0
87613,2007-02-20 13:59:35,121.559600,31.195100,  0,  0,0
87613,2007-02-20 14:00:36,121.559600,31.195100,  0,  0,0
87613,2007-02-20 14:01:36,121.559600,31.195100,  0,  0,0
87613,2007-02-20 14:02:38,121.559600,31.195100,  0,  0,0
87613,2007-02-20 14:03:39,121.559600,31.195100,  0,  0,0
87613,2007-02-20 14:04:40,121.559600,31.195100,  0,  0,0
87613,2007-02-20 14:05:41,121.559600,31.195100,  0,  0,0
87613,2007-02-20 14:06:41,121.559600,31.195100,  0,  0,0
87613,2007-02-20 14:07:43,121.559600,31.195100,  0,  0,0
87613,2007-02-20 14:08:44,121.559600,31.195100,  0,  0,0
87613,2007-02-20 14:09:45,121.559600,31.195100,  0,  0,0
87613,2007-02-20 14:10:46,121.559600,31.195100,  0,  0,0
87613,2007-02-20 14:12:48,121.559600,31.195100,  0,  0,0
87613,2007-02-20 14:13:49,121.559600,31.195100,  0,  0,0
87613,2007-02-20 14:14:50,121.559600,31.195100,  0,  0,0
87613,2007-02-20 14:15:51,121.559600,31.195100,  0,  0,0
87613,2007-02-20 14:16:51,121.559600,31.195100,  0,  0,0
87613,2007-02-20 14:17:53,121.559600,31.195100,  0,  0,0
87613,2007-02-20 14:18:54,121.559600,31.195100,  0,  0,0
87613,2007-02-20 14:19:55,121.559600,31.195100,  0,  0,0
87613,2007-02-20 14:20:56,121.559600,31.195100,  0,  0,0
87613,2007-02-20 14:21:56,121.559600,31.195100,  0,  0,0
87613,2007-02-20 14:22:58,121.559600,31.195100,  0,  0,0
87613,2007-02-20 14:23:59,121.559600,31.195100,  0,  0,0
87613,2007-02-20 14:25:00,121.559600,31.195100,  0,  0,0
87613,2007-02-20 14:26:01,121.559600,31.195100,  0,  0,0
87613,2007-02-20 14:27:01,121.559600,31.195100,  0,  0,0
87613,2007-02-20 14:28:03,121.559600,31.195100,  0,  0,0
87613,2007-02-20 14:29:04,121.559600,31.195100,  0,  0,0
87613,2007-02-20 14:31:06,121.559600,31.195100,  0,  0,0
87613,2007-02-20 14:32:06,121.559600,31.195100,  0,  0,0
87613,2007-02-20 14:33:08,121.559600,31.195100,  0,  0,0
87613,2007-02-20 14:34:09,121.559600,31.195100,  0,  0,0
87613,2007-02-20 14:35:10,121.559600,31.195100,  0,  0,0
87613,2007-02-20 14:36:11,121.559600,31.195100,  0,  0,0
87613,2007-02-20 14:37:11,121.559600,31.195100,  0,  0,0
87613,2007-02-20 14:38:13,121.559600,31.195100,  0,  0,0
87613,2007-02-20 14:39:14,121.559600,31.195100,  0,  0,0
87613,2007-02-20 14:41:16,121.559600,31.195100,  0,  0,0
87613,2007-02-20 14:42:16,121.559600,31.195100,  0,  0,0
87613,2007-02-20 14:43:18,121.559600,31.195100,  0,  0,0
87613,2007-02-20 14:44:19,121.559600,31.195100,  0,  0,0
87613,2007-02-20 14:45:20,121.559600,31.195100,  0,  0,0
87613,2007-02-20 14:46:21,121.559600,31.195100,  0,  0,0
87613,2007-02-20 14:47:21,121.559600,31.195100,  0,  0,0
87613,2007-02-20 14:48:23,121.559600,31.195100,  0,  0,0
87613,2007-02-20 14:49:24,121.559600,31.195100,  0,  0,0
87613,2007-02-20 14:50:25,121.559600,31.195100,  0,  0,0
87613,2007-02-20 14:51:26,121.559600,31.195100,  0,  0,0
87613,2007-02-20 14:52:26,121.559600,31.195100,  0,  0,0
87613,2007-02-20 14:54:29,121.559600,31.195100,  0,  0,0
87613,2007-02-20 14:55:30,121.559600,31.195100,  0,  0,0
87613,2007-02-20 14:56:31,121.559600,31.195100,  0,  0,0
87613,2007-02-20 14:57:31,121.559600,31.195100,  0,  0,0
87613,2007-02-20 14:58:33,121.559600,31.195100,  0,  0,0
87613,2007-02-20 14:59:34,121.559600,31.195100,  0,  0,0
87613,2007-02-20 15:00:35,121.559600,31.195100,  0,  0,0
87613,2007-02-20 15:01:36,121.559600,31.195100,  0,  0,0
87613,2007-02-20 15:02:36,121.559600,31.195100,  0,  0,0
87613,2007-02-20 15:03:38,121.559600,31.195100,  0,  0,0
87613,2007-02-20 15:04:39,121.559600,31.195100,  0,  0,0
87613,2007-02-20 15:05:40,121.559600,31.195100,  0,  0,0
87613,2007-02-20 15:06:41,121.559600,31.195100,  0,  0,0
87613,2007-02-20 15:07:41,121.559600,31.195100,  0,  0,0
87613,2007-02-20 15:08:43,121.559600,31.195100,  0,  0,0
87613,2007-02-20 15:09:44,121.559600,31.195100,  0,  0,0
87613,2007-02-20 15:11:46,121.559600,31.195100,  0,  0,0
87613,2007-02-20 15:12:46,121.559600,31.195100,  0,  0,0
87613,2007-02-20 15:13:48,121.559600,31.195100,  0,  0,0
87613,2007-02-20 15:14:49,121.559600,31.195100,  0,  0,0
87613,2007-02-20 15:15:50,121.559600,31.195100,  0,  0,0
87613,2007-02-20 15:16:51,121.558600,31.194600, 32,135,0
87613,2007-02-20 15:17:16,121.557600,31.194800, 24,  0,0
87613,2007-02-20 15:17:31,121.557500,31.196100, 30,  0,0
87613,2007-02-20 15:17:48,121.557100,31.197600, 36,  0,0
87613,2007-02-20 15:18:06,121.556600,31.198300, 28,135,0
87613,2007-02-20 15:18:21,121.555300,31.198100, 22,135,0
87613,2007-02-20 15:18:39,121.554100,31.198000, 12,135,0
87613,2007-02-20 15:18:55,121.553800,31.199100, 46,  0,0
87613,2007-02-20 15:19:11,121.553000,31.201000, 54,157,0
87613,2007-02-20 15:19:26,121.552300,31.202600, 28,  0,0
87613,2007-02-20 15:20:06,121.552000,31.203600, 32,  0,0
87613,2007-02-20 15:20:21,121.551800,31.204600, 28,  0,0
87613,2007-02-20 15:21:09,121.551800,31.205600, 28,  0,0
87613,2007-02-20 15:21:25,121.551500,31.207100, 46,  0,0
87613,2007-02-20 15:21:41,121.551100,31.208800, 30,  0,0
87613,2007-02-20 15:21:56,121.552500,31.209300, 60, 45,0
87613,2007-02-20 15:22:13,121.553800,31.210100, 44,  0,0
87613,2007-02-20 15:22:29,121.553300,31.211600, 20,  0,0
87613,2007-02-20 15:22:55,121.552500,31.212000, 36,135,0
87613,2007-02-20 15:23:11,121.550000,31.211500, 50,135,0
87613,2007-02-20 15:23:26,121.548100,31.211300, 48,135,0
87613,2007-02-20 15:23:43,121.546100,31.211100, 44,135,0
87613,2007-02-20 15:23:59,121.544600,31.210800,  0,135,0
87613,2007-02-20 15:24:19,121.544500,31.210800, 26,135,1
87613,2007-02-20 15:25:19,121.541300,31.213000,  0,  0,1
87613,2007-02-20 15:26:20,121.537600,31.214300,  0,135,1
87613,2007-02-20 15:27:21,121.537300,31.214500, 34,135,1
87613,2007-02-20 15:28:21,121.530500,31.216500, 14,135,1
87613,2007-02-20 15:29:23,121.530500,31.216500,  0,135,1
87613,2007-02-20 15:30:24,121.525300,31.216500, 14,135,1
87613,2007-02-20 15:31:25,121.525000,31.218000,  0,  0,1
87613,2007-02-20 15:32:26,121.523600,31.224500, 60,  0,1
87613,2007-02-20 15:33:26,121.522300,31.227800, 16,157,1
87613,2007-02-20 15:34:28,121.518600,31.229500, 36,157,1
87613,2007-02-20 15:35:29,121.515000,31.230000, 12,135,1
87613,2007-02-20 15:36:30,121.513300,31.229500,  0,112,1
87613,2007-02-20 15:37:12,121.513300,31.229500,  0,112,0
87613,2007-02-20 15:38:05,121.513300,31.229300,  8,112,1
87613,2007-02-20 15:39:06,121.512800,31.229100,  0,112,1
87613,2007-02-20 15:40:06,121.512600,31.227000, 36, 90,1
87613,2007-02-20 15:41:08,121.514500,31.220300,  0, 90,1
87613,2007-02-20 15:42:09,121.518000,31.221000,  4, 45,1
87613,2007-02-20 15:42:55,121.519100,31.221100,  0, 22,0
87613,2007-02-20 15:43:11,121.519500,31.221300, 26, 45,0
87613,2007-02-20 15:43:26,121.520800,31.221600, 34, 45,0
87613,2007-02-20 15:43:43,121.522800,31.222100, 46, 45,0
87613,2007-02-20 15:44:10,121.523800,31.222500, 16, 45,0
87613,2007-02-20 15:44:26,121.525100,31.223000, 46, 45,0
87613,2007-02-20 15:44:41,121.527000,31.223600, 48, 22,0
87613,2007-02-20 15:44:58,121.529100,31.224300, 52, 45,0
87613,2007-02-20 15:45:14,121.530500,31.225300, 44, 22,0
87613,2007-02-20 15:45:30,121.531600,31.225500, 50, 67,0
87613,2007-02-20 15:45:46,121.533300,31.224500, 22, 67,0
87613,2007-02-20 15:46:21,121.533600,31.223600, 30, 67,0
87613,2007-02-20 15:46:38,121.535000,31.223500, 46, 67,0
87613,2007-02-20 15:46:54,121.536500,31.222600, 22, 67,0
87613,2007-02-20 15:47:49,121.536100,31.222000, 12, 22,1
87613,2007-02-20 15:48:49,121.536600,31.222800, 16, 22,1
87613,2007-02-20 15:49:50,121.534100,31.225800,  0,157,1
87613,2007-02-20 15:50:51,121.533300,31.227600,  0,157,1
87613,2007-02-20 15:51:51,121.531800,31.230500, 30, 67,1
87613,2007-02-20 15:52:53,121.532500,31.227600, 22,112,1
87613,2007-02-20 15:53:14,121.532300,31.227600,  0,135,0
87613,2007-02-20 15:53:56,121.532600,31.228000, 14,  0,0
87613,2007-02-20 15:54:13,121.532300,31.229000, 34,157,0
87613,2007-02-20 15:54:36,121.532300,31.229300, 30, 90,0
87613,2007-02-20 15:54:51,121.533000,31.228000, 16, 90,0
87613,2007-02-20 15:56:54,121.533000,31.227800, 18, 67,0
87613,2007-02-20 15:57:10,121.533500,31.226800, 30, 67,0
87613,2007-02-20 15:57:28,121.534000,31.225800, 38, 67,0
87613,2007-02-20 15:58:29,121.534300,31.225100,  0, 90,0
87613,2007-02-20 15:58:45,121.533600,31.224100, 42,112,0
87613,2007-02-20 15:59:09,121.534000,31.223500, 30, 45,0
87613,2007-02-20 15:59:25,121.535500,31.223300, 46, 67,0
87613,2007-02-20 15:59:41,121.536500,31.222500, 26,112,0
87613,2007-02-20 16:00:58,121.536500,31.222300,  0, 22,0
87613,2007-02-20 16:03:00,121.537000,31.222300,  4, 67,0
87613,2007-02-20 16:04:01,121.537100,31.222100,  0, 67,0
87613,2007-02-20 16:05:01,121.537500,31.222100,  0, 22,0
87613,2007-02-20 16:05:32,121.537600,31.222100, 10, 22,1
87613,2007-02-20 16:07:34,121.547300,31.228000,  2, 45,1
87613,2007-02-20 16:08:35,121.553500,31.229800,  0, 45,1
87613,2007-02-20 16:09:36,121.553600,31.233500, 46, 22,1
87613,2007-02-20 16:10:36,121.564300,31.238600, 76, 22,1
87613,2007-02-20 16:11:38,121.570000,31.241500,  0, 22,1
87613,2007-02-20 16:12:39,121.573600,31.242800, 30, 67,1
87613,2007-02-20 16:14:16,121.579300,31.244300,  0, 22,0
87613,2007-02-20 16:14:48,121.581500,31.245600, 26, 45,0
87613,2007-02-20 16:15:04,121.582500,31.244600, 44, 67,0
87613,2007-02-20 16:15:20,121.582600,31.243600, 40,112,0
87613,2007-02-20 16:15:36,121.581000,31.242500, 52,112,0
87613,2007-02-20 16:15:51,121.579500,31.241500, 30,112,0
87613,2007-02-20 16:16:16,121.578300,31.241000, 22,112,0
87613,2007-02-20 16:16:32,121.577000,31.240500, 32,112,0
87613,2007-02-20 16:17:06,121.575800,31.240100, 28,112,0
87613,2007-02-20 16:17:21,121.574000,31.239300, 60,112,0
87613,2007-02-20 16:17:38,121.572500,31.238800, 12,112,0
87613,2007-02-20 16:18:14,121.572300,31.238000, 46, 90,0
87613,2007-02-20 16:18:30,121.573100,31.236000, 54, 90,0
87613,2007-02-20 16:19:05,121.573100,31.235100, 30,112,0
87613,2007-02-20 16:19:21,121.571300,31.234500, 50,135,0
87613,2007-02-20 16:19:36,121.569500,31.234000, 20,135,0
87613,2007-02-20 16:20:16,121.569300,31.233100, 52, 90,0
87613,2007-02-20 16:20:33,121.570100,31.231000, 46, 90,0
87613,2007-02-20 16:20:49,121.568500,31.230000, 58,112,0
87613,2007-02-20 16:21:05,121.566500,31.229100, 20,112,0
87613,2007-02-20 16:22:06,121.566300,31.229100,  0,112,0
87613,2007-02-20 16:22:59,121.563300,31.228000, 56,112,0
87613,2007-02-20 16:23:15,121.561800,31.227800, 38,157,0
87613,2007-02-20 16:23:31,121.561100,31.229500, 36,157,0
87613,2007-02-20 16:23:47,121.560100,31.229800, 48,112,0
87613,2007-02-20 16:24:03,121.558000,31.228800, 60,112,0
87613,2007-02-20 16:24:19,121.556300,31.228100, 30,112,0
87613,2007-02-20 16:24:35,121.555100,31.227600, 28,112,0
87613,2007-02-20 16:25:19,121.554100,31.227300, 44,135,0
87613,2007-02-20 16:25:35,121.552300,31.226600, 24,135,0
87613,2007-02-20 16:26:22,121.549600,31.226000, 38,135,0
87613,2007-02-20 16:26:52,121.548500,31.225600, 40,135,0
87613,2007-02-20 16:27:08,121.546500,31.225100, 30,135,0
87613,2007-02-20 16:28:09,121.546000,31.225000, 22,135,0
87613,2007-02-20 16:29:10,121.545300,31.224800,  0,135,0
87613,2007-02-20 16:30:11,121.545300,31.224800,  0,135,0
87613,2007-02-20 16:31:12,121.545300,31.224800,  0,135,0
87613,2007-02-20 16:32:13,121.545300,31.224800,  0,135,0
87613,2007-02-20 16:33:14,121.544800,31.224600, 30,135,0
87613,2007-02-20 16:33:30,121.542800,31.224000, 46,112,0
87613,2007-02-20 16:33:46,121.541500,31.222300, 64,112,0
87613,2007-02-20 16:34:02,121.539800,31.220100, 68,112,0
87613,2007-02-20 16:34:18,121.537500,31.219000, 58,135,0
87613,2007-02-20 16:34:34,121.536300,31.219600,  8,157,0
87613,2007-02-20 16:35:07,121.535800,31.220600, 24,  0,0
87613,2007-02-20 16:36:08,121.536000,31.221300,  0,  0,0
87613,2007-02-20 16:37:09,121.536000,31.221300,  0,  0,0
87613,2007-02-20 16:38:10,121.536000,31.221500,  0, 22,0
87613,2007-02-20 16:39:11,121.536000,31.221500,  0, 22,0
87613,2007-02-20 16:40:12,121.536300,31.222100,  0, 22,0
87613,2007-02-20 16:41:12,121.536500,31.222300, 10, 22,0
87613,2007-02-20 16:42:13,121.536600,31.222500,  0, 45,0
87613,2007-02-20 16:43:14,121.536800,31.222500,  0, 67,0
87613,2007-02-20 16:44:15,121.537100,31.222100,  0, 67,0
87613,2007-02-20 16:45:16,121.537300,31.222100,  4, 67,0
87613,2007-02-20 16:45:59,121.537600,31.222300, 10, 22,1
87613,2007-02-20 16:47:00,121.540600,31.226500, 66, 45,1
87613,2007-02-20 16:48:01,121.544600,31.227100, 14, 45,1
87613,2007-02-20 16:49:02,121.549800,31.228600, 76, 45,1
87613,2007-02-20 16:50:03,121.553300,31.232000,  0,  0,1
87613,2007-02-20 16:51:04,121.556500,31.235000, 84, 22,1
87613,2007-02-20 16:52:05,121.569000,31.241100, 74, 22,1
87613,2007-02-20 16:53:06,121.570300,31.241800,  0, 22,1
87613,2007-02-20 16:54:07,121.569500,31.241500, 50,112,1
87613,2007-02-20 16:55:04,121.565000,31.243000,  0, 22,0
87613,2007-02-20 16:56:28,121.567100,31.244000,  6,  0,0
87613,2007-02-20 16:56:34,121.567000,31.244000, 14,112,1
87613,2007-02-20 16:57:35,121.561300,31.241100, 22,112,1
87613,2007-02-20 16:58:36,121.553800,31.248600, 94,157,1
87613,2007-02-20 16:59:37,121.542300,31.256300, 94,157,1
87613,2007-02-20 17:00:38,121.533300,31.265100, 72,157,1
87613,2007-02-20 17:01:39,121.526000,31.275500, 86,157,1
87613,2007-02-20 17:02:40,121.519500,31.283600, 58,  0,1
87613,2007-02-20 17:03:41,121.518000,31.287300, 38,157,1
87613,2007-02-20 17:04:42,121.516300,31.290600,  4,157,1
87613,2007-02-20 17:06:44,121.514300,31.295000, 60,  0,1
87613,2007-02-20 17:07:45,121.514000,31.296000,  0,157,1
87613,2007-02-20 17:08:46,121.515100,31.296800, 48, 22,1
87613,2007-02-20 17:09:47,121.515500,31.302800,  0,  0,1
87613,2007-02-20 17:10:48,121.515300,31.303300, 28,  0,1
87613,2007-02-20 17:11:49,121.514800,31.306500,  0,  0,1
87613,2007-02-20 17:12:50,121.514800,31.306500, 14,  0,1
87613,2007-02-20 17:13:51,121.514800,31.310000, 38,  0,1
87613,2007-02-20 17:14:52,121.514800,31.312800, 34,  0,1
87613,2007-02-20 17:15:53,121.515600,31.316600, 42, 22,1
87613,2007-02-20 17:16:54,121.519500,31.320000, 52, 22,1
87613,2007-02-20 17:17:55,121.523100,31.320100, 32, 45,1
87613,2007-02-20 17:18:56,121.529300,31.320100, 36, 45,1
87613,2007-02-20 17:19:57,121.533500,31.320000,  0, 45,1
87613,2007-02-20 17:20:58,121.536500,31.320100,  8, 45,1
87613,2007-02-20 17:21:59,121.537300,31.319600,  0, 90,1
87613,2007-02-20 17:23:10,121.537300,31.320100, 10,  0,0
87613,2007-02-20 17:23:42,121.534600,31.320100, 48,135,0
87613,2007-02-20 17:23:58,121.534000,31.319300, 40, 90,0
87613,2007-02-20 17:24:14,121.534100,31.317600, 42, 90,0
87613,2007-02-20 17:24:50,121.534100,31.316600, 30, 90,0
87613,2007-02-20 17:25:22,121.534100,31.313300, 40, 90,0
87613,2007-02-20 17:25:38,121.534100,31.311500, 62, 90,0
87613,2007-02-20 17:25:54,121.534100,31.308800, 68, 90,0
87613,2007-02-20 17:26:10,121.534300,31.306600, 46, 90,0
87613,2007-02-20 17:26:26,121.534500,31.304600, 50, 67,0
87613,2007-02-20 17:26:42,121.533600,31.303600, 46,112,0
87613,2007-02-20 17:26:58,121.532300,31.302800, 12,112,0
87613,2007-02-20 17:27:24,121.531600,31.302100, 26, 90,0
87613,2007-02-20 17:27:40,121.532300,31.300800, 42, 67,0
87613,2007-02-20 17:27:56,121.533500,31.299600, 40, 67,0
87613,2007-02-20 17:28:34,121.532500,31.297300, 54,112,0
87613,2007-02-20 17:28:44,121.531300,31.296300, 60,112,0
87613,2007-02-20 17:29:00,121.530100,31.295600,  0,112,0
87613,2007-02-20 17:29:49,121.530100,31.294800, 40, 90,0
87613,2007-02-20 17:30:14,121.530300,31.293600, 32, 90,0
87613,2007-02-20 17:30:30,121.530300,31.292300, 48, 90,0
87613,2007-02-20 17:30:46,121.530500,31.290300, 54, 90,0
87613,2007-02-20 17:31:02,121.530800,31.288000, 58, 90,0
87613,2007-02-20 17:31:34,121.532500,31.285300,  8, 67,0
87613,2007-02-20 17:32:35,121.532600,31.285100, 20, 67,0
87613,2007-02-20 17:32:51,121.533600,31.283800, 52, 67,0
87613,2007-02-20 17:33:07,121.534800,31.282100, 50, 67,0
87613,2007-02-20 17:33:23,121.535600,31.281000, 40, 67,0
87613,2007-02-20 17:33:39,121.536000,31.279800, 44,135,0
87613,2007-02-20 17:33:55,121.533100,31.279100, 62,135,0
87613,2007-02-20 17:34:11,121.531300,31.278600, 16,135,0
87613,2007-02-20 17:34:44,121.530000,31.278500, 28,135,1
87613,2007-02-20 17:35:44,121.523300,31.277600, 52,157,1
87613,2007-02-20 17:36:45,121.518500,31.286100, 48,  0,1
87613,2007-02-20 17:37:46,121.517800,31.287300,  0,157,1
87613,2007-02-20 17:38:47,121.517800,31.287300,  0,157,1
87613,2007-02-20 17:39:48,121.515100,31.293000, 44,157,1
87613,2007-02-20 17:40:49,121.511100,31.292500, 26,135,1
87613,2007-02-20 17:41:50,121.507100,31.293600,  0,157,1
87613,2007-02-20 17:42:51,121.505600,31.293500, 16,157,1
87613,2007-02-20 17:43:52,121.502100,31.294800, 16,157,1
87613,2007-02-20 17:44:37,121.501300,31.296100,  0,157,0
87613,2007-02-20 17:44:53,121.501300,31.296100,  0, 90,0
87613,2007-02-20 17:45:16,121.501800,31.295300, 36, 67,0
87613,2007-02-20 17:45:53,121.503800,31.294100, 18, 45,0
87613,2007-02-20 17:46:09,121.505100,31.293600, 42, 67,0
87613,2007-02-20 17:46:25,121.506600,31.293100, 28, 22,0
87613,2007-02-20 17:46:41,121.507600,31.293500, 42, 67,0
87613,2007-02-20 17:46:57,121.509500,31.292600, 48, 67,0
87613,2007-02-20 17:47:13,121.511000,31.292100, 28, 90,0
87613,2007-02-20 17:47:29,121.511000,31.290500, 52, 90,0
87613,2007-02-20 17:47:45,121.510800,31.288600, 42, 90,0
87613,2007-02-20 17:48:01,121.510300,31.287100, 38,112,0
87613,2007-02-20 17:49:02,121.509800,31.286500,  0,112,0
87613,2007-02-20 17:50:00,121.510800,31.286300, 18, 45,0
87613,2007-02-20 17:50:16,121.511500,31.285000, 54, 90,0
87613,2007-02-20 17:50:32,121.512000,31.283500, 28, 90,0
87613,2007-02-20 17:51:30,121.512300,31.282500, 30, 90,0
87613,2007-02-20 17:51:46,121.512800,31.281100, 36, 90,0
87613,2007-02-20 17:52:02,121.513100,31.279600, 40, 90,0
87613,2007-02-20 17:53:03,121.513300,31.279000,  0, 90,0
87613,2007-02-20 17:53:24,121.513600,31.278000, 34, 90,0
87613,2007-02-20 17:55:15,121.514300,31.276100, 28, 90,0
87613,2007-02-20 17:55:31,121.514600,31.275100, 32, 90,0
87613,2007-02-20 17:55:47,121.515100,31.273800,  4, 90,0
87613,2007-02-20 17:56:48,121.515100,31.273800,  0, 90,0
87613,2007-02-20 17:57:49,121.515100,31.273800,  0, 90,0
87613,2007-02-20 17:58:50,121.515100,31.273800, 10, 67,0
87613,2007-02-20 17:59:06,121.515500,31.272800, 24, 90,0
87613,2007-02-20 18:00:07,121.515500,31.272600,  0, 90,0
87613,2007-02-20 18:00:30,121.516300,31.272600, 48, 22,0
87613,2007-02-20 18:00:46,121.518500,31.273800, 44, 22,0
87613,2007-02-20 18:01:02,121.520600,31.275000, 70, 22,0
87613,2007-02-20 18:01:18,121.523000,31.276100, 64, 22,0
87613,2007-02-20 18:01:34,121.524600,31.276300, 32, 67,0
87613,2007-02-20 18:01:50,121.525500,31.275600, 44, 67,0
87613,2007-02-20 18:02:06,121.526800,31.274100, 52, 67,0
87613,2007-02-20 18:02:22,121.528000,31.272300, 54, 67,0
87613,2007-02-20 18:02:38,121.529500,31.270100, 74, 67,0
87613,2007-02-20 18:02:54,121.531300,31.267800, 80, 67,0
87613,2007-02-20 18:03:10,121.533100,31.265500, 72, 67,0
87613,2007-02-20 18:03:26,121.534600,31.263000, 74, 67,0
87613,2007-02-20 18:03:42,121.536600,31.260800, 80, 67,0
87613,2007-02-20 18:03:58,121.539000,31.258800, 70, 67,0
87613,2007-02-20 18:04:14,121.541300,31.257000, 74, 67,0
87613,2007-02-20 18:04:30,121.543800,31.255100, 80, 67,0
87613,2007-02-20 18:04:46,121.546500,31.252800, 88, 67,0
87613,2007-02-20 18:05:41,121.552300,31.252600, 58,  0,0
87613,2007-02-20 18:05:56,121.551000,31.254300, 44,157,0
87613,2007-02-20 18:06:12,121.550000,31.255300, 26,157,0
87613,2007-02-20 18:07:00,121.552500,31.256100, 28, 67,0
87613,2007-02-20 18:07:39,121.554100,31.254600, 42, 67,0
87613,2007-02-20 18:07:55,121.555600,31.253100, 52, 67,0
87613,2007-02-20 18:08:11,121.556600,31.252100, 36, 67,0
87613,2007-02-20 18:08:27,121.557800,31.251100, 22, 67,0
87613,2007-02-20 18:08:47,121.557100,31.250500, 32,112,0
87613,2007-02-20 18:09:03,121.555800,31.249600, 38,112,0
87613,2007-02-20 18:09:19,121.554600,31.249000, 30,112,0
87613,2007-02-20 18:09:35,121.553300,31.248100, 26,112,0
87613,2007-02-20 18:09:53,121.552300,31.247500, 30,112,0
87613,2007-02-20 18:10:11,121.551500,31.247000, 20,112,0
87613,2007-02-20 18:10:47,121.551300,31.246100, 28, 67,0
87613,2007-02-20 18:11:19,121.553600,31.244500, 26, 67,0
87613,2007-02-20 18:12:03,121.554300,31.243600, 38, 67,0
87613,2007-02-20 18:12:19,121.555000,31.242300, 36, 67,0
87613,2007-02-20 18:12:35,121.555500,31.241300, 26,112,0
87613,2007-02-20 18:12:51,121.553800,31.240600, 44,112,0
87613,2007-02-20 18:13:07,121.552300,31.239800, 40,112,0
87613,2007-02-20 18:13:23,121.550800,31.239100, 42,112,0
87613,2007-02-20 18:13:39,121.550500,31.238100, 36, 67,0
87613,2007-02-20 18:14:49,121.551600,31.235600, 38, 67,0
87613,2007-02-20 18:15:05,121.552500,31.234100, 46, 67,0
87613,2007-02-20 18:16:06,121.552800,31.233500,  0, 67,0
87613,2007-02-20 18:17:07,121.553000,31.232600, 52, 90,0
87613,2007-02-20 18:17:23,121.553500,31.230800, 52, 90,0
87613,2007-02-20 18:17:39,121.552600,31.229600, 52,135,0
87613,2007-02-20 18:17:55,121.551000,31.229000, 34, 90,0
87613,2007-02-20 18:18:11,121.551500,31.227100, 44, 90,0
87613,2007-02-20 18:18:27,121.550800,31.226100, 34,135,0
87613,2007-02-20 18:18:43,121.549300,31.225800, 44,135,0
87613,2007-02-20 18:18:59,121.547300,31.225300, 50,135,0
87613,2007-02-20 18:19:15,121.546100,31.225000,  6,135,0
87613,2007-02-20 18:19:42,121.545100,31.224600, 50,135,0
87613,2007-02-20 18:19:58,121.542800,31.224000, 52,112,0
87613,2007-02-20 18:20:14,121.541300,31.222100, 62,112,0
87613,2007-02-20 18:20:30,121.539600,31.219800, 68,112,0
87613,2007-02-20 18:20:46,121.537800,31.219000, 54,135,0
87613,2007-02-20 18:22:03,121.536300,31.219600,  0,157,0
87613,2007-02-20 18:22:29,121.536100,31.219800, 14,157,1
87613,2007-02-20 18:23:29,121.536500,31.222500, 18, 22,1
87613,2007-02-20 18:24:30,121.536600,31.223000, 14,157,1
87613,2007-02-20 18:25:31,121.533000,31.224800, 50,157,1
87613,2007-02-20 18:28:34,121.513300,31.234500,  0,135,1
87613,2007-02-20 18:29:35,121.509500,31.235800, 22,135,1
87613,2007-02-20 18:30:36,121.509300,31.235800,  0,135,1
87613,2007-02-20 18:31:37,121.505600,31.237000, 14,157,1
87613,2007-02-20 18:32:38,121.505100,31.237100,  0,135,1
87613,2007-02-20 18:33:39,121.504100,31.238000, 16,157,1
87613,2007-02-20 18:34:40,121.504000,31.238600, 20,157,1
87613,2007-02-20 18:35:41,121.497000,31.240100, 40,157,1
87613,2007-02-20 18:37:43,121.496000,31.239600,  0, 90,1
87613,2007-02-20 18:37:59,121.496000,31.239600,  0, 90,0
87613,2007-02-20 18:38:59,121.496000,31.239600,  0, 90,0
87613,2007-02-20 18:40:00,121.496600,31.236100, 12, 67,0
87613,2007-02-20 18:40:16,121.497800,31.234800, 62, 67,0
87613,2007-02-20 18:40:32,121.499500,31.234100,  6, 45,0
87613,2007-02-20 18:41:04,121.500600,31.234300, 54, 45,0
87613,2007-02-20 18:41:36,121.505100,31.234600, 42, 67,0
87613,2007-02-20 18:42:12,121.505600,31.233600, 34, 67,0
87613,2007-02-20 18:42:28,121.506600,31.232100, 48, 67,0
87613,2007-02-20 18:42:44,121.507300,31.231100, 16, 90,0
87613,2007-02-20 18:43:00,121.508500,31.231300, 46, 45,0
87613,2007-02-20 18:43:16,121.510100,31.231600, 32, 45,0
87613,2007-02-20 18:43:32,121.511000,31.231300, 38, 90,0
87613,2007-02-20 18:43:48,121.511500,31.230000, 26, 90,0
87613,2007-02-20 18:44:49,121.512300,31.229300, 18, 22,0
87613,2007-02-20 18:45:05,121.511600,31.230300, 18,157,0
87613,2007-02-20 18:45:22,121.511000,31.231100, 36,157,0
87613,2007-02-20 18:45:38,121.511600,31.232000, 30, 45,0
87613,2007-02-20 18:45:54,121.513000,31.232500, 22, 45,0
87613,2007-02-20 18:46:10,121.513300,31.231500, 32, 90,0
87613,2007-02-20 18:46:26,121.513500,31.230300, 20, 90,0
87613,2007-02-20 18:46:51,121.514100,31.229800, 28, 22,0
87613,2007-02-20 18:47:08,121.515800,31.230600, 44, 45,0
87613,2007-02-20 18:47:23,121.517000,31.231000,  4, 45,0
87613,2007-02-20 18:48:30,121.519000,31.227800, 14, 45,0
87613,2007-02-20 18:48:53,121.519300,31.226800, 20, 90,0
87613,2007-02-20 18:49:08,121.519800,31.226000, 38, 90,0
87613,2007-02-20 18:49:24,121.520300,31.224800, 38, 90,0
87613,2007-02-20 18:49:40,121.520800,31.223100, 40, 90,0
87613,2007-02-20 18:50:02,121.521000,31.222800, 18, 67,1
87613,2007-02-20 18:51:02,121.523000,31.222300, 44, 22,1
87613,2007-02-20 18:52:03,121.528600,31.224300, 60, 22,1
87613,2007-02-20 18:53:05,121.530600,31.225600,  0, 22,1
87613,2007-02-20 18:54:05,121.530600,31.225600,  0, 22,1
87613,2007-02-20 18:55:06,121.535000,31.228800, 58, 22,1
87613,2007-02-20 18:56:08,121.541000,31.231600, 48, 22,1
87613,2007-02-20 18:57:09,121.548000,31.234600, 32, 22,1
87613,2007-02-20 18:58:10,121.550300,31.238500, 30,  0,1
87613,2007-02-20 18:59:10,121.555100,31.241100,  0, 22,1
87613,2007-02-20 19:00:12,121.557800,31.242600, 50, 22,1
87613,2007-02-20 19:01:13,121.564000,31.247000, 56, 22,1
87613,2007-02-20 19:02:14,121.569100,31.248800,  0, 45,1
87613,2007-02-20 19:03:15,121.572100,31.249500, 38, 45,1
87613,2007-02-20 19:04:15,121.574800,31.251300,  0,157,0
87613,2007-02-20 19:04:30,121.574800,31.251300,  0,157,0
87613,2007-02-20 19:05:32,121.575300,31.251000,  4, 67,0
87613,2007-02-20 19:05:50,121.576000,31.251600, 36, 22,0
87613,2007-02-20 19:06:05,121.576800,31.252800, 40, 22,0
87613,2007-02-20 19:06:22,121.577600,31.254000, 26, 22,0
87613,2007-02-20 19:06:38,121.578300,31.255000, 38, 22,0
87613,2007-02-20 19:07:10,121.580100,31.256600, 32, 22,0
87613,2007-02-20 19:07:32,121.581100,31.257000, 34, 67,0
87613,2007-02-20 19:07:48,121.582600,31.255500, 46, 67,0
87613,2007-02-20 19:08:04,121.584000,31.254500, 22, 67,0
87613,2007-02-20 19:08:20,121.583100,31.253600, 38,112,0
87613,2007-02-20 19:08:35,121.581800,31.252500, 50,112,0
87613,2007-02-20 19:09:24,121.577100,31.251800, 46,157,0
87613,2007-02-20 19:09:40,121.576000,31.251800, 36,112,0
87613,2007-02-20 19:09:55,121.575100,31.250600, 32,112,0
87613,2007-02-20 19:10:12,121.573800,31.249800, 36,135,0
87613,2007-02-20 19:11:18,121.572100,31.249500, 18, 45,1
87613,2007-02-20 19:13:20,121.578500,31.253600, 14, 22,1
87613,2007-02-20 19:13:54,121.578600,31.253600,  0, 45,0
87613,2007-02-20 19:14:40,121.578500,31.253600, 10,135,1
87613,2007-02-20 19:15:42,121.576500,31.252500,  8,112,1
87613,2007-02-20 19:16:43,121.574800,31.250300,  0,112,1
87613,2007-02-20 19:19:45,121.564500,31.247100, 46,112,1
87613,2007-02-20 19:20:47,121.561500,31.245500, 56,112,1
87613,2007-02-20 19:21:48,121.555000,31.241100, 38,112,1
87613,2007-02-20 19:23:50,121.545300,31.236800,  0,112,1
87613,2007-02-20 19:24:50,121.541600,31.235500,  0,112,1
87613,2007-02-20 19:25:52,121.537000,31.233600, 46,112,1
87613,2007-02-20 19:26:53,121.531000,31.232100, 70,157,1
87613,2007-02-20 19:27:54,121.526800,31.239500, 62,157,1
87613,2007-02-20 19:28:55,121.525000,31.242600,  0,157,1
87613,2007-02-20 19:29:55,121.522500,31.242600, 58,135,1
87613,2007-02-20 19:31:58,121.509600,31.241000, 32,135,1
87613,2007-02-20 19:32:59,121.505100,31.241500, 22,157,1
87613,2007-02-20 19:34:00,121.499300,31.241600, 52,157,1
87613,2007-02-20 19:35:00,121.496300,31.241000,  0,112,1
87613,2007-02-20 19:35:10,121.496300,31.241000,  0,112,0
87613,2007-02-20 19:36:10,121.496000,31.240500, 20,112,0
87613,2007-02-20 19:36:47,121.497800,31.239500, 38, 67,0
87613,2007-02-20 19:37:03,121.499600,31.238600, 48, 67,0
87613,2007-02-20 19:37:19,121.501600,31.237800, 42, 67,0
87613,2007-02-20 19:37:48,121.502000,31.237500, 22,  0,0
87613,2007-02-20 19:38:20,121.505600,31.236600, 56, 45,0
87613,2007-02-20 19:38:48,121.506800,31.236500, 22, 45,0
87613,2007-02-20 19:38:49,121.506800,31.236500, 26, 45,1
87613,2007-02-20 19:41:52,121.525100,31.229300, 32, 67,1
87613,2007-02-20 19:42:53,121.532100,31.227300, 52, 22,1
87613,2007-02-20 19:43:54,121.534600,31.229500, 30,112,1
87613,2007-02-20 19:44:33,121.532600,31.230500, 16,157,0
87613,2007-02-20 19:44:48,121.533300,31.229600,  0,157,0
87613,2007-02-20 19:45:20,121.533300,31.229800, 14, 45,0
87613,2007-02-20 19:46:25,121.535000,31.228800, 40,112,0
87613,2007-02-20 19:47:34,121.533300,31.227100, 44, 67,0
87613,2007-02-20 19:47:50,121.533800,31.226100,  0, 90,0
87613,2007-02-20 19:48:09,121.534300,31.225100, 26, 90,0
87613,2007-02-20 19:48:44,121.533800,31.224300, 42,112,0
87613,2007-02-20 19:49:04,121.533800,31.223500, 22, 45,0
87613,2007-02-20 19:49:20,121.535100,31.223500, 42, 67,0
87613,2007-02-20 19:49:35,121.536500,31.222600, 24, 67,0
87613,2007-02-20 19:50:12,121.536000,31.221500, 18,  0,0
87613,2007-02-20 19:51:13,121.536000,31.221600,  0, 22,0
87613,2007-02-20 19:52:14,121.536100,31.221800, 10, 22,0
87613,2007-02-20 19:53:15,121.536100,31.221800,  0, 22,0
87613,2007-02-20 19:54:15,121.536100,31.221800,  0, 22,0
87613,2007-02-20 19:55:17,121.536300,31.222000,  0, 22,0
87613,2007-02-20 19:56:18,121.536300,31.222100,  0, 22,0
87613,2007-02-20 19:57:19,121.536500,31.222300,  0, 22,0
87613,2007-02-20 19:58:20,121.536500,31.222300,  0, 22,0
87613,2007-02-20 19:59:20,121.536500,31.222300,  0, 22,0
87613,2007-02-20 20:00:22,121.536600,31.222500,  0, 45,0
87613,2007-02-20 20:01:23,121.536600,31.222500,  0, 45,0
87613,2007-02-20 20:02:24,121.536600,31.222500,  0, 45,0
87613,2007-02-20 20:03:25,121.536600,31.222500,  0, 45,0
87613,2007-02-20 20:04:25,121.536600,31.222500,  0, 45,0
87613,2007-02-20 20:05:27,121.536600,31.222500,  0, 45,0
87613,2007-02-20 20:06:28,121.536600,31.222500,  0, 45,0
87613,2007-02-20 20:07:29,121.536600,31.222500,  0, 45,0
87613,2007-02-20 20:08:30,121.536600,31.222500,  0, 45,0
87613,2007-02-20 20:09:30,121.537100,31.222100,  0, 67,0
87613,2007-02-20 20:10:32,121.537300,31.222100,  0, 67,0
87613,2007-02-20 20:12:00,121.537500,31.222000,  0, 22,0
87613,2007-02-20 20:13:00,121.537500,31.222000,  0, 22,0
87613,2007-02-20 20:14:02,121.537600,31.222100,  0, 22,0
87613,2007-02-20 20:15:03,121.537600,31.222100,  0, 22,0
87613,2007-02-20 20:15:33,121.537600,31.222100, 10, 22,1
87613,2007-02-20 20:16:34,121.540300,31.226300, 62, 45,1
87613,2007-02-20 20:17:35,121.549600,31.228600, 66, 45,1
87613,2007-02-20 20:18:35,121.550500,31.226500, 14,  0,1
87613,2007-02-20 20:19:15,121.550500,31.226800,  0,  0,0
87613,2007-02-20 20:20:17,121.550300,31.226000, 24,135,0
87613,2007-02-20 20:20:35,121.549800,31.225800, 28, 45,0
87613,2007-02-20 20:20:53,121.551000,31.226100, 36, 45,0
87613,2007-02-20 20:21:09,121.553000,31.226800, 52, 45,0
87613,2007-02-20 20:21:25,121.554300,31.227100,  2, 22,0
87613,2007-02-20 20:22:19,121.555100,31.227500, 18, 22,1
87613,2007-02-20 20:23:20,121.561600,31.228600, 48, 67,1
87613,2007-02-20 20:25:22,121.567300,31.223300, 78, 90,1
87613,2007-02-20 20:26:23,121.569500,31.213600, 64, 90,1
87613,2007-02-20 20:28:25,121.582600,31.214500, 14, 22,1
87613,2007-02-20 20:29:25,121.591100,31.218800, 68, 45,1
87613,2007-02-20 20:30:27,121.594600,31.219800, 14, 45,1
87613,2007-02-20 20:31:28,121.600000,31.221000,  0, 45,1
87613,2007-02-20 20:32:29,121.604100,31.221800,  0, 45,1
87613,2007-02-20 20:33:30,121.609600,31.222800, 72, 45,1
87613,2007-02-20 20:34:30,121.612500,31.221100,  0, 90,1
87613,2007-02-20 20:35:32,121.613500,31.220800,  0, 45,1
87613,2007-02-20 20:35:47,121.613500,31.220800,  0, 45,0
87613,2007-02-20 20:36:35,121.610500,31.220600, 54,135,0
87613,2007-02-20 20:36:50,121.608800,31.220000, 40,112,0
87613,2007-02-20 20:37:07,121.609100,31.218300, 42, 90,0
87613,2007-02-20 20:37:25,121.609500,31.217500, 32, 90,0
87613,2007-02-20 20:37:45,121.609500,31.216500, 14,135,0
87613,2007-02-20 20:38:00,121.608000,31.216100, 46,135,0
87613,2007-02-20 20:38:17,121.606300,31.215800, 34,135,0
87613,2007-02-20 20:38:33,121.604100,31.215300, 40,135,0
87613,2007-02-20 20:38:49,121.602300,31.214800, 58,135,0
87613,2007-02-20 20:39:05,121.600000,31.214300, 62,135,0
87613,2007-02-20 20:39:37,121.596000,31.213500, 32,135,0
87613,2007-02-20 20:39:53,121.594600,31.213100, 46,135,0
87613,2007-02-20 20:40:09,121.592500,31.212800, 48,135,0
87613,2007-02-20 20:40:25,121.590600,31.212300, 48,135,0
87613,2007-02-20 20:40:40,121.588500,31.211800, 62,135,0
87613,2007-02-20 20:40:57,121.587000,31.211500,  2,135,0
87613,2007-02-20 20:41:38,121.585800,31.211300, 44,135,0
87613,2007-02-20 20:41:54,121.584000,31.210800, 34,112,0
87613,2007-02-20 20:42:10,121.584000,31.209300, 52, 90,0
87613,2007-02-20 20:42:25,121.584100,31.207500, 32,112,0
87613,2007-02-20 20:42:42,121.582300,31.207300, 28,135,0
87613,2007-02-20 20:42:59,121.581500,31.206800, 28, 90,0
87613,2007-02-20 20:43:15,121.581800,31.205000, 48, 90,0
87613,2007-02-20 20:43:30,121.582000,31.204000,  8, 90,0
87613,2007-02-20 20:44:27,121.582100,31.203000, 36, 90,0
87613,2007-02-20 20:44:43,121.582500,31.201500, 44, 90,0
87613,2007-02-20 20:44:59,121.581800,31.200600, 50,135,0
87613,2007-02-20 20:45:15,121.579800,31.200000, 38, 90,0
87613,2007-02-20 20:45:30,121.580100,31.198300, 48, 90,0
87613,2007-02-20 20:45:47,121.579600,31.197000, 48,135,0
87613,2007-02-20 20:46:03,121.577000,31.196300, 70,135,0
87613,2007-02-20 20:46:19,121.574800,31.195500, 22,112,0
87613,2007-02-20 20:46:50,121.573800,31.195000, 20,112,0
87613,2007-02-20 20:47:05,121.572600,31.194600, 38,135,0
87613,2007-02-20 20:47:22,121.570800,31.193800, 40,112,0
87613,2007-02-20 20:47:38,121.569100,31.193300, 44,135,0
87613,2007-02-20 20:47:54,121.567100,31.192800, 40,135,0
87613,2007-02-20 20:48:10,121.565600,31.192500, 42,135,0
87613,2007-02-20 20:48:25,121.564000,31.192500, 34,135,0
87613,2007-02-20 20:48:42,121.562100,31.192100, 44,135,0
87613,2007-02-20 20:49:43,121.561500,31.192100,  6, 67,0
87613,2007-02-20 20:49:47,121.561500,31.192100, 18, 45,1
87613,2007-02-20 20:50:48,121.567600,31.193000, 38, 45,1
87613,2007-02-20 20:51:49,121.573600,31.195000, 20, 45,1
87613,2007-02-20 20:52:50,121.575300,31.195500, 64, 22,1
87613,2007-02-20 20:53:50,121.585000,31.198100,  0, 45,1
87613,2007-02-20 20:54:52,121.593100,31.199600, 72, 45,1
87613,2007-02-20 20:55:53,121.596000,31.206000, 68,  0,1
87613,2007-02-20 20:56:54,121.597500,31.213800, 52, 45,1
87613,2007-02-20 20:57:55,121.602800,31.215000, 54, 45,1
87613,2007-02-20 20:58:55,121.607000,31.215800, 36, 45,1
87613,2007-02-20 20:59:57,121.609300,31.217800,  0,  0,1
87613,2007-02-20 21:00:04,121.609300,31.217800,  0,  0,0
87613,2007-02-20 21:00:30,121.609100,31.218800, 10,157,0
87613,2007-02-20 21:01:07,121.609100,31.218600, 14, 90,1
87613,2007-02-20 21:02:08,121.606600,31.215800,  8,135,1
87613,2007-02-20 21:03:09,121.606800,31.214800, 32, 90,1
87613,2007-02-20 21:05:10,121.612600,31.212500, 18, 45,1
87613,2007-02-20 21:07:13,121.612300,31.209100, 12,157,1
87613,2007-02-20 21:07:47,121.612300,31.209300,  0,  0,0
87613,2007-02-20 21:08:48,121.612000,31.209800,  8,157,0
87613,2007-02-20 21:09:49,121.612300,31.209300, 12, 67,0
87613,2007-02-20 21:10:17,121.612300,31.208500, 22,112,0
87613,2007-02-20 21:10:57,121.611000,31.207100, 30, 67,0
87613,2007-02-20 21:11:13,121.612000,31.206100, 42, 67,0
87613,2007-02-20 21:11:29,121.612600,31.205300, 18, 90,0
87613,2007-02-20 21:11:45,121.611800,31.204500, 32,112,0
87613,2007-02-20 21:12:02,121.610800,31.203600,  6,112,0
87613,2007-02-20 21:12:33,121.610000,31.203000, 48,112,0
87613,2007-02-20 21:12:49,121.608500,31.202300, 42,157,0
87613,2007-02-20 21:13:05,121.607100,31.203300, 38,157,0
87613,2007-02-20 21:13:20,121.606100,31.204600, 46,157,0
87613,2007-02-20 21:13:37,121.604600,31.206500, 60,157,0
87613,2007-02-20 21:13:53,121.604100,31.207600,  4,  0,0
87613,2007-02-20 21:14:22,121.603100,31.207600, 44,135,0
87613,2007-02-20 21:14:38,121.601000,31.207300, 52,135,0
87613,2007-02-20 21:15:09,121.597100,31.206500, 50,135,0
87613,2007-02-20 21:15:24,121.595300,31.206100, 48,135,0
87613,2007-02-20 21:15:41,121.593100,31.205800, 26,157,0
87613,2007-02-20 21:15:57,121.593000,31.207500, 48,  0,0
87613,2007-02-20 21:16:13,121.592800,31.209300, 50,  0,0
87613,2007-02-20 21:16:29,121.592500,31.211500, 54,  0,0
87613,2007-02-20 21:16:44,121.592500,31.212500,  6,  0,0
87613,2007-02-20 21:17:24,121.591500,31.212500, 42,135,0
87613,2007-02-20 21:17:39,121.589300,31.212000, 56,135,0
87613,2007-02-20 21:17:56,121.586800,31.211500, 52,135,0
87613,2007-02-20 21:18:44,121.583300,31.213300, 42,  0,0
87613,2007-02-20 21:18:59,121.582800,31.214300, 10,  0,0
87613,2007-02-20 21:19:41,121.581800,31.214500, 38,135,0
87613,2007-02-20 21:19:57,121.579800,31.214000, 48,135,0
87613,2007-02-20 21:20:13,121.577600,31.213500, 60,135,0
87613,2007-02-20 21:20:29,121.574800,31.212600, 72,135,0
87613,2007-02-20 21:20:44,121.572300,31.212000, 62,135,0
87613,2007-02-20 21:21:01,121.570300,31.213500, 64,  0,0
87613,2007-02-20 21:21:17,121.569300,31.215800, 66,  0,0
87613,2007-02-20 21:21:33,121.569000,31.217300,  8,  0,0
87613,2007-02-20 21:22:16,121.568000,31.217500, 42,135,0
87613,2007-02-20 21:22:32,121.565600,31.217100, 52,135,0
87613,2007-02-20 21:22:48,121.564500,31.217300, 16,  0,0
87613,2007-02-20 21:23:04,121.564300,31.218500, 40,  0,0
87613,2007-02-20 21:23:19,121.564000,31.219600, 40,  0,0
87613,2007-02-20 21:23:52,121.563100,31.223000, 14,  0,0
87613,2007-02-20 21:24:08,121.563000,31.224100, 42,  0,0
87613,2007-02-20 21:24:24,121.562500,31.225800, 32,  0,0
87613,2007-02-20 21:24:39,121.562300,31.226800, 24,  0,0
87613,2007-02-20 21:25:24,121.562100,31.227300, 16,  0,1
87613,2007-02-20 21:26:24,121.558100,31.231500, 50,135,1
87613,2007-02-20 21:27:26,121.552600,31.229600, 66,135,1
87613,2007-02-20 21:27:53,121.549800,31.228800,  0,135,0
87613,2007-02-20 21:28:09,121.549800,31.228800,  0,135,0
87613,2007-02-20 21:28:32,121.548600,31.228500, 30,135,0
87613,2007-02-20 21:28:48,121.547100,31.228000, 54,135,0
87613,2007-02-20 21:29:04,121.545300,31.227300, 12,135,0
87613,2007-02-20 21:29:43,121.544100,31.227100, 48,135,0
87613,2007-02-20 21:29:59,121.542300,31.226600, 12,135,0
87613,2007-02-20 21:30:24,121.541000,31.226500, 54,135,0
87613,2007-02-20 21:30:39,121.538800,31.225800, 50,112,0
87613,2007-02-20 21:30:56,121.537600,31.224500, 22,112,0
87613,2007-02-20 21:31:17,121.537600,31.224300, 18,112,1
87613,2007-02-20 21:32:17,121.535000,31.224000,  0,157,1
87613,2007-02-20 21:33:18,121.534000,31.224300,  0,112,1
87613,2007-02-20 21:34:19,121.532500,31.222800, 54,112,1
87613,2007-02-20 21:35:19,121.528800,31.216500, 48,135,1
87613,2007-02-20 21:36:21,121.525000,31.216500,  0,135,1
87613,2007-02-20 21:37:22,121.524300,31.216500, 34,135,1
87613,2007-02-20 21:38:23,121.520600,31.216800, 12,  0,1
87613,2007-02-20 21:39:11,121.521600,31.217300,  0, 45,0
87613,2007-02-20 21:39:26,121.521600,31.217300,  0, 45,0
87613,2007-02-20 21:40:12,121.521500,31.217100, 14,135,0
87613,2007-02-20 21:40:43,121.520800,31.216600, 12, 67,0
87613,2007-02-20 21:41:29,121.521800,31.216500, 34, 45,0
87613,2007-02-20 21:42:04,121.523000,31.216500, 12, 45,0
87613,2007-02-20 21:43:04,121.526500,31.216500, 40, 45,1
87613,2007-02-20 21:44:06,121.530800,31.216100, 50, 45,1
87613,2007-02-20 21:45:07,121.539800,31.213500, 62, 45,1
87613,2007-02-20 21:47:09,121.555300,31.215300, 66, 45,1
87613,2007-02-20 21:48:09,121.564000,31.216600, 36, 45,1
87613,2007-02-20 21:49:11,121.568800,31.216800, 46, 90,1
87613,2007-02-20 21:50:12,121.571100,31.209600, 56, 22,1
87613,2007-02-20 21:52:14,121.579100,31.212100,  8, 67,1
87613,2007-02-20 21:52:51,121.578300,31.211600,  0, 45,0
87613,2007-02-20 21:53:17,121.578500,31.211600, 14, 22,0
87613,2007-02-20 21:53:33,121.579500,31.212000, 26, 45,0
87613,2007-02-20 21:53:49,121.580500,31.211600, 30, 67,0
87613,2007-02-20 21:54:04,121.581000,31.210500, 38, 90,0
87613,2007-02-20 21:54:21,121.582500,31.210500, 46, 45,0
87613,2007-02-20 21:54:37,121.583600,31.210800, 18, 22,0
87613,2007-02-20 21:54:53,121.583600,31.212100, 48,  0,0
87613,2007-02-20 21:55:09,121.583000,31.214000, 42,  0,0
87613,2007-02-20 21:56:09,121.582800,31.214500, 10,157,0
87613,2007-02-20 21:56:26,121.581100,31.214300, 50,135,0
87613,2007-02-20 21:56:42,121.578600,31.213600, 70,135,0
87613,2007-02-20 21:56:58,121.575500,31.212800, 76,135,0
87613,2007-02-20 21:57:14,121.572600,31.212000, 62,135,0
87613,2007-02-20 21:57:29,121.570500,31.213000, 72,  0,0
87613,2007-02-20 21:57:46,121.569500,31.215600, 72,  0,0
87613,2007-02-20 21:58:02,121.569000,31.217100, 10,  0,0
87613,2007-02-20 21:58:57,121.568000,31.217500, 44,135,0
87613,2007-02-20 21:59:13,121.565800,31.217100, 54,135,0
87613,2007-02-20 21:59:29,121.564500,31.217100, 18,  0,0
87613,2007-02-20 22:00:17,121.563500,31.222000, 56,  0,0
87613,2007-02-20 22:00:33,121.563100,31.223300, 26,  0,0
87613,2007-02-20 22:00:49,121.562800,31.224800, 54,  0,0
87613,2007-02-20 22:01:05,121.562300,31.226300, 34,  0,0
87613,2007-02-20 22:01:26,121.562100,31.227300, 22,  0,0
87613,2007-02-20 22:01:42,121.561600,31.228600, 38,  0,0
87613,2007-02-20 22:01:58,121.560800,31.230000, 38,135,0
87613,2007-02-20 22:02:14,121.558800,31.229100, 52,112,0
87613,2007-02-20 22:02:29,121.557000,31.228300, 40,112,0
87613,2007-02-20 22:02:46,121.555500,31.227800, 42,112,0
87613,2007-02-20 22:03:02,121.553500,31.227000, 62,135,0
87613,2007-02-20 22:03:18,121.551800,31.226500,  4,112,0
87613,2007-02-20 22:03:44,121.550800,31.226100, 36,135,0
87613,2007-02-20 22:04:00,121.549500,31.225800, 18,112,0
87613,2007-02-20 22:05:19,121.550600,31.226000,  0, 45,0
87613,2007-02-20 22:06:15,121.550600,31.226000, 12, 22,1
87613,2007-02-20 22:07:16,121.550600,31.223000, 44,112,1
87613,2007-02-20 22:08:17,121.544100,31.221000, 66,112,1
87613,2007-02-20 22:09:18,121.537300,31.214500,  0,112,1
87613,2007-02-20 22:10:19,121.540600,31.213300, 60, 45,1
87613,2007-02-20 22:11:20,121.543100,31.208100,  4, 67,1
87613,2007-02-20 22:12:21,121.543500,31.207800, 22, 45,1
87613,2007-02-20 22:13:22,121.549100,31.209000, 16,  0,1
87613,2007-02-20 22:13:49,121.548800,31.210100,  0,  0,0
87613,2007-02-20 22:14:05,121.548800,31.210100,  0,  0,0
87613,2007-02-20 22:14:59,121.549100,31.209300, 18, 90,0
87613,2007-02-20 22:15:27,121.548800,31.208500, 14,112,0
87613,2007-02-20 22:15:43,121.547500,31.208300, 28,135,0
87613,2007-02-20 22:15:59,121.547000,31.209500, 46,  0,0
87613,2007-02-20 22:16:15,121.546600,31.210600, 26,  0,0
87613,2007-02-20 22:17:20,121.542300,31.210500, 46,135,0
87613,2007-02-20 22:17:36,121.541100,31.211300, 50,  0,0
87613,2007-02-20 22:17:52,121.541300,31.212800, 12,  0,0
87613,2007-02-20 22:18:21,121.540600,31.213500, 46,135,0
87613,2007-02-20 22:18:37,121.538300,31.214100, 50,135,0
87613,2007-02-20 22:18:59,121.538100,31.215800, 54, 22,0
87613,2007-02-20 22:19:09,121.539000,31.217000, 64, 22,0
87613,2007-02-20 22:19:25,121.540500,31.218800, 60, 22,0
87613,2007-02-20 22:19:41,121.541500,31.219600, 12,135,0
87613,2007-02-20 22:19:57,121.540500,31.219000, 20,135,0
87613,2007-02-20 22:20:23,121.539500,31.219500, 16,112,0
87613,2007-02-20 22:20:40,121.538500,31.219100, 38,135,0
87613,2007-02-20 22:20:56,121.536500,31.219500, 50,157,0
87613,2007-02-20 22:21:12,121.535800,31.221300, 52,  0,0
87613,2007-02-20 22:21:28,121.536500,31.222300,  6, 22,0
87613,2007-02-20 22:22:29,121.536800,31.222500,  0, 67,0
87613,2007-02-20 22:23:30,121.536800,31.222300,  0, 67,0
87613,2007-02-20 22:24:31,121.536800,31.222300,  0, 67,0
87613,2007-02-20 22:25:32,121.537100,31.222300,  0, 67,0
87613,2007-02-20 22:26:33,121.537300,31.222100,  0, 67,0
87613,2007-02-20 22:27:34,121.537300,31.222100,  0, 67,0
87613,2007-02-20 22:28:35,121.537300,31.222100,  0, 67,0
87613,2007-02-20 22:29:36,121.537300,31.222100,  0, 67,0
87613,2007-02-20 22:31:38,121.537300,31.222100,  4, 67,0
87613,2007-02-20 22:32:39,121.537500,31.222100,  0, 22,0
87613,2007-02-20 22:32:54,121.537600,31.222100, 12, 22,1
87613,2007-02-20 22:33:54,121.539300,31.226100,  0, 22,1
87613,2007-02-20 22:34:55,121.544500,31.227100, 26, 45,1
87613,2007-02-20 22:35:56,121.549500,31.228600, 64, 45,1
87613,2007-02-20 22:36:57,121.553800,31.230800, 42,  0,1
87613,2007-02-20 22:37:58,121.559000,31.236100, 78, 22,1
87613,2007-02-20 22:40:00,121.576600,31.244500,100, 22,1
87613,2007-02-20 22:41:01,121.590100,31.252800, 98, 22,1
87613,2007-02-20 22:42:02,121.591600,31.259100, 46, 22,1
87613,2007-02-20 22:43:03,121.597000,31.262300, 18, 67,1
87613,2007-02-20 22:43:31,121.597600,31.261600,  0, 45,0
87613,2007-02-20 22:43:53,121.597600,31.261800, 12, 45,0
87613,2007-02-20 22:44:35,121.597000,31.262000, 22,157,0
87613,2007-02-20 22:45:04,121.596300,31.262600, 20,112,0
87613,2007-02-20 22:45:20,121.595100,31.261600, 46,112,0
87613,2007-02-20 22:45:36,121.593500,31.260500, 52,112,0
87613,2007-02-20 22:45:52,121.592000,31.259100, 42,112,0
87613,2007-02-20 22:46:08,121.592000,31.258100, 46, 67,0
87613,2007-02-20 22:46:24,121.593500,31.256800, 48, 67,0
87613,2007-02-20 22:46:40,121.594100,31.255600, 34,112,0
87613,2007-02-20 22:46:56,121.592300,31.254500, 54,112,0
87613,2007-02-20 22:47:12,121.591300,31.253800,  0,112,0
87613,2007-02-20 22:47:57,121.588000,31.251600, 80,112,0
87613,2007-02-20 22:48:13,121.585000,31.249600, 86,112,0
87613,2007-02-20 22:48:29,121.582000,31.247600, 82,112,0
87613,2007-02-20 22:48:45,121.578800,31.245800, 92,112,0
87613,2007-02-20 22:49:01,121.575500,31.244100, 82,112,0
87613,2007-02-20 22:49:17,121.573100,31.243100, 38,112,0
87613,2007-02-20 22:49:33,121.570500,31.242000, 80,112,0
87613,2007-02-20 22:49:49,121.567000,31.240300, 94,112,0
87613,2007-02-20 22:50:05,121.563500,31.238600, 88,112,0
87613,2007-02-20 22:50:21,121.560100,31.237000, 90,112,0
87613,2007-02-20 22:50:37,121.556800,31.235300, 94,112,0
87613,2007-02-20 22:50:53,121.553300,31.233600, 88,112,0
87613,2007-02-20 22:51:09,121.550100,31.232000, 84,112,0
87613,2007-02-20 22:51:25,121.547300,31.231000, 64,135,0
87613,2007-02-20 22:51:41,121.544600,31.230000, 64,135,0
87613,2007-02-20 22:51:57,121.542300,31.229000, 58,112,0
87613,2007-02-20 22:52:13,121.539300,31.227600, 92,112,0
87613,2007-02-20 22:52:29,121.536100,31.225600, 88,112,0
87613,2007-02-20 22:52:45,121.533000,31.223800, 90,112,0
87613,2007-02-20 22:53:01,121.531600,31.221000, 78, 90,0
87613,2007-02-20 22:53:17,121.530600,31.218600, 32,112,0
87613,2007-02-20 22:54:18,121.530000,31.218300,  0, 90,0
87613,2007-02-20 22:55:19,121.530000,31.218300,  0, 90,0
87613,2007-02-20 22:56:20,121.530000,31.218300,  0, 90,0
87613,2007-02-20 22:57:14,121.530500,31.217600, 30, 90,0
87613,2007-02-20 22:58:11,121.530000,31.216600,  6, 90,0
87613,2007-02-20 22:59:12,121.530300,31.216300, 30, 45,0
87613,2007-02-20 22:59:28,121.532600,31.215600, 68, 45,0
87613,2007-02-20 22:59:44,121.534500,31.214800, 36, 90,0
87613,2007-02-20 23:00:00,121.533600,31.212800, 56, 90,0
87613,2007-02-20 23:00:16,121.533800,31.212000, 32, 45,0
87613,2007-02-20 23:00:32,121.535600,31.211500, 28, 45,0
87613,2007-02-20 23:01:09,121.536800,31.211100, 42, 45,0
87613,2007-02-20 23:01:25,121.538600,31.210500, 56, 45,0
87613,2007-02-20 23:01:41,121.541100,31.210100, 54, 45,0
87613,2007-02-20 23:01:57,121.543500,31.210600, 54, 45,0
87613,2007-02-20 23:02:13,121.546000,31.211000, 54, 45,0
87613,2007-02-20 23:02:44,121.546600,31.211000, 16, 67,1
87613,2007-02-20 23:03:45,121.547300,31.208000, 40, 90,1
87613,2007-02-20 23:04:46,121.550800,31.205600, 50,135,1
87613,2007-02-20 23:05:47,121.538300,31.200000, 98,135,1
87613,2007-02-20 23:06:48,121.521500,31.201600, 86,135,1
87613,2007-02-20 23:07:49,121.507000,31.205100, 96,135,1
87613,2007-02-20 23:08:50,121.496800,31.211000, 62, 45,1
87613,2007-02-20 23:09:51,121.497100,31.208600, 54,112,1
87613,2007-02-20 23:10:52,121.486800,31.204500, 84,112,1
87613,2007-02-20 23:11:53,121.473600,31.199600, 58,135,1
87613,2007-02-20 23:12:54,121.469100,31.209000, 94,  0,1
87613,2007-02-20 23:13:55,121.467100,31.221300, 94,  0,1
87613,2007-02-20 23:14:56,121.462500,31.231500, 64,  0,1
87613,2007-02-20 23:15:57,121.459300,31.241100, 78,  0,1
87613,2007-02-20 23:16:58,121.457600,31.247500, 28,135,1
87613,2007-02-20 23:17:59,121.452800,31.248000,  4,135,1
87613,2007-02-20 23:19:11,121.453000,31.249300,  0, 22,0
87613,2007-02-20 23:20:11,121.453000,31.249500,  8,135,0
87613,2007-02-20 23:21:12,121.453000,31.249500,  0,112,0
87613,2007-02-20 23:21:40,121.452500,31.248500, 24, 90,0
87613,2007-02-20 23:22:41,121.452500,31.248100,  0, 90,0
87613,2007-02-20 23:23:12,121.453300,31.247500, 40, 45,0
87613,2007-02-20 23:23:28,121.455600,31.247500, 54, 45,0
87613,2007-02-20 23:23:44,121.457500,31.246100, 64, 90,0
87613,2007-02-20 23:24:00,121.457800,31.243800, 58, 90,0
87613,2007-02-20 23:24:16,121.458800,31.241600, 70, 90,0
87613,2007-02-20 23:24:32,121.460000,31.239000, 82, 67,0
87613,2007-02-20 23:24:48,121.461600,31.236100, 80, 90,0
87613,2007-02-20 23:25:04,121.462300,31.233500, 62, 90,0
87613,2007-02-20 23:25:20,121.462500,31.231100, 68, 90,0
87613,2007-02-20 23:25:36,121.462600,31.228600, 66, 90,0
87613,2007-02-20 23:25:52,121.464100,31.226500, 78, 67,0
87613,2007-02-20 23:26:08,121.466500,31.224100, 80, 67,0
87613,2007-02-20 23:26:24,121.467100,31.221300, 76, 90,0
87613,2007-02-20 23:26:40,121.466300,31.218500, 84, 90,0
87613,2007-02-20 23:26:56,121.465800,31.215600, 70, 90,0
87613,2007-02-20 23:27:12,121.467100,31.212800, 86, 67,0
87613,2007-02-20 23:27:28,121.468600,31.210000, 82, 90,0
87613,2007-02-20 23:27:44,121.469600,31.207100, 68, 90,0
87613,2007-02-20 23:28:00,121.470600,31.204600, 74, 90,0
87613,2007-02-20 23:28:16,121.471600,31.202000, 54, 90,0
87613,2007-02-20 23:28:32,121.472100,31.200300, 54, 90,0
87613,2007-02-20 23:28:48,121.472100,31.198800, 38, 67,0
87613,2007-02-20 23:29:04,121.473600,31.199300, 48, 22,0
87613,2007-02-20 23:29:20,121.476300,31.200300, 68, 45,0
87613,2007-02-20 23:29:36,121.479100,31.201300, 78, 22,0
87613,2007-02-20 23:29:52,121.482500,31.202500, 84, 45,0
87613,2007-02-20 23:30:24,121.488100,31.205300, 68, 22,0
87613,2007-02-20 23:30:40,121.490100,31.206800, 66, 22,0
87613,2007-02-20 23:30:56,121.492300,31.208500, 54, 22,0
87613,2007-02-20 23:31:12,121.494300,31.209300, 56, 22,0
87613,2007-02-20 23:31:28,121.496500,31.209100, 54, 45,0
87613,2007-02-20 23:31:44,121.498600,31.209800, 60,  0,0
87613,2007-02-20 23:32:00,121.496600,31.211000, 68,112,0
87613,2007-02-20 23:32:16,121.496500,31.208800, 64, 67,0
87613,2007-02-20 23:32:32,121.499100,31.208000, 70, 67,0
87613,2007-02-20 23:32:48,121.502600,31.206600,100, 67,0
87613,2007-02-20 23:33:04,121.506500,31.205300, 86, 45,0
87613,2007-02-20 23:33:20,121.510300,31.204100,102, 45,0
87613,2007-02-20 23:33:36,121.514600,31.203100,102, 45,0
87613,2007-02-20 23:33:52,121.519000,31.202100,104, 45,0
87613,2007-02-20 23:34:58,121.535300,31.199300, 84, 45,0
87613,2007-02-20 23:35:13,121.538600,31.200000, 84, 45,0
87613,2007-02-20 23:35:29,121.541800,31.201100, 56, 22,0
87613,2007-02-20 23:35:45,121.543100,31.200600, 58, 90,0
87613,2007-02-20 23:36:01,121.544300,31.198100, 72, 90,0
87613,2007-02-20 23:36:17,121.545100,31.196500, 38, 90,0
87613,2007-02-20 23:36:33,121.545300,31.195300, 48, 67,0
87613,2007-02-20 23:36:49,121.546300,31.193800, 42, 67,0
87613,2007-02-20 23:37:05,121.547500,31.192000, 58, 67,0
87613,2007-02-20 23:37:37,121.548600,31.189800, 52, 67,0
87613,2007-02-20 23:37:53,121.549600,31.187600, 54, 90,0
87613,2007-02-20 23:38:09,121.550500,31.187300, 34, 45,0
87613,2007-02-20 23:38:25,121.552000,31.187500, 38, 45,0
87613,2007-02-20 23:38:41,121.553300,31.187600, 18, 90,0
87613,2007-02-20 23:38:57,121.553600,31.186100, 30, 90,0
87613,2007-02-20 23:39:15,121.553800,31.185100, 34, 90,0
87613,2007-02-20 23:39:31,121.554100,31.183500, 44, 90,0
87613,2007-02-20 23:39:47,121.553600,31.182800, 36,135,0
87613,2007-02-20 23:40:03,121.551800,31.182600, 16,135,0
87613,2007-02-20 23:41:04,121.552100,31.182500,  0, 45,0
87613,2007-02-20 23:42:05,121.552100,31.182600,  0, 45,0
87613,2007-02-20 23:43:06,121.552100,31.182600,  0, 45,0
87613,2007-02-20 23:44:07,121.552100,31.182600,  0, 22,0
87613,2007-02-20 23:45:08,121.552100,31.182600,  0, 22,0
87613,2007-02-20 23:46:09,121.552100,31.182600,  0, 22,0
87613,2007-02-20 23:47:10,121.552100,31.182600,  0, 67,0
87613,2007-02-20 23:47:49,121.552000,31.182600, 24, 45,0
87613,2007-02-20 23:48:05,121.553600,31.182800, 38, 45,0
87613,2007-02-20 23:48:21,121.554800,31.183000, 24, 45,0
87613,2007-02-20 23:48:37,121.556000,31.183100, 24, 45,0
87613,2007-02-20 23:48:53,121.557300,31.183300, 30, 45,0
87613,2007-02-20 23:49:34,121.558000,31.181500, 34, 90,0
87613,2007-02-20 23:49:50,121.558500,31.179500, 68, 90,0
87613,2007-02-20 23:50:06,121.559000,31.177500, 22, 90,0
87613,2007-02-20 23:51:07,121.559800,31.177800,  4, 22,0
87613,2007-02-20 23:53:09,121.559100,31.177600,  6,135,0
87613,2007-02-20 23:53:30,121.559300,31.176600, 34, 67,0
87613,2007-02-20 23:53:46,121.559800,31.175600, 16, 67,0
87613,2007-02-20 23:54:47,121.560000,31.175600,  0, 45,0
87613,2007-02-20 23:55:48,121.560000,31.175600,  0, 45,0
87613,2007-02-20 23:56:49,121.560000,31.175600,  0, 45,0
87613,2007-02-20 23:57:50,121.560000,31.175600,  0, 45,0
87613,2007-02-20 23:58:51,121.560000,31.175600,  0, 45,0
87613,2007-02-20 23:59:52,121.560000,31.175600,  0, 45,0
