85507,2007-02-20 00:00:05,121.460800,31.278500,  6, 67,0
85507,2007-02-20 00:00:22,121.461300,31.277800, 36, 22,0
85507,2007-02-20 00:00:38,121.463000,31.278600, 32, 22,0
85507,2007-02-20 00:01:39,121.463300,31.278600,  0,  0,0
85507,2007-02-20 00:02:40,121.463300,31.278600,  0,  0,0
85507,2007-02-20 00:04:42,121.463300,31.278800,  0,  0,0
85507,2007-02-20 00:05:43,121.463300,31.278800,  0,  0,0
85507,2007-02-20 00:08:46,121.463300,31.278800,  0,  0,0
85507,2007-02-20 00:09:47,121.463300,31.278800,  0,  0,0
85507,2007-02-20 00:10:48,121.463300,31.278800,  0,  0,0
85507,2007-02-20 00:11:49,121.463300,31.278800,  0,  0,0
85507,2007-02-20 00:12:50,121.463300,31.278800,  0,  0,0
85507,2007-02-20 00:14:52,121.463300,31.278800,  0,  0,0
85507,2007-02-20 00:15:53,121.463300,31.278800,  0,  0,0
85507,2007-02-20 00:16:54,121.463300,31.278800,  0,  0,0
85507,2007-02-20 00:17:55,121.463300,31.278800,  0,  0,0
85507,2007-02-20 00:18:56,121.463300,31.278800,  0,  0,0
85507,2007-02-20 00:19:57,121.463300,31.278800,  0,  0,0
85507,2007-02-20 00:20:58,121.463300,31.278800,  0,  0,0
85507,2007-02-20 00:21:59,121.463300,31.278800,  0,  0,0
85507,2007-02-20 00:23:00,121.463300,31.278800,  0,  0,0
85507,2007-02-20 00:24:01,121.463300,31.278800,  0,  0,0
85507,2007-02-20 00:26:03,121.463300,31.278800,  0,  0,0
85507,2007-02-20 00:28:05,121.463300,31.278800,  0,  0,0
85507,2007-02-20 00:29:06,121.463300,31.278800,  0,  0,0
85507,2007-02-20 00:30:07,121.463300,31.278800,  0,  0,0
85507,2007-02-20 00:31:08,121.463300,31.278800,  0,  0,0
85507,2007-02-20 00:32:09,121.463300,31.278800,  0,  0,0
85507,2007-02-20 00:33:10,121.463300,31.278800,  0,  0,0
85507,2007-02-20 00:35:12,121.463300,31.278800,  0,  0,0
85507,2007-02-20 00:36:13,121.463300,31.278800,  0,  0,0
85507,2007-02-20 00:37:14,121.463300,31.278800,  0,  0,0
85507,2007-02-20 00:38:15,121.463300,31.278800,  0,  0,0
85507,2007-02-20 00:39:16,121.463300,31.278800,  0,  0,0
85507,2007-02-20 00:40:17,121.463300,31.278800,  0,  0,0
85507,2007-02-20 00:41:18,121.463300,31.278800,  0,  0,0
85507,2007-02-20 00:42:19,121.463300,31.278800,  0,  0,0
85507,2007-02-20 00:43:20,121.463300,31.278800,  0,  0,0
85507,2007-02-20 00:44:21,121.463300,31.278800,  0,  0,0
85507,2007-02-20 00:45:22,121.463300,31.278800,  0,  0,0
85507,2007-02-20 00:46:23,121.463300,31.278800,  0,  0,0
85507,2007-02-20 00:47:24,121.463500,31.278800,  0,  0,0
85507,2007-02-20 00:49:26,121.463500,31.278800,  0,  0,0
85507,2007-02-20 00:50:27,121.463500,31.278800,  0,  0,0
85507,2007-02-20 00:51:28,121.463500,31.278800,  0,  0,0
85507,2007-02-20 00:52:29,121.463500,31.278800,  0,  0,0
85507,2007-02-20 00:53:30,121.463500,31.278800,  0,  0,0
85507,2007-02-20 00:55:32,121.463500,31.278800,  0,  0,0
85507,2007-02-20 00:56:33,121.463500,31.278800,  0,  0,0
85507,2007-02-20 00:57:34,121.463500,31.278800,  0,  0,0
85507,2007-02-20 00:58:35,121.463500,31.278800,  0,  0,0
85507,2007-02-20 00:59:35,121.463500,31.278800,  0,  0,0
85507,2007-02-20 01:00:36,121.463500,31.278800,  0,  0,0
85507,2007-02-20 01:01:37,121.463100,31.279000,  0,  0,0
85507,2007-02-20 01:02:38,121.463100,31.279000,  0,  0,0
85507,2007-02-20 01:03:39,121.463100,31.279000,  0,  0,0
85507,2007-02-20 01:04:40,121.463100,31.279000,  0,  0,0
85507,2007-02-20 01:05:41,121.463100,31.279000,  0,  0,0
85507,2007-02-20 01:07:43,121.463100,31.279000,  0,  0,0
85507,2007-02-20 01:08:44,121.463100,31.279000,  0,  0,0
85507,2007-02-20 01:09:45,121.463100,31.279000,  0,  0,0
85507,2007-02-20 01:10:46,121.463100,31.279000,  0,  0,0
85507,2007-02-20 01:11:47,121.463100,31.279000,  0,  0,0
85507,2007-02-20 01:12:48,121.463100,31.279000,  0,  0,0
85507,2007-02-20 01:13:49,121.463100,31.279000,  0,  0,0
85507,2007-02-20 01:14:50,121.463100,31.279000,  0,  0,0
85507,2007-02-20 01:15:51,121.463100,31.279000,  0,  0,0
85507,2007-02-20 01:16:52,121.463100,31.279000,  0,  0,0
85507,2007-02-20 01:17:53,121.463100,31.279000,  0,  0,0
85507,2007-02-20 01:19:55,121.463100,31.279000,  0,  0,0
85507,2007-02-20 01:20:56,121.463100,31.279000,  0,  0,0
85507,2007-02-20 01:21:57,121.463300,31.278800,  0,  0,0
85507,2007-02-20 01:22:58,121.463300,31.278800,  0,  0,0
85507,2007-02-20 01:23:59,121.463300,31.278800,  0,  0,0
85507,2007-02-20 01:25:00,121.463300,31.278800,  0,  0,0
85507,2007-02-20 01:26:00,121.463300,31.278800,  0,  0,0
85507,2007-02-20 01:27:02,121.463300,31.278800,  0,  0,0
85507,2007-02-20 01:28:03,121.463300,31.278800,  0,  0,0
85507,2007-02-20 01:29:04,121.463300,31.278800,  0,  0,0
85507,2007-02-20 01:30:05,121.463300,31.278800,  0,  0,0
85507,2007-02-20 01:31:05,121.463300,31.278800,  0,  0,0
85507,2007-02-20 01:32:07,121.463300,31.278800,  0,  0,0
85507,2007-02-20 01:33:08,121.463300,31.278800,  0,  0,0
85507,2007-02-20 01:34:09,121.463300,31.278800,  0,  0,0
85507,2007-02-20 01:35:10,121.463300,31.278800,  0,  0,0
85507,2007-02-20 01:36:10,121.463300,31.278800,  0,  0,0
85507,2007-02-20 01:37:12,121.463300,31.278800,  0,  0,0
85507,2007-02-20 01:39:14,121.463300,31.278800,  0,  0,0
85507,2007-02-20 01:40:15,121.463300,31.278800,  0,  0,0
85507,2007-02-20 01:41:15,121.463300,31.278800,  0,  0,0
85507,2007-02-20 01:42:17,121.463300,31.278800,  0,  0,0
85507,2007-02-20 01:43:18,121.463300,31.278800,  0,  0,0
85507,2007-02-20 01:44:19,121.463300,31.278800,  0,  0,0
85507,2007-02-20 01:45:20,121.463300,31.278800,  0,  0,0
85507,2007-02-20 01:47:22,121.463300,31.278800,  0,  0,0
85507,2007-02-20 01:48:23,121.463300,31.278800,  0,  0,0
85507,2007-02-20 01:49:24,121.463300,31.278800,  0,  0,0
85507,2007-02-20 01:50:25,121.463300,31.278600,  0,  0,0
85507,2007-02-20 01:51:25,121.463300,31.278600,  0,  0,0
85507,2007-02-20 01:52:27,121.463300,31.278600,  0,  0,0
85507,2007-02-20 01:54:29,121.463300,31.278600,  0,157,0
85507,2007-02-20 01:55:30,121.463300,31.278600,  0,157,0
85507,2007-02-20 01:56:30,121.463300,31.278600,  0,157,0
85507,2007-02-20 01:57:32,121.463300,31.278600,  0,157,0
85507,2007-02-20 01:58:33,121.463300,31.278600,  0,157,0
85507,2007-02-20 02:00:35,121.463300,31.278600,  0,157,0
85507,2007-02-20 02:01:35,121.463300,31.278600,  0,157,0
85507,2007-02-20 02:02:37,121.463300,31.278600,  0,157,0
85507,2007-02-20 02:03:38,121.463300,31.278600,  0,157,0
85507,2007-02-20 02:04:48,121.463300,31.278600,  0,157,0
85507,2007-02-20 02:05:48,121.463300,31.278600,  0,157,0
85507,2007-02-20 02:07:50,121.463300,31.278600,  0,157,0
85507,2007-02-20 02:08:50,121.463300,31.278600,  0,157,0
85507,2007-02-20 02:09:52,121.463300,31.278600,  0,157,0
85507,2007-02-20 02:10:53,121.463300,31.278600,  0,157,0
85507,2007-02-20 02:11:54,121.463300,31.278600,  0,157,0
85507,2007-02-20 02:12:55,121.463300,31.278600,  0,157,0
85507,2007-02-20 02:13:55,121.463300,31.278600,  0,157,0
85507,2007-02-20 02:14:57,121.463300,31.278600,  0,157,0
85507,2007-02-20 02:15:58,121.463300,31.278600,  0,157,0
85507,2007-02-20 02:16:59,121.463300,31.278600,  0,157,0
85507,2007-02-20 02:18:00,121.463300,31.278600,  0, 45,0
85507,2007-02-20 02:19:00,121.463300,31.278600,  0, 45,0
85507,2007-02-20 02:20:02,121.463300,31.278600,  0, 45,0
85507,2007-02-20 02:22:04,121.463300,31.278600,  0, 45,0
85507,2007-02-20 02:23:05,121.463300,31.278600,  0, 45,0
85507,2007-02-20 02:24:05,121.463300,31.278600,  0, 45,0
85507,2007-02-20 02:25:07,121.463300,31.278600,  0, 45,0
85507,2007-02-20 02:26:08,121.463300,31.278600,  0, 45,0
85507,2007-02-20 02:27:09,121.463300,31.278600,  0, 45,0
85507,2007-02-20 02:28:10,121.463300,31.278600,  0, 45,0
85507,2007-02-20 02:29:10,121.463300,31.278600,  0, 45,0
85507,2007-02-20 02:30:12,121.463300,31.278600,  0, 45,0
85507,2007-02-20 02:31:13,121.463300,31.278600,  0, 45,0
85507,2007-02-20 02:32:14,121.463300,31.278600,  0, 45,0
85507,2007-02-20 02:33:15,121.463300,31.278600,  0, 45,0
85507,2007-02-20 02:34:15,121.463300,31.278600,  0, 45,0
85507,2007-02-20 02:35:17,121.463300,31.278600,  0, 45,0
85507,2007-02-20 02:36:18,121.463300,31.278600,  0, 45,0
85507,2007-02-20 02:37:19,121.463300,31.278600,  0, 45,0
85507,2007-02-20 02:39:20,121.463300,31.278600,  0, 90,0
85507,2007-02-20 02:40:03,121.463300,31.278600,  0,157,0
85507,2007-02-20 02:41:03,121.463300,31.278600,  0,157,0
85507,2007-02-20 02:44:05,121.463000,31.277300, 10, 90,0
85507,2007-02-20 02:45:07,121.462800,31.277100,  0, 90,0
85507,2007-02-20 02:46:08,121.462800,31.277100,  0, 90,0
85507,2007-02-20 02:47:09,121.462800,31.277100,  0, 90,0
85507,2007-02-20 02:48:10,121.463100,31.278600,  0, 90,0
85507,2007-02-20 02:49:10,121.463100,31.278600,  0, 90,0
85507,2007-02-20 02:50:12,121.463100,31.278600,  0, 90,0
85507,2007-02-20 02:51:13,121.463100,31.278500,  0, 90,0
85507,2007-02-20 02:52:14,121.463100,31.278500,  0, 90,0
85507,2007-02-20 02:53:15,121.463100,31.278800,  0,  0,0
85507,2007-02-20 02:54:15,121.463100,31.278800,  0,  0,0
85507,2007-02-20 02:55:17,121.463100,31.278800,  0,  0,0
85507,2007-02-20 02:56:18,121.463100,31.278800,  0,  0,0
85507,2007-02-20 02:57:19,121.463100,31.278800,  0,  0,0
85507,2007-02-20 02:58:20,121.463100,31.278800,  0,  0,0
85507,2007-02-20 02:59:20,121.463100,31.278800,  0,  0,0
85507,2007-02-20 03:00:22,121.463100,31.278800,  0,  0,0
85507,2007-02-20 03:02:24,121.463100,31.278800,  0,  0,0
85507,2007-02-20 03:03:25,121.463100,31.278800,  0,  0,0
85507,2007-02-20 03:04:25,121.463100,31.278800,  0,  0,0
85507,2007-02-20 03:05:27,121.463100,31.278800,  0,  0,0
85507,2007-02-20 03:07:29,121.463100,31.278800,  0,  0,0
85507,2007-02-20 03:08:30,121.463100,31.278800,  0,  0,0
85507,2007-02-20 03:09:30,121.463100,31.278800,  0,  0,0
85507,2007-02-20 03:10:32,121.463100,31.278800,  0,  0,0
85507,2007-02-20 03:11:33,121.463100,31.278800,  0,  0,0
85507,2007-02-20 03:12:34,121.463100,31.278800,  0,  0,0
85507,2007-02-20 03:13:35,121.463100,31.278800,  0,135,0
85507,2007-02-20 03:15:37,121.463100,31.278800,  0,135,0
85507,2007-02-20 03:16:38,121.463100,31.278800,  0,135,0
85507,2007-02-20 03:17:39,121.463100,31.278800,  0,135,0
85507,2007-02-20 03:18:40,121.463100,31.278800,  0,135,0
85507,2007-02-20 03:19:40,121.463100,31.278800,  0,135,0
85507,2007-02-20 03:20:42,121.463100,31.278800,  0,135,0
85507,2007-02-20 03:21:43,121.463100,31.278800,  0,  0,0
85507,2007-02-20 03:22:44,121.463100,31.278800,  0,  0,0
85507,2007-02-20 03:23:45,121.463100,31.278800,  0,  0,0
85507,2007-02-20 03:24:45,121.463100,31.278800,  0, 90,0
85507,2007-02-20 03:25:47,121.463100,31.278800,  0,157,0
85507,2007-02-20 03:26:48,121.463100,31.278800,  0,157,0
85507,2007-02-20 03:27:49,121.463100,31.278800,  0,157,0
85507,2007-02-20 03:28:50,121.463100,31.278800,  0,157,0
85507,2007-02-20 03:29:50,121.463100,31.278800,  0,157,0
85507,2007-02-20 03:30:52,121.463100,31.278800,  0,157,0
85507,2007-02-20 03:31:53,121.463100,31.278800,  0,157,0
85507,2007-02-20 03:32:54,121.463100,31.278800,  0,157,0
85507,2007-02-20 03:33:55,121.463100,31.278800,  0,157,0
85507,2007-02-20 03:34:55,121.463100,31.278800,  0,157,0
85507,2007-02-20 03:35:57,121.463100,31.278800,  0,157,0
85507,2007-02-20 03:36:58,121.463100,31.278800,  0,157,0
85507,2007-02-20 03:37:59,121.463100,31.278800,  0,157,0
85507,2007-02-20 03:40:00,121.463100,31.278800,  0,157,0
85507,2007-02-20 03:41:02,121.463100,31.278800,  0,157,0
85507,2007-02-20 03:42:03,121.463100,31.278800,  0,157,0
85507,2007-02-20 03:43:04,121.463100,31.278800,  0,157,0
85507,2007-02-20 03:44:05,121.463100,31.278800,  0,157,0
85507,2007-02-20 03:45:05,121.463100,31.278800,  0,157,0
85507,2007-02-20 03:46:07,121.463100,31.278800,  0,157,0
85507,2007-02-20 03:47:08,121.463100,31.278800,  0,157,0
85507,2007-02-20 03:48:09,121.463100,31.278800,  0,157,0
85507,2007-02-20 03:49:10,121.463100,31.278800,  0,157,0
85507,2007-02-20 03:50:10,121.463100,31.278800,  0,157,0
85507,2007-02-20 03:51:12,121.463100,31.278800,  0,157,0
85507,2007-02-20 03:52:13,121.463100,31.278800,  0,157,0
85507,2007-02-20 03:53:14,121.463100,31.278800,  0,157,0
85507,2007-02-20 03:54:15,121.463100,31.278800,  0,157,0
85507,2007-02-20 03:55:15,121.463100,31.278800,  0,157,0
85507,2007-02-20 03:56:17,121.463100,31.278800,  0,157,0
85507,2007-02-20 03:57:18,121.463100,31.278800,  0,157,0
85507,2007-02-20 03:58:19,121.463100,31.278800,  0,157,0
85507,2007-02-20 03:59:20,121.463100,31.278600,  0,157,0
85507,2007-02-20 04:01:22,121.463100,31.278600,  0,157,0
85507,2007-02-20 04:02:23,121.463100,31.278600,  0, 67,0
85507,2007-02-20 04:03:24,121.463100,31.278600,  0, 67,0
85507,2007-02-20 04:04:25,121.463100,31.278600,  0, 67,0
85507,2007-02-20 04:05:25,121.463100,31.278600,  0, 67,0
85507,2007-02-20 04:06:27,121.463100,31.278600,  0, 67,0
85507,2007-02-20 04:07:28,121.463100,31.278600,  0, 67,0
85507,2007-02-20 04:08:29,121.463100,31.278600,  0, 67,0
85507,2007-02-20 04:09:30,121.463100,31.278600,  0, 67,0
85507,2007-02-20 04:10:30,121.463100,31.278600,  0, 67,0
85507,2007-02-20 04:11:32,121.463100,31.278600,  0, 67,0
85507,2007-02-20 04:12:33,121.463100,31.278600,  0, 67,0
85507,2007-02-20 04:13:34,121.463100,31.278600,  0, 67,0
85507,2007-02-20 04:14:35,121.463300,31.278600,  0, 22,0
85507,2007-02-20 04:15:35,121.463300,31.278600,  0, 22,0
85507,2007-02-20 04:16:37,121.463300,31.278600,  0, 22,0
85507,2007-02-20 04:17:38,121.463300,31.278600,  0, 90,0
85507,2007-02-20 04:18:39,121.463300,31.278600,  0, 90,0
85507,2007-02-20 04:19:40,121.463300,31.278600,  0, 90,0
85507,2007-02-20 04:21:42,121.463300,31.278600,  0, 90,0
85507,2007-02-20 04:22:43,121.463300,31.278600,  0, 90,0
85507,2007-02-20 04:23:44,121.463300,31.278600,  0, 90,0
85507,2007-02-20 04:25:45,121.463300,31.278600,  0, 90,0
85507,2007-02-20 04:26:47,121.463300,31.278600,  0, 90,0
85507,2007-02-20 04:27:48,121.463300,31.278600,  0, 90,0
85507,2007-02-20 04:28:49,121.463300,31.278600,  0,112,0
85507,2007-02-20 04:29:50,121.463300,31.278600,  0,112,0
85507,2007-02-20 04:30:50,121.463300,31.278600,  0,112,0
85507,2007-02-20 04:31:52,121.463300,31.278600,  0,112,0
85507,2007-02-20 04:32:53,121.463300,31.278600,  0,112,0
85507,2007-02-20 04:33:54,121.463300,31.278600,  0,112,0
85507,2007-02-20 04:34:55,121.463300,31.278600,  0, 67,0
85507,2007-02-20 04:35:55,121.463300,31.278600,  0, 67,0
85507,2007-02-20 04:36:57,121.463300,31.278600,  0, 67,0
85507,2007-02-20 04:37:58,121.463300,31.278600,  0,  0,0
85507,2007-02-20 04:38:59,121.463300,31.278600,  0,  0,0
85507,2007-02-20 04:39:15,121.463300,31.279600, 48,  0,0
85507,2007-02-20 04:39:30,121.463500,31.281300, 38,  0,0
85507,2007-02-20 04:39:52,121.463100,31.281800, 38,135,0
85507,2007-02-20 04:40:08,121.461300,31.282000, 36,135,0
85507,2007-02-20 04:40:49,121.460100,31.282100, 32,135,0
85507,2007-02-20 04:41:05,121.458000,31.281800, 50,135,0
85507,2007-02-20 04:41:20,121.456100,31.281500, 48,135,0
85507,2007-02-20 04:41:37,121.454000,31.281300, 48,135,0
85507,2007-02-20 04:41:53,121.451800,31.281300, 48,135,0
85507,2007-02-20 04:42:23,121.450600,31.281100, 24,135,0
85507,2007-02-20 04:42:39,121.448800,31.281100, 40,135,0
85507,2007-02-20 04:42:55,121.447500,31.281500, 30,  0,0
85507,2007-02-20 04:43:10,121.447300,31.283300, 60,  0,0
85507,2007-02-20 04:43:27,121.447100,31.285800, 68,  0,0
85507,2007-02-20 04:43:43,121.446800,31.288300, 80,  0,0
85507,2007-02-20 04:44:00,121.446300,31.291600, 72,  0,0
85507,2007-02-20 04:44:15,121.445800,31.294100, 58,  0,0
85507,2007-02-20 04:44:30,121.446600,31.295500, 44,157,0
85507,2007-02-20 04:44:47,121.444600,31.296000, 48,135,0
85507,2007-02-20 04:45:03,121.443100,31.294500, 54,112,0
85507,2007-02-20 04:45:19,121.440800,31.293800, 72,135,0
85507,2007-02-20 04:45:35,121.437600,31.293000, 72,135,0
85507,2007-02-20 04:45:50,121.434800,31.292600, 64,135,0
85507,2007-02-20 04:46:07,121.432100,31.292100, 70,135,0
85507,2007-02-20 04:46:23,121.429500,31.291600, 48,135,0
85507,2007-02-20 04:46:39,121.427600,31.291300, 30,135,0
85507,2007-02-20 04:47:10,121.427800,31.290000, 12, 90,0
85507,2007-02-20 04:47:43,121.421300,31.289600, 54,135,0
85507,2007-02-20 04:47:59,121.419000,31.289500, 42,135,0
85507,2007-02-20 04:48:15,121.416500,31.290500, 58,135,0
85507,2007-02-20 04:48:30,121.414600,31.290300, 46,157,0
85507,2007-02-20 04:48:47,121.413600,31.292100, 56,157,0
85507,2007-02-20 04:49:03,121.413300,31.293500, 24,  0,0
85507,2007-02-20 04:49:22,121.413100,31.294500, 16,157,0
85507,2007-02-20 04:49:45,121.412500,31.295100, 18,157,0
85507,2007-02-20 04:50:45,121.412000,31.295600,  0,157,0
85507,2007-02-20 04:51:47,121.412000,31.295600,  0,157,0
85507,2007-02-20 04:52:14,121.412300,31.294600, 48,157,0
85507,2007-02-20 04:52:30,121.411100,31.296500, 46,157,0
85507,2007-02-20 04:52:46,121.410300,31.297800, 56,157,0
85507,2007-02-20 04:53:02,121.409300,31.300000, 62,  0,0
85507,2007-02-20 04:53:18,121.409100,31.302300, 66,  0,0
85507,2007-02-20 04:53:34,121.409000,31.305000, 70,  0,0
85507,2007-02-20 04:53:50,121.408600,31.307600, 66,  0,0
85507,2007-02-20 04:54:06,121.407500,31.309800, 52,157,0
85507,2007-02-20 04:54:22,121.406300,31.311800, 64,157,0
85507,2007-02-20 04:54:38,121.405000,31.314000, 60,157,0
85507,2007-02-20 04:54:54,121.404600,31.315800, 50,  0,0
85507,2007-02-20 04:55:10,121.403500,31.317300, 52,  0,0
85507,2007-02-20 04:55:26,121.403100,31.319500, 60,  0,0
85507,2007-02-20 04:55:42,121.402600,31.322000, 70,  0,0
85507,2007-02-20 04:55:59,121.402500,31.324500, 68,  0,0
85507,2007-02-20 04:56:14,121.402300,31.326800, 64,  0,0
85507,2007-02-20 04:56:30,121.402100,31.328100,  8,157,0
85507,2007-02-20 04:57:05,121.402000,31.329100, 38,  0,0
85507,2007-02-20 04:57:21,121.401500,31.330500, 50,  0,0
85507,2007-02-20 04:57:37,121.401000,31.332500, 54,  0,0
85507,2007-02-20 04:57:53,121.400300,31.334500, 52,  0,0
85507,2007-02-20 04:58:09,121.399500,31.336500, 58,157,0
85507,2007-02-20 04:58:25,121.398100,31.338500, 60,157,0
85507,2007-02-20 04:58:41,121.397000,31.340300, 56,157,0
85507,2007-02-20 04:58:57,121.395800,31.342000, 50,157,0
85507,2007-02-20 04:59:13,121.394600,31.343500, 40,157,0
85507,2007-02-20 05:00:30,121.393500,31.344300,  0,157,0
85507,2007-02-20 05:01:00,121.392300,31.344000, 44,112,0
85507,2007-02-20 05:01:16,121.390500,31.343300, 42,112,0
85507,2007-02-20 05:02:17,121.389600,31.343000,  0,135,0
85507,2007-02-20 05:03:18,121.389600,31.343000,  0,135,0
85507,2007-02-20 05:04:19,121.389600,31.343000,  0,135,0
85507,2007-02-20 05:06:21,121.389600,31.343000,  0,135,0
85507,2007-02-20 05:07:22,121.389600,31.343000,  0,135,0
85507,2007-02-20 05:09:24,121.389600,31.343000,  0,135,0
85507,2007-02-20 05:10:25,121.389600,31.343000,  4,157,0
85507,2007-02-20 05:12:27,121.389600,31.343000,  0,157,0
85507,2007-02-20 05:13:18,121.390800,31.343300, 44, 22,0
85507,2007-02-20 05:13:34,121.392100,31.344100, 26, 22,0
85507,2007-02-20 05:14:09,121.394300,31.344800,  8, 67,0
85507,2007-02-20 05:16:11,121.394300,31.344600,  0, 90,0
85507,2007-02-20 05:17:12,121.394300,31.344600,  0, 90,0
85507,2007-02-20 05:18:13,121.394300,31.344600,  0, 90,0
85507,2007-02-20 05:19:14,121.394300,31.344600,  0, 90,0
85507,2007-02-20 05:21:16,121.394300,31.344600,  0, 90,0
85507,2007-02-20 05:22:17,121.394300,31.344800,  0,  0,0
85507,2007-02-20 05:23:18,121.394300,31.344800,  0,  0,0
85507,2007-02-20 05:24:19,121.394300,31.344800,  0,  0,0
85507,2007-02-20 05:25:20,121.394300,31.344800,  0,  0,0
85507,2007-02-20 05:26:21,121.394300,31.344800,  0,  0,0
85507,2007-02-20 05:27:22,121.394300,31.344800,  0,  0,0
85507,2007-02-20 05:28:23,121.394300,31.344800,  0,  0,0
85507,2007-02-20 05:29:24,121.394300,31.344800,  0,  0,0
85507,2007-02-20 05:31:26,121.394300,31.344800,  0,  0,0
85507,2007-02-20 05:32:27,121.394300,31.344800,  0,  0,0
85507,2007-02-20 05:33:28,121.394300,31.344800,  0,  0,0
85507,2007-02-20 05:34:29,121.394300,31.344800,  0,  0,0
85507,2007-02-20 05:35:30,121.394300,31.344800,  0,  0,0
85507,2007-02-20 05:36:31,121.394300,31.344800,  0,  0,0
85507,2007-02-20 05:37:32,121.394300,31.344800,  0,  0,0
85507,2007-02-20 05:38:33,121.394300,31.344800,  0,  0,0
85507,2007-02-20 05:39:34,121.394300,31.344800,  0,  0,0
85507,2007-02-20 05:40:34,121.394300,31.344800,  0,  0,0
85507,2007-02-20 05:41:35,121.394300,31.344800,  0,  0,0
85507,2007-02-20 05:42:36,121.394300,31.344800,  0,  0,0
85507,2007-02-20 05:43:37,121.394300,31.344800,  0,  0,0
85507,2007-02-20 05:44:38,121.394300,31.344800,  0,  0,0
85507,2007-02-20 05:45:39,121.394300,31.344800,  0,  0,0
85507,2007-02-20 05:46:40,121.394300,31.344800,  0,  0,0
85507,2007-02-20 05:47:41,121.394300,31.344800,  0,  0,0
85507,2007-02-20 05:48:42,121.394300,31.344800,  0,  0,0
85507,2007-02-20 05:49:43,121.394300,31.344800,  0,  0,0
85507,2007-02-20 05:50:44,121.394300,31.344800,  0,  0,0
85507,2007-02-20 05:51:45,121.394300,31.344800,  0,  0,0
85507,2007-02-20 05:52:46,121.394300,31.344800,  0,157,0
85507,2007-02-20 05:53:47,121.394300,31.344800,  0,157,0
85507,2007-02-20 05:54:48,121.394500,31.344600,  0, 67,0
85507,2007-02-20 05:55:49,121.394500,31.344600,  0, 67,0
85507,2007-02-20 05:56:50,121.394500,31.344600,  0, 67,0
85507,2007-02-20 05:57:51,121.394500,31.344600,  0, 67,0
85507,2007-02-20 05:58:52,121.394500,31.344600,  0, 67,0
85507,2007-02-20 05:59:53,121.394100,31.344100,  0, 67,0
85507,2007-02-20 06:00:54,121.394300,31.345000,  0, 67,0
85507,2007-02-20 06:01:55,121.394100,31.344800,  0, 22,0
85507,2007-02-20 06:02:56,121.394100,31.344800,  0, 22,0
85507,2007-02-20 06:03:57,121.394100,31.344800,  0, 22,0
85507,2007-02-20 06:04:58,121.394100,31.344800,  0, 22,0
85507,2007-02-20 06:05:59,121.394100,31.344800,  0, 22,0
85507,2007-02-20 06:07:00,121.394100,31.344800,  0, 22,0
85507,2007-02-20 06:08:01,121.394100,31.344800,  0, 22,0
85507,2007-02-20 06:09:02,121.394100,31.344800,  0, 22,0
85507,2007-02-20 06:10:03,121.394100,31.344800,  0, 22,0
85507,2007-02-20 06:11:04,121.394100,31.344800,  0, 22,0
85507,2007-02-20 06:12:05,121.394100,31.344800,  0, 22,0
85507,2007-02-20 06:13:06,121.394100,31.344800,  0, 22,0
85507,2007-02-20 06:14:07,121.394100,31.344800,  0, 22,0
85507,2007-02-20 06:15:08,121.394100,31.344800,  0, 22,0
85507,2007-02-20 06:16:09,121.394100,31.344800,  0, 22,0
85507,2007-02-20 06:17:10,121.394100,31.344800,  0, 22,0
85507,2007-02-20 06:18:11,121.394100,31.344800,  0, 22,0
85507,2007-02-20 06:19:12,121.394100,31.344800,  0, 22,0
85507,2007-02-20 06:20:13,121.394100,31.344800,  0, 22,0
85507,2007-02-20 06:21:14,121.394100,31.344800,  0, 22,0
85507,2007-02-20 06:22:15,121.394100,31.344800,  0, 22,0
85507,2007-02-20 06:23:16,121.394100,31.344800,  0, 22,0
85507,2007-02-20 06:24:17,121.394100,31.344800,  0, 22,0
85507,2007-02-20 06:25:18,121.394100,31.344800,  0, 22,0
85507,2007-02-20 06:26:19,121.394100,31.345000,  0, 22,0
85507,2007-02-20 06:27:20,121.394100,31.345000,  0, 22,0
85507,2007-02-20 06:28:21,121.394100,31.345000,  0, 22,0
85507,2007-02-20 06:29:22,121.394100,31.345000,  0, 22,0
85507,2007-02-20 06:31:24,121.394100,31.345000,  0, 22,0
85507,2007-02-20 06:32:25,121.394100,31.345000,  0, 22,0
85507,2007-02-20 06:33:43,121.394100,31.345000,  0, 22,0
85507,2007-02-20 06:34:43,121.394100,31.345000,  0, 22,0
85507,2007-02-20 06:36:45,121.394100,31.345000,  0, 22,0
85507,2007-02-20 06:37:46,121.394100,31.345000,  0, 22,0
85507,2007-02-20 06:38:47,121.394100,31.345000,  0, 22,0
85507,2007-02-20 06:39:48,121.394100,31.345000,  0, 22,0
85507,2007-02-20 06:40:49,121.394100,31.345000,  0, 22,0
85507,2007-02-20 06:41:50,121.394100,31.345000,  0, 22,0
85507,2007-02-20 06:43:52,121.394100,31.345000,  0, 22,0
85507,2007-02-20 06:44:53,121.394100,31.345000,  0, 22,0
85507,2007-02-20 06:45:54,121.394100,31.345000,  0, 22,0
85507,2007-02-20 06:46:55,121.394100,31.345000,  0, 22,0
85507,2007-02-20 06:47:56,121.394100,31.345000,  0, 22,0
85507,2007-02-20 06:48:57,121.394100,31.345000,  0, 22,0
85507,2007-02-20 06:49:58,121.394100,31.345000,  0, 22,0
85507,2007-02-20 06:50:59,121.394100,31.345000,  0, 22,0
85507,2007-02-20 06:53:01,121.394100,31.345000,  0, 22,0
85507,2007-02-20 06:54:02,121.394100,31.345000,  0, 22,0
85507,2007-02-20 06:55:03,121.394100,31.345000,  0, 22,0
85507,2007-02-20 06:56:04,121.394100,31.345000,  0, 22,0
85507,2007-02-20 06:57:05,121.394100,31.345000,  0, 22,0
85507,2007-02-20 06:58:06,121.394100,31.345000,  0, 22,0
85507,2007-02-20 06:59:07,121.394100,31.344800,  0, 22,0
85507,2007-02-20 07:00:08,121.394100,31.344800,  0, 22,0
85507,2007-02-20 07:01:09,121.394100,31.344800,  0, 22,0
85507,2007-02-20 07:02:10,121.394100,31.344800,  0, 22,0
85507,2007-02-20 07:03:11,121.394100,31.344800,  0, 22,0
85507,2007-02-20 07:04:12,121.394100,31.344800,  0, 22,0
85507,2007-02-20 07:05:13,121.394100,31.344800,  0, 22,0
85507,2007-02-20 07:07:15,121.394100,31.344800,  0, 22,0
85507,2007-02-20 07:10:18,121.394100,31.344800,  0, 22,0
85507,2007-02-20 07:11:19,121.394100,31.344800,  0, 22,0
85507,2007-02-20 07:12:20,121.394100,31.344800,  0, 22,0
85507,2007-02-20 07:13:21,121.394100,31.344800,  0, 22,0
85507,2007-02-20 07:14:22,121.394100,31.344800,  0, 22,0
85507,2007-02-20 07:15:23,121.394100,31.344800,  0, 22,0
85507,2007-02-20 07:16:24,121.394100,31.344800,  0, 22,0
85507,2007-02-20 07:17:25,121.394100,31.344800,  0, 22,0
85507,2007-02-20 07:18:26,121.394100,31.344800,  0, 22,0
85507,2007-02-20 07:19:27,121.394100,31.344800,  0, 22,0
85507,2007-02-20 07:21:29,121.394100,31.344800,  0, 22,0
85507,2007-02-20 07:24:32,121.394100,31.344800,  0, 22,0
85507,2007-02-20 07:25:33,121.394100,31.344800,  0, 22,0
85507,2007-02-20 07:26:34,121.394100,31.344800,  0, 22,0
85507,2007-02-20 07:27:35,121.394100,31.344800,  0, 22,0
85507,2007-02-20 07:28:36,121.394100,31.344800,  0, 22,0
85507,2007-02-20 07:29:37,121.394100,31.344800,  0, 22,0
85507,2007-02-20 07:30:38,121.394100,31.344800,  0, 22,0
85507,2007-02-20 07:31:39,121.394100,31.344800,  0, 22,0
85507,2007-02-20 07:32:40,121.394100,31.344800,  0, 22,0
85507,2007-02-20 07:33:41,121.394100,31.344800,  0, 22,0
85507,2007-02-20 07:34:42,121.394100,31.344800,  0, 22,0
85507,2007-02-20 07:35:43,121.394100,31.344800,  0, 22,0
85507,2007-02-20 07:36:44,121.394100,31.344800,  0, 22,0
85507,2007-02-20 07:37:45,121.394100,31.344800,  0, 22,0
85507,2007-02-20 07:38:46,121.394100,31.344800,  0, 22,0
85507,2007-02-20 07:39:47,121.394100,31.344800,  0, 22,0
85507,2007-02-20 07:40:48,121.394100,31.344800, 18,112,0
85507,2007-02-20 07:41:04,121.393500,31.344100, 34, 67,0
85507,2007-02-20 07:41:20,121.395000,31.342800, 64, 67,0
85507,2007-02-20 07:41:36,121.396600,31.340600, 80, 67,0
85507,2007-02-20 07:41:52,121.398500,31.337800, 84, 67,0
85507,2007-02-20 07:42:08,121.400000,31.335000, 80, 90,0
85507,2007-02-20 07:42:24,121.400800,31.332800, 72, 90,0
85507,2007-02-20 07:42:40,121.401500,31.330100, 68, 90,0
85507,2007-02-20 07:42:56,121.402000,31.328000, 40, 90,0
85507,2007-02-20 07:45:08,121.406600,31.309800, 36,135,0
85507,2007-02-20 07:45:23,121.405300,31.309600, 20,112,0
85507,2007-02-20 07:45:39,121.405600,31.308500, 36, 67,0
85507,2007-02-20 07:45:56,121.406100,31.307500, 40, 67,0
85507,2007-02-20 07:46:12,121.406800,31.306000, 40, 90,0
85507,2007-02-20 07:46:28,121.406800,31.304800, 30, 90,0
85507,2007-02-20 07:46:45,121.407500,31.304300, 30, 45,0
85507,2007-02-20 07:47:01,121.408600,31.304100, 28, 67,0
85507,2007-02-20 07:47:17,121.408800,31.302500, 54, 90,0
85507,2007-02-20 07:47:33,121.409100,31.300300, 64, 90,0
85507,2007-02-20 07:47:49,121.410000,31.298000, 64, 67,0
85507,2007-02-20 07:48:14,121.410500,31.297000, 14, 67,0
85507,2007-02-20 07:48:46,121.412300,31.294100, 48, 67,0
85507,2007-02-20 07:49:02,121.413300,31.292500, 48, 67,0
85507,2007-02-20 07:49:50,121.413000,31.289500, 36,135,0
85507,2007-02-20 07:50:09,121.411800,31.289100, 12,112,0
85507,2007-02-20 07:51:10,121.411100,31.288800,  0,112,0
85507,2007-02-20 07:51:26,121.411600,31.287600, 44, 90,0
85507,2007-02-20 07:51:42,121.411800,31.286100, 34, 90,0
85507,2007-02-20 07:51:58,121.411100,31.285500, 42,135,0
85507,2007-02-20 07:52:28,121.407300,31.285300, 28,135,0
85507,2007-02-20 07:52:30,121.407100,31.285300, 26,135,0
85507,2007-02-20 07:52:46,121.406500,31.284800, 38, 90,0
85507,2007-02-20 07:53:02,121.406500,31.283500, 26, 90,0
85507,2007-02-20 07:53:18,121.406500,31.282000, 32, 90,0
85507,2007-02-20 07:53:51,121.404600,31.281100, 38,135,0
85507,2007-02-20 07:54:07,121.402800,31.281100, 46,135,0
85507,2007-02-20 07:54:23,121.401600,31.280600, 36, 90,0
85507,2007-02-20 07:54:39,121.401600,31.279100, 42, 90,0
85507,2007-02-20 07:54:55,121.401600,31.277600, 44, 90,0
85507,2007-02-20 07:55:11,121.401000,31.276000, 44, 90,0
85507,2007-02-20 07:55:27,121.400600,31.274500, 42, 90,0
85507,2007-02-20 07:55:43,121.400600,31.273000, 36, 90,0
85507,2007-02-20 07:55:59,121.400600,31.271600, 24, 90,0
85507,2007-02-20 07:56:21,121.400500,31.270600, 30, 90,0
85507,2007-02-20 07:56:37,121.400500,31.269300, 38, 90,0
85507,2007-02-20 07:58:39,121.400600,31.268800,  0,  0,0
85507,2007-02-20 08:00:41,121.400600,31.268800,  0,  0,0
85507,2007-02-20 08:01:42,121.400600,31.268800,  0,  0,0
85507,2007-02-20 08:02:43,121.400600,31.268800,  0,  0,0
85507,2007-02-20 08:03:44,121.400600,31.268800,  0,  0,0
85507,2007-02-20 08:04:44,121.400600,31.268800,  0,  0,0
85507,2007-02-20 08:05:46,121.400600,31.268800,  0,  0,0
85507,2007-02-20 08:06:47,121.400500,31.268800,  0,  0,0
85507,2007-02-20 08:07:48,121.400500,31.268800,  0,  0,0
85507,2007-02-20 08:08:49,121.400500,31.268800,  0,  0,0
85507,2007-02-20 08:09:49,121.400500,31.268800,  0,135,0
85507,2007-02-20 08:10:51,121.400500,31.268800,  0,135,0
85507,2007-02-20 08:11:52,121.400500,31.268800,  0,135,0
85507,2007-02-20 08:12:53,121.400500,31.268800,  0,135,0
85507,2007-02-20 08:13:54,121.400600,31.269000,  0,135,0
85507,2007-02-20 08:14:55,121.400600,31.269000,  0,135,0
85507,2007-02-20 08:15:56,121.400600,31.269000,  0,135,0
85507,2007-02-20 08:16:57,121.400600,31.269000,  0,135,0
85507,2007-02-20 08:17:58,121.400600,31.269000,  0,135,0
85507,2007-02-20 08:18:59,121.400600,31.269000,  0,135,0
85507,2007-02-20 08:19:59,121.400600,31.269000,  0,135,0
85507,2007-02-20 08:21:01,121.400600,31.269000,  0,135,0
85507,2007-02-20 08:22:02,121.400600,31.269000,  0,135,0
85507,2007-02-20 08:23:03,121.400600,31.269000,  0,135,0
85507,2007-02-20 08:26:06,121.400600,31.269000,  0,135,0
85507,2007-02-20 08:27:07,121.400600,31.269000,  0,  0,0
85507,2007-02-20 08:28:08,121.400600,31.269000,  0,  0,0
85507,2007-02-20 08:29:09,121.400600,31.269000,  0,  0,0
85507,2007-02-20 08:30:09,121.400600,31.269000,  0,  0,0
85507,2007-02-20 08:31:11,121.400600,31.269000,  0,  0,0
85507,2007-02-20 08:32:12,121.400600,31.269000,  0,  0,0
85507,2007-02-20 08:33:13,121.400600,31.269100,  0,  0,0
85507,2007-02-20 08:34:14,121.400600,31.269100,  0,  0,0
85507,2007-02-20 08:35:14,121.400600,31.269100,  0,  0,0
85507,2007-02-20 08:36:16,121.400600,31.269100,  0,  0,0
85507,2007-02-20 08:37:17,121.400600,31.269100,  0,  0,0
85507,2007-02-20 08:38:18,121.400600,31.269100,  0,  0,0
85507,2007-02-20 08:39:19,121.400600,31.269100,  0,  0,0
85507,2007-02-20 08:40:19,121.400600,31.269100,  0,  0,0
85507,2007-02-20 08:41:21,121.400600,31.269100,  0,  0,0
85507,2007-02-20 08:42:22,121.400600,31.269300,  0,  0,0
85507,2007-02-20 08:43:23,121.400600,31.269300,  0,  0,0
85507,2007-02-20 08:44:24,121.400600,31.269300,  0,  0,0
85507,2007-02-20 08:45:24,121.400600,31.269300,  0,  0,0
85507,2007-02-20 08:45:43,121.400600,31.269300, 10,  0,1
85507,2007-02-20 08:46:44,121.405500,31.270500,  0, 67,1
85507,2007-02-20 08:48:44,121.413300,31.267100, 40, 45,1
85507,2007-02-20 08:49:44,121.416800,31.266500, 54, 45,1
85507,2007-02-20 08:50:46,121.417500,31.261800, 58, 90,1
85507,2007-02-20 08:51:47,121.417300,31.257800, 22, 90,1
85507,2007-02-20 08:52:48,121.417300,31.255800, 20, 67,1
85507,2007-02-20 08:53:49,121.418100,31.253500, 50, 67,1
85507,2007-02-20 08:54:49,121.421000,31.249100, 40, 67,1
85507,2007-02-20 08:55:51,121.422000,31.247500, 26, 67,1
85507,2007-02-20 08:56:50,121.425000,31.248300,  0, 22,0
85507,2007-02-20 08:57:06,121.425000,31.248300,  0, 22,0
85507,2007-02-20 08:58:07,121.425500,31.248600,  2, 22,0
85507,2007-02-20 08:58:34,121.426100,31.249000, 38, 22,1
85507,2007-02-20 09:01:37,121.424300,31.255300, 32,157,1
85507,2007-02-20 09:02:38,121.423600,31.257800, 14,  0,1
85507,2007-02-20 09:03:39,121.419600,31.256000, 16,135,1
85507,2007-02-20 09:04:39,121.419500,31.258500, 20,  0,1
85507,2007-02-20 09:05:33,121.422000,31.258600,  0, 67,0
85507,2007-02-20 09:05:49,121.422000,31.258600,  0, 67,0
85507,2007-02-20 09:06:33,121.423100,31.258500, 22, 45,0
85507,2007-02-20 09:06:51,121.423600,31.257600, 34, 90,0
85507,2007-02-20 09:07:07,121.424000,31.255800, 44, 90,0
85507,2007-02-20 09:07:39,121.424500,31.254000, 32,112,0
85507,2007-02-20 09:08:08,121.423300,31.253500, 14,112,0
85507,2007-02-20 09:08:26,121.422300,31.253000, 20,112,0
85507,2007-02-20 09:08:43,121.421500,31.253600, 30,157,0
85507,2007-02-20 09:08:59,121.420800,31.254500, 34,157,0
85507,2007-02-20 09:09:16,121.420000,31.255500, 30,157,0
85507,2007-02-20 09:09:32,121.419000,31.255500, 40,112,0
85507,2007-02-20 09:09:48,121.417600,31.254600, 22,135,0
85507,2007-02-20 09:10:04,121.417300,31.256000, 36,  0,0
85507,2007-02-20 09:10:19,121.417300,31.257300, 40,  0,0
85507,2007-02-20 09:10:36,121.416000,31.256800, 58,112,0
85507,2007-02-20 09:10:52,121.414800,31.256000,  0,112,0
85507,2007-02-20 09:11:26,121.414000,31.255500, 30,112,0
85507,2007-02-20 09:11:42,121.412300,31.255000, 40,135,0
85507,2007-02-20 09:12:43,121.411500,31.254800,  0,112,0
85507,2007-02-20 09:13:44,121.411500,31.254800,  0,112,0
85507,2007-02-20 09:14:44,121.411500,31.254800,  0,112,0
85507,2007-02-20 09:15:46,121.411500,31.254800,  0,112,0
85507,2007-02-20 09:16:23,121.410300,31.254500, 40,135,0
85507,2007-02-20 09:16:39,121.408600,31.254000, 38,135,0
85507,2007-02-20 09:17:14,121.410500,31.254500, 38, 45,0
85507,2007-02-20 09:18:08,121.413100,31.255100, 36, 45,0
85507,2007-02-20 09:18:24,121.414500,31.255500, 14, 22,0
85507,2007-02-20 09:19:02,121.416300,31.256800,  6, 22,0
85507,2007-02-20 09:19:42,121.416800,31.256300, 32, 90,0
85507,2007-02-20 09:20:32,121.417600,31.254300, 34, 67,0
85507,2007-02-20 09:21:41,121.419100,31.252000,  8, 67,0
85507,2007-02-20 09:21:58,121.419800,31.251100, 34, 67,0
85507,2007-02-20 09:22:29,121.421500,31.248300, 44, 67,0
85507,2007-02-20 09:22:46,121.421600,31.247100, 30,112,0
85507,2007-02-20 09:23:02,121.420300,31.245800, 46,112,0
85507,2007-02-20 09:23:18,121.419000,31.244600, 46,112,0
85507,2007-02-20 09:23:34,121.418100,31.243600, 32,112,0
85507,2007-02-20 09:23:49,121.416500,31.242500, 62,112,0
85507,2007-02-20 09:24:06,121.414100,31.243100, 26,112,0
85507,2007-02-20 09:24:22,121.412300,31.242300, 54,112,0
85507,2007-02-20 09:24:38,121.410600,31.240500, 60,112,0
85507,2007-02-20 09:24:54,121.409300,31.238800, 52,112,0
85507,2007-02-20 09:25:09,121.408100,31.237100, 54,112,0
85507,2007-02-20 09:25:26,121.406600,31.235100, 70,112,0
85507,2007-02-20 09:25:42,121.405600,31.233000, 60, 90,0
85507,2007-02-20 09:25:58,121.405000,31.230800, 60, 90,0
85507,2007-02-20 09:26:14,121.404100,31.228600, 60, 90,0
85507,2007-02-20 09:26:29,121.403300,31.226600, 60, 90,0
85507,2007-02-20 09:26:46,121.403000,31.225600,  0, 90,0
85507,2007-02-20 09:27:47,121.403000,31.225600,  0, 90,0
85507,2007-02-20 09:29:24,121.404300,31.218800, 48,135,0
85507,2007-02-20 09:29:39,121.402100,31.219100, 50,135,0
85507,2007-02-20 09:30:02,121.400800,31.219500, 28,135,0
85507,2007-02-20 09:30:18,121.399000,31.220100, 54,135,0
85507,2007-02-20 09:30:49,121.394100,31.219600, 50,135,0
85507,2007-02-20 09:31:06,121.391800,31.220100, 56,135,0
85507,2007-02-20 09:31:22,121.389600,31.220000, 46,135,0
85507,2007-02-20 09:31:41,121.388500,31.220000, 10,157,0
85507,2007-02-20 09:31:57,121.388300,31.218800, 48, 90,0
85507,2007-02-20 09:32:13,121.388000,31.217800,  0, 90,0
85507,2007-02-20 09:33:14,121.388000,31.217800,  0, 90,0
85507,2007-02-20 09:34:14,121.388000,31.217800,  0, 90,0
85507,2007-02-20 09:35:16,121.388000,31.217800,  0, 90,0
85507,2007-02-20 09:36:17,121.388500,31.218500,  0, 90,0
85507,2007-02-20 09:37:18,121.388100,31.218100,  0, 90,0
85507,2007-02-20 09:38:19,121.388100,31.218100,  0, 90,0
85507,2007-02-20 09:39:19,121.388100,31.218100,  0, 90,0
85507,2007-02-20 09:40:21,121.388100,31.218100,  0, 90,0
85507,2007-02-20 09:41:22,121.388100,31.218100,  0, 90,0
85507,2007-02-20 09:42:23,121.388100,31.218000,  0, 90,0
85507,2007-02-20 09:43:24,121.388000,31.217800,  0, 90,0
85507,2007-02-20 09:44:24,121.388000,31.217800,  0, 90,0
85507,2007-02-20 09:45:26,121.388100,31.218000,  0, 90,0
85507,2007-02-20 09:46:27,121.388100,31.218000,  0, 90,0
85507,2007-02-20 09:47:28,121.387600,31.217800,  0, 90,0
85507,2007-02-20 09:48:29,121.387600,31.217800,  0, 90,0
85507,2007-02-20 09:49:29,121.387600,31.217100,  0, 90,0
85507,2007-02-20 09:50:31,121.387600,31.217000,  0, 90,0
85507,2007-02-20 09:51:32,121.387800,31.217600,  0, 90,0
85507,2007-02-20 09:52:17,121.387500,31.216600, 38, 90,0
85507,2007-02-20 09:53:01,121.387100,31.215600, 22, 90,0
85507,2007-02-20 09:53:19,121.387000,31.214600, 34, 90,0
85507,2007-02-20 09:53:34,121.386600,31.213600, 28, 90,0
85507,2007-02-20 09:54:36,121.386500,31.212300,  0,112,0
85507,2007-02-20 09:54:59,121.386300,31.211300, 42, 90,0
85507,2007-02-20 09:55:14,121.386100,31.209800, 46, 90,0
85507,2007-02-20 09:55:31,121.386100,31.208500,  0, 90,0
85507,2007-02-20 09:56:08,121.386500,31.206100, 30, 90,0
85507,2007-02-20 09:56:47,121.386500,31.205300, 26, 90,0
85507,2007-02-20 09:57:19,121.387300,31.202800, 20, 90,0
85507,2007-02-20 09:57:34,121.387500,31.202000, 26, 90,0
85507,2007-02-20 09:58:04,121.387600,31.201100, 10, 90,0
85507,2007-02-20 09:58:38,121.387800,31.200800, 32, 90,0
85507,2007-02-20 09:59:09,121.388300,31.198600, 34, 90,0
85507,2007-02-20 09:59:26,121.388800,31.197500, 30, 90,0
85507,2007-02-20 09:59:48,121.388800,31.197600, 20,  0,0
85507,2007-02-20 10:00:49,121.388600,31.198100,  0,157,0
85507,2007-02-20 10:01:49,121.388600,31.198100,  0,157,0
85507,2007-02-20 10:02:51,121.388600,31.198100,  0,157,0
85507,2007-02-20 10:03:21,121.388600,31.198100,  0,157,1
85507,2007-02-20 10:04:22,121.388300,31.198500,  0,157,1
85507,2007-02-20 10:05:23,121.387600,31.199300,  0,157,1
85507,2007-02-20 10:08:26,121.383100,31.189100, 26, 67,1
85507,2007-02-20 10:08:42,121.383300,31.188600,  2, 90,0
85507,2007-02-20 10:09:14,121.383600,31.188600, 18,157,0
85507,2007-02-20 10:09:31,121.382600,31.189600, 36,157,0
85507,2007-02-20 10:09:47,121.381800,31.190600, 38,157,0
85507,2007-02-20 10:10:28,121.381100,31.191600, 36,157,0
85507,2007-02-20 10:10:44,121.380100,31.193100, 50,157,0
85507,2007-02-20 10:10:59,121.379600,31.194300, 28,  0,0
85507,2007-02-20 10:11:16,121.382600,31.195600, 66, 22,0
85507,2007-02-20 10:12:17,121.383300,31.195800,  0, 22,0
85507,2007-02-20 10:12:53,121.384100,31.196300, 32, 22,0
85507,2007-02-20 10:13:09,121.386100,31.197300, 58, 22,0
85507,2007-02-20 10:13:24,121.388000,31.198300, 48, 22,0
85507,2007-02-20 10:13:41,121.388600,31.198100, 36, 90,0
85507,2007-02-20 10:13:57,121.389000,31.197100,  8, 45,0
85507,2007-02-20 10:14:58,121.388600,31.198100,  0,157,0
85507,2007-02-20 10:15:59,121.388600,31.198100,  0,157,0
85507,2007-02-20 10:16:43,121.388600,31.198000,  0,157,1
85507,2007-02-20 10:17:43,121.393800,31.193600, 46, 45,1
85507,2007-02-20 10:18:43,121.399300,31.193300, 36, 45,1
85507,2007-02-20 10:19:45,121.404100,31.190800,  4, 90,1
85507,2007-02-20 10:20:46,121.404300,31.187500,  0, 90,1
85507,2007-02-20 10:21:47,121.406300,31.186800, 16, 45,1
85507,2007-02-20 10:21:54,121.406300,31.186800,  0, 45,0
85507,2007-02-20 10:22:55,121.406000,31.186800,  6,157,0
85507,2007-02-20 10:23:37,121.405500,31.187600, 32,135,0
85507,2007-02-20 10:23:53,121.404100,31.187600, 28,  0,0
85507,2007-02-20 10:24:38,121.404100,31.187600, 26, 90,1
85507,2007-02-20 10:26:11,121.393600,31.184000, 26,112,1
85507,2007-02-20 10:27:12,121.385300,31.180100, 54,112,1
85507,2007-02-20 10:28:13,121.384000,31.179500,  2,112,1
85507,2007-02-20 10:29:13,121.383300,31.175600, 18,135,1
85507,2007-02-20 10:30:33,121.383300,31.175100,  0, 90,0
85507,2007-02-20 10:31:19,121.383300,31.175500,  0,157,1
85507,2007-02-20 10:32:20,121.380800,31.178500, 10,  0,1
85507,2007-02-20 10:35:23,121.371800,31.176300, 12,112,1
85507,2007-02-20 10:36:23,121.371600,31.172100, 38,135,1
85507,2007-02-20 10:37:25,121.370300,31.170100,  6,112,1
85507,2007-02-20 10:37:43,121.370100,31.170000,  0, 90,0
85507,2007-02-20 10:38:43,121.370300,31.170000, 14,  0,0
85507,2007-02-20 10:39:07,121.370000,31.171000, 10,157,0
85507,2007-02-20 10:39:43,121.371800,31.172100, 46, 45,0
85507,2007-02-20 10:40:00,121.372600,31.173300, 46,157,0
85507,2007-02-20 10:40:16,121.372100,31.174500, 32,157,0
85507,2007-02-20 10:40:32,121.371500,31.176100, 24,  0,0
85507,2007-02-20 10:40:48,121.373000,31.176600, 52, 45,0
85507,2007-02-20 10:41:03,121.375000,31.177100, 42, 45,0
85507,2007-02-20 10:41:46,121.376300,31.177500, 42, 45,0
85507,2007-02-20 10:42:02,121.378100,31.178000, 48, 45,0
85507,2007-02-20 10:42:18,121.380300,31.178500, 38, 45,0
85507,2007-02-20 10:43:18,121.380600,31.178600,  0, 45,0
85507,2007-02-20 10:43:42,121.380600,31.179600, 40,  0,0
85507,2007-02-20 10:43:58,121.380100,31.181500, 52,  0,0
85507,2007-02-20 10:44:13,121.379500,31.182600, 38,157,0
85507,2007-02-20 10:44:30,121.378600,31.183800, 26,157,0
85507,2007-02-20 10:44:46,121.377800,31.184800, 40,157,0
85507,2007-02-20 10:45:02,121.377100,31.185600,  0,157,0
85507,2007-02-20 10:45:52,121.375500,31.187600, 22,157,0
85507,2007-02-20 10:46:20,121.375100,31.188300, 28, 22,0
85507,2007-02-20 10:46:36,121.376800,31.189100, 46, 22,0
85507,2007-02-20 10:46:52,121.378600,31.189800, 30, 22,0
85507,2007-02-20 10:47:08,121.380000,31.190500, 22, 22,0
85507,2007-02-20 10:47:25,121.381000,31.191000, 24, 22,0
85507,2007-02-20 10:48:03,121.381300,31.191800, 40,157,0
85507,2007-02-20 10:48:18,121.380500,31.193000, 38,157,0
85507,2007-02-20 10:48:35,121.380000,31.194000, 20, 22,0
85507,2007-02-20 10:48:51,121.381800,31.195000, 64, 22,0
85507,2007-02-20 10:49:07,121.383500,31.196000,  0, 22,0
85507,2007-02-20 10:50:08,121.383500,31.196000,  0, 22,0
85507,2007-02-20 10:50:48,121.384300,31.196500, 50, 22,0
85507,2007-02-20 10:51:03,121.386000,31.197300, 42, 22,0
85507,2007-02-20 10:51:38,121.388500,31.198300, 30, 90,0
85507,2007-02-20 10:52:01,121.389000,31.197100, 12, 90,0
85507,2007-02-20 10:53:02,121.388800,31.198100,  0,  0,0
85507,2007-02-20 10:54:03,121.388100,31.198800,  0,  0,0
85507,2007-02-20 10:55:03,121.388800,31.198300,  0,  0,0
85507,2007-02-20 10:56:07,121.396000,31.201600, 60, 45,1
85507,2007-02-20 10:57:08,121.403500,31.199000,  0, 45,1
85507,2007-02-20 10:58:08,121.405000,31.197500,  0, 90,1
85507,2007-02-20 10:59:10,121.406800,31.195000, 60, 45,1
85507,2007-02-20 11:00:11,121.409000,31.191600, 58, 90,1
85507,2007-02-20 11:01:12,121.408600,31.188800,  0,135,1
85507,2007-02-20 11:02:13,121.408600,31.188800,  0,135,1
85507,2007-02-20 11:04:15,121.408600,31.188800,  0,135,1
85507,2007-02-20 11:05:16,121.408600,31.188800,  0,135,1
85507,2007-02-20 11:06:17,121.408600,31.188800,  0,135,1
85507,2007-02-20 11:07:18,121.408600,31.188800,  0,135,1
85507,2007-02-20 11:08:18,121.431600,31.181800, 42, 67,1
85507,2007-02-20 11:09:20,121.435800,31.179600,  0, 90,1
85507,2007-02-20 11:10:21,121.437300,31.180100, 34, 22,1
85507,2007-02-20 11:11:22,121.440300,31.180500, 18, 90,1
85507,2007-02-20 11:12:10,121.438800,31.179500, 16, 67,0
85507,2007-02-20 11:12:25,121.439300,31.178800, 16, 67,0
85507,2007-02-20 11:14:27,121.440300,31.180500,  0, 67,0
85507,2007-02-20 11:15:28,121.443300,31.176100,  0, 67,0
85507,2007-02-20 11:16:03,121.444000,31.175100, 26, 90,0
85507,2007-02-20 11:16:18,121.443000,31.174100, 56,112,0
85507,2007-02-20 11:17:03,121.441100,31.172800, 18,135,0
85507,2007-02-20 11:17:23,121.440000,31.172100, 26, 90,0
85507,2007-02-20 11:17:38,121.440300,31.170300, 68, 90,0
85507,2007-02-20 11:17:55,121.440800,31.167500, 62, 90,0
85507,2007-02-20 11:18:11,121.441800,31.165100, 60, 67,0
85507,2007-02-20 11:18:27,121.443100,31.163000, 72, 67,0
85507,2007-02-20 11:18:43,121.444100,31.161000, 40, 67,0
85507,2007-02-20 11:19:43,121.444500,31.160600,  0, 90,0
85507,2007-02-20 11:20:18,121.444100,31.161500, 52,157,0
85507,2007-02-20 11:20:33,121.443000,31.163600, 50,157,0
85507,2007-02-20 11:21:13,121.444600,31.164000, 16, 45,0
85507,2007-02-20 11:22:13,121.444600,31.164100,  0,  0,0
85507,2007-02-20 11:24:16,121.444600,31.164100,  0,  0,0
85507,2007-02-20 11:25:17,121.444600,31.164100,  0,  0,0
85507,2007-02-20 11:26:18,121.444600,31.164100,  0, 67,0
85507,2007-02-20 11:26:46,121.443500,31.164100, 32,135,0
85507,2007-02-20 11:27:33,121.442800,31.163800, 12,135,1
85507,2007-02-20 11:28:35,121.440300,31.171100, 44,  0,1
85507,2007-02-20 11:29:36,121.440300,31.172100,  0,  0,1
85507,2007-02-20 11:30:36,121.440100,31.175800,  4,  0,1
85507,2007-02-20 11:31:37,121.438800,31.175300, 16,  0,1
85507,2007-02-20 11:31:44,121.438600,31.175600,  0,  0,0
85507,2007-02-20 11:32:28,121.438600,31.176300, 10, 22,0
85507,2007-02-20 11:33:09,121.440000,31.176100, 24, 90,0
85507,2007-02-20 11:33:41,121.440000,31.173600, 42, 90,0
85507,2007-02-20 11:33:57,121.439800,31.172500, 20,135,0
85507,2007-02-20 11:34:29,121.436500,31.171600, 36,135,0
85507,2007-02-20 11:34:47,121.436000,31.172300, 44,  0,0
85507,2007-02-20 11:35:19,121.434800,31.175600, 46,157,0
85507,2007-02-20 11:35:35,121.432800,31.176300, 38,135,0
85507,2007-02-20 11:35:51,121.430800,31.176300, 36,135,0
85507,2007-02-20 11:36:08,121.430800,31.177800, 54,  0,0
85507,2007-02-20 11:36:48,121.431100,31.178500, 18,  0,1
85507,2007-02-20 11:37:48,121.431600,31.183100, 48,  0,1
85507,2007-02-20 11:38:49,121.432500,31.189800, 24,  0,1
85507,2007-02-20 11:39:51,121.433500,31.193000, 46,  0,1
85507,2007-02-20 11:40:58,121.435000,31.195800,  0,  0,0
85507,2007-02-20 11:41:21,121.436100,31.196100, 26, 45,0
85507,2007-02-20 11:41:37,121.437000,31.195300, 40, 67,0
85507,2007-02-20 11:42:25,121.436300,31.191500, 48,135,0
85507,2007-02-20 11:42:41,121.433600,31.191000, 58,135,0
85507,2007-02-20 11:43:13,121.433500,31.193300, 44,  0,0
85507,2007-02-20 11:43:29,121.434100,31.195000, 24,  0,0
85507,2007-02-20 11:44:09,121.433300,31.195600, 32,135,0
85507,2007-02-20 11:44:25,121.432100,31.195300, 20,112,0
85507,2007-02-20 11:45:27,121.431500,31.195500,  4,135,0
85507,2007-02-20 11:45:32,121.431600,31.195500, 14,135,1
85507,2007-02-20 11:46:32,121.427500,31.194000, 22,112,1
85507,2007-02-20 11:47:33,121.425800,31.194800, 50,157,1
85507,2007-02-20 11:48:34,121.423100,31.195600, 14,112,1
85507,2007-02-20 11:49:35,121.422000,31.194300, 22,112,1
85507,2007-02-20 11:50:36,121.419300,31.195100, 14,135,1
85507,2007-02-20 11:50:48,121.419100,31.195100,  0,112,0
85507,2007-02-20 11:51:48,121.418300,31.195600, 24,135,0
85507,2007-02-20 11:52:04,121.417600,31.196100, 30,  0,0
85507,2007-02-20 11:53:05,121.417300,31.197000,  0,135,0
85507,2007-02-20 11:53:30,121.417000,31.197800, 34,  0,0
85507,2007-02-20 11:53:46,121.416500,31.199000, 24,  0,0
85507,2007-02-20 11:54:47,121.416500,31.198600,  0, 90,0
85507,2007-02-20 11:55:48,121.416500,31.198600,  0, 90,0
85507,2007-02-20 11:56:49,121.416500,31.198600,  0, 90,0
85507,2007-02-20 11:57:50,121.416500,31.198600,  0, 90,0
85507,2007-02-20 11:58:51,121.416500,31.198600,  0, 90,0
85507,2007-02-20 11:59:52,121.416500,31.198600,  0, 90,0
85507,2007-02-20 12:00:53,121.416500,31.198600,  0, 90,0
85507,2007-02-20 12:01:54,121.416500,31.198600,  0, 90,0
85507,2007-02-20 12:02:55,121.416500,31.198600,  0, 90,0
85507,2007-02-20 12:03:56,121.416500,31.198600,  0, 90,0
85507,2007-02-20 12:04:57,121.416500,31.198600,  0, 90,0
85507,2007-02-20 12:05:58,121.416500,31.198600,  0, 90,0
85507,2007-02-20 12:06:43,121.416600,31.198500, 10, 67,1
85507,2007-02-20 12:07:43,121.411800,31.198100,  4,135,1
85507,2007-02-20 12:08:44,121.411800,31.198100,  0,135,1
85507,2007-02-20 12:09:45,121.405500,31.198500, 38,135,1
85507,2007-02-20 12:10:46,121.404100,31.192600, 40, 90,1
85507,2007-02-20 12:11:47,121.404100,31.190000, 44, 90,1
85507,2007-02-20 12:12:48,121.400300,31.186600, 42,135,1
85507,2007-02-20 12:13:49,121.392000,31.183300, 56,112,1
85507,2007-02-20 12:14:50,121.391000,31.182800,  0,112,1
85507,2007-02-20 12:15:51,121.388800,31.181100, 36, 67,1
85507,2007-02-20 12:16:52,121.389800,31.176800, 28,135,1
85507,2007-02-20 12:17:38,121.386000,31.176100,  0,135,0
85507,2007-02-20 12:17:53,121.386000,31.176100,  0,135,0
85507,2007-02-20 12:18:17,121.385000,31.176000, 18,135,0
85507,2007-02-20 12:18:33,121.383500,31.175600, 38,135,0
85507,2007-02-20 12:18:49,121.382100,31.175300, 32,135,0
85507,2007-02-20 12:19:05,121.381500,31.176100, 38,  0,0
85507,2007-02-20 12:19:21,121.381100,31.177500, 44,  0,0
85507,2007-02-20 12:19:37,121.380800,31.179000, 36,  0,0
85507,2007-02-20 12:20:09,121.380000,31.182100, 32,157,0
85507,2007-02-20 12:20:25,121.379100,31.183100, 34,157,0
85507,2007-02-20 12:20:41,121.378300,31.184100, 30,157,0
85507,2007-02-20 12:20:57,121.377100,31.185500, 40,157,0
85507,2007-02-20 12:21:33,121.376500,31.186300, 34,157,0
85507,2007-02-20 12:21:49,121.375800,31.187300, 36,157,0
85507,2007-02-20 12:22:05,121.375100,31.188100, 14, 22,0
85507,2007-02-20 12:22:21,121.376500,31.189000, 38, 22,0
85507,2007-02-20 12:22:37,121.377800,31.189500, 42, 22,0
85507,2007-02-20 12:22:53,121.379000,31.190000, 30, 22,0
85507,2007-02-20 12:23:09,121.380000,31.190500, 26, 22,0
85507,2007-02-20 12:23:25,121.381500,31.191100, 22, 22,0
85507,2007-02-20 12:24:01,121.380100,31.193300, 22,157,0
85507,2007-02-20 12:24:17,121.380000,31.194500, 42,  0,0
85507,2007-02-20 12:24:33,121.382500,31.195300, 38, 22,0
85507,2007-02-20 12:25:21,121.383500,31.195800, 24, 22,0
85507,2007-02-20 12:25:37,121.385000,31.196800, 48, 22,0
85507,2007-02-20 12:25:53,121.386600,31.197600, 50, 22,0
85507,2007-02-20 12:26:09,121.388300,31.198800, 38, 22,0
85507,2007-02-20 12:26:25,121.388800,31.197800, 36, 90,0
85507,2007-02-20 12:26:44,121.389100,31.197000, 10, 22,0
85507,2007-02-20 12:27:45,121.388800,31.197600,  0,  0,0
85507,2007-02-20 12:28:46,121.388800,31.198000,  2,  0,0
85507,2007-02-20 12:29:47,121.388600,31.198000,  0,  0,0
85507,2007-02-20 12:30:09,121.388600,31.198000,  0,  0,1
85507,2007-02-20 12:31:10,121.387800,31.201000,  0,  0,1
85507,2007-02-20 12:32:11,121.387800,31.201000,  0,  0,1
85507,2007-02-20 12:33:12,121.386800,31.205500, 16, 22,1
85507,2007-02-20 12:34:13,121.390600,31.206800, 42,  0,1
85507,2007-02-20 12:35:14,121.391000,31.209800,  0, 45,1
85507,2007-02-20 12:36:06,121.391500,31.209300,  0, 90,0
85507,2007-02-20 12:37:06,121.391500,31.209300,  0,  0,0
85507,2007-02-20 12:38:07,121.390600,31.209600, 10,135,0
85507,2007-02-20 12:38:32,121.390600,31.208600, 54, 90,0
85507,2007-02-20 12:38:48,121.390600,31.206500, 64, 90,0
85507,2007-02-20 12:39:04,121.391500,31.205300, 48, 45,0
85507,2007-02-20 12:39:20,121.393800,31.205000, 42, 45,0
85507,2007-02-20 12:39:36,121.394600,31.204300, 46, 90,0
85507,2007-02-20 12:39:52,121.393800,31.202000, 56, 90,0
85507,2007-02-20 12:40:08,121.393300,31.199600, 66, 90,0
85507,2007-02-20 12:40:24,121.393000,31.197800, 32,135,0
85507,2007-02-20 12:40:41,121.392000,31.197800, 20,135,0
85507,2007-02-20 12:40:57,121.390600,31.197500, 40,135,0
85507,2007-02-20 12:41:13,121.389500,31.197300, 10,135,0
85507,2007-02-20 12:42:14,121.389000,31.197300,  0,157,0
85507,2007-02-20 12:43:15,121.388800,31.197800,  0, 22,0
85507,2007-02-20 12:44:16,121.389800,31.198100,  0, 22,0
85507,2007-02-20 12:45:17,121.389800,31.198100,  0, 22,0
85507,2007-02-20 12:46:18,121.389800,31.198100,  0, 22,0
85507,2007-02-20 12:47:19,121.389800,31.198100,  0, 22,0
85507,2007-02-20 12:48:20,121.389800,31.198100,  0, 22,0
85507,2007-02-20 12:49:21,121.389800,31.198100,  0, 22,0
85507,2007-02-20 12:50:22,121.389800,31.198100,  0, 22,0
85507,2007-02-20 12:51:23,121.389800,31.198100,  0, 22,0
85507,2007-02-20 12:52:24,121.389800,31.198100,  0, 22,0
85507,2007-02-20 12:53:25,121.389800,31.198100,  0, 22,0
85507,2007-02-20 12:54:26,121.389800,31.198100,  0, 22,0
85507,2007-02-20 12:55:27,121.389800,31.198100,  0, 22,0
85507,2007-02-20 12:56:28,121.389800,31.198100,  0, 22,0
85507,2007-02-20 12:57:29,121.389800,31.198100,  0, 22,0
85507,2007-02-20 12:58:30,121.389800,31.198100,  0, 22,0
85507,2007-02-20 12:59:31,121.389800,31.198100,  0, 22,0
85507,2007-02-20 13:00:32,121.389800,31.198100,  0, 22,0
85507,2007-02-20 13:01:33,121.389800,31.198100,  0, 22,0
85507,2007-02-20 13:02:34,121.389800,31.198100,  0, 22,0
85507,2007-02-20 13:03:35,121.389800,31.198100,  0, 22,0
85507,2007-02-20 13:04:36,121.389800,31.198100,  0, 22,0
85507,2007-02-20 13:06:38,121.389800,31.198100,  0, 22,0
85507,2007-02-20 13:07:39,121.389800,31.198100,  0, 22,0
85507,2007-02-20 13:08:40,121.389800,31.198100,  0, 22,0
85507,2007-02-20 13:09:41,121.389800,31.198100,  0, 22,0
85507,2007-02-20 13:10:42,121.389800,31.198100,  0, 22,0
85507,2007-02-20 13:11:43,121.389800,31.198100,  0, 22,0
85507,2007-02-20 13:12:44,121.389800,31.198100,  0, 22,0
85507,2007-02-20 13:13:45,121.389800,31.198100,  0, 22,0
85507,2007-02-20 13:14:46,121.389800,31.198100,  0, 22,0
85507,2007-02-20 13:15:47,121.389800,31.198100,  0, 22,0
85507,2007-02-20 13:16:48,121.389800,31.198100,  0, 22,0
85507,2007-02-20 13:17:49,121.389800,31.198100,  0, 22,0
85507,2007-02-20 13:18:50,121.389800,31.198100,  0, 22,0
85507,2007-02-20 13:19:51,121.389800,31.198100,  0, 22,0
85507,2007-02-20 13:20:52,121.389800,31.198100,  0, 22,0
85507,2007-02-20 13:21:53,121.389800,31.198100,  0, 22,0
85507,2007-02-20 13:22:54,121.389800,31.198100,  0, 22,0
85507,2007-02-20 13:24:56,121.389800,31.198100,  0, 22,0
85507,2007-02-20 13:25:57,121.389800,31.198100,  0, 22,0
85507,2007-02-20 13:26:58,121.389800,31.198100,  0, 22,0
85507,2007-02-20 13:27:59,121.389800,31.198100,  0, 22,0
85507,2007-02-20 13:29:00,121.389800,31.198100,  0, 22,0
85507,2007-02-20 13:29:38,121.389800,31.198100,  0, 22,1
85507,2007-02-20 13:30:38,121.389800,31.198100,  0, 22,1
85507,2007-02-20 13:32:40,121.387100,31.204100, 32,  0,1
85507,2007-02-20 13:33:41,121.386600,31.205500, 16,157,1
85507,2007-02-20 13:34:42,121.382600,31.205500,  0,135,1
85507,2007-02-20 13:35:43,121.383800,31.208100, 10,  0,1
85507,2007-02-20 13:36:01,121.383300,31.208100,  4, 90,0
85507,2007-02-20 13:36:53,121.383300,31.207800,  6,157,0
85507,2007-02-20 13:37:48,121.384100,31.207800, 26, 45,0
85507,2007-02-20 13:38:05,121.385300,31.207600, 32, 45,0
85507,2007-02-20 13:38:38,121.386500,31.205600, 34, 90,0
85507,2007-02-20 13:38:54,121.386800,31.204300, 42, 90,0
85507,2007-02-20 13:39:10,121.387100,31.202800, 34, 90,0
85507,2007-02-20 13:39:26,121.387500,31.201800, 18, 90,0
85507,2007-02-20 13:39:44,121.387000,31.201100, 44,135,0
85507,2007-02-20 13:40:00,121.384800,31.200100, 64,135,0
85507,2007-02-20 13:40:16,121.383000,31.199800,  0,135,0
85507,2007-02-20 13:40:54,121.382000,31.199500, 50,135,0
85507,2007-02-20 13:41:10,121.379500,31.198600, 74,112,0
85507,2007-02-20 13:41:26,121.376800,31.197100, 64,112,0
85507,2007-02-20 13:41:42,121.374500,31.195800, 70,112,0
85507,2007-02-20 13:41:58,121.372000,31.194300, 60,112,0
85507,2007-02-20 13:42:14,121.370800,31.193600,  0,112,0
85507,2007-02-20 13:42:47,121.368300,31.192600,  0,135,0
85507,2007-02-20 13:42:56,121.368100,31.192600, 16,112,1
85507,2007-02-20 13:43:57,121.368000,31.190300, 26, 90,1
85507,2007-02-20 13:44:58,121.364100,31.187500, 22, 90,1
85507,2007-02-20 13:45:59,121.363000,31.183100, 38,135,1
85507,2007-02-20 13:47:00,121.360600,31.182500, 48,135,1
85507,2007-02-20 13:48:01,121.359800,31.180000, 34, 90,1
85507,2007-02-20 13:48:33,121.359100,31.179600,  0,157,0
85507,2007-02-20 13:48:48,121.359100,31.179500, 10,112,0
85507,2007-02-20 13:49:19,121.358000,31.179300, 12,157,0
85507,2007-02-20 13:49:39,121.357800,31.180300, 30,  0,0
85507,2007-02-20 13:49:59,121.357500,31.181300, 12,157,0
85507,2007-02-20 13:50:21,121.358300,31.181800, 32, 45,0
85507,2007-02-20 13:50:37,121.359500,31.182300, 22, 45,0
85507,2007-02-20 13:51:03,121.360600,31.182600, 32, 45,0
85507,2007-02-20 13:51:53,121.361800,31.182800, 24, 45,0
85507,2007-02-20 13:52:09,121.362800,31.183100, 38, 45,0
85507,2007-02-20 13:52:25,121.364300,31.183500, 40, 45,0
85507,2007-02-20 13:52:42,121.365000,31.184000, 40,  0,0
85507,2007-02-20 13:52:58,121.364600,31.185600, 38,  0,0
85507,2007-02-20 13:53:14,121.364500,31.187000, 16,  0,0
85507,2007-02-20 13:54:13,121.363800,31.187800, 12,  0,0
85507,2007-02-20 13:54:47,121.363800,31.188000,  0,157,1
85507,2007-02-20 13:55:48,121.364600,31.189300, 10, 22,1
85507,2007-02-20 13:56:49,121.365300,31.190600,  0, 22,1
85507,2007-02-20 13:57:50,121.365300,31.190600,  0, 22,1
85507,2007-02-20 13:58:51,121.390300,31.200000, 68, 22,1
85507,2007-02-20 13:59:52,121.400500,31.203300, 64, 45,1
85507,2007-02-20 14:00:53,121.407500,31.208300, 60,  0,1
85507,2007-02-20 14:02:55,121.405500,31.230600, 84,  0,1
85507,2007-02-20 14:03:56,121.412100,31.241800, 78, 22,1
85507,2007-02-20 14:04:57,121.414300,31.243100,  0, 22,1
85507,2007-02-20 14:05:58,121.414300,31.243100,  0, 22,1
85507,2007-02-20 14:06:59,121.415600,31.244500,  0, 22,1
85507,2007-02-20 14:08:00,121.415600,31.244500,  0, 22,1
85507,2007-02-20 14:09:00,121.421300,31.248600,  0, 90,0
85507,2007-02-20 14:10:00,121.422000,31.247600, 16, 67,0
85507,2007-02-20 14:10:20,121.422500,31.246800, 20, 67,0
85507,2007-02-20 14:10:42,121.423500,31.248300, 26, 45,0
85507,2007-02-20 14:10:58,121.424800,31.248300, 26, 45,0
85507,2007-02-20 14:11:14,121.426000,31.248100, 26, 45,0
85507,2007-02-20 14:11:30,121.426000,31.248600, 30, 22,0
85507,2007-02-20 14:11:46,121.427100,31.250300, 52, 22,0
85507,2007-02-20 14:12:02,121.427500,31.251300,  0,  0,0
85507,2007-02-20 14:12:16,121.427600,31.251500, 22, 22,1
85507,2007-02-20 14:13:16,121.428000,31.251600,  0,  0,1
85507,2007-02-20 14:14:17,121.430100,31.254500, 44, 22,1
85507,2007-02-20 14:15:18,121.434000,31.256500, 68, 22,1
85507,2007-02-20 14:16:19,121.442100,31.259800,  0, 22,1
85507,2007-02-20 14:17:20,121.442100,31.259800,  0, 22,1
85507,2007-02-20 14:19:22,121.451800,31.257500, 46, 67,1
85507,2007-02-20 14:19:50,121.453600,31.258000,  6,  0,0
85507,2007-02-20 14:20:33,121.454500,31.258500, 34, 45,0
85507,2007-02-20 14:20:52,121.454800,31.257600, 28, 90,0
85507,2007-02-20 14:21:42,121.454800,31.257500, 12,  0,1
85507,2007-02-20 14:22:43,121.458000,31.259600,  4, 45,1
85507,2007-02-20 14:23:43,121.458500,31.259600, 18, 45,1
85507,2007-02-20 14:24:45,121.459600,31.263600, 42, 22,1
85507,2007-02-20 14:25:46,121.461500,31.264300,  0, 22,1
85507,2007-02-20 14:26:47,121.461500,31.264300,  0, 22,1
85507,2007-02-20 14:27:48,121.461500,31.264300,  0, 22,1
85507,2007-02-20 14:29:50,121.461500,31.264300,  0, 22,1
85507,2007-02-20 14:30:51,121.461500,31.264300,  0, 22,1
85507,2007-02-20 14:31:52,121.461500,31.264300,  0, 22,1
85507,2007-02-20 14:32:03,121.461500,31.264300,  0, 22,0
85507,2007-02-20 14:33:04,121.470500,31.278800,  0, 22,0
85507,2007-02-20 14:34:05,121.468600,31.275600,  0, 22,0
85507,2007-02-20 14:35:06,121.468600,31.275500,  0, 22,0
85507,2007-02-20 14:36:07,121.463300,31.272300,  0, 22,0
85507,2007-02-20 14:37:08,121.461300,31.270800,  0, 22,0
85507,2007-02-20 14:37:18,121.461300,31.270800,  0, 22,1
85507,2007-02-20 14:38:18,121.457300,31.268500,  0, 90,1
85507,2007-02-20 14:40:21,121.453300,31.266600,  0,135,1
85507,2007-02-20 14:41:22,121.453300,31.266600,  0,135,1
85507,2007-02-20 14:42:23,121.445300,31.270800,  0,135,1
85507,2007-02-20 14:43:23,121.444600,31.271000, 46,112,1
85507,2007-02-20 14:44:02,121.440000,31.268000,  0,112,0
85507,2007-02-20 14:44:18,121.440000,31.268000,  0,112,0
85507,2007-02-20 14:45:18,121.439500,31.267500,  0,112,0
85507,2007-02-20 14:46:03,121.441100,31.265000, 42, 67,0
85507,2007-02-20 14:46:23,121.441800,31.264100, 22, 67,0
85507,2007-02-20 14:46:38,121.442500,31.263300, 34, 67,0
85507,2007-02-20 14:46:55,121.443500,31.262000, 48, 67,0
85507,2007-02-20 14:47:11,121.444500,31.260600, 48, 67,0
85507,2007-02-20 14:47:27,121.444500,31.260000, 26,135,0
85507,2007-02-20 14:47:43,121.442500,31.259600, 44,135,0
85507,2007-02-20 14:48:27,121.441600,31.259100,  6,112,0
85507,2007-02-20 14:48:50,121.441800,31.259000, 12,135,1
85507,2007-02-20 14:49:51,121.440600,31.258600,  0,135,1
85507,2007-02-20 14:51:53,121.431600,31.255500,  4, 67,1
85507,2007-02-20 14:52:53,121.428800,31.249800,  0, 90,1
85507,2007-02-20 14:56:14,121.422100,31.247600,  0, 90,1
85507,2007-02-20 14:57:15,121.420800,31.247100, 48,135,1
85507,2007-02-20 14:58:16,121.414000,31.242300,  0, 90,1
85507,2007-02-20 14:59:17,121.414000,31.242300,  0, 67,1
85507,2007-02-20 15:00:17,121.414000,31.242300,  0, 67,1
85507,2007-02-20 15:01:19,121.409800,31.239600, 60,112,1
85507,2007-02-20 15:02:20,121.405300,31.230600, 62, 90,1
85507,2007-02-20 15:03:21,121.405800,31.220300, 74, 90,1
85507,2007-02-20 15:04:22,121.406100,31.214300, 56,135,1
85507,2007-02-20 15:05:22,121.403300,31.214500, 28, 90,1
85507,2007-02-20 15:06:24,121.402800,31.211600, 18, 90,1
85507,2007-02-20 15:07:25,121.400500,31.211100, 44,135,1
85507,2007-02-20 15:08:26,121.399500,31.211300,  0,135,1
85507,2007-02-20 15:09:27,121.390600,31.211600, 56,135,1
85507,2007-02-20 15:10:27,121.382600,31.211100, 56, 90,1
85507,2007-02-20 15:11:29,121.382500,31.208300,  0, 90,1
85507,2007-02-20 15:12:10,121.382600,31.207000,  0, 22,0
85507,2007-02-20 15:12:26,121.382600,31.207000,  0, 22,0
85507,2007-02-20 15:13:27,121.382600,31.207000,  0, 22,0
85507,2007-02-20 15:14:01,121.382500,31.206000, 20, 90,0
85507,2007-02-20 15:14:45,121.383300,31.205500, 46, 45,0
85507,2007-02-20 15:15:01,121.385300,31.205500, 38, 45,0
85507,2007-02-20 15:15:50,121.386500,31.205500, 12, 45,0
85507,2007-02-20 15:16:06,121.386800,31.204500, 46, 90,0
85507,2007-02-20 15:16:22,121.387100,31.202800, 42, 90,0
85507,2007-02-20 15:16:37,121.387600,31.201100, 50, 90,0
85507,2007-02-20 15:16:54,121.388300,31.199000, 48, 90,0
85507,2007-02-20 15:17:10,121.388500,31.198300, 22, 90,0
85507,2007-02-20 15:17:27,121.388800,31.197300, 28, 90,0
85507,2007-02-20 15:18:27,121.388800,31.197600,  0,  0,0
85507,2007-02-20 15:19:29,121.388800,31.197800,  0,  0,0
85507,2007-02-20 15:20:30,121.388800,31.197800,  0,  0,0
85507,2007-02-20 15:21:31,121.388600,31.198000,  0,  0,0
85507,2007-02-20 15:22:32,121.388600,31.198000,  0,  0,0
85507,2007-02-20 15:22:35,121.388600,31.198000,  4,157,1
85507,2007-02-20 15:23:36,121.387300,31.202800, 30,  0,1
85507,2007-02-20 15:24:37,121.386500,31.205500, 24,157,1
85507,2007-02-20 15:25:37,121.389800,31.207600, 12, 45,1
85507,2007-02-20 15:26:39,121.390600,31.211300,  0,  0,1
85507,2007-02-20 15:27:40,121.390600,31.213000,  0,  0,1
85507,2007-02-20 15:28:41,121.394600,31.213800, 26, 45,1
85507,2007-02-20 15:29:42,121.397500,31.213000,  6, 67,1
85507,2007-02-20 15:30:10,121.396800,31.212500, 12,157,0
85507,2007-02-20 15:30:26,121.396500,31.212800, 12,157,0
85507,2007-02-20 15:31:27,121.396800,31.212300,  0,112,0
85507,2007-02-20 15:31:51,121.396600,31.213300, 12,  0,0
85507,2007-02-20 15:32:52,121.395800,31.213500,  0,135,0
85507,2007-02-20 15:33:52,121.395600,31.212600, 40, 90,0
85507,2007-02-20 15:34:09,121.395800,31.211000, 44, 90,0
85507,2007-02-20 15:34:25,121.395600,31.208800, 60, 90,0
85507,2007-02-20 15:34:41,121.395100,31.206600, 68, 90,0
85507,2007-02-20 15:34:57,121.395000,31.205100,  0, 90,0
85507,2007-02-20 15:35:27,121.394600,31.204300, 44, 90,0
85507,2007-02-20 15:35:44,121.393800,31.202300, 42, 90,0
85507,2007-02-20 15:36:00,121.393600,31.201100, 36, 90,0
85507,2007-02-20 15:36:16,121.393300,31.199300, 52, 90,0
85507,2007-02-20 15:36:32,121.393100,31.198000, 20,135,0
85507,2007-02-20 15:36:49,121.392000,31.197800, 22,135,0
85507,2007-02-20 15:37:21,121.389100,31.197100, 22,135,0
85507,2007-02-20 15:38:22,121.388800,31.197600,  6,  0,0
85507,2007-02-20 15:39:22,121.388800,31.197800,  0,  0,0
85507,2007-02-20 15:41:09,121.388800,31.197800,  8,  0,1
85507,2007-02-20 15:42:10,121.391300,31.201000, 58, 22,1
85507,2007-02-20 15:43:11,121.400800,31.200000, 44, 45,1
85507,2007-02-20 15:44:12,121.405000,31.197300, 20, 90,1
85507,2007-02-20 15:45:12,121.407000,31.195000, 62, 45,1
85507,2007-02-20 15:46:14,121.408800,31.198100, 22, 22,1
85507,2007-02-20 15:47:15,121.411000,31.198000,  0, 45,1
85507,2007-02-20 15:48:16,121.415100,31.192800, 56, 67,1
85507,2007-02-20 15:48:48,121.413600,31.193600,  0, 90,0
85507,2007-02-20 15:49:49,121.413600,31.193600,  0, 90,0
85507,2007-02-20 15:50:50,121.413600,31.193600,  0, 90,0
85507,2007-02-20 15:51:45,121.418600,31.192000, 44, 22,0
85507,2007-02-20 15:52:01,121.420500,31.192800, 40, 22,0
85507,2007-02-20 15:52:20,121.421300,31.193500, 24, 22,0
85507,2007-02-20 15:52:36,121.422300,31.194300, 32, 22,0
85507,2007-02-20 15:52:52,121.423100,31.195100,  0, 22,0
85507,2007-02-20 15:53:52,121.423100,31.195100,  0, 22,0
85507,2007-02-20 15:54:22,121.423800,31.195300, 42, 67,0
85507,2007-02-20 15:54:39,121.426300,31.194500, 54, 67,0
85507,2007-02-20 15:55:40,121.427000,31.194100,  0, 45,0
85507,2007-02-20 15:56:15,121.427600,31.195000, 48, 22,0
85507,2007-02-20 15:56:47,121.429100,31.197500, 32,  0,0
85507,2007-02-20 15:57:04,121.429600,31.198500, 22, 22,0
85507,2007-02-20 15:57:20,121.430600,31.199000,  8, 67,0
85507,2007-02-20 15:57:36,121.431100,31.197600, 40, 90,0
85507,2007-02-20 15:58:07,121.431300,31.196800, 16, 90,0
85507,2007-02-20 15:58:27,121.431500,31.195800,  8, 67,0
85507,2007-02-20 15:59:29,121.431800,31.195300, 22,135,0
85507,2007-02-20 15:59:47,121.430600,31.195100, 34,135,0
85507,2007-02-20 16:00:02,121.429000,31.194500, 46,112,0
85507,2007-02-20 16:00:46,121.427600,31.194100, 18,135,0
85507,2007-02-20 16:02:19,121.423600,31.195500,  0,135,0
85507,2007-02-20 16:03:24,121.420500,31.196600, 48,135,0
85507,2007-02-20 16:03:40,121.418300,31.197100, 40,135,0
85507,2007-02-20 16:04:41,121.418000,31.197100,  0,135,0
85507,2007-02-20 16:05:42,121.417300,31.197300, 18,135,0
85507,2007-02-20 16:05:57,121.416800,31.198100, 50,  0,0
85507,2007-02-20 16:06:59,121.416500,31.198800,  0, 90,0
85507,2007-02-20 16:08:00,121.416500,31.198800,  0, 90,0
85507,2007-02-20 16:09:01,121.416500,31.198800,  0, 90,0
85507,2007-02-20 16:10:02,121.416500,31.198800,  0, 90,0
85507,2007-02-20 16:11:02,121.416500,31.198800,  0, 90,0
85507,2007-02-20 16:12:04,121.416500,31.198800,  0, 90,0
85507,2007-02-20 16:13:05,121.416500,31.198600,  0, 90,0
85507,2007-02-20 16:14:06,121.416500,31.198600,  0, 90,0
85507,2007-02-20 16:15:07,121.416500,31.198600,  0, 90,0
85507,2007-02-20 16:16:07,121.416500,31.198600,  0, 90,0
85507,2007-02-20 16:17:09,121.416500,31.198600,  0, 90,0
85507,2007-02-20 16:18:10,121.416500,31.198600,  0, 90,0
85507,2007-02-20 16:19:11,121.416500,31.198600,  0, 90,0
85507,2007-02-20 16:20:12,121.416500,31.198600,  0, 90,0
85507,2007-02-20 16:21:12,121.416500,31.198600,  0, 90,0
85507,2007-02-20 16:23:15,121.416500,31.198600,  0, 90,0
85507,2007-02-20 16:24:16,121.416500,31.198600,  0, 90,0
85507,2007-02-20 16:25:17,121.416500,31.198600,  0, 90,0
85507,2007-02-20 16:26:17,121.416500,31.198600,  0, 90,0
85507,2007-02-20 16:26:22,121.416500,31.198600, 14, 90,1
85507,2007-02-20 16:27:22,121.411600,31.198000, 22,135,1
85507,2007-02-20 16:29:25,121.400500,31.193300, 52,135,1
85507,2007-02-20 16:30:26,121.394000,31.193600, 44,135,1
85507,2007-02-20 16:31:27,121.393600,31.192500, 18,  0,1
85507,2007-02-20 16:32:01,121.394000,31.193100,  0, 45,0
85507,2007-02-20 16:32:16,121.394000,31.193100,  0, 45,0
85507,2007-02-20 16:32:54,121.393500,31.193100, 34,135,0
85507,2007-02-20 16:33:10,121.393500,31.192300, 26,112,0
85507,2007-02-20 16:33:26,121.392500,31.192300, 30,  0,0
85507,2007-02-20 16:33:42,121.392100,31.193800, 10,157,0
85507,2007-02-20 16:33:57,121.390600,31.193800, 38,135,0
85507,2007-02-20 16:34:14,121.389600,31.194600, 34,  0,0
85507,2007-02-20 16:34:57,121.389000,31.197000, 10,  0,0
85507,2007-02-20 16:35:57,121.389000,31.197300,  0,  0,0
85507,2007-02-20 16:36:59,121.388800,31.197600,  0,  0,0
85507,2007-02-20 16:37:34,121.389800,31.197800, 22, 45,0
85507,2007-02-20 16:37:52,121.389500,31.198800, 12,  0,0
85507,2007-02-20 16:38:12,121.389600,31.199600, 36, 22,0
85507,2007-02-20 16:38:29,121.391800,31.200800, 58, 22,0
85507,2007-02-20 16:39:01,121.396300,31.201500, 60, 45,0
85507,2007-02-20 16:39:17,121.398600,31.200800, 54, 45,0
85507,2007-02-20 16:39:32,121.400500,31.200100, 30, 45,0
85507,2007-02-20 16:39:49,121.401500,31.200500, 34,  0,0
85507,2007-02-20 16:40:05,121.402000,31.201600, 26, 22,0
85507,2007-02-20 16:40:24,121.402600,31.202500, 12, 22,0
85507,2007-02-20 16:40:40,121.404000,31.202300, 38, 45,0
85507,2007-02-20 16:40:56,121.405500,31.202000, 42, 45,0
85507,2007-02-20 16:41:12,121.407100,31.201600, 30, 45,0
85507,2007-02-20 16:41:35,121.408100,31.201600, 26, 45,0
85507,2007-02-20 16:41:51,121.409800,31.202000, 36, 22,0
85507,2007-02-20 16:42:07,121.411000,31.202300, 24, 45,0
85507,2007-02-20 16:42:27,121.412000,31.202600, 32, 45,0
85507,2007-02-20 16:42:44,121.413300,31.203300, 34, 22,0
85507,2007-02-20 16:43:16,121.415100,31.201300, 50, 90,0
85507,2007-02-20 16:43:32,121.416100,31.200000, 28, 67,0
85507,2007-02-20 16:44:32,121.416500,31.199000,  0, 90,0
85507,2007-02-20 16:46:35,121.416500,31.199000,  0, 90,0
85507,2007-02-20 16:47:36,121.416500,31.199000,  0, 90,0
85507,2007-02-20 16:48:37,121.416500,31.199000,  0, 90,0
85507,2007-02-20 16:49:37,121.416500,31.199000,  0, 90,0
85507,2007-02-20 16:50:39,121.416500,31.199000,  0, 90,0
85507,2007-02-20 16:52:41,121.416500,31.199000,  0, 90,0
85507,2007-02-20 16:53:42,121.416500,31.199000,  0, 90,0
85507,2007-02-20 16:54:42,121.416500,31.199000,  0, 90,0
85507,2007-02-20 16:55:44,121.416500,31.199000,  0, 90,0
85507,2007-02-20 16:56:45,121.416500,31.199000,  0, 90,0
85507,2007-02-20 16:57:46,121.416500,31.199000,  0, 90,0
85507,2007-02-20 16:58:47,121.416500,31.199000,  0, 90,0
85507,2007-02-20 16:59:47,121.416500,31.199000,  0, 90,0
85507,2007-02-20 17:00:49,121.416500,31.198800,  0, 90,0
85507,2007-02-20 17:01:50,121.416500,31.198800,  0, 90,0
85507,2007-02-20 17:02:51,121.416500,31.198800,  0, 90,0
85507,2007-02-20 17:04:52,121.416500,31.198600,  0, 90,0
85507,2007-02-20 17:05:54,121.416500,31.198600,  0, 90,0
85507,2007-02-20 17:06:55,121.416500,31.198600,  0, 90,0
85507,2007-02-20 17:07:56,121.416500,31.198600,  0, 90,0
85507,2007-02-20 17:08:57,121.416500,31.198600,  0, 90,0
85507,2007-02-20 17:09:57,121.416500,31.198600,  0, 90,0
85507,2007-02-20 17:10:59,121.416500,31.198600,  0, 90,0
85507,2007-02-20 17:14:02,121.416600,31.198600,  0, 90,0
85507,2007-02-20 17:15:02,121.416600,31.198600,  0, 90,0
85507,2007-02-20 17:16:04,121.416600,31.198600,  0, 90,0
85507,2007-02-20 17:17:05,121.416600,31.198600,  0, 90,0
85507,2007-02-20 17:18:06,121.416600,31.198600,  0, 90,0
85507,2007-02-20 17:19:07,121.416600,31.198500,  0, 90,0
85507,2007-02-20 17:21:09,121.416600,31.198500,  0, 90,0
85507,2007-02-20 17:22:10,121.416600,31.198500,  0, 90,0
85507,2007-02-20 17:23:11,121.416600,31.198500,  0, 90,0
85507,2007-02-20 17:24:12,121.416600,31.198500,  0, 90,0
85507,2007-02-20 17:25:12,121.416600,31.198500,  0, 90,0
85507,2007-02-20 17:26:14,121.416600,31.198500,  0, 90,0
85507,2007-02-20 17:27:15,121.416600,31.198500,  0, 90,0
85507,2007-02-20 17:28:16,121.416600,31.198500,  0, 90,0
85507,2007-02-20 17:29:17,121.416600,31.198500,  0, 90,0
85507,2007-02-20 17:30:17,121.416600,31.198500,  0, 90,0
85507,2007-02-20 17:30:25,121.416600,31.198500,  8, 67,1
85507,2007-02-20 17:31:26,121.417100,31.197600,  0, 67,1
85507,2007-02-20 17:32:27,121.417300,31.197100, 26, 67,1
85507,2007-02-20 17:33:27,121.422600,31.195600,  0, 67,1
85507,2007-02-20 17:34:29,121.428000,31.194000, 66, 45,1
85507,2007-02-20 17:35:30,121.432300,31.195500,  0, 22,1
85507,2007-02-20 17:35:42,121.432300,31.195500,  0, 22,0
85507,2007-02-20 17:36:27,121.433300,31.195600, 12, 67,0
85507,2007-02-20 17:36:52,121.433500,31.194500, 38, 90,0
85507,2007-02-20 17:37:09,121.433000,31.192800, 42, 90,0
85507,2007-02-20 17:37:25,121.432600,31.191300, 22, 90,0
85507,2007-02-20 17:40:00,121.426800,31.193800, 20,  0,0
85507,2007-02-20 17:41:01,121.427000,31.193800,  0,  0,0
85507,2007-02-20 17:41:20,121.427500,31.194800, 42, 22,0
85507,2007-02-20 17:41:36,121.428500,31.196500, 52, 22,0
85507,2007-02-20 17:42:34,121.430100,31.198800, 10, 22,0
85507,2007-02-20 17:42:52,121.431100,31.199300, 28, 22,0
85507,2007-02-20 17:43:07,121.432300,31.200100, 26, 22,0
85507,2007-02-20 17:43:57,121.433500,31.200500, 20, 45,0
85507,2007-02-20 17:44:12,121.434600,31.200800, 38, 45,0
85507,2007-02-20 17:44:29,121.436600,31.201300, 42, 45,0
85507,2007-02-20 17:45:17,121.437600,31.201600,  8, 45,0
85507,2007-02-20 17:45:32,121.438600,31.202300, 38, 22,0
85507,2007-02-20 17:46:22,121.438800,31.202500,  4,112,1
85507,2007-02-20 17:48:25,121.445500,31.201300, 32, 22,1
85507,2007-02-20 17:49:26,121.448500,31.202100,  0, 22,1
85507,2007-02-20 17:50:27,121.448600,31.202100, 32, 45,1
85507,2007-02-20 17:51:27,121.457500,31.204600,  0, 45,1
85507,2007-02-20 17:52:29,121.457500,31.204600, 14, 45,1
85507,2007-02-20 17:53:30,121.465000,31.207100, 30, 45,1
85507,2007-02-20 17:54:31,121.468800,31.208000,  0, 45,1
85507,2007-02-20 17:55:32,121.472500,31.207300, 22, 45,1
85507,2007-02-20 17:56:32,121.474500,31.207000,  0, 45,1
85507,2007-02-20 17:57:34,121.477300,31.207800, 64, 45,1
85507,2007-02-20 17:58:35,121.479600,31.208600,  0, 45,1
85507,2007-02-20 17:59:10,121.480500,31.208800,  0, 45,0
85507,2007-02-20 17:59:30,121.480600,31.208800, 34, 45,0
85507,2007-02-20 18:00:21,121.483000,31.209800, 32,  0,0
85507,2007-02-20 18:00:37,121.482300,31.211100, 42,  0,0
85507,2007-02-20 18:00:52,121.482000,31.212800, 52,  0,0
85507,2007-02-20 18:01:09,121.481800,31.213800, 28, 45,0
85507,2007-02-20 18:01:25,121.483600,31.214000, 48, 45,0
85507,2007-02-20 18:02:26,121.485000,31.214100,  0, 45,0
85507,2007-02-20 18:02:57,121.484600,31.215000, 32,157,0
85507,2007-02-20 18:03:12,121.483600,31.215800,  0,157,0
85507,2007-02-20 18:03:34,121.483000,31.216600, 44,157,0
85507,2007-02-20 18:03:50,121.482300,31.217300, 28,112,0
85507,2007-02-20 18:04:06,121.481000,31.216500, 28,112,0
85507,2007-02-20 18:04:29,121.480300,31.217100, 32,  0,0
85507,2007-02-20 18:04:45,121.479600,31.218500, 44,157,0
85507,2007-02-20 18:05:01,121.478600,31.220100, 46,157,0
85507,2007-02-20 18:05:17,121.478000,31.221500, 46,157,0
85507,2007-02-20 18:05:32,121.477100,31.222800, 34,  0,0
85507,2007-02-20 18:05:49,121.476800,31.224000, 32,  0,0
85507,2007-02-20 18:06:06,121.476600,31.225000, 18,  0,0
85507,2007-02-20 18:06:32,121.476100,31.226000, 20,  0,0
85507,2007-02-20 18:06:49,121.475800,31.226800, 18,  0,0
85507,2007-02-20 18:07:33,121.475000,31.227300, 20,157,0
85507,2007-02-20 18:08:12,121.475100,31.228300, 24,157,0
85507,2007-02-20 18:08:28,121.474500,31.229500, 16,  0,0
85507,2007-02-20 18:08:42,121.474300,31.229600, 18,157,1
85507,2007-02-20 18:09:42,121.471500,31.229500, 58,112,1
85507,2007-02-20 18:10:43,121.463600,31.227100, 52,157,1
85507,2007-02-20 18:11:44,121.461500,31.236800, 78,  0,1
85507,2007-02-20 18:12:45,121.458000,31.247500, 74,  0,1
85507,2007-02-20 18:13:46,121.459100,31.257100, 64,  0,1
85507,2007-02-20 18:14:47,121.454800,31.266100, 62,  0,1
85507,2007-02-20 18:16:49,121.447000,31.287100, 74,  0,1
85507,2007-02-20 18:18:51,121.444000,31.308800, 92,  0,1
85507,2007-02-20 18:20:53,121.439000,31.328500,  0,157,1
85507,2007-02-20 18:21:54,121.437100,31.332300,  6,  0,1
85507,2007-02-20 18:24:57,121.451000,31.339000,  0, 45,1
85507,2007-02-20 18:26:15,121.452000,31.339500, 38, 22,0
85507,2007-02-20 18:26:37,121.452800,31.339300,  6, 67,0
85507,2007-02-20 18:27:01,121.453300,31.338500, 18, 67,0
85507,2007-02-20 18:27:32,121.453800,31.337500, 18, 67,0
85507,2007-02-20 18:27:48,121.454300,31.336600, 34, 67,0
85507,2007-02-20 18:28:04,121.454600,31.335300, 34, 90,0
85507,2007-02-20 18:28:20,121.455100,31.334100, 28, 90,0
85507,2007-02-20 18:28:36,121.455000,31.333100, 34,135,0
85507,2007-02-20 18:29:06,121.453600,31.333000, 20,135,1
85507,2007-02-20 18:30:06,121.448500,31.332000, 46,135,1
85507,2007-02-20 18:31:07,121.445000,31.330800,  0,112,1
85507,2007-02-20 18:32:08,121.440500,31.329500, 46,135,1
85507,2007-02-20 18:33:09,121.438800,31.328100, 40, 67,1
85507,2007-02-20 18:34:10,121.440500,31.323000,  0, 90,1
85507,2007-02-20 18:35:10,121.442300,31.319800,  6, 90,1
85507,2007-02-20 18:35:11,121.442300,31.319800,  0, 90,0
85507,2007-02-20 18:35:40,121.442800,31.319100, 38, 90,0
85507,2007-02-20 18:35:56,121.443100,31.317600, 44, 90,0
85507,2007-02-20 18:36:12,121.443300,31.316600, 18,112,0
85507,2007-02-20 18:36:28,121.442000,31.316300, 28,135,0
85507,2007-02-20 18:36:44,121.440600,31.316000, 30,135,0
85507,2007-02-20 18:37:24,121.439500,31.315800, 30,135,0
85507,2007-02-20 18:37:40,121.437600,31.315300, 50,135,0
85507,2007-02-20 18:37:56,121.436500,31.315100,  0,112,0
85507,2007-02-20 18:38:28,121.436300,31.314300, 40, 90,0
85507,2007-02-20 18:38:44,121.436300,31.312500, 34, 90,0
85507,2007-02-20 18:39:26,121.436300,31.312300, 24, 90,1
85507,2007-02-20 18:40:26,121.436800,31.307100,  0, 90,1
85507,2007-02-20 18:41:27,121.437600,31.307000, 42, 45,1
85507,2007-02-20 18:43:29,121.443300,31.307300,  0, 45,1
85507,2007-02-20 18:44:30,121.444100,31.300600, 74, 90,1
85507,2007-02-20 18:45:31,121.445500,31.293500, 44, 90,1
85507,2007-02-20 18:46:32,121.447000,31.282500, 58, 90,1
85507,2007-02-20 18:46:50,121.447100,31.281300,  0, 90,0
85507,2007-02-20 18:47:05,121.447100,31.281100, 12,112,0
85507,2007-02-20 18:47:21,121.445600,31.281100, 42,135,0
85507,2007-02-20 18:47:37,121.443800,31.281100, 34,135,0
85507,2007-02-20 18:47:55,121.443000,31.281000, 36,135,0
85507,2007-02-20 18:48:25,121.442000,31.281000, 28,135,0
85507,2007-02-20 18:48:41,121.439800,31.280500, 56,135,0
85507,2007-02-20 18:49:12,121.435300,31.278800, 54,112,0
85507,2007-02-20 18:49:54,121.434100,31.278300, 30,112,0
85507,2007-02-20 18:50:10,121.432500,31.277300, 54,112,0
85507,2007-02-20 18:50:26,121.431000,31.276600, 26,112,0
85507,2007-02-20 18:50:42,121.429800,31.277100, 36,157,0
85507,2007-02-20 18:50:58,121.428100,31.278000, 42,157,0
85507,2007-02-20 18:51:15,121.427300,31.278600, 26,157,0
85507,2007-02-20 18:51:31,121.426500,31.280000, 50,157,0
85507,2007-02-20 18:53:08,121.423300,31.287300, 38,  0,0
85507,2007-02-20 18:53:40,121.423000,31.290000, 18,  0,0
85507,2007-02-20 18:54:41,121.423000,31.290100,  0,  0,0
85507,2007-02-20 18:55:17,121.423000,31.291100, 30,  0,0
85507,2007-02-20 18:55:33,121.423000,31.292500, 36,  0,0
85507,2007-02-20 18:55:52,121.423100,31.293500, 22,  0,0
85507,2007-02-20 18:56:08,121.423000,31.294800, 34,  0,0
85507,2007-02-20 18:56:48,121.423100,31.296000, 44,  0,0
85507,2007-02-20 18:57:04,121.423100,31.297300,  6,  0,0
85507,2007-02-20 18:57:28,121.422000,31.297300, 46,135,0
85507,2007-02-20 18:57:44,121.419600,31.296800, 46,135,0
85507,2007-02-20 18:58:18,121.419000,31.296100, 30, 90,0
85507,2007-02-20 18:58:35,121.419100,31.295100, 26, 90,0
85507,2007-02-20 18:58:51,121.419100,31.294000, 42, 90,0
85507,2007-02-20 18:59:07,121.419000,31.292500, 18, 90,0
85507,2007-02-20 18:59:23,121.418800,31.290800, 38, 90,0
85507,2007-02-20 18:59:50,121.418600,31.289800, 26, 90,0
85507,2007-02-20 19:00:06,121.418500,31.288300, 50, 90,0
85507,2007-02-20 19:00:22,121.418100,31.286300, 42, 90,0
85507,2007-02-20 19:00:38,121.418300,31.285100, 38, 90,0
85507,2007-02-20 19:08:34,121.447000,31.260100, 58, 45,1
85507,2007-02-20 19:16:07,121.477100,31.248100,  0, 90,0
85507,2007-02-20 19:42:08,121.499000,31.264000, 40, 67,0
85507,2007-02-20 19:42:24,121.499600,31.263000, 28, 67,0
85507,2007-02-20 19:42:40,121.500000,31.262100, 30,112,0
85507,2007-02-20 19:42:56,121.498100,31.261000, 62,112,0
85507,2007-02-20 19:43:12,121.496300,31.259500, 56,112,0
85507,2007-02-20 19:43:28,121.494600,31.258300, 44,112,0
85507,2007-02-20 19:44:18,121.493600,31.257800, 18,112,0
85507,2007-02-20 19:44:50,121.490600,31.255600, 48,112,0
85507,2007-02-20 19:45:38,121.489600,31.255500, 12,135,0
85507,2007-02-20 19:46:10,121.486800,31.255100, 40,112,0
85507,2007-02-20 19:46:26,121.485500,31.254500, 44,112,0
85507,2007-02-20 19:46:42,121.484300,31.254000,  0,112,0
85507,2007-02-20 19:47:43,121.484000,31.253600, 28, 90,0
85507,2007-02-20 19:47:59,121.484500,31.252300, 42, 67,0
85507,2007-02-20 19:48:15,121.485300,31.250300, 54, 90,0
85507,2007-02-20 19:48:31,121.485000,31.248300, 60, 90,0
85507,2007-02-20 19:48:47,121.484600,31.245600, 64, 90,0
85507,2007-02-20 19:49:19,121.485600,31.242000, 50, 90,0
85507,2007-02-20 19:49:35,121.485500,31.240300, 40, 90,0
85507,2007-02-20 19:49:51,121.485800,31.238100, 68, 90,0
85507,2007-02-20 19:50:23,121.487300,31.235000, 28, 67,0
85507,2007-02-20 19:50:39,121.488000,31.234100, 30, 67,0
85507,2007-02-20 19:51:01,121.487600,31.233600, 30,135,0
85507,2007-02-20 19:51:17,121.486000,31.233300, 36,135,0
85507,2007-02-20 19:51:33,121.484600,31.233000, 26,135,0
85507,2007-02-20 19:52:10,121.483600,31.232600,  8,112,0
85507,2007-02-20 19:53:11,121.483100,31.232300,  0,112,0
85507,2007-02-20 19:54:47,121.482000,31.232000, 26,135,0
85507,2007-02-20 19:55:03,121.480500,31.231300, 34,112,0
85507,2007-02-20 19:55:58,121.478300,31.230100, 32,112,0
85507,2007-02-20 19:56:14,121.477300,31.229500, 32,112,0
85507,2007-02-20 19:56:30,121.476100,31.228800, 22,112,0
85507,2007-02-20 19:57:18,121.475000,31.228300, 34,112,0
85507,2007-02-20 19:58:03,121.474500,31.228300, 22,112,1
85507,2007-02-20 19:59:03,121.469300,31.226300, 22,157,1
85507,2007-02-20 20:00:04,121.468300,31.228000, 14,157,1
85507,2007-02-20 20:01:05,121.468300,31.228100,  0,157,1
85507,2007-02-20 20:02:06,121.468300,31.228100,  0,157,1
85507,2007-02-20 20:03:07,121.468300,31.228100,  0,157,1
85507,2007-02-20 20:04:08,121.468300,31.228100,  0,157,1
85507,2007-02-20 20:05:09,121.468300,31.228100,  0,157,1
85507,2007-02-20 20:06:10,121.468300,31.228100,  0,157,1
85507,2007-02-20 20:06:38,121.446600,31.224600,  0,  0,0
85507,2007-02-20 20:07:13,121.446300,31.225600, 40,157,0
85507,2007-02-20 20:07:29,121.445800,31.226600, 16,157,0
85507,2007-02-20 20:07:45,121.446600,31.227600, 40, 22,0
85507,2007-02-20 20:08:01,121.448100,31.228300, 28, 22,0
85507,2007-02-20 20:08:17,121.449100,31.229000, 32, 22,0
85507,2007-02-20 20:09:01,121.450100,31.229300, 26, 45,0
85507,2007-02-20 20:09:17,121.451500,31.230000, 32, 22,0
85507,2007-02-20 20:10:18,121.451600,31.230300,  0,  0,0
85507,2007-02-20 20:12:20,121.451800,31.230500,  6,157,0
85507,2007-02-20 20:13:21,121.451600,31.230500,  0,157,0
85507,2007-02-20 20:14:22,121.451600,31.230600,  0,157,0
85507,2007-02-20 20:14:53,121.451500,31.230600, 10,157,1
85507,2007-02-20 20:15:54,121.449300,31.234000,  0,157,1
85507,2007-02-20 20:16:55,121.448500,31.235300, 34,157,1
85507,2007-02-20 20:17:56,121.447000,31.237000,  0,157,1
85507,2007-02-20 20:18:57,121.445800,31.239100, 38, 22,1
85507,2007-02-20 20:19:46,121.448300,31.240300,  0,  0,0
85507,2007-02-20 20:20:22,121.447300,31.240000, 34,112,0
85507,2007-02-20 20:21:23,121.446500,31.239800, 24,157,0
85507,2007-02-20 20:21:24,121.446500,31.239800, 26,157,1
85507,2007-02-20 20:22:25,121.442600,31.243500, 40,157,1
85507,2007-02-20 20:23:26,121.439600,31.248100, 24,  0,1
85507,2007-02-20 20:24:27,121.436500,31.248600, 18,157,1
85507,2007-02-20 20:25:28,121.439800,31.247600, 16, 90,1
85507,2007-02-20 20:26:29,121.439300,31.248800, 28,135,1
85507,2007-02-20 20:27:30,121.436600,31.248500,  0,112,1
85507,2007-02-20 20:27:58,121.436600,31.248100, 26, 67,0
85507,2007-02-20 20:28:13,121.437100,31.247500,  4,112,0
85507,2007-02-20 20:29:14,121.437500,31.247300, 16,112,0
85507,2007-02-20 20:29:15,121.437500,31.247300, 18,112,1
85507,2007-02-20 20:30:15,121.435300,31.244300, 36,112,1
85507,2007-02-20 20:31:16,121.434800,31.243600, 32,112,1
85507,2007-02-20 20:31:30,121.433800,31.242800, 44,112,0
85507,2007-02-20 20:31:46,121.432600,31.242500,  0,157,0
85507,2007-02-20 20:32:42,121.432100,31.241600, 44,112,0
85507,2007-02-20 20:32:58,121.431100,31.240300, 12,112,0
85507,2007-02-20 20:33:24,121.431600,31.239500, 28, 67,0
85507,2007-02-20 20:33:41,121.432600,31.239000, 32, 67,0
85507,2007-02-20 20:34:22,121.434000,31.239000, 28, 67,0
85507,2007-02-20 20:34:38,121.434600,31.237600, 28, 67,0
85507,2007-02-20 20:34:54,121.435500,31.236600, 46, 67,0
85507,2007-02-20 20:35:10,121.435800,31.235800,  0, 67,0
85507,2007-02-20 20:35:46,121.436500,31.234800, 40, 67,0
85507,2007-02-20 20:36:06,121.437000,31.234000, 20, 67,0
85507,2007-02-20 20:36:50,121.437500,31.233000, 32, 67,0
85507,2007-02-20 20:37:40,121.439000,31.229100, 38, 67,0
85507,2007-02-20 20:37:56,121.439800,31.228000, 26, 67,0
85507,2007-02-20 20:38:30,121.441600,31.228500,  0, 22,0
85507,2007-02-20 20:39:25,121.442300,31.228300, 34, 90,0
85507,2007-02-20 20:39:41,121.443000,31.227300,  0, 67,0
85507,2007-02-20 20:40:42,121.443100,31.226500,  0, 67,0
85507,2007-02-20 20:41:22,121.444000,31.226300, 32, 22,0
85507,2007-02-20 20:41:38,121.445300,31.227000,  0, 45,0
85507,2007-02-20 20:42:39,121.446300,31.227300, 46, 22,0
85507,2007-02-20 20:43:10,121.447100,31.227800, 16, 22,1
85507,2007-02-20 20:44:11,121.446800,31.230600, 36,157,1
85507,2007-02-20 20:45:12,121.448100,31.231300,  0, 45,1
85507,2007-02-20 20:46:13,121.450300,31.232300, 24,157,1
85507,2007-02-20 20:47:14,121.446600,31.237300, 30,157,1
85507,2007-02-20 20:48:15,121.443500,31.241000, 28,157,1
85507,2007-02-20 20:50:17,121.440100,31.246000,  0, 45,1
85507,2007-02-20 20:51:18,121.440000,31.247000,  0,  0,1
85507,2007-02-20 20:51:29,121.440000,31.247000,  0,  0,0
85507,2007-02-20 20:52:47,121.439600,31.248600, 12,  0,0
85507,2007-02-20 20:54:22,121.436600,31.248500,  4,112,1
85507,2007-02-20 20:56:03,121.428500,31.251300,  4,135,1
85507,2007-02-20 20:57:03,121.428300,31.251800,  0,157,1
85507,2007-02-20 20:58:04,121.427800,31.252000, 30,135,1
85507,2007-02-20 20:59:05,121.424000,31.248300, 26,112,1
85507,2007-02-20 21:00:06,121.422800,31.247800,  0,112,1
85507,2007-02-20 21:01:07,121.419300,31.246000, 14,112,1
85507,2007-02-20 21:02:08,121.418800,31.245500,  0,112,1
85507,2007-02-20 21:03:09,121.416500,31.249800, 10,135,1
85507,2007-02-20 21:04:10,121.409500,31.248300, 50,135,1
85507,2007-02-20 21:05:11,121.405300,31.247500,  0,135,1
85507,2007-02-20 21:05:21,121.405300,31.247500,  0,135,0
85507,2007-02-20 21:06:21,121.404500,31.247300,  0,112,0
85507,2007-02-20 21:07:22,121.403800,31.247100,  0,135,0
85507,2007-02-20 21:08:23,121.403800,31.246800, 10, 90,0
85507,2007-02-20 21:09:04,121.404100,31.246600, 22, 90,1
85507,2007-02-20 21:12:05,121.411500,31.240300, 44, 67,1
85507,2007-02-20 21:13:06,121.415600,31.237300,  0, 67,1
85507,2007-02-20 21:14:07,121.417100,31.234600, 40, 90,1
85507,2007-02-20 21:15:08,121.420600,31.228000, 60, 67,1
85507,2007-02-20 21:16:09,121.422100,31.226100,  0, 67,1
85507,2007-02-20 21:17:10,121.425800,31.222100, 26, 90,1
85507,2007-02-20 21:18:11,121.427600,31.217100, 50, 67,1
85507,2007-02-20 21:19:12,121.428000,31.216000,  0, 90,1
85507,2007-02-20 21:20:13,121.428800,31.216100, 46, 22,1
85507,2007-02-20 21:21:14,121.439000,31.221800, 76, 22,1
85507,2007-02-20 21:22:15,121.448800,31.225000, 66, 22,1
85507,2007-02-20 21:23:16,121.458600,31.225500, 40, 45,1
85507,2007-02-20 21:24:17,121.462800,31.225100,  2, 67,1
85507,2007-02-20 21:25:18,121.465500,31.224300, 18, 22,1
85507,2007-02-20 21:26:19,121.468500,31.224800,  0, 90,1
85507,2007-02-20 21:28:16,121.469800,31.223100, 10, 45,0
85507,2007-02-20 21:29:16,121.469800,31.223100, 20, 22,0
85507,2007-02-20 21:29:38,121.470800,31.222800, 30, 90,0
85507,2007-02-20 21:29:54,121.471000,31.221800, 24, 90,0
85507,2007-02-20 21:30:14,121.471300,31.220800, 18, 67,0
85507,2007-02-20 21:31:08,121.469800,31.220800, 38,  0,0
85507,2007-02-20 21:31:24,121.469500,31.222300, 36,  0,0
85507,2007-02-20 21:32:25,121.469100,31.223000,  0,  0,0
85507,2007-02-20 21:33:20,121.469500,31.223100,  4, 45,1
85507,2007-02-20 21:36:23,121.468100,31.229500, 12,  0,1
85507,2007-02-20 21:37:24,121.468000,31.229800,  0,  0,1
85507,2007-02-20 21:38:25,121.451600,31.225800, 30,135,1
85507,2007-02-20 21:39:26,121.441600,31.222800, 80,135,1
85507,2007-02-20 21:40:26,121.433600,31.219600, 58,112,1
85507,2007-02-20 21:41:28,121.425000,31.213100, 80,112,1
85507,2007-02-20 21:42:29,121.415800,31.210600, 16,112,1
85507,2007-02-20 21:43:30,121.412300,31.210100,  0,157,1
85507,2007-02-20 21:44:31,121.407500,31.208100, 34,112,1
85507,2007-02-20 21:45:31,121.405500,31.206600, 40,112,1
85507,2007-02-20 21:46:33,121.401600,31.203600,  0,112,1
85507,2007-02-20 21:47:34,121.401500,31.204600,  0,112,1
85507,2007-02-20 21:47:36,121.401500,31.204600,  0,112,0
85507,2007-02-20 21:48:26,121.402000,31.205100, 26,157,0
85507,2007-02-20 21:48:43,121.401000,31.206000, 10, 22,0
85507,2007-02-20 21:49:05,121.401800,31.206600, 36, 45,0
85507,2007-02-20 21:49:21,121.403300,31.206300, 28, 67,0
85507,2007-02-20 21:50:21,121.404000,31.205800,  0, 67,0
85507,2007-02-20 21:50:58,121.404800,31.205300, 16, 45,0
85507,2007-02-20 21:51:14,121.406300,31.205000, 36, 45,0
85507,2007-02-20 21:52:15,121.407500,31.205000, 10, 45,0
85507,2007-02-20 21:52:16,121.407600,31.205000, 10, 45,1
85507,2007-02-20 21:53:18,121.411100,31.198300, 20, 90,1
85507,2007-02-20 21:55:20,121.405300,31.195000, 52, 45,1
85507,2007-02-20 21:57:29,121.406600,31.193600, 18,135,0
85507,2007-02-20 21:57:50,121.406600,31.194800, 26,  0,0
85507,2007-02-20 21:58:06,121.407500,31.195000, 42, 45,0
85507,2007-02-20 21:58:41,121.408800,31.195000, 20,  0,0
85507,2007-02-20 21:58:56,121.408600,31.196800, 62,  0,0
85507,2007-02-20 21:59:13,121.409000,31.198100, 24, 45,0
85507,2007-02-20 21:59:29,121.410600,31.198000, 46, 45,0
85507,2007-02-20 21:59:45,121.412000,31.198300, 22, 45,0
85507,2007-02-20 22:00:01,121.411800,31.199500, 34,  0,0
85507,2007-02-20 22:00:16,121.411300,31.200800, 34,  0,0
85507,2007-02-20 22:00:33,121.409600,31.202000, 40, 22,0
85507,2007-02-20 22:00:49,121.411500,31.202500, 38, 45,0
85507,2007-02-20 22:01:05,121.413000,31.203000, 38, 45,0
85507,2007-02-20 22:01:21,121.414100,31.203500,  0, 45,0
85507,2007-02-20 22:02:06,121.415100,31.203600, 40, 45,0
85507,2007-02-20 22:02:21,121.417100,31.203300, 48, 45,0
85507,2007-02-20 22:02:38,121.418000,31.203800, 38,  0,0
85507,2007-02-20 22:02:54,121.418300,31.205100, 32,  0,0
85507,2007-02-20 22:03:11,121.418800,31.205800, 22, 45,0
85507,2007-02-20 22:03:26,121.420300,31.205500, 30, 45,0
85507,2007-02-20 22:03:43,121.421600,31.205000, 42, 45,0
85507,2007-02-20 22:04:29,121.424600,31.203800, 20, 45,0
85507,2007-02-20 22:04:45,121.425800,31.203500, 38, 45,0
85507,2007-02-20 22:05:41,121.426800,31.203000, 12, 45,0
85507,2007-02-20 22:05:58,121.428100,31.203000, 36, 22,0
85507,2007-02-20 22:06:14,121.429500,31.203500, 20, 22,0
85507,2007-02-20 22:07:33,121.431000,31.204300, 40, 22,0
85507,2007-02-20 22:07:49,121.432500,31.205300, 50, 22,0
85507,2007-02-20 22:08:05,121.434600,31.206600, 62, 22,0
85507,2007-02-20 22:08:21,121.436600,31.208000, 66, 22,0
85507,2007-02-20 22:08:36,121.438800,31.209300, 54, 22,0
85507,2007-02-20 22:08:53,121.440800,31.210500, 54, 22,0
85507,2007-02-20 22:09:56,121.443300,31.212300, 26, 22,0
85507,2007-02-20 22:11:13,121.444600,31.213800,  0,  0,0
85507,2007-02-20 22:11:31,121.444600,31.214000,  6, 22,1
85507,2007-02-20 22:12:31,121.448000,31.215800, 30, 22,1
85507,2007-02-20 22:13:33,121.454000,31.218500,  0, 22,1
85507,2007-02-20 22:14:34,121.454000,31.218500,  0, 22,1
85507,2007-02-20 22:15:35,121.457800,31.220000, 12, 22,1
85507,2007-02-20 22:16:36,121.462000,31.221800, 18, 22,1
85507,2007-02-20 22:17:36,121.466000,31.223500, 28, 22,1
85507,2007-02-20 22:18:38,121.466300,31.223600,  0, 22,1
85507,2007-02-20 22:19:39,121.466600,31.223800,  0, 22,1
85507,2007-02-20 22:20:40,121.467500,31.225500, 40, 45,1
85507,2007-02-20 22:21:41,121.469100,31.226000, 26, 45,1
85507,2007-02-20 22:22:32,121.471800,31.227000,  0, 22,0
85507,2007-02-20 22:22:48,121.471800,31.227000,  0, 22,0
85507,2007-02-20 22:23:15,121.472600,31.226600, 34, 67,0
85507,2007-02-20 22:23:36,121.473100,31.225800, 32, 67,0
85507,2007-02-20 22:23:53,121.473600,31.224600,  0, 90,0
85507,2007-02-20 22:24:08,121.473800,31.224500, 20, 90,1
85507,2007-02-20 22:25:09,121.473500,31.223300,  0,135,1
85507,2007-02-20 22:26:10,121.474500,31.220800, 42, 67,1
85507,2007-02-20 22:27:11,121.471800,31.218500, 20, 90,1
85507,2007-02-20 22:28:11,121.473000,31.214300, 26, 90,1
85507,2007-02-20 22:29:13,121.474600,31.212600, 42, 45,1
85507,2007-02-20 22:30:14,121.475300,31.212100, 16, 90,1
85507,2007-02-20 22:31:15,121.471300,31.211000, 30,135,1
85507,2007-02-20 22:32:16,121.469100,31.210500, 18,135,1
85507,2007-02-20 22:33:16,121.466600,31.208600,  0,112,1
85507,2007-02-20 22:33:56,121.471300,31.201800,  0,112,0
85507,2007-02-20 22:34:56,121.471500,31.201000, 12,112,0
85507,2007-02-20 22:35:29,121.468500,31.200300, 30,112,0
85507,2007-02-20 22:35:49,121.467500,31.200500, 30,  0,0
85507,2007-02-20 22:36:05,121.466800,31.202000, 44,157,0
85507,2007-02-20 22:36:21,121.466600,31.203500, 32,  0,0
85507,2007-02-20 22:36:36,121.466500,31.204300, 28,  0,0
85507,2007-02-20 22:36:53,121.466000,31.205500, 32,157,0
85507,2007-02-20 22:37:09,121.465500,31.206500, 26,157,0
85507,2007-02-20 22:37:51,121.465300,31.207300, 16, 45,0
85507,2007-02-20 22:38:06,121.466600,31.208000, 44,  0,0
85507,2007-02-20 22:38:23,121.467600,31.210000, 52, 22,0
85507,2007-02-20 22:39:54,121.468600,31.211000, 22,  0,0
85507,2007-02-20 22:40:10,121.468000,31.212300, 28,157,0
85507,2007-02-20 22:41:04,121.467300,31.213300, 50,157,0
85507,2007-02-20 22:41:20,121.466100,31.215100, 50,  0,0
85507,2007-02-20 22:41:36,121.466300,31.217000, 56,  0,0
85507,2007-02-20 22:41:51,121.466800,31.219000, 48,  0,0
85507,2007-02-20 22:42:08,121.467500,31.219600, 14, 45,0
85507,2007-02-20 22:43:09,121.468500,31.219800,  6, 45,0
85507,2007-02-20 22:43:25,121.469600,31.220100, 14, 45,0
85507,2007-02-20 22:44:11,121.469800,31.220800, 10,  0,0
85507,2007-02-20 22:44:39,121.469600,31.222000, 32,  0,0
85507,2007-02-20 22:45:21,121.469500,31.223000, 12,  0,0
85507,2007-02-20 22:46:10,121.470500,31.223500, 16, 22,0
85507,2007-02-20 22:46:36,121.470100,31.224500, 24,157,0
85507,2007-02-20 22:47:36,121.470000,31.224600,  0,157,0
85507,2007-02-20 22:48:38,121.469500,31.225600, 30,157,0
85507,2007-02-20 22:48:56,121.470000,31.226100, 18, 45,0
85507,2007-02-20 22:49:30,121.471100,31.226500, 44, 22,0
85507,2007-02-20 22:50:31,121.472100,31.227000,  0, 45,0
85507,2007-02-20 22:51:31,121.472100,31.227000,  0, 45,0
85507,2007-02-20 22:52:33,121.472100,31.227000,  0, 45,0
85507,2007-02-20 22:53:34,121.472800,31.226500,  0, 67,0
85507,2007-02-20 22:54:31,121.472000,31.226000, 36,112,0
85507,2007-02-20 22:55:01,121.471000,31.225600, 18,112,1
85507,2007-02-20 22:57:01,121.466600,31.219800, 60, 90,1
85507,2007-02-20 22:58:03,121.468600,31.210000, 96, 90,1
85507,2007-02-20 22:59:04,121.472100,31.199800, 44, 90,1
85507,2007-02-20 23:00:05,121.461800,31.194800, 82,112,1
85507,2007-02-20 23:01:06,121.451000,31.188500, 90,135,1
85507,2007-02-20 23:02:06,121.438100,31.181000, 92,112,1
85507,2007-02-20 23:03:08,121.431100,31.182000, 36, 90,1
85507,2007-02-20 23:04:09,121.430300,31.176500,  0,112,1
85507,2007-02-20 23:05:10,121.430000,31.176300,  0, 45,1
85507,2007-02-20 23:06:11,121.432800,31.174800, 44, 90,1
85507,2007-02-20 23:07:00,121.433100,31.173100,  0, 67,0
85507,2007-02-20 23:07:41,121.433300,31.172100, 44, 90,0
85507,2007-02-20 23:07:56,121.433500,31.171000, 18, 90,0
85507,2007-02-20 23:08:14,121.432600,31.170500, 46,135,0
85507,2007-02-20 23:08:30,121.430800,31.170300, 36,135,0
85507,2007-02-20 23:08:46,121.430100,31.170600, 34,  0,0
85507,2007-02-20 23:09:01,121.430500,31.172600, 66,  0,0
85507,2007-02-20 23:09:18,121.430600,31.175500, 70,  0,0
85507,2007-02-20 23:09:34,121.431000,31.178100, 80,  0,0
85507,2007-02-20 23:09:50,121.431800,31.180100, 50, 22,0
85507,2007-02-20 23:10:06,121.432100,31.182000, 58,157,0
85507,2007-02-20 23:10:21,121.430000,31.182100, 52,112,0
85507,2007-02-20 23:10:38,121.427300,31.182800, 68,157,0
85507,2007-02-20 23:11:10,121.421300,31.184800, 74,157,0
85507,2007-02-20 23:11:26,121.419300,31.187100, 68,157,0
85507,2007-02-20 23:11:58,121.415300,31.193000, 90,157,0
85507,2007-02-20 23:12:14,121.413100,31.195800, 84,157,0
85507,2007-02-20 23:12:30,121.411300,31.198300, 76,157,0
85507,2007-02-20 23:13:01,121.408100,31.203100, 78,  0,0
85507,2007-02-20 23:13:34,121.407300,31.208600, 64,  0,0
85507,2007-02-20 23:13:50,121.408300,31.210000, 46, 67,0
85507,2007-02-20 23:14:06,121.407600,31.208300, 54,112,0
85507,2007-02-20 23:14:21,121.405600,31.206800, 74,112,0
85507,2007-02-20 23:14:54,121.400800,31.204000, 68,135,0
85507,2007-02-20 23:15:10,121.398600,31.203600, 26,157,0
85507,2007-02-20 23:15:26,121.398100,31.205100, 30,157,0
85507,2007-02-20 23:15:41,121.396600,31.204600, 52,112,0
85507,2007-02-20 23:15:58,121.394800,31.204100, 16,157,0
85507,2007-02-20 23:16:14,121.394300,31.205100, 42,135,0
85507,2007-02-20 23:17:15,121.393300,31.205300,  0,135,0
85507,2007-02-20 23:18:16,121.393300,31.205100,  0,135,0
85507,2007-02-20 23:19:16,121.393300,31.205100,  0,135,0
85507,2007-02-20 23:20:18,121.393300,31.205100,  0,135,0
85507,2007-02-20 23:21:19,121.393300,31.205100,  0,135,0
85507,2007-02-20 23:23:21,121.393300,31.205100,  0,135,0
85507,2007-02-20 23:24:21,121.393300,31.205100,  0,135,0
85507,2007-02-20 23:25:23,121.393300,31.205100,  0,135,0
85507,2007-02-20 23:26:24,121.393300,31.205100,  0,135,0
85507,2007-02-20 23:27:25,121.393300,31.205100,  0,135,0
85507,2007-02-20 23:28:26,121.393300,31.205100,  0,135,0
85507,2007-02-20 23:29:26,121.393300,31.205300,  0,135,0
85507,2007-02-20 23:30:28,121.393300,31.205300,  0,135,0
85507,2007-02-20 23:31:29,121.393300,31.205300,  0,135,0
85507,2007-02-20 23:32:30,121.393300,31.205300,  0,135,0
85507,2007-02-20 23:33:31,121.393300,31.205300,  0,135,0
85507,2007-02-20 23:34:31,121.393300,31.205300,  0,135,0
85507,2007-02-20 23:35:33,121.393300,31.205300,  0,135,0
85507,2007-02-20 23:36:34,121.393300,31.205300,  0,135,0
85507,2007-02-20 23:37:35,121.393300,31.205300,  0,135,0
85507,2007-02-20 23:38:36,121.393300,31.205300,  0,135,0
85507,2007-02-20 23:39:36,121.393300,31.205300,  0,135,0
85507,2007-02-20 23:40:38,121.393300,31.205300,  0,135,0
85507,2007-02-20 23:41:39,121.393300,31.205300,  0,135,0
85507,2007-02-20 23:42:40,121.393300,31.205300,  0,135,0
85507,2007-02-20 23:43:41,121.393300,31.205300,  0,135,0
85507,2007-02-20 23:44:41,121.393300,31.205300,  0,135,0
85507,2007-02-20 23:46:44,121.393300,31.205300,  0,135,0
85507,2007-02-20 23:47:45,121.393300,31.205300,  0,135,0
85507,2007-02-20 23:48:46,121.393300,31.205300,  0,135,0
85507,2007-02-20 23:49:46,121.393000,31.205300,  0,157,0
85507,2007-02-20 23:50:48,121.393000,31.205300,  0,157,0
85507,2007-02-20 23:51:49,121.393000,31.205300,  0,157,0
85507,2007-02-20 23:52:50,121.393000,31.205300,  0,157,0
85507,2007-02-20 23:53:51,121.393000,31.205300,  0,157,0
85507,2007-02-20 23:54:51,121.393000,31.205300,  0,157,0
85507,2007-02-20 23:55:53,121.393000,31.205300,  0,157,0
85507,2007-02-20 23:56:54,121.393000,31.205300,  0,157,0
85507,2007-02-20 23:57:55,121.393100,31.205100,  0,157,0
85507,2007-02-20 23:58:56,121.393000,31.205300,  0,157,0
85507,2007-02-20 23:59:56,121.393000,31.205300,  0,157,0
