84961,2007-02-20 00:00:22,121.342500,31.159000,  0, 22,0
84961,2007-02-20 00:01:23,121.342500,31.159000,  0, 22,0
84961,2007-02-20 00:02:25,121.342500,31.159000,  0, 22,0
84961,2007-02-20 00:03:26,121.342500,31.159000,  0, 22,0
84961,2007-02-20 00:04:27,121.342500,31.159000,  0, 22,0
84961,2007-02-20 00:05:27,121.342500,31.159000,  0, 22,0
84961,2007-02-20 00:06:29,121.342500,31.159000,  0, 22,0
84961,2007-02-20 00:07:30,121.342500,31.159000,  0, 22,0
84961,2007-02-20 00:08:31,121.345100,31.160300,  0, 22,0
84961,2007-02-20 00:09:32,121.343000,31.164000, 46,157,0
84961,2007-02-20 00:10:32,121.351000,31.167800, 40, 22,0
84961,2007-02-20 00:11:34,121.357300,31.170500, 14, 22,0
84961,2007-02-20 00:12:35,121.358600,31.171100, 46, 22,0
84961,2007-02-20 00:13:36,121.361500,31.172000,  0, 45,0
84961,2007-02-20 00:14:37,121.361500,31.172000,  0, 45,0
84961,2007-02-20 00:15:37,121.361600,31.171800,  0,112,0
84961,2007-02-20 00:16:38,121.361500,31.171800,  0,135,0
84961,2007-02-20 00:17:40,121.361500,31.171800,  0,135,0
84961,2007-02-20 00:18:41,121.361500,31.171800,  0,135,0
84961,2007-02-20 00:19:42,121.361500,31.171800,  0,135,0
84961,2007-02-20 00:20:42,121.361500,31.171800,  0,135,0
84961,2007-02-20 00:22:45,121.361500,31.171800,  0,135,0
84961,2007-02-20 00:23:46,121.361500,31.171800,  0,135,0
84961,2007-02-20 00:24:47,121.361500,31.171800,  0,135,0
84961,2007-02-20 00:25:47,121.361500,31.171800,  0,135,0
84961,2007-02-20 00:26:49,121.361500,31.171800,  0,135,0
84961,2007-02-20 00:28:51,121.361500,31.171800,  0,135,0
84961,2007-02-20 00:29:52,121.361300,31.172100,  0,112,0
84961,2007-02-20 00:30:52,121.361300,31.172100,  0,112,0
84961,2007-02-20 00:31:53,121.361300,31.172100,  0,112,0
84961,2007-02-20 00:33:55,121.361300,31.172100,  0,112,0
84961,2007-02-20 00:34:56,121.358600,31.171100,  0,112,0
84961,2007-02-20 00:35:57,121.357000,31.170500, 38,112,0
84961,2007-02-20 00:36:58,121.351800,31.168300,  0,112,0
84961,2007-02-20 00:37:59,121.347000,31.166300,  0,112,0
84961,2007-02-20 00:39:00,121.343000,31.163800, 34, 67,0
84961,2007-02-20 00:40:01,121.343000,31.163600,  0, 67,0
84961,2007-02-20 00:41:02,121.343000,31.163600,  0, 67,0
84961,2007-02-20 00:42:03,121.343000,31.163600,  0, 67,0
84961,2007-02-20 00:42:33,121.343100,31.163600, 12, 67,1
84961,2007-02-20 00:44:34,121.348500,31.158300, 46, 45,1
84961,2007-02-20 00:45:35,121.354800,31.156000, 54, 67,1
84961,2007-02-20 00:46:36,121.359100,31.156000,  0, 67,1
84961,2007-02-20 00:46:53,121.359100,31.156000,  0, 67,0
84961,2007-02-20 00:47:53,121.357300,31.155100, 44,112,0
84961,2007-02-20 00:48:54,121.353000,31.152500, 50,112,0
84961,2007-02-20 00:49:55,121.347300,31.152100, 28,157,0
84961,2007-02-20 00:50:56,121.346000,31.150600, 24, 67,0
84961,2007-02-20 00:51:57,121.346800,31.150300,  0, 22,0
84961,2007-02-20 00:52:58,121.346800,31.150300,  0, 22,0
84961,2007-02-20 00:53:59,121.346800,31.150300,  0, 22,0
84961,2007-02-20 00:55:00,121.346800,31.150300,  0, 22,0
84961,2007-02-20 00:56:01,121.346800,31.150300,  0, 22,0
84961,2007-02-20 00:57:02,121.346800,31.150300,  0, 22,0
84961,2007-02-20 00:58:03,121.346800,31.150300,  0, 22,0
84961,2007-02-20 00:59:04,121.346800,31.150300,  0, 22,0
84961,2007-02-20 01:00:05,121.346800,31.150300,  0, 22,0
84961,2007-02-20 01:01:06,121.346800,31.150300,  0, 22,0
84961,2007-02-20 01:02:07,121.346800,31.150300,  0, 22,0
84961,2007-02-20 01:03:08,121.346800,31.150300,  0, 22,0
84961,2007-02-20 01:04:09,121.346800,31.150300,  0, 22,0
84961,2007-02-20 01:05:10,121.346800,31.150300,  0, 22,0
84961,2007-02-20 01:06:11,121.346800,31.150300,  0, 22,0
84961,2007-02-20 01:07:12,121.346800,31.150300,  0, 22,0
84961,2007-02-20 01:08:13,121.346800,31.150300,  0, 22,0
84961,2007-02-20 01:09:14,121.346800,31.150300,  0, 22,0
84961,2007-02-20 01:10:15,121.346800,31.150300,  0, 22,0
84961,2007-02-20 01:11:16,121.346800,31.150300,  0, 22,0
84961,2007-02-20 01:12:17,121.346800,31.150300,  0, 22,0
84961,2007-02-20 01:14:19,121.346800,31.150300,  0, 22,0
84961,2007-02-20 01:15:20,121.346800,31.150300,  0, 22,0
84961,2007-02-20 01:16:21,121.346800,31.150300,  0, 22,0
84961,2007-02-20 01:17:22,121.346800,31.150300,  0, 22,0
84961,2007-02-20 01:18:23,121.346800,31.150300,  0, 22,0
84961,2007-02-20 01:20:25,121.346800,31.150300,  0, 22,0
84961,2007-02-20 01:21:26,121.346800,31.150300,  0, 22,0
84961,2007-02-20 01:22:27,121.346800,31.150300,  0, 22,0
84961,2007-02-20 01:23:28,121.346800,31.150300,  0, 22,0
84961,2007-02-20 01:24:29,121.346800,31.150300,  0, 22,0
84961,2007-02-20 01:25:30,121.346800,31.150300,  0, 22,0
84961,2007-02-20 01:26:31,121.346800,31.150300,  0, 22,0
84961,2007-02-20 01:27:32,121.346800,31.150300,  0, 22,0
84961,2007-02-20 01:28:33,121.346800,31.150300,  0, 22,0
84961,2007-02-20 01:29:34,121.346800,31.150300,  0, 22,0
84961,2007-02-20 01:30:35,121.346800,31.150300,  0, 22,0
84961,2007-02-20 01:31:36,121.346800,31.150300,  0, 22,0
84961,2007-02-20 01:32:37,121.346800,31.150300,  0, 22,0
84961,2007-02-20 01:33:38,121.346800,31.150300,  0, 22,0
84961,2007-02-20 01:34:39,121.346800,31.150300,  0, 22,0
84961,2007-02-20 01:35:40,121.346800,31.150300,  0, 22,0
84961,2007-02-20 01:36:41,121.346800,31.150300,  0, 22,0
84961,2007-02-20 01:37:42,121.346800,31.150300,  0, 22,0
84961,2007-02-20 01:38:43,121.346800,31.150300,  0, 22,0
84961,2007-02-20 01:40:45,121.346800,31.150300,  0, 22,0
84961,2007-02-20 01:41:46,121.346800,31.150300,  0, 22,0
84961,2007-02-20 01:42:47,121.346800,31.150300,  0, 22,0
84961,2007-02-20 01:43:48,121.346800,31.150300,  0, 22,0
84961,2007-02-20 01:44:49,121.346800,31.150300,  0, 22,0
84961,2007-02-20 01:45:50,121.346800,31.150300,  0, 22,0
84961,2007-02-20 01:46:51,121.346800,31.150300,  0, 22,0
84961,2007-02-20 01:47:52,121.346800,31.150300,  0, 22,0
84961,2007-02-20 01:48:53,121.346800,31.150300,  0, 22,0
84961,2007-02-20 01:49:54,121.346800,31.150300,  0, 22,0
84961,2007-02-20 01:50:55,121.346800,31.150300,  0, 22,0
84961,2007-02-20 01:51:56,121.346800,31.150300,  0, 22,0
84961,2007-02-20 01:52:57,121.346800,31.150300,  0, 22,0
84961,2007-02-20 01:53:58,121.346800,31.150300,  0, 22,0
84961,2007-02-20 01:54:59,121.346800,31.150300,  0, 22,0
84961,2007-02-20 01:56:00,121.346800,31.150300,  0, 22,0
84961,2007-02-20 01:57:01,121.346800,31.150300,  0, 22,0
84961,2007-02-20 01:58:02,121.346800,31.150300,  0, 22,0
84961,2007-02-20 01:59:03,121.346800,31.150300,  0, 22,0
84961,2007-02-20 02:00:04,121.346800,31.150300,  0, 22,0
84961,2007-02-20 02:01:05,121.346800,31.150300,  0, 22,0
84961,2007-02-20 02:02:06,121.346800,31.150300,  0, 22,0
84961,2007-02-20 02:03:07,121.346800,31.150300,  0, 22,0
84961,2007-02-20 02:04:08,121.346800,31.150300,  0, 22,0
84961,2007-02-20 02:05:09,121.346800,31.150300,  0, 22,0
84961,2007-02-20 02:06:10,121.346800,31.150300,  0, 22,0
84961,2007-02-20 02:07:11,121.346800,31.150300,  0, 22,0
84961,2007-02-20 02:08:12,121.346800,31.150300,  0, 22,0
84961,2007-02-20 02:09:13,121.346800,31.150300,  0, 22,0
84961,2007-02-20 02:10:14,121.346800,31.150300,  0, 22,0
84961,2007-02-20 02:11:15,121.346800,31.150300,  0, 22,0
84961,2007-02-20 02:12:16,121.346800,31.150300,  0, 22,0
84961,2007-02-20 02:13:17,121.346800,31.150300,  0, 22,0
84961,2007-02-20 02:14:18,121.346800,31.150300,  0, 22,0
84961,2007-02-20 02:15:19,121.346800,31.150300,  0, 22,0
84961,2007-02-20 02:16:20,121.346800,31.150300,  0, 22,0
84961,2007-02-20 02:17:21,121.346800,31.150300,  0, 22,0
84961,2007-02-20 02:18:22,121.346800,31.150300,  0, 22,0
84961,2007-02-20 02:19:23,121.346800,31.150300,  0, 22,0
84961,2007-02-20 02:20:24,121.346800,31.150300,  0, 22,0
84961,2007-02-20 02:21:25,121.346800,31.150300,  0, 22,0
84961,2007-02-20 02:22:26,121.346800,31.150300,  0, 22,0
84961,2007-02-20 02:23:27,121.346800,31.150300,  0, 22,0
84961,2007-02-20 02:24:28,121.346800,31.150300,  0, 22,0
84961,2007-02-20 02:25:29,121.346800,31.150300,  0, 22,0
84961,2007-02-20 02:26:30,121.346800,31.150300,  0, 22,0
84961,2007-02-20 02:27:31,121.346800,31.150300,  0, 22,0
84961,2007-02-20 02:28:32,121.346800,31.150300,  0, 22,0
84961,2007-02-20 02:29:33,121.346800,31.150300,  0, 22,0
84961,2007-02-20 02:30:34,121.346800,31.150300,  0, 22,0
84961,2007-02-20 02:32:36,121.346800,31.150300,  0, 22,0
84961,2007-02-20 02:35:39,121.346800,31.150300,  0, 22,0
84961,2007-02-20 02:36:40,121.346800,31.150300,  0, 22,0
84961,2007-02-20 02:37:41,121.346800,31.150300,  0, 22,0
84961,2007-02-20 02:38:42,121.346800,31.150300,  0, 22,0
84961,2007-02-20 02:39:43,121.346800,31.150300,  0, 22,0
84961,2007-02-20 02:40:44,121.346800,31.150300,  0, 22,0
84961,2007-02-20 02:42:46,121.346800,31.150300,  0, 22,0
84961,2007-02-20 02:43:47,121.346800,31.150300,  0, 22,0
84961,2007-02-20 02:44:48,121.346800,31.150300,  0, 22,0
84961,2007-02-20 02:45:49,121.346800,31.150300,  0, 22,0
84961,2007-02-20 02:46:50,121.346800,31.150300,  0, 22,0
84961,2007-02-20 02:47:51,121.346800,31.150300,  0, 22,0
84961,2007-02-20 02:48:52,121.346800,31.150300,  0, 22,0
84961,2007-02-20 02:49:53,121.346800,31.150300,  0, 22,0
84961,2007-02-20 02:50:54,121.346800,31.150300,  0, 22,0
84961,2007-02-20 02:51:55,121.346800,31.150300,  0, 22,0
84961,2007-02-20 02:52:56,121.346800,31.150300,  0, 22,0
84961,2007-02-20 02:53:57,121.346800,31.150300,  0, 22,0
84961,2007-02-20 02:55:59,121.346800,31.150300,  0, 22,0
84961,2007-02-20 02:57:00,121.346800,31.150300,  0, 22,0
84961,2007-02-20 02:58:01,121.346800,31.150300,  0, 22,0
84961,2007-02-20 02:59:02,121.346800,31.150300,  0, 22,0
84961,2007-02-20 03:00:03,121.347000,31.150300,  0, 22,0
84961,2007-02-20 03:01:04,121.347000,31.150300,  0, 22,0
84961,2007-02-20 03:02:05,121.347000,31.150300,  0, 22,0
84961,2007-02-20 03:03:06,121.347000,31.150300,  0, 22,0
84961,2007-02-20 03:04:07,121.347000,31.150300,  0, 22,0
84961,2007-02-20 03:05:08,121.347000,31.150300,  0, 22,0
84961,2007-02-20 03:06:09,121.347000,31.150300,  0, 22,0
84961,2007-02-20 03:07:10,121.347000,31.150300,  0, 22,0
84961,2007-02-20 03:09:12,121.346800,31.150300,  0, 22,0
84961,2007-02-20 03:10:13,121.346800,31.150300,  0, 22,0
84961,2007-02-20 03:11:14,121.347000,31.150300,  0, 22,0
84961,2007-02-20 03:12:15,121.347000,31.150300,  0, 22,0
84961,2007-02-20 03:13:16,121.347000,31.150300,  0, 22,0
84961,2007-02-20 03:14:17,121.347000,31.150300,  0, 22,0
84961,2007-02-20 03:16:19,121.347000,31.150300,  0, 22,0
84961,2007-02-20 03:17:20,121.347000,31.150300,  0, 22,0
84961,2007-02-20 03:18:21,121.347000,31.150300,  0, 22,0
84961,2007-02-20 03:19:22,121.347000,31.150300,  0, 22,0
84961,2007-02-20 03:20:23,121.347000,31.150300,  0, 22,0
84961,2007-02-20 03:21:24,121.347000,31.150300,  0, 22,0
84961,2007-02-20 03:23:26,121.347000,31.150300,  0, 22,0
84961,2007-02-20 03:24:27,121.347000,31.150300,  0, 22,0
84961,2007-02-20 03:25:28,121.347000,31.150300,  0, 22,0
84961,2007-02-20 03:26:29,121.347000,31.150300,  0, 22,0
84961,2007-02-20 03:27:30,121.347000,31.150300,  0, 22,0
84961,2007-02-20 03:28:31,121.347000,31.150300,  0, 22,0
84961,2007-02-20 03:29:32,121.347000,31.150300,  0, 22,0
84961,2007-02-20 03:30:33,121.347000,31.150300,  0, 22,0
84961,2007-02-20 03:31:34,121.347000,31.150300,  0, 22,0
84961,2007-02-20 03:32:35,121.347000,31.150300,  0, 22,0
84961,2007-02-20 03:33:36,121.347000,31.150300,  0, 22,0
84961,2007-02-20 03:34:37,121.347000,31.150300,  0, 22,0
84961,2007-02-20 03:35:38,121.347000,31.150300,  0, 22,0
84961,2007-02-20 03:36:39,121.347000,31.150300,  0, 22,0
84961,2007-02-20 03:37:40,121.347000,31.150300,  0, 22,0
84961,2007-02-20 03:38:41,121.347000,31.150300,  0, 22,0
84961,2007-02-20 03:39:42,121.347000,31.150300,  0, 22,0
84961,2007-02-20 03:40:43,121.347000,31.150300,  0, 22,0
84961,2007-02-20 03:41:44,121.347000,31.150300,  0, 22,0
84961,2007-02-20 03:42:45,121.347000,31.150300,  0, 22,0
84961,2007-02-20 03:43:46,121.347000,31.150300,  0, 22,0
84961,2007-02-20 03:44:47,121.347000,31.150300,  0, 22,0
84961,2007-02-20 03:45:48,121.347000,31.150300,  0, 22,0
84961,2007-02-20 03:46:49,121.347000,31.150300,  0, 22,0
84961,2007-02-20 03:47:50,121.347000,31.150300,  0, 22,0
84961,2007-02-20 03:48:50,121.347000,31.150300,  0, 22,0
84961,2007-02-20 03:49:51,121.347000,31.150300,  0, 22,0
84961,2007-02-20 03:50:52,121.347000,31.150300,  0, 22,0
84961,2007-02-20 03:51:53,121.347000,31.150300,  0, 22,0
84961,2007-02-20 03:52:54,121.347000,31.150100,  0, 22,0
84961,2007-02-20 03:53:55,121.347000,31.150100,  0, 22,0
84961,2007-02-20 03:54:56,121.347000,31.150100,  0, 22,0
84961,2007-02-20 03:55:57,121.347000,31.150100,  0, 22,0
84961,2007-02-20 03:56:58,121.347000,31.150100,  0, 22,0
84961,2007-02-20 03:59:00,121.347000,31.150100,  0, 22,0
84961,2007-02-20 04:00:01,121.347000,31.150100,  0, 22,0
84961,2007-02-20 04:01:02,121.347000,31.150100,  0, 22,0
84961,2007-02-20 04:02:03,121.347000,31.150100,  0, 22,0
84961,2007-02-20 04:04:05,121.347000,31.150100,  0, 22,0
84961,2007-02-20 04:05:06,121.347000,31.150100,  0, 22,0
84961,2007-02-20 04:06:07,121.347000,31.150100,  0, 22,0
84961,2007-02-20 04:08:09,121.347000,31.150100,  0, 22,0
84961,2007-02-20 04:09:10,121.347000,31.150100,  0, 22,0
84961,2007-02-20 04:10:11,121.347000,31.150100,  0, 22,0
84961,2007-02-20 04:11:12,121.347000,31.150100,  0, 22,0
84961,2007-02-20 04:13:14,121.347000,31.150100,  0, 22,0
84961,2007-02-20 04:14:15,121.347000,31.150100,  0, 22,0
84961,2007-02-20 04:15:16,121.347000,31.150100,  0, 22,0
84961,2007-02-20 04:16:17,121.347000,31.150100,  0, 22,0
84961,2007-02-20 04:17:18,121.347000,31.150100,  0, 22,0
84961,2007-02-20 04:18:19,121.347000,31.150100,  0, 22,0
84961,2007-02-20 04:19:20,121.347000,31.150100,  0, 22,0
84961,2007-02-20 04:20:21,121.347000,31.150100,  0, 22,0
84961,2007-02-20 04:21:22,121.347000,31.150100,  0, 22,0
84961,2007-02-20 04:22:23,121.347000,31.150100,  0, 22,0
84961,2007-02-20 04:23:24,121.347000,31.150100,  0, 22,0
84961,2007-02-20 04:24:25,121.347000,31.150100,  0, 22,0
84961,2007-02-20 04:25:26,121.347000,31.150100,  0, 22,0
84961,2007-02-20 04:27:28,121.347000,31.150100,  0, 22,0
84961,2007-02-20 04:28:29,121.347000,31.150100,  0, 22,0
84961,2007-02-20 04:29:30,121.347000,31.150100,  0, 22,0
84961,2007-02-20 04:31:32,121.347000,31.150100,  0, 22,0
84961,2007-02-20 04:32:33,121.347000,31.150100,  0, 22,0
84961,2007-02-20 04:34:35,121.346800,31.150300,  0, 22,0
84961,2007-02-20 04:35:36,121.346800,31.150300,  0, 22,0
84961,2007-02-20 04:36:37,121.346800,31.150300,  0, 22,0
84961,2007-02-20 04:37:37,121.346800,31.150300,  0, 22,0
84961,2007-02-20 04:38:39,121.346800,31.150300,  0, 22,0
84961,2007-02-20 04:40:41,121.346800,31.150300,  0, 22,0
84961,2007-02-20 04:41:42,121.346800,31.150300,  0, 22,0
84961,2007-02-20 04:42:42,121.346800,31.150300,  0, 22,0
84961,2007-02-20 04:43:44,121.346800,31.150300,  0, 22,0
84961,2007-02-20 04:44:45,121.346800,31.150300,  0, 22,0
84961,2007-02-20 04:45:46,121.346800,31.150300,  0, 22,0
84961,2007-02-20 04:46:47,121.346800,31.150300,  0, 22,0
84961,2007-02-20 04:48:49,121.346800,31.150300,  0, 22,0
84961,2007-02-20 04:49:50,121.346800,31.150300,  0, 22,0
84961,2007-02-20 04:50:51,121.346800,31.150300,  0, 22,0
84961,2007-02-20 04:51:52,121.346800,31.150300,  0, 22,0
84961,2007-02-20 04:52:52,121.346800,31.150300,  0, 22,0
84961,2007-02-20 04:53:54,121.346800,31.150300,  0, 22,0
84961,2007-02-20 04:54:55,121.346800,31.150300,  0, 22,0
84961,2007-02-20 04:55:56,121.346800,31.150300,  0, 22,0
84961,2007-02-20 04:56:57,121.346800,31.150300,  0, 22,0
84961,2007-02-20 04:57:57,121.346800,31.150300,  0, 22,0
84961,2007-02-20 04:58:59,121.346800,31.150300,  0, 22,0
84961,2007-02-20 05:00:00,121.346800,31.150300,  0, 22,0
84961,2007-02-20 05:01:01,121.346800,31.150300,  0, 22,0
84961,2007-02-20 05:02:02,121.346800,31.150300,  0, 22,0
84961,2007-02-20 05:03:02,121.346800,31.150300,  0, 22,0
84961,2007-02-20 05:04:04,121.346800,31.150300,  0, 22,0
84961,2007-02-20 05:05:05,121.346800,31.150300,  0, 22,0
84961,2007-02-20 05:06:06,121.346800,31.150300,  0, 22,0
84961,2007-02-20 05:08:07,121.346800,31.150300,  0, 22,0
84961,2007-02-20 05:09:09,121.346800,31.150300,  0, 22,0
84961,2007-02-20 05:10:10,121.346800,31.150300,  0, 22,0
84961,2007-02-20 05:11:11,121.346800,31.150300,  0, 22,0
84961,2007-02-20 05:13:12,121.346800,31.150300,  0, 22,0
84961,2007-02-20 05:14:14,121.346800,31.150300,  0, 22,0
84961,2007-02-20 05:15:15,121.346800,31.150300,  0, 22,0
84961,2007-02-20 05:17:17,121.346800,31.150300,  0, 22,0
84961,2007-02-20 05:18:17,121.346800,31.150300,  0, 22,0
84961,2007-02-20 05:19:19,121.346800,31.150300,  0, 22,0
84961,2007-02-20 05:20:20,121.346800,31.150300,  0, 22,0
84961,2007-02-20 05:21:21,121.346800,31.150300,  0, 22,0
84961,2007-02-20 05:22:22,121.346800,31.150300,  0, 22,0
84961,2007-02-20 05:23:22,121.346800,31.150300,  0, 22,0
84961,2007-02-20 05:24:24,121.346800,31.150300,  0, 22,0
84961,2007-02-20 05:25:25,121.347000,31.150300,  0, 22,0
84961,2007-02-20 05:26:26,121.347000,31.150300,  0, 22,0
84961,2007-02-20 05:27:27,121.347000,31.150300,  0, 22,0
84961,2007-02-20 05:29:29,121.347000,31.150300,  0, 22,0
84961,2007-02-20 05:30:30,121.347000,31.150300,  0, 22,0
84961,2007-02-20 05:31:31,121.347000,31.150300,  0, 22,0
84961,2007-02-20 05:32:32,121.347000,31.150300,  0, 22,0
84961,2007-02-20 05:33:32,121.347000,31.150300,  0, 22,0
84961,2007-02-20 05:34:34,121.347000,31.150300,  0, 22,0
84961,2007-02-20 05:35:35,121.347000,31.150300,  0, 22,0
84961,2007-02-20 05:37:37,121.347000,31.150300,  0, 22,0
84961,2007-02-20 05:38:37,121.347000,31.150300,  0, 22,0
84961,2007-02-20 05:39:39,121.347000,31.150300,  0, 22,0
84961,2007-02-20 05:40:40,121.347000,31.150300,  0, 22,0
84961,2007-02-20 05:41:41,121.347000,31.150300,  0, 22,0
84961,2007-02-20 05:42:42,121.347000,31.150300,  0, 22,0
84961,2007-02-20 05:43:42,121.346800,31.150500,  0, 22,0
84961,2007-02-20 05:44:44,121.346800,31.150500,  0, 22,0
84961,2007-02-20 05:45:45,121.346800,31.150500,  0, 22,0
84961,2007-02-20 05:46:46,121.346800,31.150500,  0, 22,0
84961,2007-02-20 05:47:47,121.346800,31.150500,  0, 22,0
84961,2007-02-20 05:48:47,121.347000,31.150100,  0, 22,0
84961,2007-02-20 05:49:49,121.347000,31.150100,  0, 22,0
84961,2007-02-20 05:50:50,121.347000,31.150100,  0, 22,0
84961,2007-02-20 05:51:51,121.347000,31.150100,  0, 22,0
84961,2007-02-20 05:52:52,121.347000,31.150100,  0, 22,0
84961,2007-02-20 05:53:52,121.347000,31.150100,  0, 22,0
84961,2007-02-20 05:54:54,121.347100,31.150000,  0, 22,0
84961,2007-02-20 05:55:55,121.347100,31.150300,  0, 22,0
84961,2007-02-20 05:56:56,121.347100,31.150300,  0, 22,0
84961,2007-02-20 05:57:56,121.347100,31.150300,  0, 22,0
84961,2007-02-20 05:58:57,121.347000,31.150300,  0, 22,0
84961,2007-02-20 05:59:59,121.347000,31.150300,  0, 22,0
84961,2007-02-20 06:01:00,121.347000,31.150300,  0, 22,0
84961,2007-02-20 06:02:01,121.347000,31.150300,  0, 22,0
84961,2007-02-20 06:03:02,121.347000,31.150300,  0, 22,0
84961,2007-02-20 06:04:02,121.347000,31.150300,  0, 22,0
84961,2007-02-20 06:05:04,121.347000,31.150300,  0, 22,0
84961,2007-02-20 06:06:05,121.347000,31.150300,  0, 22,0
84961,2007-02-20 06:07:06,121.347000,31.150300,  0, 22,0
84961,2007-02-20 06:08:07,121.346800,31.150100,  0, 22,0
84961,2007-02-20 06:09:07,121.346800,31.149600,  0, 90,0
84961,2007-02-20 06:10:09,121.346800,31.150300,  0, 90,0
84961,2007-02-20 06:12:11,121.346800,31.150300,  0, 90,0
84961,2007-02-20 06:13:12,121.346800,31.150300,  0, 90,0
84961,2007-02-20 06:14:12,121.346800,31.150300,  0, 90,0
84961,2007-02-20 06:15:14,121.346800,31.150500,  0, 90,0
84961,2007-02-20 06:16:15,121.346800,31.150500,  0, 90,0
84961,2007-02-20 06:17:16,121.346800,31.150500,  0, 90,0
84961,2007-02-20 06:18:17,121.346800,31.150500,  0, 90,0
84961,2007-02-20 06:19:17,121.346800,31.150500,  0, 90,0
84961,2007-02-20 06:20:19,121.346300,31.150300,  0,157,0
84961,2007-02-20 06:21:20,121.346300,31.150300,  0,157,0
84961,2007-02-20 06:22:21,121.346300,31.150300,  0,157,0
84961,2007-02-20 06:23:22,121.346300,31.150300,  0,157,0
84961,2007-02-20 06:24:22,121.346300,31.150300,  0,157,0
84961,2007-02-20 06:25:24,121.345800,31.150800, 14,157,0
84961,2007-02-20 06:26:25,121.344300,31.153500, 18,  0,0
84961,2007-02-20 06:27:26,121.347000,31.152100, 12, 67,0
84961,2007-02-20 06:28:27,121.347000,31.152100,  0, 67,0
84961,2007-02-20 06:30:29,121.347000,31.152100,  0, 67,0
84961,2007-02-20 06:31:30,121.347000,31.152100,  0, 67,0
84961,2007-02-20 06:32:31,121.347000,31.152100,  0, 67,0
84961,2007-02-20 06:33:32,121.347000,31.152100,  0, 67,0
84961,2007-02-20 06:34:32,121.347000,31.152100,  0, 67,0
84961,2007-02-20 06:37:36,121.347000,31.152100,  0, 67,0
84961,2007-02-20 06:39:01,121.350600,31.148600, 88, 67,1
84961,2007-02-20 06:40:02,121.357100,31.139000, 60, 67,1
84961,2007-02-20 06:41:02,121.364800,31.141500, 26, 45,1
84961,2007-02-20 06:42:04,121.367500,31.138100,  0, 67,1
84961,2007-02-20 06:43:04,121.367500,31.138100, 10, 90,1
84961,2007-02-20 06:44:05,121.373500,31.138800, 50, 45,1
84961,2007-02-20 06:45:06,121.381800,31.140500, 40, 22,1
84961,2007-02-20 06:46:07,121.391300,31.142600, 46, 90,1
84961,2007-02-20 06:47:08,121.394300,31.136300, 56, 22,1
84961,2007-02-20 06:48:09,121.397300,31.133600, 22, 90,1
84961,2007-02-20 06:48:27,121.396800,31.133000,  0,112,0
84961,2007-02-20 06:49:27,121.396100,31.132300,  6,112,0
84961,2007-02-20 06:50:28,121.393300,31.134600, 36,  0,0
84961,2007-02-20 06:51:29,121.392100,31.139300,  0,  0,0
84961,2007-02-20 06:52:30,121.390800,31.143100, 28,135,0
84961,2007-02-20 06:54:32,121.380800,31.143800,  0,  0,0
84961,2007-02-20 06:55:33,121.379800,31.147000, 14,  0,0
84961,2007-02-20 06:56:34,121.377500,31.154500, 46,  0,0
84961,2007-02-20 06:57:35,121.377300,31.158800,  0,  0,0
84961,2007-02-20 06:58:36,121.377300,31.158800,  0,  0,0
84961,2007-02-20 06:59:37,121.377100,31.163000,  0,  0,0
84961,2007-02-20 07:00:38,121.374100,31.169600, 72,157,0
84961,2007-02-20 07:01:39,121.371500,31.175800,  0,  0,0
84961,2007-02-20 07:02:40,121.371100,31.177100, 50,  0,0
84961,2007-02-20 07:03:41,121.369000,31.183000, 42,  0,0
84961,2007-02-20 07:04:42,121.364800,31.184600, 36,  0,0
84961,2007-02-20 07:05:43,121.364800,31.185000,  0, 22,0
84961,2007-02-20 07:06:44,121.364800,31.185000,  0, 22,0
84961,2007-02-20 07:07:45,121.364600,31.184800,  0, 90,0
84961,2007-02-20 07:08:46,121.364500,31.184600,  0, 90,0
84961,2007-02-20 07:09:47,121.364600,31.184800,  0, 90,0
84961,2007-02-20 07:10:48,121.364600,31.184800,  0, 90,0
84961,2007-02-20 07:11:49,121.364600,31.184800,  0, 90,0
84961,2007-02-20 07:12:50,121.364600,31.184800,  0, 90,0
84961,2007-02-20 07:13:51,121.364600,31.185100,  0,  0,0
84961,2007-02-20 07:15:53,121.364600,31.185100,  0,  0,0
84961,2007-02-20 07:16:54,121.364600,31.185100,  0,  0,0
84961,2007-02-20 07:17:55,121.364600,31.185100,  0,  0,0
84961,2007-02-20 07:18:56,121.364600,31.185100,  0,  0,0
84961,2007-02-20 07:19:57,121.364600,31.185100,  0,  0,0
84961,2007-02-20 07:20:58,121.364600,31.185100,  0,  0,0
84961,2007-02-20 07:21:59,121.364500,31.184800,  0,  0,0
84961,2007-02-20 07:23:00,121.364500,31.184800,  0,  0,0
84961,2007-02-20 07:24:01,121.364500,31.184800,  0,  0,0
84961,2007-02-20 07:27:04,121.364500,31.184800,  0,  0,0
84961,2007-02-20 07:28:05,121.364500,31.184800,  0,  0,0
84961,2007-02-20 07:29:06,121.364500,31.184800,  0,  0,0
84961,2007-02-20 07:30:07,121.364500,31.184800,  0,  0,0
84961,2007-02-20 07:31:08,121.364500,31.184800,  0,  0,0
84961,2007-02-20 07:32:09,121.364500,31.184800,  0,  0,0
84961,2007-02-20 07:33:10,121.364500,31.184800,  0,  0,0
84961,2007-02-20 07:34:11,121.364500,31.184800,  0,  0,0
84961,2007-02-20 07:35:12,121.364500,31.184800,  0,  0,0
84961,2007-02-20 07:36:13,121.364500,31.184600,  0, 90,0
84961,2007-02-20 07:36:42,121.364600,31.184600, 10, 67,1
84961,2007-02-20 07:37:42,121.365300,31.178600, 30,135,1
84961,2007-02-20 07:38:43,121.359100,31.177800,  6,135,1
84961,2007-02-20 07:39:44,121.360500,31.171800, 38,112,1
84961,2007-02-20 07:40:45,121.360300,31.164300,108, 90,1
84961,2007-02-20 07:41:46,121.366800,31.150000,116, 67,1
84961,2007-02-20 07:42:47,121.374500,31.136300, 96, 67,1
84961,2007-02-20 07:43:48,121.381800,31.123300,102, 67,1
84961,2007-02-20 07:44:49,121.398500,31.120300,114, 45,1
84961,2007-02-20 07:45:50,121.416600,31.121600,104, 45,1
84961,2007-02-20 07:46:51,121.433100,31.123800,112, 45,1
84961,2007-02-20 07:47:52,121.451600,31.126000,104, 45,1
84961,2007-02-20 07:48:53,121.467500,31.130300,106, 22,1
84961,2007-02-20 07:49:54,121.483100,31.133000, 90, 45,1
84961,2007-02-20 07:50:55,121.499600,31.135100,118, 45,1
84961,2007-02-20 07:51:56,121.516600,31.138000,104, 45,1
84961,2007-02-20 07:52:57,121.532100,31.140500, 90, 45,1
84961,2007-02-20 07:53:58,121.548300,31.144100,116, 45,1
84961,2007-02-20 07:54:59,121.565000,31.146800,110, 45,1
84961,2007-02-20 07:56:00,121.582000,31.148300, 86, 45,1
84961,2007-02-20 07:57:01,121.597300,31.151000, 90, 45,1
84961,2007-02-20 07:58:02,121.614300,31.154600, 96, 45,1
84961,2007-02-20 07:59:03,121.630600,31.156600, 94, 45,1
84961,2007-02-20 08:00:04,121.647600,31.157500,104, 45,1
84961,2007-02-20 08:01:05,121.664000,31.160100, 94, 45,1
84961,2007-02-20 08:02:06,121.680300,31.165500,112, 22,1
84961,2007-02-20 08:03:07,121.696100,31.171000,116, 22,1
84961,2007-02-20 08:04:08,121.712600,31.177000,104, 22,1
84961,2007-02-20 08:07:11,121.763300,31.190500,100, 45,1
84961,2007-02-20 08:08:12,121.778600,31.186300,102, 67,1
84961,2007-02-20 08:09:13,121.786800,31.177300, 78, 67,1
84961,2007-02-20 08:10:14,121.792800,31.168800, 70, 67,1
84961,2007-02-20 08:12:16,121.798800,31.153800, 40, 90,1
84961,2007-02-20 08:13:11,121.800800,31.149100, 42, 90,0
84961,2007-02-20 08:14:12,121.803300,31.145100,  0, 90,0
84961,2007-02-20 08:16:14,121.803500,31.148600, 58,  0,0
84961,2007-02-20 08:17:15,121.801100,31.154800, 46,  0,0
84961,2007-02-20 08:18:16,121.797100,31.163500, 78,157,0
84961,2007-02-20 08:19:17,121.789500,31.174300, 92,157,0
84961,2007-02-20 08:20:18,121.781000,31.185000, 96,157,0
84961,2007-02-20 08:21:19,121.767500,31.190600, 88,135,0
84961,2007-02-20 08:23:21,121.734100,31.184800,110,112,0
84961,2007-02-20 08:24:22,121.718500,31.179100, 92,112,0
84961,2007-02-20 08:25:23,121.701600,31.173100,106,112,0
84961,2007-02-20 08:26:24,121.684800,31.167300,112,112,0
84961,2007-02-20 08:27:25,121.667800,31.161500,108,135,0
84961,2007-02-20 08:28:26,121.651000,31.158000,102,135,0
84961,2007-02-20 08:30:28,121.619500,31.155500,108,135,0
84961,2007-02-20 08:31:29,121.601000,31.152300,110,135,0
84961,2007-02-20 08:32:30,121.584100,31.148800,112,135,0
84961,2007-02-20 08:33:31,121.565800,31.147000,114,135,0
84961,2007-02-20 08:34:32,121.549000,31.144500,100,135,0
84961,2007-02-20 08:35:33,121.531300,31.140500,114,135,0
84961,2007-02-20 08:36:34,121.512800,31.137500,108,135,0
84961,2007-02-20 08:38:36,121.480100,31.133000, 86,135,0
84961,2007-02-20 08:39:37,121.465800,31.129800, 86,112,0
84961,2007-02-20 08:40:38,121.453500,31.126500, 62,135,0
84961,2007-02-20 08:41:39,121.449500,31.134800, 74,  0,0
84961,2007-02-20 08:42:40,121.444800,31.136500, 46,135,0
84961,2007-02-20 08:43:41,121.439500,31.135000,  0,112,0
84961,2007-02-20 08:45:43,121.428600,31.133100, 44,135,0
84961,2007-02-20 08:46:44,121.423300,31.132100, 36,135,0
84961,2007-02-20 08:47:45,121.418500,31.131800, 34,157,0
84961,2007-02-20 08:48:46,121.415800,31.136500, 38,157,0
84961,2007-02-20 08:49:47,121.414600,31.138600, 16,157,0
84961,2007-02-20 08:50:48,121.411800,31.139100, 34,135,0
84961,2007-02-20 08:51:49,121.408500,31.139800, 60,157,0
84961,2007-02-20 08:52:50,121.404500,31.148000, 30,  0,0
84961,2007-02-20 08:53:51,121.404500,31.148100,  0,157,0
84961,2007-02-20 08:55:53,121.402000,31.148000, 50,135,0
84961,2007-02-20 08:56:54,121.398500,31.151300, 46,  0,0
84961,2007-02-20 08:57:55,121.397100,31.154500, 38,  0,0
84961,2007-02-20 08:58:56,121.395800,31.158300, 32,  0,0
84961,2007-02-20 08:59:57,121.394500,31.158600, 34,135,0
84961,2007-02-20 09:00:58,121.389000,31.157100, 44,135,0
84961,2007-02-20 09:01:59,121.381800,31.155500, 42,135,0
84961,2007-02-20 09:03:00,121.377500,31.156300, 54,  0,0
84961,2007-02-20 09:04:01,121.377500,31.158500, 26,  0,0
84961,2007-02-20 09:05:02,121.377300,31.162600, 44,  0,0
84961,2007-02-20 09:06:03,121.374800,31.168600, 58,157,0
84961,2007-02-20 09:07:04,121.372300,31.173800, 64,  0,0
84961,2007-02-20 09:08:05,121.371600,31.175800,  0,  0,0
84961,2007-02-20 09:09:06,121.370000,31.180300, 38,  0,0
84961,2007-02-20 09:10:07,121.366300,31.183600, 44,135,0
84961,2007-02-20 09:11:08,121.364300,31.187000,  0,157,0
84961,2007-02-20 09:12:09,121.364000,31.189500, 22,  0,0
84961,2007-02-20 09:14:11,121.379600,31.193600,  6,  0,0
84961,2007-02-20 09:15:12,121.379500,31.194600,  0,  0,0
84961,2007-02-20 09:16:13,121.383100,31.195600, 60, 22,0
84961,2007-02-20 09:18:15,121.389000,31.197300, 12, 22,0
84961,2007-02-20 09:19:16,121.388800,31.197800,  0,  0,0
84961,2007-02-20 09:20:17,121.388800,31.197800,  0,  0,0
84961,2007-02-20 09:21:18,121.388800,31.197800,  0,  0,0
84961,2007-02-20 09:22:19,121.388800,31.197800,  0,  0,0
84961,2007-02-20 09:23:20,121.388600,31.197800,  0,  0,0
84961,2007-02-20 09:24:21,121.389000,31.198100,  0,157,0
84961,2007-02-20 09:25:22,121.388800,31.198100,  0,  0,0
84961,2007-02-20 09:26:23,121.388800,31.198100,  0,  0,0
84961,2007-02-20 09:27:24,121.388800,31.198100,  0,  0,0
84961,2007-02-20 09:27:59,121.388800,31.198100, 10,  0,1
84961,2007-02-20 09:29:00,121.387100,31.203300, 36,  0,1
84961,2007-02-20 09:30:01,121.386600,31.205300, 22,  0,1
84961,2007-02-20 09:31:02,121.383800,31.205500,  0,157,1
84961,2007-02-20 09:33:04,121.372300,31.207100, 58,157,1
84961,2007-02-20 09:34:05,121.372600,31.207600, 18,112,1
84961,2007-02-20 09:34:26,121.373100,31.207100,  0, 67,0
84961,2007-02-20 09:35:27,121.374100,31.207600, 22, 22,0
84961,2007-02-20 09:36:28,121.373100,31.209300, 16, 22,0
84961,2007-02-20 09:37:29,121.378600,31.206500, 54, 67,0
84961,2007-02-20 09:38:30,121.379800,31.205300,  0, 45,0
84961,2007-02-20 09:39:31,121.383000,31.205500, 30, 45,0
84961,2007-02-20 09:40:32,121.386300,31.205500,  0, 45,0
84961,2007-02-20 09:41:33,121.387300,31.202600, 38, 90,0
84961,2007-02-20 09:42:34,121.387600,31.201500,  0, 90,0
84961,2007-02-20 09:43:35,121.388100,31.199300, 28, 90,0
84961,2007-02-20 09:44:36,121.388100,31.196800,  0, 67,0
84961,2007-02-20 09:45:37,121.389500,31.198000, 12, 22,0
84961,2007-02-20 09:46:38,121.389800,31.198100,  0, 22,0
84961,2007-02-20 09:48:40,121.389800,31.198100,  0, 22,0
84961,2007-02-20 09:49:41,121.389800,31.198100,  0, 22,0
84961,2007-02-20 09:50:42,121.389800,31.198100,  0, 22,0
84961,2007-02-20 09:51:06,121.389800,31.198100,  0, 22,1
84961,2007-02-20 09:52:07,121.389800,31.198100,  0, 22,1
84961,2007-02-20 09:53:08,121.389800,31.198100,  0, 22,1
84961,2007-02-20 09:54:09,121.378000,31.193500, 78,112,1
84961,2007-02-20 09:55:10,121.363100,31.188500, 88,135,1
84961,2007-02-20 09:56:11,121.350000,31.181600, 90,112,1
84961,2007-02-20 09:57:12,121.340000,31.173100, 96,112,1
84961,2007-02-20 09:58:13,121.327300,31.168300, 78,112,1
84961,2007-02-20 09:59:14,121.322500,31.171500, 68,157,1
84961,2007-02-20 10:00:15,121.313500,31.178800, 80,157,1
84961,2007-02-20 10:01:16,121.307500,31.188100, 78,157,1
84961,2007-02-20 10:03:06,121.299300,31.203100,  0,  0,1
84961,2007-02-20 10:05:08,121.297500,31.210300, 44,112,1
84961,2007-02-20 10:06:09,121.292600,31.207500, 20,157,1
84961,2007-02-20 10:07:10,121.287800,31.210600, 36,157,1
84961,2007-02-20 10:08:11,121.282800,31.206100, 28,112,1
84961,2007-02-20 10:09:12,121.283000,31.207600,  4, 22,1
84961,2007-02-20 10:09:17,121.283000,31.207600,  0, 22,0
84961,2007-02-20 10:10:18,121.283000,31.207600,  0, 22,0
84961,2007-02-20 10:11:19,121.283000,31.207600,  0, 22,0
84961,2007-02-20 10:12:20,121.282800,31.207500,  2,112,0
84961,2007-02-20 10:13:21,121.282500,31.206500, 22,112,0
84961,2007-02-20 10:14:22,121.285600,31.209000, 60, 22,0
84961,2007-02-20 10:15:23,121.291300,31.208500, 48, 67,0
84961,2007-02-20 10:16:24,121.292600,31.207500, 12, 67,0
84961,2007-02-20 10:17:25,121.296800,31.210000, 40, 22,0
84961,2007-02-20 10:19:26,121.300600,31.212500, 30, 22,0
84961,2007-02-20 10:20:27,121.302000,31.213000, 38, 45,0
84961,2007-02-20 10:21:28,121.309100,31.209800, 66, 67,0
84961,2007-02-20 10:22:03,121.311300,31.207300, 18, 67,1
84961,2007-02-20 10:23:03,121.315000,31.203300, 14, 67,1
84961,2007-02-20 10:24:04,121.320600,31.195500, 76, 67,1
84961,2007-02-20 10:25:05,121.326600,31.186500, 84, 67,1
84961,2007-02-20 10:26:06,121.331500,31.180000, 20, 67,1
84961,2007-02-20 10:27:07,121.334800,31.175000, 12, 67,1
84961,2007-02-20 10:28:08,121.338100,31.176600, 64, 22,1
84961,2007-02-20 10:29:09,121.342800,31.172600, 54, 67,1
84961,2007-02-20 10:30:10,121.346300,31.167000, 46, 67,1
84961,2007-02-20 10:31:11,121.349600,31.166600, 38, 90,1
84961,2007-02-20 10:32:12,121.352300,31.160300, 46, 90,1
84961,2007-02-20 10:33:13,121.352600,31.159500, 24, 90,1
84961,2007-02-20 10:34:14,121.355300,31.155100, 40, 67,1
84961,2007-02-20 10:35:15,121.354800,31.153600, 32,112,1
84961,2007-02-20 10:36:16,121.351800,31.152800, 16,157,1
84961,2007-02-20 10:36:44,121.352000,31.153600,  0, 22,0
84961,2007-02-20 10:37:45,121.352000,31.153600,  0, 67,0
84961,2007-02-20 10:38:46,121.352000,31.152500, 10, 67,0
84961,2007-02-20 10:39:47,121.350300,31.151000, 26,112,0
84961,2007-02-20 10:40:48,121.346800,31.153000,  0,157,0
84961,2007-02-20 10:41:12,121.346600,31.153000, 20,157,1
84961,2007-02-20 10:42:13,121.345100,31.156800, 40, 22,1
84961,2007-02-20 10:43:14,121.350500,31.158600, 36, 45,1
84961,2007-02-20 10:44:15,121.351300,31.162800, 56,  0,1
84961,2007-02-20 10:45:16,121.348600,31.167000, 18,112,1
84961,2007-02-20 10:45:43,121.348300,31.166800,  0,112,0
84961,2007-02-20 10:47:45,121.342300,31.164600, 10, 90,0
84961,2007-02-20 10:48:46,121.343500,31.164600, 38, 22,0
84961,2007-02-20 10:49:47,121.346300,31.167300, 40,157,0
84961,2007-02-20 10:50:25,121.345800,31.167800, 16, 67,1
84961,2007-02-20 10:51:26,121.346600,31.166500,  0, 67,1
84961,2007-02-20 10:52:27,121.348300,31.166800, 46, 22,1
84961,2007-02-20 10:53:28,121.352000,31.161000, 66, 90,1
84961,2007-02-20 10:54:29,121.352800,31.159100, 16, 90,1
84961,2007-02-20 10:55:30,121.360600,31.159800, 46, 45,1
84961,2007-02-20 10:56:31,121.361300,31.159800,  0, 45,1
84961,2007-02-20 10:57:32,121.361300,31.159800,  0, 45,1
84961,2007-02-20 10:58:33,121.365800,31.160000, 48, 45,1
84961,2007-02-20 10:59:34,121.372300,31.159600,  0, 45,1
84961,2007-02-20 11:00:35,121.380300,31.158600, 86, 45,1
84961,2007-02-20 11:01:36,121.389600,31.161300,  6, 45,1
84961,2007-02-20 11:02:37,121.389600,31.161300,  0, 45,1
84961,2007-02-20 11:03:38,121.393800,31.162500,  0, 22,1
84961,2007-02-20 11:04:39,121.397100,31.163600, 28, 22,1
84961,2007-02-20 11:06:41,121.406300,31.165800, 54, 45,1
84961,2007-02-20 11:07:42,121.412800,31.168100, 12, 22,1
84961,2007-02-20 11:08:43,121.414600,31.163300, 44, 90,1
84961,2007-02-20 11:09:44,121.415500,31.158800, 20, 67,1
84961,2007-02-20 11:10:43,121.413300,31.157800,  0,135,0
84961,2007-02-20 11:12:45,121.412500,31.155000, 12, 90,0
84961,2007-02-20 11:13:46,121.408500,31.153600, 36,135,0
84961,2007-02-20 11:14:47,121.407800,31.149800, 30, 90,0
84961,2007-02-20 11:15:48,121.404600,31.148500,  0,135,0
84961,2007-02-20 11:16:49,121.404600,31.148500,  0,135,0
84961,2007-02-20 11:17:50,121.404600,31.148500, 10,135,0
84961,2007-02-20 11:18:51,121.405600,31.145300, 18, 67,0
84961,2007-02-20 11:19:51,121.408300,31.143300, 32, 22,0
84961,2007-02-20 11:20:53,121.408800,31.143800,  0, 67,0
84961,2007-02-20 11:21:54,121.408600,31.143800,  0,  0,0
84961,2007-02-20 11:23:51,121.414500,31.148600, 26, 45,1
84961,2007-02-20 11:24:52,121.417000,31.148000,  0, 45,1
84961,2007-02-20 11:25:52,121.417000,31.148000,  0, 45,1
84961,2007-02-20 11:26:54,121.407500,31.143300, 24,112,1
84961,2007-02-20 11:27:55,121.405800,31.145100,  0,  0,1
84961,2007-02-20 11:28:56,121.402800,31.144600, 54,135,1
84961,2007-02-20 11:29:33,121.400600,31.145100,  4,  0,0
84961,2007-02-20 11:30:34,121.400100,31.147000, 38,  0,0
84961,2007-02-20 11:31:35,121.398800,31.150100, 48,  0,0
84961,2007-02-20 11:32:36,121.396800,31.155800, 54,  0,0
84961,2007-02-20 11:34:38,121.395600,31.163100, 46, 22,0
84961,2007-02-20 11:35:39,121.397300,31.163800,  0, 22,0
84961,2007-02-20 11:38:41,121.392300,31.175500, 78,  0,0
84961,2007-02-20 11:39:43,121.390100,31.183600, 64,  0,0
84961,2007-02-20 11:40:44,121.386600,31.192100, 46,157,0
84961,2007-02-20 11:42:46,121.388800,31.197600, 12,  0,0
84961,2007-02-20 11:43:46,121.389800,31.198100,  0, 22,0
84961,2007-02-20 11:44:47,121.389800,31.198100,  0, 22,0
84961,2007-02-20 11:45:48,121.389800,31.198100,  0, 22,0
84961,2007-02-20 11:46:49,121.389800,31.198100,  0, 22,0
84961,2007-02-20 11:47:50,121.389800,31.198100,  0, 22,0
84961,2007-02-20 11:48:51,121.389800,31.198100,  0, 22,0
84961,2007-02-20 11:49:52,121.389800,31.198100,  0, 22,0
84961,2007-02-20 11:50:53,121.389800,31.198100,  0, 22,0
84961,2007-02-20 11:51:54,121.389800,31.198100,  0, 22,0
84961,2007-02-20 11:52:55,121.389800,31.198100,  0, 22,0
84961,2007-02-20 11:53:56,121.389800,31.198100,  0, 22,0
84961,2007-02-20 11:54:57,121.389800,31.198100,  0, 22,0
84961,2007-02-20 11:55:58,121.389800,31.198100,  0, 22,0
84961,2007-02-20 11:56:59,121.389800,31.198100,  0, 22,0
84961,2007-02-20 11:58:00,121.389800,31.198100,  0, 22,0
84961,2007-02-20 11:59:01,121.389800,31.198100,  0, 22,0
84961,2007-02-20 12:00:02,121.389800,31.198100,  0, 22,0
84961,2007-02-20 12:01:03,121.389800,31.198100,  0, 22,0
84961,2007-02-20 12:02:04,121.389800,31.198100,  0, 22,0
84961,2007-02-20 12:03:05,121.389800,31.198100,  0, 22,0
84961,2007-02-20 12:04:06,121.389800,31.198100,  0, 22,0
84961,2007-02-20 12:05:07,121.389800,31.198100,  0, 22,0
84961,2007-02-20 12:06:08,121.389800,31.198100,  0, 22,0
84961,2007-02-20 12:07:09,121.389800,31.198100,  0, 22,0
84961,2007-02-20 12:08:10,121.389800,31.198100,  0, 22,0
84961,2007-02-20 12:10:12,121.389800,31.198100,  0, 22,0
84961,2007-02-20 12:11:13,121.389800,31.198100,  0, 22,0
84961,2007-02-20 12:12:14,121.389800,31.198100,  0, 22,0
84961,2007-02-20 12:13:07,121.389800,31.198100,  0, 22,1
84961,2007-02-20 12:14:08,121.389800,31.198100,  0, 22,1
84961,2007-02-20 12:15:09,121.389800,31.198100,  0, 22,1
84961,2007-02-20 12:16:10,121.389800,31.198100,  0, 22,1
84961,2007-02-20 12:17:11,121.389800,31.198100,  0, 22,1
84961,2007-02-20 12:18:12,121.389800,31.198100,  0, 22,1
84961,2007-02-20 12:19:14,121.392800,31.214500, 36, 45,1
84961,2007-02-20 12:20:15,121.395300,31.213600,  0, 67,1
84961,2007-02-20 12:22:16,121.403600,31.212000, 38, 45,1
84961,2007-02-20 12:30:09,121.416100,31.199800, 34, 90,0
84961,2007-02-20 12:31:10,121.416600,31.198800,  6, 90,0
84961,2007-02-20 12:32:11,121.416600,31.198800,  0, 90,0
84961,2007-02-20 12:33:11,121.416600,31.198800,  0, 90,0
84961,2007-02-20 12:34:13,121.416600,31.198800,  0, 90,0
84961,2007-02-20 12:35:14,121.416600,31.198800,  0, 90,0
84961,2007-02-20 12:37:16,121.416600,31.198800,  0, 90,0
84961,2007-02-20 12:39:18,121.416600,31.198800,  0, 90,0
84961,2007-02-20 12:40:19,121.416600,31.198800,  0, 90,0
84961,2007-02-20 12:41:20,121.416600,31.198800,  0,112,0
84961,2007-02-20 12:42:21,121.416500,31.198800,  0,112,0
84961,2007-02-20 12:43:21,121.416500,31.198800,  0,112,0
84961,2007-02-20 12:44:23,121.416500,31.198800,  0,112,0
84961,2007-02-20 12:45:24,121.416500,31.198800,  0,112,0
84961,2007-02-20 12:46:25,121.416500,31.198800,  0, 90,0
84961,2007-02-20 12:47:26,121.416500,31.198800,  0, 90,0
84961,2007-02-20 12:48:26,121.416500,31.198800,  0, 90,0
84961,2007-02-20 12:49:28,121.416500,31.198800,  0, 90,0
84961,2007-02-20 12:50:29,121.416500,31.198800,  0, 90,0
84961,2007-02-20 12:51:30,121.417000,31.197800, 32, 90,0
84961,2007-02-20 12:51:44,121.416500,31.197500, 34,135,1
84961,2007-02-20 12:52:44,121.408000,31.198100, 60,135,1
84961,2007-02-20 12:53:45,121.402500,31.197600, 68,135,1
84961,2007-02-20 12:54:45,121.393800,31.199600,  0,135,1
84961,2007-02-20 12:55:46,121.392100,31.195800, 54,135,1
84961,2007-02-20 12:56:47,121.390000,31.193800, 16, 67,1
84961,2007-02-20 12:57:48,121.392000,31.191600, 26,135,1
84961,2007-02-20 12:58:26,121.389000,31.190600,  0,112,0
84961,2007-02-20 12:59:26,121.388600,31.190500,  0, 90,0
84961,2007-02-20 13:00:27,121.392500,31.191800, 14, 22,0
84961,2007-02-20 13:01:28,121.389600,31.195100, 46,  0,0
84961,2007-02-20 13:03:30,121.388600,31.198000,  0,  0,0
84961,2007-02-20 13:04:31,121.388600,31.198100, 16,  0,0
84961,2007-02-20 13:04:39,121.388500,31.198500, 12,  0,1
84961,2007-02-20 13:05:39,121.388500,31.198600,  0,  0,1
84961,2007-02-20 13:06:40,121.388500,31.198600,  0,  0,1
84961,2007-02-20 13:07:41,121.379800,31.194600, 76,112,1
84961,2007-02-20 13:08:42,121.372300,31.192100,  0,135,1
84961,2007-02-20 13:09:43,121.372300,31.192100,  0,135,1
84961,2007-02-20 13:10:44,121.370500,31.193100,  0,157,1
84961,2007-02-20 13:11:45,121.366600,31.197500, 28,157,1
84961,2007-02-20 13:12:46,121.364800,31.201800, 56,  0,1
84961,2007-02-20 13:13:47,121.365000,31.207500,  0,  0,1
84961,2007-02-20 13:15:49,121.361000,31.210500, 44,135,1
84961,2007-02-20 13:17:18,121.357500,31.208100, 16,135,0
84961,2007-02-20 13:17:19,121.357500,31.208100, 12,135,1
84961,2007-02-20 13:17:24,121.357500,31.208000,  0, 90,0
84961,2007-02-20 13:18:24,121.357500,31.207600,  0, 67,0
84961,2007-02-20 13:18:56,121.357500,31.207800, 14, 45,1
84961,2007-02-20 13:20:57,121.357000,31.213500, 58,  0,1
84961,2007-02-20 13:21:58,121.356500,31.216000,  0,  0,1
84961,2007-02-20 13:22:59,121.359800,31.219600, 50, 45,1
84961,2007-02-20 13:24:00,121.365100,31.219100,  6, 45,1
84961,2007-02-20 13:25:01,121.368600,31.218600, 38, 45,1
84961,2007-02-20 13:26:02,121.371300,31.218000,  0, 45,1
84961,2007-02-20 13:27:03,121.371300,31.218000, 16, 45,1
84961,2007-02-20 13:29:05,121.375300,31.233500,  0, 22,1
84961,2007-02-20 13:30:06,121.377600,31.236300, 42, 22,1
84961,2007-02-20 13:31:07,121.380500,31.242600, 40,  0,1
84961,2007-02-20 13:33:09,121.381000,31.244100,  0,  0,1
84961,2007-02-20 13:34:10,121.381000,31.244100,  0,  0,1
84961,2007-02-20 13:35:11,121.374000,31.247000, 20,157,1
84961,2007-02-20 13:36:12,121.371800,31.248000,  0,157,1
84961,2007-02-20 13:37:13,121.368500,31.249800, 32,157,1
84961,2007-02-20 13:37:23,121.368100,31.250000,  0,157,0
84961,2007-02-20 13:38:23,121.368100,31.250000,  6,112,0
84961,2007-02-20 13:39:24,121.371500,31.248000, 24, 90,0
84961,2007-02-20 13:40:25,121.370500,31.244500, 10, 90,0
84961,2007-02-20 13:41:26,121.367000,31.238000,  8,112,0
84961,2007-02-20 13:44:29,121.374100,31.234500,  0, 45,0
84961,2007-02-20 13:44:36,121.374300,31.234500, 16, 45,1
84961,2007-02-20 13:45:37,121.373000,31.230000, 38, 90,1
84961,2007-02-20 13:46:38,121.371500,31.220500, 62, 90,1
84961,2007-02-20 13:47:39,121.371000,31.218000, 16,112,1
84961,2007-02-20 13:48:40,121.376300,31.219000, 46,  0,1
84961,2007-02-20 13:49:41,121.382500,31.220100, 72, 45,1
84961,2007-02-20 13:50:42,121.389500,31.220000, 54, 45,1
84961,2007-02-20 13:51:43,121.393100,31.219800,  0, 45,1
84961,2007-02-20 13:52:44,121.397600,31.220100, 54, 45,1
84961,2007-02-20 13:53:45,121.400500,31.219600,  0, 67,1
84961,2007-02-20 13:54:46,121.402600,31.220800, 20, 45,1
84961,2007-02-20 13:55:54,121.403800,31.220300,  0, 22,0
84961,2007-02-20 13:56:55,121.403800,31.220300,  0, 90,0
84961,2007-02-20 14:01:17,121.395300,31.214500, 36, 90,0
84961,2007-02-20 14:02:18,121.395800,31.211800, 16, 90,0
84961,2007-02-20 14:03:19,121.395500,31.208000,  0, 90,0
84961,2007-02-20 14:04:20,121.395000,31.205300, 20, 90,0
84961,2007-02-20 14:05:21,121.393500,31.200800, 54, 90,0
84961,2007-02-20 14:06:22,121.391100,31.197600, 42,135,0
84961,2007-02-20 14:07:23,121.388800,31.197600,  6,  0,0
84961,2007-02-20 14:08:24,121.388800,31.197800,  0,  0,0
84961,2007-02-20 14:09:25,121.388800,31.198000,  0,  0,0
84961,2007-02-20 14:09:36,121.388800,31.198000,  2,  0,1
84961,2007-02-20 14:10:36,121.389600,31.197800, 30, 67,1
84961,2007-02-20 14:11:37,121.388500,31.198600, 16,  0,1
84961,2007-02-20 14:12:38,121.384100,31.196800, 22,112,1
84961,2007-02-20 14:13:39,121.382500,31.199300,  0,  0,1
84961,2007-02-20 14:14:40,121.382300,31.199500, 16,157,1
84961,2007-02-20 14:15:41,121.376300,31.199300, 54,157,1
84961,2007-02-20 14:16:42,121.368000,31.200300, 56, 90,1
84961,2007-02-20 14:17:43,121.363000,31.197600, 26,157,1
84961,2007-02-20 14:18:44,121.360100,31.200500, 38,135,1
84961,2007-02-20 14:19:45,121.357800,31.200000, 16, 45,1
84961,2007-02-20 14:21:16,121.358600,31.199500,  0, 45,0
84961,2007-02-20 14:22:17,121.359100,31.199600,  6,135,0
84961,2007-02-20 14:23:18,121.358800,31.200300, 38, 45,0
84961,2007-02-20 14:24:19,121.362500,31.198100, 38, 67,0
84961,2007-02-20 14:25:20,121.366800,31.197300, 52, 67,0
84961,2007-02-20 14:26:21,121.370100,31.193600,  6, 67,0
84961,2007-02-20 14:27:22,121.374600,31.193800, 26, 67,0
84961,2007-02-20 14:28:23,121.379500,31.194300, 44, 67,0
84961,2007-02-20 14:29:24,121.385500,31.197100, 46, 22,0
84961,2007-02-20 14:30:25,121.388800,31.197300,  0, 67,0
84961,2007-02-20 14:31:26,121.388800,31.197600,  0,  0,0
84961,2007-02-20 14:32:27,121.388800,31.197800,  0,157,0
84961,2007-02-20 14:34:29,121.388600,31.198000,  0,157,0
84961,2007-02-20 14:35:30,121.388600,31.198100,  0,157,0
84961,2007-02-20 14:36:19,121.388600,31.198100,  0,157,1
84961,2007-02-20 14:38:21,121.402800,31.199500, 66, 67,1
84961,2007-02-20 14:39:22,121.405000,31.197300,  8, 90,1
84961,2007-02-20 14:40:23,121.408500,31.195000, 10, 45,1
84961,2007-02-20 14:41:24,121.410500,31.198000, 40, 45,1
84961,2007-02-20 14:42:25,121.411500,31.197800, 34, 45,1
84961,2007-02-20 14:43:26,121.416300,31.196600, 18, 45,1
84961,2007-02-20 14:44:18,121.416500,31.195100,  0, 90,0
84961,2007-02-20 14:45:19,121.416500,31.195100,  0, 90,0
84961,2007-02-20 14:46:20,121.416500,31.195600, 16,  0,0
84961,2007-02-20 14:47:21,121.416000,31.197100, 28,  0,0
84961,2007-02-20 14:48:22,121.416800,31.197500,  0, 45,0
84961,2007-02-20 14:50:24,121.416500,31.199100,  0, 90,0
84961,2007-02-20 14:51:25,121.416500,31.199100,  0, 90,0
84961,2007-02-20 14:52:26,121.417000,31.197500, 24, 90,0
84961,2007-02-20 14:53:04,121.414600,31.197800, 14,135,1
84961,2007-02-20 14:54:05,121.410800,31.198000, 50,135,1
84961,2007-02-20 14:55:06,121.404300,31.197500, 44,135,1
84961,2007-02-20 14:56:07,121.397600,31.198800, 60,135,1
84961,2007-02-20 14:59:18,121.390000,31.198100,  0, 22,1
84961,2007-02-20 14:59:36,121.390000,31.198100,  0, 22,0
84961,2007-02-20 15:00:36,121.390000,31.198100,  0, 22,0
84961,2007-02-20 15:01:37,121.390000,31.198100,  0, 22,0
84961,2007-02-20 15:02:38,121.390000,31.198100,  0, 22,0
84961,2007-02-20 15:03:39,121.390000,31.198100,  0, 22,0
84961,2007-02-20 15:04:40,121.390000,31.198100,  0, 22,0
84961,2007-02-20 15:05:41,121.390000,31.198100,  0, 22,0
84961,2007-02-20 15:06:42,121.390000,31.198100,  0, 22,0
84961,2007-02-20 15:07:43,121.390000,31.198100,  0, 22,0
84961,2007-02-20 15:08:44,121.390000,31.198100,  0, 22,0
84961,2007-02-20 15:09:45,121.390000,31.198100,  0, 22,0
84961,2007-02-20 15:10:46,121.390000,31.198100,  0, 22,0
84961,2007-02-20 15:11:47,121.390000,31.198100,  0, 22,0
84961,2007-02-20 15:12:48,121.390000,31.198100,  0, 22,0
84961,2007-02-20 15:13:49,121.390000,31.198100,  0, 22,0
84961,2007-02-20 15:14:50,121.390000,31.198100,  0, 22,0
84961,2007-02-20 15:15:51,121.390000,31.198100,  0, 22,0
84961,2007-02-20 15:16:52,121.390000,31.198100,  0, 22,0
84961,2007-02-20 15:19:55,121.390000,31.198100,  0, 22,0
84961,2007-02-20 15:20:56,121.390000,31.198100,  0, 22,0
84961,2007-02-20 15:21:57,121.390000,31.198100,  0, 22,0
84961,2007-02-20 15:22:58,121.390000,31.198100,  0, 22,0
84961,2007-02-20 15:23:59,121.390000,31.198100,  0, 22,0
84961,2007-02-20 15:25:00,121.390000,31.198100,  0, 22,0
84961,2007-02-20 15:25:17,121.390000,31.198100,  0, 22,1
84961,2007-02-20 15:26:18,121.388600,31.198000,  0, 22,1
84961,2007-02-20 15:27:19,121.388600,31.198000,  0, 22,1
84961,2007-02-20 15:28:20,121.388600,31.198000,  0, 22,1
84961,2007-02-20 15:29:21,121.388600,31.198000,  0, 22,1
84961,2007-02-20 15:30:22,121.388600,31.198000,  0, 22,1
84961,2007-02-20 15:32:24,121.368600,31.186300, 54, 90,1
84961,2007-02-20 15:33:25,121.368600,31.184100, 16, 90,1
84961,2007-02-20 15:34:26,121.370300,31.179500, 28, 67,1
84961,2007-02-20 15:35:27,121.367300,31.174500, 38,112,1
84961,2007-02-20 15:36:28,121.368000,31.169300, 68, 90,1
84961,2007-02-20 15:37:29,121.370500,31.166000, 24, 45,1
84961,2007-02-20 15:38:07,121.372100,31.166300,  0, 45,0
84961,2007-02-20 15:39:08,121.372000,31.166300,  4,  0,0
84961,2007-02-20 15:40:09,121.370000,31.165600, 12,112,0
84961,2007-02-20 15:41:10,121.367500,31.170600,  0,  0,0
84961,2007-02-20 15:42:11,121.366800,31.174500, 32,  0,0
84961,2007-02-20 15:43:12,121.363500,31.178600, 34,135,0
84961,2007-02-20 15:44:13,121.363100,31.183100, 38, 45,0
84961,2007-02-20 15:45:14,121.365100,31.183500, 28, 45,0
84961,2007-02-20 15:46:15,121.368300,31.185000, 36,  0,0
84961,2007-02-20 15:47:16,121.368500,31.189800, 34, 45,0
84961,2007-02-20 15:48:17,121.374600,31.191800, 70, 45,0
84961,2007-02-20 15:48:33,121.375600,31.192100, 14, 22,1
84961,2007-02-20 15:49:34,121.379500,31.193800,  0, 22,1
84961,2007-02-20 15:50:35,121.370500,31.193100,  0,157,1
84961,2007-02-20 15:51:36,121.370000,31.193800, 38,157,1
84961,2007-02-20 15:52:37,121.367300,31.196600, 30,157,1
84961,2007-02-20 15:53:10,121.365500,31.198000, 16,135,0
84961,2007-02-20 15:54:11,121.366800,31.197100, 58, 67,0
84961,2007-02-20 15:55:12,121.370000,31.193600,  0, 67,0
84961,2007-02-20 15:56:13,121.373800,31.195000, 14, 67,0
84961,2007-02-20 15:57:12,121.375800,31.193500, 12, 45,1
84961,2007-02-20 15:58:13,121.379100,31.194800, 28, 67,1
84961,2007-02-20 15:59:14,121.379500,31.194300,  0, 67,1
84961,2007-02-20 16:00:15,121.383000,31.195800, 50, 22,1
84961,2007-02-20 16:01:16,121.387500,31.198300, 72, 22,1
84961,2007-02-20 16:02:17,121.400100,31.203100, 86, 45,1
84961,2007-02-20 16:05:36,121.421800,31.184300, 58, 67,1
84961,2007-02-20 16:06:37,121.432100,31.180800, 74, 45,1
84961,2007-02-20 16:07:39,121.439600,31.176800, 28, 67,1
84961,2007-02-20 16:08:40,121.442800,31.175300, 36, 45,1
84961,2007-02-20 16:09:41,121.446100,31.174500, 10, 67,1
84961,2007-02-20 16:10:42,121.446100,31.174500,  0, 67,1
84961,2007-02-20 16:11:43,121.446100,31.174500,  0, 67,1
84961,2007-02-20 16:12:44,121.447500,31.174600, 34, 22,1
84961,2007-02-20 16:13:45,121.448300,31.178500,  4, 22,1
84961,2007-02-20 16:13:55,121.448500,31.178500,  0, 45,0
84961,2007-02-20 16:16:56,121.448100,31.184000, 28,  0,0
84961,2007-02-20 16:17:58,121.446500,31.186300,  0,157,0
84961,2007-02-20 16:18:59,121.444300,31.190000,  0,157,0
84961,2007-02-20 16:19:59,121.444300,31.190000,  0,157,0
84961,2007-02-20 16:21:00,121.439000,31.187500, 50,112,0
84961,2007-02-20 16:22:02,121.432800,31.184600, 34,135,0
84961,2007-02-20 16:24:04,121.431100,31.182800, 42, 90,0
84961,2007-02-20 16:25:04,121.426100,31.183300, 68,135,0
84961,2007-02-20 16:26:06,121.420300,31.185800, 62,157,0
84961,2007-02-20 16:27:07,121.415600,31.191000, 26,135,0
84961,2007-02-20 16:28:08,121.411600,31.189600, 58,135,0
84961,2007-02-20 16:29:09,121.408800,31.190100, 18,  0,0
84961,2007-02-20 16:30:10,121.404100,31.192500, 44,  0,0
84961,2007-02-20 16:31:11,121.398100,31.193500, 52,135,0
84961,2007-02-20 16:32:12,121.392800,31.196000, 36,135,0
84961,2007-02-20 16:33:13,121.389100,31.196800,  0,  0,0
84961,2007-02-20 16:34:14,121.389000,31.197100,  4,  0,0
84961,2007-02-20 16:35:14,121.389500,31.197600,  8, 45,0
84961,2007-02-20 16:36:15,121.389600,31.197600,  0, 45,0
84961,2007-02-20 16:37:16,121.389600,31.197600,  0, 45,0
84961,2007-02-20 16:38:16,121.389600,31.197600,  0, 45,0
84961,2007-02-20 16:39:17,121.389600,31.197600,  0, 45,0
84961,2007-02-20 16:40:18,121.389600,31.197600,  0, 45,0
84961,2007-02-20 16:41:19,121.389600,31.197600,  0, 45,0
84961,2007-02-20 16:42:21,121.389600,31.197600,  0, 45,0
84961,2007-02-20 16:43:21,121.389600,31.197600,  0, 45,0
84961,2007-02-20 16:45:23,121.389600,31.197600,  0, 45,0
84961,2007-02-20 16:46:24,121.389600,31.197600,  0, 45,0
84961,2007-02-20 16:47:26,121.389600,31.197600,  0, 45,0
84961,2007-02-20 16:48:26,121.389600,31.197600,  0, 45,0
84961,2007-02-20 16:49:27,121.389600,31.197600,  0, 45,0
84961,2007-02-20 16:51:30,121.388800,31.198100,  0,  0,0
84961,2007-02-20 16:52:05,121.388600,31.198100,  6,  0,1
84961,2007-02-20 16:53:05,121.391800,31.200800, 46, 22,1
84961,2007-02-20 16:54:07,121.393500,31.195300, 64, 67,1
84961,2007-02-20 16:55:08,121.394600,31.193600, 30, 67,1
84961,2007-02-20 16:56:09,121.399000,31.193500,  6, 45,1
84961,2007-02-20 16:57:10,121.404100,31.191600, 54, 90,1
84961,2007-02-20 16:58:10,121.404100,31.187500,  0, 90,1
84961,2007-02-20 16:59:12,121.407800,31.188100, 28, 45,1
84961,2007-02-20 17:00:13,121.407800,31.188300,  4, 45,1
84961,2007-02-20 17:01:14,121.409000,31.186600, 40, 90,1
84961,2007-02-20 17:02:15,121.410300,31.179300,  0, 90,1
84961,2007-02-20 17:03:15,121.411100,31.177300,  0, 90,1
84961,2007-02-20 17:04:17,121.412800,31.172600, 14, 90,1
84961,2007-02-20 17:05:18,121.414000,31.172500, 20, 45,1
84961,2007-02-20 17:06:19,121.418500,31.173300,  0, 22,1
84961,2007-02-20 17:07:20,121.421300,31.174600, 18,157,1
84961,2007-02-20 17:09:14,121.421300,31.175500,  0, 67,0
84961,2007-02-20 17:10:15,121.421300,31.175600, 12,135,0
84961,2007-02-20 17:11:15,121.421100,31.174500, 10,112,0
84961,2007-02-20 17:12:17,121.418100,31.175500, 32,157,0
84961,2007-02-20 17:13:18,121.415800,31.177300, 36,135,0
84961,2007-02-20 17:14:19,121.410800,31.178500, 40,  0,0
84961,2007-02-20 17:15:20,121.409300,31.185000, 80,  0,0
84961,2007-02-20 17:16:20,121.408800,31.188300,  0,157,0
84961,2007-02-20 17:18:23,121.408800,31.193000,  0,  0,0
84961,2007-02-20 17:19:24,121.408800,31.193000,  0,  0,0
84961,2007-02-20 17:20:25,121.405000,31.193100, 56,135,0
84961,2007-02-20 17:21:25,121.399600,31.193500,  0,135,0
84961,2007-02-20 17:22:27,121.399600,31.193500,  0,135,0
84961,2007-02-20 17:23:28,121.399600,31.193500,  0,135,0
84961,2007-02-20 17:24:29,121.399500,31.193500,  0,135,0
84961,2007-02-20 17:25:30,121.399500,31.193500,  0,135,0
84961,2007-02-20 17:27:32,121.399500,31.193500,  0,135,0
84961,2007-02-20 17:28:33,121.399500,31.193500,  0,135,0
84961,2007-02-20 17:29:34,121.399500,31.193500,  0,135,0
84961,2007-02-20 17:30:35,121.399500,31.193500,  0,135,0
84961,2007-02-20 17:31:35,121.399500,31.193500,  0,135,0
84961,2007-02-20 17:32:37,121.399500,31.193500,  0,135,0
84961,2007-02-20 17:33:38,121.399300,31.193500,  0,135,0
84961,2007-02-20 17:34:39,121.399300,31.193500,  0,135,0
84961,2007-02-20 17:35:40,121.399500,31.193500,  0,135,0
84961,2007-02-20 17:36:40,121.399500,31.193500,  0,135,0
84961,2007-02-20 17:37:42,121.399500,31.193300,  0,135,0
84961,2007-02-20 17:38:43,121.399600,31.193300,  0,135,0
84961,2007-02-20 17:39:44,121.399800,31.193300,  0,135,0
84961,2007-02-20 17:44:05,121.391100,31.195500, 32,135,0
84961,2007-02-20 17:46:08,121.388800,31.197600,  0, 45,0
84961,2007-02-20 17:47:09,121.388800,31.197600,  0,135,0
84961,2007-02-20 17:48:10,121.388800,31.197800,  0,  0,0
84961,2007-02-20 17:49:10,121.388800,31.198000,  0,  0,0
84961,2007-02-20 17:50:12,121.388800,31.198000,  0,  0,0
84961,2007-02-20 17:50:37,121.388800,31.198000, 10,  0,1
84961,2007-02-20 17:51:36,121.383600,31.196300, 44,112,1
84961,2007-02-20 17:52:38,121.373600,31.191800,100,135,1
84961,2007-02-20 17:53:39,121.359800,31.187500, 74,135,1
84961,2007-02-20 17:54:40,121.353000,31.188300, 38,135,1
84961,2007-02-20 17:55:40,121.348300,31.183500, 54,135,1
84961,2007-02-20 17:56:42,121.348800,31.180100, 38, 67,1
84961,2007-02-20 17:57:10,121.349300,31.178300,  0, 90,0
84961,2007-02-20 17:58:10,121.349100,31.179600, 50,  0,0
84961,2007-02-20 17:59:10,121.350100,31.183800, 54, 45,0
84961,2007-02-20 18:00:12,121.356100,31.186000, 56, 22,0
84961,2007-02-20 18:01:13,121.363800,31.188100, 20, 67,0
84961,2007-02-20 18:02:14,121.359300,31.186100, 36,112,0
84961,2007-02-20 18:03:15,121.359100,31.184800,  0, 22,0
84961,2007-02-20 18:04:15,121.359100,31.184800,  0,  0,0
84961,2007-02-20 18:04:26,121.359100,31.185000, 12,  0,1
84961,2007-02-20 18:05:27,121.363600,31.187100, 22, 45,1
84961,2007-02-20 18:06:28,121.364000,31.187800, 28,157,1
84961,2007-02-20 18:07:29,121.363000,31.190300, 12,157,1
84961,2007-02-20 18:08:30,121.363500,31.191800, 28, 67,1
84961,2007-02-20 18:10:32,121.371300,31.193600, 52, 22,1
84961,2007-02-20 18:11:33,121.373100,31.194500,  4, 45,1
84961,2007-02-20 18:11:50,121.373100,31.194500,  0, 45,0
84961,2007-02-20 18:12:50,121.373300,31.194600,  6, 45,0
84961,2007-02-20 18:13:52,121.374600,31.193800, 20, 67,0
84961,2007-02-20 18:14:53,121.378800,31.194800, 20, 22,0
84961,2007-02-20 18:16:55,121.383500,31.196000, 34, 22,0
84961,2007-02-20 18:17:55,121.388500,31.198600, 16, 67,0
84961,2007-02-20 18:18:57,121.389000,31.197100,  4, 22,0
84961,2007-02-20 18:19:58,121.388600,31.197800,  0,157,0
84961,2007-02-20 18:20:59,121.388600,31.197800,  0,157,0
84961,2007-02-20 18:21:31,121.388600,31.197800,  2,157,1
84961,2007-02-20 18:22:32,121.387800,31.201300, 16, 22,1
84961,2007-02-20 18:23:33,121.395300,31.202300, 60, 45,1
84961,2007-02-20 18:24:34,121.398600,31.203100,  0, 45,1
84961,2007-02-20 18:25:35,121.402300,31.204100, 56, 22,1
84961,2007-02-20 18:26:35,121.406300,31.205000, 22, 45,1
84961,2007-02-20 18:27:36,121.408300,31.204800,  8, 45,1
84961,2007-02-20 18:28:38,121.411800,31.202600,  0, 45,1
84961,2007-02-20 18:29:39,121.414800,31.203800, 28,  0,1
84961,2007-02-20 18:33:42,121.429800,31.216800, 46, 22,1
84961,2007-02-20 18:34:42,121.433000,31.219500,  0, 22,1
84961,2007-02-20 18:36:45,121.439300,31.218300, 40, 90,1
84961,2007-02-20 18:37:45,121.440800,31.215300, 34, 90,1
84961,2007-02-20 18:38:47,121.442000,31.212500,  0, 67,1
84961,2007-02-20 18:39:48,121.443100,31.210300, 40, 90,1
84961,2007-02-20 18:40:49,121.443500,31.209300,  0, 90,1
84961,2007-02-20 18:41:50,121.444100,31.206600, 12, 67,1
84961,2007-02-20 18:42:05,121.444600,31.206600,  0, 45,0
84961,2007-02-20 18:43:05,121.445800,31.207100, 42, 22,0
84961,2007-02-20 18:44:07,121.447500,31.211000, 28, 22,0
84961,2007-02-20 18:45:46,121.445600,31.212500, 38,135,0
84961,2007-02-20 18:46:47,121.441800,31.211300, 38,112,0
84961,2007-02-20 18:47:48,121.436800,31.208000, 26,112,0
84961,2007-02-20 19:16:15,121.416500,31.198600,  0, 90,0
84961,2007-02-20 19:42:18,121.320500,31.173500, 60,157,1
84961,2007-02-20 19:43:19,121.313300,31.179100, 60,157,1
84961,2007-02-20 19:44:20,121.308600,31.186300, 58,157,1
84961,2007-02-20 19:45:21,121.305500,31.191500, 66,157,1
84961,2007-02-20 19:46:22,121.300800,31.199000, 44,157,1
84961,2007-02-20 19:47:23,121.299000,31.207600, 72,  0,1
84961,2007-02-20 19:48:24,121.298800,31.210300,  0,  0,1
84961,2007-02-20 19:49:25,121.298800,31.210300,  2,  0,1
84961,2007-02-20 19:50:26,121.294600,31.208600, 44,112,1
84961,2007-02-20 19:51:27,121.291600,31.208300, 36,157,1
84961,2007-02-20 19:52:28,121.285600,31.212000, 58,157,1
84961,2007-02-20 19:53:29,121.280300,31.207600, 42,112,1
84961,2007-02-20 19:55:50,121.286500,31.211300, 42, 67,0
84961,2007-02-20 19:57:52,121.293300,31.207300, 10, 22,0
84961,2007-02-20 19:57:54,121.293300,31.207300, 14, 22,1
84961,2007-02-20 19:58:54,121.298300,31.210600,  8, 22,1
84961,2007-02-20 19:59:55,121.298500,31.210600,  0, 22,1
84961,2007-02-20 20:00:56,121.299000,31.211100, 32, 22,1
84961,2007-02-20 20:01:57,121.301300,31.213000, 12, 22,1
84961,2007-02-20 20:02:58,121.305500,31.218800, 34, 22,1
84961,2007-02-20 20:03:59,121.306800,31.220000, 50, 22,1
84961,2007-02-20 20:05:00,121.314800,31.223000, 56, 45,1
84961,2007-02-20 20:07:02,121.322800,31.224100,  0, 45,1
84961,2007-02-20 20:08:03,121.327000,31.225000, 54, 45,1
84961,2007-02-20 20:10:05,121.337800,31.225500, 14, 45,1
84961,2007-02-20 20:11:06,121.339600,31.224000, 44,112,1
84961,2007-02-20 20:12:07,121.340300,31.221000, 46, 45,1
84961,2007-02-20 20:14:09,121.356000,31.219800, 12, 45,1
84961,2007-02-20 20:14:48,121.358100,31.219600,  0, 67,0
84961,2007-02-20 20:15:15,121.358300,31.219600, 20, 45,1
84961,2007-02-20 20:16:16,121.363300,31.218800, 32, 90,1
84961,2007-02-20 20:17:17,121.363800,31.212500, 40, 90,1
84961,2007-02-20 20:18:18,121.364300,31.210000, 34, 90,1
84961,2007-02-20 20:19:19,121.364800,31.208000,  0, 90,1
84961,2007-02-20 20:20:20,121.361800,31.204000, 34,112,1
84961,2007-02-20 20:21:21,121.360800,31.200600,  0, 90,1
84961,2007-02-20 20:22:22,121.363600,31.197000, 42, 67,1
84961,2007-02-20 20:23:23,121.365000,31.193500, 28, 90,1
84961,2007-02-20 20:24:24,121.365300,31.192100,  0, 90,1
84961,2007-02-20 20:25:25,121.362300,31.192000, 16,112,1
84961,2007-02-20 20:26:26,121.363500,31.188800,  0, 90,1
84961,2007-02-20 20:27:27,121.364800,31.183800, 38, 90,1
84961,2007-02-20 20:28:28,121.365600,31.179000,  0, 90,1
84961,2007-02-20 20:30:23,121.363000,31.173000,  0, 90,0
84961,2007-02-20 20:31:24,121.363000,31.173000,  0, 90,0
84961,2007-02-20 20:32:25,121.366600,31.174100, 42, 22,0
84961,2007-02-20 20:33:26,121.365500,31.178800, 12,135,0
84961,2007-02-20 20:34:27,121.362100,31.181600, 40,  0,0
84961,2007-02-20 20:35:28,121.364500,31.183500,  0, 45,0
84961,2007-02-20 20:36:29,121.368300,31.184000, 24, 45,0
84961,2007-02-20 20:37:30,121.368500,31.185100, 40,  0,0
84961,2007-02-20 20:38:31,121.368300,31.189600,  0,  0,0
84961,2007-02-20 20:39:32,121.367100,31.190000, 24,135,0
84961,2007-02-20 20:40:33,121.363600,31.188600,  6,112,0
84961,2007-02-20 20:41:34,121.362800,31.187000, 46,135,0
84961,2007-02-20 20:42:35,121.360300,31.186300,  0, 90,0
84961,2007-02-20 20:43:36,121.363000,31.187000, 34, 45,0
84961,2007-02-20 20:44:10,121.363500,31.187100,  0, 22,1
84961,2007-02-20 20:44:48,121.364500,31.186500, 44, 90,0
84961,2007-02-20 20:45:49,121.367500,31.184000, 36, 45,0
84961,2007-02-20 20:46:10,121.368500,31.184000,  8, 45,1
84961,2007-02-20 20:47:10,121.368800,31.188600, 32,157,1
84961,2007-02-20 20:48:11,121.371600,31.191000, 12, 45,1
84961,2007-02-20 20:50:13,121.383300,31.195600,  0, 45,1
84961,2007-02-20 20:51:14,121.383500,31.195500,  0, 45,1
84961,2007-02-20 20:52:15,121.386800,31.197600, 70, 22,1
84961,2007-02-20 20:53:16,121.389500,31.199300,  0, 22,1
84961,2007-02-20 20:54:17,121.395000,31.202300, 40, 45,1
84961,2007-02-20 20:55:18,121.401000,31.200000,  0, 45,1
84961,2007-02-20 20:56:19,121.402100,31.201600, 50, 22,1
84961,2007-02-20 20:57:20,121.407500,31.201600, 26, 45,1
84961,2007-02-20 20:58:21,121.413000,31.203100, 34, 22,1
84961,2007-02-20 21:00:34,121.413600,31.206000,  6,157,0
84961,2007-02-20 21:01:35,121.414600,31.201800, 50, 67,0
84961,2007-02-20 21:02:29,121.416600,31.198300, 18, 67,1
84961,2007-02-20 21:03:30,121.417000,31.197600,  0, 67,1
84961,2007-02-20 21:04:31,121.411600,31.198000,  6,135,1
84961,2007-02-20 21:05:32,121.411600,31.198000,  0,135,1
84961,2007-02-20 21:06:33,121.405100,31.198300, 18,112,1
84961,2007-02-20 21:07:34,121.404100,31.193000, 52, 90,1
84961,2007-02-20 21:07:58,121.404100,31.191600,  0, 90,0
84961,2007-02-20 21:08:58,121.404100,31.192100, 36,  0,0
84961,2007-02-20 21:10:22,121.399600,31.193300, 18, 45,1
84961,2007-02-20 21:11:23,121.407800,31.193000, 48, 45,1
84961,2007-02-20 21:12:24,121.408600,31.188800,  0, 90,1
84961,2007-02-20 21:13:25,121.408600,31.188800,  0, 90,1
84961,2007-02-20 21:14:26,121.409500,31.182800, 24, 90,1
84961,2007-02-20 21:15:02,121.407300,31.182500,  0,135,0
84961,2007-02-20 21:16:03,121.409500,31.182500, 12, 67,0
84961,2007-02-20 21:16:21,121.409500,31.182300, 16, 90,1
84961,2007-02-20 21:17:21,121.411500,31.176100, 50, 90,1
84961,2007-02-20 21:18:22,121.413500,31.170000, 40, 90,1
84961,2007-02-20 21:20:22,121.414100,31.166500,  0, 90,1
84961,2007-02-20 21:21:23,121.414800,31.162500, 52, 90,1
84961,2007-02-20 21:22:24,121.416800,31.157100, 46, 67,1
84961,2007-02-20 21:23:25,121.418500,31.155000, 54, 67,1
84961,2007-02-20 21:24:26,121.423300,31.149000, 10, 67,1
84961,2007-02-20 21:25:27,121.424000,31.147100, 60, 90,1
84961,2007-02-20 21:26:28,121.424300,31.144300,  0, 90,1
84961,2007-02-20 21:27:29,121.425800,31.141500, 38, 67,1
84961,2007-02-20 21:28:30,121.427500,31.138300,  0, 67,1
84961,2007-02-20 21:29:31,121.429000,31.136300, 50, 67,1
84961,2007-02-20 21:31:11,121.431100,31.133600, 12, 67,1
84961,2007-02-20 21:32:12,121.436600,31.134100, 12, 45,1
84961,2007-02-20 21:33:13,121.439300,31.134800, 44, 45,1
84961,2007-02-20 21:34:05,121.441600,31.135600,  0, 45,0
84961,2007-02-20 21:35:06,121.441100,31.135500, 30,135,0
84961,2007-02-20 21:36:07,121.436300,31.134100, 38,135,0
84961,2007-02-20 21:37:08,121.429500,31.133300, 46,135,0
84961,2007-02-20 21:38:09,121.424000,31.132300, 52,135,0
84961,2007-02-20 21:39:10,121.417800,31.132800, 46,157,0
84961,2007-02-20 21:40:11,121.415500,31.137300,  0,157,0
84961,2007-02-20 21:42:13,121.407100,31.142100, 54,157,0
84961,2007-02-20 21:43:14,121.404300,31.148300,  0,  0,0
84961,2007-02-20 21:44:15,121.404300,31.148300,  0,  0,0
84961,2007-02-20 21:45:16,121.400100,31.147600, 42,135,0
84961,2007-02-20 21:46:17,121.397300,31.152300, 48,135,0
84961,2007-02-20 21:47:18,121.392300,31.154100,  4,  0,0
84961,2007-02-20 21:48:19,121.391100,31.157500,  0,  0,0
84961,2007-02-20 21:49:20,121.387500,31.156600, 12,135,0
84961,2007-02-20 21:50:21,121.383300,31.155800, 50,135,0
84961,2007-02-20 21:51:22,121.377500,31.155100,  8,  0,0
84961,2007-02-20 21:52:23,121.377500,31.158800,  0,  0,0
84961,2007-02-20 21:53:24,121.377100,31.163600, 34,157,0
84961,2007-02-20 21:54:25,121.373600,31.171300, 46,  0,0
84961,2007-02-20 21:55:26,121.373100,31.172500,  0,  0,0
84961,2007-02-20 21:56:27,121.371600,31.175500, 22,  0,0
84961,2007-02-20 21:57:28,121.370300,31.179100, 24,  0,0
84961,2007-02-20 21:58:29,121.368800,31.183600,  4,  0,0
84961,2007-02-20 21:59:30,121.365800,31.183600, 36,135,0
84961,2007-02-20 22:00:31,121.364300,31.187000,  0,  0,0
84961,2007-02-20 22:01:32,121.360500,31.186500, 42,135,0
84961,2007-02-20 22:02:33,121.359800,31.182600, 22, 90,0
84961,2007-02-20 22:03:34,121.362300,31.182800, 34, 45,0
84961,2007-02-20 22:04:35,121.367600,31.183800, 32, 45,0
84961,2007-02-20 22:05:36,121.368800,31.188500, 40,  0,0
84961,2007-02-20 22:06:37,121.371800,31.190800,  0, 22,0
84961,2007-02-20 22:07:38,121.374000,31.191500, 60, 45,0
84961,2007-02-20 22:08:39,121.380300,31.193000, 26, 67,0
84961,2007-02-20 22:09:40,121.380500,31.192600,  0, 67,0
84961,2007-02-20 22:10:41,121.380500,31.192800,  0,  0,0
84961,2007-02-20 22:11:42,121.380500,31.192800,  0,  0,0
84961,2007-02-20 22:13:44,121.380500,31.192800,  0,  0,0
84961,2007-02-20 22:14:45,121.380500,31.192800,  0,  0,0
84961,2007-02-20 22:15:46,121.380500,31.192800,  0,  0,0
84961,2007-02-20 22:16:47,121.380500,31.192800,  0,  0,0
84961,2007-02-20 22:17:48,121.380500,31.192800,  0,  0,0
84961,2007-02-20 22:18:49,121.380500,31.192800,  0,  0,0
84961,2007-02-20 22:19:50,121.380500,31.192800,  0,  0,0
84961,2007-02-20 22:20:51,121.380500,31.192800,  0,  0,0
84961,2007-02-20 22:21:51,121.380500,31.192800,  0,  0,0
84961,2007-02-20 22:22:22,121.380500,31.193000, 10,157,1
84961,2007-02-20 22:24:24,121.388600,31.199000, 66, 22,1
84961,2007-02-20 22:25:25,121.400000,31.203100, 72, 45,1
84961,2007-02-20 22:26:25,121.407100,31.206100, 48, 90,1
84961,2007-02-20 22:27:27,121.412000,31.197000, 78, 67,1
84961,2007-02-20 22:28:27,121.418600,31.188100, 56, 67,1
84961,2007-02-20 22:29:29,121.426600,31.183500, 64, 45,1
84961,2007-02-20 22:30:29,121.431100,31.181500, 56,  0,1
84961,2007-02-20 22:31:31,121.432100,31.189300, 44,  0,1
84961,2007-02-20 22:32:31,121.432500,31.191000,  8,  0,1
84961,2007-02-20 22:33:33,121.437100,31.190500, 46, 90,1
84961,2007-02-20 22:34:34,121.438000,31.187600,  0, 90,1
84961,2007-02-20 22:35:34,121.439500,31.184000, 46, 90,1
84961,2007-02-20 22:36:36,121.440500,31.182800, 38, 22,1
84961,2007-02-20 22:37:37,121.443800,31.184000,  0, 90,1
84961,2007-02-20 22:37:38,121.443800,31.184000,  0, 90,0
84961,2007-02-20 22:38:39,121.443800,31.184000,  0, 90,0
84961,2007-02-20 22:40:41,121.444000,31.185500, 48, 22,0
84961,2007-02-20 22:41:42,121.444600,31.189100, 46,157,0
84961,2007-02-20 22:42:43,121.442000,31.189600, 40,112,0
84961,2007-02-20 22:43:44,121.438300,31.187300, 40,112,0
84961,2007-02-20 22:44:45,121.432800,31.184800,  0,135,0
84961,2007-02-20 22:45:45,121.431100,31.182300, 12,112,0
84961,2007-02-20 22:46:47,121.428000,31.183000,  0,135,0
84961,2007-02-20 22:47:48,121.421500,31.184000, 44, 90,0
84961,2007-02-20 22:48:49,121.419800,31.180600, 30, 90,0
84961,2007-02-20 22:49:49,121.417000,31.177800, 16,112,0
84961,2007-02-20 22:50:50,121.411300,31.177100, 12,135,0
84961,2007-02-20 22:52:52,121.409600,31.182500, 30,  0,0
84961,2007-02-20 22:53:53,121.408800,31.188500,  0,  0,0
84961,2007-02-20 22:54:54,121.408800,31.188600, 32,  0,0
84961,2007-02-20 22:55:54,121.404100,31.190800, 30,  0,0
84961,2007-02-20 22:56:56,121.400500,31.193300, 50,135,0
84961,2007-02-20 22:58:58,121.389500,31.196100, 24,135,0
84961,2007-02-20 22:59:59,121.388800,31.197600,  0,  0,0
84961,2007-02-20 23:00:59,121.389100,31.197500,  0,  0,0
84961,2007-02-20 23:02:01,121.389000,31.197600,  0,  0,0
84961,2007-02-20 23:04:03,121.388800,31.197800,  0,157,0
84961,2007-02-20 23:05:04,121.388800,31.197800,  0,  0,0
84961,2007-02-20 23:06:04,121.388800,31.198000,  0,157,0
84961,2007-02-20 23:07:06,121.388800,31.198000,  0,157,0
84961,2007-02-20 23:08:07,121.388800,31.198000,  0,157,0
84961,2007-02-20 23:09:08,121.388800,31.198000,  0,157,0
84961,2007-02-20 23:10:09,121.388800,31.198000,  0,157,0
84961,2007-02-20 23:11:09,121.388800,31.198000,  0,157,0
84961,2007-02-20 23:12:11,121.388800,31.198000,  0,157,0
84961,2007-02-20 23:12:20,121.388800,31.198100, 16,  0,1
84961,2007-02-20 23:13:21,121.389500,31.201800, 56, 22,1
84961,2007-02-20 23:14:22,121.396800,31.202800, 50, 45,1
84961,2007-02-20 23:15:23,121.403800,31.205300,  0, 22,1
84961,2007-02-20 23:16:24,121.403800,31.205300,  0, 22,1
84961,2007-02-20 23:17:24,121.407000,31.205000, 12, 22,1
84961,2007-02-20 23:17:56,121.407500,31.205600,  0, 22,0
84961,2007-02-20 23:18:56,121.407300,31.206100, 24, 67,0
84961,2007-02-20 23:19:57,121.407600,31.201600, 34,135,0
84961,2007-02-20 23:20:58,121.403000,31.202500,  0,135,0
84961,2007-02-20 23:21:59,121.401100,31.199600, 46, 90,0
84961,2007-02-20 23:22:59,121.394600,31.199300, 52,135,0
84961,2007-02-20 23:24:01,121.391800,31.196800, 40,135,0
84961,2007-02-20 23:25:02,121.388800,31.197800, 22,  0,0
84961,2007-02-20 23:26:03,121.383800,31.196600,  0,112,0
84961,2007-02-20 23:27:03,121.378300,31.193000, 56,112,0
84961,2007-02-20 23:28:04,121.372000,31.191100,  0,112,0
84961,2007-02-20 23:29:06,121.369800,31.190500, 56,135,0
84961,2007-02-20 23:30:06,121.363600,31.188600,  6,135,0
84961,2007-02-20 23:31:08,121.364000,31.187800,  0, 90,0
84961,2007-02-20 23:32:09,121.364000,31.187800,  0, 90,0
84961,2007-02-20 23:33:09,121.364000,31.187800,  0, 90,0
84961,2007-02-20 23:34:11,121.364000,31.187800,  0, 90,0
84961,2007-02-20 23:35:12,121.364000,31.187800,  0, 90,0
84961,2007-02-20 23:36:13,121.364000,31.187800,  0, 90,0
84961,2007-02-20 23:37:14,121.364000,31.187800,  0, 90,0
84961,2007-02-20 23:38:14,121.364000,31.187800,  0, 90,0
84961,2007-02-20 23:39:16,121.364000,31.187800,  0, 90,0
84961,2007-02-20 23:40:17,121.364000,31.187800,  0, 90,0
84961,2007-02-20 23:41:18,121.364000,31.187800,  0, 90,0
84961,2007-02-20 23:42:19,121.364000,31.187800,  0, 90,0
84961,2007-02-20 23:43:19,121.364000,31.187800,  0, 90,0
84961,2007-02-20 23:44:21,121.364000,31.187800,  0, 90,0
84961,2007-02-20 23:45:22,121.364000,31.187800,  0, 90,0
84961,2007-02-20 23:46:23,121.364000,31.187800,  0, 90,0
84961,2007-02-20 23:47:24,121.364000,31.187800,  0, 90,0
84961,2007-02-20 23:48:24,121.364000,31.187800,  0, 90,0
84961,2007-02-20 23:49:26,121.364000,31.187800,  0, 90,0
84961,2007-02-20 23:51:28,121.364000,31.187800,  0, 90,0
84961,2007-02-20 23:52:29,121.364000,31.187800,  0, 90,0
84961,2007-02-20 23:53:29,121.364000,31.187800,  0, 90,0
84961,2007-02-20 23:54:31,121.364000,31.187800,  0, 90,0
84961,2007-02-20 23:55:32,121.364000,31.187800,  0, 90,0
84961,2007-02-20 23:56:33,121.364000,31.187800,  0, 90,0
84961,2007-02-20 23:58:34,121.364000,31.187800,  0, 90,0
84961,2007-02-20 23:59:36,121.364000,31.187800,  0, 90,0
