10566,2007-02-20 00:02:29,121.469317,31.223150, 10,155,1
10566,2007-02-20 00:05:38,121.469317,31.223150, 10,155,1
10566,2007-02-20 00:08:47,121.469317,31.223150, 10,155,1
10566,2007-02-20 00:11:56,121.469317,31.223150, 10,155,1
10566,2007-02-20 00:15:05,121.469317,31.223150, 10,155,1
10566,2007-02-20 00:18:14,121.469317,31.223150, 10,155,1
10566,2007-02-20 00:21:23,121.469317,31.223150, 10,155,1
10566,2007-02-20 00:24:32,121.469317,31.223150, 10,155,1
10566,2007-02-20 00:27:42,121.469317,31.223150, 10,155,1
10566,2007-02-20 00:30:51,121.469317,31.223150, 10,155,1
10566,2007-02-20 00:34:00,121.469317,31.223150, 10,155,1
10566,2007-02-20 00:37:09,121.469317,31.223150, 10,155,1
10566,2007-02-20 00:40:18,121.469317,31.223150, 10,155,1
10566,2007-02-20 00:43:27,121.469317,31.223150, 10,155,1
10566,2007-02-20 00:46:36,121.469317,31.223150, 10,155,1
10566,2007-02-20 00:49:45,121.469317,31.223150, 10,155,1
10566,2007-02-20 00:52:54,121.469317,31.223150, 10,155,1
10566,2007-02-20 00:56:03,121.469317,31.223150, 10,155,1
10566,2007-02-20 00:59:12,121.469317,31.223150, 10,155,1
10566,2007-02-20 01:02:22,121.469317,31.223150, 10,155,1
10566,2007-02-20 01:05:31,121.469317,31.223150, 10,155,1
10566,2007-02-20 01:08:40,121.469317,31.223150, 10,155,1
10566,2007-02-20 01:11:49,121.469317,31.223150, 10,155,1
10566,2007-02-20 01:14:58,121.469317,31.223150, 10,155,1
10566,2007-02-20 01:18:07,121.469317,31.223150, 10,155,1
10566,2007-02-20 01:21:16,121.469317,31.223150, 10,155,1
10566,2007-02-20 01:24:25,121.469317,31.223150, 10,155,1
10566,2007-02-20 01:27:34,121.469317,31.223150, 10,155,1
10566,2007-02-20 01:30:43,121.469317,31.223150, 10,155,1
10566,2007-02-20 01:33:52,121.469317,31.223150, 10,155,1
10566,2007-02-20 01:37:02,121.469317,31.223150, 10,155,1
10566,2007-02-20 01:40:11,121.469317,31.223150, 10,155,1
10566,2007-02-20 01:43:20,121.469317,31.223150, 10,155,1
10566,2007-02-20 01:46:29,121.469317,31.223150, 10,155,1
10566,2007-02-20 01:49:38,121.469317,31.223150, 10,155,1
10566,2007-02-20 01:52:47,121.469317,31.223150, 10,155,1
10566,2007-02-20 01:55:56,121.469317,31.223150, 10,155,1
10566,2007-02-20 01:59:05,121.469317,31.223150, 10,155,1
10566,2007-02-20 02:02:14,121.469317,31.223150, 10,155,1
10566,2007-02-20 02:05:23,121.469317,31.223150, 10,155,1
10566,2007-02-20 02:08:32,121.469317,31.223150, 10,155,1
10566,2007-02-20 02:11:41,121.469317,31.223150, 10,155,1
10566,2007-02-20 02:14:51,121.469317,31.223150, 10,155,1
10566,2007-02-20 02:18:00,121.469317,31.223150, 10,155,1
10566,2007-02-20 02:21:09,121.469317,31.223150, 10,155,1
10566,2007-02-20 02:24:18,121.469317,31.223150, 10,155,1
10566,2007-02-20 02:27:27,121.469317,31.223150, 10,155,1
10566,2007-02-20 02:30:36,121.469317,31.223150, 10,155,1
10566,2007-02-20 02:33:45,121.469317,31.223150, 10,155,1
10566,2007-02-20 02:36:54,121.469317,31.223150, 10,155,1
10566,2007-02-20 02:40:03,121.469317,31.223150, 10,155,1
10566,2007-02-20 02:43:12,121.469317,31.223150, 10,155,1
10566,2007-02-20 02:46:21,121.469317,31.223150, 10,155,1
10566,2007-02-20 02:49:30,121.469317,31.223150, 10,155,1
10566,2007-02-20 02:52:40,121.469317,31.223150, 10,155,1
10566,2007-02-20 02:55:49,121.469317,31.223150, 10,155,1
10566,2007-02-20 02:58:58,121.469317,31.223150, 10,155,1
10566,2007-02-20 03:02:07,121.469317,31.223150, 10,155,1
10566,2007-02-20 03:05:16,121.469317,31.223150, 10,155,1
10566,2007-02-20 03:08:25,121.469317,31.223150, 10,155,1
10566,2007-02-20 03:11:34,121.469317,31.223150, 10,155,1
10566,2007-02-20 03:14:43,121.469317,31.223150, 10,155,1
10566,2007-02-20 03:17:52,121.469317,31.223150, 10,155,1
10566,2007-02-20 03:21:01,121.469317,31.223150, 10,155,1
10566,2007-02-20 03:24:10,121.469317,31.223150, 10,155,1
10566,2007-02-20 03:27:19,121.469317,31.223150, 10,155,1
10566,2007-02-20 03:30:28,121.469317,31.223150, 10,155,1
10566,2007-02-20 03:33:38,121.469317,31.223150, 10,155,1
10566,2007-02-20 03:36:47,121.469317,31.223150, 10,155,1
10566,2007-02-20 03:39:56,121.469317,31.223150, 10,155,1
10566,2007-02-20 03:43:05,121.469317,31.223150, 10,155,1
10566,2007-02-20 03:46:14,121.469317,31.223150, 10,155,1
10566,2007-02-20 03:49:23,121.469317,31.223150, 10,155,1
10566,2007-02-20 03:52:32,121.469317,31.223150, 10,155,1
10566,2007-02-20 03:55:41,121.469317,31.223150, 10,155,1
10566,2007-02-20 03:58:50,121.469317,31.223150, 10,155,1
10566,2007-02-20 04:01:59,121.469317,31.223150, 10,155,1
10566,2007-02-20 04:05:08,121.469317,31.223150, 10,155,1
10566,2007-02-20 04:08:18,121.469317,31.223150, 10,155,1
10566,2007-02-20 04:11:27,121.469317,31.223150, 10,155,1
10566,2007-02-20 04:14:36,121.469317,31.223150, 10,155,1
10566,2007-02-20 04:17:45,121.469317,31.223150, 10,155,1
10566,2007-02-20 04:20:54,121.469317,31.223150, 10,155,1
10566,2007-02-20 04:24:03,121.469317,31.223150, 10,155,1
10566,2007-02-20 04:27:12,121.469317,31.223150, 10,155,1
10566,2007-02-20 04:30:21,121.469317,31.223150, 10,155,1
10566,2007-02-20 04:33:30,121.469317,31.223150, 10,155,1
10566,2007-02-20 04:36:39,121.469317,31.223150, 10,155,1
10566,2007-02-20 04:39:48,121.469317,31.223150, 10,155,1
10566,2007-02-20 04:42:57,121.469317,31.223150, 10,155,1
10566,2007-02-20 04:46:06,121.469317,31.223150, 10,155,1
10566,2007-02-20 04:49:15,121.469317,31.223150, 10,155,1
10566,2007-02-20 04:52:25,121.469317,31.223150, 10,155,1
10566,2007-02-20 04:55:34,121.469317,31.223150, 10,155,1
10566,2007-02-20 04:58:43,121.469317,31.223150, 10,155,1
10566,2007-02-20 05:01:52,121.469317,31.223150, 10,155,1
10566,2007-02-20 05:05:01,121.469317,31.223150, 10,155,1
10566,2007-02-20 05:08:10,121.469317,31.223150, 10,155,1
10566,2007-02-20 05:11:19,121.469317,31.223150, 10,155,1
10566,2007-02-20 05:14:28,121.469317,31.223150, 10,155,1
10566,2007-02-20 05:17:37,121.469317,31.223150, 10,155,1
10566,2007-02-20 05:20:46,121.469317,31.223150, 10,155,1
10566,2007-02-20 05:23:55,121.469317,31.223150, 10,155,1
10566,2007-02-20 05:27:05,121.469317,31.223150, 10,155,1
10566,2007-02-20 05:30:14,121.469317,31.223150, 10,155,1
10566,2007-02-20 05:33:23,121.469317,31.223150, 10,155,1
10566,2007-02-20 05:36:32,121.469317,31.223150, 10,155,1
10566,2007-02-20 05:39:41,121.469317,31.223150, 10,155,1
10566,2007-02-20 05:42:50,121.469317,31.223150, 10,155,1
10566,2007-02-20 05:45:59,121.469317,31.223150, 10,155,1
10566,2007-02-20 05:49:08,121.469317,31.223150, 10,155,1
10566,2007-02-20 05:52:17,121.469317,31.223150, 10,155,1
10566,2007-02-20 05:55:26,121.469317,31.223150, 10,155,1
10566,2007-02-20 05:58:35,121.469317,31.223150, 10,155,1
10566,2007-02-20 06:01:45,121.469317,31.223150, 10,155,1
10566,2007-02-20 06:04:54,121.469317,31.223150, 10,155,1
10566,2007-02-20 06:08:03,121.469317,31.223150, 10,155,1
10566,2007-02-20 06:11:12,121.469317,31.223150, 10,155,1
10566,2007-02-20 06:14:21,121.469317,31.223150, 10,155,1
10566,2007-02-20 06:17:30,121.469317,31.223150, 10,155,1
10566,2007-02-20 06:20:39,121.469317,31.223150, 10,155,1
10566,2007-02-20 06:23:48,121.469317,31.223150, 10,155,1
10566,2007-02-20 06:26:57,121.469317,31.223150, 10,155,1
10566,2007-02-20 06:30:07,121.469317,31.223150, 10,155,1
10566,2007-02-20 06:33:16,121.469317,31.223150, 10,155,1
10566,2007-02-20 06:36:27,121.469317,31.223150, 10,155,1
10566,2007-02-20 06:42:16,121.469317,31.223150, 10,155,1
10566,2007-02-20 06:46:36,121.469317,31.223150, 10,155,1
10566,2007-02-20 06:50:55,121.469317,31.223150, 10,155,1
10566,2007-02-20 06:55:38,121.469317,31.223150, 10,155,1
10566,2007-02-20 06:59:03,121.469317,31.223150, 10,155,1
10566,2007-02-20 07:02:12,121.469317,31.223150, 10,155,1
10566,2007-02-20 07:05:21,121.469317,31.223150, 10,155,1
10566,2007-02-20 07:08:30,121.469317,31.223150, 10,155,1
10566,2007-02-20 07:11:40,121.469317,31.223150, 10,155,1
10566,2007-02-20 07:14:49,121.469317,31.223150, 10,155,1
10566,2007-02-20 07:17:58,121.469317,31.223150, 10,155,1
10566,2007-02-20 07:21:07,121.469317,31.223150, 10,155,1
10566,2007-02-20 07:24:16,121.469317,31.223150, 10,155,1
10566,2007-02-20 07:27:25,121.469317,31.223150, 10,155,1
10566,2007-02-20 07:30:34,121.469317,31.223150, 10,155,1
10566,2007-02-20 07:33:43,121.469317,31.223150, 10,155,1
10566,2007-02-20 07:36:52,121.469317,31.223150, 10,155,1
10566,2007-02-20 07:40:01,121.469317,31.223150, 10,155,1
10566,2007-02-20 07:43:10,121.469317,31.223150, 10,155,1
10566,2007-02-20 07:46:19,121.469317,31.223150, 10,155,1
10566,2007-02-20 07:49:28,121.469317,31.223150, 10,155,1
10566,2007-02-20 07:52:37,121.469317,31.223150, 10,155,1
10566,2007-02-20 07:55:47,121.469317,31.223150, 10,155,1
10566,2007-02-20 07:58:56,121.469317,31.223150, 10,155,1
10566,2007-02-20 08:02:05,121.469317,31.223150, 10,155,1
10566,2007-02-20 08:05:14,121.469317,31.223150, 10,155,1
10566,2007-02-20 08:08:23,121.469317,31.223150, 10,155,1
10566,2007-02-20 08:11:32,121.469317,31.223150, 10,155,1
10566,2007-02-20 08:14:41,121.469317,31.223150, 10,155,1
10566,2007-02-20 08:17:50,121.469317,31.223150, 10,155,1
10566,2007-02-20 08:20:59,121.469317,31.223150, 10,155,1
10566,2007-02-20 08:24:08,121.469317,31.223150, 10,155,1
10566,2007-02-20 08:27:17,121.469317,31.223150, 10,155,1
10566,2007-02-20 08:30:26,121.469317,31.223150, 10,155,1
10566,2007-02-20 08:33:35,121.469317,31.223150, 10,155,1
10566,2007-02-20 08:39:53,121.469317,31.223150, 10,155,1
10566,2007-02-20 08:43:03,121.469317,31.223150, 10,155,1
10566,2007-02-20 08:46:12,121.469317,31.223150, 10,155,1
10566,2007-02-20 08:49:21,121.469317,31.223150, 10,155,1
10566,2007-02-20 08:52:30,121.469317,31.223150, 10,155,1
10566,2007-02-20 08:55:39,121.469317,31.223150, 10,155,1
10566,2007-02-20 08:58:48,121.469317,31.223150, 10,155,1
10566,2007-02-20 09:01:57,121.469317,31.223150, 10,155,1
10566,2007-02-20 09:05:06,121.469317,31.223150, 10,155,1
10566,2007-02-20 09:08:15,121.469317,31.223150, 10,155,1
10566,2007-02-20 09:11:24,121.469317,31.223150, 10,155,1
10566,2007-02-20 09:14:33,121.469317,31.223150, 10,155,1
10566,2007-02-20 09:17:42,121.469317,31.223150, 10,155,1
10566,2007-02-20 09:20:51,121.469317,31.223150, 10,155,1
10566,2007-02-20 09:24:00,121.469317,31.223150, 10,155,1
10566,2007-02-20 09:27:09,121.469317,31.223150, 10,155,1
10566,2007-02-20 09:30:18,121.469317,31.223150, 10,155,1
10566,2007-02-20 09:33:28,121.469317,31.223150, 10,155,1
10566,2007-02-20 09:36:37,121.469317,31.223150, 10,155,1
10566,2007-02-20 09:39:46,121.469317,31.223150, 10,155,1
10566,2007-02-20 09:42:55,121.469317,31.223150, 10,155,1
10566,2007-02-20 09:46:04,121.469317,31.223150, 10,155,1
10566,2007-02-20 09:49:13,121.469317,31.223150, 10,155,1
10566,2007-02-20 09:52:22,121.469317,31.223150, 10,155,1
10566,2007-02-20 09:55:31,121.469317,31.223150, 10,155,1
10566,2007-02-20 09:58:40,121.469317,31.223150, 10,155,1
10566,2007-02-20 10:01:49,121.469317,31.223150, 10,155,1
10566,2007-02-20 10:04:58,121.469317,31.223150, 10,155,1
10566,2007-02-20 10:08:07,121.469317,31.223150, 10,155,1
10566,2007-02-20 10:11:16,121.469317,31.223150, 10,155,1
10566,2007-02-20 10:14:25,121.469317,31.223150, 10,155,1
10566,2007-02-20 10:17:34,121.469317,31.223150, 10,155,1
10566,2007-02-20 10:20:44,121.469317,31.223150, 10,155,1
10566,2007-02-20 10:23:53,121.469317,31.223150, 10,155,1
10566,2007-02-20 10:27:02,121.469317,31.223150, 10,155,1
10566,2007-02-20 10:30:11,121.469317,31.223150, 10,155,1
10566,2007-02-20 10:33:20,121.469317,31.223150, 10,155,1
10566,2007-02-20 10:36:29,121.469317,31.223150, 10,155,1
10566,2007-02-20 10:39:38,121.469317,31.223150, 10,155,1
10566,2007-02-20 10:42:47,121.469317,31.223150, 10,155,1
10566,2007-02-20 10:45:56,121.469317,31.223150, 10,155,1
10566,2007-02-20 10:49:05,121.469317,31.223150, 10,155,1
10566,2007-02-20 10:52:14,121.469317,31.223150, 10,155,1
10566,2007-02-20 10:55:23,121.469317,31.223150, 10,155,1
10566,2007-02-20 10:58:32,121.469317,31.223150, 10,155,1
10566,2007-02-20 11:01:42,121.469317,31.223150, 10,155,1
10566,2007-02-20 11:04:51,121.469317,31.223150, 10,155,1
10566,2007-02-20 11:08:00,121.469317,31.223150, 10,155,1
10566,2007-02-20 11:14:18,121.469317,31.223150, 10,155,1
10566,2007-02-20 11:17:27,121.469317,31.223150, 10,155,1
10566,2007-02-20 11:20:36,121.469317,31.223150, 10,155,1
10566,2007-02-20 11:23:45,121.469317,31.223150, 10,155,1
10566,2007-02-20 11:26:54,121.469317,31.223150, 10,155,1
10566,2007-02-20 11:30:03,121.469317,31.223150, 10,155,1
10566,2007-02-20 11:36:21,121.469317,31.223150, 10,155,1
10566,2007-02-20 11:39:30,121.469317,31.223150, 10,155,1
10566,2007-02-20 11:42:39,121.469317,31.223150, 10,155,1
10566,2007-02-20 11:48:57,121.469317,31.223150, 10,155,1
10566,2007-02-20 11:52:07,121.469317,31.223150, 10,155,1
10566,2007-02-20 11:55:16,121.469317,31.223150, 10,155,1
10566,2007-02-20 11:58:25,121.469317,31.223150, 10,155,1
10566,2007-02-20 12:01:34,121.469317,31.223150, 10,155,1
10566,2007-02-20 12:04:43,121.469317,31.223150, 10,155,1
10566,2007-02-20 12:07:52,121.469317,31.223150, 10,155,1
10566,2007-02-20 12:11:01,121.469317,31.223150, 10,155,1
10566,2007-02-20 12:14:10,121.469317,31.223150, 10,155,1
10566,2007-02-20 12:17:19,121.469317,31.223150, 10,155,1
10566,2007-02-20 12:20:28,121.469317,31.223150, 10,155,1
10566,2007-02-20 12:23:37,121.469317,31.223150, 10,155,1
10566,2007-02-20 12:26:46,121.469317,31.223150, 10,155,1
10566,2007-02-20 12:29:55,121.469317,31.223150, 10,155,1
10566,2007-02-20 12:33:04,121.469317,31.223150, 10,155,1
10566,2007-02-20 12:36:13,121.469317,31.223150, 10,155,1
10566,2007-02-20 12:39:22,121.469317,31.223150, 10,155,1
10566,2007-02-20 12:42:32,121.469317,31.223150, 10,155,1
10566,2007-02-20 12:45:41,121.469317,31.223150, 10,155,1
10566,2007-02-20 12:51:59,121.469317,31.223150, 10,155,1
10566,2007-02-20 12:55:08,121.469317,31.223150, 10,155,1
10566,2007-02-20 12:58:17,121.469317,31.223150, 10,155,1
10566,2007-02-20 13:01:26,121.469317,31.223150, 10,155,1
10566,2007-02-20 13:04:35,121.469317,31.223150, 10,155,1
10566,2007-02-20 13:07:44,121.469317,31.223150, 10,155,1
10566,2007-02-20 13:10:53,121.469317,31.223150, 10,155,1
10566,2007-02-20 13:14:02,121.469317,31.223150, 10,155,1
10566,2007-02-20 13:17:11,121.469317,31.223150, 10,155,1
10566,2007-02-20 13:20:20,121.469317,31.223150, 10,155,1
10566,2007-02-20 13:23:29,121.469317,31.223150, 10,155,1
10566,2007-02-20 13:26:38,121.469317,31.223150, 10,155,1
10566,2007-02-20 13:29:48,121.469317,31.223150, 10,155,1
10566,2007-02-20 13:32:57,121.469317,31.223150, 10,155,1
10566,2007-02-20 13:36:06,121.469317,31.223150, 10,155,1
10566,2007-02-20 13:39:15,121.469317,31.223150, 10,155,1
10566,2007-02-20 13:42:24,121.469317,31.223150, 10,155,1
10566,2007-02-20 13:45:33,121.469317,31.223150, 10,155,1
10566,2007-02-20 13:48:42,121.469317,31.223150, 10,155,1
10566,2007-02-20 13:51:51,121.469317,31.223150, 10,155,1
10566,2007-02-20 13:55:00,121.469317,31.223150, 10,155,1
10566,2007-02-20 13:58:09,121.469317,31.223150, 10,155,1
10566,2007-02-20 14:01:18,121.469317,31.223150, 10,155,1
10566,2007-02-20 14:04:27,121.469317,31.223150, 10,155,1
10566,2007-02-20 14:07:36,121.469317,31.223150, 10,155,1
10566,2007-02-20 14:10:45,121.469317,31.223150, 10,155,1
10566,2007-02-20 14:13:54,121.469317,31.223150, 10,155,1
10566,2007-02-20 14:17:04,121.469317,31.223150, 10,155,1
10566,2007-02-20 14:20:13,121.469317,31.223150, 10,155,1
10566,2007-02-20 14:23:22,121.469317,31.223150, 10,155,1
10566,2007-02-20 14:26:31,121.469317,31.223150, 10,155,1
10566,2007-02-20 14:29:40,121.469317,31.223150, 10,155,1
10566,2007-02-20 14:32:49,121.469317,31.223150, 10,155,1
10566,2007-02-20 14:35:58,121.469317,31.223150, 10,155,1
10566,2007-02-20 14:39:07,121.469317,31.223150, 10,155,1
10566,2007-02-20 14:42:16,121.469317,31.223150, 10,155,1
10566,2007-02-20 14:45:25,121.469317,31.223150, 10,155,1
10566,2007-02-20 14:48:34,121.469317,31.223150, 10,155,1
10566,2007-02-20 14:51:43,121.469317,31.223150, 10,155,1
10566,2007-02-20 14:54:52,121.469317,31.223150, 10,155,1
10566,2007-02-20 14:58:01,121.469317,31.223150, 10,155,1
10566,2007-02-20 15:01:11,121.469317,31.223150, 10,155,1
10566,2007-02-20 15:04:20,121.469317,31.223150, 10,155,1
10566,2007-02-20 15:07:29,121.469317,31.223150, 10,155,1
10566,2007-02-20 15:10:38,121.469317,31.223150, 10,155,1
10566,2007-02-20 15:13:47,121.469317,31.223150, 10,155,1
10566,2007-02-20 15:16:56,121.469317,31.223150, 10,155,1
10566,2007-02-20 15:20:05,121.469317,31.223150, 10,155,1
10566,2007-02-20 15:23:14,121.469317,31.223150, 10,155,1
10566,2007-02-20 15:26:23,121.469317,31.223150, 10,155,1
10566,2007-02-20 15:29:32,121.469317,31.223150, 10,155,1
10566,2007-02-20 15:32:41,121.469317,31.223150, 10,155,1
10566,2007-02-20 15:35:50,121.469317,31.223150, 10,155,1
10566,2007-02-20 15:38:59,121.469317,31.223150, 10,155,1
10566,2007-02-20 15:45:18,121.469317,31.223150, 10,155,1
10566,2007-02-20 15:48:27,121.469317,31.223150, 10,155,1
10566,2007-02-20 15:51:36,121.469317,31.223150, 10,155,1
10566,2007-02-20 15:54:45,121.469317,31.223150, 10,155,1
10566,2007-02-20 15:57:54,121.469317,31.223150, 10,155,1
10566,2007-02-20 16:01:03,121.469317,31.223150, 10,155,1
10566,2007-02-20 16:04:12,121.469317,31.223150, 10,155,1
10566,2007-02-20 16:07:21,121.469317,31.223150, 10,155,1
10566,2007-02-20 16:10:30,121.469317,31.223150, 10,155,1
10566,2007-02-20 16:13:39,121.469317,31.223150, 10,155,1
10566,2007-02-20 16:16:48,121.469317,31.223150, 10,155,1
10566,2007-02-20 16:19:57,121.469317,31.223150, 10,155,1
10566,2007-02-20 16:23:06,121.469317,31.223150, 10,155,1
10566,2007-02-20 16:26:16,121.469317,31.223150, 10,155,1
10566,2007-02-20 16:29:25,121.469317,31.223150, 10,155,1
10566,2007-02-20 16:32:34,121.469317,31.223150, 10,155,1
10566,2007-02-20 16:35:43,121.469317,31.223150, 10,155,1
10566,2007-02-20 16:38:52,121.469317,31.223150, 10,155,1
10566,2007-02-20 16:42:01,121.469317,31.223150, 10,155,1
10566,2007-02-20 16:45:10,121.469317,31.223150, 10,155,1
10566,2007-02-20 16:48:19,121.469317,31.223150, 10,155,1
10566,2007-02-20 16:51:28,121.469317,31.223150, 10,155,1
10566,2007-02-20 16:54:37,121.469317,31.223150, 10,155,1
10566,2007-02-20 16:57:46,121.469317,31.223150, 10,155,1
10566,2007-02-20 17:04:04,121.469317,31.223150, 10,155,1
10566,2007-02-20 17:07:14,121.469317,31.223150, 10,155,1
10566,2007-02-20 17:10:23,121.469317,31.223150, 10,155,1
10566,2007-02-20 17:13:32,121.469317,31.223150, 10,155,1
10566,2007-02-20 17:16:41,121.469317,31.223150, 10,155,1
10566,2007-02-20 17:19:50,121.469317,31.223150, 10,155,1
10566,2007-02-20 17:22:59,121.469317,31.223150, 10,155,1
10566,2007-02-20 17:26:08,121.469317,31.223150, 10,155,1
10566,2007-02-20 17:29:17,121.469317,31.223150, 10,155,1
10566,2007-02-20 17:32:26,121.469317,31.223150, 10,155,1
10566,2007-02-20 17:35:35,121.469317,31.223150, 10,155,1
10566,2007-02-20 17:38:44,121.469317,31.223150, 10,155,1
10566,2007-02-20 17:41:53,121.469317,31.223150, 10,155,1
10566,2007-02-20 17:45:02,121.469317,31.223150, 10,155,1
10566,2007-02-20 17:48:11,121.469317,31.223150, 10,155,1
10566,2007-02-20 17:51:21,121.469317,31.223150, 10,155,1
10566,2007-02-20 17:54:30,121.469317,31.223150, 10,155,1
10566,2007-02-20 17:57:39,121.469317,31.223150, 10,155,1
10566,2007-02-20 18:00:48,121.469317,31.223150, 10,155,1
10566,2007-02-20 18:03:57,121.469317,31.223150, 10,155,1
10566,2007-02-20 18:07:06,121.469317,31.223150, 10,155,1
10566,2007-02-20 18:10:15,121.469317,31.223150, 10,155,1
10566,2007-02-20 18:13:24,121.469317,31.223150, 10,155,1
10566,2007-02-20 18:16:33,121.469317,31.223150, 10,155,1
10566,2007-02-20 18:19:42,121.469317,31.223150, 10,155,1
10566,2007-02-20 18:22:51,121.469317,31.223150, 10,155,1
10566,2007-02-20 18:26:01,121.469317,31.223150, 10,155,1
10566,2007-02-20 18:29:10,121.469317,31.223150, 10,155,1
10566,2007-02-20 18:32:19,121.469317,31.223150, 10,155,1
10566,2007-02-20 18:35:28,121.469317,31.223150, 10,155,1
10566,2007-02-20 18:38:37,121.469317,31.223150, 10,155,1
10566,2007-02-20 18:41:46,121.469317,31.223150, 10,155,1
10566,2007-02-20 18:44:55,121.469317,31.223150, 10,155,1
10566,2007-02-20 18:48:04,121.469317,31.223150, 10,155,1
10566,2007-02-20 18:51:13,121.469317,31.223150, 10,155,1
10566,2007-02-20 18:54:22,121.469317,31.223150, 10,155,1
10566,2007-02-20 18:57:31,121.469317,31.223150, 10,155,1
10566,2007-02-20 19:00:40,121.469317,31.223150, 10,155,1
10566,2007-02-20 19:03:50,121.469317,31.223150, 10,155,1
10566,2007-02-20 19:06:59,121.469317,31.223150, 10,155,1
10566,2007-02-20 19:10:08,121.469317,31.223150, 10,155,1
10566,2007-02-20 19:13:17,121.469317,31.223150, 10,155,1
10566,2007-02-20 19:19:35,121.469317,31.223150, 10,155,1
10566,2007-02-20 19:22:44,121.469317,31.223150, 10,155,1
10566,2007-02-20 19:25:53,121.469317,31.223150, 10,155,1
10566,2007-02-20 19:29:03,121.469317,31.223150, 10,155,1
10566,2007-02-20 19:32:12,121.469317,31.223150, 10,155,1
10566,2007-02-20 19:35:21,121.469317,31.223150, 10,155,1
10566,2007-02-20 19:38:30,121.469317,31.223150, 10,155,1
10566,2007-02-20 19:41:39,121.469317,31.223150, 10,155,1
10566,2007-02-20 19:44:48,121.469317,31.223150, 10,155,1
10566,2007-02-20 19:47:57,121.469317,31.223150, 10,155,1
10566,2007-02-20 19:51:06,121.469317,31.223150, 10,155,1
10566,2007-02-20 19:54:15,121.469317,31.223150, 10,155,1
10566,2007-02-20 19:57:25,121.469317,31.223150, 10,155,1
10566,2007-02-20 20:00:34,121.469317,31.223150, 10,155,1
10566,2007-02-20 20:03:44,121.469317,31.223150, 10,155,1
10566,2007-02-20 20:06:54,121.469317,31.223150, 10,155,1
10566,2007-02-20 20:10:03,121.469317,31.223150, 10,155,1
10566,2007-02-20 20:13:12,121.469317,31.223150, 10,155,1
10566,2007-02-20 20:16:21,121.469317,31.223150, 10,155,1
10566,2007-02-20 20:19:30,121.469317,31.223150, 10,155,1
10566,2007-02-20 20:25:49,121.469317,31.223150, 10,155,1
10566,2007-02-20 20:28:58,121.469317,31.223150, 10,155,1
10566,2007-02-20 20:32:07,121.469317,31.223150, 10,155,1
10566,2007-02-20 20:35:16,121.469317,31.223150, 10,155,1
10566,2007-02-20 20:38:25,121.469317,31.223150, 10,155,1
10566,2007-02-20 20:41:35,121.469317,31.223150, 10,155,1
10566,2007-02-20 20:44:44,121.469317,31.223150, 10,155,1
10566,2007-02-20 20:47:53,121.469317,31.223150, 10,155,1
10566,2007-02-20 20:51:02,121.469317,31.223150, 10,155,1
10566,2007-02-20 20:54:11,121.469317,31.223150, 10,155,1
10566,2007-02-20 20:57:21,121.469317,31.223150, 10,155,1
10566,2007-02-20 21:00:30,121.469317,31.223150, 10,155,1
10566,2007-02-20 21:03:39,121.469317,31.223150, 10,155,1
10566,2007-02-20 21:06:48,121.469317,31.223150, 10,155,1
10566,2007-02-20 21:09:57,121.469317,31.223150, 10,155,1
10566,2007-02-20 21:13:07,121.469317,31.223150, 10,155,1
10566,2007-02-20 21:16:16,121.469317,31.223150, 10,155,1
10566,2007-02-20 21:19:25,121.469317,31.223150, 10,155,1
10566,2007-02-20 21:22:34,121.469317,31.223150, 10,155,1
10566,2007-02-20 21:25:43,121.469317,31.223150, 10,155,1
10566,2007-02-20 21:28:53,121.469317,31.223150, 10,155,1
10566,2007-02-20 21:32:02,121.469317,31.223150, 10,155,1
10566,2007-02-20 21:37:12,121.469317,31.223150, 10,155,1
10566,2007-02-20 21:44:07,121.469317,31.223150, 10,155,1
10566,2007-02-20 21:47:36,121.469317,31.223150, 10,155,1
10566,2007-02-20 21:51:22,121.469317,31.223150, 10,155,1
10566,2007-02-20 21:57:40,121.469317,31.223150, 10,155,1
10566,2007-02-20 22:00:50,121.469317,31.223150, 10,155,1
10566,2007-02-20 22:07:08,121.469317,31.223150, 10,155,1
10566,2007-02-20 22:10:17,121.469317,31.223150, 10,155,1
10566,2007-02-20 22:13:26,121.469317,31.223150, 10,155,1
10566,2007-02-20 22:19:45,121.469317,31.223150, 10,155,1
10566,2007-02-20 22:22:54,121.469317,31.223150, 10,155,1
10566,2007-02-20 22:29:12,121.469317,31.223150, 10,155,1
10566,2007-02-20 22:32:22,121.469317,31.223150, 10,155,1
10566,2007-02-20 22:35:31,121.469317,31.223150, 10,155,1
10566,2007-02-20 22:38:40,121.469317,31.223150, 10,155,1
10566,2007-02-20 22:41:49,121.469317,31.223150, 10,155,1
10566,2007-02-20 22:44:58,121.469317,31.223150, 10,155,1
10566,2007-02-20 22:48:08,121.469317,31.223150, 10,155,1
10566,2007-02-20 22:51:17,121.469317,31.223150, 10,155,1
10566,2007-02-20 22:54:26,121.469317,31.223150, 10,155,1
10566,2007-02-20 22:57:35,121.469317,31.223150, 10,155,1
10566,2007-02-20 23:00:44,121.469317,31.223150, 10,155,1
10566,2007-02-20 23:03:54,121.469317,31.223150, 10,155,1
10566,2007-02-20 23:07:03,121.469317,31.223150, 10,155,1
10566,2007-02-20 23:10:12,121.469317,31.223150, 10,155,1
10566,2007-02-20 23:13:21,121.469317,31.223150, 10,155,1
10566,2007-02-20 23:19:39,121.469317,31.223150, 10,155,1
10566,2007-02-20 23:22:49,121.469317,31.223150, 10,155,1
10566,2007-02-20 23:25:58,121.469317,31.223150, 10,155,1
10566,2007-02-20 23:29:07,121.469317,31.223150, 10,155,1
10566,2007-02-20 23:32:16,121.469317,31.223150, 10,155,1
10566,2007-02-20 23:35:25,121.469317,31.223150, 10,155,1
10566,2007-02-20 23:38:34,121.469317,31.223150, 10,155,1
10566,2007-02-20 23:41:44,121.469317,31.223150, 10,155,1
10566,2007-02-20 23:44:53,121.469317,31.223150, 10,155,1
10566,2007-02-20 23:48:02,121.469317,31.223150, 10,155,1
10566,2007-02-20 23:51:11,121.469317,31.223150, 10,155,1
10566,2007-02-20 23:54:20,121.469317,31.223150, 10,155,1
10566,2007-02-20 23:57:29,121.469317,31.223150, 10,155,1
