81479,2007-02-20 00:00:40,121.462000,31.294100,  0, 67,1
81479,2007-02-20 00:01:40,121.466600,31.293600, 50,  0,1
81479,2007-02-20 00:03:43,121.466500,31.298300, 38, 90,1
81479,2007-02-20 00:04:44,121.466500,31.293800,  0, 90,1
81479,2007-02-20 00:05:45,121.463100,31.294300, 14,157,1
81479,2007-02-20 00:06:45,121.453800,31.296800, 10,135,1
81479,2007-02-20 00:07:36,121.450800,31.295800,  0,157,0
81479,2007-02-20 00:07:52,121.449300,31.295300, 74,135,0
81479,2007-02-20 00:08:08,121.446000,31.294600, 58,135,0
81479,2007-02-20 00:08:24,121.445500,31.293100, 68, 90,0
81479,2007-02-20 00:08:40,121.446000,31.291000, 38, 90,0
81479,2007-02-20 00:09:05,121.446000,31.290300, 40, 90,0
81479,2007-02-20 00:09:22,121.446500,31.288100, 72, 90,0
81479,2007-02-20 00:09:37,121.446800,31.285500, 72, 90,0
81479,2007-02-20 00:09:54,121.447000,31.283300, 50, 90,0
81479,2007-02-20 00:10:10,121.447100,31.281300, 44, 90,0
81479,2007-02-20 00:10:25,121.447500,31.279300, 48, 90,0
81479,2007-02-20 00:10:42,121.448000,31.277600, 30, 90,0
81479,2007-02-20 00:10:58,121.446800,31.276800, 42,112,0
81479,2007-02-20 00:11:34,121.444500,31.275300, 50,112,0
81479,2007-02-20 00:11:50,121.442500,31.274100, 46,112,0
81479,2007-02-20 00:12:22,121.442000,31.273500, 36, 67,0
81479,2007-02-20 00:12:37,121.443100,31.272800, 24, 67,0
81479,2007-02-20 00:12:53,121.444300,31.272000, 24, 67,0
81479,2007-02-20 00:13:14,121.444800,31.271100, 44, 67,0
81479,2007-02-20 00:13:30,121.444300,31.270300, 46,112,0
81479,2007-02-20 00:13:46,121.442100,31.269000, 68,112,0
81479,2007-02-20 00:14:02,121.440100,31.267600, 44,112,0
81479,2007-02-20 00:14:18,121.439000,31.267100, 28,112,0
81479,2007-02-20 00:14:39,121.438100,31.266500,  6,112,0
81479,2007-02-20 00:15:40,121.438000,31.266100,  0, 22,0
81479,2007-02-20 00:16:41,121.438000,31.266100,  0, 22,0
81479,2007-02-20 00:17:42,121.438000,31.266100,  0, 22,0
81479,2007-02-20 00:19:44,121.438000,31.266100,  0, 22,0
81479,2007-02-20 00:20:45,121.438000,31.266100,  0, 22,0
81479,2007-02-20 00:21:46,121.438000,31.266100,  0, 22,0
81479,2007-02-20 00:23:48,121.438000,31.266100,  0, 22,0
81479,2007-02-20 00:24:49,121.438000,31.266100,  0, 22,0
81479,2007-02-20 00:25:50,121.438000,31.266100,  0, 22,0
81479,2007-02-20 00:26:51,121.438000,31.266100,  0, 22,0
81479,2007-02-20 00:27:52,121.437800,31.266100,  0, 22,0
81479,2007-02-20 00:28:53,121.437800,31.266100,  0, 22,0
81479,2007-02-20 00:29:54,121.437800,31.266100,  0, 22,0
81479,2007-02-20 00:30:55,121.437800,31.266100,  0, 22,0
81479,2007-02-20 00:31:56,121.437800,31.266100,  0, 22,0
81479,2007-02-20 00:32:57,121.437800,31.266100,  0, 22,0
81479,2007-02-20 00:33:58,121.438000,31.266100,  0, 22,0
81479,2007-02-20 00:36:00,121.438000,31.266100,  0, 22,0
81479,2007-02-20 00:37:01,121.438000,31.266100,  0, 22,0
81479,2007-02-20 00:39:03,121.438000,31.266100,  0, 22,0
81479,2007-02-20 00:40:04,121.438000,31.266100,  0, 22,0
81479,2007-02-20 00:41:05,121.438000,31.266100,  0, 22,0
81479,2007-02-20 00:42:06,121.438000,31.266100,  0, 22,0
81479,2007-02-20 00:43:07,121.438000,31.266100,  0, 22,0
81479,2007-02-20 00:44:08,121.438000,31.266100,  0, 22,0
81479,2007-02-20 00:45:09,121.438000,31.266100,  0, 22,0
81479,2007-02-20 00:46:10,121.438000,31.266100,  0, 22,0
81479,2007-02-20 00:47:11,121.438000,31.266100,  0, 22,0
81479,2007-02-20 00:48:12,121.438000,31.266100,  0, 22,0
81479,2007-02-20 00:49:13,121.438000,31.266100,  0, 22,0
81479,2007-02-20 00:50:14,121.438000,31.266100,  0, 22,0
81479,2007-02-20 00:52:16,121.438000,31.266100,  0, 22,0
81479,2007-02-20 00:53:17,121.438000,31.266100,  0, 22,0
81479,2007-02-20 00:54:19,121.438000,31.266100,  0, 22,0
81479,2007-02-20 00:55:19,121.438000,31.266100,  0, 22,0
81479,2007-02-20 00:56:20,121.438000,31.266100,  0, 22,0
81479,2007-02-20 00:57:22,121.438000,31.266100,  0, 22,0
81479,2007-02-20 00:58:23,121.438000,31.266100,  0, 22,0
81479,2007-02-20 00:59:24,121.438000,31.266100,  0, 22,0
81479,2007-02-20 01:01:25,121.438000,31.266100,  0, 22,0
81479,2007-02-20 01:02:27,121.438000,31.266100,  0, 22,0
81479,2007-02-20 01:03:28,121.438000,31.266100,  0, 22,0
81479,2007-02-20 01:05:29,121.438000,31.266100,  0, 22,0
81479,2007-02-20 01:06:30,121.438000,31.266100,  0, 22,0
81479,2007-02-20 01:07:31,121.438000,31.266100,  0, 22,0
81479,2007-02-20 01:08:33,121.438000,31.266100,  0, 22,0
81479,2007-02-20 01:09:34,121.438000,31.266100,  0, 22,0
81479,2007-02-20 01:10:35,121.438000,31.266100,  0, 22,0
81479,2007-02-20 01:11:35,121.438000,31.266100,  0, 22,0
81479,2007-02-20 01:12:36,121.438000,31.266100,  0, 22,0
81479,2007-02-20 01:13:38,121.438000,31.266100,  0, 22,0
81479,2007-02-20 01:14:39,121.438000,31.266100,  0, 22,0
81479,2007-02-20 01:15:39,121.438000,31.266100,  0, 22,0
81479,2007-02-20 01:16:40,121.438000,31.266100,  0, 22,0
81479,2007-02-20 01:17:41,121.438000,31.266100,  0, 22,0
81479,2007-02-20 01:18:43,121.438000,31.266100,  0, 22,0
81479,2007-02-20 01:19:44,121.438000,31.266100,  0, 22,0
81479,2007-02-20 01:20:45,121.438000,31.266100,  0, 22,0
81479,2007-02-20 01:21:37,121.438000,31.266100,  0, 22,1
81479,2007-02-20 01:21:51,121.438000,31.266100,  0, 22,0
81479,2007-02-20 01:22:52,121.438000,31.266100,  0, 22,0
81479,2007-02-20 01:23:53,121.438000,31.266100,  0, 22,0
81479,2007-02-20 01:24:54,121.438000,31.266100,  0, 22,0
81479,2007-02-20 01:25:54,121.438000,31.266100,  0, 22,0
81479,2007-02-20 01:26:55,121.438000,31.266100,  0, 22,0
81479,2007-02-20 01:27:56,121.438000,31.266100,  0, 22,0
81479,2007-02-20 01:29:58,121.438000,31.266100,  0, 22,0
81479,2007-02-20 01:30:59,121.438000,31.266100,  0, 22,0
81479,2007-02-20 01:31:59,121.438000,31.266100,  0, 22,0
81479,2007-02-20 01:33:00,121.438000,31.266100,  0, 22,0
81479,2007-02-20 01:34:02,121.438000,31.266100,  0, 22,0
81479,2007-02-20 01:35:03,121.438000,31.266100,  0, 22,0
81479,2007-02-20 01:36:04,121.438000,31.266100,  0, 22,0
81479,2007-02-20 01:37:04,121.438000,31.266100,  0, 22,0
81479,2007-02-20 01:39:07,121.438000,31.266100,  0, 22,0
81479,2007-02-20 01:40:08,121.438000,31.266100,  0, 22,0
81479,2007-02-20 01:41:09,121.438000,31.266100,  0, 22,0
81479,2007-02-20 01:42:09,121.438000,31.266100,  0, 22,0
81479,2007-02-20 01:43:11,121.438000,31.266100,  0, 22,0
81479,2007-02-20 01:44:12,121.438000,31.266100,  0, 22,0
81479,2007-02-20 01:45:13,121.438000,31.266100,  0, 22,0
81479,2007-02-20 01:46:14,121.438000,31.266100,  0, 22,0
81479,2007-02-20 01:47:14,121.438000,31.266100,  0, 22,0
81479,2007-02-20 01:48:15,121.438000,31.266100,  0, 22,0
81479,2007-02-20 01:49:16,121.438000,31.266100,  0, 22,0
81479,2007-02-20 01:50:17,121.438000,31.266100,  0, 22,0
81479,2007-02-20 01:51:18,121.438000,31.266100,  0, 22,0
81479,2007-02-20 01:52:19,121.438000,31.266100,  0, 22,0
81479,2007-02-20 01:53:20,121.438000,31.266100,  0, 22,0
81479,2007-02-20 01:54:21,121.438000,31.266100,  0, 22,0
81479,2007-02-20 01:55:22,121.438000,31.266100,  0, 22,0
81479,2007-02-20 01:56:23,121.438000,31.266100,  0, 22,0
81479,2007-02-20 01:57:24,121.438000,31.266100,  0, 22,0
81479,2007-02-20 01:58:25,121.438000,31.266100,  0, 22,0
81479,2007-02-20 01:59:26,121.438000,31.266100,  0, 22,0
81479,2007-02-20 02:00:27,121.438000,31.266100,  0, 22,0
81479,2007-02-20 02:01:28,121.438000,31.266100,  0, 22,0
81479,2007-02-20 02:02:29,121.438000,31.266100,  0, 22,0
81479,2007-02-20 02:03:30,121.438000,31.266100,  0, 22,0
81479,2007-02-20 02:04:31,121.438000,31.266100,  0, 22,0
81479,2007-02-20 02:05:32,121.438000,31.266100,  0, 22,0
81479,2007-02-20 02:06:33,121.438000,31.266100,  0, 22,0
81479,2007-02-20 02:07:34,121.438000,31.266100,  0,157,0
81479,2007-02-20 02:08:35,121.438000,31.266100,  0,157,0
81479,2007-02-20 02:09:36,121.438000,31.266100,  0,157,0
81479,2007-02-20 02:10:37,121.438000,31.266100,  0,157,0
81479,2007-02-20 02:11:38,121.438000,31.266100,  0,157,0
81479,2007-02-20 02:12:39,121.438000,31.266100,  0,157,0
81479,2007-02-20 02:13:40,121.438000,31.266100,  0,157,0
81479,2007-02-20 02:14:41,121.438000,31.266100,  0,157,0
81479,2007-02-20 02:15:42,121.438000,31.266100,  0,157,0
81479,2007-02-20 02:16:43,121.438000,31.266100,  0,157,0
81479,2007-02-20 02:17:44,121.438000,31.266100,  0,157,0
81479,2007-02-20 02:18:45,121.438000,31.266100,  0,157,0
81479,2007-02-20 02:19:46,121.438000,31.266100,  0,157,0
81479,2007-02-20 02:20:47,121.438000,31.266100,  0,157,0
81479,2007-02-20 02:21:48,121.438000,31.266100,  0,157,0
81479,2007-02-20 02:22:49,121.438000,31.266100,  0,157,0
81479,2007-02-20 02:23:50,121.438000,31.266100,  0,157,0
81479,2007-02-20 02:25:52,121.438000,31.266100,  0,157,0
81479,2007-02-20 02:26:53,121.438000,31.266100,  0,157,0
81479,2007-02-20 02:27:54,121.438000,31.266100,  0,157,0
81479,2007-02-20 02:28:55,121.438000,31.266100,  0,157,0
81479,2007-02-20 02:29:56,121.438000,31.266100,  0,157,0
81479,2007-02-20 02:30:57,121.438000,31.266100,  0,157,0
81479,2007-02-20 02:31:58,121.438000,31.266100,  0,157,0
81479,2007-02-20 02:32:59,121.438000,31.266100,  0,157,0
81479,2007-02-20 02:34:00,121.438000,31.266100,  0,157,0
81479,2007-02-20 02:35:01,121.438000,31.266100,  0,157,0
81479,2007-02-20 02:36:02,121.438000,31.266100,  0,157,0
81479,2007-02-20 02:37:03,121.438000,31.266100,  0,157,0
81479,2007-02-20 02:38:04,121.438000,31.266100,  0,157,0
81479,2007-02-20 02:40:06,121.438000,31.266100,  0,157,0
81479,2007-02-20 02:41:07,121.438000,31.266100,  0,157,0
81479,2007-02-20 02:42:08,121.438000,31.266100,  0,157,0
81479,2007-02-20 02:43:09,121.438000,31.266100,  0,157,0
81479,2007-02-20 02:44:10,121.438000,31.266100,  0,157,0
81479,2007-02-20 02:45:11,121.438000,31.266100,  0,157,0
81479,2007-02-20 02:46:12,121.438000,31.266100,  0,157,0
81479,2007-02-20 02:47:00,121.438000,31.266100,  0,157,0
81479,2007-02-20 02:47:14,121.438000,31.266100,  0, 22,0
81479,2007-02-20 02:49:36,121.435300,31.269300, 44, 45,0
81479,2007-02-20 02:49:52,121.437100,31.269500, 42, 67,0
81479,2007-02-20 02:50:08,121.438800,31.267800, 54, 67,0
81479,2007-02-20 02:51:09,121.439300,31.267300,  0, 67,0
81479,2007-02-20 02:51:34,121.440000,31.266500, 60, 67,0
81479,2007-02-20 02:51:49,121.440800,31.265300,  0, 67,0
81479,2007-02-20 02:52:13,121.441500,31.264500, 58, 67,0
81479,2007-02-20 02:52:29,121.442300,31.263300,  0, 67,0
81479,2007-02-20 02:52:49,121.442800,31.262500, 62, 67,0
81479,2007-02-20 02:53:06,121.444600,31.260100, 46, 67,0
81479,2007-02-20 02:53:22,121.446500,31.260100, 66, 45,0
81479,2007-02-20 02:53:38,121.449500,31.261000, 64, 45,0
81479,2007-02-20 02:53:54,121.450000,31.260300, 46, 90,0
81479,2007-02-20 02:54:09,121.450800,31.258500, 36, 67,0
81479,2007-02-20 02:54:44,121.451600,31.257800, 60, 67,0
81479,2007-02-20 02:54:59,121.453500,31.255800, 50, 67,0
81479,2007-02-20 02:55:16,121.454100,31.255000, 18,135,0
81479,2007-02-20 02:55:32,121.452100,31.255300, 58,135,0
81479,2007-02-20 02:55:48,121.449800,31.255600, 48,135,0
81479,2007-02-20 02:56:49,121.449100,31.255800,  0,135,0
81479,2007-02-20 02:57:44,121.448300,31.256600, 40,157,0
81479,2007-02-20 02:58:37,121.447300,31.257100, 32,112,0
81479,2007-02-20 02:58:53,121.446000,31.256800, 54,135,0
81479,2007-02-20 02:59:09,121.443600,31.256800, 30,135,0
81479,2007-02-20 02:59:24,121.443300,31.255600, 32, 90,0
81479,2007-02-20 02:59:41,121.441500,31.256100, 60,157,0
81479,2007-02-20 02:59:57,121.438600,31.257100, 82,157,0
81479,2007-02-20 03:00:29,121.432500,31.258600, 80,135,0
81479,2007-02-20 03:00:44,121.429300,31.259300, 76,135,0
81479,2007-02-20 03:01:01,121.426500,31.259800, 22,135,0
81479,2007-02-20 03:01:34,121.426300,31.260600, 24,  0,0
81479,2007-02-20 03:01:49,121.426300,31.261600, 26,157,0
81479,2007-02-20 03:02:51,121.425600,31.261600,  0, 45,0
81479,2007-02-20 03:03:52,121.425600,31.261600,  0, 45,0
81479,2007-02-20 03:04:53,121.425600,31.261600,  0, 45,0
81479,2007-02-20 03:05:54,121.426000,31.261500, 34, 45,0
81479,2007-02-20 03:06:09,121.428300,31.261300, 64, 45,0
81479,2007-02-20 03:06:26,121.430100,31.261600,  0, 45,0
81479,2007-02-20 03:06:42,121.431100,31.262100, 54, 22,0
81479,2007-02-20 03:06:58,121.433500,31.263500, 38, 22,0
81479,2007-02-20 03:07:14,121.432600,31.265000, 54,157,0
81479,2007-02-20 03:07:29,121.433000,31.265600, 40, 22,0
81479,2007-02-20 03:07:46,121.434600,31.266800, 46, 22,0
81479,2007-02-20 03:08:02,121.435100,31.268300, 16,  0,0
81479,2007-02-20 03:10:41,121.435600,31.267800,  0,157,0
81479,2007-02-20 03:11:42,121.435600,31.267800,  0,157,0
81479,2007-02-20 03:12:43,121.435600,31.267800,  0,157,0
81479,2007-02-20 03:13:44,121.435600,31.267800,  0,157,0
81479,2007-02-20 03:14:44,121.435600,31.267800,  0,157,0
81479,2007-02-20 03:15:46,121.435600,31.267800,  0,157,0
81479,2007-02-20 03:16:47,121.435600,31.267800,  0,157,0
81479,2007-02-20 03:17:48,121.435600,31.267800,  0,157,0
81479,2007-02-20 03:18:49,121.435600,31.267800,  0,157,0
81479,2007-02-20 03:19:49,121.435600,31.267800,  0,157,0
81479,2007-02-20 03:20:51,121.435600,31.267800,  0,157,0
81479,2007-02-20 03:21:52,121.435600,31.267800,  0,157,0
81479,2007-02-20 03:22:53,121.435600,31.267800,  0,157,0
81479,2007-02-20 03:24:54,121.435600,31.267800,  0,157,0
81479,2007-02-20 03:25:56,121.435600,31.267800,  0,157,0
81479,2007-02-20 03:26:57,121.435600,31.267800,  0,157,0
81479,2007-02-20 03:27:58,121.435600,31.267800,  0,157,0
81479,2007-02-20 03:28:59,121.435600,31.267800,  0,157,0
81479,2007-02-20 03:29:59,121.435600,31.267800,  0,157,0
81479,2007-02-20 03:31:00,121.435600,31.267800,  0,157,0
81479,2007-02-20 03:32:01,121.435600,31.267800,  0,157,0
81479,2007-02-20 03:33:02,121.435600,31.267800,  0,157,0
81479,2007-02-20 03:34:03,121.435600,31.267800,  0,157,0
81479,2007-02-20 03:35:04,121.435600,31.267800,  0,157,0
81479,2007-02-20 03:36:05,121.435600,31.267800,  0,157,0
81479,2007-02-20 03:37:06,121.435600,31.267800,  0,157,0
81479,2007-02-20 03:39:08,121.435600,31.267800,  0,157,0
81479,2007-02-20 03:40:09,121.435600,31.267800,  0,157,0
81479,2007-02-20 03:41:10,121.435600,31.267800,  0,157,0
81479,2007-02-20 03:43:12,121.435600,31.267800,  0,157,0
81479,2007-02-20 03:44:13,121.435600,31.267800,  0,157,0
81479,2007-02-20 03:45:14,121.435600,31.267800,  0,157,0
81479,2007-02-20 03:46:15,121.435600,31.267800,  0,157,0
81479,2007-02-20 03:47:16,121.435600,31.267800,  0,157,0
81479,2007-02-20 03:48:17,121.435600,31.267800,  0,157,0
81479,2007-02-20 03:49:18,121.435600,31.267800,  0,157,0
81479,2007-02-20 03:50:19,121.435600,31.267800,  0,157,0
81479,2007-02-20 03:51:20,121.435600,31.267800,  0,157,0
81479,2007-02-20 03:52:21,121.435600,31.267800,  0,157,0
81479,2007-02-20 03:53:22,121.435600,31.267800,  0,157,0
81479,2007-02-20 03:54:23,121.435600,31.267800,  0,157,0
81479,2007-02-20 03:55:24,121.435600,31.267800,  0,157,0
81479,2007-02-20 03:56:25,121.435600,31.267800,  0,157,0
81479,2007-02-20 03:58:27,121.435600,31.267800,  0,157,0
81479,2007-02-20 03:59:28,121.435600,31.267800,  0,157,0
81479,2007-02-20 04:00:29,121.435600,31.268000, 20,157,0
81479,2007-02-20 04:01:01,121.433500,31.269000, 48,135,0
81479,2007-02-20 04:01:17,121.431100,31.268500, 28,135,0
81479,2007-02-20 04:01:33,121.431000,31.269800, 42,  0,0
81479,2007-02-20 04:01:50,121.431800,31.269800, 32, 45,0
81479,2007-02-20 04:02:47,121.432500,31.270300, 12,112,0
81479,2007-02-20 04:03:07,121.431600,31.270000, 32,157,0
81479,2007-02-20 04:03:25,121.430800,31.269500, 42, 90,0
81479,2007-02-20 04:03:41,121.431100,31.267600, 56, 90,0
81479,2007-02-20 04:03:57,121.432000,31.265800, 48, 67,0
81479,2007-02-20 04:04:13,121.433000,31.264100, 48, 67,0
81479,2007-02-20 04:04:45,121.434500,31.261800, 20,112,0
81479,2007-02-20 04:05:46,121.434000,31.261600, 26,112,0
81479,2007-02-20 04:06:02,121.432500,31.260800, 16,112,0
81479,2007-02-20 04:07:41,121.437300,31.265800, 66, 22,1
81479,2007-02-20 04:08:42,121.440000,31.267500, 42, 22,1
81479,2007-02-20 04:09:43,121.443500,31.272800, 64,157,1
81479,2007-02-20 04:10:44,121.448600,31.277600, 68, 22,1
81479,2007-02-20 04:12:32,121.449600,31.278100, 36,112,0
81479,2007-02-20 04:12:48,121.448500,31.277600,  0,112,0
81479,2007-02-20 04:13:49,121.448300,31.277600, 18,112,0
81479,2007-02-20 04:14:05,121.448600,31.276100, 50, 67,0
81479,2007-02-20 04:14:37,121.450300,31.273300, 28, 90,0
81479,2007-02-20 04:14:53,121.449000,31.272600, 48,135,0
81479,2007-02-20 04:15:09,121.446800,31.271600, 58,112,0
81479,2007-02-20 04:15:25,121.445300,31.271000,  0,112,0
81479,2007-02-20 04:15:43,121.444500,31.270500, 46,112,0
81479,2007-02-20 04:15:59,121.442600,31.269300, 60,112,0
81479,2007-02-20 04:16:18,121.440000,31.267600, 42,112,0
81479,2007-02-20 04:17:16,121.439500,31.267300,  0,112,0
81479,2007-02-20 04:17:49,121.440000,31.266500, 54, 67,0
81479,2007-02-20 04:18:05,121.440800,31.265300,  0, 67,0
81479,2007-02-20 04:19:08,121.442300,31.263000, 28,112,0
81479,2007-02-20 04:19:24,121.440500,31.262300, 48,112,0
81479,2007-02-20 04:19:40,121.439300,31.261800, 16,157,0
81479,2007-02-20 04:19:56,121.438600,31.263100, 34,157,0
81479,2007-02-20 04:20:12,121.438100,31.264000, 16,112,0
81479,2007-02-20 04:21:25,121.435300,31.261300, 36, 67,0
81479,2007-02-20 04:21:56,121.435600,31.260300, 14, 90,0
81479,2007-02-20 04:22:12,121.436000,31.259300, 34, 90,0
81479,2007-02-20 04:22:28,121.436100,31.258100,  0, 90,0
81479,2007-02-20 04:22:59,121.435000,31.258100, 56,135,0
81479,2007-02-20 04:23:15,121.432300,31.258600, 46,135,0
81479,2007-02-20 04:23:31,121.431500,31.259100, 30,  0,0
81479,2007-02-20 04:24:32,121.431500,31.259800,  0,  0,0
81479,2007-02-20 04:26:34,121.431500,31.259800,  0,  0,0
81479,2007-02-20 04:27:35,121.431500,31.259800,  0,  0,0
81479,2007-02-20 04:28:36,121.431500,31.259800,  0,  0,0
81479,2007-02-20 04:29:37,121.431500,31.259800,  0,  0,0
81479,2007-02-20 04:30:38,121.431500,31.259800,  0,  0,0
81479,2007-02-20 04:31:39,121.431500,31.259800,  0,  0,0
81479,2007-02-20 04:32:40,121.431500,31.259800,  0,  0,0
81479,2007-02-20 04:33:41,121.431500,31.259800,  0,  0,0
81479,2007-02-20 04:34:42,121.431500,31.259800,  0,  0,0
81479,2007-02-20 04:35:43,121.431500,31.259800,  0,  0,0
81479,2007-02-20 04:36:44,121.431500,31.259800,  0,  0,0
81479,2007-02-20 04:37:45,121.431500,31.259800,  0,  0,0
81479,2007-02-20 04:38:46,121.431500,31.259800,  0,  0,0
81479,2007-02-20 04:39:47,121.431500,31.259800,  0,  0,0
81479,2007-02-20 04:40:48,121.431500,31.259800,  0,  0,0
81479,2007-02-20 04:41:49,121.431500,31.259800,  0,  0,0
81479,2007-02-20 04:42:50,121.431500,31.259800,  0,  0,0
81479,2007-02-20 04:43:51,121.431500,31.259800,  0,  0,0
81479,2007-02-20 04:44:52,121.431500,31.259800,  0,  0,0
81479,2007-02-20 04:45:53,121.431500,31.259800,  0,  0,0
81479,2007-02-20 04:46:54,121.431500,31.259800,  0,  0,0
81479,2007-02-20 04:47:55,121.431500,31.259800,  0,  0,0
81479,2007-02-20 04:48:56,121.431500,31.259800,  0,  0,0
81479,2007-02-20 04:49:57,121.431500,31.259800,  0,  0,0
81479,2007-02-20 04:50:58,121.431500,31.259800,  0,  0,0
81479,2007-02-20 04:51:59,121.431500,31.259800,  0,  0,0
81479,2007-02-20 04:53:00,121.431500,31.259800,  0,  0,0
81479,2007-02-20 04:53:23,121.432100,31.260600, 36, 22,0
81479,2007-02-20 04:54:24,121.433000,31.261000,  0, 22,0
81479,2007-02-20 04:55:25,121.433000,31.261000,  0, 22,0
81479,2007-02-20 04:56:26,121.433000,31.261000,  0, 22,0
81479,2007-02-20 04:57:27,121.433000,31.261000,  0, 22,0
81479,2007-02-20 04:58:28,121.433000,31.260800,  0, 22,0
81479,2007-02-20 05:00:30,121.433000,31.261000,  0, 22,0
81479,2007-02-20 05:01:31,121.433000,31.261000,  0, 22,0
81479,2007-02-20 05:02:32,121.433000,31.261000,  0, 22,0
81479,2007-02-20 05:03:33,121.433000,31.261000,  0, 22,0
81479,2007-02-20 05:04:34,121.433000,31.261000,  0, 22,0
81479,2007-02-20 05:05:35,121.433000,31.261000,  0, 22,0
81479,2007-02-20 05:06:36,121.433000,31.261000,  0, 22,0
81479,2007-02-20 05:07:37,121.433000,31.261000,  0, 22,0
81479,2007-02-20 05:08:38,121.433000,31.261000,  0, 22,0
81479,2007-02-20 05:09:39,121.433000,31.261000,  0, 22,0
81479,2007-02-20 05:10:40,121.433000,31.261000,  0, 22,0
81479,2007-02-20 05:11:41,121.433000,31.261000,  0, 22,0
81479,2007-02-20 05:12:42,121.433000,31.261000,  0, 22,0
81479,2007-02-20 05:13:43,121.433000,31.261000,  0, 22,0
81479,2007-02-20 05:14:44,121.433000,31.261000,  0, 22,0
81479,2007-02-20 05:15:45,121.433000,31.261000,  0, 22,0
81479,2007-02-20 05:16:46,121.433000,31.261000,  0, 22,0
81479,2007-02-20 05:17:47,121.433600,31.261300, 36, 22,0
81479,2007-02-20 05:18:03,121.435000,31.261600, 40, 67,0
81479,2007-02-20 05:18:19,121.435800,31.259800, 54, 90,0
81479,2007-02-20 05:18:35,121.436100,31.258100, 10, 90,0
81479,2007-02-20 05:19:36,121.436100,31.258100,  0, 90,0
81479,2007-02-20 05:20:00,121.437000,31.257500, 48, 45,0
81479,2007-02-20 05:20:16,121.440100,31.256600, 70, 45,0
81479,2007-02-20 05:20:48,121.445300,31.254600, 54, 67,0
81479,2007-02-20 05:21:04,121.447500,31.254500, 60, 45,0
81479,2007-02-20 05:21:20,121.450100,31.254300, 28, 45,0
81479,2007-02-20 05:23:09,121.450800,31.252800,  0,112,0
81479,2007-02-20 05:24:10,121.450800,31.252800,  0,112,0
81479,2007-02-20 05:25:11,121.450800,31.252800,  0,112,0
81479,2007-02-20 05:26:12,121.450800,31.252800,  0,112,0
81479,2007-02-20 05:27:13,121.450800,31.252800,  0,112,0
81479,2007-02-20 05:29:15,121.450800,31.252800,  0,112,0
81479,2007-02-20 05:30:16,121.450800,31.252800,  0,112,0
81479,2007-02-20 05:31:17,121.450800,31.252800,  0,112,0
81479,2007-02-20 05:32:18,121.450800,31.252800,  0,112,0
81479,2007-02-20 05:33:19,121.450800,31.252800,  0,112,0
81479,2007-02-20 05:34:20,121.450800,31.252800,  0,112,0
81479,2007-02-20 05:35:21,121.450800,31.252800,  0,112,0
81479,2007-02-20 05:36:37,121.450800,31.252800,  0,112,0
81479,2007-02-20 05:37:37,121.450800,31.252800,  0,112,0
81479,2007-02-20 05:38:38,121.450800,31.252800,  0,112,0
81479,2007-02-20 05:39:39,121.450800,31.252800,  0,112,0
81479,2007-02-20 05:40:40,121.450800,31.252800,  0,112,0
81479,2007-02-20 05:41:41,121.450800,31.252800,  0,112,0
81479,2007-02-20 05:42:42,121.450800,31.252800,  0,112,0
81479,2007-02-20 05:43:43,121.450800,31.252800,  0,112,0
81479,2007-02-20 05:45:45,121.450800,31.252800,  0,112,0
81479,2007-02-20 05:46:46,121.450800,31.252800,  0,112,0
81479,2007-02-20 05:48:48,121.450800,31.252800,  0,112,0
81479,2007-02-20 05:49:49,121.450800,31.252800,  0,112,0
81479,2007-02-20 05:50:50,121.450800,31.252800,  0,112,0
81479,2007-02-20 05:51:51,121.450800,31.252800,  0,112,0
81479,2007-02-20 05:52:52,121.450800,31.252800,  0,112,0
81479,2007-02-20 05:53:53,121.450800,31.252800,  0,112,0
81479,2007-02-20 05:54:54,121.450800,31.252800,  0,112,0
81479,2007-02-20 05:55:55,121.450800,31.252800,  0,112,0
81479,2007-02-20 05:56:56,121.450800,31.252800,  0,112,0
81479,2007-02-20 05:57:57,121.450800,31.252800,  0,112,0
81479,2007-02-20 05:58:58,121.450800,31.252800,  0,112,0
81479,2007-02-20 05:59:59,121.450800,31.252800,  0,112,0
81479,2007-02-20 06:01:00,121.450800,31.252800,  0,112,0
81479,2007-02-20 06:02:01,121.450800,31.252800,  0,112,0
81479,2007-02-20 06:03:02,121.450800,31.252800,  0,112,0
81479,2007-02-20 06:06:05,121.450800,31.252800,  0,112,0
81479,2007-02-20 06:07:06,121.450800,31.252800,  0,112,0
81479,2007-02-20 06:08:07,121.450800,31.252800,  0,112,0
81479,2007-02-20 06:09:08,121.450800,31.252800,  0,112,0
81479,2007-02-20 06:10:09,121.450800,31.252800,  0,112,0
81479,2007-02-20 06:11:10,121.450800,31.252600,  0, 90,0
81479,2007-02-20 06:12:11,121.450800,31.252600,  0, 90,0
81479,2007-02-20 06:13:12,121.450800,31.252600,  0, 90,0
81479,2007-02-20 06:14:13,121.450800,31.252600,  0, 90,0
81479,2007-02-20 06:15:14,121.450800,31.252600,  0, 90,0
81479,2007-02-20 06:16:15,121.450800,31.252600,  0, 90,0
81479,2007-02-20 06:17:16,121.450800,31.252600,  0, 90,0
81479,2007-02-20 06:18:17,121.450800,31.252600,  0, 90,0
81479,2007-02-20 06:19:18,121.450800,31.252600,  0, 90,0
81479,2007-02-20 06:20:19,121.450800,31.252600,  0, 90,0
81479,2007-02-20 06:21:20,121.450800,31.252600,  0, 90,0
81479,2007-02-20 06:22:21,121.450800,31.252600,  0, 90,0
81479,2007-02-20 06:23:22,121.450800,31.252600,  0, 90,0
81479,2007-02-20 06:25:24,121.450800,31.252600,  0, 90,0
81479,2007-02-20 06:25:35,121.450800,31.252600, 12,135,1
81479,2007-02-20 06:26:36,121.447000,31.254500,  0,157,1
81479,2007-02-20 06:27:37,121.448000,31.256800, 30,157,1
81479,2007-02-20 06:28:38,121.447600,31.257100,  0,135,1
81479,2007-02-20 06:29:39,121.447600,31.257100,  0,135,1
81479,2007-02-20 06:30:40,121.446500,31.252500, 74, 90,1
81479,2007-02-20 06:31:41,121.447100,31.248600, 46,112,1
81479,2007-02-20 06:32:42,121.440300,31.246300,  0,135,1
81479,2007-02-20 06:33:43,121.437800,31.245600, 72,112,1
81479,2007-02-20 06:34:44,121.434600,31.244100, 36,135,1
81479,2007-02-20 06:35:45,121.429500,31.246600, 28,112,1
81479,2007-02-20 06:36:46,121.426100,31.245300,  0,135,1
81479,2007-02-20 06:37:47,121.426100,31.245300,  0,135,1
81479,2007-02-20 06:38:48,121.425600,31.245500,  6, 67,1
81479,2007-02-20 06:40:26,121.431600,31.245600, 38, 67,0
81479,2007-02-20 06:40:42,121.432600,31.245500, 28, 22,0
81479,2007-02-20 06:40:58,121.434300,31.246600, 58, 22,0
81479,2007-02-20 06:41:14,121.435500,31.247600, 38, 22,0
81479,2007-02-20 06:41:30,121.436300,31.248600, 22,157,0
81479,2007-02-20 06:41:46,121.435000,31.250000, 54,157,0
81479,2007-02-20 06:42:02,121.432600,31.250500, 58,135,0
81479,2007-02-20 06:42:18,121.430600,31.251300, 56,157,0
81479,2007-02-20 06:42:34,121.428600,31.251300, 26,135,0
81479,2007-02-20 06:42:50,121.428600,31.252300, 36, 22,0
81479,2007-02-20 06:43:06,121.430300,31.253800, 62, 22,0
81479,2007-02-20 06:43:22,121.432000,31.255300, 36, 22,0
81479,2007-02-20 06:44:07,121.433100,31.255500, 54, 22,0
81479,2007-02-20 06:44:23,121.435600,31.257000, 82, 22,0
81479,2007-02-20 06:44:39,121.438600,31.258100, 76, 22,0
81479,2007-02-20 06:44:55,121.441300,31.259000, 54, 45,0
81479,2007-02-20 06:45:20,121.441800,31.258800, 22, 45,0
81479,2007-02-20 06:45:36,121.442800,31.258100, 48, 90,0
81479,2007-02-20 06:45:52,121.443300,31.256600, 20, 45,0
81479,2007-02-20 06:46:08,121.445100,31.256800, 46, 45,0
81479,2007-02-20 06:46:24,121.447000,31.256500, 20, 90,0
81479,2007-02-20 06:48:52,121.450600,31.254100, 10, 67,0
81479,2007-02-20 06:49:28,121.450800,31.253100, 16, 90,0
81479,2007-02-20 06:51:30,121.450800,31.253000,  0, 90,0
81479,2007-02-20 06:52:31,121.450800,31.253000,  0, 90,0
81479,2007-02-20 06:53:32,121.450800,31.252800,  0, 90,0
81479,2007-02-20 06:55:34,121.450800,31.252800,  0, 90,0
81479,2007-02-20 06:56:35,121.450800,31.252800,  0, 90,0
81479,2007-02-20 06:57:36,121.450800,31.252800,  0, 90,0
81479,2007-02-20 06:58:37,121.450800,31.252800,  0, 90,0
81479,2007-02-20 06:59:38,121.450800,31.252800,  0, 90,0
81479,2007-02-20 07:00:39,121.450800,31.252800,  0, 90,0
81479,2007-02-20 07:01:40,121.450800,31.252800,  0, 90,0
81479,2007-02-20 07:02:41,121.450800,31.252800,  0, 90,0
81479,2007-02-20 07:03:42,121.450800,31.252800,  0, 90,0
81479,2007-02-20 07:04:43,121.450800,31.252800,  0, 90,0
81479,2007-02-20 07:05:44,121.450800,31.252800,  0, 90,0
81479,2007-02-20 07:06:45,121.450800,31.252800,  0, 90,0
81479,2007-02-20 07:07:46,121.451000,31.253000,  0, 90,0
81479,2007-02-20 07:09:48,121.450800,31.252800,  0, 90,0
81479,2007-02-20 07:10:49,121.450800,31.252800,  0, 90,0
81479,2007-02-20 07:13:52,121.450800,31.252800,  0, 90,0
81479,2007-02-20 07:14:53,121.450800,31.252800,  0, 90,0
81479,2007-02-20 07:15:54,121.450800,31.252800,  0, 90,0
81479,2007-02-20 07:16:55,121.450800,31.252800,  0, 90,0
81479,2007-02-20 07:17:56,121.450800,31.252800,  0, 90,0
81479,2007-02-20 07:18:57,121.450800,31.253000,  0, 90,0
81479,2007-02-20 07:19:58,121.450800,31.253000,  0, 90,0
81479,2007-02-20 07:20:59,121.450800,31.253000,  0, 90,0
81479,2007-02-20 07:22:00,121.450800,31.253000,  0, 90,0
81479,2007-02-20 07:23:01,121.450800,31.253000,  0, 90,0
81479,2007-02-20 07:24:02,121.450800,31.253000,  0, 90,0
81479,2007-02-20 07:25:03,121.450800,31.253000,  0, 90,0
81479,2007-02-20 07:26:04,121.450800,31.253000,  0, 90,0
81479,2007-02-20 07:27:05,121.450800,31.253000,  0, 90,0
81479,2007-02-20 07:28:06,121.450800,31.253000,  0, 90,0
81479,2007-02-20 07:29:07,121.450800,31.253000,  0, 90,0
81479,2007-02-20 07:30:08,121.450800,31.253000,  0, 90,0
81479,2007-02-20 07:31:09,121.450800,31.252800,  0,112,0
81479,2007-02-20 07:32:10,121.450800,31.252800,  0,112,0
81479,2007-02-20 07:33:11,121.450800,31.252800,  0,112,0
81479,2007-02-20 07:34:12,121.450800,31.252800,  0,112,0
81479,2007-02-20 07:35:12,121.450800,31.252800,  0,112,0
81479,2007-02-20 07:36:13,121.450800,31.252800,  0,112,0
81479,2007-02-20 07:37:14,121.450800,31.252800,  0,112,0
81479,2007-02-20 07:38:16,121.450800,31.252800,  0,112,0
81479,2007-02-20 07:39:16,121.450800,31.252800,  0,112,0
81479,2007-02-20 07:40:17,121.450800,31.252800,  0,112,0
81479,2007-02-20 07:41:18,121.450800,31.252800,  0,112,0
81479,2007-02-20 07:42:19,121.450800,31.252800,  0,112,0
81479,2007-02-20 07:43:21,121.450800,31.252800,  0,112,0
81479,2007-02-20 07:44:21,121.450800,31.252800,  0,112,0
81479,2007-02-20 07:45:22,121.450800,31.252800,  0,112,0
81479,2007-02-20 07:46:11,121.450800,31.252800,  4,112,1
81479,2007-02-20 07:48:01,121.450300,31.254300, 24, 45,1
81479,2007-02-20 07:49:01,121.454300,31.254000, 40, 45,1
81479,2007-02-20 07:51:03,121.458100,31.252600,  0, 45,1
81479,2007-02-20 07:52:04,121.458100,31.252600,  0, 45,1
81479,2007-02-20 07:53:06,121.458000,31.248300, 58, 90,1
81479,2007-02-20 07:54:06,121.461300,31.236600, 90, 90,1
81479,2007-02-20 07:55:07,121.464100,31.226300, 82, 67,1
81479,2007-02-20 07:56:08,121.465500,31.224800,  0, 67,1
81479,2007-02-20 07:57:09,121.464500,31.222500, 78,112,1
81479,2007-02-20 07:57:47,121.460000,31.220800,  0,112,0
81479,2007-02-20 07:59:03,121.459600,31.220500, 14,112,0
81479,2007-02-20 07:59:22,121.459100,31.221800, 36,  0,0
81479,2007-02-20 08:00:23,121.458800,31.223000, 10,  0,0
81479,2007-02-20 08:00:39,121.458500,31.224300, 38,  0,0
81479,2007-02-20 08:00:56,121.458600,31.226000, 54,  0,0
81479,2007-02-20 08:01:11,121.458500,31.228000, 46,  0,0
81479,2007-02-20 08:01:27,121.458100,31.229300, 40,  0,0
81479,2007-02-20 08:01:43,121.457300,31.231100, 36,  0,0
81479,2007-02-20 08:01:59,121.457000,31.232600, 28,  0,0
81479,2007-02-20 08:02:16,121.457300,31.233500, 18,  0,0
81479,2007-02-20 08:03:17,121.457000,31.234300,  0,  0,0
81479,2007-02-20 08:04:11,121.456500,31.235300, 54,157,0
81479,2007-02-20 08:04:27,121.455500,31.237600, 66,157,0
81479,2007-02-20 08:04:57,121.452800,31.243100, 86,157,0
81479,2007-02-20 08:04:59,121.452600,31.243500, 84,157,0
81479,2007-02-20 08:05:15,121.451800,31.244500,  4,157,0
81479,2007-02-20 08:05:41,121.453100,31.244100, 50, 22,0
81479,2007-02-20 08:05:57,121.453500,31.245300, 48,157,0
81479,2007-02-20 08:06:13,121.452800,31.246800, 52,  0,0
81479,2007-02-20 08:06:29,121.453100,31.248000, 34, 22,0
81479,2007-02-20 08:06:45,121.455100,31.247600, 40, 45,0
81479,2007-02-20 08:07:01,121.457000,31.247000, 38, 67,0
81479,2007-02-20 08:07:17,121.458300,31.246500, 36, 22,0
81479,2007-02-20 08:07:33,121.458300,31.247800, 46,  0,0
81479,2007-02-20 08:07:49,121.458600,31.250000, 64,  0,0
81479,2007-02-20 08:08:06,121.459300,31.252600, 50,  0,0
81479,2007-02-20 08:08:21,121.459500,31.254100, 42,  0,0
81479,2007-02-20 08:09:03,121.459500,31.254300, 18,  0,0
81479,2007-02-20 08:09:26,121.459300,31.255300, 18,  0,0
81479,2007-02-20 08:10:27,121.458800,31.253100,  0,112,0
81479,2007-02-20 08:12:29,121.458800,31.253100,  0,112,0
81479,2007-02-20 08:13:26,121.453000,31.254300, 14,135,0
81479,2007-02-20 08:13:43,121.451800,31.254300, 20,135,0
81479,2007-02-20 08:14:07,121.450800,31.254100, 24, 90,0
81479,2007-02-20 08:15:09,121.450800,31.253600,  0, 90,0
81479,2007-02-20 08:16:10,121.450800,31.253600,  0, 90,0
81479,2007-02-20 08:17:10,121.450800,31.253500,  0, 90,0
81479,2007-02-20 08:18:12,121.450800,31.253500,  0, 90,0
81479,2007-02-20 08:19:13,121.450800,31.253500,  0, 90,0
81479,2007-02-20 08:20:14,121.450800,31.253500,  0, 90,0
81479,2007-02-20 08:21:15,121.451000,31.253500,  0, 90,0
81479,2007-02-20 08:22:15,121.451000,31.253500,  0, 90,0
81479,2007-02-20 08:23:17,121.451000,31.253500,  0, 90,0
81479,2007-02-20 08:24:18,121.451000,31.253500,  0, 90,0
81479,2007-02-20 08:25:19,121.451000,31.253300,  0, 90,0
81479,2007-02-20 08:26:20,121.451000,31.253300,  0, 90,0
81479,2007-02-20 08:27:20,121.451000,31.253300,  0, 90,0
81479,2007-02-20 08:28:22,121.451000,31.253300,  0, 90,0
81479,2007-02-20 08:29:23,121.451000,31.253300,  0, 90,0
81479,2007-02-20 08:30:24,121.451000,31.253300,  0, 90,0
81479,2007-02-20 08:32:25,121.451000,31.253100,  0, 90,0
81479,2007-02-20 08:33:27,121.451000,31.253100,  0, 90,0
81479,2007-02-20 08:34:28,121.451000,31.253100,  0, 90,0
81479,2007-02-20 08:35:29,121.451000,31.253100,  0, 90,0
81479,2007-02-20 08:36:30,121.451000,31.253100,  0, 90,0
81479,2007-02-20 08:37:30,121.451000,31.253100,  0, 90,0
81479,2007-02-20 08:38:32,121.451000,31.253100,  0, 90,0
81479,2007-02-20 08:39:33,121.451000,31.253100,  0, 90,0
81479,2007-02-20 08:40:34,121.451000,31.253100,  0, 90,0
81479,2007-02-20 08:41:35,121.451000,31.253100,  0, 90,0
81479,2007-02-20 08:42:35,121.451000,31.253100,  0, 90,0
81479,2007-02-20 08:43:37,121.451000,31.253100,  0, 90,0
81479,2007-02-20 08:44:38,121.451000,31.253100,  0, 90,0
81479,2007-02-20 08:45:39,121.451000,31.253100,  0, 90,0
81479,2007-02-20 08:46:40,121.451000,31.253100,  0, 90,0
81479,2007-02-20 08:47:40,121.451000,31.253100,  0, 90,0
81479,2007-02-20 08:48:42,121.451000,31.253100,  0, 90,0
81479,2007-02-20 08:49:42,121.451000,31.253100,  0, 90,0
81479,2007-02-20 08:50:43,121.451000,31.253100,  0, 90,0
81479,2007-02-20 08:51:44,121.451000,31.253000,  0, 90,0
81479,2007-02-20 08:52:44,121.451000,31.253000,  0, 90,0
81479,2007-02-20 08:53:46,121.451000,31.253000,  0, 90,0
81479,2007-02-20 08:54:47,121.451000,31.253000,  0, 90,0
81479,2007-02-20 08:55:48,121.451000,31.253000,  0,112,0
81479,2007-02-20 08:56:49,121.451000,31.253000,  0,112,0
81479,2007-02-20 08:57:49,121.451000,31.253000,  0,112,0
81479,2007-02-20 08:58:51,121.451000,31.253000,  0,112,0
81479,2007-02-20 08:59:52,121.451000,31.252800,  0, 90,0
81479,2007-02-20 09:01:54,121.451000,31.252800,  0, 90,0
81479,2007-02-20 09:02:54,121.451000,31.252800,  0, 90,0
81479,2007-02-20 09:03:56,121.451000,31.252800,  0, 90,0
81479,2007-02-20 09:04:57,121.451000,31.252800,  0, 90,0
81479,2007-02-20 09:05:58,121.451000,31.252800,  0, 90,0
81479,2007-02-20 09:06:59,121.451000,31.252800,  0, 90,0
81479,2007-02-20 09:07:59,121.451000,31.252800,  0, 90,0
81479,2007-02-20 09:09:01,121.451000,31.252800,  0, 90,0
81479,2007-02-20 09:10:02,121.451000,31.252800,  0, 90,0
81479,2007-02-20 09:11:03,121.450800,31.252800,  0,112,0
81479,2007-02-20 09:11:42,121.450800,31.252800,  8,112,1
81479,2007-02-20 09:12:43,121.447300,31.255500, 26,  0,1
81479,2007-02-20 09:13:44,121.447500,31.256600, 22,  0,1
81479,2007-02-20 09:14:44,121.445500,31.259600,  0,  0,1
81479,2007-02-20 09:15:46,121.445000,31.260000, 26,157,1
81479,2007-02-20 09:16:47,121.434000,31.256600,106,112,1
81479,2007-02-20 09:17:48,121.422600,31.247600, 76,112,1
81479,2007-02-20 09:18:49,121.415000,31.243800, 18,112,1
81479,2007-02-20 09:19:49,121.411500,31.241100, 28,112,1
81479,2007-02-20 09:20:51,121.414100,31.242600, 24, 22,1
81479,2007-02-20 09:21:52,121.415500,31.242600,  0, 45,1
81479,2007-02-20 09:22:53,121.417300,31.241100,  0, 67,1
81479,2007-02-20 09:23:53,121.421300,31.242800,  6, 22,1
81479,2007-02-20 09:24:25,121.422600,31.243500,  0, 67,0
81479,2007-02-20 09:24:41,121.422600,31.243500,  0, 67,0
81479,2007-02-20 09:25:36,121.421600,31.243100, 40,112,0
81479,2007-02-20 09:25:52,121.420100,31.242300, 46,112,0
81479,2007-02-20 09:26:08,121.419000,31.241600, 26,112,0
81479,2007-02-20 09:26:23,121.417800,31.241000, 24,135,0
81479,2007-02-20 09:26:39,121.416100,31.242300, 46,157,0
81479,2007-02-20 09:27:16,121.415300,31.243000, 18,157,0
81479,2007-02-20 09:28:17,121.415100,31.243300,  0,157,0
81479,2007-02-20 09:28:57,121.415100,31.243300,  8,157,1
81479,2007-02-20 09:29:57,121.414500,31.243500, 22,135,1
81479,2007-02-20 09:30:58,121.406300,31.234600, 96,112,1
81479,2007-02-20 09:31:59,121.406000,31.222300, 68, 90,1
81479,2007-02-20 09:33:00,121.407600,31.211100, 80, 90,1
81479,2007-02-20 09:34:02,121.409500,31.200300, 78, 67,1
81479,2007-02-20 09:35:02,121.415000,31.192800,  0, 67,1
81479,2007-02-20 09:36:03,121.414100,31.190100, 72,135,1
81479,2007-02-20 09:37:04,121.405300,31.187500, 56,135,1
81479,2007-02-20 09:38:05,121.399300,31.186300, 40,135,1
81479,2007-02-20 09:38:47,121.395000,31.184600,  0,112,0
81479,2007-02-20 09:39:02,121.395000,31.184600,  0,112,0
81479,2007-02-20 09:39:55,121.394000,31.184500, 20,112,0
81479,2007-02-20 09:40:15,121.393000,31.183800, 38,112,0
81479,2007-02-20 09:40:31,121.391000,31.183000, 42,112,0
81479,2007-02-20 09:40:47,121.390000,31.184000, 60,  0,0
81479,2007-02-20 09:41:19,121.388100,31.188600, 74,  0,0
81479,2007-02-20 09:41:35,121.387000,31.191300, 80,157,0
81479,2007-02-20 09:41:51,121.385300,31.193800, 70,157,0
81479,2007-02-20 09:42:07,121.383600,31.196300, 72,157,0
81479,2007-02-20 09:42:23,121.382800,31.197800,  0,157,0
81479,2007-02-20 09:43:25,121.377300,31.208300, 56,157,0
81479,2007-02-20 09:44:26,121.376500,31.209100,  0,157,0
81479,2007-02-20 09:45:27,121.376100,31.209500, 26,157,0
81479,2007-02-20 09:46:49,121.371800,31.216000, 44,  0,1
81479,2007-02-20 09:48:50,121.372000,31.225500, 96,  0,1
81479,2007-02-20 09:49:51,121.377600,31.236600, 84, 22,1
81479,2007-02-20 09:50:52,121.383800,31.247800, 56, 22,1
81479,2007-02-20 09:51:53,121.378100,31.250100, 78,135,1
81479,2007-02-20 09:52:54,121.362500,31.252500, 92,135,1
81479,2007-02-20 09:53:55,121.350300,31.253600, 30,135,1
81479,2007-02-20 09:54:56,121.349800,31.253600,  4, 45,1
81479,2007-02-20 09:55:57,121.349500,31.254800, 48,  0,1
81479,2007-02-20 09:56:58,121.350600,31.257500,  0,  0,1
81479,2007-02-20 09:57:59,121.350600,31.257500,  0,  0,1
81479,2007-02-20 09:59:00,121.350600,31.257500,  0,  0,1
81479,2007-02-20 10:00:01,121.350500,31.258000, 38,135,1
81479,2007-02-20 10:01:02,121.341300,31.261000, 44,135,1
81479,2007-02-20 10:02:03,121.334800,31.263000,  0,157,1
81479,2007-02-20 10:03:04,121.325800,31.265000, 66,135,1
81479,2007-02-20 10:04:05,121.319300,31.265800,  0,112,1
81479,2007-02-20 10:05:19,121.320500,31.265600,  0, 45,0
81479,2007-02-20 10:05:35,121.321800,31.265500, 58, 45,0
81479,2007-02-20 10:05:51,121.324500,31.265100, 66, 45,0
81479,2007-02-20 10:06:07,121.327300,31.265100, 66, 45,0
81479,2007-02-20 10:06:23,121.330600,31.264000, 74, 45,0
81479,2007-02-20 10:06:39,121.333500,31.263300, 50, 45,0
81479,2007-02-20 10:07:40,121.334000,31.263100,  0, 45,0
81479,2007-02-20 10:07:59,121.335100,31.262800, 40, 45,0
81479,2007-02-20 10:08:15,121.337600,31.262000, 74, 45,0
81479,2007-02-20 10:08:31,121.340500,31.261100, 60, 45,0
81479,2007-02-20 10:08:47,121.342300,31.260500, 18, 67,0
81479,2007-02-20 10:09:11,121.342500,31.260300, 18, 45,1
81479,2007-02-20 10:10:12,121.346500,31.259100, 70, 45,1
81479,2007-02-20 10:11:13,121.350000,31.258000, 32, 45,1
81479,2007-02-20 10:12:14,121.356500,31.256000, 42, 45,1
81479,2007-02-20 10:13:15,121.357500,31.253300, 56, 90,1
81479,2007-02-20 10:14:16,121.360800,31.251100, 46, 45,1
81479,2007-02-20 10:14:54,121.364600,31.250800,  0, 45,0
81479,2007-02-20 10:15:09,121.364600,31.250800,  0, 45,0
81479,2007-02-20 10:16:10,121.365100,31.250600,  0, 45,0
81479,2007-02-20 10:16:28,121.366300,31.250600, 36, 45,0
81479,2007-02-20 10:16:44,121.367300,31.252000, 58,  0,0
81479,2007-02-20 10:17:28,121.367600,31.253000, 18,  0,0
81479,2007-02-20 10:17:44,121.368100,31.254500, 52,  0,0
81479,2007-02-20 10:18:00,121.368800,31.256300, 46,  0,0
81479,2007-02-20 10:18:16,121.370100,31.256600, 40, 45,0
81479,2007-02-20 10:18:37,121.371100,31.256300, 32, 45,0
81479,2007-02-20 10:18:54,121.372300,31.256100, 42, 45,0
81479,2007-02-20 10:19:10,121.373500,31.256000, 20, 45,0
81479,2007-02-20 10:19:46,121.374600,31.255800, 30, 45,0
81479,2007-02-20 10:23:05,121.384600,31.261300, 38, 45,0
81479,2007-02-20 10:23:28,121.385800,31.261300, 48, 45,0
81479,2007-02-20 10:23:55,121.386800,31.261300, 30, 45,1
81479,2007-02-20 10:24:55,121.390500,31.261600, 36, 45,1
81479,2007-02-20 10:25:56,121.398000,31.263500, 40, 45,1
81479,2007-02-20 10:26:57,121.400500,31.258600, 20, 90,1
81479,2007-02-20 10:27:58,121.402500,31.253600,  0, 90,1
81479,2007-02-20 10:28:59,121.402300,31.252800, 20, 90,1
81479,2007-02-20 10:31:01,121.404000,31.247800,  0, 90,1
81479,2007-02-20 10:32:02,121.404000,31.247600,  6, 90,1
81479,2007-02-20 10:33:03,121.408100,31.247000,  0, 67,1
81479,2007-02-20 10:34:04,121.414100,31.243600, 32, 67,1
81479,2007-02-20 10:42:17,121.433100,31.227600,  8, 67,1
81479,2007-02-20 10:43:18,121.434500,31.227100,  8, 45,1
81479,2007-02-20 10:44:19,121.437100,31.226800, 54, 45,1
81479,2007-02-20 10:45:20,121.440100,31.225000,  0, 67,1
81479,2007-02-20 10:46:21,121.443800,31.226100, 44, 22,1
81479,2007-02-20 10:47:22,121.448800,31.228800, 32, 22,1
81479,2007-02-20 10:48:23,121.449000,31.229600,  0, 22,1
81479,2007-02-20 10:48:34,121.449000,31.229600,  0, 22,0
81479,2007-02-20 10:49:35,121.449300,31.229500,  8, 45,0
81479,2007-02-20 10:50:10,121.450800,31.229500, 24, 22,0
81479,2007-02-20 10:50:26,121.452300,31.230300, 52, 22,0
81479,2007-02-20 10:51:14,121.456000,31.232600,  6, 22,0
81479,2007-02-20 10:52:15,121.456000,31.232000,  0, 22,0
81479,2007-02-20 10:52:53,121.457100,31.232800,  8, 45,0
81479,2007-02-20 10:53:40,121.456500,31.235500, 36,157,0
81479,2007-02-20 10:53:56,121.455800,31.236600, 24,  0,0
81479,2007-02-20 10:54:57,121.455800,31.237100,  0, 22,0
81479,2007-02-20 10:55:35,121.455300,31.238100, 54,157,0
81479,2007-02-20 10:55:51,121.454300,31.240100, 60,  0,0
81479,2007-02-20 10:56:07,121.453100,31.242500, 54,  0,0
81479,2007-02-20 10:56:23,121.453500,31.243500, 36, 22,0
81479,2007-02-20 10:56:39,121.454600,31.244000, 14, 22,0
81479,2007-02-20 10:57:18,121.454000,31.245000, 20,157,0
81479,2007-02-20 10:57:54,121.453500,31.246100, 38, 45,0
81479,2007-02-20 10:58:10,121.455100,31.246000, 20, 67,0
81479,2007-02-20 10:59:10,121.453800,31.246300, 40,135,0
81479,2007-02-20 10:59:26,121.452600,31.246300, 10,  0,0
81479,2007-02-20 10:59:42,121.452600,31.247300, 22,  0,0
81479,2007-02-20 11:00:05,121.453600,31.247600, 32, 45,0
81479,2007-02-20 11:00:21,121.455100,31.247600, 34, 45,0
81479,2007-02-20 11:00:37,121.456800,31.247100, 34, 67,0
81479,2007-02-20 11:00:53,121.458300,31.246500, 38, 22,0
81479,2007-02-20 11:01:09,121.458300,31.247600, 46,  0,0
81479,2007-02-20 11:01:25,121.458500,31.249500, 54,  0,0
81479,2007-02-20 11:01:41,121.459000,31.251600, 44,  0,0
81479,2007-02-20 11:03:23,121.459800,31.253000, 18,  0,0
81479,2007-02-20 11:03:46,121.460300,31.254000, 18,  0,0
81479,2007-02-20 11:04:09,121.460800,31.255000, 18, 22,0
81479,2007-02-20 11:05:04,121.458000,31.254300, 34,135,0
81479,2007-02-20 11:05:20,121.456300,31.254100, 42,135,0
81479,2007-02-20 11:06:03,121.455100,31.254100, 20,135,1
81479,2007-02-20 11:07:03,121.454500,31.254100,  0,157,1
81479,2007-02-20 11:08:04,121.450800,31.254300, 20,135,1
81479,2007-02-20 11:08:47,121.449600,31.254500,  0,135,0
81479,2007-02-20 11:09:02,121.449600,31.254500,  0,135,0
81479,2007-02-20 11:09:19,121.448500,31.254500, 40,135,0
81479,2007-02-20 11:10:32,121.447100,31.254500, 16,135,1
81479,2007-02-20 11:11:32,121.443800,31.255300,  0,135,1
81479,2007-02-20 11:13:34,121.429300,31.259300, 62,135,1
81479,2007-02-20 11:14:35,121.425800,31.260000, 44,135,1
81479,2007-02-20 11:15:36,121.418500,31.261300, 52,135,1
81479,2007-02-20 11:16:37,121.416500,31.266500,  0,  0,1
81479,2007-02-20 11:17:38,121.414600,31.269800, 50,  0,1
81479,2007-02-20 11:18:39,121.416300,31.272100, 16, 45,1
81479,2007-02-20 11:19:40,121.419100,31.271500,  0, 67,1
81479,2007-02-20 11:20:41,121.418600,31.273600, 40,157,1
81479,2007-02-20 11:21:04,121.417600,31.274100,  0,157,0
81479,2007-02-20 11:21:58,121.416600,31.274100, 22,135,1
81479,2007-02-20 11:23:16,121.414500,31.269100, 36, 90,1
81479,2007-02-20 11:24:16,121.414000,31.267500,  0, 90,1
81479,2007-02-20 11:25:17,121.410800,31.265800,  0,  0,1
81479,2007-02-20 11:26:18,121.406500,31.267100, 34,157,1
81479,2007-02-20 11:27:19,121.406000,31.267600,  0,157,1
81479,2007-02-20 11:28:20,121.404600,31.262100, 52, 90,1
81479,2007-02-20 11:29:21,121.400600,31.260000,  0,135,1
81479,2007-02-20 11:30:22,121.400500,31.260000, 16,112,1
81479,2007-02-20 11:31:23,121.402500,31.253500,  0, 90,1
81479,2007-02-20 11:32:24,121.402500,31.252600, 24, 90,1
81479,2007-02-20 11:33:25,121.398300,31.250100, 44,135,1
81479,2007-02-20 11:34:26,121.397500,31.247000,  0, 90,1
81479,2007-02-20 11:35:27,121.397600,31.244300, 28, 90,1
81479,2007-02-20 11:36:28,121.398100,31.243000,  8, 67,1
81479,2007-02-20 11:36:39,121.398300,31.242800,  0, 67,0
81479,2007-02-20 11:37:25,121.398800,31.242500, 22, 67,1
81479,2007-02-20 11:38:26,121.401500,31.240500,  0, 67,1
81479,2007-02-20 11:42:58,121.400600,31.233500, 48, 45,1
81479,2007-02-20 11:43:59,121.405500,31.231000, 44, 90,1
81479,2007-02-20 11:50:19,121.401500,31.207300,  0, 90,1
81479,2007-02-20 11:51:00,121.402800,31.206500,  0, 67,0
81479,2007-02-20 11:51:16,121.402800,31.206500,  0, 67,0
81479,2007-02-20 11:51:40,121.403000,31.206300, 24, 45,1
81479,2007-02-20 11:52:41,121.403800,31.206000,  0, 45,1
81479,2007-02-20 11:53:42,121.406600,31.206500, 52, 45,1
81479,2007-02-20 11:54:42,121.411500,31.207000,  0, 45,1
81479,2007-02-20 11:55:43,121.411500,31.207000,  0, 45,1
81479,2007-02-20 11:56:44,121.411500,31.207000,  0, 45,1
81479,2007-02-20 11:57:45,121.425100,31.204000,  0, 45,1
81479,2007-02-20 11:58:53,121.425100,31.204000,  0, 45,0
81479,2007-02-20 11:59:54,121.427100,31.206500,  0, 45,0
81479,2007-02-20 12:00:55,121.426800,31.206600,  0, 45,0
81479,2007-02-20 12:01:56,121.426500,31.206800,  0, 45,0
81479,2007-02-20 12:02:57,121.424600,31.208500,  0, 45,0
81479,2007-02-20 12:03:34,121.424600,31.210800, 44,  0,0
81479,2007-02-20 12:04:06,121.425800,31.213800, 38, 22,0
81479,2007-02-20 12:04:22,121.427300,31.214800, 54, 45,0
81479,2007-02-20 12:04:38,121.429600,31.216600, 62, 22,0
81479,2007-02-20 12:04:53,121.431600,31.218300, 60, 22,0
81479,2007-02-20 12:05:10,121.432800,31.219100,  0, 22,0
81479,2007-02-20 12:06:10,121.432800,31.219100,  0, 22,0
81479,2007-02-20 12:07:11,121.432800,31.219100,  0, 22,0
81479,2007-02-20 12:07:28,121.432800,31.219100,  0, 22,1
81479,2007-02-20 12:08:29,121.423600,31.225500, 36,157,1
81479,2007-02-20 12:09:29,121.420100,31.223300, 66,112,1
81479,2007-02-20 12:33:23,121.431000,31.271000, 14,  0,0
81479,2007-02-20 12:34:24,121.431300,31.270500,  0,157,0
81479,2007-02-20 12:35:24,121.431300,31.270500,  0,157,0
81479,2007-02-20 12:36:25,121.431300,31.270500,  0,157,0
81479,2007-02-20 12:37:26,121.431300,31.270500,  0,157,0
81479,2007-02-20 12:38:27,121.431300,31.270500,  0,157,0
81479,2007-02-20 12:39:28,121.431300,31.270500,  0,157,0
81479,2007-02-20 12:40:29,121.431300,31.270500,  0,157,0
81479,2007-02-20 12:41:30,121.431300,31.270500,  0,157,0
81479,2007-02-20 12:42:31,121.431300,31.270500,  0,157,0
81479,2007-02-20 12:43:32,121.431300,31.270500,  0,157,0
81479,2007-02-20 12:44:33,121.431300,31.270500,  0,157,0
81479,2007-02-20 12:45:34,121.431300,31.270500,  0,157,0
81479,2007-02-20 12:46:35,121.431300,31.270500,  0,157,0
81479,2007-02-20 12:47:36,121.431300,31.270500,  0,157,0
81479,2007-02-20 12:48:37,121.431300,31.270500,  0,157,0
81479,2007-02-20 12:50:39,121.431500,31.270600,  0,157,0
81479,2007-02-20 12:51:40,121.431300,31.270600,  0,157,0
81479,2007-02-20 12:52:41,121.431000,31.270500,  0,157,0
81479,2007-02-20 12:53:42,121.431600,31.270000, 28, 67,0
81479,2007-02-20 12:54:16,121.432300,31.270000, 14, 90,0
81479,2007-02-20 12:55:17,121.430100,31.268500, 26,135,0
81479,2007-02-20 12:55:49,121.429100,31.268100,  8,135,0
81479,2007-02-20 12:56:11,121.428500,31.267500, 52, 90,0
81479,2007-02-20 12:56:27,121.429000,31.265600, 20, 90,0
81479,2007-02-20 12:56:47,121.428500,31.265000, 38,112,0
81479,2007-02-20 12:57:03,121.426800,31.264300, 36,135,0
81479,2007-02-20 12:57:40,121.426100,31.263500, 20, 90,0
81479,2007-02-20 12:58:47,121.425600,31.261600,  4,135,0
81479,2007-02-20 12:59:48,121.425600,31.261500,  0,135,0
81479,2007-02-20 13:00:49,121.425600,31.261500,  0,135,0
81479,2007-02-20 13:01:50,121.425600,31.261500,  0,135,0
81479,2007-02-20 13:02:51,121.425300,31.261800,  0,135,0
81479,2007-02-20 13:03:41,121.426300,31.261500, 20, 45,0
81479,2007-02-20 13:03:58,121.427600,31.261500, 32, 45,0
81479,2007-02-20 13:04:14,121.429600,31.261500, 56, 45,0
81479,2007-02-20 13:04:30,121.432000,31.262500, 60, 22,0
81479,2007-02-20 13:04:47,121.433300,31.263500,  0, 22,0
81479,2007-02-20 13:05:03,121.434300,31.264000, 42, 22,0
81479,2007-02-20 13:05:19,121.435800,31.265000, 46, 22,0
81479,2007-02-20 13:05:35,121.437600,31.266000, 42, 22,0
81479,2007-02-20 13:06:36,121.438100,31.266500,  0,157,0
81479,2007-02-20 13:07:24,121.438300,31.267500, 10,  0,0
81479,2007-02-20 13:08:25,121.438600,31.267800,  0, 22,0
81479,2007-02-20 13:09:26,121.438600,31.267800,  0, 22,0
81479,2007-02-20 13:10:27,121.438600,31.267800,  0, 22,0
81479,2007-02-20 13:11:28,121.438600,31.267800,  0, 22,0
81479,2007-02-20 13:12:29,121.438600,31.267800,  0, 22,0
81479,2007-02-20 13:13:30,121.438600,31.267800,  0, 22,0
81479,2007-02-20 13:15:32,121.438600,31.267800,  0, 22,0
81479,2007-02-20 13:16:33,121.438600,31.267800,  0, 22,0
81479,2007-02-20 13:17:34,121.438600,31.267800,  0, 22,0
81479,2007-02-20 13:18:35,121.438600,31.267800,  0, 22,0
81479,2007-02-20 13:19:36,121.438600,31.267800,  0, 22,0
81479,2007-02-20 13:20:37,121.438600,31.267800,  0, 22,0
81479,2007-02-20 13:21:38,121.438600,31.267800,  0, 22,0
81479,2007-02-20 13:23:40,121.438600,31.267800,  0, 22,0
81479,2007-02-20 13:24:41,121.438600,31.267800,  0, 22,0
81479,2007-02-20 13:25:42,121.438600,31.267600,  0, 22,0
81479,2007-02-20 13:26:43,121.438600,31.267600,  0, 22,0
81479,2007-02-20 13:27:44,121.438600,31.267600,  0, 22,0
81479,2007-02-20 13:28:45,121.438600,31.267600,  0, 22,0
81479,2007-02-20 13:29:46,121.438600,31.267600,  0, 22,0
81479,2007-02-20 13:30:47,121.438600,31.267600,  0, 22,0
81479,2007-02-20 13:31:48,121.438600,31.267600,  0, 22,0
81479,2007-02-20 13:32:49,121.438600,31.267600,  0, 22,0
81479,2007-02-20 13:33:50,121.438600,31.267600,  0, 22,0
81479,2007-02-20 13:34:51,121.438600,31.267600,  0, 22,0
81479,2007-02-20 13:35:52,121.438600,31.267600,  0, 22,0
81479,2007-02-20 13:36:53,121.438600,31.267600,  0, 22,0
81479,2007-02-20 13:37:54,121.438600,31.267600,  0, 22,0
81479,2007-02-20 13:38:55,121.438600,31.267600,  0, 22,0
81479,2007-02-20 13:39:56,121.438600,31.267600,  0, 22,0
81479,2007-02-20 13:40:57,121.438600,31.267600,  0, 22,0
81479,2007-02-20 13:41:58,121.438600,31.267600,  0, 22,0
81479,2007-02-20 13:42:59,121.438600,31.267600,  0, 22,0
81479,2007-02-20 13:44:00,121.438600,31.267600,  0, 22,0
81479,2007-02-20 13:45:01,121.438600,31.267600,  0, 22,0
81479,2007-02-20 13:46:02,121.438600,31.267600,  0, 22,0
81479,2007-02-20 13:47:03,121.438600,31.267600,  0, 22,0
81479,2007-02-20 13:48:04,121.438600,31.267600,  0, 22,0
81479,2007-02-20 13:49:05,121.438600,31.267600,  0, 22,0
81479,2007-02-20 13:50:06,121.438600,31.267600,  0, 22,0
81479,2007-02-20 13:51:07,121.438600,31.267600,  0, 22,0
81479,2007-02-20 13:52:08,121.438600,31.267600,  0, 22,0
81479,2007-02-20 13:53:09,121.438600,31.267600,  0, 22,0
81479,2007-02-20 13:54:10,121.438600,31.267600,  0, 22,0
81479,2007-02-20 13:55:11,121.438600,31.267600,  0, 22,0
81479,2007-02-20 13:56:12,121.438600,31.267600,  0, 22,0
81479,2007-02-20 13:57:13,121.438600,31.267600,  0, 22,0
81479,2007-02-20 13:58:14,121.438600,31.267800,  0, 22,0
81479,2007-02-20 13:59:15,121.438600,31.267800,  0, 22,0
81479,2007-02-20 14:00:16,121.438600,31.267800,  0, 22,0
81479,2007-02-20 14:01:17,121.438600,31.267800,  0, 22,0
81479,2007-02-20 14:02:18,121.438600,31.267800,  0, 22,0
81479,2007-02-20 14:03:19,121.438600,31.267800,  0, 22,0
81479,2007-02-20 14:04:20,121.438600,31.267800,  0, 22,0
81479,2007-02-20 14:05:21,121.438600,31.267800,  0, 22,0
81479,2007-02-20 14:06:22,121.438600,31.267800,  0, 22,0
81479,2007-02-20 14:07:23,121.438600,31.267800,  0, 22,0
81479,2007-02-20 14:08:24,121.438600,31.267800,  0, 22,0
81479,2007-02-20 14:09:25,121.438600,31.267800,  0, 22,0
81479,2007-02-20 14:10:26,121.438000,31.267300,  8,112,0
81479,2007-02-20 14:10:50,121.437000,31.268100, 32,112,0
81479,2007-02-20 14:11:18,121.436100,31.268000,  8, 45,0
81479,2007-02-20 14:12:19,121.436500,31.268100,  4,  0,0
81479,2007-02-20 14:13:04,121.435800,31.268600, 14,  0,0
81479,2007-02-20 14:14:00,121.436100,31.269500, 22, 45,1
81479,2007-02-20 14:15:00,121.439300,31.267500,  0, 67,1
81479,2007-02-20 14:16:01,121.441800,31.264100, 44, 67,1
81479,2007-02-20 14:17:02,121.445000,31.260100,  0, 67,1
81479,2007-02-20 14:18:03,121.444800,31.260100,  0, 67,1
81479,2007-02-20 14:19:04,121.444800,31.260100,  0, 67,1
81479,2007-02-20 14:20:05,121.449100,31.260600, 32, 45,1
81479,2007-02-20 14:21:06,121.454300,31.261800, 22, 22,1
81479,2007-02-20 14:22:07,121.456600,31.262300,  0, 22,1
81479,2007-02-20 14:24:09,121.462100,31.263000, 24, 67,1
81479,2007-02-20 14:25:10,121.463300,31.263100,  0, 90,1
81479,2007-02-20 14:26:11,121.463300,31.263100,  0, 90,1
81479,2007-02-20 14:26:29,121.463300,31.263100,  0, 90,0
81479,2007-02-20 14:27:02,121.463800,31.262300, 42, 67,0
81479,2007-02-20 14:28:35,121.462600,31.259300, 34, 90,0
81479,2007-02-20 14:29:07,121.463000,31.258300, 18, 90,0
81479,2007-02-20 14:29:23,121.463600,31.256800, 36, 90,0
81479,2007-02-20 14:29:39,121.463100,31.256100,  0,112,0
81479,2007-02-20 14:30:14,121.462300,31.256000, 14, 22,1
81479,2007-02-20 14:31:15,121.464100,31.255500,  0, 90,1
81479,2007-02-20 14:32:16,121.464600,31.252300, 38, 90,1
81479,2007-02-20 14:33:17,121.466500,31.246800,  0, 67,1
81479,2007-02-20 14:34:18,121.466500,31.246800,  0, 67,1
81479,2007-02-20 14:35:19,121.466500,31.246800,  0, 67,1
81479,2007-02-20 14:37:21,121.476600,31.249600,  0, 22,1
81479,2007-02-20 14:38:22,121.479500,31.251000, 38, 22,1
81479,2007-02-20 14:39:23,121.483800,31.253600,  0, 22,1
81479,2007-02-20 14:40:24,121.483800,31.253600,  0, 22,1
81479,2007-02-20 14:41:25,121.486800,31.255100, 12, 45,1
81479,2007-02-20 14:42:26,121.492800,31.257100, 54, 22,1
81479,2007-02-20 14:44:28,121.500800,31.262800, 48, 22,1
81479,2007-02-20 14:45:29,121.503600,31.264500,  0, 22,1
81479,2007-02-20 14:46:30,121.503800,31.264600,  0, 22,1
81479,2007-02-20 14:47:31,121.502000,31.270300, 16,  0,1
81479,2007-02-20 14:48:32,121.502100,31.271800,  0,  0,1
81479,2007-02-20 14:49:33,121.503300,31.273600, 46, 22,1
81479,2007-02-20 14:51:35,121.511000,31.276100,  0, 45,1
81479,2007-02-20 14:52:19,121.511000,31.276100,  0, 45,0
81479,2007-02-20 14:53:20,121.510800,31.276100,  0,135,0
81479,2007-02-20 14:54:01,121.509600,31.275800, 50,135,0
81479,2007-02-20 14:54:17,121.507500,31.275600, 32,135,0
81479,2007-02-20 14:54:33,121.505600,31.275000, 52,135,0
81479,2007-02-20 14:54:49,121.504000,31.274500, 22,135,0
81479,2007-02-20 14:55:05,121.503000,31.275600, 46,157,0
81479,2007-02-20 14:55:21,121.501100,31.276600, 26,135,0
81479,2007-02-20 14:55:37,121.500000,31.275500, 42,112,0
81479,2007-02-20 14:55:53,121.499100,31.275000, 24,157,0
81479,2007-02-20 14:56:09,121.498000,31.276100, 38,157,0
81479,2007-02-20 14:57:10,121.497500,31.276300,  0,157,0
81479,2007-02-20 14:58:11,121.497100,31.276500, 30,157,0
81479,2007-02-20 14:58:27,121.496300,31.277300, 28,157,0
81479,2007-02-20 14:58:43,121.494800,31.278100, 54,157,0
81479,2007-02-20 14:58:59,121.493100,31.278300, 44,135,0
81479,2007-02-20 14:59:53,121.492000,31.278300, 28,135,0
81479,2007-02-20 15:00:25,121.487100,31.278500, 42,135,0
81479,2007-02-20 15:00:49,121.486600,31.278500, 24,135,1
81479,2007-02-20 15:01:50,121.486300,31.278500,  0,135,1
81479,2007-02-20 15:02:50,121.486100,31.278500,  0,135,1
81479,2007-02-20 15:03:52,121.486100,31.276100, 40, 90,1
81479,2007-02-20 15:04:53,121.485000,31.272800, 32,135,1
81479,2007-02-20 15:05:54,121.483300,31.273300,  0,112,1
81479,2007-02-20 15:06:55,121.481800,31.273300, 16,112,1
81479,2007-02-20 15:07:55,121.480500,31.270500,  8, 90,1
81479,2007-02-20 15:08:57,121.480100,31.267000, 16, 90,1
81479,2007-02-20 15:08:59,121.480100,31.267000, 18, 90,0
81479,2007-02-20 15:10:00,121.480000,31.266600,  0,112,0
81479,2007-02-20 15:11:00,121.479500,31.266600,  0,135,0
81479,2007-02-20 15:12:01,121.479500,31.266500,  0,135,0
81479,2007-02-20 15:13:02,121.478300,31.266600,  0,157,0
81479,2007-02-20 15:13:41,121.477300,31.267100, 26,157,0
81479,2007-02-20 15:13:56,121.476100,31.267500, 36,157,0
81479,2007-02-20 15:14:12,121.474800,31.267600, 22,135,0
81479,2007-02-20 15:14:28,121.473600,31.267000, 22,135,0
81479,2007-02-20 15:15:06,121.472500,31.266100, 42,112,0
81479,2007-02-20 15:15:21,121.471500,31.265300, 14,112,0
81479,2007-02-20 15:15:47,121.470600,31.264600,  4,112,0
81479,2007-02-20 15:17:06,121.469100,31.263100, 14,112,0
81479,2007-02-20 15:17:21,121.468000,31.262300, 52,112,0
81479,2007-02-20 15:17:37,121.466300,31.261600, 38,112,0
81479,2007-02-20 15:17:53,121.464600,31.260600, 42,112,0
81479,2007-02-20 15:18:09,121.463500,31.260000,  0,112,0
81479,2007-02-20 15:19:11,121.463000,31.259800, 22,135,0
81479,2007-02-20 15:19:27,121.461800,31.259600, 26,135,0
81479,2007-02-20 15:19:46,121.460800,31.259600, 16,135,0
81479,2007-02-20 15:20:47,121.459600,31.259600,  0,135,0
81479,2007-02-20 15:21:34,121.459500,31.259600, 14,135,1
81479,2007-02-20 15:22:34,121.455000,31.265800, 52,157,1
81479,2007-02-20 15:23:35,121.458000,31.268500,  0, 22,1
81479,2007-02-20 15:23:45,121.458000,31.268500,  0, 22,0
81479,2007-02-20 15:24:28,121.458800,31.269100, 36, 22,0
81479,2007-02-20 15:24:44,121.459800,31.269800,  4, 22,0
81479,2007-02-20 15:25:16,121.461500,31.271100, 28,157,0
81479,2007-02-20 15:25:32,121.459800,31.272500, 46,157,0
81479,2007-02-20 15:26:04,121.458800,31.273000, 32,157,0
81479,2007-02-20 15:26:20,121.457800,31.274500, 50,157,0
81479,2007-02-20 15:26:36,121.457100,31.275500,  4,  0,0
81479,2007-02-20 15:27:09,121.456000,31.275300, 50,112,0
81479,2007-02-20 15:27:25,121.454100,31.274500, 38,112,0
81479,2007-02-20 15:27:45,121.453000,31.274100, 12,112,0
81479,2007-02-20 15:28:46,121.452100,31.273800,  0,112,0
81479,2007-02-20 15:29:42,121.451100,31.273500, 24,112,0
81479,2007-02-20 15:29:58,121.449800,31.273000, 30,135,0
81479,2007-02-20 15:30:14,121.448500,31.272500, 40,135,0
81479,2007-02-20 15:30:46,121.445500,31.271000, 28,112,0
81479,2007-02-20 15:32:06,121.438800,31.268300, 50,157,0
81479,2007-02-20 15:32:21,121.437500,31.269500, 34,157,0
81479,2007-02-20 15:33:22,121.436800,31.269800,  0,157,0
81479,2007-02-20 15:33:55,121.435600,31.269500, 28,135,0
81479,2007-02-20 15:34:11,121.434100,31.269100, 42,135,0
81479,2007-02-20 15:34:27,121.432100,31.268800, 38,135,0
81479,2007-02-20 15:34:51,121.431000,31.268500, 10,112,0
81479,2007-02-20 15:35:07,121.431100,31.267500, 42, 90,0
81479,2007-02-20 15:35:23,121.431600,31.266300, 20, 67,0
81479,2007-02-20 15:35:39,121.432300,31.265100, 34, 67,0
81479,2007-02-20 15:35:55,121.433100,31.264000, 30, 67,0
81479,2007-02-20 15:36:56,121.433300,31.263800,  8, 67,0
81479,2007-02-20 15:37:12,121.434000,31.263000, 40, 67,0
81479,2007-02-20 15:37:36,121.434600,31.262100, 18, 67,0
81479,2007-02-20 15:37:52,121.435500,31.261100, 34, 67,0
81479,2007-02-20 15:38:29,121.436000,31.259100, 18, 90,0
81479,2007-02-20 15:38:45,121.436100,31.258000, 38, 67,0
81479,2007-02-20 15:39:17,121.439600,31.256800, 46, 45,0
81479,2007-02-20 15:39:33,121.441300,31.256300, 46, 67,0
81479,2007-02-20 15:39:49,121.442800,31.255600, 12, 45,0
81479,2007-02-20 15:40:14,121.443800,31.255300, 30, 45,0
81479,2007-02-20 15:40:30,121.445000,31.254800, 22, 67,0
81479,2007-02-20 15:43:22,121.450300,31.254300, 20, 45,0
81479,2007-02-20 15:43:45,121.450800,31.253600, 22, 90,0
81479,2007-02-20 15:44:47,121.451000,31.253000,  0,112,0
81479,2007-02-20 15:45:06,121.450800,31.252800,  6, 90,1
81479,2007-02-20 15:46:06,121.447300,31.254000,  4,157,1
81479,2007-02-20 15:47:07,121.449600,31.254300,  0, 45,1
81479,2007-02-20 15:48:08,121.452600,31.254300, 34, 45,1
81479,2007-02-20 15:49:10,121.457000,31.253000, 26, 45,1
81479,2007-02-20 15:50:10,121.457500,31.246500, 68, 90,1
81479,2007-02-20 15:51:11,121.460600,31.238000, 66, 67,1
81479,2007-02-20 15:52:13,121.462600,31.228000, 58, 90,1
81479,2007-02-20 15:53:14,121.471300,31.228800, 46, 22,1
81479,2007-02-20 15:54:15,121.475600,31.227100, 46, 67,1
81479,2007-02-20 15:55:15,121.477000,31.223300,  6, 67,1
81479,2007-02-20 15:56:17,121.477100,31.223000,  0, 90,1
81479,2007-02-20 15:57:18,121.477800,31.221500,  0, 67,1
81479,2007-02-20 15:58:18,121.481100,31.221300, 46, 22,1
81479,2007-02-20 15:59:19,121.489600,31.223800, 64, 45,1
81479,2007-02-20 16:00:20,121.496500,31.222500,  0, 45,1
81479,2007-02-20 16:01:21,121.496500,31.222500,  0, 45,1
81479,2007-02-20 16:03:14,121.512600,31.229100,  0, 22,0
81479,2007-02-20 16:03:30,121.512600,31.229100,  0, 22,0
81479,2007-02-20 16:04:30,121.513600,31.229500,  0, 22,0
81479,2007-02-20 16:05:03,121.512600,31.229300, 50,112,0
81479,2007-02-20 16:05:34,121.507800,31.227800, 58,135,0
81479,2007-02-20 16:05:50,121.506800,31.227500,  0,135,0
81479,2007-02-20 16:06:51,121.506800,31.227500,  0,135,0
81479,2007-02-20 16:07:36,121.492300,31.223600, 56,157,0
81479,2007-02-20 16:07:53,121.489300,31.224100, 62,135,0
81479,2007-02-20 16:08:09,121.487000,31.224000, 60,135,0
81479,2007-02-20 16:08:25,121.485600,31.223800,  0,135,0
81479,2007-02-20 16:09:15,121.485000,31.224500, 36,157,0
81479,2007-02-20 16:10:15,121.484500,31.225100,  6,157,0
81479,2007-02-20 16:11:17,121.484100,31.225800,  0,157,0
81479,2007-02-20 16:12:10,121.483800,31.226600, 32,157,0
81479,2007-02-20 16:12:35,121.483300,31.227600, 20,  0,0
81479,2007-02-20 16:13:36,121.483300,31.227800,  0,  0,0
81479,2007-02-20 16:13:40,121.483300,31.227800,  4,  0,1
81479,2007-02-20 16:14:40,121.483000,31.229100,  2,  0,1
81479,2007-02-20 16:15:42,121.482000,31.230600,  0,112,1
81479,2007-02-20 16:16:43,121.480500,31.230000,  0,112,1
81479,2007-02-20 16:17:43,121.480500,31.230000,  0,135,1
81479,2007-02-20 16:18:44,121.478100,31.228500, 46,112,1
81479,2007-02-20 16:19:44,121.477300,31.228100,  4,112,1
81479,2007-02-20 16:20:46,121.476000,31.227800,  0,112,1
81479,2007-02-20 16:21:47,121.475300,31.228300,  0,157,1
81479,2007-02-20 16:22:48,121.475300,31.228300, 10,157,1
81479,2007-02-20 16:23:49,121.472100,31.233000,  0,157,1
81479,2007-02-20 16:24:49,121.472100,31.233000,  0,157,1
81479,2007-02-20 16:25:51,121.471000,31.232800,  6,112,1
81479,2007-02-20 16:26:16,121.471000,31.232800,  0,112,0
81479,2007-02-20 16:26:33,121.470000,31.232100, 50,112,0
81479,2007-02-20 16:26:49,121.468300,31.231000, 46,112,0
81479,2007-02-20 16:27:04,121.467100,31.230300,  6,112,0
81479,2007-02-20 16:27:43,121.466500,31.231000, 30,157,0
81479,2007-02-20 16:28:19,121.465500,31.232800, 28,157,0
81479,2007-02-20 16:28:41,121.463800,31.232800, 18,135,0
81479,2007-02-20 16:29:37,121.463100,31.232800, 28,135,0
81479,2007-02-20 16:29:56,121.463000,31.233500, 36,  0,0
81479,2007-02-20 16:30:12,121.463500,31.234600, 24,  0,0
81479,2007-02-20 16:30:29,121.463800,31.235500, 24,  0,0
81479,2007-02-20 16:30:45,121.464100,31.236500, 24,  0,0
81479,2007-02-20 16:31:46,121.464300,31.236600,  0,  0,0
81479,2007-02-20 16:32:48,121.460300,31.239800,  0,  0,0
81479,2007-02-20 16:33:49,121.460000,31.240500, 52,  0,0
81479,2007-02-20 16:34:21,121.458000,31.244100, 54,  0,0
81479,2007-02-20 16:34:37,121.457800,31.246500, 60,  0,0
81479,2007-02-20 16:34:53,121.458300,31.248800, 56,  0,0
81479,2007-02-20 16:35:09,121.459000,31.251300, 58,  0,0
81479,2007-02-20 16:35:32,121.459100,31.252100, 22,  0,0
81479,2007-02-20 16:35:49,121.459500,31.253300, 20,  0,0
81479,2007-02-20 16:36:50,121.459500,31.253800, 16,  0,0
81479,2007-02-20 16:37:24,121.456300,31.254100, 28,135,0
81479,2007-02-20 16:37:39,121.455000,31.254100, 38,135,0
81479,2007-02-20 16:37:56,121.453300,31.254300, 26,135,0
81479,2007-02-20 16:38:20,121.452600,31.254300, 22,135,1
81479,2007-02-20 16:39:21,121.448800,31.254500, 50,135,1
81479,2007-02-20 16:40:22,121.442800,31.255600, 50,157,1
81479,2007-02-20 16:41:23,121.435300,31.258100, 32,135,1
81479,2007-02-20 16:46:44,121.423600,31.271600,  0,157,0
81479,2007-02-20 16:47:01,121.423600,31.271600,  0,157,0
81479,2007-02-20 16:47:53,121.424500,31.271300, 44, 45,0
81479,2007-02-20 16:48:09,121.425800,31.271000, 32, 90,0
81479,2007-02-20 16:48:24,121.425500,31.269500, 44, 90,0
81479,2007-02-20 16:48:41,121.425300,31.268300, 32, 90,0
81479,2007-02-20 16:48:57,121.425800,31.267300, 18, 45,0
81479,2007-02-20 16:49:24,121.427000,31.267600, 28, 45,0
81479,2007-02-20 16:49:44,121.428100,31.267800, 16, 45,0
81479,2007-02-20 16:49:59,121.428500,31.267000, 28, 90,0
81479,2007-02-20 16:50:42,121.429000,31.265300, 12, 90,0
81479,2007-02-20 16:51:18,121.429100,31.265000,  0, 90,0
81479,2007-02-20 16:58:09,121.444100,31.260800,  0, 67,0
81479,2007-02-20 16:58:34,121.444800,31.260000, 36, 67,0
81479,2007-02-20 16:58:51,121.445600,31.258600, 48, 67,0
81479,2007-02-20 16:59:07,121.446500,31.257600, 26, 67,0
81479,2007-02-20 16:59:23,121.447100,31.256800, 24, 90,0
81479,2007-02-20 16:59:39,121.446800,31.255800, 18, 90,0
81479,2007-02-20 17:00:40,121.446800,31.255500,  0, 90,0
81479,2007-02-20 17:01:42,121.446800,31.255500,  4, 90,0
81479,2007-02-20 17:02:07,121.446800,31.254500, 18, 67,0
81479,2007-02-20 17:02:22,121.448100,31.254500, 42, 45,0
81479,2007-02-20 17:02:56,121.449500,31.254300, 14, 45,0
81479,2007-02-20 17:03:22,121.450600,31.254300, 16, 67,0
81479,2007-02-20 17:03:44,121.451000,31.253300, 14, 90,0
81479,2007-02-20 17:04:08,121.451000,31.253100, 16, 67,1
81479,2007-02-20 17:05:09,121.447100,31.254300,  0,  0,1
81479,2007-02-20 17:06:09,121.447100,31.254300,  0,  0,1
81479,2007-02-20 17:08:11,121.447500,31.256800,  0,  0,1
81479,2007-02-20 17:09:12,121.447500,31.256800,  0,  0,1
81479,2007-02-20 17:10:13,121.445300,31.259600,  0,157,1
81479,2007-02-20 17:11:14,121.445100,31.259800, 12,157,1
81479,2007-02-20 17:12:15,121.433800,31.256600, 86,112,1
81479,2007-02-20 17:13:16,121.423500,31.248000, 68,112,1
81479,2007-02-20 17:17:11,121.409300,31.248300, 32, 45,0
81479,2007-02-20 17:17:27,121.411100,31.248300, 48, 45,0
81479,2007-02-20 17:17:43,121.413300,31.248800, 48, 45,0
81479,2007-02-20 17:18:39,121.413600,31.249000, 14,135,1
81479,2007-02-20 17:19:39,121.408600,31.247800, 16, 90,1
81479,2007-02-20 17:20:40,121.408500,31.247300,  0, 90,1
81479,2007-02-20 17:21:41,121.408800,31.246800, 44, 67,1
81479,2007-02-20 17:22:42,121.414000,31.243600,  0, 67,1
81479,2007-02-20 17:23:43,121.414000,31.243600,  0, 67,1
81479,2007-02-20 17:24:44,121.409600,31.240300, 62,112,1
81479,2007-02-20 17:25:45,121.409100,31.240000,  0,112,1
81479,2007-02-20 17:26:46,121.409100,31.240000,  0,112,1
81479,2007-02-20 17:27:47,121.409100,31.240000,  0,112,1
81479,2007-02-20 17:29:11,121.411600,31.235600, 30, 90,1
81479,2007-02-20 17:30:11,121.412500,31.232100,  8,135,1
81479,2007-02-20 17:31:12,121.409800,31.231100,  0,135,1
81479,2007-02-20 17:31:24,121.409800,31.231100,  0,135,0
81479,2007-02-20 17:32:47,121.411300,31.231600, 30, 22,0
81479,2007-02-20 17:33:03,121.412600,31.232300, 40, 22,0
81479,2007-02-20 17:33:51,121.413600,31.232800, 28, 22,0
81479,2007-02-20 17:34:07,121.415000,31.233100, 12, 22,0
81479,2007-02-20 17:34:23,121.416100,31.233600, 46, 22,0
81479,2007-02-20 17:34:59,121.417100,31.234100, 18, 22,0
81479,2007-02-20 17:36:32,121.416100,31.236600,  0,157,0
81479,2007-02-20 17:37:11,121.416500,31.237300, 38, 22,0
81479,2007-02-20 17:37:27,121.418100,31.238300, 50, 22,0
81479,2007-02-20 17:38:44,121.419500,31.239000,  0, 22,0
81479,2007-02-20 17:39:11,121.419100,31.239800, 46,157,0
81479,2007-02-20 17:40:28,121.418100,31.240600,  0,157,0
81479,2007-02-20 17:40:46,121.417300,31.241300, 40,157,0
81479,2007-02-20 17:41:02,121.415800,31.242500, 52,157,0
81479,2007-02-20 17:41:18,121.415100,31.243600, 40, 22,0
81479,2007-02-20 17:43:34,121.427600,31.251100, 54, 22,0
81479,2007-02-20 17:43:51,121.429800,31.253000, 70, 22,0
81479,2007-02-20 17:44:06,121.431000,31.254500, 40, 22,0
81479,2007-02-20 17:44:22,121.431800,31.255300,  2, 22,0
81479,2007-02-20 17:45:08,121.432800,31.255800, 52, 22,0
81479,2007-02-20 17:45:24,121.435500,31.256800, 74, 22,0
81479,2007-02-20 17:50:07,121.458600,31.259600, 78, 90,1
81479,2007-02-20 17:51:08,121.458300,31.249800, 44, 90,1
81479,2007-02-20 17:54:11,121.469600,31.228000, 50, 22,1
81479,2007-02-20 17:55:12,121.472000,31.229800, 36,112,1
81479,2007-02-20 17:55:44,121.470800,31.229000,  0,112,0
81479,2007-02-20 17:56:00,121.470100,31.229100, 32,135,0
81479,2007-02-20 17:56:19,121.469800,31.229100, 22,135,1
81479,2007-02-20 17:57:19,121.468300,31.228100,  0, 67,1
81479,2007-02-20 17:58:20,121.468600,31.228800, 32,  0,1
81479,2007-02-20 17:59:21,121.469800,31.231500,  0, 22,1
81479,2007-02-20 18:00:22,121.473500,31.230100,  0, 22,1
81479,2007-02-20 18:01:23,121.473600,31.230300,  0, 22,1
81479,2007-02-20 18:02:24,121.481100,31.233300, 30, 67,1
81479,2007-02-20 18:03:25,121.482500,31.232800, 12, 45,1
81479,2007-02-20 18:04:26,121.487500,31.235500, 22,  0,1
81479,2007-02-20 18:05:27,121.485800,31.239500,  0,  0,1
81479,2007-02-20 18:05:43,121.485800,31.239500,  0,  0,0
81479,2007-02-20 18:06:11,121.485600,31.240500, 40,  0,0
81479,2007-02-20 18:06:27,121.485800,31.241800, 34,  0,0
81479,2007-02-20 18:06:43,121.485800,31.243100, 42,  0,0
81479,2007-02-20 18:06:59,121.485500,31.244800, 48,  0,0
81479,2007-02-20 18:07:34,121.485800,31.245800, 16,  0,0
81479,2007-02-20 18:07:50,121.484500,31.246300, 46,135,0
81479,2007-02-20 18:08:26,121.483300,31.246600, 20,157,0
81479,2007-02-20 18:09:27,121.483100,31.247300, 12,  0,0
81479,2007-02-20 18:09:45,121.482100,31.247300, 38,135,0
81479,2007-02-20 18:10:05,121.481000,31.247300, 22,  0,0
81479,2007-02-20 18:10:21,121.480800,31.248500, 36,  0,0
81479,2007-02-20 18:10:37,121.480600,31.249800, 44,  0,0
81479,2007-02-20 18:11:38,121.480300,31.250800,  0,  0,0
81479,2007-02-20 18:12:31,121.480300,31.251800, 16,  0,0
81479,2007-02-20 18:12:56,121.480000,31.252800, 18,  0,0
81479,2007-02-20 18:13:19,121.479800,31.253800, 16,  0,0
81479,2007-02-20 18:13:41,121.479500,31.254800, 28,  0,0
81479,2007-02-20 18:13:57,121.479100,31.255800, 34,  0,0
81479,2007-02-20 18:14:13,121.478500,31.256500, 40,135,0
81479,2007-02-20 18:14:29,121.476500,31.256100, 50,135,0
81479,2007-02-20 18:14:45,121.475000,31.255100, 16,112,0
81479,2007-02-20 18:15:02,121.473800,31.255000, 40,112,0
81479,2007-02-20 18:15:18,121.472600,31.254500,  0,112,0
81479,2007-02-20 18:16:18,121.472100,31.255300, 22,  0,0
81479,2007-02-20 18:16:34,121.471500,31.256300, 44,157,0
81479,2007-02-20 18:17:15,121.470800,31.257100, 34,157,0
81479,2007-02-20 18:17:31,121.470000,31.258100, 20,157,0
81479,2007-02-20 18:18:25,121.469000,31.258000, 22,112,0
81479,2007-02-20 18:18:42,121.468100,31.257300, 42,112,0
81479,2007-02-20 18:18:58,121.467000,31.256500,  4,112,0
81479,2007-02-20 18:19:17,121.466000,31.255800, 40,112,0
81479,2007-02-20 18:19:33,121.464600,31.255300, 24,112,0
81479,2007-02-20 18:19:49,121.463600,31.254800, 34,135,0
81479,2007-02-20 18:20:19,121.462500,31.254600, 30,135,0
81479,2007-02-20 18:20:35,121.461000,31.254300, 28,135,0
81479,2007-02-20 18:21:04,121.460000,31.254100, 20,135,1
81479,2007-02-20 18:22:04,121.459600,31.254100,  0,135,1
81479,2007-02-20 18:23:05,121.459300,31.254100, 24,135,1
81479,2007-02-20 18:24:06,121.457500,31.246300, 74, 90,1
81479,2007-02-20 18:25:07,121.461500,31.236100, 66, 90,1
81479,2007-02-20 18:27:02,121.470000,31.228300, 60, 22,1
81479,2007-02-20 18:28:03,121.478000,31.232500, 30, 22,1
81479,2007-02-20 18:29:04,121.482800,31.231600,  0, 67,1
81479,2007-02-20 18:30:05,121.482800,31.231600,  0, 67,1
81479,2007-02-20 18:31:06,121.501800,31.237800, 28, 67,1
81479,2007-02-20 18:32:07,121.500000,31.236500,  0,135,1
81479,2007-02-20 18:33:08,121.497000,31.236300, 22,135,1
81479,2007-02-20 18:33:56,121.496100,31.239000,  0,  0,0
81479,2007-02-20 18:34:33,121.496300,31.240000, 34, 22,0
81479,2007-02-20 18:34:56,121.495600,31.240100, 20, 90,0
81479,2007-02-20 18:35:21,121.495800,31.239100, 32, 90,0
81479,2007-02-20 18:35:37,121.496000,31.237600, 44, 90,0
81479,2007-02-20 18:35:53,121.496300,31.236100, 38, 67,0
81479,2007-02-20 18:36:09,121.497500,31.234800, 38, 67,0
81479,2007-02-20 18:36:32,121.498500,31.234100, 24, 45,0
81479,2007-02-20 18:37:04,121.499800,31.234300, 38, 45,0
81479,2007-02-20 18:37:20,121.501600,31.234100, 24, 45,0
81479,2007-02-20 18:37:51,121.503000,31.234500, 42, 45,0
81479,2007-02-20 18:38:07,121.504800,31.234800, 38, 67,0
81479,2007-02-20 18:38:23,121.505800,31.233800, 38, 22,0
81479,2007-02-20 18:38:39,121.508000,31.234600, 58, 45,0
81479,2007-02-20 18:38:55,121.509500,31.234500, 42, 67,0
81479,2007-02-20 18:39:11,121.510300,31.232800, 48, 90,0
81479,2007-02-20 18:39:27,121.510500,31.231800,  0, 90,0
81479,2007-02-20 18:40:28,121.510800,31.231000, 44, 90,0
81479,2007-02-20 18:40:44,121.511300,31.229300, 44, 90,0
81479,2007-02-20 18:41:00,121.510800,31.229000, 42,112,0
81479,2007-02-20 18:41:16,121.508800,31.228100, 52,112,0
81479,2007-02-20 18:42:33,121.507100,31.227500,  0,112,0
81479,2007-02-20 18:43:27,121.492000,31.223800, 70,135,0
81479,2007-02-20 18:43:43,121.489300,31.224100, 58,135,0
81479,2007-02-20 18:43:59,121.487300,31.224000, 38,135,0
81479,2007-02-20 18:44:15,121.485600,31.223800,  4,135,0
81479,2007-02-20 18:44:52,121.485000,31.224500, 32,157,0
81479,2007-02-20 18:45:08,121.484300,31.225600, 36,  0,0
81479,2007-02-20 18:45:25,121.483800,31.226500, 30,157,0
81479,2007-02-20 18:45:41,121.483300,31.227500, 24,  0,0
81479,2007-02-20 18:45:57,121.483100,31.228500, 16,  0,0
81479,2007-02-20 18:46:27,121.483000,31.229500,  4, 22,0
81479,2007-02-20 18:47:28,121.483000,31.229500,  0, 22,0
81479,2007-02-20 19:08:58,121.471800,31.285300, 42,  0,1
81479,2007-02-20 19:15:01,121.466300,31.295000, 32, 90,0
81479,2007-02-20 19:24:30,121.423100,31.290500, 10,135,1
81479,2007-02-20 19:25:31,121.425000,31.290100,  0, 22,1
81479,2007-02-20 19:25:36,121.425000,31.290100,  0, 22,0
81479,2007-02-20 19:26:33,121.426000,31.290100, 18, 45,0
81479,2007-02-20 19:27:01,121.426300,31.289300, 16, 45,0
81479,2007-02-20 19:27:27,121.427100,31.288800, 24, 90,0
81479,2007-02-20 19:27:43,121.426000,31.288300, 52,135,0
81479,2007-02-20 19:28:14,121.423300,31.287100, 52, 90,0
81479,2007-02-20 19:28:46,121.423500,31.286000, 30, 90,0
81479,2007-02-20 19:29:18,121.424800,31.282600, 66, 67,0
81479,2007-02-20 19:29:34,121.426000,31.280500, 68, 67,0
81479,2007-02-20 19:29:49,121.427000,31.278800, 20, 67,0
81479,2007-02-20 19:30:26,121.427600,31.278100, 40, 67,0
81479,2007-02-20 19:30:42,121.429800,31.277100, 58, 67,0
81479,2007-02-20 19:31:33,121.432000,31.275100, 64, 67,0
81479,2007-02-20 19:31:49,121.433600,31.273300, 54, 67,0
81479,2007-02-20 19:32:04,121.433800,31.272100, 48,112,0
81479,2007-02-20 19:32:21,121.432000,31.271000, 36,112,0
81479,2007-02-20 19:32:37,121.430800,31.269600, 28, 90,0
81479,2007-02-20 19:33:38,121.430800,31.269300,  0, 90,0
81479,2007-02-20 19:34:39,121.430800,31.269300,  0, 90,0
81479,2007-02-20 19:35:39,121.430800,31.269300,  0, 90,0
81479,2007-02-20 19:36:41,121.430800,31.269300,  0, 90,0
81479,2007-02-20 19:37:42,121.430800,31.269300,  0, 90,0
81479,2007-02-20 19:38:43,121.430800,31.269300,  0, 90,0
81479,2007-02-20 19:39:44,121.430800,31.269300,  0, 90,0
81479,2007-02-20 19:40:44,121.430800,31.269300,  0, 90,0
81479,2007-02-20 19:42:47,121.430800,31.269300,  0, 90,0
81479,2007-02-20 19:43:48,121.430800,31.269300,  0, 90,0
81479,2007-02-20 19:44:49,121.430800,31.269300,  0, 90,0
81479,2007-02-20 19:45:49,121.430800,31.269300,  0, 90,0
81479,2007-02-20 19:46:49,121.431100,31.270000, 26, 22,0
81479,2007-02-20 19:48:08,121.433000,31.270100,  0, 45,0
81479,2007-02-20 19:49:09,121.433100,31.270100,  0, 67,0
81479,2007-02-20 19:49:53,121.432100,31.269800, 18,135,0
81479,2007-02-20 19:50:13,121.431100,31.270000, 28,112,0
81479,2007-02-20 19:50:29,121.430800,31.268500, 14, 90,0
81479,2007-02-20 19:50:53,121.429800,31.268300, 16,135,0
81479,2007-02-20 19:51:13,121.428600,31.268000, 34,135,0
81479,2007-02-20 19:51:29,121.427000,31.267600, 30,135,0
81479,2007-02-20 19:52:29,121.426100,31.267600,  0,135,0
81479,2007-02-20 19:53:01,121.425800,31.267500, 14,135,1
81479,2007-02-20 19:54:01,121.426100,31.263600, 22, 90,1
81479,2007-02-20 19:55:02,121.425600,31.261600,  4,135,1
81479,2007-02-20 19:56:03,121.425600,31.261600,  0,135,1
81479,2007-02-20 19:57:04,121.425600,31.261600,  0,135,1
81479,2007-02-20 19:58:04,121.425600,31.261600,  0,135,1
81479,2007-02-20 19:59:06,121.425600,31.261600,  0,135,1
81479,2007-02-20 20:00:07,121.425100,31.261600, 10,135,1
81479,2007-02-20 20:01:08,121.428000,31.261500, 52, 45,1
81479,2007-02-20 20:02:09,121.432600,31.263000, 26, 22,1
81479,2007-02-20 20:03:09,121.434300,31.264000, 32, 22,1
81479,2007-02-20 20:05:12,121.438000,31.266600,  0,157,1
81479,2007-02-20 20:06:44,121.438000,31.267500,  8, 45,1
81479,2007-02-20 20:07:57,121.438600,31.267600,  0, 22,1
81479,2007-02-20 20:08:58,121.438600,31.267600,  0, 22,1
81479,2007-02-20 20:09:59,121.438600,31.267600,  0, 22,1
81479,2007-02-20 20:10:59,121.438600,31.267600,  0, 22,1
81479,2007-02-20 20:12:01,121.438600,31.267600,  0, 22,1
81479,2007-02-20 20:13:02,121.438600,31.267600,  0, 22,1
81479,2007-02-20 20:15:04,121.438600,31.268000,  0, 22,1
81479,2007-02-20 20:16:04,121.438600,31.267600,  0, 22,1
81479,2007-02-20 20:17:05,121.438600,31.267600,  0, 22,1
81479,2007-02-20 20:18:06,121.438600,31.267600,  0, 22,1
81479,2007-02-20 20:19:07,121.438600,31.267600,  0, 22,1
81479,2007-02-20 20:20:08,121.438600,31.267600,  0, 22,1
81479,2007-02-20 20:21:09,121.438600,31.267600,  0, 22,1
81479,2007-02-20 20:23:11,121.438600,31.267600,  0, 22,1
81479,2007-02-20 20:24:12,121.438600,31.267600,  0, 22,1
81479,2007-02-20 20:25:13,121.438600,31.267600,  0, 22,1
81479,2007-02-20 20:26:14,121.438600,31.267600,  0, 22,1
81479,2007-02-20 20:27:15,121.438600,31.267600,  0, 22,1
81479,2007-02-20 20:30:18,121.438600,31.267600,  0, 22,1
81479,2007-02-20 20:31:19,121.438600,31.267600,  0, 22,1
81479,2007-02-20 20:32:20,121.438600,31.267600,  0, 22,1
81479,2007-02-20 20:33:21,121.438600,31.267600,  0, 22,1
81479,2007-02-20 20:34:22,121.438600,31.267500,  0, 22,1
81479,2007-02-20 20:35:23,121.438600,31.267500,  0, 22,1
81479,2007-02-20 20:36:24,121.438600,31.267500,  0, 22,1
81479,2007-02-20 20:37:25,121.438600,31.267500,  0, 22,1
81479,2007-02-20 20:38:26,121.438600,31.267500,  0, 22,1
81479,2007-02-20 20:39:27,121.438600,31.267500,  0, 22,1
81479,2007-02-20 20:40:28,121.438600,31.267500,  0, 22,1
81479,2007-02-20 20:41:29,121.438600,31.267500,  0, 22,1
81479,2007-02-20 20:42:30,121.438600,31.267500,  0, 22,1
81479,2007-02-20 20:43:31,121.438600,31.267500,  0, 22,1
81479,2007-02-20 20:44:32,121.438600,31.267500,  0, 22,1
81479,2007-02-20 20:45:33,121.438600,31.267500,  0, 22,1
81479,2007-02-20 20:46:34,121.438600,31.267500,  0, 22,1
81479,2007-02-20 20:47:35,121.438600,31.267500,  0, 22,1
81479,2007-02-20 20:48:36,121.438600,31.267500,  0, 22,1
81479,2007-02-20 20:49:37,121.438600,31.267500,  0, 22,1
81479,2007-02-20 20:50:38,121.438600,31.267500,  0, 22,1
81479,2007-02-20 20:51:39,121.438600,31.267500,  0, 22,1
81479,2007-02-20 20:52:40,121.438600,31.267500,  0, 22,1
81479,2007-02-20 20:53:41,121.438600,31.267500,  0, 22,1
81479,2007-02-20 20:54:42,121.438600,31.267500,  0, 22,1
81479,2007-02-20 20:55:43,121.438600,31.267500,  0, 22,1
81479,2007-02-20 20:56:44,121.438600,31.267500,  0, 22,1
81479,2007-02-20 20:57:45,121.438600,31.267500,  0, 22,1
81479,2007-02-20 20:58:46,121.438800,31.268000,  0, 22,1
81479,2007-02-20 21:00:48,121.438600,31.267800,  0, 22,1
81479,2007-02-20 21:01:49,121.438600,31.267800,  0, 22,1
81479,2007-02-20 21:02:50,121.438600,31.267800,  0, 22,1
81479,2007-02-20 21:03:51,121.438600,31.267800,  0, 22,1
81479,2007-02-20 21:04:52,121.438600,31.267800,  0, 22,1
81479,2007-02-20 21:05:53,121.438300,31.267600, 10,112,1
81479,2007-02-20 21:06:54,121.438100,31.267600,  0,112,1
81479,2007-02-20 21:07:55,121.438100,31.267600,  0,112,1
81479,2007-02-20 21:08:56,121.438100,31.267600,  0,112,1
81479,2007-02-20 21:09:57,121.438100,31.267600,  0,112,1
81479,2007-02-20 21:10:58,121.438100,31.267600,  0,112,1
81479,2007-02-20 21:11:59,121.438100,31.267600,  0,112,1
81479,2007-02-20 21:13:00,121.438100,31.267600,  0,112,1
81479,2007-02-20 21:14:01,121.438100,31.267600,  0,112,1
81479,2007-02-20 21:16:03,121.438100,31.267600,  0,112,1
81479,2007-02-20 21:17:04,121.438100,31.267600,  0,112,1
81479,2007-02-20 21:18:05,121.438100,31.267600,  0,112,1
81479,2007-02-20 21:19:06,121.438100,31.267500,  0,112,1
81479,2007-02-20 21:20:07,121.438100,31.267500,  0,112,1
81479,2007-02-20 21:21:08,121.438100,31.267500,  0,112,1
81479,2007-02-20 21:22:09,121.438100,31.267500,  0,112,1
81479,2007-02-20 21:24:11,121.438100,31.267500,  0,112,1
81479,2007-02-20 21:25:12,121.438100,31.267500,  0,112,1
81479,2007-02-20 21:26:13,121.438100,31.267500,  0,112,1
81479,2007-02-20 21:27:14,121.438100,31.267500,  0,112,1
81479,2007-02-20 21:28:15,121.438100,31.267500,  0,112,1
81479,2007-02-20 21:29:16,121.438100,31.267500,  0,112,1
81479,2007-02-20 21:31:18,121.438100,31.267500,  0,112,1
81479,2007-02-20 21:32:19,121.438100,31.267500,  0,112,1
81479,2007-02-20 21:33:20,121.438100,31.267500,  0,112,1
81479,2007-02-20 21:34:21,121.438100,31.267500,  0,112,1
81479,2007-02-20 21:35:22,121.436500,31.268100, 20,157,1
81479,2007-02-20 21:36:23,121.436000,31.269100,  8,  0,1
81479,2007-02-20 21:37:24,121.435600,31.269300, 32,135,1
81479,2007-02-20 21:38:25,121.431100,31.270000, 48, 22,1
81479,2007-02-20 21:40:27,121.429100,31.277500, 64,157,1
81479,2007-02-20 21:41:28,121.428100,31.282600, 70,157,1
81479,2007-02-20 21:43:08,121.433800,31.288800, 42, 45,1
81479,2007-02-20 21:44:09,121.434500,31.289000,  0,135,1
81479,2007-02-20 21:45:10,121.432800,31.288800, 54,135,1
81479,2007-02-20 21:46:11,121.423800,31.288300, 46,135,1
81479,2007-02-20 21:48:13,121.424600,31.290100,  0, 45,1
81479,2007-02-20 21:49:14,121.424600,31.290100,  0, 45,1
81479,2007-02-20 21:50:15,121.424800,31.290100,  0, 45,1
81479,2007-02-20 21:51:16,121.424800,31.290100,  0, 22,1
81479,2007-02-20 21:52:17,121.424800,31.290100,  0, 22,1
81479,2007-02-20 21:53:57,121.424800,31.290100,  0, 22,1
81479,2007-02-20 21:54:58,121.424800,31.290100,  0, 22,1
81479,2007-02-20 21:55:59,121.424600,31.290100,  0, 22,1
81479,2007-02-20 21:57:00,121.424600,31.290100,  0, 22,1
81479,2007-02-20 21:58:01,121.424600,31.290100,  0, 22,1
81479,2007-02-20 21:59:02,121.424600,31.290100,  0, 22,1
81479,2007-02-20 22:00:03,121.424600,31.290100,  0, 22,1
81479,2007-02-20 22:01:04,121.425300,31.290100, 10, 45,1
81479,2007-02-20 22:02:05,121.427000,31.289300, 14, 45,1
81479,2007-02-20 22:03:06,121.427100,31.290800,  0,  0,1
81479,2007-02-20 22:05:08,121.426300,31.298100,  0,  0,1
81479,2007-02-20 22:06:09,121.422500,31.297300, 26, 45,1
81479,2007-02-20 22:09:12,121.419100,31.288600, 30, 90,1
81479,2007-02-20 22:10:13,121.415600,31.289500,  0,157,1
81479,2007-02-20 22:11:14,121.415500,31.289500,  0,135,1
81479,2007-02-20 22:13:16,121.419100,31.282600, 24, 67,1
81479,2007-02-20 22:14:17,121.423500,31.278100, 60, 67,1
81479,2007-02-20 22:15:18,121.421600,31.273500,  0,112,1
81479,2007-02-20 22:16:19,121.422300,31.272300, 30, 67,1
81479,2007-02-20 22:17:20,121.422100,31.267800, 48, 90,1
81479,2007-02-20 22:18:21,121.421300,31.265500, 12, 90,1
81479,2007-02-20 22:19:22,121.423600,31.263800, 12, 90,1
81479,2007-02-20 22:20:23,121.420100,31.262800, 10, 90,1
81479,2007-02-20 22:21:24,121.420100,31.262600,  0, 67,1
81479,2007-02-20 22:22:25,121.421500,31.261600, 44, 22,1
81479,2007-02-20 22:35:55,121.434600,31.268600, 54,157,1
81479,2007-02-20 22:36:56,121.435800,31.268500, 12, 67,1
81479,2007-02-20 22:37:47,121.437100,31.268600,  0, 22,0
81479,2007-02-20 22:38:02,121.437100,31.268600,  0, 22,0
81479,2007-02-20 22:39:03,121.437100,31.268600,  0, 22,0
81479,2007-02-20 22:40:04,121.437100,31.268600,  0, 22,0
81479,2007-02-20 22:41:05,121.437100,31.268600,  0, 22,0
81479,2007-02-20 22:42:06,121.437100,31.268600,  0, 22,0
81479,2007-02-20 22:43:07,121.437100,31.268600,  0, 22,0
81479,2007-02-20 22:44:08,121.437100,31.268600,  0, 22,0
81479,2007-02-20 22:45:09,121.437100,31.268600,  0, 22,0
81479,2007-02-20 22:46:10,121.437100,31.268600,  0, 22,0
81479,2007-02-20 22:47:11,121.437100,31.268600,  0, 22,0
81479,2007-02-20 22:48:12,121.437100,31.268600,  0, 22,0
81479,2007-02-20 22:49:13,121.437100,31.268600,  0, 22,0
81479,2007-02-20 22:50:14,121.437100,31.268600,  0, 22,0
81479,2007-02-20 22:51:15,121.437100,31.268600,  0, 22,0
81479,2007-02-20 22:52:16,121.437100,31.268600,  0, 22,0
81479,2007-02-20 22:53:17,121.437100,31.268600,  0, 22,0
81479,2007-02-20 22:54:18,121.437100,31.268600,  0, 22,0
81479,2007-02-20 22:55:19,121.437100,31.268600,  0, 22,0
81479,2007-02-20 22:56:19,121.437100,31.268600,  0, 22,0
81479,2007-02-20 22:58:21,121.436800,31.268800,  0, 22,0
81479,2007-02-20 22:59:22,121.437000,31.268800,  0, 22,0
81479,2007-02-20 23:00:23,121.437100,31.268600,  0, 22,0
81479,2007-02-20 23:01:24,121.437100,31.268600,  0, 22,0
81479,2007-02-20 23:02:25,121.437100,31.268600,  0, 22,0
81479,2007-02-20 23:03:26,121.437100,31.268600,  0, 22,0
81479,2007-02-20 23:04:27,121.437100,31.268600,  0, 22,0
81479,2007-02-20 23:06:29,121.437300,31.268500,  0, 22,0
81479,2007-02-20 23:08:31,121.437100,31.268600,  0, 22,0
81479,2007-02-20 23:09:32,121.437100,31.268600,  0, 22,0
81479,2007-02-20 23:10:33,121.437000,31.268600,  0, 22,0
81479,2007-02-20 23:11:34,121.437000,31.268600,  0, 22,0
81479,2007-02-20 23:12:35,121.437000,31.268600,  0, 22,0
81479,2007-02-20 23:13:36,121.437000,31.268600,  0, 22,0
81479,2007-02-20 23:14:37,121.437000,31.268600,  0, 22,0
81479,2007-02-20 23:15:38,121.437000,31.268600,  0, 22,0
81479,2007-02-20 23:16:39,121.437000,31.268600,  0, 22,0
81479,2007-02-20 23:17:40,121.437000,31.268600,  0, 22,0
81479,2007-02-20 23:18:41,121.437000,31.268600,  0, 22,0
81479,2007-02-20 23:20:43,121.437000,31.268600,  0, 22,0
81479,2007-02-20 23:21:44,121.437000,31.268600,  0, 22,0
81479,2007-02-20 23:22:45,121.437000,31.268600,  0, 22,0
81479,2007-02-20 23:23:46,121.437000,31.268600,  0, 22,0
81479,2007-02-20 23:24:47,121.437000,31.268600,  0, 22,0
81479,2007-02-20 23:25:48,121.437000,31.268600,  0, 22,0
81479,2007-02-20 23:26:49,121.437100,31.268600,  0, 22,0
81479,2007-02-20 23:27:50,121.437600,31.268300,  0, 67,0
81479,2007-02-20 23:28:51,121.437600,31.268300,  0, 67,0
81479,2007-02-20 23:29:52,121.437600,31.268300,  0, 67,0
81479,2007-02-20 23:30:53,121.437600,31.268300,  0, 67,0
81479,2007-02-20 23:31:53,121.437600,31.268300,  0, 67,0
81479,2007-02-20 23:32:55,121.437600,31.268300,  0, 67,0
81479,2007-02-20 23:33:56,121.437600,31.268300,  0, 67,0
81479,2007-02-20 23:34:57,121.437600,31.268300,  0, 67,0
81479,2007-02-20 23:35:58,121.437600,31.268300,  0, 67,0
81479,2007-02-20 23:36:58,121.437600,31.268500,  0, 67,0
81479,2007-02-20 23:38:00,121.437600,31.268500,  0, 67,0
81479,2007-02-20 23:40:02,121.437600,31.268500,  0, 67,0
81479,2007-02-20 23:41:03,121.437600,31.268500,  0, 67,0
81479,2007-02-20 23:42:03,121.437600,31.268500,  0, 67,0
81479,2007-02-20 23:43:04,121.437600,31.268500,  0, 67,0
81479,2007-02-20 23:44:05,121.437600,31.268500,  0, 67,0
81479,2007-02-20 23:45:06,121.437600,31.268500,  0, 67,0
81479,2007-02-20 23:46:07,121.437600,31.268500,  0, 67,0
81479,2007-02-20 23:48:10,121.437300,31.268600,  0, 67,0
81479,2007-02-20 23:49:11,121.437300,31.268600,  0, 67,0
81479,2007-02-20 23:50:12,121.437300,31.268600,  0, 67,0
81479,2007-02-20 23:51:13,121.437300,31.268600,  0, 67,0
81479,2007-02-20 23:52:13,121.437300,31.268600,  0, 67,0
81479,2007-02-20 23:53:15,121.437300,31.268600,  0, 67,0
81479,2007-02-20 23:54:16,121.437300,31.268600,  0, 67,0
81479,2007-02-20 23:55:17,121.437300,31.268600,  0, 67,0
81479,2007-02-20 23:56:18,121.437300,31.268600,  0, 67,0
81479,2007-02-20 23:57:18,121.437300,31.268600,  0, 67,0
81479,2007-02-20 23:58:20,121.437300,31.268600,  0, 67,0
81479,2007-02-20 23:59:21,121.437300,31.268600,  0, 67,0
