89457,2007-02-20 00:00:28,121.468300,31.210000, 32, 90,0
89457,2007-02-20 00:00:44,121.468800,31.208600, 32, 90,0
89457,2007-02-20 00:01:02,121.468300,31.208000, 24,135,0
89457,2007-02-20 00:01:19,121.467100,31.207600, 26,135,0
89457,2007-02-20 00:01:39,121.466800,31.208500, 32,  0,0
89457,2007-02-20 00:02:57,121.468500,31.210000,  0, 45,0
89457,2007-02-20 00:03:58,121.468500,31.210000,  0, 45,0
89457,2007-02-20 00:04:59,121.468500,31.210000,  0, 45,0
89457,2007-02-20 00:05:59,121.468500,31.210000,  0, 45,0
89457,2007-02-20 00:07:01,121.468500,31.210000,  0, 45,0
89457,2007-02-20 00:08:02,121.468500,31.210000,  0, 45,0
89457,2007-02-20 00:09:03,121.468500,31.210100,  0, 45,0
89457,2007-02-20 00:10:04,121.468500,31.210100,  0, 45,0
89457,2007-02-20 00:11:04,121.468500,31.210100,  0, 45,0
89457,2007-02-20 00:12:06,121.468500,31.210100,  0, 45,0
89457,2007-02-20 00:13:07,121.468500,31.210000,  0, 45,0
89457,2007-02-20 00:14:08,121.468500,31.210000,  0, 45,0
89457,2007-02-20 00:15:09,121.468500,31.210000,  0, 45,0
89457,2007-02-20 00:15:37,121.468500,31.210000,  0, 45,0
89457,2007-02-20 00:16:37,121.468500,31.210000,  0, 45,0
89457,2007-02-20 00:17:38,121.468500,31.210000,  0, 45,0
89457,2007-02-20 00:18:39,121.468500,31.210000,  0, 45,0
89457,2007-02-20 00:19:40,121.468500,31.210000,  0, 45,0
89457,2007-02-20 00:20:41,121.468500,31.210000,  0, 45,0
89457,2007-02-20 00:21:42,121.468500,31.210000,  0, 45,0
89457,2007-02-20 00:22:43,121.468500,31.210000,  0, 45,0
89457,2007-02-20 00:23:44,121.468500,31.210000,  0, 45,0
89457,2007-02-20 00:24:45,121.468500,31.210000,  0, 45,0
89457,2007-02-20 00:25:46,121.468300,31.210000,  0, 45,0
89457,2007-02-20 00:26:47,121.468300,31.210000,  0, 45,0
89457,2007-02-20 00:27:48,121.468300,31.210000,  0, 45,0
89457,2007-02-20 00:28:49,121.468100,31.209800,  0, 45,0
89457,2007-02-20 00:29:50,121.468300,31.209800,  0, 45,0
89457,2007-02-20 00:30:51,121.468300,31.209800,  0, 45,0
89457,2007-02-20 00:31:52,121.468300,31.209800,  0, 45,0
89457,2007-02-20 00:32:53,121.468300,31.209800,  0, 45,0
89457,2007-02-20 00:34:55,121.468300,31.209800,  0, 45,0
89457,2007-02-20 00:36:57,121.468300,31.209800,  0, 45,0
89457,2007-02-20 00:37:58,121.468100,31.209600,  0, 45,0
89457,2007-02-20 00:38:59,121.468000,31.209600,  0, 45,0
89457,2007-02-20 00:40:00,121.468100,31.209600,  0, 45,0
89457,2007-02-20 00:41:01,121.468100,31.209600,  0, 45,0
89457,2007-02-20 00:42:02,121.468100,31.209600,  0, 45,0
89457,2007-02-20 00:43:03,121.468100,31.209600,  0, 45,0
89457,2007-02-20 00:44:04,121.468100,31.209600,  0, 45,0
89457,2007-02-20 00:45:05,121.468100,31.209600,  0, 45,0
89457,2007-02-20 00:46:06,121.468100,31.209600,  0, 45,0
89457,2007-02-20 00:47:07,121.468100,31.209600,  0, 45,0
89457,2007-02-20 00:48:08,121.468300,31.209800,  0, 45,0
89457,2007-02-20 00:50:10,121.468500,31.209800,  0, 45,0
89457,2007-02-20 00:51:11,121.468500,31.209800,  0, 45,0
89457,2007-02-20 00:52:12,121.468500,31.209800,  0, 45,0
89457,2007-02-20 00:53:13,121.468500,31.209800,  0, 45,0
89457,2007-02-20 00:55:15,121.468500,31.209800,  0, 45,0
89457,2007-02-20 00:56:16,121.468500,31.209800,  0, 45,0
89457,2007-02-20 00:56:48,121.468500,31.209800, 14, 90,1
89457,2007-02-20 00:57:48,121.471500,31.202800, 68, 90,1
89457,2007-02-20 00:58:49,121.475500,31.193300, 60, 90,1
89457,2007-02-20 00:59:50,121.478600,31.185100, 76, 90,1
89457,2007-02-20 01:00:51,121.475000,31.177000, 70,112,1
89457,2007-02-20 01:01:52,121.477500,31.174100, 52, 22,1
89457,2007-02-20 01:02:23,121.479000,31.172600, 44, 90,0
89457,2007-02-20 01:02:38,121.479100,31.171800,  0, 90,0
89457,2007-02-20 01:03:05,121.479300,31.170800, 22, 90,0
89457,2007-02-20 01:03:27,121.479600,31.170000, 22, 90,0
89457,2007-02-20 01:04:28,121.480000,31.169000,  0, 90,0
89457,2007-02-20 01:04:57,121.481000,31.168800, 40, 45,0
89457,2007-02-20 01:05:13,121.482100,31.169000, 16, 45,0
89457,2007-02-20 01:05:29,121.482300,31.169000, 14, 45,1
89457,2007-02-20 01:07:30,121.497300,31.171300, 46, 45,1
89457,2007-02-20 01:08:31,121.500100,31.176100, 80,  0,1
89457,2007-02-20 01:09:32,121.499300,31.178800, 56,  0,1
89457,2007-02-20 01:10:33,121.497300,31.185600, 52, 22,1
89457,2007-02-20 01:11:34,121.500800,31.191600, 56, 22,1
89457,2007-02-20 01:12:35,121.505100,31.198600, 50, 22,1
89457,2007-02-20 01:12:41,121.505600,31.199100, 42, 22,0
89457,2007-02-20 01:12:56,121.506000,31.199600,  0, 22,0
89457,2007-02-20 01:13:57,121.506600,31.200300, 34, 22,0
89457,2007-02-20 01:14:13,121.507500,31.201600, 46, 22,0
89457,2007-02-20 01:14:29,121.508500,31.203500, 52,  0,0
89457,2007-02-20 01:14:58,121.509000,31.204300, 20, 67,0
89457,2007-02-20 01:15:14,121.510600,31.203800, 52, 45,0
89457,2007-02-20 01:15:30,121.512600,31.203300, 28, 45,0
89457,2007-02-20 01:15:46,121.512300,31.202100, 44,112,0
89457,2007-02-20 01:16:02,121.511600,31.201000, 40,112,0
89457,2007-02-20 01:16:18,121.510800,31.199500, 42, 90,0
89457,2007-02-20 01:16:34,121.510100,31.198300, 38,112,0
89457,2007-02-20 01:16:50,121.509000,31.197300, 34,112,0
89457,2007-02-20 01:17:25,121.507000,31.196300,  0,112,0
89457,2007-02-20 01:17:51,121.506000,31.195800, 24,112,0
89457,2007-02-20 01:18:07,121.504800,31.195000, 40,112,0
89457,2007-02-20 01:18:39,121.504600,31.192300, 44, 90,0
89457,2007-02-20 01:18:55,121.504600,31.191100, 34,135,0
89457,2007-02-20 01:19:19,121.503500,31.191100, 10,135,0
89457,2007-02-20 01:19:35,121.502100,31.191500, 40,157,0
89457,2007-02-20 01:20:22,121.501000,31.191800, 20,135,0
89457,2007-02-20 01:20:38,121.500100,31.190800, 48,112,0
89457,2007-02-20 01:20:54,121.499100,31.189000, 56,112,0
89457,2007-02-20 01:21:10,121.498300,31.187300, 40,112,0
89457,2007-02-20 01:21:47,121.496000,31.184300, 28,112,0
89457,2007-02-20 01:22:03,121.496600,31.183500, 40, 67,0
89457,2007-02-20 01:22:19,121.497600,31.182000, 44, 67,0
89457,2007-02-20 01:22:34,121.498100,31.181100, 18, 67,0
89457,2007-02-20 01:22:51,121.499500,31.181500, 32, 45,0
89457,2007-02-20 01:23:23,121.501600,31.180600, 40, 90,0
89457,2007-02-20 01:23:39,121.502100,31.178800, 46, 90,0
89457,2007-02-20 01:23:54,121.501800,31.178100, 36,135,0
89457,2007-02-20 01:24:11,121.500100,31.177800, 30,135,0
89457,2007-02-20 01:24:27,121.498600,31.177600, 40,135,0
89457,2007-02-20 01:24:43,121.496800,31.177300, 36,135,0
89457,2007-02-20 01:24:59,121.495500,31.177100, 26,135,0
89457,2007-02-20 01:25:44,121.494500,31.176800, 36,135,0
89457,2007-02-20 01:26:17,121.491100,31.176300, 12,135,0
89457,2007-02-20 01:26:49,121.491300,31.173800, 30, 90,0
89457,2007-02-20 01:27:09,121.491800,31.173000, 20, 90,0
89457,2007-02-20 01:27:27,121.492100,31.172000, 30, 90,0
89457,2007-02-20 01:27:43,121.492100,31.171000, 34, 90,0
89457,2007-02-20 01:28:44,121.492300,31.170300, 16, 90,0
89457,2007-02-20 01:28:59,121.492300,31.169000, 52, 90,0
89457,2007-02-20 01:29:16,121.492500,31.166800, 54, 90,0
89457,2007-02-20 01:29:32,121.492600,31.164800, 34, 90,0
89457,2007-02-20 01:29:48,121.491500,31.164000, 46,112,0
89457,2007-02-20 01:30:04,121.490000,31.163000, 32,112,0
89457,2007-02-20 01:30:19,121.488500,31.162300, 46,112,0
89457,2007-02-20 01:30:36,121.486600,31.161500, 32,112,0
89457,2007-02-20 01:30:52,121.486100,31.162000, 30,  0,0
89457,2007-02-20 01:31:08,121.486300,31.163300, 44,  0,0
89457,2007-02-20 01:31:24,121.486000,31.164600, 20,157,0
89457,2007-02-20 01:31:42,121.484800,31.164300, 32,112,0
89457,2007-02-20 01:31:58,121.483800,31.163600, 18,112,0
89457,2007-02-20 01:32:31,121.483500,31.163500, 24, 22,1
89457,2007-02-20 01:33:32,121.486100,31.161500, 48, 90,1
89457,2007-02-20 01:34:33,121.486500,31.156500, 26, 90,1
89457,2007-02-20 01:35:34,121.489300,31.150000, 30, 67,1
89457,2007-02-20 01:36:34,121.491300,31.145300, 40, 90,1
89457,2007-02-20 01:37:05,121.492000,31.143500, 22, 90,0
89457,2007-02-20 01:37:21,121.492000,31.143300,  0, 90,0
89457,2007-02-20 01:37:54,121.492500,31.142300, 30, 90,0
89457,2007-02-20 01:38:09,121.492800,31.141300, 20, 90,0
89457,2007-02-20 01:38:26,121.493100,31.140300, 32, 90,0
89457,2007-02-20 01:38:44,121.494000,31.140300, 36, 22,0
89457,2007-02-20 01:38:59,121.495300,31.141100, 40, 22,0
89457,2007-02-20 01:39:16,121.496300,31.141800, 22,  0,0
89457,2007-02-20 01:39:32,121.496000,31.142800, 34,  0,0
89457,2007-02-20 01:39:48,121.495300,31.144300, 44,  0,0
89457,2007-02-20 01:40:04,121.495000,31.145100, 16,  0,0
89457,2007-02-20 01:40:19,121.494600,31.146300, 36,  0,0
89457,2007-02-20 01:40:36,121.494100,31.147600, 38,  0,0
89457,2007-02-20 01:40:52,121.493500,31.148500, 28,135,0
89457,2007-02-20 01:41:08,121.491800,31.148100, 38,135,0
89457,2007-02-20 01:41:39,121.490600,31.148000, 18,135,0
89457,2007-02-20 01:42:39,121.488600,31.151500, 30,157,1
89457,2007-02-20 01:43:41,121.486600,31.155800, 16,  0,1
89457,2007-02-20 01:44:42,121.485100,31.160800, 50,112,1
89457,2007-02-20 01:45:43,121.478800,31.160600, 54,  0,1
89457,2007-02-20 01:46:44,121.475300,31.169100, 74,  0,1
89457,2007-02-20 01:47:44,121.476300,31.177600, 70, 22,1
89457,2007-02-20 01:48:46,121.478300,31.186500, 60,  0,1
89457,2007-02-20 01:49:47,121.474500,31.196300, 80,  0,1
89457,2007-02-20 01:50:48,121.466800,31.197100, 80,135,1
89457,2007-02-20 01:51:49,121.455500,31.190600, 76,112,1
89457,2007-02-20 01:52:49,121.446100,31.187300, 22,112,1
89457,2007-02-20 01:53:00,121.445600,31.187600, 32,157,0
89457,2007-02-20 01:53:16,121.444800,31.189100, 50,157,0
89457,2007-02-20 01:53:32,121.444500,31.190300, 30, 22,0
89457,2007-02-20 01:53:48,121.446500,31.191100, 62, 22,0
89457,2007-02-20 01:54:04,121.449100,31.192100, 68, 22,0
89457,2007-02-20 01:54:19,121.451100,31.193000, 52, 22,0
89457,2007-02-20 01:54:36,121.452500,31.193500, 20, 22,0
89457,2007-02-20 01:56:22,121.457100,31.195300, 46, 22,0
89457,2007-02-20 01:56:38,121.458600,31.196000, 16, 22,0
89457,2007-02-20 01:57:29,121.458000,31.197800, 24,157,0
89457,2007-02-20 01:57:47,121.457500,31.198800, 36,  0,0
89457,2007-02-20 01:58:43,121.457300,31.199800, 24,  0,0
89457,2007-02-20 01:58:59,121.457100,31.201000,  0,  0,0
89457,2007-02-20 01:59:59,121.456800,31.201800, 36,  0,0
89457,2007-02-20 02:00:16,121.456500,31.203300, 46,  0,0
89457,2007-02-20 02:01:31,121.458000,31.204800, 34, 45,0
89457,2007-02-20 02:01:47,121.460100,31.205300, 54, 45,0
89457,2007-02-20 02:02:03,121.461800,31.206000, 18, 45,0
89457,2007-02-20 02:02:39,121.462800,31.206500, 44, 22,0
89457,2007-02-20 02:02:56,121.464800,31.207100, 44, 45,0
89457,2007-02-20 02:03:12,121.466600,31.207800, 46, 22,0
89457,2007-02-20 02:03:28,121.467300,31.209300, 46,  0,0
89457,2007-02-20 02:03:44,121.468300,31.210000,  6, 67,0
89457,2007-02-20 02:04:44,121.468300,31.210000,  0, 67,0
89457,2007-02-20 02:05:46,121.468300,31.210000,  0, 67,0
89457,2007-02-20 02:06:47,121.468300,31.210000,  0, 67,0
89457,2007-02-20 02:07:48,121.468300,31.210000,  0, 67,0
89457,2007-02-20 02:08:49,121.468300,31.210000,  0, 67,0
89457,2007-02-20 02:09:49,121.468300,31.210000,  0, 67,0
89457,2007-02-20 02:11:18,121.468500,31.210000, 12, 67,1
89457,2007-02-20 02:12:19,121.471300,31.202000, 76, 90,1
89457,2007-02-20 02:13:19,121.464600,31.196300, 84,112,1
89457,2007-02-20 02:14:46,121.448500,31.188000, 88,135,1
89457,2007-02-20 02:15:47,121.437000,31.180100, 68,112,1
89457,2007-02-20 02:16:48,121.431100,31.181100, 44, 90,1
89457,2007-02-20 02:17:49,121.426800,31.176500, 58,135,1
89457,2007-02-20 02:18:50,121.422300,31.174800, 34,135,1
89457,2007-02-20 02:19:04,121.422000,31.174600,  0,135,0
89457,2007-02-20 02:19:25,121.421100,31.174300, 34,112,0
89457,2007-02-20 02:21:22,121.419300,31.173500, 20, 90,0
89457,2007-02-20 02:21:37,121.419600,31.172100, 46, 90,0
89457,2007-02-20 02:21:53,121.420100,31.170500, 52, 90,0
89457,2007-02-20 02:22:41,121.420300,31.169300, 24, 67,0
89457,2007-02-20 02:22:57,121.422300,31.169600, 56, 45,0
89457,2007-02-20 02:23:13,121.424800,31.170000, 50, 45,0
89457,2007-02-20 02:23:29,121.426600,31.170000, 38, 45,0
89457,2007-02-20 02:23:45,121.428600,31.170000, 44, 45,0
89457,2007-02-20 02:24:26,121.429800,31.170100, 24, 45,0
89457,2007-02-20 02:24:42,121.430300,31.171500, 54,  0,0
89457,2007-02-20 02:24:58,121.430500,31.173800, 66,  0,0
89457,2007-02-20 02:25:14,121.430600,31.176100, 64,  0,0
89457,2007-02-20 02:25:30,121.431000,31.178800, 74,  0,0
89457,2007-02-20 02:25:46,121.432300,31.180100, 52, 22,0
89457,2007-02-20 02:26:02,121.434800,31.179800, 64, 45,0
89457,2007-02-20 02:26:18,121.437800,31.180500, 78, 22,0
89457,2007-02-20 02:26:34,121.440500,31.182500, 74, 22,0
89457,2007-02-20 02:26:50,121.442600,31.184100, 58, 22,0
89457,2007-02-20 02:27:06,121.444100,31.185600, 54, 22,0
89457,2007-02-20 02:27:22,121.446000,31.187000, 54, 22,0
89457,2007-02-20 02:27:38,121.448000,31.187600, 52, 45,0
89457,2007-02-20 02:27:54,121.450100,31.188300, 54, 45,0
89457,2007-02-20 02:28:10,121.452500,31.188800, 54, 45,0
89457,2007-02-20 02:28:26,121.454600,31.190000, 68, 22,0
89457,2007-02-20 02:28:42,121.457100,31.191500, 72, 22,0
89457,2007-02-20 02:28:58,121.459800,31.193300, 84, 22,0
89457,2007-02-20 02:29:14,121.463000,31.195100, 86, 22,0
89457,2007-02-20 02:29:30,121.466100,31.196800, 84, 22,0
89457,2007-02-20 02:29:46,121.469500,31.198000, 78, 45,0
89457,2007-02-20 02:30:05,121.472600,31.198300, 46, 67,0
89457,2007-02-20 02:30:18,121.473600,31.197100, 56, 67,0
89457,2007-02-20 02:30:34,121.474500,31.195300, 40, 90,0
89457,2007-02-20 02:30:50,121.475000,31.194100, 30, 90,0
89457,2007-02-20 02:31:06,121.475500,31.193000, 38, 90,0
89457,2007-02-20 02:31:22,121.476100,31.191500, 50, 90,0
89457,2007-02-20 02:31:38,121.476800,31.189500, 56, 90,0
89457,2007-02-20 02:31:54,121.477600,31.187500, 58, 90,0
89457,2007-02-20 02:32:16,121.479100,31.183800, 88, 90,0
89457,2007-02-20 02:32:26,121.480000,31.181600, 92, 90,0
89457,2007-02-20 02:32:42,121.478500,31.178800, 86,112,0
89457,2007-02-20 02:33:14,121.473300,31.175000, 64, 90,0
89457,2007-02-20 02:33:46,121.475100,31.169100, 86, 90,0
89457,2007-02-20 02:34:02,121.476300,31.166100, 78, 90,0
89457,2007-02-20 02:34:18,121.477500,31.163500, 80, 90,0
89457,2007-02-20 02:34:34,121.478500,31.160800, 54, 90,0
89457,2007-02-20 02:34:50,121.479300,31.158800, 50, 90,0
89457,2007-02-20 02:35:06,121.480300,31.158500, 18, 45,0
89457,2007-02-20 02:36:07,121.480500,31.158300,  0, 90,0
89457,2007-02-20 02:36:41,121.480600,31.158600, 26, 22,0
89457,2007-02-20 02:37:29,121.484100,31.160100, 36, 22,0
89457,2007-02-20 02:37:45,121.485600,31.160800, 38, 22,0
89457,2007-02-20 02:38:01,121.486100,31.159600, 48, 90,0
89457,2007-02-20 02:38:17,121.486100,31.158100, 44, 90,0
89457,2007-02-20 02:38:33,121.486300,31.156500, 28, 90,0
89457,2007-02-20 02:38:56,121.487100,31.156100, 22, 45,0
89457,2007-02-20 02:39:12,121.488500,31.156300, 26, 45,0
89457,2007-02-20 02:40:13,121.489000,31.156500,  0, 22,0
89457,2007-02-20 02:41:14,121.489000,31.156500,  0, 22,0
89457,2007-02-20 02:42:15,121.489000,31.156500,  0, 22,0
89457,2007-02-20 02:43:16,121.489000,31.156500,  0, 22,0
89457,2007-02-20 02:44:17,121.489000,31.156500,  0, 22,0
89457,2007-02-20 02:45:18,121.489000,31.156500,  0, 22,0
89457,2007-02-20 02:46:19,121.489000,31.156500,  0, 22,0
89457,2007-02-20 02:47:20,121.489000,31.156500,  0, 22,0
89457,2007-02-20 02:48:21,121.489000,31.156500,  0, 22,0
89457,2007-02-20 02:49:22,121.489000,31.156500,  0, 22,0
89457,2007-02-20 02:50:23,121.489000,31.156500,  0, 22,0
89457,2007-02-20 02:51:24,121.489000,31.156500,  0, 22,0
89457,2007-02-20 02:52:25,121.489000,31.156500,  0, 22,0
89457,2007-02-20 02:53:26,121.489000,31.156500,  0, 22,0
89457,2007-02-20 02:54:27,121.489000,31.156500,  0, 22,0
89457,2007-02-20 02:55:28,121.489000,31.156500,  0, 22,0
89457,2007-02-20 02:56:29,121.489000,31.156500,  0, 22,0
89457,2007-02-20 02:57:30,121.489000,31.156500,  0, 22,0
89457,2007-02-20 02:58:31,121.489000,31.156500,  0, 22,0
89457,2007-02-20 02:59:32,121.489000,31.156500,  0, 22,0
89457,2007-02-20 03:00:33,121.489000,31.156500,  0, 22,0
89457,2007-02-20 03:01:34,121.489000,31.156500,  0, 22,0
89457,2007-02-20 03:02:35,121.489000,31.156500,  0, 22,0
89457,2007-02-20 03:03:36,121.489000,31.156500,  0, 22,0
89457,2007-02-20 03:04:37,121.489000,31.156500,  0, 22,0
89457,2007-02-20 03:05:38,121.489000,31.156500,  0, 22,0
89457,2007-02-20 03:06:39,121.489000,31.156500,  0, 22,0
89457,2007-02-20 03:07:40,121.489000,31.156500,  0, 22,0
89457,2007-02-20 03:08:41,121.489000,31.156500,  0, 22,0
89457,2007-02-20 03:09:42,121.489000,31.156500,  0, 22,0
89457,2007-02-20 03:10:43,121.489000,31.156500,  0, 22,0
89457,2007-02-20 03:11:44,121.489000,31.156500,  0, 22,0
89457,2007-02-20 03:12:45,121.489000,31.156500,  0, 22,0
89457,2007-02-20 03:13:46,121.489000,31.156500,  0, 22,0
89457,2007-02-20 03:14:46,121.489000,31.156500,  0, 22,0
89457,2007-02-20 03:15:47,121.489000,31.156500,  0, 22,0
89457,2007-02-20 03:16:48,121.489000,31.156500,  0, 22,0
89457,2007-02-20 03:17:49,121.489000,31.156500,  0, 22,0
89457,2007-02-20 03:18:50,121.489000,31.156500,  0, 22,0
89457,2007-02-20 03:20:52,121.489000,31.156500,  0, 22,0
89457,2007-02-20 03:21:53,121.489000,31.156500,  0, 22,0
89457,2007-02-20 03:22:54,121.489000,31.156500,  0, 22,0
89457,2007-02-20 03:23:55,121.489000,31.156500,  0, 22,0
89457,2007-02-20 03:24:57,121.489000,31.156500,  0, 22,0
89457,2007-02-20 03:25:57,121.489000,31.156500,  0, 22,0
89457,2007-02-20 03:26:58,121.489000,31.156500,  0, 22,0
89457,2007-02-20 03:27:59,121.489000,31.156500,  0, 22,0
89457,2007-02-20 03:29:00,121.489000,31.156500,  0, 22,0
89457,2007-02-20 03:30:01,121.489000,31.156500,  0, 22,0
89457,2007-02-20 03:32:03,121.489000,31.156500,  0, 22,0
89457,2007-02-20 03:33:04,121.489000,31.156500,  0, 22,0
89457,2007-02-20 03:34:05,121.489000,31.156500,  0, 22,0
89457,2007-02-20 03:35:06,121.489000,31.156500,  0, 22,0
89457,2007-02-20 03:36:07,121.489000,31.156500,  0, 22,0
89457,2007-02-20 03:37:08,121.489000,31.156500,  0, 22,0
89457,2007-02-20 03:38:09,121.488800,31.156600,  0, 22,0
89457,2007-02-20 03:39:10,121.488800,31.156600,  0, 22,0
89457,2007-02-20 03:40:11,121.488800,31.156600,  0, 22,0
89457,2007-02-20 03:41:12,121.488800,31.156600,  0, 22,0
89457,2007-02-20 03:42:13,121.488800,31.156600,  0, 22,0
89457,2007-02-20 03:43:14,121.488800,31.156600,  0, 22,0
89457,2007-02-20 03:44:15,121.488800,31.156600,  0, 22,0
89457,2007-02-20 03:46:18,121.488800,31.156600,  0, 22,0
89457,2007-02-20 03:47:18,121.488800,31.156600,  0, 22,0
89457,2007-02-20 03:48:20,121.488800,31.156600,  0, 22,0
89457,2007-02-20 03:49:21,121.488800,31.156600,  0, 22,0
89457,2007-02-20 03:50:22,121.488800,31.156600,  0, 22,0
89457,2007-02-20 03:51:23,121.488800,31.156600,  0, 22,0
89457,2007-02-20 03:52:23,121.488800,31.156600,  0, 22,0
89457,2007-02-20 03:53:25,121.488800,31.156600,  0, 22,0
89457,2007-02-20 03:54:26,121.488800,31.156600,  0, 22,0
89457,2007-02-20 03:55:27,121.488800,31.156600,  0, 22,0
89457,2007-02-20 03:56:28,121.488800,31.156600,  0, 22,0
89457,2007-02-20 03:57:28,121.488800,31.156600,  0, 22,0
89457,2007-02-20 03:59:31,121.488800,31.156600,  0, 22,0
89457,2007-02-20 04:00:32,121.488800,31.156600,  0, 22,0
89457,2007-02-20 04:01:33,121.488800,31.156600,  0, 22,0
89457,2007-02-20 04:03:35,121.488800,31.156600,  0, 22,0
89457,2007-02-20 04:04:36,121.488800,31.156600,  0, 22,0
89457,2007-02-20 04:05:37,121.488800,31.156600,  0, 22,0
89457,2007-02-20 04:06:38,121.488800,31.156600,  0, 22,0
89457,2007-02-20 04:08:40,121.488800,31.156600,  0, 22,0
89457,2007-02-20 04:09:41,121.488800,31.156600,  0, 22,0
89457,2007-02-20 04:10:42,121.488800,31.156600,  0, 22,0
89457,2007-02-20 04:12:43,121.488800,31.156600,  0, 22,0
89457,2007-02-20 04:13:45,121.488800,31.156600,  0, 22,0
89457,2007-02-20 04:14:46,121.488800,31.156600,  0, 22,0
89457,2007-02-20 04:15:47,121.488800,31.156600,  0, 22,0
89457,2007-02-20 04:16:48,121.488800,31.156600,  0, 22,0
89457,2007-02-20 04:17:48,121.488800,31.156600,  0, 22,0
89457,2007-02-20 04:18:50,121.488800,31.156600,  0, 22,0
89457,2007-02-20 04:19:51,121.488800,31.156600,  0, 22,0
89457,2007-02-20 04:20:52,121.488800,31.156600,  0, 22,0
89457,2007-02-20 04:21:53,121.488800,31.156600,  0, 22,0
89457,2007-02-20 04:22:53,121.488800,31.156600,  0, 22,0
89457,2007-02-20 04:23:55,121.488800,31.156600,  0, 22,0
89457,2007-02-20 04:25:57,121.488800,31.156600,  0, 22,0
89457,2007-02-20 04:26:58,121.488800,31.156600,  0, 22,0
89457,2007-02-20 04:27:58,121.488800,31.156600,  0, 22,0
89457,2007-02-20 04:29:00,121.488800,31.156600,  0, 22,0
89457,2007-02-20 04:31:02,121.488800,31.156600,  0, 22,0
89457,2007-02-20 04:32:03,121.488800,31.156600,  0, 22,0
89457,2007-02-20 04:33:03,121.488800,31.156600,  0, 22,0
89457,2007-02-20 04:34:05,121.488800,31.156600,  0, 22,0
89457,2007-02-20 04:35:06,121.488800,31.156600,  0, 22,0
89457,2007-02-20 04:36:07,121.488800,31.156600,  0, 22,0
89457,2007-02-20 04:37:08,121.488800,31.156600,  0, 22,0
89457,2007-02-20 04:38:08,121.488800,31.156600,  0, 22,0
89457,2007-02-20 04:39:10,121.488800,31.156600,  0, 22,0
89457,2007-02-20 04:40:11,121.488800,31.156600,  0, 22,0
89457,2007-02-20 04:41:12,121.488800,31.156600,  0, 22,0
89457,2007-02-20 04:42:13,121.488800,31.156600,  0, 22,0
89457,2007-02-20 04:43:13,121.488800,31.156600,  0, 22,0
89457,2007-02-20 04:44:15,121.488800,31.156600,  0, 22,0
89457,2007-02-20 04:45:16,121.488800,31.156600,  0, 22,0
89457,2007-02-20 04:46:17,121.488800,31.156600,  0, 22,0
89457,2007-02-20 04:47:18,121.488800,31.156600,  0, 22,0
89457,2007-02-20 04:49:20,121.488800,31.156600,  0, 22,0
89457,2007-02-20 04:50:21,121.488800,31.156600,  0, 22,0
89457,2007-02-20 04:51:22,121.488800,31.156600,  0, 22,0
89457,2007-02-20 04:52:23,121.488800,31.156600,  0, 22,0
89457,2007-02-20 04:53:23,121.488800,31.156600,  0, 22,0
89457,2007-02-20 04:54:25,121.488800,31.156600,  0, 22,0
89457,2007-02-20 04:55:26,121.488800,31.156600,  0, 22,0
89457,2007-02-20 04:56:27,121.488800,31.156600,  0, 22,0
89457,2007-02-20 04:57:28,121.488800,31.156600,  0, 22,0
89457,2007-02-20 04:58:28,121.488800,31.156600,  0, 22,0
89457,2007-02-20 04:59:30,121.488800,31.156600,  0, 22,0
89457,2007-02-20 05:00:31,121.488800,31.156600,  0, 22,0
89457,2007-02-20 05:01:32,121.488800,31.156600,  0, 22,0
89457,2007-02-20 05:02:33,121.488800,31.156600,  0, 22,0
89457,2007-02-20 05:03:33,121.488800,31.156600,  0, 22,0
89457,2007-02-20 05:04:35,121.488800,31.156600,  0, 22,0
89457,2007-02-20 05:05:36,121.488800,31.156600,  0, 22,0
89457,2007-02-20 05:07:38,121.488800,31.156600,  0, 22,0
89457,2007-02-20 05:08:38,121.488800,31.156600,  0, 22,0
89457,2007-02-20 05:09:40,121.488800,31.156600,  0, 22,0
89457,2007-02-20 05:10:41,121.488800,31.156600,  0, 22,0
89457,2007-02-20 05:12:43,121.488800,31.156600,  0, 22,0
89457,2007-02-20 05:13:43,121.488800,31.156600,  0, 22,0
89457,2007-02-20 05:14:45,121.488800,31.156600,  0, 22,0
89457,2007-02-20 05:15:46,121.488800,31.156600,  0, 22,0
89457,2007-02-20 05:16:47,121.488800,31.156600,  0, 22,0
89457,2007-02-20 05:17:48,121.488800,31.156600,  0, 22,0
89457,2007-02-20 05:18:48,121.488800,31.156600,  0, 22,0
89457,2007-02-20 05:19:50,121.488800,31.156600,  0, 22,0
89457,2007-02-20 05:21:52,121.488800,31.156600,  0, 22,0
89457,2007-02-20 05:22:53,121.488800,31.156600,  0, 22,0
89457,2007-02-20 05:23:53,121.488800,31.156600,  0, 22,0
89457,2007-02-20 05:24:55,121.488800,31.156600,  0, 22,0
89457,2007-02-20 05:26:57,121.488800,31.156600,  0, 22,0
89457,2007-02-20 05:27:58,121.488800,31.156600,  0, 22,0
89457,2007-02-20 05:28:58,121.488800,31.156600,  0, 22,0
89457,2007-02-20 05:30:00,121.488800,31.156600,  0, 22,0
89457,2007-02-20 05:31:01,121.488800,31.156600,  0, 22,0
89457,2007-02-20 05:32:02,121.488800,31.156600,  0, 22,0
89457,2007-02-20 05:33:03,121.488800,31.156600,  0, 22,0
89457,2007-02-20 05:34:03,121.488800,31.156600,  0, 22,0
89457,2007-02-20 05:35:05,121.488800,31.156600,  0, 22,0
89457,2007-02-20 05:36:06,121.488800,31.156600,  0, 22,0
89457,2007-02-20 05:37:07,121.488800,31.156600,  0, 22,0
89457,2007-02-20 05:38:08,121.488800,31.156600,  0, 22,0
89457,2007-02-20 05:39:08,121.488800,31.156600,  0, 22,0
89457,2007-02-20 05:40:10,121.488800,31.156600,  0, 22,0
89457,2007-02-20 05:41:11,121.488800,31.156600,  0, 22,0
89457,2007-02-20 05:42:12,121.488800,31.156600,  0, 22,0
89457,2007-02-20 05:43:13,121.488800,31.156600,  0, 22,0
89457,2007-02-20 05:44:13,121.488800,31.156600,  0, 22,0
89457,2007-02-20 05:45:15,121.488800,31.156600,  0, 22,0
89457,2007-02-20 05:46:16,121.488800,31.156600,  0, 22,0
89457,2007-02-20 05:47:17,121.488800,31.156600,  0, 22,0
89457,2007-02-20 05:48:18,121.488800,31.156600,  0, 22,0
89457,2007-02-20 05:49:18,121.488800,31.156600,  0, 22,0
89457,2007-02-20 05:50:20,121.488800,31.156600,  0, 22,0
89457,2007-02-20 05:51:21,121.488800,31.156600,  0, 22,0
89457,2007-02-20 05:52:22,121.488800,31.156600,  0, 22,0
89457,2007-02-20 05:53:23,121.488800,31.156600,  0, 22,0
89457,2007-02-20 05:54:23,121.488800,31.156600,  0, 22,0
89457,2007-02-20 05:55:25,121.488800,31.156600,  0, 22,0
89457,2007-02-20 05:56:26,121.488800,31.156800,  0, 22,0
89457,2007-02-20 05:57:27,121.488600,31.157000,  0, 22,0
89457,2007-02-20 05:58:28,121.488600,31.157000,  0, 22,0
89457,2007-02-20 05:59:28,121.488600,31.157000,  0, 22,0
89457,2007-02-20 06:00:30,121.488600,31.157100,  0, 22,0
89457,2007-02-20 06:01:31,121.488800,31.156800,  0, 22,0
89457,2007-02-20 06:02:32,121.488800,31.156800,  0, 22,0
89457,2007-02-20 06:03:33,121.488800,31.156800,  0, 22,0
89457,2007-02-20 06:04:33,121.488800,31.156800,  0, 22,0
89457,2007-02-20 06:05:35,121.488800,31.156800,  0, 22,0
89457,2007-02-20 06:06:36,121.488800,31.156800,  0, 22,0
89457,2007-02-20 06:07:37,121.488800,31.156600,  0, 22,0
89457,2007-02-20 06:08:38,121.488800,31.156800,  0, 22,0
89457,2007-02-20 06:09:38,121.488800,31.156600,  0, 22,0
89457,2007-02-20 06:10:40,121.488800,31.156600,  0, 22,0
89457,2007-02-20 06:11:41,121.488800,31.156600,  0, 22,0
89457,2007-02-20 06:12:42,121.488800,31.156600,  0, 22,0
89457,2007-02-20 06:13:43,121.488800,31.156600,  0, 22,0
89457,2007-02-20 06:16:46,121.488800,31.156800,  0, 22,0
89457,2007-02-20 06:18:48,121.488800,31.156600,  0, 22,0
89457,2007-02-20 06:19:48,121.488800,31.156600,  0, 22,0
89457,2007-02-20 06:20:50,121.488800,31.156600,  0, 22,0
89457,2007-02-20 06:21:51,121.488800,31.156600,  0, 22,0
89457,2007-02-20 06:22:52,121.488800,31.156600,  0, 22,0
89457,2007-02-20 06:23:53,121.488800,31.156600,  0, 22,0
89457,2007-02-20 06:24:53,121.488800,31.156600,  0, 22,0
89457,2007-02-20 06:25:55,121.488800,31.156600,  0, 22,0
89457,2007-02-20 06:26:56,121.488800,31.156600,  0, 22,0
89457,2007-02-20 06:27:57,121.488800,31.156600,  0, 22,0
89457,2007-02-20 06:28:58,121.488800,31.156600,  0, 22,0
89457,2007-02-20 06:29:58,121.488800,31.156600,  0, 22,0
89457,2007-02-20 06:31:00,121.488800,31.156600,  0, 22,0
89457,2007-02-20 06:32:01,121.488800,31.156600,  0, 22,0
89457,2007-02-20 06:33:02,121.488800,31.156600,  0, 22,0
89457,2007-02-20 06:34:03,121.488800,31.156600,  0, 22,0
89457,2007-02-20 06:35:03,121.488800,31.156600,  0, 22,0
89457,2007-02-20 06:35:43,121.487800,31.156300, 42,135,0
89457,2007-02-20 06:36:15,121.486300,31.158100, 46,  0,0
89457,2007-02-20 06:36:31,121.486100,31.160000, 48,  0,0
89457,2007-02-20 06:36:47,121.485800,31.161000, 32,135,0
89457,2007-02-20 06:37:03,121.484100,31.160300, 40,112,0
89457,2007-02-20 06:37:18,121.482300,31.159500, 52,112,0
89457,2007-02-20 06:37:35,121.480500,31.158600, 18,112,0
89457,2007-02-20 06:40:52,121.479800,31.157600, 40, 90,0
89457,2007-02-20 06:41:08,121.480500,31.155800, 56, 90,0
89457,2007-02-20 06:41:23,121.481000,31.154100, 38, 90,0
89457,2007-02-20 06:41:40,121.481600,31.152600, 40, 90,0
89457,2007-02-20 06:41:56,121.482100,31.151100, 40, 90,0
89457,2007-02-20 06:42:12,121.482600,31.149500, 52, 90,0
89457,2007-02-20 06:42:28,121.483500,31.147600, 48, 90,0
89457,2007-02-20 06:43:45,121.483800,31.146500,  0, 90,0
89457,2007-02-20 06:44:17,121.485000,31.146600, 42, 45,0
89457,2007-02-20 06:44:53,121.486000,31.148000, 32, 22,0
89457,2007-02-20 06:45:38,121.486300,31.148300, 26,112,0
89457,2007-02-20 06:45:57,121.485500,31.147500, 16, 90,0
89457,2007-02-20 06:46:18,121.485100,31.146600, 30,135,0
89457,2007-02-20 06:47:06,121.482600,31.150600, 60,  0,0
89457,2007-02-20 06:47:22,121.481800,31.152800, 56,  0,0
89457,2007-02-20 06:47:38,121.481100,31.154600, 50,  0,0
89457,2007-02-20 06:47:53,121.480600,31.156300, 42,  0,0
89457,2007-02-20 06:48:10,121.480100,31.157600, 14,  0,0
89457,2007-02-20 06:49:11,121.480300,31.158000,  0,  0,0
89457,2007-02-20 06:50:12,121.480300,31.158000,  0,  0,0
89457,2007-02-20 06:52:14,121.480300,31.158000,  0,  0,0
89457,2007-02-20 06:53:15,121.480300,31.158100,  0,  0,0
89457,2007-02-20 06:54:16,121.480300,31.158100,  0,  0,0
89457,2007-02-20 06:54:36,121.481000,31.158800, 46, 22,0
89457,2007-02-20 06:54:52,121.483100,31.159800, 56, 22,0
89457,2007-02-20 06:55:08,121.485600,31.161000, 50, 22,0
89457,2007-02-20 06:55:24,121.486100,31.159800, 56, 90,0
89457,2007-02-20 06:55:56,121.486800,31.155300, 60, 90,0
89457,2007-02-20 06:56:12,121.487800,31.153000, 60, 67,0
89457,2007-02-20 06:56:28,121.488500,31.151600,  4, 67,0
89457,2007-02-20 06:56:50,121.489500,31.151600, 52, 45,0
89457,2007-02-20 06:57:06,121.492100,31.152300, 56, 45,0
89457,2007-02-20 06:57:22,121.494500,31.152600, 54, 45,0
89457,2007-02-20 06:57:38,121.496500,31.153000, 22, 45,0
89457,2007-02-20 06:58:39,121.496600,31.153000,  0, 45,0
89457,2007-02-20 06:59:11,121.497600,31.153300, 26, 45,0
89457,2007-02-20 06:59:27,121.499000,31.153500,  6, 22,0
89457,2007-02-20 06:59:58,121.498000,31.153300, 26,135,0
89457,2007-02-20 07:00:14,121.496300,31.153000, 44,135,0
89457,2007-02-20 07:00:30,121.494300,31.152600, 46,135,0
89457,2007-02-20 07:00:46,121.492600,31.152000, 38, 90,0
89457,2007-02-20 07:01:02,121.493000,31.150300, 42, 90,0
89457,2007-02-20 07:01:34,121.492300,31.148300, 38,135,0
89457,2007-02-20 07:01:50,121.490800,31.148000, 20,135,0
89457,2007-02-20 07:02:29,121.490000,31.147800, 38,135,0
89457,2007-02-20 07:03:30,121.489300,31.147600,  0,135,0
89457,2007-02-20 07:04:31,121.489300,31.147600,  0,135,0
89457,2007-02-20 07:05:42,121.486800,31.147100, 24,135,0
89457,2007-02-20 07:06:00,121.487800,31.147300, 30, 45,0
89457,2007-02-20 07:06:16,121.489000,31.147600, 24, 45,0
89457,2007-02-20 07:06:32,121.490100,31.147800, 28, 45,0
89457,2007-02-20 07:06:58,121.491300,31.148100,  8, 45,0
89457,2007-02-20 07:07:01,121.491500,31.148100, 24, 45,1
89457,2007-02-20 07:08:02,121.495000,31.145000, 54, 90,1
89457,2007-02-20 07:09:03,121.497300,31.142000, 38, 45,1
89457,2007-02-20 07:10:04,121.505500,31.144800, 48, 45,1
89457,2007-02-20 07:11:05,121.510100,31.140500, 46, 22,1
89457,2007-02-20 07:13:07,121.516300,31.145300, 42,157,1
89457,2007-02-20 07:14:08,121.518300,31.149000, 40,157,1
89457,2007-02-20 07:16:07,121.517100,31.152800,  0, 45,0
89457,2007-02-20 07:16:22,121.517100,31.152800,  0, 45,0
89457,2007-02-20 07:17:23,121.517100,31.152800,  6,  0,0
89457,2007-02-20 07:18:00,121.516600,31.152100, 22, 67,0
89457,2007-02-20 07:18:30,121.517600,31.152000,  8, 67,0
89457,2007-02-20 07:18:54,121.518600,31.152000, 22, 22,0
89457,2007-02-20 07:19:10,121.519800,31.152500, 22, 22,0
89457,2007-02-20 07:19:35,121.521000,31.152300, 18, 67,0
89457,2007-02-20 07:19:52,121.521500,31.151500, 32, 67,0
89457,2007-02-20 07:20:08,121.522100,31.150600, 24, 67,0
89457,2007-02-20 07:20:28,121.522500,31.149800, 20,112,0
89457,2007-02-20 07:20:47,121.521500,31.149500, 26,135,0
89457,2007-02-20 07:21:12,121.520600,31.149000, 14, 45,0
89457,2007-02-20 07:21:37,121.521600,31.149300, 34, 45,0
89457,2007-02-20 07:21:53,121.523000,31.149500, 34, 67,0
89457,2007-02-20 07:22:09,121.524000,31.147800, 48, 67,0
89457,2007-02-20 07:22:41,121.524300,31.145600, 38,135,0
89457,2007-02-20 07:23:30,121.523100,31.145300, 26,135,0
89457,2007-02-20 07:23:46,121.521500,31.145000, 44,135,0
89457,2007-02-20 07:24:02,121.519500,31.144500, 44,135,0
89457,2007-02-20 07:24:18,121.517000,31.143800, 62,112,0
89457,2007-02-20 07:24:34,121.514800,31.142800, 60,112,0
89457,2007-02-20 07:24:50,121.512600,31.141600, 60,112,0
89457,2007-02-20 07:25:06,121.510600,31.140800, 44,112,0
89457,2007-02-20 07:25:22,121.509300,31.140600, 36,157,0
89457,2007-02-20 07:25:54,121.507000,31.144100, 54,157,0
89457,2007-02-20 07:26:10,121.505800,31.145000, 30,135,0
89457,2007-02-20 07:26:42,121.502600,31.143800, 40,135,0
89457,2007-02-20 07:26:58,121.501000,31.143100, 38,135,0
89457,2007-02-20 07:27:14,121.499300,31.142500, 46,135,0
89457,2007-02-20 07:27:46,121.496300,31.141800, 16,157,0
89457,2007-02-20 07:28:03,121.495800,31.142600, 38,  0,0
89457,2007-02-20 07:28:19,121.495500,31.144000, 26,  0,0
89457,2007-02-20 07:28:35,121.495100,31.144800, 30,  0,0
89457,2007-02-20 07:29:29,121.494600,31.145800, 32,  0,0
89457,2007-02-20 07:29:45,121.494100,31.147100, 40,  0,0
89457,2007-02-20 07:30:05,121.493800,31.148100, 12,  0,0
89457,2007-02-20 07:30:25,121.493000,31.148500, 34,135,0
89457,2007-02-20 07:30:41,121.491300,31.148100, 32,135,0
89457,2007-02-20 07:31:22,121.490100,31.147800, 24,135,0
89457,2007-02-20 07:31:39,121.489000,31.147500, 26,135,0
89457,2007-02-20 07:31:55,121.487800,31.147300, 30,135,0
89457,2007-02-20 07:32:18,121.487000,31.147000, 18, 45,0
89457,2007-02-20 07:32:34,121.488100,31.147300, 20, 45,0
89457,2007-02-20 07:32:54,121.489300,31.147600, 18, 45,0
89457,2007-02-20 07:33:27,121.490500,31.147800, 28, 45,0
89457,2007-02-20 07:33:43,121.491800,31.148100, 30, 45,0
89457,2007-02-20 07:33:59,121.493100,31.148500, 30, 45,0
89457,2007-02-20 07:34:31,121.494300,31.146500, 40, 90,0
89457,2007-02-20 07:34:47,121.494600,31.145300, 14, 90,0
89457,2007-02-20 07:35:04,121.493800,31.145000, 28,112,0
89457,2007-02-20 07:35:20,121.492500,31.144500, 36,112,0
89457,2007-02-20 07:35:37,121.491300,31.144100, 30,135,0
89457,2007-02-20 07:35:53,121.490000,31.143800, 36,135,0
89457,2007-02-20 07:36:25,121.487300,31.143100, 20,135,0
89457,2007-02-20 07:36:45,121.486100,31.142800, 20,135,0
89457,2007-02-20 07:37:08,121.485300,31.143100, 40,  0,0
89457,2007-02-20 07:37:24,121.484600,31.145000, 54,  0,0
89457,2007-02-20 07:37:40,121.484300,31.146100,  4,  0,0
89457,2007-02-20 07:38:10,121.485000,31.146600, 30, 45,0
89457,2007-02-20 07:38:26,121.486500,31.147000, 38, 45,0
89457,2007-02-20 07:38:42,121.488100,31.147300, 32, 45,0
89457,2007-02-20 07:38:58,121.489300,31.147500, 18, 45,0
89457,2007-02-20 07:39:33,121.490500,31.147800, 20, 45,0
89457,2007-02-20 07:39:50,121.491600,31.148100, 36, 45,0
89457,2007-02-20 07:41:01,121.493800,31.148300, 12,  0,1
89457,2007-02-20 07:42:02,121.496800,31.153000, 56, 45,1
89457,2007-02-20 07:43:03,121.504100,31.154600, 42, 45,1
89457,2007-02-20 07:44:03,121.509100,31.153000, 42, 22,1
89457,2007-02-20 07:45:04,121.514800,31.155600, 26, 22,1
89457,2007-02-20 07:46:05,121.516800,31.159100, 40,  0,1
89457,2007-02-20 07:47:06,121.518600,31.161500, 18, 22,1
89457,2007-02-20 07:48:07,121.517100,31.166100, 40,  0,1
89457,2007-02-20 07:49:08,121.514300,31.175800, 24,  0,1
89457,2007-02-20 07:50:09,121.509500,31.175300, 32,  0,1
89457,2007-02-20 07:51:10,121.512300,31.180000, 54,157,1
89457,2007-02-20 07:52:11,121.510000,31.184300,  0,  0,1
89457,2007-02-20 07:52:36,121.509000,31.184300,  0,112,0
89457,2007-02-20 07:52:55,121.509000,31.184300, 20,112,0
89457,2007-02-20 07:53:11,121.507500,31.183600, 42,112,0
89457,2007-02-20 07:53:27,121.506100,31.183100, 24,112,0
89457,2007-02-20 07:53:50,121.505300,31.182500, 36, 90,0
89457,2007-02-20 07:54:06,121.505300,31.180600, 52, 90,0
89457,2007-02-20 07:54:22,121.505100,31.179100, 50, 90,0
89457,2007-02-20 07:54:38,121.503500,31.178300, 50,135,0
89457,2007-02-20 07:54:54,121.501800,31.178100, 30,135,0
89457,2007-02-20 07:55:11,121.500600,31.178000, 22,135,0
89457,2007-02-20 07:55:52,121.499500,31.177800, 28,135,0
89457,2007-02-20 07:56:08,121.498000,31.177500, 38,135,0
89457,2007-02-20 07:56:24,121.496300,31.177100, 42,135,0
89457,2007-02-20 07:57:05,121.495000,31.177000, 22,135,0
89457,2007-02-20 07:57:21,121.493600,31.176600, 38,135,0
89457,2007-02-20 07:57:37,121.492500,31.176500, 20,135,0
89457,2007-02-20 07:57:53,121.491300,31.176300, 16,135,0
89457,2007-02-20 07:58:34,121.490100,31.176100, 38,135,0
89457,2007-02-20 07:58:50,121.488500,31.175800, 36,135,0
89457,2007-02-20 07:59:23,121.488100,31.177500, 20,  0,0
89457,2007-02-20 07:59:39,121.487800,31.178600, 38,  0,0
89457,2007-02-20 07:59:55,121.487600,31.180000,  0,  0,0
89457,2007-02-20 08:00:49,121.487800,31.180000, 28, 45,1
89457,2007-02-20 08:01:49,121.492300,31.180800, 24, 22,1
89457,2007-02-20 08:02:50,121.497100,31.185500, 60, 22,1
89457,2007-02-20 08:03:51,121.500600,31.183800, 70, 90,1
89457,2007-02-20 08:04:52,121.506000,31.183000, 30, 22,1
89457,2007-02-20 08:05:10,121.507800,31.183600, 36, 22,0
89457,2007-02-20 08:05:42,121.510000,31.183800, 40, 90,0
89457,2007-02-20 08:05:58,121.510600,31.182000, 48, 67,0
89457,2007-02-20 08:06:31,121.510800,31.181100, 30,112,0
89457,2007-02-20 08:06:47,121.509500,31.180300, 30,112,0
89457,2007-02-20 08:07:29,121.509000,31.180000, 32,112,0
89457,2007-02-20 08:08:01,121.508000,31.179500, 38,112,0
89457,2007-02-20 08:08:17,121.505800,31.178800, 48,135,0
89457,2007-02-20 08:09:27,121.501300,31.181600,  0,  0,0
89457,2007-02-20 08:09:55,121.500300,31.181600, 44,135,0
89457,2007-02-20 08:10:11,121.499000,31.181300, 26,135,0
89457,2007-02-20 08:10:31,121.498000,31.181500, 42,157,0
89457,2007-02-20 08:10:47,121.497000,31.183300, 50,157,0
89457,2007-02-20 08:11:05,121.496300,31.184100, 20,157,0
89457,2007-02-20 08:11:21,121.495000,31.183300, 54,112,0
89457,2007-02-20 08:11:37,121.493300,31.181600, 56,112,0
89457,2007-02-20 08:12:09,121.489500,31.180100, 46,135,0
89457,2007-02-20 08:12:25,121.487300,31.180000, 50,135,0
89457,2007-02-20 08:12:41,121.485300,31.179000, 56,112,0
89457,2007-02-20 08:12:57,121.483500,31.177800, 38,112,0
89457,2007-02-20 08:13:57,121.483000,31.177500,  0,112,0
89457,2007-02-20 08:14:14,121.482100,31.176800, 44,112,0
89457,2007-02-20 08:14:30,121.480500,31.176000, 46,112,0
89457,2007-02-20 08:14:46,121.478800,31.175100, 22,112,0
89457,2007-02-20 08:15:47,121.478500,31.175000,  0,112,0
89457,2007-02-20 08:16:02,121.477600,31.174500, 54,112,0
89457,2007-02-20 08:16:19,121.475000,31.173000, 66,112,0
89457,2007-02-20 08:16:35,121.473300,31.174300, 68,  0,0
89457,2007-02-20 08:16:51,121.475100,31.177000, 86, 22,0
89457,2007-02-20 08:17:07,121.478100,31.178500, 80, 22,0
89457,2007-02-20 08:17:22,121.480100,31.180800, 80,  0,0
89457,2007-02-20 08:17:55,121.478100,31.186800, 62,  0,0
89457,2007-02-20 08:18:27,121.476100,31.192100, 90,  0,0
89457,2007-02-20 08:18:42,121.474800,31.195000, 82,  0,0
89457,2007-02-20 08:19:05,121.472800,31.199100, 86,157,0
89457,2007-02-20 08:19:31,121.471000,31.204000, 84,  0,0
89457,2007-02-20 08:19:47,121.469600,31.207100, 86,  0,0
89457,2007-02-20 08:20:02,121.468600,31.210000, 84,  0,0
89457,2007-02-20 08:20:51,121.466600,31.218800, 80,  0,0
89457,2007-02-20 08:21:22,121.466100,31.224800, 86,157,0
89457,2007-02-20 08:21:39,121.463800,31.227000, 86,157,0
89457,2007-02-20 08:21:55,121.462500,31.230300, 88,  0,0
89457,2007-02-20 08:22:11,121.462300,31.233500, 90,  0,0
89457,2007-02-20 08:22:27,121.461600,31.236800, 86,  0,0
89457,2007-02-20 08:22:42,121.460100,31.239500, 84,157,0
89457,2007-02-20 08:22:59,121.458600,31.242600, 84,  0,0
89457,2007-02-20 08:23:47,121.458800,31.252000, 82,  0,0
89457,2007-02-20 08:24:02,121.459100,31.255000, 84,  0,0
89457,2007-02-20 08:24:19,121.459000,31.258500, 88,  0,0
89457,2007-02-20 08:24:35,121.458000,31.261500, 82,157,0
89457,2007-02-20 08:24:51,121.455600,31.264000, 80,157,0
89457,2007-02-20 08:25:07,121.454600,31.267000, 92,  0,0
89457,2007-02-20 08:25:22,121.453300,31.269800, 86,157,0
89457,2007-02-20 08:25:39,121.451300,31.273000, 90,157,0
89457,2007-02-20 08:25:55,121.449300,31.275800, 86,157,0
89457,2007-02-20 08:26:11,121.447800,31.278800, 88,  0,0
89457,2007-02-20 08:26:27,121.447300,31.282100, 94,  0,0
89457,2007-02-20 08:26:42,121.447100,31.285100, 82,  0,0
89457,2007-02-20 08:26:59,121.446800,31.288300, 84,  0,0
89457,2007-02-20 08:27:15,121.446100,31.291500, 84,  0,0
89457,2007-02-20 08:27:31,121.445600,31.294300, 68,  0,0
89457,2007-02-20 08:27:47,121.445300,31.296600, 68,  0,0
89457,2007-02-20 08:28:02,121.445000,31.299100, 58,  0,0
89457,2007-02-20 08:28:56,121.444600,31.300100, 20,157,0
89457,2007-02-20 08:29:27,121.439100,31.299600, 66,135,0
89457,2007-02-20 08:29:44,121.436300,31.299300, 56,135,0
89457,2007-02-20 08:30:00,121.433800,31.299100, 64,135,0
89457,2007-02-20 12:03:35,121.439000,31.328600,  0,157,1
89457,2007-02-20 12:04:36,121.437600,31.331600, 52,  0,1
89457,2007-02-20 12:05:37,121.437100,31.332600,  0,  0,1
89457,2007-02-20 12:06:37,121.434600,31.338000, 32,  0,1
89457,2007-02-20 12:07:39,121.430600,31.348100, 82,  0,1
89457,2007-02-20 12:08:40,121.429100,31.360300, 84,  0,1
89457,2007-02-20 12:09:30,121.426600,31.363300,  0,112,0
89457,2007-02-20 12:09:46,121.426600,31.363300,  0,112,0
89457,2007-02-20 12:10:47,121.426600,31.363300,  0,112,0
89457,2007-02-20 12:11:47,121.426500,31.363300,  0,112,0
89457,2007-02-20 12:12:34,121.425300,31.362800, 32,135,0
89457,2007-02-20 12:12:56,121.425600,31.363000, 48, 22,0
89457,2007-02-20 12:13:27,121.428300,31.363300, 40, 90,0
89457,2007-02-20 12:13:43,121.428800,31.361100, 60, 90,0
89457,2007-02-20 12:14:03,121.428800,31.360100,  6,112,0
89457,2007-02-20 12:14:34,121.428800,31.360000, 18,  0,0
89457,2007-02-20 12:14:53,121.429000,31.359800, 44, 90,0
89457,2007-02-20 12:15:09,121.429100,31.357600, 66, 90,0
89457,2007-02-20 12:15:25,121.429500,31.355000, 74, 90,0
89457,2007-02-20 12:15:41,121.429600,31.352600, 36, 90,0
89457,2007-02-20 12:15:56,121.429800,31.351000, 66, 90,0
89457,2007-02-20 12:16:13,121.430300,31.348100, 82, 90,0
89457,2007-02-20 12:16:45,121.432600,31.341600, 72, 90,0
89457,2007-02-20 12:17:01,121.433600,31.339300, 80, 90,0
89457,2007-02-20 12:17:16,121.434800,31.337800, 30, 22,0
89457,2007-02-20 12:17:33,121.436000,31.338300, 40, 45,0
89457,2007-02-20 12:17:49,121.437500,31.338800, 42, 22,0
89457,2007-02-20 12:18:09,121.438300,31.339100, 10,135,0
89457,2007-02-20 12:19:10,121.438300,31.339100,  0,112,0
89457,2007-02-20 12:20:11,121.438300,31.339100,  0,112,0
89457,2007-02-20 12:21:11,121.438300,31.339100,  0,112,0
89457,2007-02-20 12:22:13,121.438300,31.339100,  0,112,0
89457,2007-02-20 12:24:15,121.438300,31.339100,  0,112,0
89457,2007-02-20 12:25:16,121.438300,31.339300,  0,112,0
89457,2007-02-20 12:26:16,121.438300,31.339300,  0,112,0
89457,2007-02-20 12:27:18,121.438300,31.339300,  0,112,0
89457,2007-02-20 12:28:19,121.438300,31.339300,  0,112,0
89457,2007-02-20 12:29:20,121.438300,31.339300,  0,112,0
89457,2007-02-20 12:30:21,121.438300,31.339300,  0,112,0
89457,2007-02-20 12:31:21,121.438300,31.339300,  0,112,0
89457,2007-02-20 12:32:23,121.438300,31.339300,  0,112,0
89457,2007-02-20 12:33:24,121.438300,31.339300,  0,112,0
89457,2007-02-20 12:34:05,121.439500,31.339500, 36, 45,0
89457,2007-02-20 12:34:28,121.440300,31.339500, 20, 90,0
89457,2007-02-20 12:34:44,121.440800,31.338300, 40, 90,0
89457,2007-02-20 12:35:00,121.441300,31.336600, 48, 67,0
89457,2007-02-20 12:36:11,121.441500,31.335000, 38,112,0
89457,2007-02-20 12:36:26,121.440000,31.334300, 16,112,0
89457,2007-02-20 12:36:51,121.439000,31.333800, 16,112,0
89457,2007-02-20 12:37:20,121.437800,31.333300, 26,112,0
89457,2007-02-20 12:37:51,121.436800,31.332800, 20,112,0
89457,2007-02-20 12:38:08,121.437100,31.331500, 50, 90,0
89457,2007-02-20 12:38:24,121.438000,31.329500, 58, 67,0
89457,2007-02-20 12:39:25,121.438300,31.329000,  0, 67,0
89457,2007-02-20 12:39:50,121.438800,31.328100, 32, 67,0
89457,2007-02-20 12:40:30,121.438000,31.327600, 30,135,0
89457,2007-02-20 12:41:01,121.435500,31.327100, 30,135,0
89457,2007-02-20 12:41:35,121.435000,31.326500, 24, 67,0
89457,2007-02-20 12:41:53,121.435500,31.325500, 24, 90,0
89457,2007-02-20 12:42:09,121.436000,31.324500, 24, 90,0
89457,2007-02-20 12:42:25,121.436000,31.323300, 18, 90,0
89457,2007-02-20 12:42:50,121.436600,31.322800, 20, 45,0
89457,2007-02-20 12:43:09,121.437800,31.322800, 44, 45,0
89457,2007-02-20 12:43:41,121.441100,31.323000, 14, 45,0
89457,2007-02-20 12:44:20,121.441500,31.322100, 38, 90,0
89457,2007-02-20 12:44:36,121.442300,31.320100, 60, 90,0
89457,2007-02-20 12:44:51,121.443000,31.318500, 34, 90,0
89457,2007-02-20 12:45:26,121.442800,31.318100, 40, 90,0
89457,2007-02-20 12:45:43,121.443000,31.316800, 24,112,0
89457,2007-02-20 12:45:59,121.442100,31.316500, 24,135,0
89457,2007-02-20 12:46:15,121.440600,31.316000, 46,135,0
89457,2007-02-20 12:46:43,121.440100,31.315300,  6, 90,0
89457,2007-02-20 12:47:00,121.440100,31.314300, 28, 90,0
89457,2007-02-20 12:47:16,121.440300,31.313500, 26, 90,0
89457,2007-02-20 12:47:38,121.440300,31.312500, 10,112,0
89457,2007-02-20 12:48:39,121.439800,31.312300,  0, 45,0
89457,2007-02-20 12:49:38,121.440500,31.309600, 14, 90,0
89457,2007-02-20 12:50:05,121.441600,31.309600, 24, 45,0
89457,2007-02-20 12:50:24,121.443000,31.309600, 24, 45,0
89457,2007-02-20 12:50:46,121.443800,31.309500, 24, 90,0
89457,2007-02-20 12:51:01,121.443800,31.308500, 30, 90,0
89457,2007-02-20 12:51:20,121.443300,31.307500, 12,135,0
89457,2007-02-20 12:51:36,121.441800,31.307500, 34,135,0
89457,2007-02-20 12:52:01,121.440600,31.307300, 22,135,0
89457,2007-02-20 12:52:16,121.439500,31.307100, 40,135,0
89457,2007-02-20 12:52:44,121.438600,31.307100, 22,135,1
89457,2007-02-20 12:56:14,121.436100,31.317800, 44,  0,1
89457,2007-02-20 12:58:16,121.435300,31.327100, 32, 45,1
89457,2007-02-20 12:59:09,121.434800,31.328100,  0,135,0
89457,2007-02-20 12:59:25,121.434800,31.328100,  0,135,0
89457,2007-02-20 13:00:05,121.435300,31.327300, 22, 67,0
89457,2007-02-20 13:00:41,121.437800,31.327500, 34, 45,0
89457,2007-02-20 13:00:56,121.438800,31.327800, 10, 45,0
89457,2007-02-20 13:01:13,121.439500,31.326600, 52, 90,0
89457,2007-02-20 13:01:29,121.440300,31.324500, 52, 67,0
89457,2007-02-20 13:01:45,121.440800,31.323100, 14,112,0
89457,2007-02-20 13:02:01,121.439000,31.323000, 42,135,0
89457,2007-02-20 13:02:16,121.437100,31.323000, 40,135,0
89457,2007-02-20 13:02:34,121.436000,31.322800, 14,112,0
89457,2007-02-20 13:02:51,121.435800,31.321800, 36, 90,0
89457,2007-02-20 13:03:06,121.435800,31.320600,  6, 90,0
89457,2007-02-20 13:03:40,121.436000,31.318300, 42, 90,0
89457,2007-02-20 13:04:31,121.436000,31.317300, 10, 90,0
89457,2007-02-20 13:04:48,121.436100,31.316300, 32, 90,0
89457,2007-02-20 13:05:04,121.436100,31.315100, 28, 90,0
89457,2007-02-20 13:05:36,121.436300,31.313100, 32, 90,0
89457,2007-02-20 13:05:51,121.437000,31.312300, 32, 45,0
89457,2007-02-20 13:06:58,121.439800,31.312300,  8, 45,0
89457,2007-02-20 13:07:14,121.441000,31.312500, 40, 45,0
89457,2007-02-20 13:07:30,121.442800,31.312500, 30, 45,0
89457,2007-02-20 13:07:59,121.443800,31.312100, 20, 90,0
89457,2007-02-20 13:08:15,121.443800,31.310500, 38, 90,0
89457,2007-02-20 13:08:31,121.443800,31.309100, 38, 90,0
89457,2007-02-20 13:09:05,121.443600,31.308100, 18, 90,0
89457,2007-02-20 13:09:26,121.443000,31.307500, 32,135,0
89457,2007-02-20 13:09:41,121.441600,31.307300, 38,135,0
89457,2007-02-20 13:10:01,121.440300,31.307300, 28,135,0
89457,2007-02-20 13:11:01,121.440100,31.307100,  0,  0,0
89457,2007-02-20 13:12:03,121.440100,31.307100,  0,  0,0
89457,2007-02-20 13:12:21,121.441100,31.307300, 46, 45,0
89457,2007-02-20 13:12:38,121.443300,31.307500, 38, 45,0
89457,2007-02-20 13:12:54,121.444100,31.306500, 54, 90,0
89457,2007-02-20 13:13:10,121.444100,31.303800, 84, 90,0
89457,2007-02-20 13:13:26,121.444500,31.300800, 54, 90,0
89457,2007-02-20 13:14:15,121.444000,31.300100, 20,112,0
89457,2007-02-20 13:14:49,121.443500,31.300100, 20, 45,0
89457,2007-02-20 13:15:25,121.444300,31.298100,  0, 90,0
89457,2007-02-20 13:15:38,121.444300,31.298000, 12, 90,1
89457,2007-02-20 13:16:39,121.440800,31.293600, 80,135,1
89457,2007-02-20 13:17:40,121.436800,31.292800, 14,112,1
89457,2007-02-20 13:18:41,121.427100,31.290600, 12, 90,1
89457,2007-02-20 13:19:41,121.423000,31.290300,  0,135,1
89457,2007-02-20 13:20:43,121.417600,31.289800, 50,135,1
89457,2007-02-20 13:21:44,121.416000,31.290100,  0,157,1
89457,2007-02-20 13:22:45,121.411600,31.288500, 44, 90,1
89457,2007-02-20 13:23:46,121.407800,31.285500, 42,135,1
89457,2007-02-20 13:24:46,121.404000,31.285300, 48,135,1
89457,2007-02-20 13:25:10,121.402000,31.285100,  0,135,0
89457,2007-02-20 13:25:25,121.402000,31.285100,  0,135,0
89457,2007-02-20 13:25:43,121.401800,31.285100, 14,112,1
89457,2007-02-20 13:26:44,121.401600,31.281500,  0, 90,1
89457,2007-02-20 13:27:45,121.401600,31.278100,  8, 90,1
89457,2007-02-20 13:28:46,121.400600,31.275000,  0, 90,1
89457,2007-02-20 13:29:46,121.400600,31.273500, 56, 90,1
89457,2007-02-20 13:30:48,121.400600,31.271000,  0, 90,1
89457,2007-02-20 13:31:49,121.406100,31.270500, 30, 67,1
89457,2007-02-20 13:32:50,121.413100,31.267300, 20, 45,1
89457,2007-02-20 13:33:51,121.416100,31.266800, 22, 45,1
89457,2007-02-20 13:34:51,121.417100,31.266600,  0, 45,1
89457,2007-02-20 13:35:53,121.417100,31.266600,  0, 45,1
89457,2007-02-20 13:36:54,121.421100,31.266600, 26, 45,1
89457,2007-02-20 13:37:55,121.422600,31.267000, 26, 45,1
89457,2007-02-20 13:38:56,121.426500,31.267600, 10,  0,1
89457,2007-02-20 13:39:11,121.426500,31.268000,  0,  0,0
89457,2007-02-20 13:40:11,121.426500,31.268000,  0,  0,0
89457,2007-02-20 13:41:13,121.426500,31.268000,  0,  0,0
89457,2007-02-20 13:41:51,121.427100,31.267600, 32, 45,0
89457,2007-02-20 13:42:34,121.428300,31.268000, 20, 45,0
89457,2007-02-20 13:42:51,121.429500,31.268100, 28, 45,0
89457,2007-02-20 13:43:31,121.430600,31.268500, 22, 45,0
89457,2007-02-20 13:43:46,121.431100,31.267600, 36, 90,0
89457,2007-02-20 13:44:03,121.431800,31.266300, 30, 67,0
89457,2007-02-20 13:44:19,121.432300,31.265100, 36, 67,0
89457,2007-02-20 13:44:35,121.433100,31.264000, 34, 67,0
89457,2007-02-20 13:45:26,121.433800,31.263100, 36, 67,0
89457,2007-02-20 13:46:00,121.435300,31.261300, 36, 67,0
89457,2007-02-20 13:46:16,121.435800,31.260300, 22, 90,0
89457,2007-02-20 13:46:44,121.436000,31.259300, 20, 90,1
89457,2007-02-20 13:47:44,121.431300,31.258800, 58,135,1
89457,2007-02-20 13:49:46,121.416600,31.261600, 34,135,1
89457,2007-02-20 13:50:46,121.412300,31.262500, 28,135,1
89457,2007-02-20 13:51:48,121.406000,31.263600, 52,135,1
89457,2007-02-20 13:52:49,121.397500,31.265500, 50,135,1
89457,2007-02-20 13:53:50,121.389600,31.266800, 56,135,1
89457,2007-02-20 13:54:51,121.386000,31.270800, 18,135,1
89457,2007-02-20 13:56:53,121.379800,31.277300, 28,  0,1
89457,2007-02-20 13:57:54,121.380300,31.281600, 16,  0,1
89457,2007-02-20 13:58:55,121.380600,31.284000, 28,  0,1
89457,2007-02-20 13:59:56,121.378300,31.285500, 32,135,1
89457,2007-02-20 14:00:56,121.378600,31.287000, 24,157,1
89457,2007-02-20 14:01:58,121.378500,31.288100, 14, 45,1
89457,2007-02-20 14:02:05,121.378600,31.288100,  0, 45,0
89457,2007-02-20 14:03:06,121.377800,31.288100, 14,135,0
89457,2007-02-20 14:03:30,121.378100,31.287500, 28, 45,0
89457,2007-02-20 14:03:46,121.378600,31.286500, 40, 90,0
89457,2007-02-20 14:04:01,121.378000,31.285800, 22,135,0
89457,2007-02-20 14:04:46,121.378600,31.285500, 30, 45,0
89457,2007-02-20 14:05:03,121.380000,31.285300, 26, 45,0
89457,2007-02-20 14:06:11,121.382300,31.285000, 22, 45,0
89457,2007-02-20 14:06:26,121.383500,31.284800, 20, 45,0
89457,2007-02-20 14:06:44,121.384600,31.284600, 36, 45,0
89457,2007-02-20 14:07:00,121.386100,31.284500, 22, 45,0
89457,2007-02-20 14:07:16,121.387300,31.284300, 30, 45,0
89457,2007-02-20 14:07:51,121.389600,31.284000, 30, 45,0
89457,2007-02-20 14:08:08,121.391100,31.283800, 30, 45,0
89457,2007-02-20 14:08:25,121.392300,31.283800, 20, 45,0
89457,2007-02-20 14:08:41,121.393500,31.283500,  6, 45,0
89457,2007-02-20 14:09:41,121.393500,31.283500,  0, 45,0
89457,2007-02-20 14:10:10,121.394500,31.283300, 36, 45,0
89457,2007-02-20 14:10:28,121.395600,31.282800,  0, 67,0
89457,2007-02-20 14:11:24,121.396000,31.282600,  6, 22,1
89457,2007-02-20 14:12:25,121.401800,31.280500, 44, 90,1
89457,2007-02-20 14:15:05,121.400600,31.271100,  0, 90,1
89457,2007-02-20 14:16:06,121.405600,31.270500, 44, 45,1
89457,2007-02-20 14:17:06,121.410800,31.267600,  0, 45,1
89457,2007-02-20 14:18:08,121.416500,31.266500, 26, 90,1
89457,2007-02-20 14:19:09,121.417300,31.261500, 24, 67,1
89457,2007-02-20 14:20:10,121.421800,31.260600, 38, 45,1
89457,2007-02-20 14:21:11,121.428800,31.259300, 48, 45,1
89457,2007-02-20 14:22:11,121.434100,31.258300, 42, 45,1
89457,2007-02-20 14:23:26,121.436100,31.258800,  0,  0,0
89457,2007-02-20 14:24:49,121.436100,31.260500, 26, 45,0
89457,2007-02-20 14:25:05,121.437300,31.260800, 30, 45,0
89457,2007-02-20 14:25:21,121.438600,31.261300, 22, 22,0
89457,2007-02-20 14:26:05,121.439600,31.261800, 24, 22,0
89457,2007-02-20 14:26:21,121.441100,31.262500, 42, 22,0
89457,2007-02-20 14:26:45,121.442100,31.263000,  8, 22,0
89457,2007-02-20 14:27:18,121.441300,31.265000, 52,157,0
89457,2007-02-20 14:27:34,121.440000,31.266800, 40,157,0
89457,2007-02-20 14:27:50,121.440100,31.267600, 16, 22,0
89457,2007-02-20 14:28:06,121.441100,31.268500, 30, 22,0
89457,2007-02-20 14:28:21,121.442600,31.269300, 50, 22,0
89457,2007-02-20 14:28:38,121.444300,31.270300, 44, 22,0
89457,2007-02-20 14:28:54,121.445600,31.271100, 30, 22,0
89457,2007-02-20 14:29:10,121.446600,31.271600, 26, 22,0
89457,2007-02-20 14:29:42,121.446800,31.271800,  8,112,1
89457,2007-02-20 14:30:43,121.442100,31.269000, 54,112,1
89457,2007-02-20 14:31:44,121.439800,31.267500,  0,112,1
89457,2007-02-20 14:32:45,121.443300,31.262500, 46, 67,1
89457,2007-02-20 14:33:46,121.444300,31.260000, 30,135,1
89457,2007-02-20 14:34:46,121.435000,31.257100, 72,112,1
89457,2007-02-20 14:35:48,121.425500,31.250000, 72,112,1
89457,2007-02-20 14:36:49,121.415100,31.243800, 84,112,1
89457,2007-02-20 14:37:50,121.408100,31.237300, 56,112,1
89457,2007-02-20 14:38:51,121.405600,31.229500, 54, 90,1
89457,2007-02-20 14:39:51,121.405800,31.220100, 82, 90,1
89457,2007-02-20 14:40:53,121.407800,31.214300,  0, 67,1
89457,2007-02-20 14:41:54,121.411600,31.214500, 48, 45,1
89457,2007-02-20 14:42:55,121.417800,31.214800,  0, 45,1
89457,2007-02-20 14:42:56,121.417800,31.214800,  0, 45,0
89457,2007-02-20 14:43:56,121.418300,31.214500,  0, 90,0
89457,2007-02-20 14:44:56,121.418300,31.214500,  0, 90,0
89457,2007-02-20 14:45:58,121.418300,31.214500,  0, 90,0
89457,2007-02-20 14:46:59,121.418300,31.214500,  0, 90,0
89457,2007-02-20 14:47:51,121.418500,31.213500, 36, 90,0
89457,2007-02-20 14:50:36,121.421000,31.211600, 28, 45,1
89457,2007-02-20 14:51:36,121.426300,31.214300,  0,  0,1
89457,2007-02-20 14:52:38,121.428600,31.216100, 40, 22,1
89457,2007-02-20 14:53:39,121.436000,31.220500, 74, 22,1
89457,2007-02-20 14:54:40,121.439100,31.221600, 48, 22,1
89457,2007-02-20 14:55:41,121.447600,31.224500, 70, 22,1
89457,2007-02-20 14:56:33,121.452100,31.224100,  0, 90,0
89457,2007-02-20 14:56:49,121.452100,31.224100,  0, 90,0
89457,2007-02-20 14:57:50,121.452800,31.224000, 38, 22,0
89457,2007-02-20 14:58:59,121.455600,31.224600, 18, 90,0
89457,2007-02-20 14:59:15,121.455500,31.223300, 48, 90,0
89457,2007-02-20 14:59:31,121.455600,31.222000, 34, 90,0
89457,2007-02-20 15:00:03,121.456800,31.219600, 14, 45,0
89457,2007-02-20 15:01:04,121.458000,31.220000,  0, 45,0
89457,2007-02-20 15:01:46,121.459300,31.220500, 20, 45,0
89457,2007-02-20 15:02:15,121.460500,31.221000, 16, 22,0
89457,2007-02-20 15:03:14,121.462600,31.222000, 26, 45,0
89457,2007-02-20 15:04:15,121.463800,31.222500, 10, 22,0
89457,2007-02-20 15:04:20,121.464000,31.222500, 26, 22,1
89457,2007-02-20 15:05:21,121.465500,31.223300, 10, 22,1
89457,2007-02-20 15:06:21,121.466300,31.225000, 16,157,1
89457,2007-02-20 15:08:24,121.473100,31.229800, 22, 22,1
89457,2007-02-20 15:09:25,121.473500,31.230300, 16, 22,1
89457,2007-02-20 15:10:26,121.472800,31.232300, 10,  0,1
89457,2007-02-20 15:11:26,121.474500,31.233100, 12,135,1
89457,2007-02-20 15:12:28,121.473800,31.234000,  0,135,1
89457,2007-02-20 15:13:29,121.472600,31.235300,  0,157,1
89457,2007-02-20 15:13:42,121.473000,31.235300,  0,157,0
89457,2007-02-20 15:14:43,121.472800,31.235800,  0, 22,0
89457,2007-02-20 15:15:44,121.473800,31.236500,  0, 22,0
89457,2007-02-20 15:16:06,121.474000,31.236500, 14, 45,1
89457,2007-02-20 15:17:06,121.475000,31.235000,  0, 67,1
89457,2007-02-20 15:18:08,121.475600,31.233500, 18, 67,1
89457,2007-02-20 15:19:09,121.477000,31.232100, 24, 67,1
89457,2007-02-20 15:20:10,121.477800,31.230800, 14, 67,1
89457,2007-02-20 15:21:11,121.478000,31.230300,  0, 67,1
89457,2007-02-20 15:23:32,121.479000,31.229100,  0, 90,1
89457,2007-02-20 15:24:33,121.481000,31.230000, 38, 22,1
89457,2007-02-20 15:25:34,121.482300,31.229500,  0,  0,1
89457,2007-02-20 15:26:35,121.482500,31.229300,  0, 90,1
89457,2007-02-20 15:27:36,121.482600,31.229000,  8, 67,1
89457,2007-02-20 15:28:37,121.483100,31.228000, 14, 90,1
89457,2007-02-20 15:29:10,121.483300,31.227100,  0, 90,0
89457,2007-02-20 15:29:34,121.483300,31.227000, 14, 67,0
89457,2007-02-20 15:30:35,121.483600,31.226500, 14, 67,0
89457,2007-02-20 15:31:22,121.484300,31.225500, 16, 90,0
89457,2007-02-20 15:31:49,121.484600,31.224500, 16, 67,0
89457,2007-02-20 15:32:50,121.485000,31.224000,  0, 90,0
89457,2007-02-20 15:33:15,121.485800,31.223600, 42, 45,0
89457,2007-02-20 15:33:31,121.488100,31.223600, 46, 45,0
89457,2007-02-20 15:33:47,121.490000,31.223800, 34, 45,0
89457,2007-02-20 15:34:03,121.491500,31.223500, 44, 45,0
89457,2007-02-20 15:34:19,121.493300,31.223000, 38, 67,0
89457,2007-02-20 15:34:35,121.494500,31.222600, 18, 90,0
89457,2007-02-20 15:34:51,121.494000,31.221500, 36, 90,0
89457,2007-02-20 15:35:07,121.493800,31.220100, 24, 90,0
89457,2007-02-20 15:36:00,121.493300,31.217300, 12,112,0
89457,2007-02-20 15:36:44,121.491000,31.217000, 16,157,0
89457,2007-02-20 15:37:02,121.491000,31.218000, 20, 45,0
89457,2007-02-20 15:37:18,121.492300,31.217600, 34, 45,0
89457,2007-02-20 15:37:39,121.493300,31.217100, 12, 90,0
89457,2007-02-20 15:37:55,121.491800,31.216800, 42,135,0
89457,2007-02-20 15:38:11,121.490100,31.217000, 42,135,0
89457,2007-02-20 15:38:27,121.488500,31.217100, 30,135,0
89457,2007-02-20 15:39:28,121.488300,31.217000,  0,135,0
89457,2007-02-20 15:40:36,121.487500,31.219100, 38,  0,0
89457,2007-02-20 15:40:52,121.487000,31.220300, 18,135,0
89457,2007-02-20 15:41:08,121.485500,31.219500, 34,112,0
89457,2007-02-20 15:41:24,121.484300,31.218800, 24,112,0
89457,2007-02-20 15:41:42,121.483300,31.218300, 28,112,0
89457,2007-02-20 15:42:16,121.482300,31.218100, 24,157,0
89457,2007-02-20 15:42:32,121.481500,31.219300, 36,157,0
89457,2007-02-20 15:42:48,121.480800,31.220100, 20,157,0
89457,2007-02-20 15:43:47,121.480300,31.221100, 22,157,0
89457,2007-02-20 15:44:13,121.479800,31.222100, 12,157,0
89457,2007-02-20 15:44:37,121.479300,31.223000, 20,  0,0
89457,2007-02-20 15:45:32,121.479000,31.224000, 38,  0,0
89457,2007-02-20 15:45:48,121.478500,31.225300, 52,  0,0
89457,2007-02-20 15:46:04,121.478300,31.227300, 44,  0,0
89457,2007-02-20 15:46:31,121.478500,31.227800, 28,112,0
89457,2007-02-20 15:46:47,121.478300,31.226300, 28, 90,0
89457,2007-02-20 15:47:13,121.478500,31.225300, 36, 90,0
89457,2007-02-20 15:47:29,121.478800,31.224000, 38, 90,0
89457,2007-02-20 15:47:46,121.479100,31.223100,  8, 90,0
89457,2007-02-20 15:48:14,121.479300,31.222600, 22, 90,1
89457,2007-02-20 15:49:14,121.478800,31.220800,  0,135,1
89457,2007-02-20 15:50:15,121.478800,31.220800,  0,135,1
89457,2007-02-20 15:51:16,121.479100,31.219100, 40, 67,1
89457,2007-02-20 15:52:17,121.476600,31.215800,  6,112,1
89457,2007-02-20 15:53:18,121.476600,31.213000, 34,112,1
89457,2007-02-20 15:54:19,121.471100,31.211000, 38,135,1
89457,2007-02-20 15:55:20,121.465000,31.207300, 28,135,1
89457,2007-02-20 15:56:21,121.462000,31.206600,  0,112,1
89457,2007-02-20 15:57:22,121.462800,31.204600, 52, 90,1
89457,2007-02-20 15:58:23,121.464100,31.199600, 30, 90,1
89457,2007-02-20 15:59:24,121.464600,31.198800,  0, 67,1
89457,2007-02-20 15:59:42,121.464600,31.198800,  0, 67,0
89457,2007-02-20 16:00:38,121.465000,31.196500, 38,112,0
89457,2007-02-20 16:00:54,121.463100,31.195600, 44,112,0
89457,2007-02-20 16:01:21,121.462300,31.195100, 34,112,0
89457,2007-02-20 16:01:37,121.460500,31.194300, 44,112,0
89457,2007-02-20 16:01:53,121.459800,31.194600, 38,157,0
89457,2007-02-20 16:02:09,121.459100,31.195600, 32,157,0
89457,2007-02-20 16:02:25,121.460000,31.196300, 34, 45,0
89457,2007-02-20 16:03:01,121.460800,31.196600, 26,  0,0
89457,2007-02-20 16:03:57,121.460000,31.199000, 20,157,0
89457,2007-02-20 16:04:15,121.459000,31.198500, 36,112,0
89457,2007-02-20 16:04:31,121.457600,31.198300, 26,  0,0
89457,2007-02-20 16:04:47,121.457500,31.199500,  8,  0,0
89457,2007-02-20 16:05:19,121.458000,31.200100, 26, 45,0
89457,2007-02-20 16:05:35,121.459500,31.200600, 38, 22,0
89457,2007-02-20 16:06:13,121.460500,31.200800, 26, 90,0
89457,2007-02-20 16:06:29,121.460800,31.199800, 26, 90,0
89457,2007-02-20 16:06:45,121.461800,31.199600, 32, 45,0
89457,2007-02-20 16:07:01,121.462600,31.199000, 18, 45,0
89457,2007-02-20 16:07:17,121.463800,31.199300, 24, 45,0
89457,2007-02-20 16:07:36,121.464300,31.199800, 34,  0,0
89457,2007-02-20 16:08:02,121.463800,31.200800,  6,  0,0
89457,2007-02-20 16:09:03,121.463600,31.201500,  0,  0,0
89457,2007-02-20 16:10:04,121.463600,31.202000, 12,  0,0
89457,2007-02-20 16:10:41,121.464800,31.203300, 38, 45,0
89457,2007-02-20 16:10:57,121.466100,31.203800, 26, 45,0
89457,2007-02-20 16:11:16,121.466500,31.203000, 26, 90,0
89457,2007-02-20 16:12:15,121.467100,31.201100, 30, 90,0
89457,2007-02-20 16:12:31,121.467600,31.200000, 26, 67,0
89457,2007-02-20 16:13:08,121.468500,31.199000, 32,157,0
89457,2007-02-20 16:13:24,121.467600,31.200100, 28,157,0
89457,2007-02-20 16:13:40,121.467100,31.201100, 32,  0,0
89457,2007-02-20 16:13:56,121.466600,31.202500, 16,  0,0
89457,2007-02-20 16:14:12,121.466500,31.203600, 34,  0,0
89457,2007-02-20 16:14:29,121.467300,31.204000, 28, 45,0
89457,2007-02-20 16:14:45,121.468600,31.204300, 26, 45,0
89457,2007-02-20 16:15:25,121.469800,31.204600, 44, 45,0
89457,2007-02-20 16:15:41,121.472000,31.205100, 50, 22,0
89457,2007-02-20 16:16:26,121.474300,31.206300, 38, 22,0
89457,2007-02-20 16:16:42,121.476000,31.207100, 52, 22,0
89457,2007-02-20 16:16:58,121.478300,31.208100, 56, 22,0
89457,2007-02-20 16:17:06,121.479300,31.208500, 42, 45,1
89457,2007-02-20 16:18:06,121.479800,31.209500, 36,  0,1
89457,2007-02-20 16:19:07,121.480100,31.211800,  6, 45,1
89457,2007-02-20 16:19:53,121.479500,31.212100,  0,135,0
89457,2007-02-20 16:20:13,121.479300,31.212100,  8,135,0
89457,2007-02-20 16:20:53,121.478500,31.211500, 20,112,0
89457,2007-02-20 16:21:19,121.479100,31.211300, 18, 67,0
89457,2007-02-20 16:21:42,121.478800,31.210600, 20,157,0
89457,2007-02-20 16:21:58,121.478100,31.211600, 30,157,0
89457,2007-02-20 16:22:14,121.477500,31.212600, 16,157,0
89457,2007-02-20 16:23:15,121.477800,31.213100, 36, 45,0
89457,2007-02-20 16:23:33,121.479000,31.213300, 28, 45,1
89457,2007-02-20 16:24:33,121.481500,31.213600,  0, 45,1
89457,2007-02-20 16:25:34,121.487500,31.214300, 72, 45,1
89457,2007-02-20 16:26:35,121.491100,31.214800,  0, 45,1
89457,2007-02-20 16:27:36,121.493000,31.214300, 58, 67,1
89457,2007-02-20 16:29:38,121.495800,31.209600, 56, 90,1
89457,2007-02-20 16:30:39,121.505600,31.205600, 70, 45,1
89457,2007-02-20 16:31:40,121.517600,31.202300, 74, 45,1
89457,2007-02-20 16:32:41,121.522300,31.197500, 58, 90,1
89457,2007-02-20 16:33:42,121.521500,31.195500, 26, 90,1
89457,2007-02-20 16:34:43,121.519500,31.190300,  0, 90,1
89457,2007-02-20 16:35:44,121.516800,31.183800, 62, 90,1
89457,2007-02-20 16:36:31,121.515300,31.182600,  0,  0,0
89457,2007-02-20 16:36:47,121.515100,31.183100, 32,  0,0
89457,2007-02-20 16:37:35,121.514100,31.183100, 38,112,0
89457,2007-02-20 16:38:05,121.513100,31.182600, 24,112,0
89457,2007-02-20 16:38:21,121.511800,31.182000, 36,112,0
89457,2007-02-20 16:38:37,121.511300,31.181100, 24, 67,0
89457,2007-02-20 16:39:21,121.512000,31.180300, 24, 67,0
89457,2007-02-20 16:39:38,121.512500,31.179500, 30, 90,0
89457,2007-02-20 16:39:54,121.511800,31.178100, 30,112,0
89457,2007-02-20 16:40:10,121.510100,31.177800, 42,135,0
89457,2007-02-20 16:40:26,121.508800,31.177600, 22,  0,0
89457,2007-02-20 16:40:42,121.508500,31.178800, 28,  0,0
89457,2007-02-20 16:41:24,121.507800,31.179300, 30,112,0
89457,2007-02-20 16:41:44,121.506600,31.179000, 28,135,0
89457,2007-02-20 16:42:00,121.505500,31.178800,  8,135,0
89457,2007-02-20 16:42:34,121.504300,31.178500, 40,135,0
89457,2007-02-20 16:42:50,121.502300,31.178100, 34,135,0
89457,2007-02-20 16:43:11,121.501100,31.178000, 16,135,0
89457,2007-02-20 16:44:00,121.500000,31.177800, 22,135,0
89457,2007-02-20 16:44:16,121.498500,31.177600, 30,135,0
89457,2007-02-20 16:44:32,121.497100,31.177300, 32,135,0
89457,2007-02-20 16:45:33,121.496800,31.177300, 16, 45,0
89457,2007-02-20 16:45:35,121.497000,31.177300, 24, 45,1
89457,2007-02-20 16:46:35,121.502000,31.178100,  0, 45,1
89457,2007-02-20 16:47:36,121.506500,31.178800, 38, 45,1
89457,2007-02-20 16:48:37,121.511500,31.181600, 12, 22,1
89457,2007-02-20 16:49:38,121.514500,31.183300, 12, 22,1
89457,2007-02-20 16:50:39,121.516600,31.182500, 56,  0,1
89457,2007-02-20 16:51:40,121.519600,31.190300, 40, 22,1
89457,2007-02-20 16:52:41,121.521600,31.195300,  0,  0,1
89457,2007-02-20 16:53:42,121.523600,31.199800, 70, 22,1
89457,2007-02-20 16:54:43,121.527600,31.210300, 74,  0,1
89457,2007-02-20 16:55:44,121.530000,31.216100,  0,  0,1
89457,2007-02-20 16:56:45,121.531800,31.220600, 72,  0,1
89457,2007-02-20 16:57:46,121.540000,31.227800, 64, 22,1
89457,2007-02-20 16:58:47,121.549000,31.231000, 58, 22,1
89457,2007-02-20 16:59:48,121.552100,31.232800,  0, 22,1
89457,2007-02-20 17:00:49,121.556600,31.235000, 70, 22,1
89457,2007-02-20 17:02:51,121.570100,31.241600,  0, 22,1
89457,2007-02-20 17:03:52,121.570100,31.241600,  0, 22,1
89457,2007-02-20 17:04:53,121.567000,31.246800, 40,157,1
89457,2007-02-20 17:05:54,121.565100,31.249800,  0,157,1
89457,2007-02-20 17:06:55,121.562500,31.253300, 38,157,1
89457,2007-02-20 17:07:45,121.561300,31.253000,  0, 67,0
89457,2007-02-20 17:08:00,121.561300,31.253000,  0, 67,0
89457,2007-02-20 17:09:01,121.561300,31.253000, 10,135,0
89457,2007-02-20 17:10:03,121.559300,31.252000, 34,112,0
89457,2007-02-20 17:10:19,121.558300,31.251300, 18,112,0
89457,2007-02-20 17:10:47,121.557500,31.250600, 30,112,0
89457,2007-02-20 17:11:08,121.556500,31.250100, 12,112,0
89457,2007-02-20 17:11:39,121.555500,31.249500, 28,112,0
89457,2007-02-20 17:11:55,121.554500,31.248800, 36,112,0
89457,2007-02-20 17:12:11,121.553300,31.248100, 30,112,0
89457,2007-02-20 17:12:44,121.551500,31.247000, 26,112,0
89457,2007-02-20 17:13:42,121.550600,31.246800, 34,157,0
89457,2007-02-20 17:13:58,121.549500,31.247500, 42,157,0
89457,2007-02-20 17:14:30,121.546500,31.249100,  6,135,0
89457,2007-02-20 17:14:55,121.545600,31.249600, 14,157,1
89457,2007-02-20 17:15:55,121.545800,31.251100,  0, 22,1
89457,2007-02-20 17:19:59,121.532600,31.266100, 72,157,1
89457,2007-02-20 17:21:00,121.525500,31.275800, 88,157,1
89457,2007-02-20 17:22:01,121.518500,31.285800, 88,  0,1
89457,2007-02-20 17:23:02,121.506800,31.287000, 74,135,1
89457,2007-02-20 17:24:03,121.493800,31.288300, 72,112,1
89457,2007-02-20 17:25:04,121.483300,31.287800, 56,135,1
89457,2007-02-20 17:26:05,121.480300,31.287600, 16,135,1
89457,2007-02-20 17:27:06,121.475100,31.288000, 34,135,1
89457,2007-02-20 17:28:07,121.472600,31.289600, 20,  0,1
89457,2007-02-20 17:28:20,121.472800,31.290100,  0,  0,0
89457,2007-02-20 17:29:00,121.472800,31.290600, 42,  0,0
89457,2007-02-20 17:29:20,121.472800,31.290500, 32, 90,0
89457,2007-02-20 17:29:56,121.472600,31.289500, 20, 90,0
89457,2007-02-20 17:30:46,121.472300,31.288500, 10,112,0
89457,2007-02-20 17:31:03,121.471100,31.288500, 30,135,0
89457,2007-02-20 17:32:04,121.470800,31.288500,  2, 22,0
89457,2007-02-20 17:32:25,121.469600,31.288800, 36,135,0
89457,2007-02-20 17:32:41,121.467800,31.289000, 38,135,0
89457,2007-02-20 17:33:03,121.467500,31.289000, 26, 45,1
89457,2007-02-20 17:34:03,121.472300,31.288300,  4, 45,1
89457,2007-02-20 17:35:12,121.476600,31.291500,  0, 45,0
89457,2007-02-20 17:36:13,121.477500,31.291500,  8, 22,0
89457,2007-02-20 17:36:55,121.478100,31.291800, 18, 45,0
89457,2007-02-20 17:37:11,121.480000,31.292300, 56, 45,0
89457,2007-02-20 17:37:27,121.482100,31.293000, 30, 45,0
89457,2007-02-20 17:38:28,121.482600,31.293000,  0, 67,0
89457,2007-02-20 17:39:15,121.482000,31.292300, 28,112,0
89457,2007-02-20 17:39:36,121.480300,31.290800, 60,112,0
89457,2007-02-20 17:39:52,121.479300,31.288800, 50, 90,0
89457,2007-02-20 17:40:08,121.478600,31.287600, 22,135,0
89457,2007-02-20 17:40:24,121.477100,31.287800, 44,135,0
89457,2007-02-20 17:40:40,121.475500,31.288000, 34,135,0
89457,2007-02-20 17:40:56,121.474000,31.288100, 26,135,0
89457,2007-02-20 17:41:25,121.472800,31.288300, 20,135,0
89457,2007-02-20 17:41:43,121.472100,31.287600, 38, 90,0
89457,2007-02-20 17:41:59,121.472000,31.286300, 32, 90,0
89457,2007-02-20 17:42:20,121.471600,31.285300, 32, 90,0
89457,2007-02-20 17:42:35,121.471500,31.284300,  6, 90,0
89457,2007-02-20 17:42:58,121.471500,31.284300, 14, 90,1
89457,2007-02-20 17:43:58,121.471000,31.279100, 40, 67,1
89457,2007-02-20 17:46:00,121.475000,31.270300, 40, 90,1
89457,2007-02-20 17:47:01,121.476500,31.267100,  0, 67,1
89457,2007-02-20 17:48:02,121.479000,31.266300, 26, 67,1
89457,2007-02-20 17:48:59,121.479100,31.262600,  0, 90,0
89457,2007-02-20 17:49:15,121.479100,31.262600,  0, 90,0
89457,2007-02-20 17:50:16,121.479000,31.262000,  0, 90,0
89457,2007-02-20 17:50:33,121.478500,31.261000, 46, 90,0
89457,2007-02-20 17:50:49,121.478300,31.259800, 16, 90,0
89457,2007-02-20 17:51:08,121.478500,31.258800, 36, 90,0
89457,2007-02-20 17:51:24,121.478600,31.257300, 34, 90,0
89457,2007-02-20 17:51:40,121.478800,31.257100, 22, 90,1
89457,2007-02-20 17:53:42,121.480300,31.252000,  0, 90,1
89457,2007-02-20 17:54:43,121.480300,31.251500, 32, 90,1
89457,2007-02-20 17:55:44,121.480800,31.247500,  0, 90,1
89457,2007-02-20 17:56:45,121.481100,31.245300,  0, 90,1
89457,2007-02-20 17:57:35,121.480600,31.244100,  0,112,0
89457,2007-02-20 17:57:50,121.480500,31.244100, 10,135,0
89457,2007-02-20 17:58:47,121.480600,31.243100, 18, 90,0
89457,2007-02-20 18:01:06,121.479800,31.242500, 30,135,0
89457,2007-02-20 18:02:07,121.479100,31.242300, 22,112,0
89457,2007-02-20 18:02:23,121.479300,31.241300, 18, 90,0
89457,2007-02-20 18:02:59,121.479800,31.240300, 28, 67,0
89457,2007-02-20 18:03:05,121.480100,31.239800, 40, 67,1
89457,2007-02-20 18:04:05,121.481000,31.236800,  0, 90,1
89457,2007-02-20 18:05:06,121.481600,31.234800,  0, 90,1
89457,2007-02-20 18:06:07,121.481800,31.233300,  0, 90,1
89457,2007-02-20 18:07:08,121.482000,31.233000, 28, 90,1
89457,2007-02-20 18:08:09,121.483100,31.228100, 26, 90,1
89457,2007-02-20 18:09:10,121.484100,31.225600, 12, 67,1
89457,2007-02-20 18:10:11,121.487000,31.223600, 48, 45,1
89457,2007-02-20 18:11:12,121.493000,31.223000,  0, 45,1
89457,2007-02-20 18:11:15,121.493000,31.223000,  0, 45,0
89457,2007-02-20 18:11:17,121.493000,31.223000,  0, 45,1
89457,2007-02-20 18:11:54,121.494100,31.221800, 36, 90,0
89457,2007-02-20 18:12:26,121.494300,31.219000, 44, 90,0
89457,2007-02-20 18:12:42,121.493600,31.218100, 28, 90,0
89457,2007-02-20 18:12:58,121.493300,31.217100, 20,112,0
89457,2007-02-20 18:13:14,121.492000,31.216800, 38,135,0
89457,2007-02-20 18:13:40,121.490800,31.217000, 28,135,0
89457,2007-02-20 18:13:56,121.489300,31.217100, 32,135,0
89457,2007-02-20 18:15:26,121.487300,31.216800, 44,135,0
89457,2007-02-20 18:15:42,121.485300,31.216300, 50,135,0
89457,2007-02-20 18:15:58,121.483800,31.217000, 44,157,0
89457,2007-02-20 18:16:14,121.482000,31.218500, 50,157,0
89457,2007-02-20 18:16:30,121.481000,31.219800, 44,157,0
89457,2007-02-20 18:16:46,121.480500,31.220800,  0,157,0
89457,2007-02-20 18:17:47,121.480500,31.220800,  0,157,0
89457,2007-02-20 18:18:20,121.480000,31.221600, 52,157,0
89457,2007-02-20 18:18:36,121.479300,31.223100, 32,  0,0
89457,2007-02-20 18:18:59,121.479000,31.224100, 42,  0,0
89457,2007-02-20 18:19:15,121.478500,31.226000, 50,  0,0
89457,2007-02-20 18:19:31,121.478600,31.228000, 46, 22,0
89457,2007-02-20 18:20:25,121.479300,31.228800, 16, 22,0
89457,2007-02-20 18:20:51,121.480100,31.229100,  8, 45,0
89457,2007-02-20 18:22:53,121.480000,31.229000,  0,112,0
89457,2007-02-20 18:23:54,121.480000,31.229000,  0,112,0
89457,2007-02-20 18:24:55,121.480600,31.229000,  0,112,0
89457,2007-02-20 18:25:56,121.480600,31.229000,  0,112,0
89457,2007-02-20 18:26:57,121.480600,31.229000,  0,112,0
89457,2007-02-20 18:27:58,121.480600,31.229000,  0,112,0
89457,2007-02-20 18:28:59,121.480600,31.229000,  0,112,0
89457,2007-02-20 18:31:01,121.480300,31.229000,  0,112,0
89457,2007-02-20 18:32:02,121.480300,31.229000,  0,112,0
89457,2007-02-20 18:33:03,121.480300,31.229000,  0,112,0
89457,2007-02-20 18:34:04,121.480300,31.229000,  0,112,0
89457,2007-02-20 18:35:05,121.480300,31.229000,  0,112,0
89457,2007-02-20 18:36:06,121.480300,31.229000,  0,112,0
89457,2007-02-20 18:37:07,121.480100,31.229000,  0,112,0
89457,2007-02-20 18:38:08,121.480100,31.229000,  0,112,0
89457,2007-02-20 18:39:09,121.480100,31.229000,  0,112,0
89457,2007-02-20 18:40:10,121.480100,31.229000,  0,112,0
89457,2007-02-20 18:41:11,121.480300,31.229000,  0,112,0
89457,2007-02-20 18:42:12,121.480300,31.229000,  0,112,0
89457,2007-02-20 18:43:13,121.480300,31.229000,  0,112,0
89457,2007-02-20 18:44:14,121.480300,31.229000,  0,112,0
89457,2007-02-20 18:45:15,121.480300,31.229000,  0,112,0
89457,2007-02-20 18:47:17,121.480100,31.229000,  4, 22,0
89457,2007-02-20 18:48:10,121.480300,31.229800, 28, 22,0
89457,2007-02-20 18:48:26,121.479800,31.230800, 28,157,0
89457,2007-02-20 18:48:42,121.479000,31.231800,  4,157,0
89457,2007-02-20 18:49:43,121.478600,31.232600, 16,  0,0
89457,2007-02-20 18:49:59,121.480100,31.232800, 40, 45,0
89457,2007-02-20 18:50:15,121.482300,31.232600, 46, 45,0
89457,2007-02-20 18:50:31,121.483500,31.232500,  0, 45,0
89457,2007-02-20 18:51:32,121.483500,31.232500,  0, 45,0
89457,2007-02-20 18:52:24,121.499500,31.239000, 54, 67,0
89457,2007-02-20 18:52:40,121.501600,31.238000, 62, 67,0
89457,2007-02-20 18:52:56,121.503500,31.237500, 22, 45,0
89457,2007-02-20 18:53:40,121.504600,31.237000, 32, 67,0
89457,2007-02-20 18:53:56,121.506800,31.236500, 58, 45,0
89457,2007-02-20 18:54:12,121.509600,31.235600, 76, 45,0
89457,2007-02-20 18:54:46,121.513500,31.234100, 38, 45,0
89457,2007-02-20 18:55:02,121.515600,31.233300, 60, 45,0
89457,2007-02-20 18:55:18,121.517300,31.232300, 40, 67,0
89457,2007-02-20 18:56:19,121.517600,31.231500,  0, 67,0
89457,2007-02-20 18:56:50,121.518500,31.231100, 40, 45,0
89457,2007-02-20 18:57:06,121.521000,31.231800, 62, 45,0
89457,2007-02-20 18:57:22,121.523100,31.232600, 40, 45,0
89457,2007-02-20 18:57:38,121.524800,31.233100, 48, 45,0
89457,2007-02-20 18:57:54,121.526800,31.233800, 54, 45,0
89457,2007-02-20 18:58:10,121.529100,31.234500, 28, 45,0
89457,2007-02-20 18:59:11,121.529300,31.234500,  0, 45,0
89457,2007-02-20 19:00:15,121.533500,31.236000, 50, 45,0
89457,2007-02-20 19:00:31,121.535800,31.236600, 58, 45,0
89457,2007-02-20 19:00:47,121.538000,31.237500, 44, 22,0
89457,2007-02-20 19:01:03,121.539500,31.238000, 40, 45,0
89457,2007-02-20 19:01:19,121.541100,31.238300, 44, 45,0
89457,2007-02-20 19:01:35,121.543300,31.239000, 58, 45,0
89457,2007-02-20 19:01:51,121.545600,31.240000, 60, 22,0
89457,2007-02-20 19:02:23,121.549500,31.241600, 44, 22,0
89457,2007-02-20 19:02:39,121.551500,31.242500, 58, 22,0
89457,2007-02-20 19:02:55,121.553800,31.243600, 64, 22,0
89457,2007-02-20 19:03:11,121.556100,31.245100, 66, 22,0
89457,2007-02-20 19:03:27,121.558100,31.246300, 54, 22,0
89457,2007-02-20 19:03:43,121.559600,31.247000, 38, 22,0
89457,2007-02-20 19:03:59,121.560800,31.247600, 32, 22,0
89457,2007-02-20 19:04:15,121.562500,31.248600, 56, 22,0
89457,2007-02-20 19:04:31,121.564100,31.249800, 32, 22,0
89457,2007-02-20 19:05:11,121.565100,31.250300, 38, 22,0
89457,2007-02-20 19:05:27,121.566600,31.251100, 40, 22,0
89457,2007-02-20 19:05:44,121.567800,31.251500, 22, 67,0
89457,2007-02-20 19:06:25,121.568800,31.249600, 34, 67,0
89457,2007-02-20 19:07:38,121.567800,31.248600, 12,135,0
89457,2007-02-20 19:07:41,121.567600,31.248600, 20,135,1
89457,2007-02-20 19:08:41,121.565000,31.250000,  0,157,1
89457,2007-02-20 19:09:42,121.562800,31.253000, 48,157,1
89457,2007-02-20 19:10:43,121.559000,31.258300, 18,  0,1
89457,2007-02-20 19:11:44,121.561600,31.258500,  0, 67,1
89457,2007-02-20 19:11:52,121.561600,31.258500,  0, 67,0
89457,2007-02-20 19:12:45,121.561100,31.259100, 20,157,0
89457,2007-02-20 19:13:06,121.560100,31.259100, 36,112,0
89457,2007-02-20 19:13:37,121.559100,31.258600, 42,112,0
89457,2007-02-20 19:13:53,121.557600,31.257600, 42,112,0
89457,2007-02-20 19:14:09,121.556300,31.256800,  4,135,0
89457,2007-02-20 19:14:22,121.556100,31.256600, 24,112,1
89457,2007-02-20 19:15:22,121.551600,31.257000,  8,157,1
89457,2007-02-20 19:16:23,121.551600,31.257000,  0,157,1
89457,2007-02-20 19:17:24,121.547600,31.253500, 56,112,1
89457,2007-02-20 19:18:25,121.544800,31.250500,  4,112,1
89457,2007-02-20 19:19:26,121.540000,31.247800, 42,112,1
89457,2007-02-20 19:20:27,121.530800,31.244600, 68,135,1
89457,2007-02-20 19:21:28,121.522600,31.242600, 66,135,1
89457,2007-02-20 19:23:30,121.511300,31.241500, 64,135,1
89457,2007-02-20 19:24:31,121.508300,31.240600,  8,135,1
89457,2007-02-20 19:25:32,121.501800,31.238500, 54,135,1
89457,2007-02-20 19:26:33,121.495600,31.240300, 18,112,1
89457,2007-02-20 19:27:59,121.495800,31.239100,  6, 90,0
89457,2007-02-20 19:28:51,121.496000,31.238000, 16, 90,1
89457,2007-02-20 19:29:51,121.497100,31.236100, 28, 22,1
89457,2007-02-20 19:30:52,121.499500,31.234800, 10, 90,1
89457,2007-02-20 19:31:53,121.504000,31.235000, 50, 45,1
89457,2007-02-20 19:32:54,121.509500,31.234600, 28, 67,1
89457,2007-02-20 19:33:50,121.510600,31.232000,  0, 90,0
89457,2007-02-20 19:34:05,121.510600,31.232000,  0, 90,0
89457,2007-02-20 19:34:46,121.511500,31.229800, 34, 90,0
89457,2007-02-20 19:35:02,121.512100,31.229100, 14, 45,0
89457,2007-02-20 19:35:25,121.513500,31.229500, 12, 45,0
89457,2007-02-20 19:36:09,121.514100,31.229000, 26, 67,0
89457,2007-02-20 19:36:25,121.514600,31.228000, 24, 90,0
89457,2007-02-20 19:36:42,121.515100,31.227000, 24, 90,0
89457,2007-02-20 19:37:35,121.515600,31.226000, 12, 90,0
89457,2007-02-20 19:37:55,121.514600,31.225600, 36,135,0
89457,2007-02-20 19:38:17,121.513600,31.225300, 10,135,0
89457,2007-02-20 19:38:34,121.513500,31.224300, 44, 90,0
89457,2007-02-20 19:38:50,121.514000,31.222500, 54, 90,0
89457,2007-02-20 19:39:06,121.514300,31.220600, 36, 90,0
89457,2007-02-20 19:39:22,121.514300,31.219300, 28, 90,0
89457,2007-02-20 19:39:38,121.514300,31.219100, 14, 90,1
89457,2007-02-20 19:40:38,121.513600,31.214100, 48, 90,1
89457,2007-02-20 19:41:39,121.509600,31.206800, 54, 90,1
89457,2007-02-20 19:42:40,121.508600,31.204300,  0, 90,1
89457,2007-02-20 19:44:42,121.517000,31.202300, 16, 45,1
89457,2007-02-20 19:46:22,121.521600,31.195800,  0, 90,1
89457,2007-02-20 19:47:22,121.521600,31.195500, 10, 67,1
89457,2007-02-20 19:48:23,121.525000,31.196500, 36, 45,1
89457,2007-02-20 19:49:37,121.526100,31.197500,  0,157,0
89457,2007-02-20 19:50:38,121.526100,31.197000, 16, 90,0
89457,2007-02-20 19:51:18,121.526100,31.196000, 36, 90,0
89457,2007-02-20 19:51:58,121.526500,31.195600, 12,157,1
89457,2007-02-20 19:52:58,121.522800,31.197100, 30,135,1
89457,2007-02-20 19:53:59,121.524800,31.201500, 48,  0,1
89457,2007-02-20 19:55:00,121.516100,31.202800, 86,135,1
89457,2007-02-20 19:56:01,121.504600,31.206100, 66,135,1
89457,2007-02-20 19:57:02,121.496300,31.210800, 56, 22,1
89457,2007-02-20 19:58:03,121.496000,31.213000, 58,157,1
89457,2007-02-20 19:59:04,121.487600,31.214500, 68,135,1
89457,2007-02-20 20:00:05,121.481600,31.213800,  0,135,1
89457,2007-02-20 20:01:07,121.480800,31.213600, 34,135,1
89457,2007-02-20 20:02:08,121.476600,31.215500,  2,  0,1
89457,2007-02-20 20:03:40,121.475500,31.219100,  0,  0,0
89457,2007-02-20 20:03:55,121.475500,31.219100, 14,157,0
89457,2007-02-20 20:04:57,121.475300,31.219500,  0,157,0
89457,2007-02-20 20:06:02,121.474300,31.221500,  8, 22,0
89457,2007-02-20 20:06:20,121.475300,31.221800, 18, 22,0
89457,2007-02-20 20:06:36,121.476500,31.222300, 28, 22,0
89457,2007-02-20 20:06:53,121.477300,31.222100, 34, 67,0
89457,2007-02-20 20:07:09,121.478100,31.221100,  0, 67,0
89457,2007-02-20 20:08:10,121.478100,31.221100,  0, 67,0
89457,2007-02-20 20:09:10,121.478000,31.221800,  0,157,0
89457,2007-02-20 20:09:42,121.477800,31.222000, 14,157,1
89457,2007-02-20 20:10:43,121.476600,31.225300,  0,  0,1
89457,2007-02-20 20:12:45,121.474000,31.230300,  0,157,1
89457,2007-02-20 20:13:45,121.473600,31.230800, 34,157,1
89457,2007-02-20 20:14:47,121.470600,31.235800, 26,157,1
89457,2007-02-20 20:15:48,121.469500,31.238000,  0,  0,1
89457,2007-02-20 20:16:49,121.468500,31.240600, 32,157,1
89457,2007-02-20 20:17:50,121.466600,31.247000,  8,  0,1
89457,2007-02-20 20:18:50,121.465000,31.251300,  0,  0,1
89457,2007-02-20 20:19:52,121.464500,31.254300,  8,  0,1
89457,2007-02-20 20:20:53,121.463500,31.257800, 38,157,1
89457,2007-02-20 20:21:54,121.462800,31.259300,  0,  0,1
89457,2007-02-20 20:22:55,121.462000,31.263600, 52,  0,1
89457,2007-02-20 20:23:55,121.460100,31.267100,  4,157,1
89457,2007-02-20 20:24:57,121.460800,31.270500, 42, 22,1
89457,2007-02-20 20:25:58,121.462800,31.272500, 38,157,1
89457,2007-02-20 20:26:59,121.458600,31.277000, 44,135,1
89457,2007-02-20 20:28:00,121.456800,31.281000, 10,  0,1
89457,2007-02-20 20:29:00,121.460100,31.282000,  0, 45,1
89457,2007-02-20 20:30:02,121.460500,31.282500, 32,  0,1
89457,2007-02-20 20:31:03,121.461500,31.288800, 40,  0,1
89457,2007-02-20 20:33:05,121.462800,31.300000, 44,  0,1
89457,2007-02-20 20:34:05,121.462800,31.302500, 10, 22,1
89457,2007-02-20 20:35:07,121.464600,31.303800,  0, 22,1
89457,2007-02-20 20:36:08,121.463800,31.302800,  8, 90,1
89457,2007-02-20 20:37:09,121.463000,31.302500,  0,135,1
89457,2007-02-20 20:38:10,121.462600,31.300000, 48, 90,1
89457,2007-02-20 20:39:10,121.461800,31.294800, 38,157,1
89457,2007-02-20 20:40:12,121.452100,31.296100, 78,135,1
89457,2007-02-20 20:41:13,121.439100,31.293300, 74,135,1
89457,2007-02-20 20:42:14,121.430500,31.291800, 70,135,1
89457,2007-02-20 20:43:15,121.427300,31.291300,  0,135,1
89457,2007-02-20 20:44:15,121.423500,31.290800, 24,135,1
89457,2007-02-20 20:45:17,121.417500,31.289800, 46,135,1
89457,2007-02-20 20:46:18,121.415500,31.289600,  0,135,1
89457,2007-02-20 20:47:19,121.415100,31.289600,  8,112,1
89457,2007-02-20 20:48:20,121.416800,31.286300,  8, 90,1
89457,2007-02-20 20:49:12,121.413500,31.285800,  0,135,0
89457,2007-02-20 20:49:28,121.413500,31.285800,  0,135,0
89457,2007-02-20 20:50:10,121.412500,31.285600, 30,135,0
89457,2007-02-20 20:50:35,121.412000,31.284800, 26, 90,0
89457,2007-02-20 20:50:52,121.411800,31.283800, 42, 90,0
89457,2007-02-20 20:51:08,121.411300,31.282100, 44, 90,0
89457,2007-02-20 20:51:50,121.411300,31.281300, 30, 45,0
89457,2007-02-20 20:52:07,121.413000,31.281300, 24, 45,0
89457,2007-02-20 20:53:20,121.416800,31.281500,  0, 45,1
89457,2007-02-20 20:54:20,121.416800,31.281500,  0, 45,1
89457,2007-02-20 20:55:22,121.417800,31.284100,  0,  0,1
89457,2007-02-20 20:56:23,121.417800,31.284100,  0,  0,1
89457,2007-02-20 20:57:41,121.422800,31.278800, 82, 67,1
89457,2007-02-20 20:58:42,121.428500,31.273100, 56, 67,1
89457,2007-02-20 20:59:43,121.434800,31.270300,  0, 45,1
89457,2007-02-20 21:00:44,121.438600,31.268300, 52, 67,1
89457,2007-02-20 21:01:45,121.440600,31.265500, 50, 67,1
89457,2007-02-20 21:02:45,121.444100,31.260800, 36, 67,1
89457,2007-02-20 21:03:47,121.445500,31.259100, 36, 67,1
89457,2007-02-20 21:04:48,121.446600,31.253100, 56, 90,1
89457,2007-02-20 21:05:49,121.447600,31.249500,  0, 67,1
89457,2007-02-20 21:06:50,121.448500,31.247800,  0, 45,1
89457,2007-02-20 21:07:50,121.448500,31.248000,  0, 45,1
89457,2007-02-20 21:08:52,121.452800,31.242500, 52, 90,1
89457,2007-02-20 21:09:53,121.455000,31.236600, 48,112,1
89457,2007-02-20 21:10:54,121.449300,31.234600, 12,135,1
89457,2007-02-20 21:11:55,121.449100,31.234600,  0,135,1
89457,2007-02-20 21:12:54,121.447600,31.234100,  0,135,1
89457,2007-02-20 21:14:14,121.449500,31.230000,  2, 67,0
89457,2007-02-20 21:14:48,121.449300,31.229600, 16, 67,0
89457,2007-02-20 21:15:49,121.450100,31.229100,  0, 67,0
89457,2007-02-20 21:16:31,121.451000,31.229500, 14, 22,1
89457,2007-02-20 21:18:33,121.455100,31.228800,  0, 67,1
89457,2007-02-20 21:19:34,121.456100,31.225800, 24, 90,1
89457,2007-02-20 21:20:34,121.460800,31.225800, 44, 45,1
89457,2007-02-20 21:21:36,121.464300,31.225500,  0, 67,1
89457,2007-02-20 21:22:37,121.464800,31.225600, 22, 22,1
89457,2007-02-20 21:23:38,121.472800,31.229600, 36, 22,1
89457,2007-02-20 21:24:39,121.473500,31.230100,  0, 22,1
89457,2007-02-20 21:25:39,121.473600,31.230500,  0, 22,1
89457,2007-02-20 21:26:09,121.473000,31.231800,  0,157,0
89457,2007-02-20 21:26:24,121.473000,31.231800,  0,157,0
89457,2007-02-20 21:26:54,121.473000,31.232500, 32, 22,0
89457,2007-02-20 21:27:24,121.473800,31.232500,  6, 67,0
89457,2007-02-20 21:27:26,121.473800,31.232300, 16, 90,1
89457,2007-02-20 21:28:27,121.473800,31.231000,  8, 22,1
89457,2007-02-20 21:29:28,121.475800,31.227000, 48, 90,1
89457,2007-02-20 21:30:29,121.476800,31.223500,  6, 67,1
89457,2007-02-20 21:31:29,121.478100,31.220800, 48, 67,1
89457,2007-02-20 21:32:31,121.477500,31.216300, 34,112,1
89457,2007-02-20 21:33:32,121.478000,31.215100, 10, 67,1
89457,2007-02-20 21:34:33,121.480100,31.214500,  0, 45,1
89457,2007-02-20 21:34:37,121.480100,31.214500,  0, 45,0
89457,2007-02-20 21:35:38,121.479100,31.214300,  0,135,0
89457,2007-02-20 21:36:39,121.478500,31.214100, 10,112,0
89457,2007-02-20 21:37:01,121.478000,31.213300, 24,135,0
89457,2007-02-20 21:37:23,121.477100,31.213800,  6,  0,0
89457,2007-02-20 21:37:42,121.476800,31.214800, 14,  0,0
89457,2007-02-20 21:37:59,121.476600,31.215000, 26,  0,1
89457,2007-02-20 21:38:59,121.476000,31.217800,  0,  0,1
89457,2007-02-20 21:41:01,121.475300,31.219500,  0,  0,1
89457,2007-02-20 21:42:02,121.474000,31.219300,  0,112,1
89457,2007-02-20 21:43:03,121.468600,31.217800, 36,112,1
89457,2007-02-20 21:44:04,121.466500,31.217300,  0,135,1
89457,2007-02-20 21:45:04,121.465300,31.217500, 46,135,1
89457,2007-02-20 21:46:06,121.457600,31.215600, 44,112,1
89457,2007-02-20 21:47:07,121.449500,31.213600, 52,135,1
89457,2007-02-20 21:48:08,121.445500,31.212500,  0,135,1
89457,2007-02-20 21:49:09,121.443600,31.212300,  0,135,1
89457,2007-02-20 21:51:11,121.433800,31.212600, 48,135,1
89457,2007-02-20 21:52:12,121.429600,31.213300, 32,157,1
89457,2007-02-20 21:53:13,121.428100,31.216300, 56,  0,1
89457,2007-02-20 21:54:14,121.426300,31.220800,  0,  0,1
89457,2007-02-20 21:55:14,121.426100,31.221500, 44,  0,1
89457,2007-02-20 21:57:17,121.423100,31.226000, 20,157,1
89457,2007-02-20 21:58:18,121.417800,31.233300, 66,157,1
89457,2007-02-20 21:59:19,121.417300,31.234300, 10,157,1
89457,2007-02-20 22:03:17,121.409600,31.239000, 38, 22,0
89457,2007-02-20 22:03:33,121.410500,31.240000, 36, 22,0
89457,2007-02-20 22:03:49,121.411500,31.240300, 36, 67,0
89457,2007-02-20 22:04:18,121.412500,31.239800, 46, 67,0
89457,2007-02-20 22:04:46,121.413100,31.239300, 24, 67,1
89457,2007-02-20 22:05:47,121.416300,31.237500, 22, 22,1
89457,2007-02-20 22:07:49,121.427600,31.233300,  6, 67,1
89457,2007-02-20 22:08:49,121.431100,31.233500, 32, 22,1
89457,2007-02-20 22:09:51,121.435800,31.235500, 20, 45,1
89457,2007-02-20 22:10:52,121.439500,31.236500, 22,135,1
89457,2007-02-20 22:11:08,121.439300,31.236300,  0,135,0
89457,2007-02-20 22:12:09,121.439600,31.236800, 10,  0,0
89457,2007-02-20 22:13:07,121.440800,31.237100, 26, 22,0
89457,2007-02-20 22:13:23,121.442300,31.237800, 30, 22,0
89457,2007-02-20 22:13:39,121.443800,31.238300, 44, 22,0
89457,2007-02-20 22:13:54,121.445000,31.238600,  6, 22,0
89457,2007-02-20 22:14:48,121.445800,31.238100, 24, 67,0
89457,2007-02-20 22:15:07,121.446500,31.237500, 32, 67,0
89457,2007-02-20 22:15:23,121.445600,31.236800, 54,112,0
89457,2007-02-20 22:15:39,121.445500,31.236100, 30, 67,0
89457,2007-02-20 22:16:28,121.447500,31.233600, 48, 67,0
89457,2007-02-20 22:16:44,121.448300,31.232100, 40, 90,0
89457,2007-02-20 22:17:21,121.448600,31.231100, 36, 67,0
89457,2007-02-20 22:17:37,121.449500,31.230100, 42, 67,0
89457,2007-02-20 22:17:53,121.450300,31.229000, 14, 67,0
89457,2007-02-20 22:18:44,121.452500,31.230300, 28, 22,0
89457,2007-02-20 22:19:04,121.453500,31.231000, 30, 22,0
89457,2007-02-20 22:19:24,121.454100,31.230500, 34, 67,0
89457,2007-02-20 22:19:41,121.454800,31.229300, 36, 90,0
89457,2007-02-20 22:19:57,121.455600,31.228500, 34, 45,0
89457,2007-02-20 22:20:54,121.458500,31.228800, 26, 45,0
89457,2007-02-20 22:21:12,121.459600,31.229000, 28, 45,0
89457,2007-02-20 22:21:38,121.460600,31.229100, 22, 45,1
89457,2007-02-20 22:22:38,121.462800,31.227500,  0, 90,1
89457,2007-02-20 22:23:39,121.466100,31.224600, 60, 67,1
89457,2007-02-20 22:24:39,121.467100,31.220600,  0,  0,1
89457,2007-02-20 22:25:41,121.466600,31.220000, 34, 90,1
89457,2007-02-20 22:26:42,121.465500,31.219300,  6,157,1
89457,2007-02-20 22:26:50,121.465500,31.219300,  0,157,0
89457,2007-02-20 22:28:07,121.465800,31.221100, 30, 45,0
89457,2007-02-20 22:28:41,121.466300,31.219600, 30, 90,0
89457,2007-02-20 22:28:57,121.466000,31.218500, 36, 90,0
89457,2007-02-20 22:29:58,121.465800,31.217800,  0, 90,0
89457,2007-02-20 22:30:48,121.465600,31.216600, 44, 90,0
89457,2007-02-20 22:31:04,121.465600,31.215600,  6, 67,0
89457,2007-02-20 22:32:04,121.465600,31.215600,  0, 67,0
89457,2007-02-20 22:32:24,121.466800,31.215500, 40, 45,0
89457,2007-02-20 22:32:41,121.468600,31.215800, 30, 45,0
89457,2007-02-20 22:33:25,121.469600,31.216000, 22, 45,1
89457,2007-02-20 22:34:26,121.473000,31.217100, 32, 45,1
89457,2007-02-20 22:35:27,121.475300,31.218000, 42, 45,1
89457,2007-02-20 22:36:28,121.478600,31.219100,  0, 22,1
89457,2007-02-20 22:37:29,121.480800,31.221100, 56, 22,1
89457,2007-02-20 22:38:29,121.490000,31.223800, 58, 45,1
89457,2007-02-20 22:39:31,121.496600,31.222500,  0, 45,1
89457,2007-02-20 22:40:32,121.496600,31.222500,  0, 45,1
89457,2007-02-20 22:41:33,121.512500,31.229300, 32, 22,1
89457,2007-02-20 22:42:34,121.514300,31.232800, 30, 45,1
89457,2007-02-20 22:43:34,121.515300,31.233100,  0, 45,1
89457,2007-02-20 22:44:19,121.518000,31.234300,  6, 22,0
89457,2007-02-20 22:44:34,121.518100,31.234300,  0, 45,0
89457,2007-02-20 22:44:59,121.519100,31.234500, 30, 67,0
89457,2007-02-20 22:45:14,121.519500,31.233300, 32, 90,0
89457,2007-02-20 22:45:54,121.520000,31.232300, 12, 67,0
89457,2007-02-20 22:46:11,121.519300,31.231600, 46,135,0
89457,2007-02-20 22:46:27,121.517300,31.231000, 38,135,0
89457,2007-02-20 22:47:27,121.516000,31.230600, 22,112,0
89457,2007-02-20 22:47:43,121.514800,31.230300, 24,135,0
89457,2007-02-20 22:48:11,121.513600,31.229800, 22,112,0
89457,2007-02-20 22:48:33,121.514000,31.228800, 26, 67,0
89457,2007-02-20 22:48:49,121.514600,31.228000, 20, 67,0
89457,2007-02-20 22:49:11,121.515100,31.227000, 20, 67,0
89457,2007-02-20 22:49:39,121.515500,31.226100, 14, 90,0
89457,2007-02-20 22:49:57,121.514800,31.225600, 34,112,0
89457,2007-02-20 22:50:19,121.513800,31.225300, 18,135,0
89457,2007-02-20 22:50:34,121.513500,31.224300, 48, 90,0
89457,2007-02-20 22:50:51,121.514000,31.222600, 50, 90,0
89457,2007-02-20 22:51:07,121.514300,31.221000, 30, 90,0
89457,2007-02-20 22:51:23,121.514500,31.219800, 42, 90,0
89457,2007-02-20 22:51:39,121.514300,31.217800, 56, 90,0
89457,2007-02-20 22:51:54,121.514100,31.216000, 44, 90,0
89457,2007-02-20 22:52:34,121.514000,31.215000, 20, 90,0
89457,2007-02-20 22:52:49,121.513500,31.213800, 52,112,0
89457,2007-02-20 22:53:06,121.512300,31.212500, 16,135,0
89457,2007-02-20 22:54:24,121.511500,31.211000, 26,112,0
89457,2007-02-20 22:54:39,121.510800,31.209800, 40, 90,0
89457,2007-02-20 22:54:56,121.510100,31.208300, 38, 90,0
89457,2007-02-20 22:55:12,121.509600,31.207100, 36, 90,0
89457,2007-02-20 22:55:28,121.509000,31.205600, 42, 90,0
89457,2007-02-20 22:55:44,121.508500,31.204100, 40, 90,0
89457,2007-02-20 22:55:59,121.508000,31.203000, 24, 90,0
89457,2007-02-20 22:56:19,121.507500,31.202000, 26, 90,0
89457,2007-02-20 22:56:44,121.507000,31.201100,  6,112,0
89457,2007-02-20 22:57:24,121.506300,31.200300,  8,112,0
89457,2007-02-20 22:57:58,121.505800,31.199500, 38,112,0
89457,2007-02-20 22:58:36,121.505600,31.199100, 26, 22,0
89457,2007-02-20 22:59:26,121.507600,31.201600, 42, 22,1
89457,2007-02-20 23:00:26,121.511600,31.211000, 68, 22,1
89457,2007-02-20 23:02:06,121.519800,31.210000, 50, 45,1
89457,2007-02-20 23:03:05,121.522600,31.212000,  0, 22,0
89457,2007-02-20 23:03:27,121.522600,31.212100, 24,  0,1
89457,2007-02-20 23:04:28,121.524800,31.220800, 72,  0,1
89457,2007-02-20 23:05:29,121.522500,31.227600,  0,  0,1
89457,2007-02-20 23:06:29,121.522500,31.227600,  0,  0,1
89457,2007-02-20 23:07:31,121.520800,31.231300, 10,  0,1
89457,2007-02-20 23:08:32,121.529500,31.234600, 58, 45,1
89457,2007-02-20 23:09:33,121.537600,31.237300, 54, 45,1
89457,2007-02-20 23:10:34,121.543300,31.239000, 10, 45,1
89457,2007-02-20 23:11:34,121.548600,31.241300, 32, 45,1
89457,2007-02-20 23:12:36,121.556600,31.245300, 60, 22,1
89457,2007-02-20 23:13:37,121.560300,31.248300, 30,157,1
89457,2007-02-20 23:14:01,121.559300,31.249300,  0, 67,0
89457,2007-02-20 23:14:17,121.559300,31.249300,  0, 67,0
89457,2007-02-20 23:14:41,121.560000,31.248500, 24, 67,0
89457,2007-02-20 23:15:16,121.560300,31.247500, 30,112,0
89457,2007-02-20 23:15:32,121.559000,31.246600, 30,112,0
89457,2007-02-20 23:15:48,121.557300,31.246100, 48,112,0
89457,2007-02-20 23:16:04,121.555600,31.245100, 46,112,0
89457,2007-02-20 23:16:19,121.554500,31.244600, 30,112,0
89457,2007-02-20 23:17:09,121.553500,31.244600, 36,157,0
89457,2007-02-20 23:17:32,121.553600,31.244500, 22, 67,0
89457,2007-02-20 23:18:14,121.554300,31.243600, 32, 67,0
89457,2007-02-20 23:18:31,121.555000,31.242300, 32, 67,0
89457,2007-02-20 23:19:22,121.555300,31.241500, 22,112,0
89457,2007-02-20 23:19:38,121.553800,31.240500, 52,112,0
89457,2007-02-20 23:19:54,121.551800,31.239500, 46,112,0
89457,2007-02-20 23:20:09,121.550500,31.238800, 30,112,0
89457,2007-02-20 23:20:26,121.548800,31.238100, 48,112,0
89457,2007-02-20 23:20:42,121.546800,31.237500, 50,112,0
89457,2007-02-20 23:21:22,121.544100,31.236500, 48,112,0
89457,2007-02-20 23:21:38,121.542000,31.235600, 46,112,0
89457,2007-02-20 23:22:19,121.541300,31.235100, 28, 90,0
89457,2007-02-20 23:22:36,121.542000,31.233500, 38, 67,0
89457,2007-02-20 23:22:52,121.542500,31.232600, 18, 67,0
89457,2007-02-20 23:23:08,121.543100,31.231300, 50, 67,0
89457,2007-02-20 23:23:24,121.543800,31.230000, 14, 67,0
89457,2007-02-20 23:23:53,121.543000,31.229500, 36,112,0
89457,2007-02-20 23:24:09,121.541100,31.228600, 54,112,0
89457,2007-02-20 23:24:24,121.539000,31.227500, 64,112,0
89457,2007-02-20 23:24:41,121.536600,31.226000, 58,112,0
89457,2007-02-20 23:25:13,121.532500,31.222500, 64,112,0
89457,2007-02-20 23:25:29,121.531300,31.220300, 64, 90,0
89457,2007-02-20 23:25:44,121.530600,31.218100, 60, 90,0
89457,2007-02-20 23:26:01,121.530000,31.216800, 10, 90,0
89457,2007-02-20 23:26:19,121.529000,31.216500, 40,135,0
89457,2007-02-20 23:26:34,121.527000,31.216500, 46,135,0
89457,2007-02-20 23:26:51,121.525100,31.216500, 26,135,0
89457,2007-02-20 23:27:31,121.524300,31.216000, 36, 90,0
89457,2007-02-20 23:27:47,121.523800,31.214600, 36, 90,0
89457,2007-02-20 23:28:03,121.523300,31.213600, 18,112,0
89457,2007-02-20 23:28:19,121.521800,31.213800, 34,135,0
89457,2007-02-20 23:28:34,121.520300,31.213800, 34,135,0
89457,2007-02-20 23:28:51,121.518600,31.213800, 18,135,0
89457,2007-02-20 23:29:16,121.518000,31.213300, 36, 90,0
89457,2007-02-20 23:29:32,121.517300,31.211800, 32, 90,0
89457,2007-02-20 23:29:48,121.516800,31.210800, 10, 90,0
89457,2007-02-20 23:30:16,121.516300,31.210000, 38, 90,0
89457,2007-02-20 23:30:32,121.515600,31.208500, 36,112,0
89457,2007-02-20 23:30:48,121.515100,31.207500, 32,112,0
89457,2007-02-20 23:31:04,121.514300,31.206100, 46,112,0
89457,2007-02-20 23:31:27,121.513800,31.205100, 32, 90,0
89457,2007-02-20 23:31:43,121.513000,31.203600, 36, 90,0
89457,2007-02-20 23:31:59,121.512100,31.202100, 46,112,0
89457,2007-02-20 23:32:14,121.511500,31.200500, 46,112,0
89457,2007-02-20 23:32:31,121.512100,31.199800, 34, 45,0
89457,2007-02-20 23:32:47,121.513600,31.199100, 40, 67,0
89457,2007-02-20 23:33:03,121.515000,31.198500, 20, 67,0
89457,2007-02-20 23:33:19,121.514500,31.197300, 40,112,0
89457,2007-02-20 23:33:34,121.513500,31.196100, 40,112,0
89457,2007-02-20 23:33:51,121.512000,31.195100, 42,112,0
89457,2007-02-20 23:34:07,121.510600,31.194100, 42,112,0
89457,2007-02-20 23:34:23,121.510300,31.193300, 38, 67,0
89457,2007-02-20 23:36:54,121.514500,31.184600, 34, 67,0
89457,2007-02-20 23:37:09,121.514800,31.183800, 26, 90,0
89457,2007-02-20 23:37:33,121.514100,31.183000, 24,112,0
89457,2007-02-20 23:37:49,121.513000,31.182500, 38,112,0
89457,2007-02-20 23:38:04,121.511600,31.181600, 20,112,0
89457,2007-02-20 23:38:32,121.510600,31.181100, 28,112,0
89457,2007-02-20 23:38:48,121.509600,31.180500, 28,112,0
89457,2007-02-20 23:39:04,121.508500,31.179800, 26,112,0
89457,2007-02-20 23:39:24,121.507500,31.179100, 38,112,0
89457,2007-02-20 23:39:39,121.505800,31.178800, 42,135,0
89457,2007-02-20 23:39:56,121.504000,31.178500, 44,135,0
89457,2007-02-20 23:40:12,121.502100,31.178100, 44,135,0
89457,2007-02-20 23:40:28,121.500300,31.177800, 38,135,0
89457,2007-02-20 23:41:14,121.499300,31.177600, 30,135,0
89457,2007-02-20 23:41:31,121.497500,31.177500, 42,135,0
89457,2007-02-20 23:41:47,121.496300,31.177300,  8,135,0
89457,2007-02-20 23:42:29,121.495100,31.177000,  8,135,0
89457,2007-02-20 23:42:46,121.493800,31.176800, 36,135,0
89457,2007-02-20 23:43:02,121.492100,31.176500, 38,135,0
89457,2007-02-20 23:43:18,121.491000,31.176100, 12,112,0
89457,2007-02-20 23:43:49,121.491300,31.173500, 38, 67,0
89457,2007-02-20 23:44:06,121.492000,31.172300, 36, 90,0
89457,2007-02-20 23:44:22,121.492100,31.171000, 36, 90,0
89457,2007-02-20 23:45:14,121.492300,31.170000, 40, 90,0
89457,2007-02-20 23:45:29,121.492300,31.168000, 58, 90,0
89457,2007-02-20 23:45:46,121.492100,31.166600, 32,135,0
89457,2007-02-20 23:46:02,121.490300,31.166100, 46,112,0
89457,2007-02-20 23:46:18,121.489100,31.165800,  0,135,0
89457,2007-02-20 23:46:57,121.489300,31.165800, 24, 45,1
89457,2007-02-20 23:50:59,121.499600,31.177600,  0,  0,1
89457,2007-02-20 23:52:01,121.497500,31.182500, 58,157,1
89457,2007-02-20 23:53:02,121.498500,31.187500, 48, 22,1
89457,2007-02-20 23:54:03,121.502300,31.194500, 58, 22,1
89457,2007-02-20 23:55:04,121.503500,31.200600, 54,157,1
89457,2007-02-20 23:55:37,121.502500,31.203800,  0, 45,0
89457,2007-02-20 23:55:53,121.502500,31.203800,  0, 45,0
89457,2007-02-20 23:56:44,121.502300,31.203100, 48, 67,0
89457,2007-02-20 23:56:59,121.503100,31.201500, 44, 90,0
89457,2007-02-20 23:57:16,121.503600,31.200300,  0, 67,0
89457,2007-02-20 23:57:52,121.503600,31.200300, 10, 67,1
