84148,2007-02-20 00:00:25,121.400500,31.197300,  0, 90,0
84148,2007-02-20 00:01:26,121.400500,31.197300,  0, 90,0
84148,2007-02-20 00:02:27,121.400500,31.197300,  0, 90,0
84148,2007-02-20 00:03:28,121.400500,31.197300,  0, 90,0
84148,2007-02-20 00:04:29,121.400300,31.197300,  0, 90,0
84148,2007-02-20 00:05:30,121.400300,31.197100,  0, 90,0
84148,2007-02-20 00:06:31,121.400600,31.197300,  0, 90,0
84148,2007-02-20 00:07:32,121.400500,31.196800,  0, 90,0
84148,2007-02-20 00:08:33,121.400500,31.196800,  0, 90,0
84148,2007-02-20 00:09:34,121.400500,31.196800,  0, 90,0
84148,2007-02-20 00:10:35,121.400500,31.196800,  0, 90,0
84148,2007-02-20 00:11:36,121.400500,31.196800,  0, 90,0
84148,2007-02-20 00:12:37,121.400500,31.196800,  0, 90,0
84148,2007-02-20 00:13:38,121.400500,31.197100,  0, 90,0
84148,2007-02-20 00:14:39,121.400500,31.197100,  0, 90,0
84148,2007-02-20 00:17:42,121.400500,31.197100,  0, 90,0
84148,2007-02-20 00:18:43,121.400600,31.197300,  0, 90,0
84148,2007-02-20 00:19:44,121.400600,31.197300,  0, 90,0
84148,2007-02-20 00:20:45,121.400600,31.197300,  0, 90,0
84148,2007-02-20 00:22:47,121.400500,31.197300,  0, 90,0
84148,2007-02-20 00:23:48,121.400300,31.197100,  0, 90,0
84148,2007-02-20 00:24:49,121.400300,31.197100,  0, 90,0
84148,2007-02-20 00:25:50,121.400300,31.197100,  0, 90,0
84148,2007-02-20 00:26:51,121.400300,31.197100,  0, 90,0
84148,2007-02-20 00:28:53,121.400500,31.197300,  0, 22,0
84148,2007-02-20 00:29:54,121.400500,31.197300,  0, 22,0
84148,2007-02-20 00:30:55,121.400500,31.197300,  0, 22,0
84148,2007-02-20 00:31:56,121.400600,31.197300,  0, 22,0
84148,2007-02-20 00:32:57,121.400600,31.197300,  0, 22,0
84148,2007-02-20 00:33:58,121.400500,31.197300,  0, 22,0
84148,2007-02-20 00:34:59,121.400500,31.197100,  0, 22,0
84148,2007-02-20 00:36:00,121.400500,31.197300,  0, 22,0
84148,2007-02-20 00:37:01,121.400500,31.197300,  0, 22,0
84148,2007-02-20 00:38:02,121.400500,31.197300,  0, 22,0
84148,2007-02-20 00:39:03,121.400500,31.197300,  0, 22,0
84148,2007-02-20 00:40:04,121.400500,31.197300,  0, 22,0
84148,2007-02-20 00:42:06,121.400500,31.197300,  0, 22,0
84148,2007-02-20 00:43:07,121.400500,31.197300,  0, 22,0
84148,2007-02-20 00:44:08,121.400500,31.197300,  0, 22,0
84148,2007-02-20 00:45:09,121.400500,31.197300,  0, 22,0
84148,2007-02-20 00:46:10,121.400500,31.197300,  0, 22,0
84148,2007-02-20 00:47:11,121.400500,31.197300,  0, 22,0
84148,2007-02-20 00:48:12,121.400500,31.197300,  0, 22,0
84148,2007-02-20 00:49:13,121.400500,31.197300,  0, 22,0
84148,2007-02-20 00:50:14,121.400500,31.197300,  0, 22,0
84148,2007-02-20 00:51:15,121.400500,31.197300,  0, 22,0
84148,2007-02-20 00:52:16,121.400500,31.197300,  0, 22,0
84148,2007-02-20 00:53:17,121.400500,31.197300,  0, 22,0
84148,2007-02-20 00:54:18,121.400500,31.197300,  0, 22,0
84148,2007-02-20 00:55:19,121.400500,31.197300,  0, 22,0
84148,2007-02-20 00:56:20,121.400500,31.197300,  0, 22,0
84148,2007-02-20 00:57:21,121.400500,31.197300,  0, 22,0
84148,2007-02-20 00:59:23,121.400500,31.197300,  0, 22,0
84148,2007-02-20 01:00:23,121.400500,31.197300,  0, 22,0
84148,2007-02-20 01:01:24,121.400500,31.197300,  0, 22,0
84148,2007-02-20 01:02:25,121.400500,31.197300,  0, 22,0
84148,2007-02-20 01:03:26,121.400500,31.197300,  0, 22,0
84148,2007-02-20 01:04:27,121.400500,31.197300,  0, 22,0
84148,2007-02-20 01:05:28,121.400600,31.197300,  0, 22,0
84148,2007-02-20 01:06:29,121.400600,31.197300,  0, 22,0
84148,2007-02-20 01:07:30,121.400800,31.197300,  0, 22,0
84148,2007-02-20 01:08:31,121.400800,31.197300,  0, 22,0
84148,2007-02-20 01:09:32,121.400500,31.197100,  0, 22,0
84148,2007-02-20 01:10:33,121.400500,31.197100,  0, 22,0
84148,2007-02-20 01:11:34,121.400500,31.197100,  0, 22,0
84148,2007-02-20 01:13:36,121.400500,31.197100,  0, 22,0
84148,2007-02-20 01:14:37,121.400500,31.197100,  0, 22,0
84148,2007-02-20 01:15:38,121.400800,31.197300,  0, 22,0
84148,2007-02-20 01:16:39,121.401000,31.197500,  0, 22,0
84148,2007-02-20 01:18:41,121.402300,31.198800,  0, 22,0
84148,2007-02-20 01:19:42,121.402300,31.198800,  0, 22,0
84148,2007-02-20 01:20:43,121.402300,31.198800,  0, 22,0
84148,2007-02-20 01:21:44,121.400300,31.197300,  0, 22,0
84148,2007-02-20 01:22:45,121.400300,31.197300,  0, 22,0
84148,2007-02-20 01:23:46,121.400300,31.197300,  0, 22,0
84148,2007-02-20 01:24:47,121.400300,31.197300,  0, 22,0
84148,2007-02-20 01:25:48,121.400300,31.197500,  0, 22,0
84148,2007-02-20 01:26:49,121.400300,31.197500,  0, 22,0
84148,2007-02-20 01:27:50,121.400300,31.197500,  0, 22,0
84148,2007-02-20 01:28:51,121.400300,31.197500,  0, 22,0
84148,2007-02-20 01:29:52,121.400500,31.197300,  0, 22,0
84148,2007-02-20 01:30:53,121.400500,31.197300,  0, 22,0
84148,2007-02-20 01:31:54,121.400500,31.197300,  0, 22,0
84148,2007-02-20 01:32:55,121.400500,31.197300,  0, 22,0
84148,2007-02-20 01:33:56,121.400500,31.197300,  0, 22,0
84148,2007-02-20 01:34:57,121.400500,31.197300,  0, 22,0
84148,2007-02-20 01:35:58,121.400500,31.197300,  0, 22,0
84148,2007-02-20 01:36:59,121.400500,31.197300,  0, 22,0
84148,2007-02-20 01:38:00,121.400500,31.197300,  0, 22,0
84148,2007-02-20 01:40:02,121.400300,31.197300,  0, 22,0
84148,2007-02-20 01:41:03,121.400300,31.197300,  0, 22,0
84148,2007-02-20 01:42:04,121.400500,31.197300,  0, 45,0
84148,2007-02-20 01:43:05,121.400300,31.197300,  0, 45,0
84148,2007-02-20 01:44:06,121.400300,31.197300,  0, 45,0
84148,2007-02-20 01:45:07,121.400300,31.197300,  0, 45,0
84148,2007-02-20 01:46:08,121.400300,31.197300,  0, 45,0
84148,2007-02-20 01:47:09,121.400300,31.197300,  0, 45,0
84148,2007-02-20 01:48:10,121.400300,31.197300,  0, 45,0
84148,2007-02-20 01:49:11,121.400300,31.197300,  0, 45,0
84148,2007-02-20 01:50:12,121.400300,31.197300,  0, 45,0
84148,2007-02-20 01:51:13,121.400300,31.197300,  0, 45,0
84148,2007-02-20 01:52:14,121.400300,31.197300,  0, 45,0
84148,2007-02-20 01:54:15,121.400300,31.197300,  0, 45,0
84148,2007-02-20 01:55:16,121.400300,31.197300,  0, 45,0
84148,2007-02-20 01:56:17,121.400300,31.197300,  0, 45,0
84148,2007-02-20 01:57:19,121.400300,31.197300,  0, 45,0
84148,2007-02-20 01:59:21,121.400300,31.197100,  0, 45,0
84148,2007-02-20 02:00:22,121.400300,31.197100,  0, 45,0
84148,2007-02-20 02:01:23,121.400300,31.197100,  0, 45,0
84148,2007-02-20 02:02:24,121.400300,31.197100,  0, 45,0
84148,2007-02-20 02:03:25,121.400300,31.197100,  0, 45,0
84148,2007-02-20 02:04:26,121.400300,31.197100,  0, 45,0
84148,2007-02-20 02:05:27,121.400300,31.197100,  0, 45,0
84148,2007-02-20 02:06:28,121.400300,31.197100,  0, 45,0
84148,2007-02-20 02:07:29,121.400100,31.197100,  0, 45,0
84148,2007-02-20 02:08:29,121.400100,31.197100,  0, 45,0
84148,2007-02-20 02:09:30,121.400100,31.197100,  0, 45,0
84148,2007-02-20 02:10:31,121.400100,31.197100,  0, 45,0
84148,2007-02-20 02:11:32,121.400100,31.197100,  0, 45,0
84148,2007-02-20 02:12:34,121.400100,31.197100,  0, 45,0
84148,2007-02-20 02:13:34,121.400100,31.197100,  0, 45,0
84148,2007-02-20 02:14:35,121.400100,31.197100,  0, 45,0
84148,2007-02-20 02:16:37,121.400100,31.197100,  0, 45,0
84148,2007-02-20 02:17:39,121.400100,31.197100,  0, 45,0
84148,2007-02-20 02:18:39,121.400100,31.197100,  0, 45,0
84148,2007-02-20 02:19:40,121.400100,31.197100,  0, 45,0
84148,2007-02-20 02:20:41,121.400100,31.197100,  0, 45,0
84148,2007-02-20 02:21:42,121.400100,31.197100,  0, 45,0
84148,2007-02-20 02:22:44,121.400100,31.197100,  0, 45,0
84148,2007-02-20 02:23:44,121.400100,31.197100,  0, 45,0
84148,2007-02-20 02:24:45,121.400100,31.197100,  0, 45,0
84148,2007-02-20 02:25:46,121.400100,31.197100,  0, 45,0
84148,2007-02-20 02:26:48,121.400000,31.197100,  0, 45,0
84148,2007-02-20 02:27:48,121.400500,31.197100,  0, 45,0
84148,2007-02-20 02:28:50,121.400500,31.197100,  0, 45,0
84148,2007-02-20 02:29:51,121.400500,31.197100,  0, 45,0
84148,2007-02-20 02:31:53,121.400500,31.197100,  0, 45,0
84148,2007-02-20 02:32:53,121.400500,31.197100,  0, 45,0
84148,2007-02-20 02:33:54,121.400500,31.197100,  0, 45,0
84148,2007-02-20 02:34:55,121.400500,31.197100,  0, 45,0
84148,2007-02-20 02:35:56,121.400500,31.197100,  0, 45,0
84148,2007-02-20 02:36:58,121.400500,31.197100,  0, 45,0
84148,2007-02-20 02:37:58,121.400800,31.197100,  0, 45,0
84148,2007-02-20 02:39:00,121.400800,31.197100,  0, 45,0
84148,2007-02-20 02:40:01,121.400800,31.197100,  0, 45,0
84148,2007-02-20 02:41:02,121.400800,31.197100,  0, 45,0
84148,2007-02-20 02:42:03,121.400800,31.197100,  0, 45,0
84148,2007-02-20 02:43:03,121.400800,31.197100,  0, 45,0
84148,2007-02-20 02:44:05,121.400800,31.197100,  0, 45,0
84148,2007-02-20 02:45:06,121.400800,31.197100,  0, 45,0
84148,2007-02-20 02:46:07,121.400800,31.198100, 18,  0,0
84148,2007-02-20 02:47:08,121.404500,31.198600, 36, 45,0
84148,2007-02-20 02:48:08,121.404600,31.196800, 48, 90,0
84148,2007-02-20 02:49:10,121.408800,31.194300, 32, 90,0
84148,2007-02-20 02:50:11,121.409100,31.188500, 24, 45,0
84148,2007-02-20 02:51:12,121.415800,31.190600, 34, 45,0
84148,2007-02-20 02:52:13,121.419500,31.186600, 36, 67,0
84148,2007-02-20 02:53:13,121.420300,31.181300, 46,112,0
84148,2007-02-20 02:54:15,121.418800,31.179100, 40,112,0
84148,2007-02-20 02:55:16,121.418600,31.174500, 36, 67,0
84148,2007-02-20 02:56:17,121.420100,31.170600, 28, 90,0
84148,2007-02-20 02:57:18,121.420500,31.169600,  0, 67,0
84148,2007-02-20 03:00:21,121.425600,31.169800, 24, 45,0
84148,2007-02-20 03:01:21,121.430000,31.171100, 10,157,0
84148,2007-02-20 03:01:37,121.429600,31.170800, 26,112,1
84148,2007-02-20 03:02:38,121.426100,31.168100, 50, 90,1
84148,2007-02-20 03:03:38,121.423300,31.165800, 42, 90,1
84148,2007-02-20 03:03:56,121.423300,31.165100,  0, 90,0
84148,2007-02-20 03:04:56,121.424600,31.165100, 22, 45,0
84148,2007-02-20 03:05:58,121.428800,31.165100,  0, 45,0
84148,2007-02-20 03:06:58,121.429800,31.168100, 60,  0,0
84148,2007-02-20 03:08:00,121.432800,31.172600, 36, 45,0
84148,2007-02-20 03:09:01,121.433600,31.176000, 32, 45,0
84148,2007-02-20 03:10:02,121.436500,31.171500, 26, 45,0
84148,2007-02-20 03:11:03,121.439500,31.172100,  0, 67,0
84148,2007-02-20 03:12:03,121.440600,31.172500, 50, 45,0
84148,2007-02-20 03:13:05,121.447800,31.173000, 32, 67,0
84148,2007-02-20 03:14:06,121.447800,31.175600, 34,  0,0
84148,2007-02-20 03:17:08,121.443800,31.185600, 34, 22,0
84148,2007-02-20 03:19:10,121.446300,31.187100,  0, 45,0
84148,2007-02-20 03:20:11,121.446300,31.187100,  0, 45,0
84148,2007-02-20 03:21:12,121.446300,31.187100,  0, 45,0
84148,2007-02-20 03:22:13,121.446300,31.187100,  0, 45,0
84148,2007-02-20 03:23:15,121.458500,31.196800, 30,157,0
84148,2007-02-20 03:24:16,121.458800,31.200500, 28, 45,0
84148,2007-02-20 03:25:17,121.461600,31.202300, 46, 22,0
84148,2007-02-20 03:26:17,121.466600,31.202300, 32, 90,0
84148,2007-02-20 03:27:18,121.467500,31.200300,  0, 45,0
84148,2007-02-20 03:28:20,121.468000,31.199600, 38,157,0
84148,2007-02-20 03:29:21,121.467000,31.201500, 38,157,0
84148,2007-02-20 03:30:22,121.465100,31.206800, 32,157,0
84148,2007-02-20 03:31:22,121.470000,31.208100, 22, 45,0
84148,2007-02-20 03:31:35,121.470100,31.208300,  0, 45,1
84148,2007-02-20 03:32:35,121.470100,31.208300,  0, 45,1
84148,2007-02-20 03:33:36,121.470100,31.208300,  0, 45,1
84148,2007-02-20 03:34:37,121.470100,31.208300,  0, 45,1
84148,2007-02-20 03:35:38,121.470100,31.208300,  0, 45,1
84148,2007-02-20 03:36:39,121.470100,31.208300,  0, 45,1
84148,2007-02-20 03:37:40,121.470100,31.208300,  0, 45,1
84148,2007-02-20 03:39:42,121.470100,31.208300,  0, 45,1
84148,2007-02-20 03:40:43,121.470100,31.208300,  0, 45,1
84148,2007-02-20 03:42:46,121.492100,31.180800, 54, 22,1
84148,2007-02-20 03:43:47,121.498000,31.181300, 60, 67,1
84148,2007-02-20 03:44:48,121.502800,31.178100, 32, 45,1
84148,2007-02-20 03:45:48,121.507800,31.179300, 50, 22,1
84148,2007-02-20 03:46:50,121.511800,31.178300, 48,112,1
84148,2007-02-20 03:47:01,121.510800,31.178000,  4,112,0
84148,2007-02-20 03:48:02,121.512500,31.179000, 34,  0,0
84148,2007-02-20 03:49:03,121.512500,31.179800,  0,  0,0
84148,2007-02-20 03:49:22,121.512300,31.180100, 22,157,1
84148,2007-02-20 03:50:23,121.508500,31.178800, 38, 90,1
84148,2007-02-20 03:51:23,121.508100,31.174800, 52,135,1
84148,2007-02-20 03:52:25,121.501000,31.172800, 44, 90,1
84148,2007-02-20 03:53:26,121.500500,31.170300, 12, 90,1
84148,2007-02-20 03:54:27,121.501000,31.170500,  6, 22,1
84148,2007-02-20 03:55:28,121.500000,31.171600, 12,157,1
84148,2007-02-20 03:56:28,121.502300,31.174300, 56, 45,1
84148,2007-02-20 03:57:30,121.509300,31.175000, 60, 45,1
84148,2007-02-20 03:58:31,121.515800,31.180300, 80,  0,1
84148,2007-02-20 03:59:32,121.519500,31.189800, 28,  0,1
84148,2007-02-20 04:00:46,121.524300,31.190100,  0,157,0
84148,2007-02-20 04:01:47,121.524300,31.190100,  0,157,0
84148,2007-02-20 04:03:48,121.523000,31.195800,  0, 45,0
84148,2007-02-20 04:04:49,121.526500,31.195500, 14, 67,0
84148,2007-02-20 04:05:50,121.528300,31.191800, 32, 90,0
84148,2007-02-20 04:06:51,121.528800,31.191000,  0, 90,0
84148,2007-02-20 04:07:52,121.528800,31.191000,  0, 90,0
84148,2007-02-20 04:08:53,121.528800,31.191000,  0, 90,0
84148,2007-02-20 04:09:54,121.529300,31.189600, 26, 90,0
84148,2007-02-20 04:10:55,121.524000,31.190800, 34,157,0
84148,2007-02-20 04:11:56,121.521000,31.193300, 16,157,0
84148,2007-02-20 04:12:57,121.522800,31.195800, 32, 45,0
84148,2007-02-20 04:13:58,121.526500,31.195500, 30, 67,0
84148,2007-02-20 04:14:59,121.528800,31.190800, 38, 90,0
84148,2007-02-20 04:15:37,121.529000,31.189600, 24,135,1
84148,2007-02-20 04:16:37,121.520100,31.190000, 46,135,1
84148,2007-02-20 04:17:38,121.519800,31.190100,  0,157,1
84148,2007-02-20 04:18:39,121.517800,31.186100, 76, 90,1
84148,2007-02-20 04:19:40,121.514100,31.176500,  0, 90,1
84148,2007-02-20 04:20:41,121.515500,31.170500, 88, 90,1
84148,2007-02-20 04:21:42,121.519000,31.161600, 14, 67,1
84148,2007-02-20 04:22:43,121.521600,31.157600, 50, 67,1
84148,2007-02-20 04:23:44,121.528500,31.147300, 88, 67,1
84148,2007-02-20 04:24:45,121.524300,31.139500,100,135,1
84148,2007-02-20 04:26:47,121.490800,31.133800, 96,135,1
84148,2007-02-20 04:27:48,121.473800,31.132300,100,135,1
84148,2007-02-20 04:29:50,121.451600,31.124100, 78, 90,1
84148,2007-02-20 04:31:52,121.450800,31.114300, 70, 90,1
84148,2007-02-20 04:32:52,121.450100,31.111600,  0, 90,1
84148,2007-02-20 04:32:57,121.450100,31.111600,  0, 90,0
84148,2007-02-20 04:33:59,121.450100,31.111600,  0, 90,0
84148,2007-02-20 04:35:00,121.450100,31.111600,  0, 90,0
84148,2007-02-20 04:37:02,121.449500,31.108500, 12, 90,0
84148,2007-02-20 04:38:03,121.449600,31.109600, 36,  0,0
84148,2007-02-20 04:39:04,121.451300,31.115600, 18, 22,0
84148,2007-02-20 04:40:05,121.452100,31.123600, 64,  0,0
84148,2007-02-20 04:40:48,121.452000,31.126600, 16,  0,1
84148,2007-02-20 04:41:49,121.449100,31.136000, 76,  0,1
84148,2007-02-20 04:42:50,121.448500,31.137300,  0,157,1
84148,2007-02-20 04:43:51,121.446300,31.143100, 68,  0,1
84148,2007-02-20 04:45:53,121.445300,31.157800, 76,  0,1
84148,2007-02-20 04:46:54,121.440600,31.168800, 84,  0,1
84148,2007-02-20 04:47:55,121.435300,31.171100, 76,135,1
84148,2007-02-20 04:48:56,121.430300,31.172800, 72,  0,1
84148,2007-02-20 04:49:57,121.431600,31.182300, 56,157,1
84148,2007-02-20 04:50:58,121.418800,31.187800,104,157,1
84148,2007-02-20 04:52:48,121.407500,31.209600, 46, 22,1
84148,2007-02-20 04:53:49,121.401300,31.204100, 84,135,1
84148,2007-02-20 04:54:50,121.401300,31.205800, 42, 45,1
84148,2007-02-20 04:55:20,121.401300,31.205000,  0,112,0
84148,2007-02-20 04:56:21,121.401600,31.205100, 18, 45,0
84148,2007-02-20 04:57:22,121.402600,31.204500,  0, 67,0
84148,2007-02-20 04:58:23,121.405100,31.202000, 54, 45,0
84148,2007-02-20 04:59:24,121.413300,31.203100, 50, 45,0
84148,2007-02-20 05:00:25,121.418000,31.203500, 34, 22,0
84148,2007-02-20 05:01:17,121.418000,31.206800, 16,  0,1
84148,2007-02-20 05:02:17,121.426800,31.202500, 36, 67,1
84148,2007-02-20 05:03:18,121.423100,31.196500, 50, 90,1
84148,2007-02-20 05:07:22,121.423300,31.193800,  0, 90,1
84148,2007-02-20 05:08:23,121.423300,31.193800,  0, 90,1
84148,2007-02-20 05:08:27,121.423300,31.193800,  0, 90,0
84148,2007-02-20 05:09:28,121.423300,31.193800,  0, 90,0
84148,2007-02-20 05:10:29,121.423300,31.193800,  0, 90,0
84148,2007-02-20 05:11:30,121.423300,31.193800,  0, 90,0
84148,2007-02-20 05:12:31,121.423300,31.193800,  0, 90,0
84148,2007-02-20 05:14:33,121.443600,31.190500,  0, 90,0
84148,2007-02-20 05:15:34,121.443600,31.190500,  0, 90,0
84148,2007-02-20 05:16:35,121.443600,31.190500,  0, 90,0
84148,2007-02-20 05:17:36,121.460100,31.201000,  0, 90,0
84148,2007-02-20 05:18:37,121.460100,31.201000,  0, 90,0
84148,2007-02-20 05:19:38,121.460100,31.201000,  0, 90,0
84148,2007-02-20 05:20:39,121.460100,31.201000,  0, 90,0
84148,2007-02-20 05:21:40,121.460100,31.201000,  0, 90,0
84148,2007-02-20 05:22:41,121.460100,31.201000,  0, 90,0
84148,2007-02-20 05:23:42,121.460100,31.201000,  0, 90,0
84148,2007-02-20 05:24:43,121.460100,31.201000,  0, 90,0
84148,2007-02-20 05:25:44,121.460100,31.201000,  0, 90,0
84148,2007-02-20 05:27:46,121.460100,31.201000,  0, 90,0
84148,2007-02-20 05:28:47,121.460100,31.201000,  0, 90,0
84148,2007-02-20 05:29:48,121.460100,31.201000,  0, 90,0
84148,2007-02-20 05:30:49,121.460100,31.201000,  0, 90,0
84148,2007-02-20 05:31:50,121.460100,31.201000,  0, 90,0
84148,2007-02-20 05:32:51,121.460100,31.201000,  0, 90,0
84148,2007-02-20 05:33:52,121.460100,31.201000,  0, 90,0
84148,2007-02-20 05:34:53,121.460100,31.201000,  0, 90,0
84148,2007-02-20 05:35:54,121.460100,31.201000,  0, 90,0
84148,2007-02-20 05:36:55,121.460100,31.201000,  0, 90,0
84148,2007-02-20 05:37:56,121.460100,31.201000,  0, 90,0
84148,2007-02-20 05:38:57,121.475800,31.201800,  0, 90,0
84148,2007-02-20 05:39:58,121.475600,31.201800,  0, 90,0
84148,2007-02-20 05:40:59,121.475800,31.201800,  0, 90,0
84148,2007-02-20 05:42:00,121.475800,31.201800,  0, 90,0
84148,2007-02-20 05:43:01,121.475800,31.201800,  0, 90,0
84148,2007-02-20 05:44:02,121.475800,31.201800,  0, 90,0
84148,2007-02-20 05:45:02,121.475800,31.201800,  0, 90,0
84148,2007-02-20 05:46:04,121.475800,31.201800,  0, 90,0
84148,2007-02-20 05:47:05,121.475800,31.201800,  0, 90,0
84148,2007-02-20 05:48:06,121.475800,31.201800,  0, 90,0
84148,2007-02-20 05:49:07,121.475800,31.201800,  0, 90,0
84148,2007-02-20 05:50:08,121.475800,31.201800,  0, 90,0
84148,2007-02-20 05:51:08,121.475800,31.201800,  0, 90,0
84148,2007-02-20 05:52:09,121.475800,31.201800,  0, 90,0
84148,2007-02-20 05:53:11,121.475800,31.201800,  0, 90,0
84148,2007-02-20 05:54:11,121.475800,31.201800,  0, 90,0
84148,2007-02-20 05:55:12,121.475800,31.201800,  0, 90,0
84148,2007-02-20 05:56:13,121.475800,31.201800,  0, 90,0
84148,2007-02-20 05:57:14,121.475800,31.201800,  0, 90,0
84148,2007-02-20 05:58:16,121.475800,31.201800,  0, 90,0
84148,2007-02-20 05:59:16,121.475800,31.201800,  0, 90,0
84148,2007-02-20 06:00:17,121.475800,31.201800,  0, 90,0
84148,2007-02-20 06:01:18,121.475800,31.201800,  0, 90,0
84148,2007-02-20 06:02:19,121.475800,31.201800,  0, 90,0
84148,2007-02-20 06:03:21,121.475800,31.201800,  0, 90,0
84148,2007-02-20 06:04:21,121.475800,31.201800,  0, 90,0
84148,2007-02-20 06:05:22,121.475800,31.201800,  0, 90,0
84148,2007-02-20 06:06:23,121.475800,31.201800,  0, 90,0
84148,2007-02-20 06:07:24,121.475800,31.201800,  0, 90,0
84148,2007-02-20 06:08:26,121.475800,31.201800,  0, 90,0
84148,2007-02-20 06:09:26,121.475800,31.201800,  0, 90,0
84148,2007-02-20 06:10:27,121.475800,31.201800,  0, 90,0
84148,2007-02-20 06:11:28,121.475800,31.201800,  0, 90,0
84148,2007-02-20 06:12:29,121.475800,31.201800,  0, 90,0
84148,2007-02-20 06:13:31,121.475800,31.201800,  0, 90,0
84148,2007-02-20 06:14:31,121.475800,31.201800,  0, 90,0
84148,2007-02-20 06:15:32,121.475800,31.201800,  0, 90,0
84148,2007-02-20 06:16:33,121.475800,31.201800,  0, 90,0
84148,2007-02-20 06:17:34,121.475800,31.201800,  0, 90,0
84148,2007-02-20 06:18:36,121.475800,31.201800,  0, 90,0
84148,2007-02-20 06:19:36,121.475800,31.201800,  0, 90,0
84148,2007-02-20 06:20:37,121.475800,31.201800,  0, 90,0
84148,2007-02-20 06:21:38,121.475800,31.201800,  0, 90,0
84148,2007-02-20 06:22:39,121.475800,31.201800,  0, 90,0
84148,2007-02-20 06:23:41,121.475800,31.201800,  0, 90,0
84148,2007-02-20 06:24:41,121.475800,31.201800,  0, 90,0
84148,2007-02-20 06:25:42,121.475800,31.201800,  0, 90,0
84148,2007-02-20 06:26:43,121.475800,31.201800,  0, 90,0
84148,2007-02-20 06:27:44,121.475800,31.201800,  0, 90,0
84148,2007-02-20 06:28:46,121.475800,31.201800,  0, 90,0
84148,2007-02-20 06:29:46,121.475800,31.201800,  0, 90,0
84148,2007-02-20 06:30:47,121.475800,31.201800,  0, 90,0
84148,2007-02-20 06:31:48,121.475800,31.201800,  0, 90,0
84148,2007-02-20 06:32:49,121.475800,31.201800,  0, 90,0
84148,2007-02-20 06:33:21,121.475800,31.201800,  0, 90,1
84148,2007-02-20 06:34:21,121.475800,31.201800,  0, 90,1
84148,2007-02-20 06:35:21,121.475800,31.201800,  0, 90,1
84148,2007-02-20 06:37:10,121.475800,31.201800,  0, 90,0
84148,2007-02-20 06:38:11,121.475800,31.201800,  0, 90,0
84148,2007-02-20 06:39:11,121.475800,31.201800,  0, 90,0
84148,2007-02-20 06:40:12,121.475800,31.201800,  0, 90,0
84148,2007-02-20 06:41:13,121.475800,31.201800,  0, 90,0
84148,2007-02-20 06:42:14,121.475800,31.201800,  0, 90,0
84148,2007-02-20 06:43:16,121.475800,31.201800,  0, 90,0
84148,2007-02-20 06:44:16,121.475800,31.201800,  0, 90,0
84148,2007-02-20 06:45:17,121.475800,31.201800,  0, 90,0
84148,2007-02-20 06:46:18,121.475800,31.201800,  0, 90,0
84148,2007-02-20 06:47:19,121.475800,31.201800,  0, 90,0
84148,2007-02-20 06:48:21,121.475800,31.201800,  0, 90,0
84148,2007-02-20 06:49:21,121.475800,31.201800,  0, 90,0
84148,2007-02-20 06:50:22,121.475800,31.201800,  0, 90,0
84148,2007-02-20 06:52:24,121.475800,31.201800,  0, 90,0
84148,2007-02-20 06:53:26,121.475800,31.201800,  0, 90,0
84148,2007-02-20 06:54:26,121.475800,31.201800,  0, 90,0
84148,2007-02-20 06:55:27,121.475800,31.201800,  0, 90,0
84148,2007-02-20 06:56:28,121.475800,31.201800,  0, 90,0
84148,2007-02-20 06:57:29,121.475800,31.201800,  0, 90,0
84148,2007-02-20 06:58:31,121.475800,31.201800,  0, 90,0
84148,2007-02-20 06:59:31,121.475800,31.201800,  0, 90,0
84148,2007-02-20 07:00:32,121.475800,31.201800,  0, 90,0
84148,2007-02-20 07:01:33,121.475800,31.201800,  0, 90,0
84148,2007-02-20 07:02:34,121.475800,31.201800,  0, 90,0
84148,2007-02-20 07:03:36,121.475800,31.201800,  0, 90,0
84148,2007-02-20 07:04:36,121.475800,31.201800,  0, 90,0
84148,2007-02-20 07:05:37,121.475800,31.201800,  0, 90,0
84148,2007-02-20 07:06:38,121.475800,31.201800,  0, 90,0
84148,2007-02-20 07:07:39,121.475800,31.201800,  0, 90,0
84148,2007-02-20 07:08:41,121.475800,31.201800,  0, 90,0
84148,2007-02-20 07:09:41,121.475800,31.201800,  0, 90,0
84148,2007-02-20 07:10:42,121.475800,31.201800,  0, 90,0
84148,2007-02-20 07:11:43,121.475800,31.201800,  0, 90,0
84148,2007-02-20 07:12:44,121.475800,31.201800,  0, 90,0
84148,2007-02-20 07:13:46,121.475800,31.201800,  0, 90,0
84148,2007-02-20 07:15:47,121.475800,31.201800,  0, 90,0
84148,2007-02-20 07:17:49,121.475800,31.201800,  0, 90,0
84148,2007-02-20 07:18:51,121.475800,31.201800,  0, 90,0
84148,2007-02-20 07:19:51,121.475800,31.201800,  0, 90,0
84148,2007-02-20 07:20:52,121.475800,31.201800,  0, 90,0
84148,2007-02-20 07:21:53,121.475800,31.201800,  0, 90,0
84148,2007-02-20 07:22:54,121.475800,31.201800,  0, 90,0
84148,2007-02-20 07:23:55,121.475800,31.201800,  0, 90,0
84148,2007-02-20 07:24:56,121.475800,31.201800,  0, 90,0
84148,2007-02-20 07:25:57,121.475800,31.201800,  0, 90,0
84148,2007-02-20 07:26:58,121.475800,31.201800,  0, 90,0
84148,2007-02-20 07:27:59,121.475800,31.201800,  0, 90,0
84148,2007-02-20 07:29:00,121.476000,31.208500,  0, 90,0
84148,2007-02-20 07:30:01,121.476000,31.208500,  0, 90,0
84148,2007-02-20 07:32:03,121.475800,31.208300,  0, 90,0
84148,2007-02-20 07:33:04,121.475800,31.208300,  0, 90,0
84148,2007-02-20 07:34:05,121.475800,31.208500,  0,157,0
84148,2007-02-20 07:35:06,121.478800,31.207300, 40, 45,0
84148,2007-02-20 07:36:07,121.477300,31.213100, 24,157,0
84148,2007-02-20 07:37:08,121.484600,31.214000, 38, 45,0
84148,2007-02-20 07:38:09,121.481300,31.214500, 16,157,0
84148,2007-02-20 07:39:10,121.480500,31.216500,  0, 90,0
84148,2007-02-20 07:40:03,121.479800,31.218000,  8, 22,1
84148,2007-02-20 07:40:24,121.478500,31.220100, 52,157,0
84148,2007-02-20 07:40:40,121.477100,31.221800, 52,157,1
84148,2007-02-20 07:41:40,121.478300,31.220800,  0,  0,1
84148,2007-02-20 07:42:41,121.476500,31.225500,  0,157,1
84148,2007-02-20 07:43:42,121.475000,31.228500, 28,  0,1
84148,2007-02-20 07:44:43,121.471000,31.234600, 74,157,1
84148,2007-02-20 07:45:44,121.467300,31.239300, 20,135,1
84148,2007-02-20 07:47:46,121.465600,31.249600, 72,  0,1
84148,2007-02-20 07:48:47,121.466000,31.255600,  0, 22,1
84148,2007-02-20 07:50:49,121.473800,31.262000,  0, 67,1
84148,2007-02-20 07:51:50,121.474100,31.261500, 36, 67,1
84148,2007-02-20 07:53:12,121.474000,31.261600,  6,157,0
84148,2007-02-20 07:54:13,121.474000,31.261600,  6,112,0
84148,2007-02-20 07:55:14,121.472100,31.255500, 22, 67,0
84148,2007-02-20 07:56:15,121.474300,31.252500, 54, 67,0
84148,2007-02-20 07:57:16,121.475500,31.250100, 14, 45,0
84148,2007-02-20 07:58:17,121.470600,31.247800, 18, 90,0
84148,2007-02-20 07:59:18,121.471600,31.244300, 32, 90,0
84148,2007-02-20 08:00:19,121.472600,31.240100,  0, 67,0
84148,2007-02-20 08:01:20,121.473100,31.238500, 30, 67,0
84148,2007-02-20 08:02:21,121.474800,31.236500,  0, 67,0
84148,2007-02-20 08:03:23,121.474800,31.234800,  8, 90,0
84148,2007-02-20 08:04:23,121.477000,31.233100,  6, 67,0
84148,2007-02-20 08:05:24,121.477100,31.233100,  0, 67,0
84148,2007-02-20 08:06:25,121.477100,31.233100,  0, 67,0
84148,2007-02-20 08:07:26,121.477100,31.233100,  0, 67,0
84148,2007-02-20 08:08:27,121.477100,31.233100,  0, 67,0
84148,2007-02-20 08:09:28,121.477100,31.233100,  0, 67,0
84148,2007-02-20 08:10:29,121.477100,31.233100,  0, 67,0
84148,2007-02-20 08:12:31,121.477100,31.233100,  0, 67,0
84148,2007-02-20 08:13:32,121.477100,31.233100,  0, 67,0
84148,2007-02-20 08:14:33,121.477100,31.233100,  0, 67,0
84148,2007-02-20 08:15:34,121.477100,31.233100,  0, 67,0
84148,2007-02-20 08:17:24,121.477100,31.233100,  0, 67,1
84148,2007-02-20 08:18:24,121.477100,31.233100,  0, 67,1
84148,2007-02-20 08:19:25,121.477100,31.233100,  0, 67,1
84148,2007-02-20 08:20:26,121.477100,31.233100,  0, 67,1
84148,2007-02-20 08:21:27,121.477100,31.233100,  0, 67,1
84148,2007-02-20 08:22:28,121.477100,31.233100,  0, 67,1
84148,2007-02-20 08:23:29,121.477100,31.233100,  0, 67,1
84148,2007-02-20 08:24:30,121.477100,31.233100,  0, 67,1
84148,2007-02-20 08:25:31,121.477100,31.233100,  0, 67,1
84148,2007-02-20 08:25:46,121.477100,31.233100,  0, 67,0
84148,2007-02-20 08:26:36,121.477100,31.233100,  0, 67,1
84148,2007-02-20 08:27:36,121.477100,31.233100,  0, 67,1
84148,2007-02-20 08:28:37,121.477100,31.233100,  0, 67,1
84148,2007-02-20 08:29:38,121.477100,31.233100,  0, 67,1
84148,2007-02-20 08:30:39,121.477100,31.233100,  0, 67,1
84148,2007-02-20 08:31:40,121.477100,31.233100,  0, 67,1
84148,2007-02-20 08:32:41,121.477100,31.233100,  0, 67,1
84148,2007-02-20 08:33:41,121.477100,31.233100,  0, 67,1
84148,2007-02-20 08:34:42,121.477100,31.233100,  0, 67,1
84148,2007-02-20 08:35:43,121.477100,31.233100,  0, 67,1
84148,2007-02-20 08:36:44,121.477100,31.233100,  0, 67,1
84148,2007-02-20 08:37:45,121.477100,31.233100,  0, 67,1
84148,2007-02-20 08:37:52,121.477100,31.233100,  0, 67,0
84148,2007-02-20 08:38:53,121.477100,31.233100,  0, 67,0
84148,2007-02-20 08:39:54,121.477100,31.233100,  0, 67,0
84148,2007-02-20 08:40:55,121.477100,31.233100,  0, 67,0
84148,2007-02-20 08:42:57,121.477100,31.233100,  0, 67,0
84148,2007-02-20 08:44:59,121.477100,31.233100,  0, 67,0
84148,2007-02-20 08:46:00,121.477100,31.233100,  0, 67,0
84148,2007-02-20 08:47:01,121.477100,31.233100,  0, 67,0
84148,2007-02-20 08:48:02,121.477100,31.233100,  0, 67,0
84148,2007-02-20 08:49:03,121.477100,31.233100,  0, 67,0
84148,2007-02-20 08:50:04,121.477100,31.233100,  0, 67,0
84148,2007-02-20 08:51:05,121.477100,31.233100,  0, 67,0
84148,2007-02-20 08:52:06,121.532800,31.209500, 12,135,0
84148,2007-02-20 08:53:07,121.524600,31.209800, 16,135,0
84148,2007-02-20 08:54:08,121.521600,31.210000,  0, 45,0
84148,2007-02-20 08:55:09,121.516800,31.210600, 20,135,0
84148,2007-02-20 08:56:10,121.513800,31.214800, 38,  0,0
84148,2007-02-20 08:57:11,121.518500,31.217100, 46,  0,0
84148,2007-02-20 08:58:12,121.518500,31.220500,  0,  0,0
84148,2007-02-20 08:59:13,121.517500,31.222800, 40,  0,0
84148,2007-02-20 09:02:16,121.513600,31.220100, 22,  0,0
84148,2007-02-20 09:03:17,121.513000,31.220500,  0, 45,0
84148,2007-02-20 09:04:18,121.513000,31.220500,  0, 45,0
84148,2007-02-20 09:05:19,121.513000,31.220500,  0, 45,0
84148,2007-02-20 09:06:20,121.513000,31.220500,  0, 45,0
84148,2007-02-20 09:07:21,121.513000,31.220500,  0, 45,0
84148,2007-02-20 09:08:22,121.513000,31.220500,  0, 45,0
84148,2007-02-20 09:10:24,121.513000,31.220500,  0, 45,0
84148,2007-02-20 09:11:25,121.513000,31.220500,  0, 45,0
84148,2007-02-20 09:13:27,121.513000,31.220500,  0, 45,0
84148,2007-02-20 09:16:30,121.513000,31.220500,  0, 45,0
84148,2007-02-20 09:17:31,121.513000,31.220500,  0, 45,0
84148,2007-02-20 09:18:32,121.513000,31.220500,  0, 45,0
84148,2007-02-20 09:19:33,121.513000,31.220500,  0, 45,0
84148,2007-02-20 09:20:34,121.513000,31.220500,  0, 45,0
84148,2007-02-20 09:21:35,121.513000,31.220500,  0, 45,0
84148,2007-02-20 09:22:36,121.513000,31.220500,  0, 45,0
84148,2007-02-20 09:23:37,121.513000,31.220500,  0, 45,0
84148,2007-02-20 09:24:38,121.513000,31.220500,  0, 45,0
84148,2007-02-20 09:25:39,121.513000,31.220500,  0, 45,0
84148,2007-02-20 09:26:40,121.513000,31.220500,  0, 45,0
84148,2007-02-20 09:27:41,121.513000,31.220500,  0, 45,0
84148,2007-02-20 09:28:42,121.513000,31.220500,  0, 45,0
84148,2007-02-20 09:29:43,121.513000,31.220500,  0, 45,0
84148,2007-02-20 09:30:44,121.513000,31.220500,  0, 45,0
84148,2007-02-20 09:31:45,121.513000,31.220500,  0, 45,0
84148,2007-02-20 09:32:46,121.513000,31.220500,  0, 45,0
84148,2007-02-20 09:33:47,121.513000,31.220500,  0, 45,0
84148,2007-02-20 09:34:48,121.513000,31.220500,  0, 45,0
84148,2007-02-20 09:35:43,121.513000,31.220500,  0, 45,1
84148,2007-02-20 09:36:43,121.513000,31.220500,  0, 45,1
84148,2007-02-20 09:38:45,121.513000,31.220500,  0, 45,1
84148,2007-02-20 09:39:46,121.532600,31.227600,  0, 45,1
84148,2007-02-20 09:40:47,121.532800,31.227500,  0, 45,1
84148,2007-02-20 09:41:48,121.532800,31.227500,  0, 45,1
84148,2007-02-20 09:42:49,121.532800,31.227500,  0, 45,1
84148,2007-02-20 09:43:50,121.532800,31.227500,  0, 45,1
84148,2007-02-20 09:44:51,121.532800,31.227500,  0, 45,1
84148,2007-02-20 09:47:36,121.532800,31.227500,  0, 45,0
84148,2007-02-20 09:48:37,121.532800,31.227500,  0, 45,0
84148,2007-02-20 09:49:38,121.532800,31.227500,  0, 45,0
84148,2007-02-20 09:50:39,121.532800,31.227500,  0, 45,0
84148,2007-02-20 09:51:40,121.532800,31.227500,  0, 45,0
84148,2007-02-20 09:54:43,121.532800,31.227500,  0, 45,0
84148,2007-02-20 09:55:44,121.532800,31.227500,  0, 45,0
84148,2007-02-20 09:56:45,121.532800,31.227500,  0, 45,0
84148,2007-02-20 09:57:46,121.532800,31.227500,  0, 45,0
84148,2007-02-20 09:58:47,121.532800,31.227500,  0, 45,0
84148,2007-02-20 09:59:48,121.532800,31.227500,  0, 45,0
84148,2007-02-20 10:02:51,121.532800,31.227500,  0, 45,0
84148,2007-02-20 10:03:52,121.532800,31.227500,  0, 45,0
84148,2007-02-20 10:04:53,121.532800,31.227500,  0, 45,0
84148,2007-02-20 10:05:54,121.532800,31.227500,  0, 45,0
84148,2007-02-20 10:06:55,121.532800,31.227500,  0, 45,0
84148,2007-02-20 10:07:56,121.532800,31.227500,  0, 45,0
84148,2007-02-20 10:08:57,121.532800,31.227500,  0, 45,0
84148,2007-02-20 10:09:58,121.532800,31.227500,  0, 45,0
84148,2007-02-20 10:10:59,121.532800,31.227500,  0, 45,0
84148,2007-02-20 10:12:00,121.532800,31.227500,  0, 45,0
84148,2007-02-20 10:13:01,121.532800,31.227500,  0, 45,0
84148,2007-02-20 10:14:02,121.532800,31.227500,  0, 45,0
84148,2007-02-20 10:15:03,121.532800,31.227500,  0, 45,0
84148,2007-02-20 10:16:04,121.532800,31.227500,  0, 45,0
84148,2007-02-20 10:17:05,121.532800,31.227500,  0, 45,0
84148,2007-02-20 10:18:06,121.532800,31.227500,  0, 45,0
84148,2007-02-20 10:19:07,121.532800,31.227500,  0, 45,0
84148,2007-02-20 10:20:08,121.532800,31.227500,  0, 45,0
84148,2007-02-20 10:21:09,121.532800,31.227500,  0, 45,0
84148,2007-02-20 10:22:10,121.532800,31.227500,  0, 45,0
84148,2007-02-20 10:23:11,121.532800,31.227500,  0, 45,0
84148,2007-02-20 10:24:12,121.532800,31.227500,  0, 45,0
84148,2007-02-20 10:25:13,121.532800,31.227500,  0, 45,0
84148,2007-02-20 10:26:14,121.532800,31.227500,  0, 45,0
84148,2007-02-20 10:27:15,121.532800,31.227500,  0, 45,0
84148,2007-02-20 10:28:16,121.532800,31.227500,  0, 45,0
84148,2007-02-20 10:29:17,121.532800,31.227500,  0, 45,0
84148,2007-02-20 10:30:18,121.532800,31.227500,  0, 45,0
84148,2007-02-20 10:31:19,121.532800,31.227500,  0, 45,0
84148,2007-02-20 10:32:21,121.532800,31.227500,  0,  0,0
84148,2007-02-20 10:33:21,121.532800,31.227500,  0,  0,0
84148,2007-02-20 10:34:22,121.532800,31.227500,  0,  0,0
84148,2007-02-20 10:35:23,121.532800,31.227500,  0,  0,0
84148,2007-02-20 10:37:25,121.532800,31.227500,  0,  0,0
84148,2007-02-20 10:38:26,121.532800,31.227500,  0,  0,0
84148,2007-02-20 10:39:27,121.532800,31.227500,  0,  0,0
84148,2007-02-20 10:40:28,121.532800,31.227500,  0,  0,0
84148,2007-02-20 10:41:29,121.532800,31.227500,  0,  0,0
84148,2007-02-20 10:42:30,121.532800,31.227500,  0,  0,0
84148,2007-02-20 10:43:31,121.532800,31.227500,  0,  0,0
84148,2007-02-20 10:44:32,121.532800,31.227500,  0,  0,0
84148,2007-02-20 10:45:33,121.532800,31.227500,  0,  0,0
84148,2007-02-20 10:46:34,121.532800,31.227500,  0,  0,0
84148,2007-02-20 10:47:35,121.532800,31.227500,  0,  0,0
84148,2007-02-20 10:48:36,121.532800,31.227500,  0,  0,0
84148,2007-02-20 10:50:38,121.532800,31.227500,  0,  0,0
84148,2007-02-20 10:51:39,121.532800,31.227500,  0,  0,0
84148,2007-02-20 10:52:40,121.532800,31.227500,  0,  0,0
84148,2007-02-20 10:53:41,121.532800,31.227500,  0,  0,0
84148,2007-02-20 10:54:42,121.532800,31.227500,  0,  0,0
84148,2007-02-20 10:55:43,121.532800,31.227500,  0,  0,0
84148,2007-02-20 10:56:44,121.532800,31.227500,  0,  0,0
84148,2007-02-20 10:57:45,121.532800,31.227500,  0,  0,0
84148,2007-02-20 10:58:46,121.532800,31.227500,  0,  0,0
84148,2007-02-20 10:59:47,121.532800,31.227500,  0,  0,0
84148,2007-02-20 11:00:48,121.532800,31.227500,  0,  0,0
84148,2007-02-20 11:01:49,121.532800,31.227500,  0,  0,0
84148,2007-02-20 11:02:50,121.532800,31.227500,  0,  0,0
84148,2007-02-20 11:03:51,121.532800,31.227500,  0,  0,0
84148,2007-02-20 11:04:52,121.532800,31.227500,  0,  0,0
84148,2007-02-20 11:05:53,121.532800,31.227500,  0,  0,0
84148,2007-02-20 11:06:54,121.532800,31.227500,  0,  0,0
84148,2007-02-20 11:07:55,121.532800,31.227500,  0,  0,0
84148,2007-02-20 11:08:56,121.532800,31.227500,  0,  0,0
84148,2007-02-20 11:09:57,121.532800,31.227500,  0,  0,0
84148,2007-02-20 11:10:58,121.532800,31.227500,  0,  0,0
84148,2007-02-20 11:11:59,121.532800,31.227500,  0,  0,0
84148,2007-02-20 11:13:00,121.532800,31.227500,  0,  0,0
84148,2007-02-20 11:14:01,121.532800,31.227500,  0,  0,0
84148,2007-02-20 11:15:02,121.532800,31.227500,  0,  0,0
84148,2007-02-20 11:16:03,121.532800,31.227500,  0,  0,0
84148,2007-02-20 11:17:04,121.532800,31.227500,  0,  0,0
84148,2007-02-20 11:18:05,121.532800,31.227500,  0,  0,0
84148,2007-02-20 11:19:06,121.532800,31.227500,  0,  0,0
84148,2007-02-20 11:21:08,121.532800,31.227500,  0,  0,0
84148,2007-02-20 11:22:09,121.532800,31.227500,  0,  0,0
84148,2007-02-20 11:23:10,121.532800,31.227500,  0,  0,0
84148,2007-02-20 11:23:15,121.532800,31.227500,  0,  0,1
84148,2007-02-20 11:24:16,121.532800,31.227500,  0,  0,1
84148,2007-02-20 11:25:17,121.532800,31.227500,  0,  0,1
84148,2007-02-20 11:26:18,121.532800,31.227500,  0,  0,1
84148,2007-02-20 11:27:19,121.532800,31.227500,  0,  0,1
84148,2007-02-20 11:28:20,121.532800,31.227500,  0,  0,1
84148,2007-02-20 11:29:21,121.532800,31.227500,  0,  0,1
84148,2007-02-20 11:30:22,121.532800,31.227500,  0,  0,1
84148,2007-02-20 11:31:23,121.532800,31.227500,  0,  0,1
84148,2007-02-20 11:31:35,121.532800,31.227500,  0,  0,0
84148,2007-02-20 11:32:36,121.532800,31.227500,  0,  0,0
84148,2007-02-20 11:33:37,121.532800,31.227500,  0,  0,0
84148,2007-02-20 11:34:38,121.532800,31.227500,  0,  0,0
84148,2007-02-20 11:34:49,121.532800,31.227500,  0,  0,1
84148,2007-02-20 11:35:50,121.532800,31.227500,  0,  0,1
84148,2007-02-20 11:36:51,121.532800,31.227500,  0,  0,1
84148,2007-02-20 11:37:52,121.532800,31.227500,  0,  0,1
84148,2007-02-20 11:38:53,121.532800,31.227500,  0,  0,1
84148,2007-02-20 11:39:54,121.532800,31.227500,  0,  0,1
84148,2007-02-20 11:40:55,121.532800,31.227500,  0,  0,1
84148,2007-02-20 11:41:56,121.532800,31.227500,  0,  0,1
84148,2007-02-20 11:42:57,121.532800,31.227500,  0,  0,1
84148,2007-02-20 11:44:58,121.532800,31.227500,  0,  0,1
84148,2007-02-20 11:46:00,121.532800,31.227500,  0,  0,1
84148,2007-02-20 11:48:01,121.532800,31.227500,  0,  0,1
84148,2007-02-20 11:49:02,121.532800,31.227500,  0,  0,1
84148,2007-02-20 11:50:03,121.532800,31.227500,  0,  0,1
84148,2007-02-20 11:51:05,121.532800,31.227500,  0,  0,1
84148,2007-02-20 11:52:05,121.532800,31.227500,  0,  0,1
84148,2007-02-20 11:53:06,121.532800,31.227500,  0,  0,1
84148,2007-02-20 11:54:07,121.532800,31.227500,  0,  0,1
84148,2007-02-20 11:55:08,121.532800,31.227500,  0,  0,1
84148,2007-02-20 11:56:10,121.532800,31.227500,  0,  0,1
84148,2007-02-20 11:57:10,121.532800,31.227500,  0,  0,1
84148,2007-02-20 11:58:11,121.532800,31.227500,  0,  0,1
84148,2007-02-20 11:59:12,121.532800,31.227500,  0,  0,1
84148,2007-02-20 12:00:13,121.532800,31.227500,  0,  0,1
84148,2007-02-20 12:01:15,121.532800,31.227500,  0,  0,1
84148,2007-02-20 12:02:15,121.532800,31.227500,  0,  0,1
84148,2007-02-20 12:03:16,121.532800,31.227500,  0,  0,1
84148,2007-02-20 12:03:55,121.532800,31.227500,  0,  0,0
84148,2007-02-20 12:04:55,121.532800,31.227500,  0,  0,0
84148,2007-02-20 12:05:56,121.532800,31.227500,  0,  0,0
84148,2007-02-20 12:06:57,121.532800,31.227500,  0,  0,0
84148,2007-02-20 12:07:58,121.532800,31.227500,  0,  0,0
84148,2007-02-20 12:09:00,121.532800,31.227500,  0,  0,0
84148,2007-02-20 12:10:25,121.532800,31.227500,  0,  0,1
84148,2007-02-20 12:11:25,121.532800,31.227500,  0,  0,1
84148,2007-02-20 12:12:26,121.532800,31.227500,  0,  0,1
84148,2007-02-20 12:13:27,121.532800,31.227500,  0,  0,1
84148,2007-02-20 12:14:28,121.532800,31.227500,  0,  0,1
84148,2007-02-20 12:15:23,121.532800,31.227500,  0,  0,0
84148,2007-02-20 12:16:24,121.631000,31.249300, 28,112,0
84148,2007-02-20 12:18:26,121.625100,31.251500,  0,  0,0
84148,2007-02-20 12:19:27,121.621800,31.256500, 46,157,0
84148,2007-02-20 12:20:28,121.619500,31.259000, 42,157,0
84148,2007-02-20 12:21:29,121.612600,31.262100, 64,157,0
84148,2007-02-20 12:22:29,121.604100,31.266500, 40,157,0
84148,2007-02-20 12:23:31,121.605500,31.273500, 64,  0,0
84148,2007-02-20 12:24:32,121.605800,31.279100,  8, 22,0
84148,2007-02-20 12:25:33,121.605800,31.280800,  0,  0,0
84148,2007-02-20 12:26:15,121.605800,31.280800,  0,  0,1
84148,2007-02-20 12:27:15,121.605300,31.280800,  0,135,1
84148,2007-02-20 12:28:16,121.605300,31.280800,  0,135,1
84148,2007-02-20 12:29:17,121.605300,31.280800,  0,135,1
84148,2007-02-20 12:30:18,121.605300,31.280800,  0,135,1
84148,2007-02-20 12:31:20,121.605300,31.280800,  0,135,1
84148,2007-02-20 12:32:20,121.605300,31.280800,  0,135,1
84148,2007-02-20 12:34:41,121.605300,31.280800,  0,  0,1
84148,2007-02-20 12:35:42,121.605300,31.280800,  0,  0,1
84148,2007-02-20 12:36:00,121.605300,31.280800,  0,  0,0
84148,2007-02-20 12:37:01,121.605300,31.280800,  0,  0,0
84148,2007-02-20 12:38:02,121.605300,31.280800,  0,  0,0
84148,2007-02-20 12:38:05,121.605300,31.280800,  0,  0,1
84148,2007-02-20 12:39:06,121.605300,31.280800,  0,  0,1
84148,2007-02-20 12:40:07,121.605300,31.280800,  0,  0,1
84148,2007-02-20 12:41:08,121.605300,31.280800,  0,  0,1
84148,2007-02-20 12:42:09,121.605300,31.280800,  0,  0,1
84148,2007-02-20 12:43:10,121.605300,31.280800,  0,  0,1
84148,2007-02-20 12:44:11,121.605300,31.280800,  0,  0,1
84148,2007-02-20 12:44:15,121.605300,31.280800,  0,  0,0
84148,2007-02-20 12:45:16,121.605300,31.280800,  0,  0,0
84148,2007-02-20 12:47:18,121.605300,31.280800,  0,  0,0
84148,2007-02-20 12:47:32,121.605300,31.280800,  0,  0,1
84148,2007-02-20 12:48:33,121.605300,31.280800,  0,  0,1
84148,2007-02-20 12:49:34,121.605300,31.280800,  0,  0,1
84148,2007-02-20 12:50:35,121.605300,31.280800,  0,  0,1
84148,2007-02-20 12:51:36,121.605300,31.280800,  0,  0,1
84148,2007-02-20 12:52:37,121.605300,31.280800,  0,  0,1
84148,2007-02-20 12:53:38,121.605300,31.280800,  0,  0,1
84148,2007-02-20 12:54:39,121.605300,31.280800,  0,  0,1
84148,2007-02-20 12:55:40,121.605300,31.280800,  0,  0,1
84148,2007-02-20 12:56:32,121.605300,31.280800,  0,  0,0
84148,2007-02-20 12:57:33,121.625000,31.321300,  0,  0,0
84148,2007-02-20 12:58:34,121.625000,31.321300,  0,  0,0
84148,2007-02-20 12:59:35,121.625000,31.321300,  0,  0,0
84148,2007-02-20 13:00:36,121.625000,31.321300,  0,  0,0
84148,2007-02-20 13:01:37,121.625000,31.321300,  0,  0,0
84148,2007-02-20 13:02:38,121.625000,31.321300,  0,  0,0
84148,2007-02-20 13:03:39,121.625000,31.321300,  0,  0,0
84148,2007-02-20 13:04:40,121.625000,31.321300,  0,  0,0
84148,2007-02-20 13:05:41,121.625000,31.321300,  0,  0,0
84148,2007-02-20 13:06:42,121.625000,31.321300,  0,  0,0
84148,2007-02-20 13:06:57,121.625000,31.321300,  0,  0,1
84148,2007-02-20 13:07:58,121.625000,31.321300,  0,  0,1
84148,2007-02-20 13:08:59,121.614500,31.294500,  0,  0,1
84148,2007-02-20 13:10:00,121.608800,31.295100, 84,135,1
84148,2007-02-20 13:11:01,121.601500,31.299800, 68,157,1
84148,2007-02-20 13:14:04,121.600100,31.317800, 94,  0,1
84148,2007-02-20 13:15:05,121.594000,31.330300, 80,157,1
84148,2007-02-20 13:18:40,121.577500,31.339000, 84,157,1
84148,2007-02-20 13:19:36,121.570800,31.344600,  2,157,0
84148,2007-02-20 13:20:37,121.571800,31.346100, 28, 22,0
84148,2007-02-20 13:21:38,121.575100,31.345100, 20, 67,0
84148,2007-02-20 13:22:39,121.571600,31.341300, 18,112,0
84148,2007-02-20 13:23:39,121.570100,31.339000, 26,112,0
84148,2007-02-20 13:24:40,121.566100,31.334100, 76,112,0
84148,2007-02-20 13:25:41,121.564300,31.327500, 20,112,0
84148,2007-02-20 13:26:42,121.562100,31.319000, 50, 90,0
84148,2007-02-20 13:27:43,121.562300,31.310000, 68, 90,0
84148,2007-02-20 13:28:44,121.563600,31.302000, 54, 90,0
84148,2007-02-20 13:29:45,121.565800,31.294600, 52, 67,0
84148,2007-02-20 13:30:46,121.566300,31.294000,  0, 67,0
84148,2007-02-20 13:31:47,121.569600,31.289100, 32, 67,0
84148,2007-02-20 13:32:48,121.572500,31.281500,  0,112,0
84148,2007-02-20 13:32:52,121.572500,31.281300, 16, 90,1
84148,2007-02-20 13:33:52,121.571800,31.274500, 26, 90,1
84148,2007-02-20 13:34:53,121.568800,31.270500, 54,112,1
84148,2007-02-20 13:35:54,121.566800,31.268800,  0,112,1
84148,2007-02-20 13:37:56,121.557500,31.261100, 12,112,1
84148,2007-02-20 13:38:57,121.555300,31.259800, 50,112,1
84148,2007-02-20 13:39:58,121.549000,31.255000, 70,112,1
84148,2007-02-20 13:42:00,121.542000,31.248600, 80,112,1
84148,2007-02-20 13:45:03,121.520000,31.241300,  0, 90,1
84148,2007-02-20 13:46:04,121.519100,31.237800, 56,112,1
84148,2007-02-20 13:47:05,121.518000,31.237500,  0, 90,1
84148,2007-02-20 13:48:06,121.518300,31.236300, 48, 67,1
84148,2007-02-20 13:50:08,121.522100,31.228100,  0, 45,1
84148,2007-02-20 13:51:09,121.524000,31.223800, 80, 90,1
84148,2007-02-20 13:52:10,121.524800,31.218000,  0, 90,1
84148,2007-02-20 13:53:11,121.522600,31.212600, 70,112,1
84148,2007-02-20 13:54:12,121.517100,31.210500,  2,135,1
84148,2007-02-20 13:55:13,121.512600,31.212500, 14,  0,1
84148,2007-02-20 13:56:14,121.512100,31.213800,  0,  0,1
84148,2007-02-20 13:57:15,121.512100,31.213800,  0,  0,1
84148,2007-02-20 13:57:30,121.512100,31.213800,  0,  0,0
84148,2007-02-20 13:58:30,121.512100,31.213800,  0,  0,0
84148,2007-02-20 14:00:32,121.512100,31.213800,  0,  0,0
84148,2007-02-20 14:01:33,121.512100,31.213800,  0,  0,0
84148,2007-02-20 14:02:34,121.512100,31.213800,  0,  0,0
84148,2007-02-20 14:03:35,121.512100,31.213800,  0,  0,0
84148,2007-02-20 14:04:36,121.512100,31.213800,  0,  0,0
84148,2007-02-20 14:05:37,121.512100,31.213800,  0,  0,0
84148,2007-02-20 14:06:38,121.512100,31.213800,  0,  0,0
84148,2007-02-20 14:07:39,121.512100,31.213800,  0,  0,0
84148,2007-02-20 14:08:40,121.512100,31.213800,  0,  0,0
84148,2007-02-20 14:09:41,121.512100,31.213800,  0,  0,0
84148,2007-02-20 14:10:42,121.512100,31.213800,  0,  0,0
84148,2007-02-20 14:11:43,121.512100,31.213800,  0,  0,0
84148,2007-02-20 14:12:44,121.512100,31.213800,  0,  0,0
84148,2007-02-20 14:13:45,121.512100,31.213800,  0,  0,0
84148,2007-02-20 14:14:46,121.512100,31.213800,  0,  0,0
84148,2007-02-20 14:15:47,121.512100,31.213800,  0,  0,0
84148,2007-02-20 14:16:48,121.512100,31.213800,  0,  0,0
84148,2007-02-20 14:17:49,121.512100,31.213800,  0,  0,0
84148,2007-02-20 14:18:50,121.512100,31.213800,  0,  0,0
84148,2007-02-20 14:19:51,121.512100,31.213800,  0,  0,0
84148,2007-02-20 14:20:52,121.512100,31.213800,  0,  0,0
84148,2007-02-20 14:21:53,121.512100,31.213800,  0,  0,0
84148,2007-02-20 14:22:54,121.512100,31.213800,  0,  0,0
84148,2007-02-20 14:23:55,121.512100,31.213800,  0,  0,0
84148,2007-02-20 14:24:56,121.512100,31.213800,  0,  0,0
84148,2007-02-20 14:25:57,121.512100,31.213800,  0,  0,0
84148,2007-02-20 14:26:58,121.512100,31.213800,  0,  0,0
84148,2007-02-20 14:27:59,121.512100,31.213800,  0,  0,0
84148,2007-02-20 14:29:00,121.512100,31.213800,  0,  0,0
84148,2007-02-20 14:30:01,121.512100,31.213800,  0,  0,0
84148,2007-02-20 14:32:02,121.512100,31.213800,  0,  0,0
84148,2007-02-20 14:32:26,121.512100,31.213800,  0,  0,1
84148,2007-02-20 14:33:27,121.512100,31.213800,  0,  0,1
84148,2007-02-20 14:34:28,121.512100,31.213800,  0,  0,1
84148,2007-02-20 14:35:29,121.512100,31.213800,  0,  0,1
84148,2007-02-20 14:37:31,121.512100,31.213800,  0,  0,1
84148,2007-02-20 14:38:32,121.512100,31.213800,  0,  0,1
84148,2007-02-20 14:39:33,121.512100,31.213800,  0,  0,1
84148,2007-02-20 14:41:35,121.512100,31.213800,  0,  0,1
84148,2007-02-20 14:42:36,121.512100,31.213800,  0,  0,1
84148,2007-02-20 14:43:37,121.512100,31.213800,  0,  0,1
84148,2007-02-20 14:44:38,121.512100,31.213800,  0,  0,1
84148,2007-02-20 14:45:39,121.512100,31.213800,  0,  0,1
84148,2007-02-20 14:46:40,121.512100,31.213800,  0,  0,1
84148,2007-02-20 14:47:41,121.512100,31.213800,  0,  0,1
84148,2007-02-20 14:47:49,121.512100,31.213800,  0,  0,0
84148,2007-02-20 14:48:50,121.512100,31.213800,  0,  0,0
84148,2007-02-20 14:49:39,121.512100,31.213800,  0,  0,1
84148,2007-02-20 14:50:40,121.512100,31.213800,  0,  0,1
84148,2007-02-20 14:51:41,121.512100,31.213800,  0,  0,1
84148,2007-02-20 14:52:42,121.512100,31.213800,  0,  0,1
84148,2007-02-20 14:53:43,121.512100,31.213800,  0,  0,1
84148,2007-02-20 14:54:44,121.512100,31.213800,  0,  0,1
84148,2007-02-20 14:55:45,121.512100,31.213800,  0,  0,1
84148,2007-02-20 14:56:22,121.512100,31.213800,  0,  0,0
84148,2007-02-20 14:57:22,121.512100,31.213800,  0,  0,0
84148,2007-02-20 14:58:23,121.512100,31.213800,  0,  0,0
84148,2007-02-20 14:59:24,121.512100,31.213800,  0,  0,0
84148,2007-02-20 15:00:25,121.512100,31.213800,  0,  0,0
84148,2007-02-20 15:01:26,121.512100,31.213800,  0,  0,0
84148,2007-02-20 15:02:27,121.512100,31.213800,  0,  0,0
84148,2007-02-20 15:03:28,121.512100,31.213800,  0,  0,0
84148,2007-02-20 15:04:29,121.512100,31.213800,  0,  0,0
84148,2007-02-20 15:05:30,121.512100,31.213800,  0,  0,0
84148,2007-02-20 15:06:31,121.512100,31.213800,  0,  0,0
84148,2007-02-20 15:07:49,121.512100,31.213800,  0,  0,0
84148,2007-02-20 15:08:49,121.512100,31.213800,  0,  0,0
84148,2007-02-20 15:09:45,121.512100,31.213800,  0,  0,1
84148,2007-02-20 15:10:45,121.512100,31.213800,  0,  0,1
84148,2007-02-20 15:11:46,121.512100,31.213800,  0,  0,1
84148,2007-02-20 15:12:48,121.516100,31.226000, 46,135,1
84148,2007-02-20 15:13:49,121.514500,31.225500, 56,135,1
84148,2007-02-20 15:14:50,121.509000,31.227800, 28,157,1
84148,2007-02-20 15:15:51,121.506600,31.232300, 62,157,1
84148,2007-02-20 15:16:52,121.503500,31.235000, 50,135,1
84148,2007-02-20 15:17:53,121.496800,31.236100, 44,157,1
84148,2007-02-20 15:18:54,121.495600,31.238300, 30,  0,1
84148,2007-02-20 15:19:55,121.496100,31.240300, 18,157,1
84148,2007-02-20 15:20:07,121.495600,31.240300, 18,135,0
84148,2007-02-20 15:21:08,121.495800,31.239800, 16, 67,0
84148,2007-02-20 15:22:09,121.496000,31.239600,  0, 90,0
84148,2007-02-20 15:22:11,121.496000,31.239600,  0, 90,1
84148,2007-02-20 15:23:12,121.497500,31.238600, 20, 67,1
84148,2007-02-20 15:24:13,121.497300,31.236100, 24, 45,1
84148,2007-02-20 15:25:13,121.501300,31.236000, 40, 45,1
84148,2007-02-20 15:26:15,121.506100,31.232600, 44, 67,1
84148,2007-02-20 15:27:16,121.510000,31.231600,  0, 45,1
84148,2007-02-20 15:28:17,121.510800,31.231800, 18, 45,1
84148,2007-02-20 15:30:18,121.523100,31.236800, 60, 22,1
84148,2007-02-20 15:31:20,121.529300,31.238800, 54, 45,1
84148,2007-02-20 15:34:18,121.536100,31.233500, 60,112,0
84148,2007-02-20 15:36:21,121.539100,31.239600, 20,  0,0
84148,2007-02-20 15:37:16,121.536600,31.243800,  0,135,1
84148,2007-02-20 15:38:16,121.535600,31.245800,  0,  0,1
84148,2007-02-20 15:40:18,121.521800,31.242600, 76,135,1
84148,2007-02-20 15:41:18,121.518300,31.242600, 42,135,1
84148,2007-02-20 15:42:20,121.511500,31.241500,  0,135,1
84148,2007-02-20 15:44:21,121.500500,31.238600, 54,135,1
84148,2007-02-20 15:45:22,121.495600,31.240500,  0,157,1
84148,2007-02-20 15:46:23,121.495600,31.240500,  0,157,1
84148,2007-02-20 15:47:24,121.495600,31.240500,  0,157,1
84148,2007-02-20 15:48:25,121.495600,31.240500,  0,157,1
84148,2007-02-20 15:49:26,121.495600,31.240500,  0,157,1
84148,2007-02-20 15:50:27,121.495600,31.240500,  0,157,1
84148,2007-02-20 15:53:28,121.474300,31.226800, 14,135,0
84148,2007-02-20 15:54:30,121.476300,31.226300, 18, 67,0
84148,2007-02-20 15:55:30,121.476500,31.225500,  0, 90,1
84148,2007-02-20 15:56:31,121.477000,31.223100,  0, 67,1
84148,2007-02-20 15:57:32,121.479800,31.218000, 36, 67,1
84148,2007-02-20 15:58:33,121.476600,31.215800,  0,135,1
84148,2007-02-20 15:59:33,121.477100,31.213500, 34, 90,1
84148,2007-02-20 16:01:36,121.465000,31.207300, 60,135,1
84148,2007-02-20 16:02:37,121.463000,31.207000,  0, 45,1
84148,2007-02-20 16:03:38,121.456100,31.204600, 56,135,1
84148,2007-02-20 16:04:38,121.449000,31.202600,  0,112,1
84148,2007-02-20 16:05:40,121.449000,31.202500, 18,112,1
84148,2007-02-20 16:06:41,121.442600,31.200100, 78,112,1
84148,2007-02-20 16:08:43,121.436100,31.196600, 10,112,1
84148,2007-02-20 16:09:43,121.434300,31.195600,  0,135,1
84148,2007-02-20 16:10:45,121.434300,31.195600,  0,135,1
84148,2007-02-20 16:11:46,121.433100,31.193300, 40, 90,1
84148,2007-02-20 16:12:47,121.432600,31.190800, 18, 90,1
84148,2007-02-20 16:13:48,121.431300,31.183500, 60, 90,1
84148,2007-02-20 16:14:48,121.431100,31.181300,  0, 90,1
84148,2007-02-20 16:15:49,121.431100,31.181300,  0, 90,1
84148,2007-02-20 16:16:50,121.430500,31.180000,  0, 90,1
84148,2007-02-20 16:18:01,121.430500,31.180000,  0, 90,0
84148,2007-02-20 16:19:02,121.430500,31.180000,  0, 90,0
84148,2007-02-20 16:20:03,121.431300,31.181600,  0,  0,0
84148,2007-02-20 16:21:05,121.431300,31.181600,  0,  0,0
84148,2007-02-20 16:22:06,121.432100,31.187100, 18,  0,0
84148,2007-02-20 16:24:08,121.440600,31.192600,  4, 45,0
84148,2007-02-20 16:24:36,121.441000,31.192800, 22, 45,0
84148,2007-02-20 16:25:37,121.443800,31.194000, 48, 22,0
84148,2007-02-20 16:26:09,121.445100,31.194800, 34, 22,1
84148,2007-02-20 16:27:10,121.447100,31.196100,  0, 22,1
84148,2007-02-20 16:30:13,121.458800,31.200500, 54, 45,1
84148,2007-02-20 16:31:13,121.462500,31.202800, 22, 45,1
84148,2007-02-20 16:32:15,121.466100,31.203800,  0, 45,1
84148,2007-02-20 16:33:16,121.467800,31.204100, 68, 45,1
84148,2007-02-20 16:34:16,121.471100,31.205500,  0, 22,1
84148,2007-02-20 16:35:18,121.466500,31.214100, 44,157,1
84148,2007-02-20 16:36:18,121.467300,31.222600, 74,  0,1
84148,2007-02-20 16:37:20,121.466800,31.225500, 44, 45,1
84148,2007-02-20 16:38:21,121.473300,31.227600, 32, 22,1
84148,2007-02-20 16:39:22,121.474100,31.228000, 10, 45,1
84148,2007-02-20 16:41:23,121.479600,31.230800, 20, 22,1
84148,2007-02-20 16:42:25,121.481500,31.231600,  0, 22,1
84148,2007-02-20 16:43:26,121.482100,31.232000, 16, 45,1
84148,2007-02-20 16:44:27,121.482600,31.231100,  0, 67,1
84148,2007-02-20 16:45:28,121.483300,31.231000, 30, 45,1
84148,2007-02-20 16:46:28,121.486000,31.231100, 20, 90,1
84148,2007-02-20 16:46:42,121.485800,31.230500,  0,112,0
84148,2007-02-20 16:47:23,121.485800,31.230500,  0,112,1
84148,2007-02-20 16:48:23,121.485600,31.229800, 24,135,1
84148,2007-02-20 16:49:25,121.482800,31.230300,  0,  0,1
84148,2007-02-20 16:52:28,121.479600,31.233100,  0,135,1
84148,2007-02-20 16:53:28,121.477100,31.232500, 52,112,1
84148,2007-02-20 16:54:30,121.468000,31.227800, 52,112,1
84148,2007-02-20 16:55:31,121.462600,31.229300, 66,  0,1
84148,2007-02-20 16:56:32,121.460800,31.238100, 72,157,1
84148,2007-02-20 16:57:33,121.458100,31.246500, 24, 22,1
84148,2007-02-20 16:58:33,121.452800,31.248000, 28,135,1
84148,2007-02-20 16:59:35,121.451000,31.249100,  4, 90,1
84148,2007-02-20 17:00:15,121.449000,31.249600, 16,157,0
84148,2007-02-20 17:01:16,121.448500,31.249500, 14,112,0
84148,2007-02-20 17:02:17,121.448300,31.249600,  0,112,0
84148,2007-02-20 17:03:17,121.448500,31.248000,  0, 67,0
84148,2007-02-20 17:04:18,121.448500,31.248000,  0, 67,0
84148,2007-02-20 17:05:19,121.448800,31.247800, 22, 67,0
84148,2007-02-20 17:06:20,121.451100,31.246100,  0, 45,0
84148,2007-02-20 17:07:21,121.452600,31.247800,  6, 22,0
84148,2007-02-20 17:08:28,121.458300,31.246500, 38, 45,1
84148,2007-02-20 17:09:29,121.461800,31.246000, 30, 45,1
84148,2007-02-20 17:10:30,121.468600,31.247300, 60, 45,1
84148,2007-02-20 17:11:31,121.472300,31.248000,  0, 22,1
84148,2007-02-20 17:12:33,121.476600,31.249600, 62, 22,1
84148,2007-02-20 17:13:33,121.480000,31.251500,  0,  0,1
84148,2007-02-20 17:15:35,121.483800,31.253600,  0, 22,1
84148,2007-02-20 17:16:36,121.484000,31.253600, 22, 22,1
84148,2007-02-20 17:17:26,121.483800,31.255300,  0, 22,0
84148,2007-02-20 17:18:08,121.483800,31.255300, 18, 22,1
84148,2007-02-20 17:20:09,121.484300,31.252600, 46, 90,1
84148,2007-02-20 17:21:10,121.485300,31.244000, 64, 67,1
84148,2007-02-20 17:22:11,121.481100,31.242500,  4,157,1
84148,2007-02-20 17:23:12,121.479300,31.242300,  0,135,1
84148,2007-02-20 17:24:13,121.479600,31.240500, 24, 90,1
84148,2007-02-20 17:25:14,121.473800,31.238500,  8,112,1
84148,2007-02-20 17:25:31,121.473800,31.238300,  0, 90,0
84148,2007-02-20 17:26:31,121.473600,31.237800,  4, 45,0
84148,2007-02-20 17:27:32,121.474500,31.237800,  6, 22,0
84148,2007-02-20 17:27:40,121.475000,31.238000,  6, 22,1
84148,2007-02-20 17:28:40,121.476000,31.235800, 38, 67,1
84148,2007-02-20 17:29:41,121.479300,31.234300, 34, 45,1
84148,2007-02-20 17:30:42,121.481800,31.233500,  0, 67,1
84148,2007-02-20 17:31:43,121.481800,31.233300, 20, 90,1
84148,2007-02-20 17:32:44,121.482600,31.231100, 20, 90,1
84148,2007-02-20 17:33:45,121.485300,31.231300, 34, 45,1
84148,2007-02-20 17:34:13,121.487600,31.231300,  8, 45,0
84148,2007-02-20 17:35:14,121.490800,31.230300,  0, 67,0
84148,2007-02-20 17:35:37,121.490600,31.230600, 28,157,1
84148,2007-02-20 17:36:37,121.490100,31.231500,  0, 22,1
84148,2007-02-20 17:38:39,121.485600,31.241800, 30,  0,1
84148,2007-02-20 17:39:59,121.485000,31.250800, 32,157,0
84148,2007-02-20 17:40:59,121.484600,31.251600,  0, 22,0
84148,2007-02-20 17:43:01,121.485600,31.250300,  0,112,0
84148,2007-02-20 17:44:02,121.485600,31.243300, 50, 90,0
84148,2007-02-20 17:45:03,121.481300,31.242500, 34,135,0
84148,2007-02-20 17:46:04,121.481100,31.242500,  0,135,0
84148,2007-02-20 17:48:06,121.478300,31.240000, 42,135,0
84148,2007-02-20 17:49:07,121.473500,31.237500, 16, 90,0
84148,2007-02-20 17:50:08,121.474300,31.237000,  0, 90,0
84148,2007-02-20 17:51:09,121.474600,31.237800,  2,  0,0
84148,2007-02-20 17:52:34,121.474600,31.236500,  0,112,1
84148,2007-02-20 17:53:35,121.470500,31.235600,  0,112,1
84148,2007-02-20 17:54:36,121.470500,31.235600, 10,135,1
84148,2007-02-20 17:55:37,121.467100,31.235100,  0,135,1
84148,2007-02-20 17:57:57,121.466000,31.233300, 14,112,1
84148,2007-02-20 17:58:58,121.461800,31.232600, 32,135,1
84148,2007-02-20 17:59:59,121.459300,31.232800,  0,135,1
84148,2007-02-20 18:01:00,121.459000,31.232600, 10,135,1
84148,2007-02-20 18:02:01,121.458500,31.232600,  0, 67,1
84148,2007-02-20 18:03:02,121.458300,31.232800,  0, 67,1
84148,2007-02-20 18:04:03,121.456000,31.232000, 32,112,1
84148,2007-02-20 18:04:48,121.452600,31.230500,  6,135,0
84148,2007-02-20 18:05:48,121.451100,31.230600, 14,157,0
84148,2007-02-20 18:06:49,121.450500,31.231300, 20,157,0
84148,2007-02-20 18:07:50,121.455800,31.234300, 18, 22,0
84148,2007-02-20 18:08:51,121.458600,31.235500, 14, 45,0
84148,2007-02-20 18:09:52,121.460800,31.236100,  0, 45,0
84148,2007-02-20 18:10:53,121.464600,31.237600, 38, 22,0
84148,2007-02-20 18:11:54,121.467800,31.239000, 48, 22,0
84148,2007-02-20 18:12:55,121.473300,31.239500, 16, 45,0
84148,2007-02-20 18:13:56,121.473800,31.237300, 28, 90,0
84148,2007-02-20 18:14:57,121.474100,31.237000,  0, 90,0
84148,2007-02-20 18:15:58,121.474500,31.237000, 12, 67,0
84148,2007-02-20 18:16:01,121.474500,31.236800, 16, 67,1
84148,2007-02-20 18:17:01,121.474800,31.236600,  0, 90,1
84148,2007-02-20 18:18:02,121.477000,31.233500, 36, 90,1
84148,2007-02-20 18:19:03,121.476800,31.232300, 10, 67,1
84148,2007-02-20 18:20:04,121.477600,31.230800, 10, 67,1
84148,2007-02-20 18:22:06,121.477600,31.230800,  0, 67,1
84148,2007-02-20 18:23:07,121.477600,31.230800,  0, 67,1
84148,2007-02-20 18:24:08,121.477600,31.230800,  0, 67,1
84148,2007-02-20 18:25:09,121.477600,31.230800,  0, 67,1
84148,2007-02-20 18:26:10,121.477600,31.230800,  0, 67,1
84148,2007-02-20 18:26:19,121.477600,31.230800,  0, 67,0
84148,2007-02-20 18:27:20,121.477600,31.230800,  0, 67,0
84148,2007-02-20 18:28:21,121.477600,31.230800,  0, 67,0
84148,2007-02-20 18:29:22,121.477600,31.230800,  0, 67,0
84148,2007-02-20 18:30:23,121.477600,31.230800,  0, 67,0
84148,2007-02-20 18:31:24,121.477600,31.230800,  0, 67,0
84148,2007-02-20 18:32:25,121.477600,31.230800,  0, 67,0
84148,2007-02-20 18:33:26,121.477600,31.230800,  0, 67,0
84148,2007-02-20 18:34:27,121.477600,31.230800,  0, 67,0
84148,2007-02-20 18:35:28,121.477600,31.230800,  0, 67,0
84148,2007-02-20 18:36:29,121.477600,31.230800,  0, 67,0
84148,2007-02-20 18:37:30,121.477600,31.230800,  0, 67,0
84148,2007-02-20 18:38:29,121.477600,31.230800,  0, 67,0
84148,2007-02-20 18:39:29,121.468600,31.240500,  0, 67,0
84148,2007-02-20 18:40:30,121.468600,31.240500,  0, 67,0
84148,2007-02-20 18:41:31,121.468600,31.240500,  0, 67,0
84148,2007-02-20 18:42:32,121.468600,31.240500,  0, 67,0
84148,2007-02-20 18:43:33,121.468600,31.240500,  0, 67,0
84148,2007-02-20 18:44:34,121.468600,31.240500,  0, 67,0
84148,2007-02-20 18:45:35,121.468600,31.240500,  0, 67,0
84148,2007-02-20 18:46:36,121.468600,31.240500,  0, 67,0
84148,2007-02-20 18:47:37,121.444300,31.261100, 58,157,0
84148,2007-02-20 18:48:38,121.442600,31.263100, 16,157,0
84148,2007-02-20 18:49:39,121.443800,31.263800,  0,157,0
84148,2007-02-20 18:50:40,121.444100,31.263600,  0, 45,0
84148,2007-02-20 18:51:41,121.444100,31.263600,  0, 45,0
84148,2007-02-20 18:52:42,121.444100,31.263600,  0, 45,0
84148,2007-02-20 18:54:44,121.444100,31.263600,  0, 45,0
84148,2007-02-20 18:55:45,121.443800,31.263800,  0, 45,0
84148,2007-02-20 18:56:46,121.443600,31.264000,  0, 45,0
84148,2007-02-20 18:57:47,121.443800,31.264800,  0, 45,0
84148,2007-02-20 18:58:48,121.443800,31.264800,  0, 45,0
84148,2007-02-20 18:59:49,121.444000,31.264500,  0, 45,0
84148,2007-02-20 19:00:50,121.444000,31.264500,  0, 45,0
84148,2007-02-20 19:01:51,121.444000,31.264500,  0, 45,0
84148,2007-02-20 19:02:52,121.444000,31.264500,  0, 45,0
84148,2007-02-20 19:03:53,121.444000,31.264500,  0, 45,0
84148,2007-02-20 19:04:54,121.444000,31.264500,  0, 45,0
84148,2007-02-20 19:05:55,121.444000,31.264500,  0, 45,0
84148,2007-02-20 19:06:56,121.444000,31.264500,  0, 45,0
84148,2007-02-20 19:07:57,121.444000,31.264300,  0, 45,0
84148,2007-02-20 19:08:58,121.444300,31.264000,  0, 45,0
84148,2007-02-20 19:09:59,121.443600,31.264000,  0, 45,0
84148,2007-02-20 19:11:00,121.443600,31.264000,  0, 45,0
84148,2007-02-20 19:12:01,121.443600,31.264000,  0, 45,0
84148,2007-02-20 19:13:02,121.443600,31.264000,  0, 45,0
84148,2007-02-20 19:14:03,121.443600,31.264000,  0, 45,0
84148,2007-02-20 19:15:04,121.443600,31.264000,  0, 45,0
84148,2007-02-20 19:16:05,121.443600,31.264000,  0, 45,0
84148,2007-02-20 19:17:06,121.443600,31.264000,  0, 45,0
84148,2007-02-20 19:18:07,121.443600,31.264000,  0, 45,0
84148,2007-02-20 19:19:08,121.443600,31.264000,  0, 45,0
84148,2007-02-20 19:20:09,121.443600,31.264000,  0, 45,0
84148,2007-02-20 19:21:10,121.443600,31.264000,  0, 45,0
84148,2007-02-20 19:22:11,121.443600,31.264000,  0, 45,0
84148,2007-02-20 19:23:12,121.443600,31.264000,  0, 45,0
84148,2007-02-20 19:24:13,121.443600,31.264000,  0, 45,0
84148,2007-02-20 19:25:14,121.443600,31.264000,  0, 45,0
84148,2007-02-20 19:26:15,121.443600,31.264000,  0, 45,0
84148,2007-02-20 19:29:18,121.443500,31.264000,  0, 45,0
84148,2007-02-20 19:30:19,121.443300,31.264100,  0, 45,0
84148,2007-02-20 19:31:20,121.443300,31.264100,  0, 45,0
84148,2007-02-20 19:32:21,121.443300,31.264000,  0, 45,0
84148,2007-02-20 19:33:22,121.443300,31.264000,  0, 45,0
84148,2007-02-20 19:35:24,121.443300,31.264000,  0, 45,0
84148,2007-02-20 19:37:26,121.443300,31.263800,  0, 45,0
84148,2007-02-20 19:38:27,121.443300,31.263800,  0, 45,0
84148,2007-02-20 19:40:29,121.443100,31.264000,  0, 45,0
84148,2007-02-20 19:41:30,121.443100,31.264000,  0, 45,0
84148,2007-02-20 19:42:31,121.443300,31.263800,  0, 45,0
84148,2007-02-20 19:43:32,121.443300,31.263800,  0, 45,0
84148,2007-02-20 19:45:34,121.443300,31.263600,  0, 45,0
84148,2007-02-20 19:46:35,121.443300,31.263800,  0, 45,0
84148,2007-02-20 19:47:36,121.443300,31.263800,  0, 45,0
84148,2007-02-20 19:48:37,121.443300,31.263800,  0, 45,0
84148,2007-02-20 19:49:38,121.443300,31.263600,  0, 45,0
84148,2007-02-20 19:50:39,121.443300,31.263600,  0, 45,0
84148,2007-02-20 19:51:40,121.443600,31.263600,  0, 45,0
84148,2007-02-20 19:52:41,121.443600,31.263600,  0, 45,0
84148,2007-02-20 19:53:42,121.443600,31.263600,  0, 45,0
84148,2007-02-20 19:54:43,121.443600,31.263600,  0, 45,0
84148,2007-02-20 19:55:44,121.443600,31.263600,  0, 45,0
84148,2007-02-20 19:56:45,121.443600,31.263600,  0, 45,0
84148,2007-02-20 19:57:46,121.443600,31.263600,  0, 45,0
84148,2007-02-20 19:58:47,121.443600,31.263600,  0, 45,0
84148,2007-02-20 19:59:48,121.443600,31.263600,  0, 45,0
84148,2007-02-20 20:00:49,121.443600,31.263600,  0, 45,0
84148,2007-02-20 20:01:50,121.443600,31.263600,  0, 45,0
84148,2007-02-20 20:02:51,121.443600,31.263600,  0, 45,0
84148,2007-02-20 20:03:52,121.443600,31.263600,  0, 45,0
84148,2007-02-20 20:04:53,121.443600,31.263600,  0, 45,0
84148,2007-02-20 20:05:54,121.443600,31.263600,  0, 45,0
84148,2007-02-20 20:06:55,121.443600,31.263600,  0, 45,0
84148,2007-02-20 20:07:56,121.443600,31.263600,  0, 45,0
84148,2007-02-20 20:08:56,121.443600,31.263600,  0, 45,0
84148,2007-02-20 20:09:58,121.443600,31.263600,  0, 45,0
84148,2007-02-20 20:10:59,121.444000,31.263600,  0, 45,0
84148,2007-02-20 20:12:00,121.444000,31.263600,  0, 45,0
84148,2007-02-20 20:13:01,121.444000,31.263800,  0, 45,0
84148,2007-02-20 20:15:03,121.444000,31.263800,  0, 45,0
84148,2007-02-20 20:16:04,121.444000,31.263800,  0, 45,0
84148,2007-02-20 20:17:05,121.444000,31.263800,  0, 45,0
84148,2007-02-20 20:18:06,121.444000,31.263800,  0, 45,0
84148,2007-02-20 20:19:07,121.444000,31.263800,  0, 45,0
84148,2007-02-20 20:20:08,121.444000,31.263800,  0, 45,0
84148,2007-02-20 20:21:09,121.444000,31.263800,  0, 45,0
84148,2007-02-20 20:22:10,121.444000,31.263800,  0, 45,0
84148,2007-02-20 20:24:12,121.444000,31.263800,  0, 45,0
84148,2007-02-20 20:26:14,121.444000,31.263800,  0, 45,0
84148,2007-02-20 20:27:15,121.444000,31.263800,  0, 45,0
84148,2007-02-20 20:28:16,121.444000,31.263800,  0, 45,0
84148,2007-02-20 20:29:17,121.444000,31.263800,  0, 45,0
84148,2007-02-20 20:30:18,121.444000,31.263800,  0, 45,0
84148,2007-02-20 20:31:19,121.444000,31.263800,  0, 45,0
84148,2007-02-20 20:32:20,121.444000,31.263800,  0, 45,0
84148,2007-02-20 20:33:21,121.444000,31.263800,  0, 45,0
84148,2007-02-20 20:35:22,121.443800,31.263600,  0,112,0
84148,2007-02-20 20:36:23,121.443800,31.263600,  0,112,0
84148,2007-02-20 20:37:24,121.443800,31.263600,  0,112,0
84148,2007-02-20 20:38:24,121.443800,31.263600,  0,112,0
84148,2007-02-20 20:39:25,121.443800,31.263600,  0,112,0
84148,2007-02-20 20:40:26,121.443800,31.263600,  0,112,0
84148,2007-02-20 20:41:28,121.443800,31.263600,  0,112,0
84148,2007-02-20 20:42:28,121.443800,31.263600,  0,112,0
84148,2007-02-20 20:43:29,121.443800,31.263600,  0,112,0
84148,2007-02-20 20:44:30,121.443800,31.263600,  0,112,0
84148,2007-02-20 20:45:31,121.443800,31.263600,  0,112,0
84148,2007-02-20 20:46:33,121.443800,31.263600,  0,112,0
84148,2007-02-20 20:47:33,121.443800,31.263600,  0,112,0
84148,2007-02-20 20:48:34,121.443800,31.263600,  0,112,0
84148,2007-02-20 20:49:35,121.443800,31.263600,  0,112,0
84148,2007-02-20 20:50:36,121.443800,31.263600,  0,112,0
84148,2007-02-20 20:51:38,121.443800,31.263600,  0,112,0
84148,2007-02-20 20:52:38,121.443800,31.263600,  0,112,0
84148,2007-02-20 20:53:39,121.443800,31.263600,  0,112,0
84148,2007-02-20 20:54:40,121.443800,31.263600,  0,112,0
84148,2007-02-20 20:56:42,121.444000,31.263800,  0,112,0
84148,2007-02-20 20:57:44,121.444000,31.263800,  0,112,0
84148,2007-02-20 20:58:45,121.444000,31.263800,  0,112,0
84148,2007-02-20 20:59:46,121.444000,31.263800,  0,112,0
84148,2007-02-20 21:00:47,121.444000,31.263800,  0,112,0
84148,2007-02-20 21:01:47,121.444000,31.263800,  0,112,0
84148,2007-02-20 21:02:49,121.444000,31.263800,  0,112,0
84148,2007-02-20 21:03:50,121.444000,31.263800,  0,112,0
84148,2007-02-20 21:05:52,121.444000,31.263800,  0,112,0
84148,2007-02-20 21:06:52,121.444000,31.263800,  0,112,0
84148,2007-02-20 21:07:54,121.444000,31.263800,  0,112,0
84148,2007-02-20 21:08:55,121.444000,31.263800,  0,112,0
84148,2007-02-20 21:09:56,121.444000,31.263800,  0,112,0
84148,2007-02-20 21:10:57,121.444000,31.263800,  0,112,0
84148,2007-02-20 21:11:57,121.444000,31.263800,  0,112,0
84148,2007-02-20 21:12:59,121.444000,31.263800,  0,112,0
84148,2007-02-20 21:14:00,121.444000,31.263800,  0,112,0
84148,2007-02-20 21:15:01,121.444000,31.263800,  0,112,0
84148,2007-02-20 21:16:02,121.444000,31.263800,  0,112,0
84148,2007-02-20 21:17:02,121.444000,31.263800,  0,112,0
84148,2007-02-20 21:18:04,121.444000,31.263800,  0,112,0
84148,2007-02-20 21:19:05,121.444000,31.263800,  0,112,0
84148,2007-02-20 21:20:06,121.444000,31.263800,  0,112,0
84148,2007-02-20 21:21:07,121.444000,31.263800,  0,112,0
84148,2007-02-20 21:22:07,121.444000,31.263800,  0,112,0
84148,2007-02-20 21:23:09,121.443800,31.263600,  0,112,0
84148,2007-02-20 21:24:10,121.443800,31.263600,  0,112,0
84148,2007-02-20 21:25:11,121.443800,31.263600,  0,112,0
84148,2007-02-20 21:26:12,121.443800,31.263600,  0,112,0
84148,2007-02-20 21:27:12,121.443800,31.263600,  0,112,0
84148,2007-02-20 21:29:14,121.443800,31.263600,  0,112,0
84148,2007-02-20 21:30:15,121.443600,31.264000,  0,112,0
84148,2007-02-20 21:32:17,121.443600,31.264000,  0,112,0
84148,2007-02-20 21:33:18,121.443600,31.264000,  0,112,0
84148,2007-02-20 21:34:19,121.443600,31.264000,  0,112,0
84148,2007-02-20 21:36:21,121.443600,31.264000,  0,112,0
84148,2007-02-20 21:37:22,121.443600,31.264000,  0,112,0
84148,2007-02-20 21:38:23,121.443600,31.264000,  0,112,0
84148,2007-02-20 21:39:24,121.443600,31.264000,  0,112,0
84148,2007-02-20 21:40:26,121.444000,31.263600,  0,112,0
84148,2007-02-20 21:41:27,121.444000,31.263600,  0,112,0
84148,2007-02-20 21:42:27,121.444000,31.263600,  0,112,0
84148,2007-02-20 21:43:29,121.444000,31.263600,  0,112,0
84148,2007-02-20 21:44:30,121.444000,31.263800,  0,112,0
84148,2007-02-20 21:45:31,121.444000,31.263800,  0,112,0
84148,2007-02-20 21:46:32,121.444000,31.263800,  0,112,0
84148,2007-02-20 21:47:32,121.444000,31.263800,  0,112,0
84148,2007-02-20 21:48:34,121.443800,31.263600,  0,112,0
84148,2007-02-20 21:49:35,121.443800,31.263600,  0,112,0
84148,2007-02-20 21:50:36,121.443800,31.263600,  0,112,0
84148,2007-02-20 21:51:37,121.443800,31.263600,  0,112,0
84148,2007-02-20 21:52:37,121.443800,31.263600,  0,112,0
84148,2007-02-20 21:53:39,121.443800,31.263600,  0,112,0
84148,2007-02-20 21:54:39,121.443800,31.263600,  0,112,0
84148,2007-02-20 21:55:40,121.443800,31.263600,  0,112,0
84148,2007-02-20 21:56:41,121.443800,31.263600,  0,112,0
84148,2007-02-20 21:57:42,121.443800,31.263600,  0,112,0
84148,2007-02-20 21:58:43,121.443800,31.263600,  0,112,0
84148,2007-02-20 21:59:44,121.443800,31.263600,  0,112,0
84148,2007-02-20 22:00:45,121.443800,31.263600,  0,112,0
84148,2007-02-20 22:01:46,121.443800,31.263600,  0,112,0
84148,2007-02-20 22:02:47,121.443800,31.263600,  0,112,0
84148,2007-02-20 22:03:48,121.443800,31.263600,  0,112,0
84148,2007-02-20 22:04:49,121.443800,31.263600,  0,112,0
84148,2007-02-20 22:05:50,121.443800,31.263600,  0,112,0
84148,2007-02-20 22:06:51,121.443800,31.263600,  0,112,0
84148,2007-02-20 22:07:52,121.443800,31.263600,  0,112,0
84148,2007-02-20 22:09:55,121.473600,31.277500, 70,  0,0
84148,2007-02-20 22:10:56,121.478800,31.286800, 84, 22,0
84148,2007-02-20 22:12:57,121.503800,31.288000, 88, 45,0
84148,2007-02-20 22:13:59,121.516800,31.287600, 72, 45,0
84148,2007-02-20 22:15:00,121.522500,31.278100, 90, 67,0
84148,2007-02-20 22:16:01,121.531300,31.268000,100, 67,0
84148,2007-02-20 22:17:02,121.539100,31.258800, 82, 67,0
84148,2007-02-20 22:18:02,121.548300,31.251800, 62, 67,0
84148,2007-02-20 22:19:04,121.550600,31.254600, 64,157,0
84148,2007-02-20 22:20:05,121.551100,31.257000,  0, 22,0
84148,2007-02-20 22:21:06,121.556800,31.260800, 36, 22,0
84148,2007-02-20 22:22:07,121.562600,31.265000, 48, 22,0
84148,2007-02-20 22:23:07,121.566100,31.268100,  0, 22,0
84148,2007-02-20 22:24:09,121.566500,31.268500, 34, 22,0
84148,2007-02-20 22:25:10,121.570100,31.271500, 38, 22,0
84148,2007-02-20 22:26:11,121.573500,31.274100, 40, 22,0
84148,2007-02-20 22:27:12,121.577300,31.276300, 18, 22,0
84148,2007-02-20 22:28:12,121.577100,31.276100, 18,112,0
84148,2007-02-20 22:29:14,121.581300,31.271800,  8, 67,0
84148,2007-02-20 22:30:15,121.583100,31.267800, 72, 90,0
84148,2007-02-20 22:31:16,121.579300,31.261300, 64,112,0
84148,2007-02-20 22:32:17,121.577100,31.259000,  0,112,0
84148,2007-02-20 22:33:17,121.572800,31.255500, 26,112,0
84148,2007-02-20 22:34:19,121.567500,31.252000, 52,112,0
84148,2007-02-20 22:36:21,121.554300,31.244300,  0,112,0
84148,2007-02-20 22:37:22,121.551000,31.242500, 82,112,0
84148,2007-02-20 22:38:22,121.540300,31.238300, 68,135,0
84148,2007-02-20 22:39:24,121.530800,31.235500, 36,135,0
84148,2007-02-20 22:40:25,121.527500,31.234300, 56,135,0
84148,2007-02-20 22:41:26,121.524000,31.233100,  0,135,0
84148,2007-02-20 22:42:27,121.518000,31.231100, 38,135,0
84148,2007-02-20 22:43:27,121.518000,31.231100,  0,135,0
84148,2007-02-20 22:45:30,121.515800,31.225800,  0,135,0
84148,2007-02-20 22:46:31,121.511000,31.224300,  0,112,0
84148,2007-02-20 22:47:32,121.512300,31.219600, 22, 45,0
84148,2007-02-20 22:48:32,121.513000,31.220300,  0,135,0
84148,2007-02-20 22:49:34,121.513000,31.220300,  0,135,0
84148,2007-02-20 22:50:35,121.513100,31.220300, 16, 90,0
84148,2007-02-20 22:51:36,121.519100,31.221300, 54, 45,0
84148,2007-02-20 22:52:37,121.519600,31.226100, 46,  0,0
84148,2007-02-20 22:53:37,121.512500,31.224800, 66,135,0
84148,2007-02-20 22:54:39,121.511800,31.220600, 66, 90,0
84148,2007-02-20 22:55:40,121.512800,31.220300, 18, 22,0
84148,2007-02-20 22:57:41,121.513000,31.220500,  0, 90,0
84148,2007-02-20 22:58:42,121.513000,31.220500,  0, 90,0
84148,2007-02-20 22:59:43,121.513000,31.220500,  0, 90,0
84148,2007-02-20 23:00:44,121.513000,31.220500,  0, 90,0
84148,2007-02-20 23:01:45,121.513000,31.220500,  0, 90,0
84148,2007-02-20 23:02:46,121.513000,31.220500,  0, 90,0
84148,2007-02-20 23:03:47,121.513000,31.220500,  0, 90,0
84148,2007-02-20 23:04:48,121.513000,31.220500,  0, 90,0
84148,2007-02-20 23:06:50,121.513000,31.220500,  0, 90,0
84148,2007-02-20 23:07:51,121.513000,31.220500,  0, 90,0
84148,2007-02-20 23:08:52,121.513000,31.220500,  0, 90,0
84148,2007-02-20 23:09:53,121.513000,31.220500,  0, 90,0
84148,2007-02-20 23:10:54,121.513000,31.220500,  0, 90,0
84148,2007-02-20 23:11:55,121.513000,31.220500,  0, 90,0
84148,2007-02-20 23:12:56,121.513000,31.220500,  0, 90,0
84148,2007-02-20 23:13:57,121.513000,31.220500,  0, 90,0
84148,2007-02-20 23:14:58,121.513000,31.220500,  0, 90,0
84148,2007-02-20 23:15:59,121.513000,31.220500,  0, 90,0
84148,2007-02-20 23:17:00,121.513000,31.220500,  0, 90,0
84148,2007-02-20 23:18:01,121.513100,31.220300,  0, 90,0
84148,2007-02-20 23:19:02,121.513100,31.220500,  0, 90,0
84148,2007-02-20 23:20:03,121.513100,31.220500,  0, 90,0
84148,2007-02-20 23:21:04,121.513100,31.220500,  0, 90,0
84148,2007-02-20 23:22:05,121.513100,31.220500,  0, 90,0
84148,2007-02-20 23:23:06,121.513100,31.220500,  0, 90,0
84148,2007-02-20 23:24:07,121.513100,31.220500,  0, 90,0
84148,2007-02-20 23:25:08,121.513100,31.220500,  0, 90,0
84148,2007-02-20 23:26:09,121.513100,31.220500,  0, 90,0
84148,2007-02-20 23:27:10,121.513100,31.220500,  0, 90,0
84148,2007-02-20 23:28:11,121.513100,31.220500,  0, 90,0
84148,2007-02-20 23:29:12,121.513100,31.220500,  0, 90,0
84148,2007-02-20 23:30:13,121.513100,31.220500,  0, 90,0
84148,2007-02-20 23:31:14,121.513100,31.220500,  0, 90,0
84148,2007-02-20 23:32:15,121.513100,31.220500,  0, 90,0
84148,2007-02-20 23:35:18,121.513100,31.220500,  0, 90,0
84148,2007-02-20 23:36:19,121.513100,31.220500,  0, 90,0
84148,2007-02-20 23:37:20,121.513100,31.220500,  0, 90,0
84148,2007-02-20 23:38:21,121.513100,31.220500,  0, 90,0
84148,2007-02-20 23:39:22,121.513100,31.220500,  0, 90,0
84148,2007-02-20 23:40:23,121.513100,31.220500,  0, 90,0
84148,2007-02-20 23:41:24,121.513100,31.220500,  0, 90,0
84148,2007-02-20 23:42:25,121.513100,31.220500,  0, 90,0
84148,2007-02-20 23:43:26,121.513100,31.220500,  0, 90,0
84148,2007-02-20 23:44:27,121.513100,31.220500,  0, 90,0
84148,2007-02-20 23:45:28,121.513100,31.220500,  0, 90,0
84148,2007-02-20 23:46:29,121.513100,31.220500,  0, 90,0
84148,2007-02-20 23:47:30,121.513100,31.220500,  0, 90,0
84148,2007-02-20 23:49:32,121.521100,31.222800,  0, 90,0
84148,2007-02-20 23:50:33,121.521100,31.222800,  0, 90,0
84148,2007-02-20 23:51:34,121.521100,31.222800,  0, 90,0
84148,2007-02-20 23:52:35,121.521100,31.222800,  0, 90,0
84148,2007-02-20 23:54:37,121.521000,31.223000,  0,  0,0
84148,2007-02-20 23:55:38,121.521000,31.223000,  0,  0,0
84148,2007-02-20 23:56:39,121.520000,31.225500, 40,  0,0
84148,2007-02-20 23:57:40,121.514600,31.225300, 48,135,0
84148,2007-02-20 23:58:41,121.513600,31.223600,  0,112,0
84148,2007-02-20 23:59:15,121.513600,31.223600,  4, 67,1
